-1.0, -1.0, -1.0, 1.0, 2.0, 0.0, -1.0, 0.0, 1.0, 0.0, 2.0, 3.0, 2.0, 2.0, 0.0, 0.0, -1.0, 1.0, -1.0, 1.0, 0.0, 1.0, 0.0, 2.0, 2.0, 1.0, 0.0, 0.0, 0.0, 2.0, 2.0, 2.0, -1.0, -1.0, 1.0, 0.0, 0.0, 1.0, 2.0, 0.0, 1.0, 1.0, 2.0, 1.0, 2.0, -1.0, -1.0, 3.0, 3.0, -1.0, 96192.0, 546.0
1.0, -1.0, -1.0, -1.0, 0.0, 0.0, -1.0, 3.0, 1.0, -1.0, 2.0, 0.0, 2.0, 1.0, -1.0, 3.0, 2.0, -1.0, 0.0, -1.0, 1.0, 2.0, 1.0, -1.0, 1.0, 3.0, 2.0, -1.0, 2.0, 2.0, 0.0, -1.0, 0.0, -1.0, -1.0, 0.0, 1.0, 2.0, 1.0, 2.0, 0.0, -1.0, -1.0, 0.0, 3.0, 2.0, 0.0, 1.0, 1.0, 3.0, 96519.0, 506.0
0.0, 3.0, -1.0, -1.0, -1.0, 2.0, 2.0, 2.0, 1.0, -1.0, 2.0, -1.0, 1.0, 0.0, 1.0, 2.0, 0.0, -1.0, 1.0, -1.0, -1.0, 2.0, 0.0, -1.0, -1.0, 1.0, 2.0, 0.0, 1.0, -1.0, 0.0, 3.0, 2.0, 1.0, 0.0, 2.0, 1.0, 1.0, 2.0, 0.0, 0.0, 0.0, 3.0, 2.0, -1.0, 1.0, 0.0, 0.0, -1.0, 3.0, 96381.0, 517.0
0.0, 1.0, 0.0, 3.0, 3.0, 0.0, -1.0, 1.0, 0.0, 1.0, 2.0, 0.0, 2.0, 0.0, -1.0, 2.0, 0.0, 3.0, 2.0, 1.0, 1.0, 3.0, 0.0, -1.0, 0.0, 1.0, 2.0, 3.0, 3.0, 0.0, -1.0, 3.0, 1.0, 1.0, 0.0, 3.0, 1.0, 1.0, 2.0, 1.0, 1.0, 3.0, 2.0, 3.0, -1.0, 2.0, 2.0, 0.0, 1.0, 0.0, 95730.0, 644.0
2.0, 1.0, 0.0, 0.0, 1.0, 0.0, 2.0, 0.0, 1.0, 1.0, -1.0, -1.0, 2.0, 0.0, 0.0, 2.0, 1.0, -1.0, -1.0, 0.0, 2.0, -1.0, 3.0, 0.0, 1.0, 2.0, -1.0, 0.0, 0.0, 1.0, 3.0, 0.0, 2.0, 2.0, -1.0, 1.0, 1.0, 1.0, 2.0, -1.0, -1.0, 2.0, 0.0, 1.0, 0.0, -1.0, 2.0, 0.0, 1.0, 2.0, 95950.0, 553.0
3.0, 0.0, 0.0, 1.0, 0.0, -1.0, 0.0, 2.0, 2.0, 1.0, 0.0, -1.0, 0.0, 2.0, 1.0, 1.0, -1.0, 2.0, -1.0, 3.0, 1.0, 1.0, 0.0, 2.0, 0.0, 2.0, 2.0, 1.0, 1.0, 0.0, 2.0, 3.0, 1.0, 2.0, 1.0, 1.0, 0.0, 3.0, 3.0, 1.0, 0.0, 2.0, 2.0, -1.0, 0.0, 1.0, 2.0, 0.0, 1.0, 2.0, 95740.0, 624.0
0.0, 3.0, -1.0, -1.0, -1.0, 2.0, 2.0, 2.0, 1.0, -1.0, 2.0, -1.0, 1.0, 0.0, 1.0, 2.0, 0.0, -1.0, 1.0, -1.0, -1.0, 2.0, 0.0, -1.0, -1.0, 1.0, 2.0, 0.0, 1.0, -1.0, 0.0, 3.0, 2.0, 1.0, 0.0, 2.0, 1.0, 1.0, 2.0, 0.0, 0.0, 0.0, 3.0, 2.0, -1.0, 1.0, 0.0, 0.0, -1.0, 3.0, 96381.0, 517.0
0.0, 1.0, 0.0, 3.0, 3.0, 0.0, -1.0, 1.0, 0.0, 1.0, 2.0, 0.0, 2.0, 0.0, -1.0, 2.0, 0.0, 3.0, 2.0, 1.0, 1.0, 3.0, 0.0, -1.0, 0.0, 1.0, 2.0, 3.0, 3.0, 0.0, -1.0, 3.0, 1.0, 1.0, 0.0, 3.0, 1.0, 1.0, 2.0, 1.0, 1.0, 3.0, 2.0, 3.0, -1.0, 2.0, 2.0, 0.0, 1.0, 0.0, 95730.0, 644.0
-1.0, -1.0, -1.0, 1.0, 2.0, 0.0, -1.0, 0.0, 1.0, 0.0, 2.0, 3.0, 2.0, 2.0, 0.0, 0.0, -1.0, 1.0, -1.0, 1.0, 0.0, 1.0, 0.0, 2.0, 2.0, 1.0, 0.0, 0.0, 0.0, 2.0, 2.0, 2.0, -1.0, -1.0, 1.0, 0.0, 0.0, 1.0, 2.0, 0.0, 1.0, 1.0, 2.0, 1.0, 2.0, -1.0, -1.0, 3.0, 3.0, -1.0, 96192.0, 546.0
1.0, -1.0, -1.0, -1.0, 0.0, 0.0, -1.0, 3.0, 1.0, -1.0, 2.0, 0.0, 2.0, 1.0, -1.0, 3.0, 2.0, -1.0, 0.0, -1.0, 1.0, 2.0, 1.0, -1.0, 1.0, 3.0, 2.0, -1.0, 2.0, 2.0, 0.0, -1.0, 0.0, -1.0, -1.0, 0.0, 1.0, 2.0, 1.0, 2.0, 0.0, -1.0, -1.0, 0.0, 3.0, 2.0, 0.0, 1.0, 1.0, 3.0, 96519.0, 506.0
0.0, 3.0, -1.0, -1.0, -1.0, 2.0, 2.0, 2.0, 1.0, -1.0, 2.0, -1.0, 1.0, 0.0, 1.0, 2.0, 0.0, -1.0, 1.0, -1.0, -1.0, 2.0, 0.0, -1.0, -1.0, 1.0, 2.0, 0.0, 1.0, -1.0, 0.0, 3.0, 2.0, 1.0, 0.0, 2.0, 1.0, 1.0, 2.0, 0.0, 0.0, 0.0, 3.0, 2.0, -1.0, 1.0, 0.0, 0.0, -1.0, 3.0, 96381.0, 517.0
0.0, 1.0, 0.0, 3.0, 3.0, 0.0, -1.0, 1.0, 0.0, 1.0, 2.0, 0.0, 2.0, 0.0, -1.0, 2.0, 0.0, 3.0, 2.0, 1.0, 1.0, 3.0, 0.0, -1.0, 0.0, 1.0, 2.0, 3.0, 3.0, 0.0, -1.0, 3.0, 1.0, 1.0, 0.0, 3.0, 1.0, 1.0, 2.0, 1.0, 1.0, 3.0, 2.0, 3.0, -1.0, 2.0, 2.0, 0.0, 1.0, 0.0, 95730.0, 644.0
2.0, 1.0, 0.0, 0.0, 1.0, 0.0, 2.0, 0.0, 1.0, 1.0, -1.0, -1.0, 2.0, 0.0, 0.0, 2.0, 1.0, -1.0, -1.0, 0.0, 2.0, -1.0, 3.0, 0.0, 1.0, 2.0, -1.0, 0.0, 0.0, 1.0, 3.0, 0.0, 2.0, 2.0, -1.0, 1.0, 1.0, 1.0, 2.0, -1.0, -1.0, 2.0, 0.0, 1.0, 0.0, -1.0, 2.0, 0.0, 1.0, 2.0, 95950.0, 553.0
3.0, 0.0, 0.0, 1.0, 0.0, -1.0, 0.0, 2.0, 2.0, 1.0, 0.0, -1.0, 0.0, 2.0, 1.0, 1.0, -1.0, 2.0, -1.0, 3.0, 1.0, 1.0, 0.0, 2.0, 0.0, 2.0, 2.0, 1.0, 1.0, 0.0, 2.0, 3.0, 1.0, 2.0, 1.0, 1.0, 0.0, 3.0, 3.0, 1.0, 0.0, 2.0, 2.0, -1.0, 0.0, 1.0, 2.0, 0.0, 1.0, 2.0, 95740.0, 624.0
0.0, 3.0, -1.0, -1.0, -1.0, 2.0, 2.0, 2.0, 1.0, -1.0, 2.0, -1.0, 1.0, 0.0, 1.0, 2.0, 0.0, -1.0, 1.0, -1.0, -1.0, 2.0, 0.0, -1.0, -1.0, 1.0, 2.0, 0.0, 1.0, -1.0, 0.0, 3.0, 2.0, 1.0, 0.0, 2.0, 1.0, 1.0, 2.0, 0.0, 0.0, 0.0, 3.0, 2.0, -1.0, 1.0, 0.0, 0.0, -1.0, 3.0, 96381.0, 517.0
1.0, -1.0, -1.0, -1.0, 0.0, 0.0, -1.0, 3.0, 1.0, -1.0, 2.0, 0.0, 2.0, 1.0, -1.0, 3.0, 2.0, -1.0, 0.0, -1.0, 1.0, 2.0, 1.0, -1.0, 1.0, 3.0, 2.0, -1.0, 3.0, 2.0, 0.0, -1.0, 0.0, -1.0, -1.0, 0.0, 1.0, 2.0, 1.0, 2.0, 0.0, -1.0, -1.0, 0.0, 3.0, 2.0, 0.0, 1.0, 1.0, 3.0, 96541.0, 506.0
2.0, 2.0, 3.0, -1.0, 1.0, 0.0, 2.0, 0.0, 0.0, 2.0, 2.0, 1.0, 0.0, 0.0, 1.0, 0.0, 2.0, 2.0, 3.0, 2.0, 3.0, 0.0, 1.0, 0.0, 1.0, 0.0, 3.0, 3.0, 3.0, 1.0, 3.0, 1.0, 2.0, 3.0, -1.0, 1.0, 3.0, 2.0, 0.0, 0.0, 3.0, 2.0, 2.0, 1.0, 1.0, 0.0, 1.0, 1.0, 0.0, -1.0, 95686.0, 676.0
2.0, -1.0, 3.0, -1.0, 1.0, 0.0, 2.0, 0.0, 0.0, 2.0, 2.0, 1.0, 0.0, 0.0, 1.0, 0.0, 2.0, 2.0, 3.0, 2.0, 3.0, 0.0, 1.0, 0.0, 1.0, 0.0, 3.0, 3.0, 3.0, 1.0, 3.0, 1.0, 2.0, 3.0, -1.0, 1.0, 3.0, 2.0, 1.0, 0.0, 3.0, 2.0, 2.0, 0.0, 1.0, 0.0, 1.0, 1.0, 0.0, -1.0, 95727.0, 665.0
2.0, 2.0, 3.0, -1.0, 1.0, 0.0, 2.0, 0.0, 0.0, 2.0, 2.0, 1.0, 0.0, 0.0, 1.0, 0.0, 2.0, 2.0, 3.0, 2.0, 3.0, 0.0, 1.0, 0.0, 1.0, 0.0, 3.0, 3.0, 3.0, 1.0, 3.0, 1.0, 2.0, 3.0, -1.0, 1.0, 3.0, 2.0, 1.0, 0.0, 3.0, 2.0, 2.0, 0.0, 1.0, 0.0, 1.0, 1.0, 0.0, -1.0, 95687.0, 676.0
1.0, 2.0, -1.0, -1.0, 0.0, 0.0, -1.0, 3.0, 1.0, -1.0, 2.0, 0.0, 2.0, 1.0, -1.0, 3.0, 2.0, -1.0, 0.0, -1.0, 1.0, 2.0, 1.0, -1.0, 1.0, 3.0, 2.0, -1.0, 3.0, 2.0, 0.0, -1.0, 0.0, -1.0, -1.0, 0.0, 1.0, 2.0, 1.0, 2.0, 0.0, -1.0, -1.0, 0.0, 3.0, 2.0, 0.0, 1.0, 1.0, 3.0, 96501.0, 517.0
0.0, -1.0, 3.0, 2.0, -1.0, 1.0, 0.0, -1.0, 1.0, 3.0, -1.0, 1.0, 0.0, 2.0, 1.0, 1.0, -1.0, 0.0, 3.0, 3.0, 0.0, 2.0, -1.0, -1.0, 0.0, 1.0, -1.0, 1.0, 2.0, -1.0, 3.0, -1.0, 2.0, 1.0, 3.0, -1.0, 2.0, 0.0, 0.0, -1.0, 2.0, 0.0, 3.0, 2.0, -1.0, 1.0, 1.0, 2.0, 1.0, 3.0, 96489.0, 521.0
0.0, -1.0, 3.0, 2.0, 0.0, 1.0, 0.0, 0.0, 1.0, 3.0, -1.0, 1.0, 0.0, 2.0, 1.0, 1.0, -1.0, 0.0, 3.0, 3.0, 0.0, 2.0, -1.0, -1.0, 0.0, 1.0, -1.0, 1.0, 2.0, -1.0, 3.0, -1.0, 2.0, 1.0, 3.0, -1.0, 2.0, 0.0, 0.0, -1.0, 2.0, 0.0, 3.0, 2.0, -1.0, 1.0, 1.0, 2.0, 1.0, 3.0, 96252.0, 549.0
0.0, -1.0, 3.0, 2.0, 0.0, 1.0, 0.0, 0.0, 1.0, 3.0, -1.0, 1.0, 0.0, 2.0, 1.0, 1.0, -1.0, 0.0, 3.0, 3.0, 0.0, 2.0, -1.0, -1.0, 0.0, 1.0, -1.0, 1.0, 2.0, -1.0, 3.0, -1.0, 2.0, 1.0, 3.0, -1.0, 2.0, 0.0, 0.0, -1.0, 2.0, 0.0, 3.0, 2.0, -1.0, 1.0, 1.0, 2.0, 1.0, 3.0, 96252.0, 549.0
0.0, -1.0, 3.0, 2.0, 0.0, 1.0, 0.0, 0.0, 1.0, 3.0, -1.0, 1.0, 0.0, 2.0, 1.0, 1.0, -1.0, 0.0, 3.0, 3.0, 0.0, 2.0, -1.0, -1.0, 0.0, 1.0, -1.0, 1.0, 2.0, -1.0, 3.0, -1.0, 2.0, 1.0, 3.0, -1.0, 2.0, 0.0, 0.0, -1.0, 2.0, 0.0, 3.0, 2.0, -1.0, 1.0, 1.0, 2.0, 1.0, 3.0, 96252.0, 549.0
0.0, 3.0, 2.0, 1.0, 0.0, 1.0, 2.0, 3.0, 3.0, 2.0, 3.0, -1.0, 1.0, 2.0, -1.0, 2.0, -1.0, 1.0, 1.0, 0.0, -1.0, 1.0, 1.0, 0.0, 0.0, 3.0, 0.0, 0.0, 3.0, -1.0, 0.0, 1.0, 1.0, 2.0, -1.0, 1.0, 0.0, 0.0, 1.0, 2.0, 0.0, 1.0, 2.0, 2.0, -1.0, 1.0, 2.0, 2.0, 0.0, -1.0, 95779.0, 594.0
3.0, 0.0, 3.0, -1.0, -1.0, 0.0, 0.0, -1.0, 1.0, 3.0, 0.0, 3.0, 0.0, 0.0, 1.0, 0.0, 3.0, 2.0, 1.0, 0.0, -1.0, 3.0, -1.0, 0.0, 1.0, 3.0, -1.0, 0.0, 1.0, 1.0, 3.0, -1.0, 0.0, 3.0, 0.0, 3.0, -1.0, -1.0, 1.0, 1.0, 2.0, -1.0, -1.0, 1.0, -1.0, -1.0, 1.0, 2.0, 0.0, 1.0, 96552.0, 537.0
-1.0, 1.0, -1.0, -1.0, 2.0, 2.0, 2.0, -1.0, -1.0, 1.0, 1.0, 0.0, 2.0, 3.0, 1.0, 3.0, 1.0, 0.0, 1.0, -1.0, 2.0, 2.0, 3.0, -1.0, 3.0, 0.0, 2.0, 2.0, 2.0, 2.0, -1.0, -1.0, 2.0, 1.0, 0.0, 0.0, 1.0, -1.0, 1.0, -1.0, 1.0, 2.0, -1.0, 3.0, -1.0, 1.0, 1.0, 2.0, 0.0, 2.0, 96634.0, 536.0
3.0, 0.0, 3.0, -1.0, -1.0, 0.0, 0.0, -1.0, 1.0, 3.0, 0.0, 3.0, 1.0, 0.0, 1.0, 0.0, 3.0, 2.0, 1.0, 0.0, -1.0, 3.0, -1.0, 0.0, 1.0, 3.0, -1.0, 0.0, 1.0, 1.0, 3.0, -1.0, 0.0, 3.0, 0.0, 3.0, -1.0, -1.0, 1.0, 1.0, 2.0, -1.0, -1.0, 1.0, -1.0, -1.0, 1.0, 2.0, 0.0, 1.0, 96572.0, 537.0
3.0, 0.0, 3.0, -1.0, -1.0, 0.0, 0.0, -1.0, 1.0, 3.0, 0.0, 3.0, 1.0, 0.0, 1.0, 0.0, 3.0, 2.0, 1.0, 0.0, -1.0, 3.0, -1.0, 0.0, 1.0, 3.0, -1.0, 0.0, 1.0, 1.0, 3.0, -1.0, 0.0, 3.0, 0.0, 3.0, -1.0, -1.0, 1.0, 1.0, 2.0, -1.0, -1.0, 1.0, -1.0, -1.0, 1.0, 2.0, 0.0, 1.0, 96572.0, 537.0
3.0, -1.0, 0.0, 0.0, 2.0, 2.0, 1.0, 3.0, 1.0, 1.0, 1.0, 3.0, 0.0, 1.0, 3.0, 1.0, 0.0, -1.0, 0.0, -1.0, 3.0, 2.0, 2.0, 0.0, 2.0, -1.0, 1.0, 1.0, 3.0, 0.0, -1.0, 0.0, -1.0, 3.0, 2.0, 3.0, 0.0, 0.0, 1.0, 1.0, -1.0, 0.0, 1.0, 3.0, 3.0, 0.0, 1.0, 2.0, 0.0, 0.0, 95781.0, 603.0
3.0, -1.0, 0.0, 0.0, 2.0, 2.0, 1.0, 3.0, 1.0, 1.0, 1.0, 3.0, 0.0, 1.0, 3.0, 1.0, 0.0, -1.0, 0.0, -1.0, 3.0, 2.0, 2.0, 0.0, 2.0, -1.0, 1.0, 1.0, 3.0, 0.0, -1.0, 0.0, -1.0, 3.0, 2.0, 3.0, 0.0, 0.0, 1.0, 1.0, -1.0, 0.0, 1.0, 3.0, 3.0, 0.0, 1.0, 2.0, 0.0, 0.0, 95781.0, 603.0
1.0, 3.0, 2.0, -1.0, -1.0, -1.0, 2.0, -1.0, -1.0, -1.0, 0.0, 1.0, 3.0, 1.0, 0.0, 0.0, 3.0, -1.0, -1.0, 0.0, 2.0, 2.0, 0.0, -1.0, -1.0, 1.0, 3.0, 0.0, 1.0, -1.0, 0.0, 2.0, 1.0, 1.0, 0.0, 1.0, 2.0, 1.0, 1.0, 2.0, 2.0, 2.0, 0.0, 2.0, 3.0, 3.0, 0.0, 2.0, -1.0, 1.0, 96567.0, 541.0
1.0, 3.0, 2.0, -1.0, -1.0, -1.0, 2.0, -1.0, -1.0, -1.0, 0.0, 1.0, 3.0, 1.0, 0.0, 0.0, 3.0, -1.0, -1.0, 0.0, 2.0, 2.0, 0.0, -1.0, -1.0, 1.0, 3.0, 0.0, 1.0, -1.0, 0.0, 2.0, 1.0, 1.0, 0.0, 1.0, 2.0, 1.0, 1.0, 2.0, 2.0, 2.0, 0.0, 2.0, 3.0, 3.0, 0.0, 2.0, -1.0, 1.0, 96567.0, 541.0
1.0, 3.0, 2.0, -1.0, -1.0, -1.0, 2.0, -1.0, -1.0, -1.0, 0.0, 1.0, 3.0, 1.0, 0.0, 0.0, 3.0, -1.0, -1.0, 0.0, 2.0, 2.0, 0.0, -1.0, -1.0, 3.0, 3.0, 0.0, 1.0, -1.0, 0.0, 2.0, 1.0, 1.0, 0.0, 1.0, 2.0, 1.0, 1.0, 2.0, 2.0, 2.0, 0.0, 2.0, 3.0, 3.0, 0.0, 2.0, -1.0, 1.0, 96605.0, 541.0
1.0, 3.0, 2.0, -1.0, -1.0, -1.0, 2.0, -1.0, -1.0, -1.0, 0.0, 1.0, 3.0, 1.0, 0.0, 0.0, 3.0, -1.0, -1.0, 0.0, 2.0, 2.0, 0.0, -1.0, -1.0, 3.0, 3.0, 2.0, 1.0, -1.0, 0.0, 2.0, 1.0, 1.0, 0.0, 1.0, 2.0, 1.0, 1.0, 2.0, 2.0, 2.0, 0.0, 2.0, 3.0, 3.0, 0.0, 2.0, -1.0, 1.0, 96647.0, 541.0
0.0, 3.0, 2.0, 1.0, 0.0, 1.0, 2.0, 3.0, 3.0, 2.0, 3.0, -1.0, 1.0, 2.0, -1.0, 2.0, -1.0, 1.0, 1.0, 0.0, -1.0, 1.0, 1.0, 0.0, 0.0, 3.0, 0.0, 2.0, 3.0, -1.0, 0.0, 1.0, 1.0, 2.0, -1.0, 1.0, 0.0, 0.0, 1.0, 2.0, 0.0, 1.0, 2.0, 2.0, -1.0, 1.0, 2.0, 2.0, 0.0, -1.0, 95821.0, 594.0
2.0, 1.0, 0.0, 0.0, 1.0, 0.0, 2.0, 0.0, 3.0, 1.0, -1.0, -1.0, 2.0, 0.0, 0.0, 2.0, 1.0, 3.0, -1.0, 0.0, 2.0, -1.0, 3.0, 0.0, 1.0, 2.0, -1.0, 0.0, 0.0, 1.0, 3.0, 0.0, 2.0, 2.0, -1.0, 1.0, 1.0, 1.0, 2.0, -1.0, -1.0, 2.0, 0.0, 1.0, 0.0, -1.0, 2.0, 0.0, 1.0, 2.0, 95962.0, 572.0
2.0, -1.0, -1.0, -1.0, -1.0, -1.0, 2.0, 2.0, -1.0, 0.0, 2.0, 0.0, 1.0, 3.0, 1.0, 1.0, 0.0, 0.0, 1.0, 1.0, 0.0, 2.0, 2.0, 2.0, 2.0, -1.0, 3.0, 1.0, 0.0, 0.0, -1.0, -1.0, 0.0, 2.0, 2.0, -1.0, -1.0, 0.0, 0.0, 0.0, 1.0, 2.0, 1.0, 2.0, 3.0, 1.0, 2.0, 1.0, 0.0, 1.0, 96173.0, 557.0
2.0, -1.0, -1.0, -1.0, -1.0, -1.0, 2.0, 2.0, -1.0, 0.0, 2.0, 0.0, 1.0, 3.0, 1.0, 1.0, 0.0, 0.0, 1.0, 1.0, 0.0, 2.0, 2.0, 2.0, 2.0, -1.0, 3.0, 1.0, 0.0, 0.0, -1.0, -1.0, 0.0, 2.0, 2.0, -1.0, -1.0, 0.0, 0.0, 0.0, 1.0, 2.0, 1.0, 2.0, 3.0, 1.0, 2.0, 1.0, 0.0, 1.0, 96173.0, 557.0
2.0, 1.0, 0.0, 0.0, 1.0, 0.0, 2.0, 0.0, 3.0, 1.0, -1.0, -1.0, 2.0, 0.0, 0.0, 2.0, 1.0, 3.0, -1.0, 0.0, 2.0, -1.0, 3.0, 0.0, 1.0, 2.0, -1.0, 0.0, 0.0, 1.0, 3.0, 0.0, 2.0, 2.0, -1.0, 1.0, 1.0, 1.0, 2.0, -1.0, -1.0, 2.0, 0.0, 1.0, 0.0, -1.0, 2.0, 0.0, 1.0, 2.0, 95962.0, 572.0
2.0, -1.0, -1.0, -1.0, -1.0, -1.0, 2.0, 2.0, -1.0, 0.0, 2.0, 0.0, 1.0, 3.0, 1.0, 1.0, 0.0, 0.0, 1.0, 1.0, 0.0, 2.0, 2.0, 2.0, 2.0, -1.0, 3.0, 1.0, 0.0, 0.0, -1.0, -1.0, 0.0, 2.0, 2.0, -1.0, -1.0, 0.0, 0.0, 0.0, 1.0, 2.0, 1.0, 2.0, 3.0, 1.0, 2.0, 1.0, 0.0, 1.0, 96173.0, 557.0
2.0, -1.0, -1.0, -1.0, -1.0, -1.0, 2.0, 2.0, -1.0, 0.0, 2.0, 0.0, 1.0, 3.0, 1.0, 1.0, 0.0, 0.0, 1.0, 1.0, 0.0, 2.0, 2.0, 2.0, 2.0, -1.0, 3.0, 1.0, 0.0, 0.0, -1.0, -1.0, 0.0, 2.0, 2.0, -1.0, -1.0, 0.0, 0.0, 0.0, 1.0, 2.0, 1.0, 2.0, 3.0, 1.0, 2.0, 1.0, 0.0, 1.0, 96173.0, 557.0
0.0, 1.0, 2.0, 1.0, 2.0, 0.0, 1.0, -1.0, 2.0, 1.0, -1.0, 1.0, 2.0, 3.0, 1.0, 1.0, 2.0, 0.0, 0.0, 1.0, 1.0, 2.0, -1.0, 1.0, 0.0, 0.0, 0.0, 2.0, 2.0, -1.0, -1.0, 0.0, 0.0, 0.0, 3.0, 0.0, 2.0, 2.0, 1.0, -1.0, -1.0, -1.0, 2.0, 2.0, 1.0, 2.0, -1.0, 3.0, 2.0, -1.0, 96102.0, 562.0
2.0, 2.0, 3.0, -1.0, 1.0, 0.0, 2.0, 0.0, 0.0, 2.0, 2.0, 1.0, 0.0, 3.0, 1.0, 0.0, 2.0, 2.0, 3.0, 2.0, 3.0, 0.0, 1.0, 0.0, 1.0, 0.0, 3.0, 3.0, 3.0, 1.0, 3.0, 1.0, 2.0, 3.0, -1.0, 1.0, 3.0, 2.0, 0.0, 0.0, 3.0, 2.0, 2.0, 1.0, 1.0, 0.0, 1.0, 1.0, 0.0, -1.0, 95746.0, 676.0
2.0, 2.0, 3.0, 0.0, 3.0, 0.0, 0.0, 0.0, 3.0, 1.0, -1.0, 3.0, 0.0, 2.0, 2.0, 0.0, 1.0, 2.0, 1.0, 2.0, 3.0, 3.0, 3.0, 1.0, 1.0, 1.0, -1.0, 0.0, 0.0, 0.0, 1.0, 3.0, 0.0, 0.0, 2.0, 1.0, 1.0, 0.0, 1.0, 3.0, -1.0, 1.0, 2.0, -1.0, -1.0, 1.0, -1.0, 0.0, -1.0, 2.0, 95880.0, 602.0
-1.0, -1.0, -1.0, 1.0, 2.0, 0.0, -1.0, 0.0, 1.0, 0.0, 2.0, 3.0, 2.0, 2.0, 0.0, 0.0, -1.0, 1.0, 1.0, 1.0, 0.0, 1.0, 0.0, 2.0, 2.0, 1.0, 0.0, 0.0, 0.0, 2.0, 2.0, 2.0, -1.0, -1.0, 1.0, 0.0, 0.0, 1.0, 2.0, 0.0, 1.0, 1.0, 2.0, 1.0, 2.0, -1.0, -1.0, 3.0, 3.0, -1.0, 96110.0, 562.0
1.0, 3.0, 3.0, 3.0, 3.0, 2.0, -1.0, 1.0, -1.0, 1.0, 2.0, 1.0, 0.0, -1.0, 0.0, 2.0, -1.0, -1.0, -1.0, 0.0, -1.0, 1.0, 1.0, 1.0, 3.0, 2.0, 0.0, 2.0, 1.0, 1.0, -1.0, 2.0, 2.0, 1.0, 1.0, 2.0, 2.0, 0.0, 2.0, 0.0, 0.0, -1.0, 0.0, 1.0, 1.0, -1.0, 2.0, 2.0, 1.0, -1.0, 96417.0, 553.0
0.0, 0.0, 3.0, 1.0, 3.0, -1.0, 0.0, 2.0, 2.0, 1.0, -1.0, -1.0, 2.0, 3.0, 0.0, 1.0, 2.0, -1.0, 2.0, 2.0, 0.0, 3.0, 0.0, 3.0, 2.0, 3.0, 3.0, 0.0, 1.0, 2.0, -1.0, 1.0, 0.0, 1.0, 1.0, 0.0, 1.0, 2.0, 1.0, 1.0, 1.0, 0.0, 1.0, -1.0, -1.0, 2.0, 2.0, 2.0, 0.0, -1.0, 95993.0, 579.0
0.0, 2.0, 0.0, 0.0, 0.0, 0.0, -1.0, 1.0, -1.0, 1.0, 2.0, -1.0, 3.0, 0.0, -1.0, 0.0, 1.0, 3.0, 3.0, -1.0, -1.0, -1.0, 2.0, 1.0, 0.0, 3.0, -1.0, 2.0, 3.0, -1.0, 2.0, 2.0, 3.0, 2.0, -1.0, 3.0, 3.0, 0.0, 2.0, -1.0, 0.0, 0.0, 1.0, 2.0, 3.0, 2.0, 0.0, 1.0, 3.0, 3.0, 96468.0, 554.0
2.0, 2.0, 3.0, 0.0, 3.0, 0.0, 0.0, 0.0, 3.0, 1.0, -1.0, 3.0, 0.0, 2.0, 2.0, 0.0, 1.0, 2.0, 1.0, 2.0, 3.0, 3.0, 3.0, 1.0, 1.0, 1.0, -1.0, 0.0, 0.0, 0.0, 1.0, 3.0, 0.0, 0.0, 2.0, 1.0, 1.0, 0.0, 1.0, 3.0, -1.0, 1.0, 2.0, 2.0, -1.0, 1.0, -1.0, 0.0, -1.0, 2.0, 95791.0, 620.0
2.0, 2.0, 3.0, 0.0, 3.0, 0.0, 0.0, 0.0, 3.0, 1.0, -1.0, 3.0, 0.0, 2.0, 2.0, 0.0, 1.0, 2.0, 1.0, 2.0, 3.0, 3.0, 3.0, 1.0, 1.0, 1.0, -1.0, 0.0, 0.0, 0.0, 1.0, 3.0, 0.0, 0.0, 2.0, 1.0, 1.0, 0.0, 1.0, 3.0, -1.0, 1.0, 2.0, 2.0, -1.0, 1.0, -1.0, 0.0, -1.0, 2.0, 95791.0, 620.0
0.0, 0.0, 3.0, 1.0, 3.0, -1.0, 0.0, 2.0, 2.0, 1.0, -1.0, -1.0, 2.0, 3.0, 1.0, 1.0, 2.0, -1.0, 2.0, 2.0, 0.0, 3.0, 0.0, 3.0, 2.0, 3.0, 3.0, 0.0, 1.0, 2.0, -1.0, 1.0, 0.0, 1.0, 1.0, 0.0, 1.0, 2.0, 1.0, 1.0, 1.0, 0.0, 1.0, -1.0, -1.0, 2.0, 2.0, 2.0, 0.0, -1.0, 96020.0, 579.0
0.0, 0.0, 3.0, 1.0, 3.0, -1.0, 0.0, 2.0, 2.0, 1.0, -1.0, -1.0, 2.0, 3.0, 1.0, 1.0, 2.0, -1.0, 2.0, 2.0, 0.0, 3.0, 0.0, 3.0, 2.0, 3.0, 3.0, 0.0, 1.0, 2.0, -1.0, 1.0, 0.0, 1.0, 1.0, 0.0, 1.0, 2.0, 1.0, 1.0, 1.0, 0.0, 1.0, -1.0, -1.0, 2.0, 2.0, 2.0, 0.0, -1.0, 96020.0, 579.0
0.0, 2.0, 0.0, -1.0, 3.0, 0.0, 2.0, 1.0, -1.0, 1.0, 1.0, 0.0, 3.0, 0.0, 2.0, 1.0, 0.0, 1.0, 0.0, 3.0, 3.0, -1.0, 0.0, 2.0, 2.0, -1.0, 1.0, 1.0, 1.0, 3.0, -1.0, 1.0, 2.0, 2.0, 3.0, 2.0, 2.0, 0.0, 1.0, -1.0, -1.0, 0.0, -1.0, 1.0, -1.0, 1.0, 1.0, 3.0, -1.0, 0.0, 96095.0, 578.0
0.0, 2.0, 0.0, -1.0, 3.0, 0.0, 2.0, 1.0, -1.0, 1.0, 1.0, 0.0, 3.0, 0.0, 2.0, 1.0, 0.0, 1.0, 0.0, 3.0, 3.0, -1.0, 0.0, 2.0, 2.0, -1.0, 1.0, 1.0, 1.0, 3.0, -1.0, 1.0, 2.0, 2.0, 3.0, 2.0, 2.0, 0.0, 1.0, -1.0, -1.0, 0.0, -1.0, 1.0, -1.0, 1.0, 1.0, 3.0, -1.0, 0.0, 96095.0, 578.0
0.0, 2.0, 0.0, -1.0, 3.0, 0.0, 2.0, 1.0, -1.0, 1.0, 1.0, 0.0, 3.0, 0.0, 2.0, 1.0, 0.0, 1.0, 0.0, 3.0, 3.0, -1.0, 0.0, 2.0, 2.0, -1.0, 1.0, 1.0, 1.0, 3.0, -1.0, 1.0, 2.0, 2.0, 3.0, 2.0, 2.0, 0.0, 1.0, -1.0, -1.0, 0.0, -1.0, 1.0, -1.0, 1.0, 1.0, 3.0, -1.0, 0.0, 96095.0, 578.0
0.0, 2.0, 0.0, -1.0, 3.0, 0.0, 2.0, 1.0, -1.0, 1.0, 1.0, 0.0, 3.0, 0.0, 2.0, 1.0, 0.0, 1.0, 0.0, 3.0, 3.0, -1.0, 0.0, 2.0, 2.0, -1.0, 1.0, 1.0, 1.0, 3.0, -1.0, 1.0, 2.0, 2.0, 3.0, 2.0, 2.0, 0.0, 1.0, -1.0, -1.0, 0.0, -1.0, 1.0, -1.0, 1.0, 1.0, 3.0, -1.0, 0.0, 96095.0, 578.0
0.0, 3.0, -1.0, 0.0, 1.0, 3.0, 1.0, 0.0, 1.0, 0.0, 0.0, 2.0, 0.0, 1.0, 2.0, 0.0, 0.0, 2.0, 3.0, 2.0, 0.0, 3.0, 3.0, -1.0, 0.0, 3.0, 3.0, 2.0, 1.0, 2.0, 0.0, 0.0, 1.0, 1.0, 1.0, 1.0, 2.0, 3.0, 2.0, 3.0, 1.0, 0.0, 1.0, 2.0, 1.0, 0.0, 3.0, 2.0, 3.0, -1.0, 95757.0, 670.0
0.0, 3.0, -1.0, 0.0, 1.0, 3.0, 1.0, 0.0, 1.0, 0.0, 0.0, 2.0, 0.0, 1.0, 2.0, 0.0, 0.0, 2.0, 3.0, 2.0, 0.0, 3.0, 3.0, -1.0, 0.0, 3.0, 3.0, 2.0, 1.0, 2.0, 0.0, 0.0, 1.0, 1.0, 1.0, 1.0, 2.0, 3.0, 2.0, 3.0, 1.0, 0.0, 1.0, 2.0, 1.0, 0.0, 3.0, 2.0, 3.0, -1.0, 95757.0, 670.0
-1.0, -1.0, -1.0, 1.0, 2.0, 0.0, -1.0, 0.0, 1.0, 0.0, 2.0, 3.0, 2.0, 2.0, 0.0, 0.0, 3.0, 1.0, 1.0, 1.0, 0.0, 1.0, 0.0, 2.0, 2.0, 1.0, 0.0, 0.0, 0.0, 2.0, 2.0, 2.0, -1.0, -1.0, 1.0, 0.0, 0.0, 1.0, 2.0, 0.0, 1.0, 1.0, 2.0, 1.0, 2.0, -1.0, -1.0, 3.0, 3.0, -1.0, 96066.0, 579.0
