0.185172717704, 1.21114477567, 2.26593004526, 0.832200532382, 88.2665004434, 1.9385650451, 0.0641891515172, 0.851704766104, 17.9317658907, 183.976726399, 0.0
0.145426046481, 0.854032686061, 2.26593004526, 0.939542564738, 94.9967995585, 2.01190533118, 0.654757399128, 1.58171010517, 12.5965248292, 109.229904217, 0.000317794094038
0.1113164718, 0.849026796235, 2.05827667584, 0.939542564738, 83.0160595392, 1.10809211445, 0.654757399128, 4.77741578323, 14.2330442945, 50.4937069112, 0.00525347121367
0.115124031912, 0.827516719095, 2.05827667584, 0.82681118406, 83.0160595392, 1.14644628166, 0.178093518474, 1.16495968535, 14.2330442945, 93.6716987603, 0.00220792859192
0.115124031912, 0.849026796235, 2.05827667584, 0.939542564738, 83.0160595392, 1.14644628166, 0.654757399128, 4.77741578323, 14.2330442945, 85.8495646977, 0.00285486208652
0.104084240365, 1.03907051703, 2.18054281343, 0.651808138169, 96.9905545884, 1.10170042385, 0.109058545991, 3.38883158377, 11.0474060462, 82.3554825883, 0.00386434579193
0.136175750077, 0.849026796235, 2.26593004526, 0.939542564738, 90.9909578534, 1.10809211445, 0.654757399128, 1.58171010517, 12.5965248292, 135.691954759, 0.00169065435992
0.148357064651, 1.11422176463, 2.85346461449, 0.729439162543, 95.9959360926, 1.84682285118, 0.477569862859, 4.77741578323, 13.6928851557, 113.928144459, 0.00214001962241
0.152713111378, 1.231576741, 5.15390427914, 0.912460836658, 84.5842339791, 2.52807791623, 0.962220354523, 4.05169697088, 10.0752013522, 278.988762286, 0.00140154052812
0.136175750077, 0.849026796235, 2.26593004526, 0.939542564738, 95.9959360926, 1.0008228757, 0.654757399128, 1.58171010517, 11.0474060462, 105.244254778, 0.00240940105367
0.143875134492, 1.04945334989, 5.41983328565, 0.937855393423, 87.3775419298, 1.25992172471, 0.822260422044, 4.85191093912, 12.748230879, 255.272943307, 0.00172830866981
0.122511127961, 1.16657432731, 2.85346461449, 0.707952028545, 96.9905545884, 1.72978403049, 0.140876535423, 2.04840931103, 11.2382917427, 232.47567779, 0.00209248894757
0.136175750077, 0.849026796235, 2.26593004526, 0.939542564738, 95.9959360926, 1.10809211445, 0.654757399128, 1.58171010517, 12.5965248292, 52.8968637198, 0.018021427137
0.145426046481, 0.854032686061, 2.18054281343, 0.897392564511, 94.9967995585, 2.01190533118, 0.604372009086, 1.16495968535, 11.0474060462, 64.7782518408, 0.0145519862375
0.146140345165, 0.827516719095, 2.05827667584, 0.82681118406, 98.7657735489, 1.61126411103, 0.898137240606, 0.653521944014, 10.100848411, 71.4647849064, 0.00717379316277
0.120116402707, 0.873414880214, 2.05827667584, 0.911292551039, 82.5299544953, 2.1731144535, 0.126300498311, 3.27762698278, 18.9769014711, 78.1481561106, 0.00550092463291
0.122511127961, 0.839463867762, 2.0191133099, 0.703181978684, 96.9905545884, 1.11280911372, 0.0724206318782, 3.38883158377, 11.191176151, 59.4956880678, 0.0152941483498
0.119655139817, 1.12566867979, 5.88432489267, 0.703270952608, 80.306842038, 2.34382489394, 0.379601869321, 1.62891696185, 10.6150944005, 581.380785921, 0.00203574018686
0.196322619825, 0.830396136027, 2.05827667584, 0.826352321796, 98.3264475383, 3.90017340799, 0.178093518474, 3.00346428909, 14.2330442945, 113.66723765, 0.0023096711211
0.124708253332, 0.870150557846, 2.66030181653, 0.764959548954, 90.5993637941, 1.75693635139, 0.420897394264, 2.61309062135, 14.4076488762, 105.054135087, 0.00344523372062
0.124708253332, 0.870150557846, 2.66030181653, 0.939542564738, 90.5993637941, 1.75693635139, 0.420897394264, 2.61309062135, 14.4076488762, 93.5210180831, 0.00492785248009
0.145426046481, 0.938946224225, 2.08816816584, 0.684573842341, 94.9967995585, 1.10809211445, 0.0718925014246, 1.16495968535, 10.8035557402, 78.1226882915, 0.0124613295812
0.126682917437, 0.870150557846, 2.66030181653, 0.764959548954, 87.3429862583, 1.75693635139, 0.822260422044, 2.61309062135, 10.0752013522, 111.952854368, 0.00250798255593
0.136175750077, 0.849026796235, 2.26593004526, 0.939542564738, 90.9909578534, 1.10809211445, 0.654757399128, 1.90955402951, 12.5965248292, 159.840522979, 0.00221273400411
0.194099259795, 0.904172458981, 2.01744623922, 0.82681118406, 84.5457965695, 9.8494128142, 0.689156171636, 4.11458036604, 14.2330442945, 63.8719102678, 0.0458384851069
0.1113164718, 0.827516719095, 2.05827667584, 0.82681118406, 83.0160595392, 1.14644628166, 0.178093518474, 4.77741578323, 14.2330442945, 70.3295602343, 0.0155257958517
0.190173053062, 0.870150557846, 2.85346461449, 0.91869110362, 90.5993637941, 1.24001537495, 0.962220354523, 2.61309062135, 14.7748854331, 69.3327751791, 0.0168542916445
0.136175750077, 0.849026796235, 2.26593004526, 0.939542564738, 95.9959360926, 1.10809211445, 0.654757399128, 1.58171010517, 11.0474060462, 156.168894187, 0.00233770498926
0.136175750077, 0.849026796235, 2.26593004526, 0.939542564738, 95.9959360926, 1.10809211445, 0.654757399128, 1.58171010517, 12.5965248292, 95.0610304529, 0.00432162909308
0.122511127961, 0.839463867762, 2.18054281343, 0.703181978684, 96.9905545884, 1.11280911372, 0.109058545991, 3.38883158377, 11.191176151, 84.3074598357, 0.00709782283389
0.190173053062, 0.870150557846, 2.85346461449, 0.876251685648, 90.5993637941, 1.24001537495, 0.626173705556, 1.46140620451, 14.7748854331, 82.2804621101, 0.0106680486301
0.159191639511, 0.827516719095, 2.02714947933, 0.82681118406, 88.0705258696, 1.14644628166, 0.178093518474, 4.95728232176, 14.2330442945, 81.5717793219, 0.0120678406772
0.194099259795, 0.830396136027, 2.05827667584, 0.82681118406, 98.3264475383, 3.90017340799, 0.178093518474, 3.00346428909, 14.2330442945, 67.4381424541, 0.0233084887269
0.180057631834, 0.904172458981, 2.04477875335, 0.703181978684, 96.9905545884, 1.11280911372, 0.109058545991, 4.16333906302, 11.191176151, 66.2714408186, 0.03260838671
0.141477234011, 0.903465122613, 2.00345083538, 0.703270952608, 80.306842038, 2.34382489394, 0.379601869321, 0.172513559996, 10.6150944005, 67.2134387508, 0.0349997743699
0.122511127961, 0.829702288984, 2.18054281343, 0.703181978684, 98.7657735489, 1.11280911372, 0.109058545991, 1.2297846451, 11.191176151, 69.7750614097, 0.0224245172033
0.148357064651, 1.22880857942, 2.08816816584, 0.863144531973, 87.3775419298, 2.22036025831, 0.752158585245, 4.77741578323, 13.6928851557, 111.108439633, 0.00354887150626
0.124708253332, 0.865518131872, 2.85346461449, 0.80866806661, 80.2206019149, 1.02197640726, 0.140876535423, 1.53043008357, 14.5177010142, 109.446731822, 0.00379100267706
0.122511127961, 0.839463867762, 2.18054281343, 0.703181978684, 96.9905545884, 1.11280911372, 0.109058545991, 3.38883158377, 11.191176151, 77.7432996788, 0.0160552137027
0.194099259795, 0.945327063396, 2.05827667584, 0.82681118406, 98.7657735489, 2.01190533118, 0.178093518474, 1.63219195214, 14.2330442945, 67.6939041802, 0.0472112047431
0.148357064651, 1.11422176463, 2.85346461449, 0.825239851004, 90.9909578534, 1.52088474411, 0.477569862859, 4.77741578323, 18.8176576464, 179.972455263, 0.00273428759987
0.107993952022, 0.949703331639, 2.85346461449, 0.752573413429, 82.5299544953, 1.84682285118, 0.0365867932484, 2.91028811072, 13.7835375012, 203.466852418, 0.00263953996124
0.141477234011, 0.903465122613, 2.00345083538, 0.703270952608, 80.306842038, 2.34382489394, 0.379601869321, 0.0770830372256, 10.6150944005, 73.4195576599, 0.0177218386263
0.104084240365, 1.03907051703, 2.18054281343, 0.651808138169, 96.9905545884, 1.10170042385, 0.109058545991, 3.38883158377, 11.0474060462, 120.929181631, 0.00312112568653
0.148357064651, 0.822670658088, 2.05827667584, 0.917828177674, 90.0818933927, 1.05643670726, 0.477569862859, 0.98294804373, 13.4754555626, 120.21066374, 0.00328349129163
0.115124031912, 0.827516719095, 2.05827667584, 0.82681118406, 83.0160595392, 1.14644628166, 0.178093518474, 1.16495968535, 14.2330442945, 109.365264423, 0.00387018241282
0.180057631834, 0.904172458981, 2.01744623922, 0.68885961357, 84.5457965695, 8.95685605733, 0.0927948197199, 4.11458036604, 14.4996602205, 69.5647196723, 0.2601265115
0.145426046481, 0.938946224225, 2.08816816584, 0.729439162543, 94.9967995585, 1.78270651037, 0.0718925014246, 1.16495968535, 11.0474060462, 71.2953675408, 0.0261128220216
0.149992018237, 0.828313344277, 2.00345083538, 0.739724878175, 96.9905545884, 1.72978403049, 0.369593787221, 1.18191847709, 14.5177010142, 84.5910571075, 0.0108375810774
0.145426046481, 0.938946224225, 2.36502895991, 0.839704641296, 90.9341024105, 1.78270651037, 0.0718925014246, 1.16495968535, 11.0474060462, 129.080835, 0.00335549690397
0.122511127961, 0.839463867762, 2.05827667584, 0.703181978684, 96.9905545884, 1.11280911372, 0.109058545991, 3.38883158377, 11.191176151, 75.7268560928, 0.0192798858801
0.122511127961, 0.839463867762, 2.18054281343, 0.703181978684, 96.9905545884, 1.11280911372, 0.109058545991, 4.44496061855, 11.191176151, 85.8629480246, 0.00777782218629
0.106031638567, 0.904172458981, 2.00913038362, 0.68885961357, 84.5457965695, 8.95685605733, 0.689156171636, 4.11458036604, 18.4779326145, 70.9353825056, 0.0878888777386
0.136175750077, 0.849026796235, 2.26593004526, 0.836930156332, 95.9959360926, 1.0008228757, 0.654757399128, 1.58171010517, 11.0474060462, 81.6851791728, 0.0157439643261
0.120116402707, 0.873414880214, 2.18054281343, 0.755807784554, 82.1957439315, 2.1731144535, 0.126300498311, 3.27762698278, 18.9769014711, 158.735228902, 0.00341562085058
0.189291079739, 0.849026796235, 2.26593004526, 0.939542564738, 95.9959360926, 1.10809211445, 0.654757399128, 1.58171010517, 12.5965248292, 99.149676924, 0.00569781458103
0.122511127961, 0.922540429522, 2.05827667584, 0.703181978684, 98.7657735489, 1.11280911372, 0.109058545991, 3.38883158377, 11.191176151, 110.422166013, 0.00439854567897
0.138191390268, 0.830396136027, 2.05827667584, 0.82681118406, 93.2997125427, 3.90017340799, 0.178093518474, 3.00346428909, 14.2330442945, 82.6648852042, 0.0152179091338
0.136175750077, 0.849026796235, 2.26593004526, 0.939542564738, 90.9909578534, 1.10809211445, 0.654757399128, 1.58171010517, 12.5965248292, 77.9398233552, 0.0212599309318
0.136175750077, 0.849026796235, 2.26593004526, 0.939542564738, 95.9959360926, 1.10809211445, 0.654757399128, 1.58171010517, 12.5965248292, 145.083064623, 0.00351981735455
0.120458068812, 0.830396136027, 2.18054281343, 0.703181978684, 97.5880790301, 1.11280911372, 0.109058545991, 3.38883158377, 11.191176151, 131.285157752, 0.00363557659149
0.138191390268, 0.830396136027, 2.05827667584, 0.82681118406, 99.8703904778, 1.22612752513, 0.178093518474, 4.00763676389, 13.7686175082, 123.460447065, 0.00379553247749
0.136175750077, 0.849026796235, 2.26593004526, 0.939542564738, 95.9959360926, 1.10809211445, 0.654757399128, 1.58171010517, 12.5965248292, 113.84325018, 0.00414052310619
0.122511127961, 0.839463867762, 2.18054281343, 0.703181978684, 96.9905545884, 1.11280911372, 0.109058545991, 3.38883158377, 11.191176151, 108.06754192, 0.00566702770139
0.194099259795, 1.22792509195, 2.44324123799, 0.848652168119, 80.8009027593, 2.28977630595, 0.767171928822, 0.915885945138, 12.475345626, 75.0000876957, 0.0371872913645
0.145426046481, 0.854032686061, 2.18054281343, 0.875476629497, 94.9967995585, 2.01190533118, 0.604372009086, 1.16495968535, 11.0474060462, 74.994821807, 0.0416320962625
0.148357064651, 0.822670658088, 2.05827667584, 0.917828177674, 90.0818933927, 1.05643670726, 0.654757399128, 0.98294804373, 13.4754555626, 90.8324965415, 0.0110824780421
0.120458068812, 0.839463867762, 2.02536801284, 0.925006354611, 96.9905545884, 2.01190533118, 0.44545930017, 3.38883158377, 14.2330442945, 88.2191124639, 0.0116460506325
0.116083767179, 1.22792509195, 7.88887844032, 0.848652168119, 80.8009027593, 2.28977630595, 0.767171928822, 0.915885945138, 12.475345626, 581.599387493, 0.00349767036063
0.124708253332, 0.941357897434, 3.61121876858, 0.764959548954, 94.1246620591, 3.34124688118, 0.24911354204, 1.11966266853, 10.7246867737, 74.1909346337, 0.0503420890381
0.166411271938, 0.850472871211, 2.38862902162, 0.686247488787, 90.7257797357, 1.86976881665, 0.822260422044, 2.77380257378, 12.748230879, 117.88419749, 0.00419917747784
0.106031638567, 0.974154254007, 2.00913038362, 0.68885961357, 84.5457965695, 9.52322089634, 0.369593787221, 4.11458036604, 18.4779326145, 73.6839409712, 0.156339696862
0.145426046481, 0.938946224225, 2.36502895991, 0.71259894888, 94.9967995585, 1.72978403049, 0.025474233567, 1.16495968535, 11.0474060462, 95.0988470042, 0.00723975444112
0.136175750077, 0.849026796235, 2.26593004526, 0.939542564738, 90.9909578534, 1.10809211445, 0.654757399128, 1.58171010517, 12.5965248292, 106.483686532, 0.00608815824679
0.148357064651, 0.827516719095, 2.05827667584, 0.82681118406, 98.7657735489, 3.34124688118, 0.477569862859, 2.25423059777, 10.100848411, 75.5803043624, 0.0491953495757
0.145426046481, 0.938946224225, 2.08816816584, 0.684573842341, 94.9967995585, 1.10809211445, 0.0718925014246, 3.38883158377, 10.8035557402, 121.202689242, 0.00405164490538
0.145426046481, 0.854032686061, 2.36502895991, 0.897392564511, 94.9967995585, 3.05896283705, 0.0365867932484, 1.16495968535, 11.0474060462, 77.4515302936, 0.0442450018275
0.120458068812, 0.830396136027, 2.05827667584, 0.925006354611, 98.7657735489, 2.01190533118, 0.822260422044, 1.2297846451, 14.2330442945, 106.598755924, 0.00708813106185
0.124674816195, 0.889903453482, 5.86775585261, 0.946233600741, 97.5965335667, 1.39414787785, 1.78742061246, 2.11532832756, 15.4851211466, 483.63521587, 0.00365161394226
0.152713111378, 1.231576741, 5.15390427914, 0.912460836658, 84.5842339791, 2.52807791623, 0.962220354523, 4.05169697088, 10.0752013522, 375.075526336, 0.00375409393349
0.115124031912, 0.827516719095, 2.05827667584, 0.82681118406, 82.9570892241, 1.14644628166, 0.178093518474, 4.77741578323, 14.2330442945, 79.5249481385, 0.0232241684614
0.197346177419, 0.830396136027, 2.05827667584, 0.82681118406, 98.7657735489, 3.90017340799, 0.0718925014246, 3.00346428909, 14.2330442945, 77.0830119267, 0.0558099243653
0.194099259795, 0.904172458981, 2.01494261505, 0.82681118406, 84.5457965695, 9.8494128142, 0.689156171636, 4.11458036604, 14.2330442945, 77.0002866375, 0.145559530607
0.148357064651, 0.968464508926, 2.05827667584, 0.82681118406, 98.7657735489, 1.25992172471, 0.477569862859, 2.25423059777, 18.4779326145, 102.487134793, 0.00743331516243
0.180057631834, 0.904172458981, 2.01744623922, 0.68885961357, 80.9729485798, 8.95685605733, 0.0927948197199, 4.11458036604, 14.4996602205, 77.4781666191, 0.156129296876
0.138191390268, 0.830396136027, 2.05827667584, 0.82681118406, 99.8703904778, 1.22612752513, 0.178093518474, 4.22049496948, 13.7686175082, 98.9447297188, 0.00998762181936
0.148357064651, 0.827516719095, 2.05827667584, 0.82681118406, 90.0818933927, 3.34124688118, 0.477569862859, 4.98850581102, 13.4754555626, 78.1776088896, 0.0245054207333
0.148357064651, 1.12151847772, 2.08816816584, 0.729439162543, 86.9117442563, 2.22036025831, 0.477569862859, 4.77741578323, 13.6928851557, 88.5094011223, 0.0136326333892
0.122511127961, 0.949703331639, 2.00345083538, 0.707952028545, 96.9905545884, 1.84682285118, 0.369593787221, 1.36923511961, 11.2382917427, 90.308063819, 0.0130297796024
0.138191390268, 0.830396136027, 2.05827667584, 0.82681118406, 99.8703904778, 1.86976881665, 0.822260422044, 4.00763676389, 12.8982951729, 92.6026310311, 0.0127119370028
0.124708253332, 0.888566531356, 2.85346461449, 0.80866806661, 87.1649012394, 1.12380903216, 0.140876535423, 2.04840931103, 14.2023494259, 98.7850794778, 0.0107641455987
0.122511127961, 0.839463867762, 2.18054281343, 0.703181978684, 96.9905545884, 1.11280911372, 0.109058545991, 3.38883158377, 15.8635729351, 109.819626019, 0.00575049658617
0.148357064651, 1.22880857942, 2.08816816584, 0.863144531973, 82.8102001539, 2.22036025831, 0.752158585245, 4.88764603748, 13.6928851557, 131.539819369, 0.0043118835858
0.124708253332, 0.865518131872, 2.85346461449, 0.80866806661, 80.2206019149, 1.02197640726, 0.140876535423, 1.53043008357, 14.5177010142, 176.230343664, 0.00402969728786
0.122511127961, 1.16657432731, 2.00345083538, 0.707952028545, 96.9905545884, 1.72978403049, 0.369593787221, 1.36923511961, 11.2382917427, 99.1945219435, 0.0101658285383
0.138191390268, 0.938946224225, 2.05827667584, 0.82681118406, 96.388244169, 1.72978403049, 0.025474233567, 3.00346428909, 11.0474060462, 104.614689674, 0.00906634839831
0.149307830574, 0.870150557846, 2.66030181653, 0.764959548954, 90.5993637941, 1.75693635139, 0.420897394264, 2.61309062135, 10.0752013522, 104.089944864, 0.00955766665127
0.122511127961, 1.16657432731, 2.00135675238, 0.707952028545, 96.9905545884, 1.72978403049, 0.369593787221, 1.36923511961, 14.5177010142, 91.491980654, 0.014267979839
0.194099259795, 0.830396136027, 2.05827667584, 0.82681118406, 98.7822374422, 2.01190533118, 0.178093518474, 1.2297846451, 14.5177010142, 78.9037768354, 0.0400330249008
0.122511127961, 1.16657432731, 2.44693401009, 0.738842528436, 96.9905545884, 1.72978403049, 0.371732744208, 1.53043008357, 14.5177010142, 188.472580968, 0.00412252316912
