0.180770427368, 1.18206493013, 5.89212868879, 0.83060336609, 88.677154024, 6.92346003959, 0.35745292753, 1.844238544, 12.2529358142, 0.0, 0.0
0.190738042647, 1.1767931716, 5.59839595092, 0.884987622487, 84.5381503109, 6.266049482, 0.189223582962, 2.78747144792, 10.1940778659, 0.0, 0.0
0.165712928157, 0.995942991205, 3.71987900891, 0.9495915742, 82.3420210391, 5.65190798833, 0.677118968778, 1.4887632466, 13.9597094703, 0.0, 0.0
0.114931362922, 1.11111822276, 6.82192608838, 0.830532677835, 98.6162102607, 1.02832076229, 0.213106429961, 3.19865906133, 19.9621323372, 0.00258412872434, 0.0
0.165712928157, 0.995942991205, 3.71987900891, 0.9495915742, 82.3420210391, 5.65190798833, 0.677118968778, 1.4887632466, 13.9597094703, 0.00303495225693, 0.0
0.114931362922, 1.15294570747, 6.82192608838, 0.803880104644, 95.4262867332, 1.02832076229, 1.93370610775, 3.43075500423, 19.5143539609, 0.00317985018512, 0.0
0.152373238838, 0.893091785302, 7.23145252945, 0.624782636665, 94.3889484712, 2.71141778355, 0.965094958572, 1.13184071694, 15.2791680948, 0.0032058565537, 0.142857142857
0.100331661951, 1.10574529255, 2.53030818742, 0.830014034046, 99.0732079373, 1.38406944034, 0.420036063251, 1.69733139319, 19.7536014712, 0.00361141611203, 0.0
0.101952114421, 0.985698758251, 2.13592410827, 0.722660502841, 84.3067991837, 1.38406944034, 0.213106429961, 1.49123887473, 19.9621323372, 0.00425539667862, 0.0
0.141922542982, 1.24477107156, 2.43353796112, 0.942075973257, 95.3098127768, 1.10064388628, 0.0722901966953, 0.0643174063247, 14.2956390708, 0.00411303644094, 0.111111111111
0.103042733315, 1.15989701804, 4.87359469871, 0.927737638391, 93.6583748918, 1.54475475177, 1.13964800291, 4.2211353934, 17.66121259, 0.0044265369829, 0.0
0.138155242984, 1.24717112529, 6.02024350284, 0.799813315515, 83.0306002034, 1.2320161934, 0.177204723495, 1.78973270053, 14.3684180835, 0.00439022137534, 0.142857142857
0.105780497258, 1.11111822276, 2.2267825797, 0.85807321538, 98.6162102607, 1.09291634958, 1.71970050229, 3.19865906133, 18.5210799229, 0.00454383156781, 0.0
0.101952114421, 0.893091785302, 7.53127311699, 0.704742938399, 91.3828688294, 1.20547496128, 1.7515854819, 2.0863746747, 10.979533191, 0.00464138125966, 0.0
0.109021318466, 1.17831574353, 5.24580880978, 0.892401414128, 90.35008859, 1.12390595175, 1.98239434004, 3.48053291921, 19.5425648752, 0.00479584161945, 0.0
0.100398596306, 0.893091785302, 7.53127311699, 0.704742938399, 93.4034709646, 1.20547496128, 1.7515854819, 2.0863746747, 16.4625801674, 0.00487615944137, 0.0
0.101952114421, 1.16447634322, 2.53030818742, 0.704742938399, 91.3828688294, 1.61612996216, 1.428812887, 0.435945932609, 18.9400853209, 0.00491456682144, 0.0
0.101952114421, 1.16447634322, 2.53030818742, 0.922435954606, 91.3828688294, 1.61612996216, 1.428812887, 0.435945932609, 18.9400853209, 0.00503318459832, 0.0
0.100331661951, 1.17810439656, 2.53030818742, 0.830014034046, 99.0732079373, 1.38406944034, 0.420036063251, 1.69733139319, 19.7536014712, 0.00507161308367, 0.0
0.110565443594, 1.10574529255, 4.30194683924, 0.85807321538, 86.2122607473, 1.12390595175, 1.98239434004, 3.48053291921, 19.5425648752, 0.00522106873171, 0.0
0.101952114421, 0.985698758251, 2.05668944755, 0.722660502841, 90.5706885596, 1.77609229654, 0.213106429961, 2.06149024455, 19.9621323372, 0.00526706723643, 0.0
0.101952114421, 0.840883081792, 2.13592410827, 0.722660502841, 97.0333004902, 1.0173369685, 0.213106429961, 1.49123887473, 19.9621323372, 0.00510303731193, 0.266666666667
0.124263811126, 0.912485741983, 2.53030818742, 0.830014034046, 95.3098127768, 1.10064388628, 1.428812887, 1.70057494604, 14.2956390708, 0.00535291594368, 0.0
0.141922542982, 1.24477107156, 2.43353796112, 0.941075715114, 86.7456653756, 3.06741365818, 0.0722901966953, 0.0643174063247, 14.8104990949, 0.0056117946023, 0.0
0.101952114421, 0.985698758251, 2.05668944755, 0.722660502841, 90.5706885596, 1.77609229654, 0.213106429961, 1.49123887473, 19.9621323372, 0.00576541629443, 0.0
0.114931362922, 1.11111822276, 6.82192608838, 0.830532677835, 98.6162102607, 1.02832076229, 1.71970050229, 3.19865906133, 19.5143539609, 0.00576776541259, 0.0
0.114931362922, 0.985698758251, 2.13592410827, 0.722660502841, 95.4262867332, 1.38406944034, 0.213106429961, 3.19865906133, 19.5143539609, 0.0056211417426, 0.333333333333
0.13262588216, 1.02064365187, 2.09232960082, 0.922534764084, 99.0732079373, 1.61612996216, 1.428812887, 1.70057494604, 18.9400853209, 0.00586197618234, 0.0
0.101952114421, 0.838994666981, 2.00304000971, 0.722660502841, 90.5706885596, 1.0173369685, 0.213106429961, 1.49123887473, 19.9621323372, 0.00595693981037, 0.0
0.114931362922, 1.11111822276, 6.82192608838, 0.727052162082, 95.3098127768, 1.02832076229, 1.93370610775, 3.19865906133, 19.5143539609, 0.00598289665368, 0.0
0.101952114421, 0.985698758251, 2.13592410827, 0.722660502841, 95.4262867332, 1.38406944034, 0.213106429961, 1.49123887473, 19.9621323372, 0.005841763203, 0.5
0.103042733315, 1.23396882321, 4.87359469871, 0.927737638391, 93.6583748918, 1.54475475177, 1.13964800291, 4.2211353934, 17.66121259, 0.0060884252695, 0.0
0.100331661951, 1.16447634322, 2.53030818742, 0.830014034046, 99.0732079373, 1.38406944034, 0.420036063251, 1.49123887473, 19.6465014295, 0.00619938688613, 0.0
0.101952114421, 0.840883081792, 2.00304000971, 0.722660502841, 90.5706885596, 1.38406944034, 0.213106429961, 1.49123887473, 19.9621323372, 0.00632517138123, 0.0
0.100331661951, 1.16447634322, 2.53030818742, 0.830014034046, 99.0732079373, 2.06058025704, 0.420036063251, 3.20384582355, 19.6089878865, 0.00644884091475, 0.0
0.101952114421, 0.838994666981, 3.35198151052, 0.722660502841, 90.5706885596, 1.0173369685, 0.213106429961, 1.49123887473, 19.9621323372, 0.00639679302694, 0.117647058824
0.101952114421, 0.840883081792, 2.13592410827, 0.722660502841, 90.5706885596, 1.38406944034, 1.11269566289, 1.49123887473, 19.9621323372, 0.00652830608871, 0.0
0.124263811126, 0.912485741983, 2.53030818742, 0.830014034046, 95.3098127768, 1.10064388628, 0.957605637101, 1.70057494604, 14.2956390708, 0.00629751588484, 0.384615384615
0.133367800713, 1.14142084363, 5.10765033484, 0.86452257853, 98.6162102607, 1.02832076229, 1.71970050229, 3.19865906133, 19.5143539609, 0.00654046350374, 0.0
0.100178808449, 0.838994666981, 3.35198151052, 0.722660502841, 98.6162102607, 1.0173369685, 0.213106429961, 0.98311139742, 19.9621323372, 0.0065778379587, 0.0769230769231
0.124263811126, 0.912485741983, 2.53030818742, 0.826168598253, 95.3098127768, 1.07306726996, 0.957605637101, 1.70057494604, 14.2956390708, 0.00660001880905, 0.0
0.114931362922, 1.15294570747, 6.82192608838, 0.803880104644, 95.4262867332, 1.02832076229, 1.93370610775, 3.19865906133, 19.5143539609, 0.00667132305773, 0.0
0.114931362922, 1.11111822276, 6.82192608838, 0.716138349129, 98.6162102607, 1.13213632454, 1.71970050229, 3.19865906133, 18.5210799229, 0.00668196967682, 0.0
0.100398596306, 0.914775742708, 7.53127311699, 0.704742938399, 93.4034709646, 1.20547496128, 0.965094958572, 1.95514491261, 16.4625801674, 0.00655692180606, 0.230769230769
0.127930135666, 0.966481887281, 4.01855195879, 0.839622029328, 88.1823695124, 1.68723808492, 1.22076434923, 1.69642395299, 13.9485207832, 0.00678264403621, 0.0
0.14017043067, 0.897411217317, 7.47724759828, 0.85807321538, 99.7203450273, 2.22068737436, 1.64880763118, 2.49822594282, 18.8375886788, 0.00684933870422, 0.0
0.101952114421, 1.11111822276, 6.82192608838, 0.727052162082, 95.3098127768, 1.02832076229, 1.93370610775, 0.896291753742, 19.9621323372, 0.00687255444185, 0.0408163265306
0.109021318466, 1.02064365187, 5.24580880978, 0.924890256737, 80.2819439422, 2.26265533495, 1.66767557139, 3.48053291921, 17.5073210726, 0.00715767704202, 0.0
0.101952114421, 0.985698758251, 2.13592410827, 0.722660502841, 90.5706885596, 1.38406944034, 0.213106429961, 0.435945932609, 19.9621323372, 0.00670610459415, 0.222222222222
0.156695192298, 1.01264079746, 5.24580880978, 0.892401414128, 94.3889484712, 1.48860353306, 1.77190757455, 3.48053291921, 17.7559957103, 0.00763858172899, 0.0
0.101952114421, 0.985698758251, 2.05668944755, 0.838793519061, 90.5706885596, 1.0173369685, 0.213106429961, 2.06149024455, 19.9621323372, 0.00702878577411, 0.0909090909091
0.155755646154, 1.16447634322, 2.53030818742, 0.922435954606, 91.3828688294, 1.61612996216, 1.428812887, 1.70057494604, 18.9400853209, 0.00769204257348, 0.0
0.114931362922, 1.14877488502, 6.82192608838, 0.662557831406, 98.6162102607, 1.02832076229, 1.71970050229, 3.19865906133, 19.5143539609, 0.00760724486335, 0.0952380952381
0.114931362922, 1.11111822276, 2.2267825797, 0.85807321538, 98.6162102607, 1.13213632454, 1.71970050229, 3.19865906133, 18.5210799229, 0.00769274752981, 0.0
0.101030441942, 0.838994666981, 2.13592410827, 0.722660502841, 90.5706885596, 1.0173369685, 0.213106429961, 1.49123887473, 17.1297990841, 0.00764091818467, 0.0833333333333
0.100178808449, 0.838994666981, 3.35198151052, 0.722660502841, 90.5706885596, 1.0173369685, 0.213106429961, 1.49123887473, 19.9621323372, 0.00678319285712, 0.555555555556
0.105780497258, 1.02064365187, 6.0189014662, 0.924890256737, 80.2819439422, 1.54458175103, 1.66767557139, 3.09806301335, 17.5073210726, 0.00776715610804, 0.0
0.160359195668, 1.02064365187, 6.0189014662, 0.948062155245, 80.2819439422, 1.54458175103, 1.66767557139, 2.91259733887, 17.5073210726, 0.00784114120321, 0.0
0.160359195668, 1.17831574353, 2.99133897428, 0.892401414128, 86.2122607473, 1.12390595175, 1.99966868347, 2.96369613896, 19.5425648752, 0.00785258001212, 0.0
0.110565443594, 0.989762838028, 6.09234663415, 0.85807321538, 95.6606619137, 1.54458175103, 1.64880763118, 0.136869957194, 17.821089882, 0.00788383270868, 0.0
0.114931362922, 0.985698758251, 2.13592410827, 0.830532677835, 90.5706885596, 1.38406944034, 0.213106429961, 1.49123887473, 19.9621323372, 0.0072684168991, 0.416666666667
0.109021318466, 1.17831574353, 5.24580880978, 0.892401414128, 86.2122607473, 1.02847567837, 1.49616776732, 3.48053291921, 19.5425648752, 0.00783631627357, 0.0925925925926
0.155755646154, 1.16447634322, 2.53030818742, 0.830014034046, 99.0732079373, 1.61612996216, 1.428812887, 1.70057494604, 18.9400853209, 0.00795487331315, 0.0
0.160359195668, 1.02064365187, 2.99133897428, 0.924890256737, 80.2819439422, 2.26265533495, 1.66767557139, 2.96369613896, 17.5073210726, 0.00807274946533, 0.0
0.109021318466, 1.17831574353, 5.24580880978, 0.892401414128, 90.35008859, 1.02993037772, 1.49616776732, 3.48053291921, 19.5425648752, 0.00801104465552, 0.0625
0.14017043067, 0.967472162833, 5.5645789863, 0.85807321538, 99.7203450273, 1.54458175103, 1.8040046444, 0.658253876302, 12.3374850608, 0.00815190433358, 0.0
0.14017043067, 1.06764768142, 4.66550422493, 0.839622029328, 96.8125830366, 1.54458175103, 1.64880763118, 0.658253876302, 16.9425900323, 0.00816936876839, 0.0
0.100929658025, 0.893091785302, 6.02024350284, 0.799813315515, 91.3828688294, 1.2320161934, 0.177204723495, 1.78973270053, 18.6292363677, 0.0077753833783, 0.263157894737
0.109021318466, 1.17831574353, 5.24580880978, 0.892401414128, 86.2122607473, 1.12390595175, 1.98239434004, 3.48053291921, 19.5425648752, 0.0078894851387, 0.0952380952381
0.160359195668, 1.02064365187, 6.0189014662, 0.924890256737, 80.2819439422, 1.54458175103, 1.66767557139, 2.96369613896, 17.5073210726, 0.00817017312052, 0.0
0.105780497258, 0.9523011045, 4.58506223312, 0.89041132296, 95.6606619137, 8.87022441, 0.914104898038, 1.28914186898, 17.8307292561, 0.00821049527498, 0.0
0.156695192298, 1.01264079746, 5.24580880978, 0.892401414128, 94.3889484712, 1.48860353306, 1.77190757455, 3.48053291921, 17.7559957103, 0.00842158183314, 0.0
0.18962621204, 1.24717112529, 6.02024350284, 0.799813315515, 83.0306002034, 1.14108938652, 0.177204723495, 0.155213320245, 14.3684180835, 0.00847883407963, 0.0
0.152373238838, 1.01264079746, 5.24580880978, 0.892401414128, 94.3889484712, 1.48860353306, 1.98239434004, 3.48053291921, 19.5425648752, 0.00848232426106, 0.0
0.114931362922, 1.10832070675, 6.82192608838, 0.734730797239, 98.6162102607, 1.02832076229, 1.71970050229, 3.19865906133, 19.5143539609, 0.0082046512537, 0.0909090909091
0.135800493859, 0.917493304266, 5.88562202163, 0.948305615539, 83.8064909206, 2.22068737436, 1.37527176399, 3.47871192833, 17.7559957103, 0.00861654579958, 0.0
0.184697637115, 0.99679668303, 7.32841393596, 0.690230173373, 93.196731988, 1.4038016651, 1.8970974718, 4.14575569412, 14.2767455376, 0.00862267325932, 0.0
0.101238854818, 0.985698758251, 2.00304000971, 0.722660502841, 95.4262867332, 1.38406944034, 0.213106429961, 1.49123887473, 19.9621323372, 0.00813388051463, 0.222222222222
0.100333855523, 0.988041505136, 7.82122804485, 0.755571618232, 89.7448559619, 2.06058025704, 1.7515854819, 2.0863746747, 16.4625801674, 0.00869972723435, 0.0
0.153619898294, 0.99679668303, 7.32841393596, 0.690230173373, 93.196731988, 1.4038016651, 1.8970974718, 4.14575569412, 14.2767455376, 0.00870779148256, 0.0
0.127930135666, 0.917048416981, 6.08302020007, 0.625007683335, 84.0187397052, 1.54475475177, 1.22076434923, 2.28188427689, 12.8062828073, 0.00881386282033, 0.0
0.199696760003, 1.02560696962, 6.64223026723, 0.716138349129, 90.35008859, 1.34013692925, 1.98239434004, 0.136869957194, 14.8106180237, 0.00881849606458, 0.0
0.110565443594, 0.989762838028, 3.34325390805, 0.85807321538, 95.6606619137, 1.54458175103, 1.64880763118, 2.42472323827, 17.821089882, 0.00882895036272, 0.0
0.110565443594, 0.967472162833, 5.29413398676, 0.85807321538, 99.7203450273, 1.54458175103, 1.64880763118, 2.42472323827, 16.9425900323, 0.00884494492064, 0.0
0.101952114421, 0.985698758251, 2.13592410827, 0.722660502841, 94.4496501547, 1.38406944034, 0.213106429961, 0.435945932609, 19.9621323372, 0.00890852823254, 0.0
0.155755646154, 1.14670870601, 2.53030818742, 0.830014034046, 99.0732079373, 1.61612996216, 1.428812887, 1.70057494604, 15.0223197626, 0.00899648882216, 0.0
0.114931362922, 1.11111822276, 6.82192608838, 0.727052162082, 95.3098127768, 1.02832076229, 1.93370610775, 2.03409853374, 19.5143539609, 0.00852742493542, 0.210526315789
0.131793729235, 1.14142084363, 5.10765033484, 0.86452257853, 98.6162102607, 1.02832076229, 1.71970050229, 3.19865906133, 19.5143539609, 0.00858170999169, 0.216216216216
0.141922542982, 1.24477107156, 2.43353796112, 0.941075715114, 86.7456653756, 3.06741365818, 0.0722901966953, 0.0643174063247, 15.0532420808, 0.00901535888498, 0.0
0.139854636451, 0.897411217317, 7.47724759828, 0.85807321538, 99.7203450273, 2.22068737436, 1.64880763118, 2.49822594282, 18.8375886788, 0.0091413937916, 0.0
0.109021318466, 0.995401982281, 7.23145252945, 0.624782636665, 86.2122607473, 1.49753109009, 0.965094958572, 1.00872401451, 15.2791680948, 0.00920719482804, 0.0
0.100331661951, 1.17810439656, 2.53030818742, 0.830014034046, 99.0732079373, 1.38406944034, 0.420036063251, 1.69733139319, 19.7536014712, 0.00923712374105, 0.0
0.124263811126, 0.912485741983, 2.53030818742, 0.830014034046, 95.3098127768, 1.07306726996, 0.957605637101, 1.70057494604, 14.2956390708, 0.00860720137725, 0.357142857143
0.109021318466, 1.10574529255, 4.30194683924, 0.892401414128, 86.2122607473, 1.12390595175, 1.98239434004, 3.48053291921, 19.5425648752, 0.00877467446899, 0.195652173913
0.127930135666, 0.966481887281, 4.01855195879, 0.839622029328, 85.7987298516, 1.68723808492, 1.22076434923, 1.76009458643, 13.9485207832, 0.00926665469589, 0.0
0.155755646154, 1.14670870601, 2.53030818742, 0.830014034046, 99.0732079373, 1.61612996216, 1.428812887, 1.70057494604, 15.0223197626, 0.00930110328239, 0.0
0.110565443594, 0.989762838028, 7.03427633987, 0.85807321538, 86.2122607473, 1.54458175103, 1.64880763118, 0.136869957194, 17.821089882, 0.00930304568284, 0.0
0.100333855523, 0.988041505136, 7.82122804485, 0.755571618232, 89.7448559619, 3.46159813328, 1.7515854819, 2.0863746747, 16.4625801674, 0.00939322300403, 0.0
0.100331661951, 0.872071080049, 6.81654642383, 0.880227102303, 91.455050687, 2.06058025704, 1.43917816162, 3.20384582355, 17.94418131, 0.00943294903461, 0.0
0.101952114421, 0.856995350621, 2.99133897428, 0.918583587872, 81.7879135917, 2.26265533495, 1.66767557139, 2.96369613896, 11.0770680427, 0.00981042815782, 0.0
