0.102068463311, 0.822970400385, 4.85106375616, 0.612171954416, 1.24829669333, 1.9612217937, 0.00303729311755, 1.80809545221, 14.9671936186, 0.0, 0.0
0.104845607442, 0.847062438766, 7.99888878327, 0.592701874344, 97.3896197567, 1.52740768795, 0.06447447748, 1.80809545221, 6.42507323377, 0.00110703283502, 0.125
0.104845607442, 0.847062438766, 7.99888878327, 0.697371552282, 97.3896197567, 16.8739520563, 0.021563503184, 1.80809545221, 6.42507323377, 0.00117778706885, 0.0
0.102068463311, 0.847062438766, 5.20533164629, 0.612171954416, 1.24829669333, 1.18822450558, 0.00303729311755, 1.80809545221, 14.9671936186, 0.00130819284433, 0.0
0.100861881777, 0.847062438766, 9.74418154967, 0.617795615843, 87.1327602574, 1.05370020655, 0.00121039557251, 1.80809545221, 6.42507323377, 0.00152003546055, 0.125
0.104845607442, 0.847062438766, 7.99888878327, 0.56870295814, 87.1327602574, 1.05370020655, 0.00683886522847, 2.32995020924, 1.69478548059, 0.0021889450727, 0.0
0.102068463311, 0.822525086775, 9.74418154967, 0.612171954416, 87.1327602574, 1.05370020655, 0.00303729311755, 1.80809545221, 6.42507323377, 0.00255551820365, 0.0
0.221577520989, 1.15041772889, 3.15725054505, 0.523245031387, 79.4554906507, 1.33181390208, 0.536352122851, 1.59459429613, 35.1205248506, 0.00251426389768, 0.142857142857
0.104845607442, 0.847062438766, 7.99888878327, 0.592701874344, 97.3896197567, 1.52740768795, 0.06447447748, 1.80809545221, 6.42507323377, 0.0029165659321, 0.0
0.101460245292, 1.0426558298, 9.29733134979, 0.544433601743, 97.5011421022, 1.05370020655, 1.16909079526, 1.80809545221, 40.5783069792, 0.00358759655483, 0.0
0.104845607442, 0.847062438766, 7.99888878327, 0.592701874344, 87.1327602574, 1.01724080896, 0.06447447748, 3.69510491306, 6.42507323377, 0.00334880784556, 0.125
0.104845607442, 0.847062438766, 7.99888878327, 0.554991080771, 87.1327602574, 1.05370020655, 0.06447447748, 2.97116659114, 6.42507323377, 0.00320680393326, 0.176470588235
0.104845607442, 0.828696562759, 6.692732745, 0.407757758866, 90.1005895697, 1.05370020655, 0.0246921742248, 0.0345233728217, 6.42507323377, 0.00366584544821, 0.0
0.104845607442, 0.847062438766, 7.99888878327, 0.519807470926, 1.26269464109, 1.05370020655, 0.424414200814, 0.136194134176, 6.42507323377, 0.00387495548611, 0.0
0.104845607442, 0.824587484112, 3.15725054505, 0.424387255433, 41.1138921902, 1.33181390208, 0.58750638022, 1.2112788705, 5.02651169153, 0.00379723383729, 0.647058823529
0.100072239088, 1.0426558298, 2.81756702466, 0.681110127448, 59.6922321104, 1.05370020655, 2.53320803075, 4.8524516377, 40.5783069792, 0.00415312590458, 0.0
0.104845607442, 0.847062438766, 7.99888878327, 0.592701874344, 87.1327602574, 1.52740768795, 0.06447447748, 3.69510491306, 6.42507323377, 0.00389237422312, 0.111111111111
0.104845607442, 1.10280775014, 7.99888878327, 0.56870295814, 87.1327602574, 1.52740768795, 0.06447447748, 3.2376617828, 16.0787468264, 0.00418407072697, 0.0
0.104845607442, 0.847062438766, 7.99888878327, 0.612171954416, 87.1327602574, 1.52740768795, 0.06447447748, 1.80809545221, 6.42507323377, 0.00414904389322, 0.6
0.102068463311, 0.847062438766, 9.74418154967, 0.612171954416, 87.1327602574, 1.05370020655, 0.00303729311755, 1.80809545221, 6.42507323377, 0.0042456972411, 0.0
0.104845607442, 0.822525086775, 7.99888878327, 0.519807470926, 1.26269464109, 1.05370020655, 0.424414200814, 0.136194134176, 6.42507323377, 0.00432272077892, 0.142857142857
0.100072239088, 1.0426558298, 2.81756702466, 0.627979399128, 50.5234554177, 1.05370020655, 2.53320803075, 4.82592422279, 40.5783069792, 0.00448525712875, 0.0
0.104576521201, 0.847062438766, 7.99888878327, 0.592701874344, 89.0319569866, 1.52740768795, 0.06447447748, 3.69510491306, 40.5783069792, 0.00432994744503, 0.3
0.100072239088, 1.0426558298, 2.81756702466, 0.681110127448, 50.5234554177, 1.05370020655, 2.53320803075, 4.8524516377, 40.5783069792, 0.00474920941788, 0.0
0.104845607442, 0.847062438766, 9.17097563022, 0.592701874344, 87.1327602574, 1.52740768795, 0.06447447748, 1.80809545221, 6.42507323377, 0.00461602953521, 0.416666666667
0.102068463311, 1.04966782406, 9.73927080501, 0.47561478325, 78.5794209652, 1.05370020655, 0.4897791443, 1.80809545221, 4.79997736007, 0.00483164308719, 0.0
0.104845607442, 0.847062438766, 6.692732745, 0.601502631037, 90.1005895697, 1.05370020655, 0.0246921742248, 4.13683950897, 6.42507323377, 0.00485175078998, 0.0
0.142459201515, 0.848248268183, 4.57015951848, 0.627979399128, 41.1138921902, 1.00284581852, 1.5517618239, 1.26658074863, 40.5783069792, 0.00488066766139, 0.0
0.104845607442, 0.937325061584, 9.74418154967, 0.519807470926, 1.26269464109, 1.13310642403, 0.0203530010615, 1.80809545221, 6.42507323377, 0.00488624105065, 0.5625
0.102068463311, 0.847062438766, 4.85106375616, 0.612171954416, 1.24829669333, 1.9612217937, 0.00303729311755, 1.80809545221, 14.9671936186, 0.0048881253, 0.0
0.104845607442, 0.989647211655, 9.74418154967, 0.618900638972, 1.0026782406, 1.52740768795, 0.06447447748, 1.80809545221, 15.976578252, 0.00505798367141, 0.0
0.104845607442, 0.847062438766, 7.99888878327, 0.472349412971, 96.2520691372, 1.05370020655, 0.06447447748, 3.69510491306, 6.42507323377, 0.00504574294129, 0.285714285714
0.100861881777, 0.847062438766, 5.81545573916, 0.617795615843, 87.1327602574, 1.05370020655, 2.57867951473, 1.80809545221, 6.42507323377, 0.00509446374146, 0.00763358778626
0.104845607442, 0.847062438766, 7.89100324714, 0.67351631337, 87.1327602574, 1.05370020655, 0.891227650498, 3.61980308805, 16.0787468264, 0.00506149404167, 0.142857142857
0.100072239088, 1.0426558298, 2.81756702466, 0.627979399128, 50.5234554177, 1.05370020655, 1.1482034265, 4.82592422279, 40.5783069792, 0.0051119561269, 0.0
0.104845607442, 1.04895199342, 4.49987684171, 0.547307002662, 1.26269464109, 1.44945781697, 1.97770885052, 3.45708684459, 1.73083612177, 0.00525405667278, 0.0357142857143
0.142459201515, 1.10280775014, 4.57015951848, 0.628953307168, 41.1138921902, 1.05370020655, 1.5517618239, 2.97116659114, 41.9663310329, 0.00527132202798, 0.0
0.104845607442, 0.847062438766, 8.02574594011, 0.592701874344, 79.448512205, 1.15826826714, 0.06447447748, 1.80809545221, 6.42507323377, 0.0051557401647, 0.133333333333
0.101460245292, 1.0426558298, 9.29733134979, 0.637130522146, 97.5011421022, 1.05370020655, 2.53320803075, 1.80809545221, 38.874518499, 0.00541291532981, 0.0
0.104845607442, 0.847062438766, 7.99888878327, 0.592701874344, 90.1005895697, 1.52740768795, 0.06447447748, 1.80809545221, 6.42507323377, 0.00520623345975, 0.142857142857
0.104845607442, 0.847062438766, 7.99888878327, 0.592701874344, 87.1327602574, 1.05370020655, 0.06447447748, 3.69510491306, 20.2747004471, 0.00549218226991, 0.0
0.104845607442, 1.0426558298, 7.99888878327, 0.592701874344, 97.5011421022, 1.52740768795, 0.06447447748, 3.49047684657, 6.42507323377, 0.00530033437108, 0.142857142857
0.102068463311, 1.0426558298, 9.73927080501, 0.47561478325, 78.5794209652, 1.05370020655, 0.4897791443, 1.80809545221, 6.42507323377, 0.00527209773264, 0.416666666667
0.104845607442, 0.847062438766, 7.99888878327, 0.592701874344, 87.1327602574, 1.05370020655, 0.06447447748, 3.69510491306, 6.42507323377, 0.00549807902809, 0.0
0.104845607442, 0.847062438766, 7.99888878327, 0.592701874344, 87.1327602574, 1.05370020655, 0.06447447748, 3.69510491306, 6.42507323377, 0.00534791088706, 0.3
0.100072239088, 1.0426558298, 2.81756702466, 0.627979399128, 50.5234554177, 1.05370020655, 2.53320803075, 4.82592422279, 40.5783069792, 0.00554175226986, 0.0
0.142459201515, 0.851781915158, 2.81756702466, 0.403384040996, 81.3839960488, 1.05300718798, 1.5517618239, 1.26658074863, 2.83552871316, 0.00554118026863, 0.0454545454545
0.104845607442, 0.844653704513, 9.74418154967, 0.519807470926, 78.5794209652, 1.13310642403, 0.0203530010615, 1.80809545221, 6.42507323377, 0.00553393181409, 0.363636363636
0.110322730685, 0.851781915158, 4.38957895088, 0.621004770525, 87.1327602574, 1.05370020655, 3.84223340265, 1.43938622464, 40.5783069792, 0.00557708621186, 0.0
0.104845607442, 0.822525086775, 9.74418154967, 0.618900638972, 1.0026782406, 3.03232711651, 0.06447447748, 1.80809545221, 15.976578252, 0.00563337758005, 0.142857142857
0.107146517764, 1.00964480238, 7.77355803516, 0.612171954416, 87.1327602574, 1.52740768795, 0.06447447748, 3.24196976363, 6.42507323377, 0.00566779128509, 0.0
0.104845607442, 0.847062438766, 7.99888878327, 0.592701874344, 90.1005895697, 1.52740768795, 0.06447447748, 1.80809545221, 6.42507323377, 0.00565806400156, 0.363636363636
0.100312544687, 0.847062438766, 7.99888878327, 0.592701874344, 97.3896197567, 1.15826826714, 0.06447447748, 1.80809545221, 3.14151640649, 0.00569942219304, 0.0
0.124276381652, 0.851781915158, 2.81756702466, 0.621004770525, 70.4168095619, 1.05370020655, 3.84223340265, 1.43938622464, 40.5783069792, 0.00570113483888, 0.0
0.102454472886, 0.824587484112, 3.15725054505, 0.424387255433, 41.1138921902, 1.33181390208, 0.58750638022, 1.2112788705, 8.53653204022, 0.0057243385932, 0.0
0.104845607442, 0.847062438766, 6.692732745, 0.592701874344, 90.1005895697, 1.05370020655, 0.0246921742248, 4.13683950897, 6.42507323377, 0.00572032439976, 0.333333333333
0.142459201515, 0.851781915158, 2.81756702466, 0.65047042585, 25.9405007714, 1.05370020655, 1.5517618239, 1.26658074863, 6.42507323377, 0.00576484724673, 0.0
0.180107398439, 1.18628574075, 4.57015951848, 0.486139876138, 49.271810116, 1.9612217937, 0.662318921755, 1.86696325865, 15.7926176047, 0.00583535155974, 0.0
0.110322730685, 0.934875660003, 9.74418154967, 0.519807470926, 87.1327602574, 1.07399770605, 0.0203530010615, 3.81204387556, 6.42507323377, 0.00585697260869, 0.0
0.104845607442, 0.847062438766, 7.99888878327, 0.592701874344, 97.3896197567, 1.15826826714, 0.06447447748, 1.80809545221, 6.42507323377, 0.00588665788185, 0.0
0.104515343284, 0.847062438766, 9.74418154967, 0.618900638972, 1.0026782406, 1.05370020655, 0.06447447748, 1.80809545221, 32.3942238101, 0.00594920509204, 0.0
0.104845607442, 0.847062438766, 7.99888878327, 0.612171954416, 87.1327602574, 3.38504837504, 0.06447447748, 1.80809545221, 6.42507323377, 0.00591776218722, 0.272727272727
0.133694308214, 0.967590768774, 6.692732745, 0.627979399128, 50.5234554177, 1.04290541355, 2.53320803075, 1.80809545221, 40.5783069792, 0.00603316599907, 0.0
0.104845607442, 0.847062438766, 6.692732745, 0.592701874344, 90.1005895697, 1.05370020655, 0.0246921742248, 4.13683950897, 6.42507323377, 0.00611388462191, 0.0909090909091
0.102068463311, 1.0426558298, 9.73927080501, 0.47561478325, 80.790318904, 1.05370020655, 0.4897791443, 1.80809545221, 42.6082884646, 0.00611380230529, 0.142857142857
0.180107398439, 0.847062438766, 7.99888878327, 0.592701874344, 89.0319569866, 1.05370020655, 0.06447447748, 1.43938622464, 6.42507323377, 0.00612800706887, 0.0
0.102454472886, 0.824587484112, 3.15725054505, 0.424387255433, 41.1138921902, 1.33181390208, 0.58750638022, 1.2112788705, 5.02651169153, 0.0063338093505, 0.0
0.104845607442, 0.822525086775, 7.99888878327, 0.519807470926, 1.16648948802, 1.05370020655, 0.424414200814, 0.136194134176, 6.42507323377, 0.0061463584688, 0.131578947368
0.104845607442, 1.0824051169, 9.83851615654, 0.441317416577, 1.26269464109, 1.44945781697, 2.49782023869, 3.45708684459, 43.2347522351, 0.00648217245039, 0.0
0.104845607442, 0.847062438766, 9.99498621822, 0.592701874344, 97.3896197567, 1.52740768795, 0.06447447748, 1.80809545221, 6.42507323377, 0.00616434930238, 0.222222222222
0.142459201515, 0.851781915158, 2.81756702466, 0.627979399128, 41.1138921902, 1.05370020655, 1.5517618239, 1.26658074863, 40.5783069792, 0.00649466757856, 0.0
0.142459201515, 0.851781915158, 2.81756702466, 0.627979399128, 41.1138921902, 1.05370020655, 1.5517618239, 1.26658074863, 40.5783069792, 0.00643634462208, 0.269230769231
0.142459201515, 0.847062438766, 8.75092475998, 0.627979399128, 50.5234554177, 1.05370020655, 3.83341249594, 1.80809545221, 7.9633000192, 0.00653811410757, 0.0180878552972
0.104845607442, 0.847062438766, 7.99888878327, 0.592701874344, 97.3896197567, 1.52740768795, 0.06447447748, 1.80809545221, 6.42507323377, 0.00650680609929, 0.260869565217
0.104845607442, 0.847062438766, 9.99498621822, 0.592701874344, 97.3896197567, 1.52740768795, 0.06447447748, 1.80809545221, 6.42507323377, 0.00662426641085, 0.0
0.102068463311, 1.0426558298, 9.73927080501, 0.47561478325, 78.5794209652, 1.05370020655, 0.4897791443, 1.80809545221, 42.6082884646, 0.00661579343254, 0.416666666667
0.104845607442, 0.822525086775, 9.98406026481, 0.519807470926, 1.26269464109, 1.66199319306, 0.06447447748, 1.80809545221, 6.42507323377, 0.00662777894861, 0.142857142857
0.142459201515, 1.10280775014, 4.57015951848, 0.627979399128, 49.271810116, 1.05370020655, 2.53320803075, 2.97116659114, 40.5783069792, 0.00666411038069, 0.0
0.142459201515, 0.848248268183, 2.81756702466, 0.67351631337, 41.1138921902, 1.00833903184, 1.5517618239, 1.26658074863, 40.5783069792, 0.00687302627051, 0.0
0.104845607442, 0.822525086775, 7.99888878327, 0.519807470926, 1.16648948802, 1.05370020655, 0.424414200814, 0.136194134176, 6.42507323377, 0.00666603234118, 0.222222222222
0.142459201515, 1.0426558298, 7.99888878327, 0.627979399128, 8.72331225427, 1.05370020655, 3.83341249594, 1.80809545221, 40.5783069792, 0.0068850077902, 0.0
0.104845607442, 0.828696562759, 6.692732745, 0.592701874344, 90.1005895697, 1.05370020655, 0.0246921742248, 0.0685904540321, 6.42507323377, 0.00686848305527, 0.25
0.104845607442, 0.847062438766, 7.99888878327, 0.554991080771, 87.1327602574, 1.01825533506, 0.06447447748, 2.97116659114, 6.42507323377, 0.00669319656522, 0.272727272727
0.104845607442, 0.847062438766, 7.99888878327, 0.592701874344, 97.5011421022, 1.52740768795, 0.06447447748, 1.80809545221, 2.27578122998, 0.0066908457798, 0.3
0.100861881777, 0.847062438766, 9.74418154967, 0.617795615843, 87.1327602574, 1.05370020655, 0.00218830574918, 1.80809545221, 6.42507323377, 0.00690889395024, 0.0
0.110322730685, 0.851781915158, 4.38957895088, 0.621004770525, 87.1327602574, 1.05370020655, 1.5517618239, 1.43938622464, 40.5783069792, 0.00677473817749, 0.318181818182
0.102068463311, 1.0426558298, 9.73927080501, 0.47561478325, 1.26269464109, 1.05370020655, 0.4897791443, 1.80809545221, 3.77474065292, 0.00691669863192, 0.0
0.142459201515, 0.847062438766, 7.99888878327, 0.627979399128, 50.5234554177, 1.05370020655, 3.83341249594, 1.80809545221, 40.5783069792, 0.00701807562155, 0.0
0.104845607442, 0.934875660003, 7.99888878327, 0.592701874344, 97.3896197567, 1.15826826714, 0.06447447748, 1.80809545221, 6.42507323377, 0.00704403504581, 0.470588235294
0.104845607442, 0.937325061584, 9.74418154967, 0.519807470926, 78.5794209652, 1.13310642403, 0.0203530010615, 1.80809545221, 6.42507323377, 0.00704505154427, 0.0
0.104845607442, 0.847062438766, 7.99888878327, 0.56870295814, 87.1327602574, 1.05370020655, 0.00683886522847, 2.32995020924, 1.69478548059, 0.00702961445566, 0.5
0.142459201515, 0.848248268183, 2.81756702466, 0.67351631337, 41.1138921902, 1.00833903184, 1.5517618239, 1.26658074863, 40.5783069792, 0.00714006037197, 0.0
0.104845607442, 0.847062438766, 7.89100324714, 0.555051065916, 87.1327602574, 1.05370020655, 0.06447447748, 2.03227355796, 16.0787468264, 0.0070626743641, 0.0645161290323
0.104845607442, 0.847062438766, 7.99888878327, 0.592701874344, 87.1327602574, 1.05370020655, 0.06447447748, 3.69510491306, 20.2747004471, 0.00714708306166, 0.0
0.100072239088, 1.0426558298, 7.99888878327, 0.681110127448, 50.5234554177, 1.05370020655, 2.53320803075, 4.8524516377, 40.5783069792, 0.00722880700815, 0.048951048951
0.104845607442, 0.824587484112, 3.15725054505, 0.424387255433, 87.1327602574, 1.33181390208, 0.06447447748, 1.2112788705, 5.02651169153, 0.00715649649198, 0.3
0.104845607442, 1.19614364584, 4.57015951848, 0.486139876138, 49.271810116, 1.9612217937, 0.662318921755, 1.86696325865, 15.7926176047, 0.00723157530801, 0.0
0.100861881777, 0.847062438766, 9.74418154967, 0.617795615843, 87.1327602574, 1.05370020655, 0.00218830574918, 1.80809545221, 6.42507323377, 0.00716933162356, 0.684210526316
0.104845607442, 0.839800643149, 7.99888878327, 0.592701874344, 87.1327602574, 1.05370020655, 0.06447447748, 3.69510491306, 6.42507323377, 0.00733958006531, 0.0
0.104845607442, 0.847062438766, 7.99888878327, 0.592701874344, 87.1327602574, 1.05370020655, 0.06447447748, 3.69510491306, 6.42507323377, 0.00718621164046, 0.375
