0.126363652188, 0.829000541174, 2.02482582852, 0.693017229689, 35.5951676413, 13.7212326313, 0.275909909136, 4.74848773985, 1.31367115071, 50.5089675858, 0.0584454552954
0.126363652188, 0.829000541174, 2.02482582852, 0.693017229689, 61.7925159577, 13.7212326313, 0.275909909136, 1.24378437774, 1.31367115071, 68.0395714558, 0.0247118069731
0.126363652188, 0.825934663382, 2.02482582852, 0.693017229689, 76.086850015, 13.7212326313, 0.739239846528, 4.74848773985, 1.31367115071, 78.6523252093, 0.0
0.62142642864, 0.856772130518, 2.2032773685, 0.546328528309, 23.2994260917, 24.7491219109, 0.739239846528, 4.25610477585, 41.8733646574, 56.5588626474, 0.27630535818
0.740517269557, 0.865782758737, 2.00847061983, 0.455443075052, 34.202135533, 20.2238235695, 0.232537026362, 4.9419840414, 1.31367115071, 60.5483857803, 0.18485945762
0.124651346078, 0.99303584183, 2.24158775869, 0.467087592085, 33.0336590857, 1.0364815631, 0.113853190039, 4.72685211085, 25.3020574164, 124.657351299, 0.00619413517977
0.124651346078, 1.04761572199, 2.00847061983, 0.467087592085, 34.202135533, 1.0364815631, 0.310362335079, 4.72685211085, 1.31367115071, 111.043138934, 0.0102608352149
0.124651346078, 1.04761572199, 2.24158775869, 0.462553635144, 31.4639979504, 1.0364815631, 0.371223359436, 4.72685211085, 25.3020574164, 124.879726833, 0.00199505269448
0.733901393436, 0.856772130518, 2.11100428948, 0.579420224816, 73.7409339418, 27.8680082881, 0.621828433059, 3.55213540943, 5.10137565413, 63.5396435573, 0.519050591008
0.126363652188, 0.829000541174, 2.02482582852, 0.693017229689, 35.5951676413, 13.7212326313, 0.275909909136, 4.74848773985, 1.31367115071, 71.0770523243, 0.116718733577
0.126363652188, 0.825934663382, 2.02482582852, 0.693017229689, 23.2994260917, 13.7212326313, 0.739239846528, 4.74848773985, 1.31367115071, 74.8203787293, 0.069690194556
0.35725764809, 1.12936576686, 2.26504921527, 0.616204499371, 8.14012611369, 47.3235946086, 0.302264588642, 2.81433991524, 1.13870112747, 71.4426281061, 0.170453622349
0.451498980764, 0.99303584183, 2.62029876328, 0.554157950163, 40.7112705492, 1.88692933577, 0.0551072602415, 1.24378437774, 3.3902135475, 96.8406340831, 0.0260297431831
0.733901393436, 1.10775938605, 2.24158775869, 0.579420224816, 33.0336590857, 1.0364815631, 0.621828433059, 3.55213540943, 5.10137565413, 79.5818909571, 0.0411405384202
0.733901393436, 0.829000541174, 2.02482582852, 0.6807089701, 35.5951676413, 5.53777703827, 0.275909909136, 4.8416243514, 1.31367115071, 78.3670064089, 0.0948810084548
0.124651346078, 0.908060393613, 2.24158775869, 0.467087592085, 69.9957033645, 1.0364815631, 0.533731453408, 4.72685211085, 25.3020574164, 122.20736626, 0.0187067019879
0.126363652188, 0.99303584183, 2.51185174685, 0.580616202944, 33.0336590857, 10.2983699897, 0.371223359436, 1.24378437774, 41.8778905141, 161.50419659, 0.00603427186825
0.126363652188, 0.99303584183, 2.51185174685, 0.580616202944, 33.0336590857, 1.17321834835, 0.371223359436, 1.24378437774, 41.8778905141, 179.470343903, 0.00312959329658
0.733901393436, 0.933701337713, 2.02482582852, 0.6807089701, 35.5951676413, 13.7212326313, 0.275909909136, 4.8416243514, 1.31367115071, 74.0030674559, 0.232753393776
0.437117881544, 0.908060393613, 2.24158775869, 0.467087592085, 35.5951676413, 1.0364815631, 0.73979922176, 4.72685211085, 10.1170296731, 93.9483821301, 0.0471263018668
0.103760338252, 1.05395820411, 3.8701129312, 0.580616202944, 84.4217353963, 1.04253163071, 2.6517860993, 2.94658664762, 33.6190532296, 636.393245748, 0.00475271475165
0.103760338252, 1.08741528645, 3.8701129312, 0.417929396582, 69.8187836472, 1.17321834835, 3.82466307128, 2.27396294049, 7.67164372468, 632.156079857, 0.00580776925583
0.112508940313, 0.908060393613, 2.51185174685, 0.611479206745, 31.4639979504, 1.17321834835, 0.371223359436, 0.103611273937, 41.8778905141, 203.340579094, 0.00598586796765
0.109406878133, 1.05395820411, 4.47062443798, 0.580616202944, 84.4217353963, 1.04253163071, 2.6517860993, 2.94658664762, 35.8099462946, 816.903028476, 0.00536788237874
0.109406878133, 1.05395820411, 4.47062443798, 0.580616202944, 12.3064462, 1.04253163071, 3.01146581021, 4.72685211085, 35.8099462946, 838.330660226, 0.0055542482452
0.124651346078, 0.908060393613, 2.24158775869, 0.467087592085, 31.4639979504, 1.0364815631, 0.113853190039, 4.72685211085, 25.3020574164, 133.999026307, 0.00801250001264
0.126363652188, 0.990288943558, 2.01448668105, 0.641611947901, 35.5951676413, 5.53777703827, 0.275909909136, 4.74848773985, 1.31367115071, 101.363997605, 0.0413191977064
0.427007203829, 1.05395820411, 2.15107543671, 0.504807851175, 36.3921262748, 1.0364815631, 0.333036456913, 0.45236702899, 1.31367115071, 111.550231978, 0.0337105462276
0.733901393436, 1.10775938605, 3.07522168679, 0.579420224816, 73.7409339418, 13.7212326313, 0.621828433059, 3.55213540943, 5.10137565413, 77.2704512323, 0.534187721842
0.124651346078, 0.990017537521, 2.24158775869, 0.502329958746, 35.5951676413, 1.01851305656, 1.28851613316, 4.72685211085, 25.3020574164, 174.254679289, 0.00691332711398
0.126363652188, 0.829000541174, 2.02482582852, 0.693017229689, 35.5951676413, 13.7212326313, 0.739239846528, 4.74848773985, 1.31367115071, 79.0960018174, 0.141645963576
0.126363652188, 1.07978221662, 2.13813355298, 0.625517539636, 33.0336590857, 10.7704712728, 0.371223359436, 0.943149239372, 1.23058760449, 103.711933202, 0.0482827058578
0.124651346078, 1.07737955564, 2.24158775869, 0.467087592085, 2.23733136013, 1.0364815631, 1.28851613316, 4.72685211085, 25.3020574164, 221.201901185, 0.00650651418363
0.109406878133, 1.05395820411, 4.47062443798, 0.475084897594, 84.4217353963, 1.04253163071, 2.6517860993, 2.94658664762, 35.8099462946, 789.292933922, 0.00619789863335
0.124651346078, 0.908060393613, 2.24158775869, 0.467087592085, 69.9957033645, 1.0364815631, 1.28851613316, 4.72685211085, 25.3020574164, 175.380410397, 0.00952239209966
0.124651346078, 1.04761572199, 2.24158775869, 0.467087592085, 31.4639979504, 1.0364815631, 1.28851613316, 4.72685211085, 25.3020574164, 214.897912785, 0.00746601086414
0.124651346078, 0.847567887698, 2.24158775869, 0.467087592085, 31.4639979504, 1.0364815631, 1.15443627133, 4.72685211085, 25.3020574164, 205.826620755, 0.00788324020825
0.148719007982, 1.10775938605, 7.80255940743, 0.579420224816, 89.0979329452, 1.17321834835, 0.739239846528, 2.94658664762, 29.6749724447, 527.041108253, 0.00741729595868
0.277001712214, 1.05395820411, 2.00847061983, 0.626571370361, 84.4217353963, 1.04253163071, 0.264472437157, 2.94658664762, 8.57376514303, 161.74885511, 0.0144864062551
0.124651346078, 0.908060393613, 2.16793186377, 0.467087592085, 35.5951676413, 1.0364815631, 1.28851613316, 4.72685211085, 25.3020574164, 176.773801421, 0.00955141887195
0.124651346078, 0.908060393613, 2.24158775869, 0.467087592085, 35.5951676413, 1.01851305656, 1.28851613316, 4.72685211085, 25.3020574164, 199.195076992, 0.00830557902809
0.126363652188, 0.891711712818, 2.51185174685, 0.511317752508, 84.4217353963, 1.16730710193, 0.371223359436, 3.71892351184, 41.8778905141, 162.532964656, 0.0153108363986
0.124651346078, 1.04761572199, 2.24158775869, 0.467087592085, 2.23733136013, 1.0364815631, 1.28851613316, 4.72685211085, 10.1170296731, 166.932059183, 0.0147658911037
0.892954768937, 0.970096797174, 2.02482582852, 0.698918059971, 66.4719661272, 13.7212326313, 0.275909909136, 4.8416243514, 1.24506553752, 87.0750573321, 0.210407230765
0.109406878133, 1.05395820411, 2.51185174685, 0.475084897594, 84.4217353963, 1.04253163071, 2.73297528158, 2.94658664762, 35.8099462946, 341.402968793, 0.00790396732373
0.427007203829, 0.94880231034, 2.15107543671, 0.504807851175, 36.3921262748, 22.2249244527, 0.333036456913, 0.45236702899, 1.31367115071, 87.9525664244, 0.210793895585
0.892954768937, 0.829000541174, 2.02482582852, 0.6807089701, 35.5951676413, 13.7212326313, 0.275909909136, 4.8416243514, 1.31367115071, 81.7516279482, 0.304149320832
0.666833280662, 0.99303584183, 2.51185174685, 0.580616202944, 33.0336590857, 10.7704712728, 0.371223359436, 1.24378437774, 42.0961631298, 94.8915295935, 0.19308914635
0.124651346078, 1.04761572199, 2.24158775869, 0.467087592085, 31.4639979504, 1.0364815631, 1.28851613316, 4.96240988391, 25.3020574164, 173.498735609, 0.0167003206591
0.124651346078, 1.05395820411, 2.24158775869, 0.467087592085, 2.23733136013, 1.0364815631, 1.28851613316, 3.80258261351, 25.3020574164, 211.673778503, 0.00864206515449
0.892954768937, 0.970096797174, 2.02482582852, 0.698918059971, 66.4719661272, 10.7704712728, 0.0166180576147, 4.8416243514, 1.24506553752, 91.4379539941, 0.276599286144
0.438327645667, 0.891711712818, 2.62029876328, 0.554157950163, 98.8935982501, 1.88692933577, 0.476902251247, 3.71892351184, 21.5820223896, 147.059360217, 0.026897741171
0.126363652188, 0.887298532629, 3.68112959331, 0.632786464068, 74.8864433708, 6.00314008577, 0.120985322312, 0.460405469464, 1.31367115071, 159.222310622, 0.026615372701
0.733901393436, 1.10775938605, 3.07522168679, 0.579420224816, 33.0336590857, 27.8680082881, 0.621828433059, 3.55213540943, 5.10137565413, 91.2527233601, 0.562890027114
0.124651346078, 1.04761572199, 2.24158775869, 0.467087592085, 2.23733136013, 1.0364815631, 1.28851613316, 4.72685211085, 25.3020574164, 214.936079393, 0.00920239876186
0.892954768937, 0.865782758737, 2.02482582852, 0.6807089701, 3.55907808529, 13.7212326313, 0.0113226730987, 4.8416243514, 1.31367115071, 106.078381878, 0.129404233703
0.132934964525, 1.05395820411, 4.47062443798, 0.517049875946, 71.3894609688, 1.04253163071, 2.6517860993, 2.81698878765, 8.57376514303, 705.927378131, 0.0080274111546
0.740517269557, 0.865782758737, 2.00847061983, 0.455443075052, 34.202135533, 20.2238235695, 0.232537026362, 4.8416243514, 1.31367115071, 93.4847265115, 0.439652438539
0.643735384539, 0.891711712818, 2.62029876328, 0.554157950163, 84.4217353963, 1.88692933577, 0.476902251247, 3.71892351184, 3.3902135475, 147.476625139, 0.0298823377375
0.124651346078, 0.908060393613, 2.24158775869, 0.467087592085, 31.4639979504, 1.0364815631, 1.28851613316, 4.72685211085, 25.3020574164, 186.74981598, 0.0139011311334
0.18759123191, 0.87303001411, 2.84219918116, 0.491942747426, 50.7569568784, 18.4509551556, 0.533731453408, 1.1003999524, 22.4062099798, 110.8151108, 0.130014907686
0.733901393436, 0.829000541174, 2.02482582852, 0.6807089701, 35.5951676413, 5.53777703827, 0.275909909136, 4.88199432485, 1.31367115071, 94.7694030991, 0.276850081041
0.148719007982, 0.891711712818, 2.62029876328, 0.579420224816, 98.8935982501, 1.11415439941, 0.476902251247, 3.71892351184, 21.5820223896, 202.188995734, 0.0105438849553
0.124651346078, 1.04761572199, 2.24158775869, 0.467087592085, 31.4639979504, 1.0364815631, 1.28851613316, 4.72685211085, 25.3020574164, 214.138050328, 0.0100528019953
0.126363652188, 0.829000541174, 2.01448668105, 0.693017229689, 35.5951676413, 13.7212326313, 0.275909909136, 4.74848773985, 1.31367115071, 111.910846787, 0.0799172835885
0.126363652188, 0.99303584183, 2.51185174685, 0.625517539636, 33.0336590857, 6.00314008577, 0.160960187393, 1.24378437774, 41.8778905141, 175.169936301, 0.022590855935
0.35725764809, 1.12936576686, 2.26504921527, 0.616204499371, 8.14012611369, 47.3235946086, 0.302264588642, 2.81433991524, 7.72461416225, 94.079770774, 0.479668590871
0.892954768937, 0.865782758737, 2.00847061983, 0.455443075052, 34.202135533, 1.03765476542, 1.18739891647, 4.8416243514, 1.31367115071, 151.560771219, 0.0362610427666
0.438327645667, 0.891711712818, 2.62029876328, 0.554157950163, 98.8935982501, 1.11415439941, 0.476902251247, 3.71892351184, 21.5820223896, 156.57380473, 0.0396898902741
0.740517269557, 0.935058590827, 2.00847061983, 0.517049875946, 34.202135533, 6.00314008577, 1.18739891647, 4.92565059968, 1.31367115071, 101.893356055, 0.219951662896
0.892954768937, 0.865782758737, 2.00847061983, 0.455443075052, 35.5951676413, 1.03765476542, 1.18739891647, 4.8416243514, 1.31367115071, 144.205788954, 0.0441961200839
0.892954768937, 0.843295506402, 2.00847061983, 0.509813356366, 76.086850015, 1.03085493071, 1.98881056464, 3.02238324045, 1.31367115071, 124.553950645, 0.0836719050891
0.277001712214, 0.991780805843, 4.14034669091, 0.626571370361, 84.4217353963, 1.04253163071, 0.63709748715, 1.81269443802, 8.57376514303, 206.13093263, 0.0142993496038
0.733901393436, 1.10775938605, 3.07522168679, 0.579420224816, 33.0336590857, 27.8680082881, 0.621828433059, 3.55213540943, 5.10137565413, 100.165399746, 0.418048055806
0.438327645667, 0.891711712818, 2.62029876328, 0.554157950163, 39.3019358641, 1.88692933577, 0.476902251247, 3.71892351184, 21.5820223896, 118.807184471, 0.118025123727
0.148719007982, 0.94880231034, 2.59586785224, 0.417929396582, 60.3692931248, 1.1671481259, 0.837957630483, 2.80789852045, 29.6749724447, 166.816139842, 0.0318408738604
0.124651346078, 0.847567887698, 2.24158775869, 0.467087592085, 31.4639979504, 1.0364815631, 1.28851613316, 4.72685211085, 25.3020574164, 184.518729016, 0.0192667251331
0.277001712214, 1.05395820411, 3.13394208467, 0.626571370361, 84.4217353963, 1.04253163071, 0.264472437157, 2.94658664762, 8.57376514303, 192.92825173, 0.0187903176714
0.892954768937, 0.865782758737, 2.00847061983, 0.509813356366, 76.086850015, 1.03085493071, 1.18739891647, 4.8416243514, 1.31367115071, 126.537766737, 0.0650003984529
0.124651346078, 0.908060393613, 2.24158775869, 0.467087592085, 31.4639979504, 1.0364815631, 1.28851613316, 4.72685211085, 25.3020574164, 258.235367741, 0.0105009351853
0.892954768937, 0.865782758737, 2.00847061983, 0.455443075052, 27.929403437, 1.03085493071, 1.10658001832, 4.8416243514, 1.31367115071, 140.009414087, 0.0518153980167
0.124651346078, 0.908060393613, 2.24158775869, 0.467087592085, 35.5951676413, 1.0364815631, 1.28851613316, 4.72685211085, 10.1170296731, 189.475636181, 0.0238630964839
0.62142642864, 0.856772130518, 2.2032773685, 0.546328528309, 23.2994260917, 24.7491219109, 0.275909909136, 4.25610477585, 41.8733646574, 101.952858902, 0.542951698466
0.124651346078, 0.908060393613, 2.24158775869, 0.61454170198, 34.202135533, 1.01851305656, 1.28851613316, 4.72685211085, 25.3020574164, 227.287710703, 0.0106486986905
0.124651346078, 1.04761572199, 2.24158775869, 0.467087592085, 31.4639979504, 1.0364815631, 1.28851613316, 4.72685211085, 25.3020574164, 221.391387156, 0.0129322874776
0.124651346078, 0.908060393613, 2.24158775869, 0.467087592085, 12.0357567019, 3.30412417768, 1.28851613316, 4.72685211085, 25.3020574164, 199.0595716, 0.0233183101193
0.326997197987, 1.05395820411, 2.0941962301, 0.417929396582, 60.3692931248, 1.11032518654, 1.30474155274, 2.13051856923, 28.0722196072, 206.756921885, 0.0164833198024
0.637665121873, 0.865782758737, 2.00847061983, 0.455443075052, 34.202135533, 20.2238235695, 1.18739891647, 4.8416243514, 1.31367115071, 104.175053267, 0.387400193494
0.106229538218, 0.908060393613, 4.5304520938, 0.467087592085, 35.5951676413, 1.01851305656, 0.12355549077, 4.76976085184, 25.3020574164, 227.471926814, 0.0109020716215
0.124651346078, 0.865782758737, 2.24158775869, 0.455443075052, 12.0357567019, 3.30412417768, 1.28851613316, 4.72685211085, 25.3020574164, 168.597853925, 0.0356915473074
0.148719007982, 1.10775938605, 3.07522168679, 0.579420224816, 89.0979329452, 1.17321834835, 0.739239846528, 4.7671334736, 29.6749724447, 195.960237924, 0.0241411587574
0.643735384539, 0.891711712818, 2.62029876328, 0.554157950163, 94.8508230383, 1.88692933577, 0.476902251247, 3.71892351184, 21.5820223896, 119.17730031, 0.157290819092
0.132934964525, 1.05395820411, 4.47062443798, 0.517049875946, 90.5557999067, 1.04253163071, 2.6517860993, 2.81698878765, 8.57376514303, 581.673162653, 0.0106270266016
0.124651346078, 1.04761572199, 2.24158775869, 0.467087592085, 31.4639979504, 1.0364815631, 1.28851613316, 4.72685211085, 25.3020574164, 256.3235705, 0.0126869818909
0.124651346078, 0.857687144126, 2.24158775869, 0.467087592085, 31.4639979504, 1.0364815631, 1.28851613316, 4.72685211085, 25.3020574164, 237.674489023, 0.0128570805799
0.438327645667, 0.891711712818, 2.62029876328, 0.554157950163, 60.9965796147, 1.88692933577, 0.476902251247, 3.71892351184, 21.5820223896, 139.163555642, 0.0605732206791
0.124651346078, 0.990017537521, 2.24158775869, 0.502329958746, 35.5951676413, 1.01851305656, 1.28851613316, 2.94658664762, 8.33465007983, 207.263948549, 0.0177907223827
0.733901393436, 0.829000541174, 2.02482582852, 0.6807089701, 35.5951676413, 5.53777703827, 0.275909909136, 4.88199432485, 1.31367115071, 123.524221988, 0.138399339285
0.643735384539, 0.891711712818, 2.62029876328, 0.554157950163, 94.8508230383, 1.88692933577, 0.476902251247, 3.71892351184, 14.2756843411, 129.112415198, 0.0775348682341
0.132934964525, 1.05395820411, 4.47062443798, 0.517049875946, 84.4217353963, 1.04253163071, 2.6517860993, 2.81698878765, 8.57376514303, 547.774031985, 0.0125851594339
