1.93658301376, 1.0862942236, 1.56454876662, 0.978163163498, 2.83000012427, 0.877858042864, 3.28958547638, 1.26000008459, 1.14000098266, 1.51264360692, 3.05612592492, 1.0749094776, 3.04000075903, 1.10089764035, 1.03650433969, 1.00000058156, 1.00000079233, 1.09382335329, 3.63455561144, 0.951287364455, 1.00000055904, 96.1222938203, 0.883678923563, 3.69638754745, 1.00251550756, 3.29000051182, 1.00000042007, 33.1115323318, 7.58331793315
4.12990270346, 1.07167101793, 1.71359316865, 0.800879102512, 2.83000081839, 0.998738860717, 3.40225320866, 1.26000089717, 1.14000022907, 1.49672966687, 2.97492906461, 1.01121037253, 3.04000015107, 1.01950602567, 1.06612690697, 1.00000085662, 1.0000009935, 1.09477102853, 5.13113105112, 0.971498545637, 1.00000022769, 87.8429170167, 0.893189038782, 1.66712557985, 0.981970608173, 3.29000001326, 1.00000034216, 35.5139115936, 14.8245173366
5.54081638047, 1.10500898308, 1.50277293028, 0.993953775437, 2.83000038786, 0.873400752827, 5.96028408555, 1.26000048058, 1.14000016545, 2.98256396231, 1.77318650621, 0.996209597663, 3.04000004406, 1.05078819391, 0.789026097004, 1.00000064881, 1.0000002034, 1.01768820485, 6.60333680742, 0.956949131659, 1.00000080475, 97.2596592426, 0.855085169934, 1.32589329826, 1.03293171878, 3.29000090074, 1.00000031236, 38.2147421645, 9.27819433487
1.54781470248, 1.05578788629, 1.35666418819, 0.989628678399, 2.83000092866, 1.1890936514, 1.3668911442, 1.2600001918, 1.1400003422, 2.81135506105, 2.46036047921, 0.933486618582, 3.04000017623, 1.05738385869, 0.781899498152, 1.00000061798, 1.00000049308, 1.00079855942, 8.38999300644, 0.976491386702, 1.00000093078, 75.0642534806, 0.921576850654, 1.93737916634, 0.999767378477, 3.29000079533, 1.00000020763, 49.784761444, 8.86378686713
1.19148940102, 1.11691965489, 1.41117082921, 0.852739427736, 2.83000089394, 0.963141152844, 2.24945298053, 1.2600002873, 1.14000037596, 1.79133239134, 2.03766042188, 1.01679274942, 3.04000054213, 1.02823042712, 0.783189854255, 1.00000022599, 1.00000042833, 1.07432023206, 6.69616686527, 0.936847809034, 1.0000001166, 79.6979638948, 0.945640330277, 5.99899080674, 0.952900369751, 3.29000032429, 1.00000007607, 52.1651338454, 8.7563880163
2.76196435651, 1.04062760631, 1.61329156618, 0.954924617451, 2.83000034034, 1.07726196688, 1.46017488851, 1.26000060648, 1.14000070832, 3.2771905068, 1.80057699278, 0.974003358621, 3.04000071546, 1.10816374648, 0.832390716004, 1.00000093286, 1.00000020156, 1.07501437657, 5.28858632537, 0.965057560145, 1.00000036298, 124.553992734, 1.02113114605, 1.87220726233, 1.0307655632, 3.29000065185, 1.0000002207, 43.2239084027, 11.3420057482
1.93546539391, 1.10500898308, 1.67349074573, 0.835881570008, 2.83000018647, 1.08332344298, 3.24997540893, 1.26000097262, 1.14000030561, 1.57464639671, 2.77844077463, 0.892174171221, 3.04000079668, 1.0601864132, 0.82854770464, 1.00000083278, 1.00000022519, 1.00831752194, 6.28186008044, 0.94444832897, 1.00000018708, 75.4542058325, 1.07942735003, 3.31400240483, 0.984117764576, 3.29000041337, 1.0000001443, 43.2965227829, 11.4507484592
4.15970007875, 1.06352276617, 1.69153309761, 0.914465072854, 2.83000007796, 0.862137324174, 3.82265538127, 1.26000088952, 1.140000248, 2.63315934964, 2.97715709122, 0.917381340211, 3.04000083476, 1.11462309293, 0.804655827395, 1.0000000454, 1.00000097727, 1.03133033085, 4.07139959588, 0.954467146261, 1.00000029128, 100.0346802, 1.05992986599, 3.96059657281, 1.00143884115, 3.29000075563, 1.00000071769, 44.4874820252, 12.1500802798
5.80704002227, 1.07861498656, 1.43218054834, 0.965527514067, 2.83000034426, 1.13691820075, 2.7424226043, 1.26000050715, 1.14000045325, 1.61546330479, 1.58142594698, 1.0709766506, 3.04000056656, 1.1135580883, 0.998529214751, 1.00000069758, 1.00000079551, 1.03997859703, 6.34872481146, 0.957646222558, 1.00000040315, 78.9106791452, 1.03301498422, 2.43936694411, 0.974487477813, 3.29000065185, 1.00000090339, 75.8857368117, 9.77198006892
2.93994813417, 1.10380791397, 1.49486904683, 0.822869350175, 2.83000028143, 1.0026728348, 3.67256549337, 1.26000047217, 1.14000081, 2.84384201467, 2.05779264521, 1.08087254929, 3.04000092555, 1.09435623695, 0.840442155952, 1.00000065602, 1.00000070997, 1.07997736714, 9.93942522338, 0.934232818316, 1.00000074016, 81.9455243187, 1.0296645482, 2.8389395355, 1.03693454489, 3.29000076507, 1.00000076359, 72.4183003254, 9.96453715028
1.1641945378, 1.10221700331, 1.48040942827, 0.970144820353, 2.83000096773, 0.939897793978, 3.95737398774, 1.26000065389, 1.14000031986, 3.06141119146, 2.29565308598, 1.03858853886, 3.04000063705, 1.05245012579, 0.894250417014, 1.00000039119, 1.00000022876, 1.06890295977, 4.01880727171, 0.969563289472, 1.0000006555, 97.8196008507, 1.04596963922, 3.20013585928, 1.01269403471, 3.29000031862, 1.00000093502, 61.4486638172, 10.5194989705
2.76196435651, 1.04062760631, 1.61329156618, 0.954924617451, 2.83000034034, 1.07726196688, 1.46017488851, 1.26000060648, 1.14000070832, 1.61546330479, 2.08213567902, 0.974003358621, 3.04000071546, 1.10816374648, 0.832390716004, 1.00000093286, 1.00000003959, 1.03997859703, 5.28858632537, 0.965057560145, 1.00000036298, 124.553992734, 1.02113114605, 1.87220726233, 1.0307655632, 3.29000070065, 1.0000002207, 60.5234306083, 10.7245954292
1.83938265905, 1.04723583486, 1.49878281488, 0.890615734529, 2.83000098541, 1.15957696602, 3.65968636108, 1.260000721, 1.14000023727, 3.2359699134, 2.81719765108, 1.07491693772, 3.04000063882, 1.01760226127, 0.79174132596, 1.00000098609, 1.00000026243, 1.09380114362, 5.42155085338, 0.984490250667, 1.00000038227, 93.3551489405, 0.992107241985, 2.74448359055, 0.964921985704, 3.29000098035, 1.00000005304, 48.9301316689, 16.8431793901
2.14679752344, 1.08919821931, 1.35763839561, 0.844876223049, 2.83000036644, 1.11067403666, 2.74132966484, 1.260000721, 1.14000086719, 2.09611580052, 1.87223681156, 1.00992091291, 3.04000043469, 1.07053986172, 1.05996563827, 1.00000098609, 1.00000042914, 1.00325740217, 3.78331211501, 0.954340577878, 1.00000033273, 82.1172646014, 1.01283386866, 4.89072982105, 0.951483244652, 3.29000085426, 1.00000004157, 62.9223867977, 10.9856877206
2.00599266135, 1.06231156569, 1.63648296926, 0.806230021887, 2.83000094587, 0.955556929634, 1.04056531431, 1.26000086663, 1.14000062928, 3.06069730261, 2.04734386239, 0.924727803252, 3.04000033273, 1.11975578053, 1.06622737951, 1.00000075659, 1.00000099461, 1.08668339687, 3.1544271235, 0.987917415658, 1.0000002393, 77.4208703795, 1.07073942812, 4.78799177604, 0.980557992976, 3.29000015744, 1.00000059188, 65.5023192844, 10.93308885
1.93546539391, 1.10500898308, 1.64609875007, 0.835881570008, 2.83000018647, 1.08332344298, 3.24997540893, 1.26000097262, 1.14000030561, 1.57464639671, 2.77844077463, 0.892174171221, 3.04000079668, 1.0601864132, 0.82854770464, 1.00000083278, 1.00000022519, 1.00831752194, 6.28186008044, 0.94444832897, 1.00000018708, 96.2137255595, 1.07942735003, 3.31400240483, 0.984117764576, 3.29000041337, 1.0000001443, 54.2130227026, 16.9177391395
1.15830899563, 1.00702021005, 1.48966657024, 0.881031380472, 2.83000034969, 1.00546451689, 5.96028408555, 1.2600003996, 1.14000051865, 2.85187098385, 2.76614225846, 0.998847937291, 3.04000017782, 1.07799155721, 0.979193655515, 1.00000046314, 1.00000026487, 1.01818701639, 4.90951004704, 0.979385008193, 1.00000047807, 110.197826316, 0.891358442807, 1.36302094401, 0.953766483084, 3.29000084813, 1.0000000875, 128.866416738, 10.9678319092
4.27501949218, 1.01545313141, 1.65925560419, 0.938235395152, 2.83000005854, 1.18888072546, 5.79007570031, 1.260000858, 1.14000066016, 3.2771905068, 2.3933759239, 1.06418315551, 3.04000018882, 1.05600732367, 0.85398952287, 1.00000032236, 1.00000089415, 1.05102762195, 8.09647096138, 0.979993103676, 1.00000046768, 93.192443575, 0.887694479915, 3.59344899023, 1.02486533985, 3.29000000579, 1.00000089276, 55.8639157802, 17.2093521236
1.93658301376, 1.0862942236, 1.56454876662, 0.978163163498, 2.83000012427, 0.877858042864, 3.28958547638, 1.26000014573, 1.14000098266, 1.51264360692, 2.99910814082, 1.0749094776, 3.04000075903, 1.10089764035, 1.03650433969, 1.00000058156, 1.00000079233, 1.09382335329, 3.63455561144, 0.951287364455, 1.00000055904, 96.1222938203, 0.883678923563, 3.69638754745, 1.00251550756, 3.29000051182, 1.00000042007, 128.271521505, 11.1683919192
4.13689223063, 1.06755383203, 1.47828621113, 0.850891757021, 2.83000027199, 0.988586639093, 5.64279317579, 1.2600001198, 1.14000079515, 1.51972361541, 3.05509075342, 0.941465116152, 3.04000047199, 1.02949033152, 0.877541395167, 1.00000095191, 1.00000091989, 1.06650008199, 5.17657692237, 0.96407903677, 1.00000070602, 79.7391023103, 0.993940738488, 1.52353605616, 0.998910497336, 3.29000097434, 1.00000021921, 73.5122667146, 11.4473604697
1.83938265905, 1.04723583486, 1.49878281488, 0.890615734529, 2.83000098541, 1.15957696602, 5.72462792448, 1.260000721, 1.14000023727, 3.2359699134, 2.81719765108, 1.07491693772, 3.04000063882, 1.01760226127, 0.79174132596, 1.00000098609, 1.00000026243, 1.09380114362, 5.42155085338, 0.957972912546, 1.00000038227, 93.3551489405, 1.02664040174, 2.74448359055, 0.964921985704, 3.29000098035, 1.00000005304, 142.724419408, 11.4274602592
1.19148940102, 1.07167101793, 1.62971189213, 0.807709444872, 2.83000081839, 0.998738860717, 5.0542387067, 1.26000081734, 1.14000022907, 1.85242053645, 2.97492906461, 1.01121037253, 3.04000068762, 1.01950602567, 1.03440205124, 1.00000085662, 1.0000009935, 1.09477102853, 5.13113105112, 0.971498545637, 1.00000032154, 77.4208703795, 0.893189038782, 2.61824142696, 0.981970608173, 3.29000001326, 1.00000001584, 97.2113828061, 12.1778593853
4.17474646912, 1.06352276617, 1.4924935738, 0.914465072854, 2.83000007796, 0.862137324174, 3.82265538127, 1.26000088952, 1.140000248, 2.63315934964, 2.97715709122, 0.892174171221, 3.04000083476, 1.11462309293, 0.804655827395, 1.0000000454, 1.00000097727, 1.03133033085, 9.47699447455, 0.954467146261, 1.00000029128, 100.0346802, 0.951775163808, 3.96059657281, 1.00143884115, 3.29000075563, 1.00000071769, 133.343729981, 11.4720477617
3.51562065911, 1.01594237413, 1.36974836341, 0.800476376379, 2.83000098239, 1.0552849566, 5.33961310031, 1.26000033834, 1.14000083594, 3.29851902519, 2.32915790942, 0.961738597234, 3.04000058262, 1.05094554964, 1.04748567721, 1.00000078032, 1.00000035023, 1.0891697963, 8.05153769926, 0.988373395838, 1.00000035417, 114.00417552, 0.885319779007, 4.21826578358, 0.963724745168, 3.29000052392, 1.00000011203, 93.9704973622, 14.8843763179
5.22324884989, 1.04622387236, 1.40726800964, 0.808755179802, 2.83000088207, 1.15631878484, 3.14233592067, 1.26000049638, 1.1400009938, 3.56427343218, 1.74234524764, 0.995940926175, 3.04000030002, 1.07435851173, 0.894722133614, 1.00000098261, 1.00000048059, 1.05543033653, 9.16768117027, 0.995298280197, 1.00000033339, 113.913030397, 1.07942735003, 5.08788461639, 0.954241525494, 3.29000004077, 1.00000087067, 92.1038611526, 15.2436271562
5.54081638047, 1.10500898308, 1.50277293028, 0.993953775437, 2.83000038786, 0.873400752827, 5.96028408555, 1.26000048058, 1.14000070832, 3.2771905068, 1.77318650621, 0.996209597663, 3.04000004406, 1.00470172878, 0.789026097004, 1.00000093286, 1.0000002034, 1.01768820485, 6.54549330485, 0.956949131659, 1.00000080475, 97.2596592426, 0.855085169934, 1.87220726233, 1.03293171878, 3.29000090074, 1.00000031236, 109.472938215, 12.7359489692
2.76196435651, 1.04062760631, 1.57131318131, 0.918158205987, 2.83000008611, 1.07726196688, 1.46017488851, 1.260000721, 1.14000070832, 1.95908522925, 1.63658867551, 0.973462997112, 3.04000071546, 1.10816374648, 0.832390716004, 1.00000093286, 1.00000030151, 1.03997859703, 5.28858632537, 0.965057560145, 1.00000038227, 124.553992734, 1.02113114605, 1.87220726233, 1.0159610953, 3.29000070065, 1.0000002207, 105.582865629, 12.7611655393
5.59114657591, 1.05350932255, 1.40062384549, 0.862279121722, 2.83000096617, 0.933613746568, 5.72462792448, 1.26000044841, 1.14000080775, 2.59719055883, 2.38382441583, 1.02016339359, 3.04000075304, 1.10362302185, 0.781352398988, 1.00000001285, 1.00000000793, 1.02803784463, 7.10645089918, 0.957972912546, 1.0000007346, 100.358807887, 1.01311439079, 5.00801688621, 0.972595142567, 3.29000042161, 1.00000082675, 134.471897241, 11.8677142117
2.93994813417, 1.10380791397, 1.49486904683, 0.822869350175, 2.83000028143, 1.0026728348, 3.67256549337, 1.26000047217, 1.14000081, 2.84384201467, 2.05779264521, 1.08087254929, 3.0400009865, 1.09435623695, 0.840442155952, 1.00000044725, 1.0000004178, 1.07997736714, 9.93942522338, 0.934232818316, 1.00000074016, 81.9455243187, 1.0296645482, 1.5939934113, 1.03693454489, 3.29000076507, 1.00000076359, 102.999931653, 15.1616370734
2.76196435651, 1.04062760631, 1.61329156618, 0.954924617451, 2.83000034034, 1.07726196688, 1.46017488851, 1.26000060648, 1.14000070832, 1.61546330479, 2.08213567902, 0.974003358621, 3.04000071546, 1.10816374648, 0.832390716004, 1.00000093286, 1.00000021674, 1.03997859703, 5.28858632537, 0.965057560145, 1.00000036298, 124.553992734, 1.02113114605, 1.87220726233, 1.0307655632, 3.29000070065, 1.0000002207, 112.576982095, 12.7791096132
3.51562065911, 1.01594237413, 1.36974836341, 0.800476376379, 2.83000098002, 1.18681680241, 5.33961310031, 1.26000033834, 1.14000065625, 3.29851902519, 2.32915790942, 0.992680841368, 3.04000058262, 1.05094554964, 1.08309103281, 1.00000078032, 1.00000041129, 1.0891697963, 8.05153769926, 0.988373395838, 1.00000035417, 114.00417552, 0.885319779007, 5.68069983855, 0.963724745168, 3.29000052392, 1.00000011203, 76.8684922162, 19.1904372884
2.14679752344, 1.08919821931, 1.35763839561, 0.844876223049, 2.83000036644, 1.11067403666, 2.74132966484, 1.26000086415, 1.14000086719, 2.09611580052, 1.87223681156, 1.00992091291, 3.04000051904, 1.07053986172, 1.05996563827, 1.00000059306, 1.00000042914, 1.00325740217, 3.78331211501, 0.954340577878, 1.00000033273, 82.1172646014, 1.01283386866, 4.89072982105, 0.951483244652, 3.2900002866, 1.00000004157, 81.6826159558, 19.5381316069
1.83938265905, 1.04723583486, 1.49878281488, 0.890615734529, 2.83000098541, 1.15957696602, 3.65968636108, 1.260000721, 1.14000023727, 3.2359699134, 2.81719765108, 1.07491693772, 3.04000063882, 1.04978568854, 0.79174132596, 1.00000098609, 1.00000026243, 1.10555936353, 5.42155085338, 0.984490250667, 1.00000038227, 93.3551489405, 0.992107241985, 3.8092855368, 0.964921985704, 3.29000098035, 1.00000005304, 88.573823683, 19.3703488687
3.35274243444, 1.04723583486, 1.49878281488, 0.821913280203, 2.83000099588, 1.15957696602, 5.72462792448, 1.260000721, 1.14000023727, 3.2359699134, 2.81719765108, 1.07491693772, 3.04000063882, 1.00109875186, 0.79174132596, 1.00000098609, 1.00000026243, 1.09380114362, 5.42155085338, 0.957972912546, 1.00000038227, 93.3551489405, 1.02664040174, 2.74448359055, 0.964921985704, 3.29000098035, 1.00000005304, 127.700189775, 12.90809021
4.13689223063, 1.06755383203, 1.47828621113, 0.850891757021, 2.83000027199, 0.988586639093, 5.64279317579, 1.2600001198, 1.14000079515, 1.51972361541, 3.05509075342, 0.941465116152, 3.04000047199, 1.02949033152, 0.877541395167, 1.00000095191, 1.00000091989, 1.06650008199, 5.17657692237, 0.96407903677, 1.00000070602, 79.7391023103, 0.993940738488, 1.52353605616, 0.998910497336, 3.29000098869, 1.0000000875, 124.416958534, 13.4521347312
1.94405765579, 1.08412130012, 1.41781613294, 0.948756238384, 2.83000080089, 0.880089690992, 3.35605716685, 1.26000036508, 1.140000226, 2.51175988719, 1.72602190436, 0.999425621532, 3.04000099918, 1.02277779309, 0.863092864023, 1.00000088764, 1.00000026568, 1.05609614631, 8.82199498587, 0.965071037601, 1.00000074332, 95.255740391, 1.03859283077, 5.07532794966, 1.01662224546, 3.29000017124, 1.00000064276, 111.038256306, 15.7969207781
2.40400631982, 1.01163136841, 1.57977794958, 0.876210698628, 2.83000013942, 0.985674157808, 2.94117151434, 1.26000087727, 1.14000039762, 3.25582088592, 2.49995087953, 1.02351181292, 3.04000061397, 1.09591911573, 1.07172044379, 1.00000058663, 1.00000093547, 1.07588951826, 3.37279421701, 0.962581678206, 1.0000005145, 116.802604045, 1.01342755544, 4.51511733382, 0.954327000505, 3.29000024346, 1.00000007329, 97.0317228017, 20.9337748
2.14679752344, 1.08919821931, 1.49878281488, 0.844876223049, 2.83000036644, 1.11067403666, 2.74132966484, 1.26000086415, 1.14000086719, 2.09611580052, 1.87223681156, 1.00992091291, 3.04000051904, 1.07053986172, 1.07510406594, 1.00000059306, 1.00000042914, 1.00325740217, 3.78331211501, 0.9683982221, 1.00000033273, 82.1172646014, 1.01283386866, 4.89072982105, 0.951483244652, 3.2900002866, 1.00000004157, 198.304819673, 12.7955795253
1.76070989924, 1.08096853899, 1.57305416817, 0.803414140827, 2.83000031031, 1.02539673544, 4.28684868476, 1.26000079238, 1.14000033694, 3.35802766083, 1.93046237232, 1.07078245952, 3.04000082135, 1.02742487903, 0.847095114828, 1.00000031471, 1.00000021785, 1.08629791221, 6.78084707939, 0.952328768107, 1.00000062688, 96.1315832509, 1.00002622851, 3.32537677004, 1.06936208683, 3.29000006432, 1.00000050693, 126.453812908, 16.3095496982
1.19148940102, 1.07167101793, 1.71359316865, 0.801890678261, 2.83000085186, 0.876963527871, 5.0542387067, 1.26000081734, 1.1400000478, 1.43526883725, 2.97492906461, 1.01121037253, 3.04000068762, 1.01255804363, 0.992895225639, 1.00000085662, 1.0000009935, 1.09477102853, 5.13113105112, 0.971498545637, 1.00000082929, 77.4208703795, 0.893189038782, 2.61824142696, 0.981970608173, 3.29000041115, 1.00000034216, 103.866534618, 21.1951242321
5.13074743844, 1.11656024688, 1.34263099953, 0.973689775534, 2.83000076406, 1.09318971994, 4.62021190822, 1.26000028468, 1.14000077394, 1.91213631951, 2.60625378773, 1.09926097341, 3.04000013984, 1.0656836232, 0.875821218862, 1.00000030805, 1.00000003603, 1.02983651506, 6.91948683118, 0.944472997267, 1.00000016014, 122.386019916, 0.929141673454, 5.53026109005, 0.955331250029, 3.29000062762, 1.00000016452, 186.077778986, 13.1441126498
2.14679752344, 1.01408266348, 1.66350450157, 0.917660775413, 2.83000019107, 1.03755076883, 1.72314628257, 1.2600009208, 1.1400008922, 3.15833905469, 1.87223681156, 1.07714845999, 3.04000030263, 1.01998966969, 0.825403130532, 1.00000088191, 1.00000037802, 1.09308379911, 4.61359499706, 0.96714014042, 1.00000065644, 85.0157979906, 1.06044075031, 1.07142660108, 1.00418967513, 3.29000046916, 1.00000032496, 138.134436094, 14.0056055112
3.76258805098, 1.08404725174, 1.6644896622, 0.830552851551, 2.83000029727, 1.15631878484, 4.96542534559, 1.26000053934, 1.14000042758, 3.56427343218, 2.83935151655, 1.00470870083, 3.04000011201, 1.02977718441, 0.913255352212, 1.00000004007, 1.00000099673, 1.08926871176, 4.13816500861, 0.935234316017, 1.00000033339, 113.0060646, 0.929378930474, 1.58340159468, 1.01420430885, 3.29000092862, 1.00000087067, 141.938136968, 14.0051760572
4.8409161573, 1.03527157257, 1.38001518681, 0.924904630906, 2.83000056089, 1.17863982578, 3.01560756161, 1.26000090532, 1.1400009857, 2.98262968078, 2.70392371555, 0.880415836859, 3.04000060493, 1.09057716784, 0.947851570706, 1.00000097376, 1.00000069385, 1.10493106293, 7.01504181927, 0.96475074795, 1.00000040651, 117.460827948, 0.904018305333, 1.52676060711, 0.973025994041, 3.29000067373, 1.00000009404, 108.133729503, 20.2690960542
2.93994813417, 1.10380791397, 1.69153309761, 0.822869350175, 2.83000028143, 1.0026728348, 3.82265538127, 1.26000088952, 1.140000248, 2.63315934964, 2.97715709122, 0.917381340211, 3.04000083476, 1.11462309293, 0.804655827395, 1.0000000454, 1.00000097727, 1.03133033085, 4.07139959588, 0.954467146261, 1.00000029128, 100.0346802, 1.05992986599, 3.96059657281, 1.00143884115, 3.29000075563, 1.00000054313, 210.504030955, 13.0215489873
5.54081638047, 1.10500898308, 1.50277293028, 0.993953775437, 2.83000038786, 0.873400752827, 5.68816160459, 1.26000048058, 1.14000016545, 2.98256396231, 1.71394767234, 0.996209597663, 3.04000004406, 1.05078819391, 0.789026097004, 1.00000064881, 1.0000002034, 1.01768820485, 6.14881561116, 0.956949131659, 1.00000080475, 97.2596592426, 0.855085169934, 1.49554890486, 1.03293171878, 3.29000090074, 1.00000031236, 128.769951234, 15.7588345209
1.83938265905, 1.04723583486, 1.49878281488, 0.906090984575, 2.83000098541, 1.16223847647, 5.96028408555, 1.260000721, 1.14000023727, 3.2359699134, 2.81719765108, 1.07491693772, 3.04000063882, 1.01760226127, 0.79174132596, 1.00000098609, 1.00000026243, 1.09380114362, 5.42155085338, 0.984490250667, 1.00000038227, 93.3551489405, 0.992107241985, 2.74448359055, 1.062951958, 3.29000098035, 1.00000005304, 216.094699221, 13.2066469492
2.00599266135, 1.06231156569, 1.63648296926, 0.806230021887, 2.83000094587, 0.955556929634, 1.04056531431, 1.26000086663, 1.14000062928, 2.92119637076, 2.04734386239, 0.924727803252, 3.04000033273, 1.11975578053, 1.03924968575, 1.00000075659, 1.00000096358, 1.08668339687, 3.1544271235, 0.987917415658, 1.0000002393, 84.7605097181, 1.07073942812, 4.78799177604, 1.03774208027, 3.29000015744, 1.00000059188, 164.312103407, 14.1204955657
4.53494271453, 1.13737319991, 1.3535999127, 0.860526484595, 2.83000059719, 0.854203779738, 4.88390204119, 1.26000065913, 1.14000045374, 3.56427343218, 2.83935151655, 1.00470870083, 3.04000011201, 1.02977718441, 0.913255352212, 1.00000004007, 1.00000019043, 1.08926871176, 6.63655774897, 0.977366590596, 1.00000002122, 83.7501197979, 0.867676682836, 1.58340159468, 1.01420430885, 3.29000055778, 1.00000019904, 218.443957659, 13.2615887215
5.54081638047, 1.02890590827, 1.50277293028, 0.993953775437, 2.83000038786, 0.873400752827, 5.68816160459, 1.26000048058, 1.14000016545, 2.98256396231, 1.71394767234, 0.996209597663, 3.04000004406, 1.02796545348, 0.789026097004, 1.00000064881, 1.0000002034, 1.01768820485, 6.14881561116, 0.956949131659, 1.00000080475, 97.2596592426, 0.855085169934, 1.49554890486, 1.03293171878, 3.29000090074, 1.00000031236, 186.360685633, 14.7634260543
4.12990270346, 1.11149414863, 1.59687530738, 0.830385609628, 2.83000001721, 1.00590324312, 3.74139923689, 1.26000022711, 1.14000094447, 2.99926425332, 1.93891530108, 0.976564259135, 3.04000033727, 1.04174213523, 1.01384293037, 1.00000000913, 1.00000025438, 1.01075443478, 7.16295480098, 0.963183082551, 1.00000060954, 103.514921732, 1.08189094387, 4.70430421186, 0.981746965135, 3.29000049497, 1.00000025537, 113.319685034, 20.9444060825
1.93546539391, 1.10500898308, 1.64609875007, 0.835881570008, 2.83000018647, 1.08332344298, 3.24997540893, 1.26000097262, 1.14000030561, 1.27148955139, 3.00887820087, 0.892174171221, 3.04000079668, 1.0601864132, 0.82854770464, 1.00000095194, 1.00000022519, 1.00831752194, 6.28186008044, 0.989714096448, 1.00000018708, 96.2137255595, 1.07942735003, 3.31400240483, 0.984117764576, 3.29000098035, 1.0000001443, 255.373790191, 13.8326493623
1.76070989924, 1.08096853899, 1.57305416817, 0.803414140827, 2.83000030699, 1.02539673544, 4.28684868476, 1.26000079238, 1.14000033694, 3.35802766083, 1.93046237232, 1.07292410687, 3.04000082135, 1.02742487903, 0.847095114828, 1.00000031471, 1.0000001914, 1.08629791221, 6.78084707939, 0.952328768107, 1.00000062688, 96.1315832509, 1.00002622851, 3.32537677004, 1.06936208683, 3.29000006432, 1.00000050693, 172.297105009, 14.9613039949
1.50264676444, 1.08035636903, 1.41117082921, 0.852739427736, 2.83000089394, 0.963141152844, 2.24945298053, 1.2600002873, 1.14000037596, 1.5491818883, 2.03766042188, 1.04396056589, 3.04000054213, 1.03193970884, 0.783189854255, 1.00000022599, 1.00000042833, 1.07432023206, 6.69616686527, 0.936847809034, 1.0000001166, 79.6979638948, 0.945640330277, 5.99899080674, 0.952900369751, 3.29000058, 1.00000003279, 120.711264294, 21.923060302
1.54781470248, 1.05578788629, 1.35666418819, 0.972380421587, 2.83000092746, 1.1890936514, 1.86373024486, 1.2600001918, 1.1400003422, 2.81135506105, 2.46036047921, 0.968787971019, 3.04000017623, 1.05738385869, 0.784346105674, 1.00000061798, 1.00000072695, 1.08277609893, 5.37596038959, 0.976491386702, 1.00000093078, 75.0642534806, 0.921576850654, 1.62717503444, 1.01581056582, 3.29000079533, 1.00000056559, 119.564275037, 22.3816815542
2.14679752344, 1.08919821931, 1.35763839561, 0.844876223049, 2.83000047796, 1.11067403666, 3.65968636108, 1.260000721, 1.14000086719, 2.09611580052, 1.87223681156, 0.965779984673, 3.04000043469, 1.09449397767, 1.05996563827, 1.00000098609, 1.00000026243, 1.00325740217, 3.78331211501, 0.954340577878, 1.00000033273, 82.1172646014, 1.01283386866, 4.89072982105, 0.951483244652, 3.29000085426, 1.00000005304, 120.804300069, 21.5556955585
1.19148940102, 1.07167101793, 1.71359316865, 0.801890678261, 2.83000081839, 0.998738860717, 5.0542387067, 1.26000081734, 1.14000022907, 1.49672966687, 2.97492906461, 1.01121037253, 3.04000068762, 1.01950602567, 1.03440205124, 1.00000085662, 1.0000009935, 1.09477102853, 5.13113105112, 0.971498545637, 1.00000022769, 77.4208703795, 0.893189038782, 2.61824142696, 0.981970608173, 3.29000001326, 1.00000034216, 194.940664337, 14.8337178814
2.89452798198, 1.02538119967, 1.61329156618, 0.954924617451, 2.83000034034, 1.07726196688, 1.46017488851, 1.26000060648, 1.14000070832, 1.61546330479, 2.08213567902, 0.974003358621, 3.04000071546, 1.04424621373, 0.832390716004, 1.00000093286, 1.00000042245, 1.03997859703, 5.28858632537, 0.965057560145, 1.00000036298, 124.553992734, 1.05887645493, 1.86274529476, 1.0307655632, 3.29000063373, 1.00000019904, 123.228164769, 21.7438673904
1.83938265905, 1.04723583486, 1.49878281488, 0.906090984575, 2.83000098541, 1.16223847647, 3.51156953655, 1.260000721, 1.14000023727, 3.2359699134, 2.81719765108, 1.07491693772, 3.04000063882, 1.01760226127, 0.837730848859, 1.00000098609, 1.00000026243, 1.09380114362, 5.42155085338, 0.984490250667, 1.00000038227, 93.3551489405, 0.992107241985, 2.74448359055, 1.062951958, 3.29000098035, 1.00000005304, 135.360945578, 16.6345231512
1.50264676444, 1.13589263654, 1.41117082921, 0.852739427736, 2.83000091927, 0.963141152844, 2.24945298053, 1.2600002873, 1.14000037596, 1.5491818883, 2.03766042188, 1.01121037253, 3.04000054213, 1.03193970884, 0.783189854255, 1.00000022599, 1.00000042833, 1.07432023206, 6.69616686527, 0.936847809034, 1.0000001166, 79.6979638948, 0.945640330277, 5.99899080674, 0.952900369751, 3.29000058, 1.00000003279, 141.841713361, 16.2061340596
2.00599266135, 1.06231156569, 1.63648296926, 0.89178953084, 2.83000091614, 0.955556929634, 1.04056531431, 1.26000086663, 1.14000062928, 2.92119637076, 2.04734386239, 0.916624570034, 3.04000033273, 1.11975578053, 1.03924968575, 1.00000075659, 1.00000096358, 1.08547806436, 3.1544271235, 0.987917415658, 1.0000002393, 84.7605097181, 1.07073942812, 4.78799177604, 1.03774208027, 3.29000015744, 1.00000059859, 125.58689948, 21.3850299511
4.13689223063, 1.06755383203, 1.47828621113, 0.850891757021, 2.83000027199, 0.988586639093, 5.64279317579, 1.2600001198, 1.14000069495, 1.51972361541, 3.05509075342, 0.941465116152, 3.04000047199, 1.02949033152, 0.877541395167, 1.00000095191, 1.00000091989, 1.06650008199, 5.17657692237, 0.96407903677, 1.00000070602, 79.7391023103, 0.993940738488, 1.52353605616, 0.998910497336, 3.29000097434, 1.00000021921, 219.517278345, 14.194645469
2.40400631982, 1.01163136841, 1.60158618083, 0.876210698628, 2.83000013942, 0.985674157808, 2.94117151434, 1.26000089982, 1.14000039762, 3.25582088592, 2.54491640862, 0.959206046169, 3.04000059533, 1.09591911573, 1.07172044379, 1.00000027146, 1.00000081623, 1.07588951826, 4.17614451269, 0.981458066845, 1.00000098532, 116.802604045, 1.06681037457, 4.51511733382, 1.00251550756, 3.29000051182, 1.00000007329, 285.356706901, 14.3553067814
2.40400631982, 1.01163136841, 1.60158618083, 0.876210698628, 2.8300001057, 0.985674157808, 2.94117151434, 1.26000087727, 1.14000000108, 3.25582088592, 2.22034843266, 1.04504280418, 3.04000059533, 1.09591911573, 0.839206294558, 1.00000058663, 1.00000081623, 1.02068955356, 4.17614451269, 0.977366590596, 1.00000099962, 121.100463687, 1.06681037457, 4.51511733382, 0.954327000505, 3.29000024346, 1.00000007329, 146.187623108, 16.4882973948
1.83938265905, 1.01987745939, 1.49878281488, 0.890615734529, 2.83000098541, 1.15957696602, 5.72462792448, 1.260000721, 1.14000023727, 3.2771905068, 2.81719765108, 1.07491693772, 3.04000063882, 1.01760226127, 0.85398952287, 1.00000098609, 1.00000026243, 1.09380114362, 8.60531532279, 0.957972912546, 1.00000047524, 93.3551489405, 1.02664040174, 2.74448359055, 0.964921985704, 3.29000098035, 1.00000005304, 153.906286544, 16.6194373842
1.00690100023, 1.12782659211, 1.63698331682, 0.867480231816, 2.83000043245, 1.18339150793, 4.78306141959, 1.26000041825, 1.140000077, 1.56746009918, 2.20990828249, 0.961253911672, 3.0400002105, 1.10246288107, 1.0261203043, 1.00000018661, 1.00000083729, 1.1039515166, 4.12440071828, 0.944932153436, 1.00000067743, 105.299675998, 0.951566150552, 3.47183789508, 0.994500948119, 3.29000084165, 1.00000030189, 208.57183213, 15.296391516
2.76196435651, 1.04062760631, 1.57131318131, 0.918158205987, 2.83000008611, 1.07726196688, 1.46017488851, 1.26000060648, 1.14000070832, 1.95908522925, 1.60945618295, 0.973462997112, 3.04000071546, 1.10816374648, 0.832390716004, 1.00000093286, 1.00000021674, 1.03997859703, 5.28858632537, 0.965057560145, 1.00000036298, 124.553992734, 1.02113114605, 1.87220726233, 1.0159610953, 3.29000070065, 1.0000002207, 201.504938446, 15.6356471418
2.76196435651, 1.04062760631, 1.57131318131, 0.918158205987, 2.83000008611, 1.07726196688, 1.46017488851, 1.26000060648, 1.14000070832, 1.95908522925, 1.60945618295, 0.973462997112, 3.04000071546, 1.10816374648, 0.832390716004, 1.00000093286, 1.00000021674, 1.10542743011, 5.28858632537, 0.965057560145, 1.00000036298, 84.4808062202, 1.02113114605, 1.87220726233, 1.0159610953, 3.29000070065, 1.00000006485, 151.032890829, 16.6567913178
1.00690100023, 1.08782593405, 1.70399002168, 0.972289087237, 2.83000036354, 1.12003568946, 4.53772319894, 1.26000001929, 1.14000033994, 2.38033616235, 3.08214972569, 1.0918164898, 3.04000087162, 1.09244830351, 0.945376820761, 1.00000008926, 1.00000004228, 1.0936684178, 7.6527914913, 0.995977141503, 1.00000012405, 92.828906439, 1.02156420835, 2.89133876719, 1.00049107749, 3.29000057562, 1.00000068402, 210.123191802, 15.4505937596
1.1641945378, 1.10221700331, 1.48040942827, 0.970144820353, 2.83000091412, 0.939897793978, 1.85848741418, 1.26000065389, 1.140000248, 3.06141119146, 2.29565308598, 1.03858853886, 3.04000063705, 1.05245012579, 0.894250417014, 1.00000039119, 1.00000022876, 1.06890295977, 4.01880727171, 0.969563289472, 1.00000029128, 97.8196008507, 1.04596963922, 3.20013585928, 1.00218957829, 3.29000031862, 1.00000093502, 306.45628746, 14.846028797
1.00690100023, 1.12148594491, 1.63698331682, 0.867480231816, 2.83000043245, 0.975812887295, 4.78306141959, 1.26000041825, 1.140000077, 1.56746009918, 2.20990828249, 0.961253911672, 3.0400002105, 1.10246288107, 1.0261203043, 1.00000018661, 1.00000083729, 1.1039515166, 4.13397288873, 0.9707550653, 1.00000067743, 105.299675998, 0.988083608244, 3.47183789508, 0.994500948119, 3.29000084165, 1.00000030189, 309.656460302, 14.8426688213
3.7583826748, 1.04971482723, 1.64370260284, 0.831790684056, 2.83000015722, 1.1583016164, 3.74139923689, 1.26000034754, 1.14000094447, 3.53924101713, 1.6580520895, 0.966432858339, 3.04000088487, 1.11467412814, 0.938483086252, 1.00000012165, 1.00000087437, 1.00972367133, 9.69264928664, 0.991818489867, 1.00000050628, 76.0143600454, 0.841241830379, 1.60303061528, 1.06142012182, 3.29000054308, 1.0000002141, 152.10124983, 16.7279633068
1.93658301376, 1.0862942236, 1.56454876662, 0.978163163498, 2.83000012427, 0.899054886319, 3.28958547638, 1.26000014573, 1.14000098266, 1.51264360692, 2.99910814082, 1.08446488021, 3.04000075903, 1.11377596054, 0.913884481187, 1.00000058156, 1.00000079233, 1.09382335329, 3.63455561144, 0.951287364455, 1.00000055904, 96.1222938203, 0.883678923563, 3.00732052441, 1.00251550756, 3.29000051182, 1.00000042007, 217.211126721, 15.3158628026
2.40400631982, 1.01163136841, 1.60158618083, 0.876210698628, 2.83000013942, 0.985674157808, 2.94117151434, 1.26000087727, 1.14000039762, 3.25582088592, 2.54491640862, 0.959206046169, 3.04000059533, 1.09591911573, 1.07172044379, 1.00000027146, 1.00000081623, 1.07588951826, 4.17614451269, 0.977366590596, 1.00000098532, 116.802604045, 1.06681037457, 4.51511733382, 0.954327000505, 3.29000024346, 1.00000007329, 148.80687587, 17.3867967608
1.93658301376, 1.0862942236, 1.56454876662, 0.978163163498, 2.83000012427, 0.899054886319, 3.28958547638, 1.26000014573, 1.14000098266, 1.51264360692, 2.99910814082, 1.0749094776, 3.04000075903, 1.10089764035, 0.913884481187, 1.00000058156, 1.00000079233, 1.09382335329, 3.63455561144, 0.951287364455, 1.00000055904, 96.1222938203, 0.883678923563, 3.69638754745, 1.00251550756, 3.29000051182, 1.00000042007, 300.07189034, 15.2385481926
5.8477012793, 1.03637982549, 1.6292887702, 0.926828398123, 2.83000008558, 1.13106098816, 5.63394871973, 1.26000020681, 1.14000088133, 2.90324460037, 2.2396107853, 0.922255218223, 3.04000055435, 1.11455588524, 1.0271655274, 1.00000057102, 1.00000033575, 1.00985965311, 5.6206539487, 0.929058050644, 1.00000012172, 112.013411799, 0.960033893621, 4.75390541192, 1.06202843503, 3.29000031555, 1.00000005227, 135.147182246, 21.8590436345
1.83938265905, 1.04723583486, 1.49878281488, 0.826196342932, 2.83000098541, 1.15957696602, 5.72462792448, 1.260000721, 1.14000023727, 3.2359699134, 2.81719765108, 1.07491693772, 3.04000063882, 1.01760226127, 0.79174132596, 1.00000098609, 1.00000026243, 1.09380114362, 5.42155085338, 0.957972912546, 1.00000038227, 93.3551489405, 1.02664040174, 2.74448359055, 0.964921985704, 3.29000098035, 1.00000005304, 167.203347342, 17.1234497696
2.40400631982, 1.01163136841, 1.60158618083, 0.876210698628, 2.83000013942, 0.985674157808, 1.23465400063, 1.26000087727, 1.14000039762, 3.25582088592, 2.54491640862, 0.959206046169, 3.0400005983, 1.09591911573, 1.07172044379, 1.00000027146, 1.00000081623, 1.07588951826, 4.17614451269, 0.977366590596, 1.00000051246, 116.802604045, 1.06681037457, 4.51511733382, 0.954327000505, 3.29000024346, 1.00000068402, 326.468719437, 15.219486715
2.76196435651, 1.04062760631, 1.57131318131, 0.918158205987, 2.83000008611, 1.07726196688, 1.46017488851, 1.26000060648, 1.14000070832, 1.95908522925, 1.60945618295, 0.973462997112, 3.04000071546, 1.10816374648, 0.832390716004, 1.00000093286, 1.00000021674, 1.03997859703, 5.28858632537, 0.965057560145, 1.00000036298, 124.553992734, 1.02113114605, 1.87220726233, 1.0159610953, 3.29000070065, 1.0000002207, 157.043896475, 17.4799348508
1.83938265905, 1.04723583486, 1.49878281488, 0.890615734529, 2.83000098541, 1.15957696602, 2.74132966484, 1.260000721, 1.14000023727, 3.2359699134, 2.81719765108, 1.07491693772, 3.04000063882, 1.01760226127, 0.79174132596, 1.00000098609, 1.00000026243, 1.09380114362, 5.42155085338, 0.984490250667, 1.00000038227, 93.3551489405, 0.992107241985, 2.74448359055, 0.964921985704, 3.29000085426, 1.00000005304, 156.471698192, 18.2107510807
1.93546539391, 1.02206545472, 1.67729481556, 0.835881570008, 2.83000018647, 1.08332344298, 3.24997540893, 1.26000097262, 1.14000007144, 1.57464639671, 2.77844077463, 0.892174171221, 3.04000079668, 1.0601864132, 0.827698917209, 1.00000083278, 1.00000022519, 1.01538092257, 4.19971685471, 0.94444832897, 1.00000086451, 84.4808062202, 1.07942735003, 1.51964069053, 0.984117764576, 3.29000041337, 1.0000001443, 140.679127412, 21.7699473215
4.8409161573, 1.03527157257, 1.38001518681, 0.924904630906, 2.83000056089, 1.17863982578, 3.01560756161, 1.26000090532, 1.1400009857, 3.06807677672, 2.24272443258, 0.880415836859, 3.04000060493, 1.09057716784, 0.947851570706, 1.00000097376, 1.00000069385, 1.10493106293, 7.01504181927, 0.985151799974, 1.00000040651, 117.460827948, 0.904018305333, 1.52676060711, 0.973025994041, 3.29000067373, 1.00000009404, 235.486251827, 15.7873749513
5.54840080152, 1.13116179489, 1.64839964047, 0.913657558026, 2.83000076823, 0.989544870845, 3.67826503095, 1.26000015044, 1.14000008166, 1.38225442505, 2.08817169837, 0.940503964684, 3.04000080385, 1.11572248824, 1.07875699915, 1.00000049708, 1.00000018934, 1.03780641427, 8.86860524283, 0.952050836801, 1.00000087158, 84.9457044533, 0.958570998368, 2.80601865944, 1.05559994271, 3.29000047895, 1.00000034001, 140.706402432, 22.3294985371
2.00599266135, 1.06231156569, 1.63446520458, 0.89178953084, 2.83000091614, 0.955556929634, 1.04056531431, 1.26000086663, 1.14000062928, 2.92119637076, 2.04734386239, 0.916624570034, 3.04000033273, 1.11975578053, 1.03924968575, 1.00000075659, 1.00000096358, 1.08547806436, 3.1544271235, 0.998128377082, 1.0000002393, 84.7605097181, 1.07073942812, 4.78799177604, 1.03774208027, 3.29000013828, 1.00000059859, 176.608681623, 17.718629327
5.54081638047, 1.10500898308, 1.50277293028, 0.993953775437, 2.83000038786, 0.873400752827, 5.68816160459, 1.26000048058, 1.14000016545, 2.98256396231, 1.71394767234, 0.996209597663, 3.04000004406, 1.05078819391, 0.789026097004, 1.00000064881, 1.00000094194, 1.01768820485, 6.14881561116, 0.956949131659, 1.00000080475, 97.2596592426, 0.855085169934, 1.49554890486, 1.06685119372, 3.29000090074, 1.00000031236, 179.282368374, 18.0681303973
1.19148940102, 1.09794742484, 1.62971189213, 0.807709444872, 2.83000081839, 0.998738860717, 5.0542387067, 1.2600008626, 1.14000022907, 1.85242053645, 2.97492906461, 1.01121037253, 3.04000068762, 1.01950602567, 1.03440205124, 1.00000085662, 1.0000009935, 1.09477102853, 5.13113105112, 0.971498545637, 1.00000032154, 77.4208703795, 0.893189038782, 2.61824142696, 0.981970608173, 3.29000001326, 1.00000001584, 260.625874012, 16.1721032964
1.15830899563, 1.00702021005, 1.48966657024, 0.881031380472, 2.83000034969, 1.00546451689, 5.96028408555, 1.2600003996, 1.14000051865, 3.70124831504, 2.76614225846, 0.998847937291, 3.04000017782, 1.10400507764, 0.979193655515, 1.00000013857, 1.00000026487, 1.01818701639, 4.90951004704, 0.979385008193, 1.00000047807, 113.270383595, 0.891358442807, 1.36302094401, 0.973973019286, 3.29000084813, 1.0000000875, 388.640158757, 15.5256757072
4.45389145351, 1.07145111027, 1.50134667257, 0.971763911326, 2.83000041323, 0.928591320793, 5.97194247203, 1.26000030441, 1.14000046223, 3.44556569433, 2.60300396934, 1.03195778869, 3.04000082641, 1.08719058556, 1.02312267161, 1.00000022087, 1.0000007393, 1.05298286135, 4.86239711986, 0.960856578633, 1.00000050044, 84.1270417558, 0.958678347148, 4.88403927975, 1.01698920774, 3.29000026043, 1.00000040429, 187.60429849, 17.7026945291
2.40400631982, 1.01163136841, 1.57977794958, 0.876210698628, 2.83000013942, 0.985674157808, 2.94117151434, 1.26000087727, 1.14000039762, 3.25582088592, 2.54491640862, 1.02351181292, 3.04000059533, 1.09591911573, 1.07172044379, 1.00000058663, 1.00000093547, 1.07588951826, 3.37279421701, 0.977366590596, 1.0000005145, 116.802604045, 1.06681037457, 4.51511733382, 0.954327000505, 3.29000024346, 1.00000007329, 185.280501752, 18.3504138013
4.13689223063, 1.06755383203, 1.65228228363, 0.850891757021, 2.83000027199, 0.988586639093, 5.64279317579, 1.2600002873, 1.14000069495, 1.5491818883, 3.05509075342, 0.941465116152, 3.04000047199, 1.03193970884, 0.877541395167, 1.00000095191, 1.00000091989, 1.06650008199, 5.17657692237, 0.96407903677, 1.00000070602, 107.161932352, 0.945640330277, 1.52353605616, 0.952900369751, 3.29000097434, 1.00000021921, 318.10284416, 15.9609480369
1.93546539391, 1.10500898308, 1.64609875007, 0.835881570008, 2.83000018647, 1.08332344298, 3.24997540893, 1.26000097262, 1.14000007144, 1.57464639671, 2.77844077463, 0.892174171221, 3.04000079668, 1.0601864132, 0.827698917209, 1.00000083278, 1.00000022519, 1.00831752194, 6.28186008044, 0.94444832897, 1.00000018708, 84.4808062202, 1.07942735003, 1.51964069053, 0.984117764576, 3.29000041337, 1.0000001443, 370.39754081, 15.9004957997
3.11526236066, 1.07145111027, 1.50134667257, 0.971763911326, 2.83000041323, 0.928591320793, 5.97194247203, 1.26000030441, 1.14000046223, 3.44556569433, 2.54491640862, 1.03195778869, 3.04000082641, 1.08719058556, 1.02312267161, 1.00000022087, 1.0000007393, 1.05298286135, 4.86239711986, 0.960856578633, 1.00000050044, 84.1270417558, 0.958678347148, 4.88403927975, 1.01698920774, 3.29000026043, 1.00000007329, 425.273299021, 15.8571617513
2.14679752344, 1.08919821931, 1.35763839561, 0.844876223049, 2.83000036644, 1.11067403666, 3.65968636108, 1.260000721, 1.14000086719, 2.09611580052, 1.87223681156, 1.00992091291, 3.04000043469, 1.07053986172, 1.05996563827, 1.00000098609, 1.00000042914, 1.00325740217, 3.78331211501, 0.954340577878, 1.00000033273, 82.1172646014, 1.01283386866, 4.89072982105, 0.951483244652, 3.29000056764, 1.00000004157, 385.363296844, 15.9026623811
3.08902072066, 1.02206545472, 1.67729481556, 0.805446755028, 2.8300006942, 0.915246660655, 1.22031826981, 1.26000077491, 1.14000023581, 2.94267938651, 1.59665589122, 1.09721564144, 3.04000060965, 1.08259849645, 1.01909084055, 1.00000008978, 1.00000032025, 1.01538092257, 7.45365351448, 0.951585793926, 1.00000086451, 90.9407604388, 0.871390816428, 1.65877047868, 0.993969572982, 3.29000021525, 1.00000089387, 189.209792386, 18.3613896394
4.53494271453, 1.01544943913, 1.37545403603, 0.970144820353, 2.83000059719, 0.963781161521, 4.88390204119, 1.26000065913, 1.14000045374, 3.56427343218, 2.83935151655, 1.00470870083, 3.04000011201, 1.02084602298, 0.913255352212, 1.00000004007, 1.00000019043, 1.08926871176, 6.63655774897, 0.935234316017, 1.00000002122, 83.7501197979, 0.867676682836, 3.67186341822, 1.01420430885, 3.29000063373, 1.00000019904, 280.101217266, 16.8197068619
3.87275038297, 1.0230104472, 1.34555713011, 0.857845510433, 2.83000015253, 1.05263957316, 5.37145404672, 1.2600003095, 1.14000018323, 1.41291992766, 2.87273580388, 1.08895643446, 3.04000039341, 1.07328781483, 0.904212548682, 1.00000061562, 1.00000064036, 1.07976283833, 4.07139959588, 0.987312588011, 1.00000011043, 106.20615948, 1.04170362991, 1.24289519303, 1.01876123006, 3.29000081397, 1.00000014913, 373.215746153, 16.3961067473
5.03562690791, 1.02243824796, 1.39847004893, 0.985303144452, 2.83000014918, 0.968700926933, 2.99168644815, 1.26000051317, 1.14000031414, 1.46438191271, 2.36785411245, 1.04562059296, 3.04000095857, 1.03378442267, 1.00087320408, 1.00000025746, 1.00000011871, 1.01497542309, 9.75403482812, 0.95142847404, 1.00000067873, 82.1536611886, 0.855871344003, 1.44274095139, 0.951071480861, 3.29000021302, 1.00000093071, 158.207297448, 23.9281767543
5.80704002227, 1.07861498656, 1.43218054834, 0.965527514067, 2.83000034426, 1.13691820075, 2.6665481992, 1.26000050715, 1.14000045325, 2.48388187233, 1.58142594698, 0.956700637571, 3.04000056656, 1.03065883885, 0.998529214751, 1.000000161, 1.00000079551, 1.09997417336, 8.1630683522, 0.957646222558, 1.00000040315, 105.723155167, 1.03301498422, 2.43936694411, 0.974487477813, 3.29000065185, 1.00000090339, 159.703330685, 23.342680679
2.89452798198, 1.02538119967, 1.61329156618, 0.954924617451, 2.83000034034, 1.07726196688, 1.46017488851, 1.26000060648, 1.14000070832, 1.61546330479, 2.08213567902, 0.974003358621, 3.04000071546, 1.10816374648, 0.832390716004, 1.00000093286, 1.00000021674, 1.03997859703, 5.28858632537, 0.965057560145, 1.00000036298, 124.553992734, 1.02113114605, 1.87220726233, 1.0307655632, 3.29000070065, 1.0000002207, 205.342502561, 18.4188260775
5.68480871555, 1.05350932255, 1.40062384549, 0.862279121722, 2.8300005491, 0.933613746568, 5.72462792448, 1.26000044841, 1.14000080775, 2.59719055883, 2.55397601676, 1.02016339359, 3.04000075304, 1.10362302185, 0.781352398988, 1.00000001285, 1.00000000793, 1.02803784463, 7.10645089918, 0.957972912546, 1.0000007346, 100.358807887, 1.01311439079, 5.00801688621, 0.972595142567, 3.29000042161, 1.00000082675, 203.908023866, 18.8794822721
