0.500104041018, 0.883989168604, 2.116163715, 0.41052405912, 49.8801994299, 43.5588404643, 2.77761487366, 1.10528804624, 22.4986656479, 225.327319759, 0.396384416637
0.665595510893, 0.84625337962, 2.10781530428, 0.429506278949, 23.7309288775, 43.5588404643, 2.35256325312, 1.12882686045, 21.5585246975, 218.462555986, 0.433626672701
0.569776127342, 0.920089216615, 2.02769721261, 0.262384957295, 44.5337113961, 41.0105032493, 2.23829606369, 1.72650839388, 24.1176472299, 255.594420591, 0.392144661567
0.575323038153, 0.84625337962, 2.10781530428, 0.20541927003, 31.4636641673, 40.5313292005, 2.27973230882, 1.97783511132, 20.3718765572, 193.375184855, 0.448739511256
0.500104041018, 0.883989168604, 2.116163715, 0.41052405912, 49.8801994299, 43.5588404643, 2.27973230882, 1.10528804624, 22.4986656479, 257.920583024, 0.326435293643
0.80067320475, 0.852824750165, 2.12557024292, 0.439955624825, 16.480424049, 42.8385027917, 2.46675557793, 1.26807382342, 25.4369379169, 215.625004245, 0.441945453408
0.647476068145, 0.82137732687, 2.05592062647, 0.372847728982, 0.0833339432228, 46.6262997246, 2.15115838217, 2.99610918685, 24.1176472299, 193.958456648, 0.555074017441
0.5002273619, 0.861436939688, 2.10781530428, 0.205737360703, 44.5337113961, 41.0105032493, 2.35256325312, 2.32951843006, 30.8656089719, 200.51897646, 0.518172757884
0.647476068145, 0.82137732687, 2.05592062647, 0.399385004183, 0.112111550279, 46.6262997246, 2.15115838217, 1.51170069679, 30.8656089719, 210.962169336, 0.51342506405
0.575323038153, 0.84625337962, 2.10781530428, 0.20541927003, 31.4636641673, 40.5313292005, 2.27973230882, 1.97783511132, 20.3718765572, 212.22562151, 0.450759421419
0.500104041018, 0.963273585745, 2.12557024292, 0.439955624825, 47.9999079634, 43.5588404643, 2.77761487366, 1.64788868888, 31.5780800455, 330.70643503, 0.37786254777
0.592222429475, 1.00883106135, 2.1226840106, 0.20541927003, 16.5279153528, 43.0407551128, 2.27973230882, 1.97783511132, 38.1694589775, 330.163981679, 0.380171349602
0.500177900132, 0.935284789392, 2.12557024292, 0.341314118431, 47.9999079634, 43.5588404643, 2.19168271596, 2.32951843006, 31.5780800455, 280.153564981, 0.386677772746
0.5002273619, 0.930956446164, 2.25163387238, 0.439077601566, 35.8308942883, 49.299180128, 2.35256325312, 4.95061546731, 21.1345826462, 203.166084312, 0.582806027152
0.500175317355, 0.883989168604, 2.0982140745, 0.41052405912, 47.9999079634, 43.5588404643, 2.77761487366, 1.10528804624, 31.5780800455, 242.632636662, 0.412970599886
0.501140205348, 0.835516655331, 2.12557024292, 0.46958494513, 33.0554477956, 43.5588404643, 2.08618117301, 1.56960063799, 26.6871195687, 227.635750852, 0.414938911839
0.80067320475, 0.883989168604, 2.12557024292, 0.439955624825, 16.480424049, 42.8385027917, 2.46675557793, 1.26807382342, 25.4369379169, 223.299363962, 0.445167912567
0.587396945098, 0.883989168604, 2.0982140745, 0.41052405912, 47.9999079634, 43.5588404643, 2.77761487366, 1.10528804624, 41.7427500747, 318.561894747, 0.386936477401
0.500104041018, 0.883925207375, 2.116163715, 0.217012118936, 44.4181158283, 43.5588404643, 2.77761487366, 1.18516111578, 26.5167361027, 288.014496074, 0.392078990273
0.506161512388, 1.10162772104, 3.96035794245, 0.200551296773, 22.2696198463, 41.1460397174, 2.263028668, 1.01903013873, 26.6871195687, 629.06557906, 0.380424379875
0.501140205348, 1.08317888053, 2.12557024292, 0.471162454013, 47.7233336131, 41.1460397174, 2.91067957738, 1.56960063799, 31.5780800455, 364.871119839, 0.382217200702
0.592222429475, 0.971292686672, 2.56257980771, 0.429506278949, 23.7309288775, 41.1067551083, 2.18823782173, 1.01903013873, 40.5047538046, 360.583430438, 0.382520803489
0.500104041018, 0.920089216615, 2.12572656326, 0.36361560766, 20.5031315737, 41.0105032493, 2.05561433206, 1.10528804624, 42.2421861903, 335.400329972, 0.38513893726
0.500066741944, 0.883989168604, 2.116163715, 0.426819496764, 37.730318204, 43.5588404643, 2.77761487366, 1.10528804624, 22.4986656479, 226.332390833, 0.43986594941
0.647476068145, 0.82137732687, 2.01047494867, 0.399385004183, 0.112111550279, 46.6262997246, 2.15115838217, 1.51170069679, 30.8656089719, 212.994102949, 0.565114784712
0.5002273619, 0.82127266375, 2.01047494867, 0.205737360703, 44.5337113961, 41.0105032493, 2.35256325312, 2.32951843006, 24.1176472299, 213.160574824, 0.562908479701
0.500104041018, 0.883989168604, 2.02769721261, 0.223480639506, 44.8898490288, 43.5588404643, 2.77761487366, 1.10528804624, 26.5167361027, 257.500824286, 0.411822375549
0.575323038153, 0.84625337962, 2.09481252438, 0.215609580686, 31.4636641673, 40.5313292005, 2.27973230882, 1.12882686045, 20.3718765572, 217.388395627, 0.457386605353
0.500104041018, 0.883989168604, 2.116163715, 0.41052405912, 47.9999079634, 43.5588404643, 2.68185332004, 1.10528804624, 22.4986656479, 215.93677298, 0.489477722725
0.770271551118, 0.84160983419, 2.12557024292, 0.367617741454, 37.730318204, 41.3515932053, 2.15115838217, 2.40455327321, 24.8217156421, 214.851008838, 0.580073822584
0.665595510893, 0.84625337962, 2.10781530428, 0.429506278949, 23.7309288775, 41.1067551083, 2.35256325312, 3.99037414481, 24.3982017048, 215.197296955, 0.581791938357
0.506161512388, 0.844851705414, 3.95346583916, 0.202490566499, 22.2696198463, 41.1460397174, 2.263028668, 1.56960063799, 36.3245209742, 588.850863021, 0.383289789048
0.569776127342, 0.920089216615, 2.02769721261, 0.261468090241, 44.5337113961, 40.3800228955, 2.23829606369, 1.72650839388, 31.5780800455, 248.135333005, 0.427116041971
0.501140205348, 1.05085113398, 2.12557024292, 0.471162454013, 47.9999079634, 45.7587506142, 2.08618117301, 1.56960063799, 20.424538876, 243.21735051, 0.428204498731
0.500104041018, 0.883989168604, 2.06528741068, 0.41052405912, 47.9999079634, 44.1466632097, 2.77761487366, 1.72650839388, 22.4986656479, 245.081277783, 0.427646568368
0.506161512388, 1.08317888053, 7.60084835621, 0.27834954273, 22.2696198463, 41.1460397174, 2.263028668, 1.56960063799, 36.3245209742, 1521.96914793, 0.383484679681
0.665595510893, 0.84625337962, 2.03620077955, 0.439955624825, 35.2575019463, 41.1067551083, 2.35256325312, 4.41007074798, 24.3982017048, 216.712616016, 0.550628111973
0.647476068145, 0.82137732687, 2.01047494867, 0.399385004183, 0.112111550279, 46.6262997246, 2.15115838217, 1.51170069679, 30.8656089719, 218.236377972, 0.506340090323
0.500104041018, 0.835516655331, 2.12557024292, 0.217012118936, 23.4975925772, 43.5588404643, 2.77761487366, 1.10528804624, 31.5780800455, 259.079420556, 0.40065971926
0.506161512388, 1.08317888053, 3.95346583916, 0.202490566499, 22.2696198463, 41.1460397174, 2.263028668, 1.56960063799, 36.3245209742, 672.422077795, 0.386350746333
0.528184590268, 0.883989168604, 2.12557024292, 0.439955624825, 47.9999079634, 43.5588404643, 2.46675557793, 1.10528804624, 22.4986656479, 221.926677935, 0.465436414431
0.500104041018, 0.82127266375, 2.01047494867, 0.205737360703, 44.5337113961, 41.0105032493, 2.35256325312, 2.32951843006, 24.1176472299, 219.612974304, 0.492959842412
0.575323038153, 0.84625337962, 2.10781530428, 0.20541927003, 31.4636641673, 41.0133316957, 2.27973230882, 1.97783511132, 21.1345826462, 267.528667883, 0.405905510648
0.500104041018, 0.835516655331, 2.12557024292, 0.27834954273, 22.2696198463, 43.5588404643, 2.77761487366, 1.56960063799, 31.5780800455, 266.80865546, 0.407473998667
0.500104041018, 0.835516655331, 2.02769721261, 0.477896529028, 40.6356700952, 45.8712736354, 2.77761487366, 1.10528804624, 26.5167361027, 221.846088081, 0.503725408385
0.501140205348, 0.835516655331, 2.12557024292, 0.46958494513, 22.2696198463, 43.5588404643, 2.08618117301, 1.56960063799, 26.6871195687, 232.737672756, 0.442203696059
0.500104041018, 0.935284789392, 2.02769721261, 0.223480639506, 40.6356700952, 43.5588404643, 2.77761487366, 1.10528804624, 26.5167361027, 296.162549643, 0.396415969198
0.501140205348, 0.835516655331, 2.12557024292, 0.439955624825, 33.0554477956, 43.5588404643, 2.08618117301, 1.56960063799, 26.6871195687, 248.536481343, 0.430749345569
0.500104041018, 0.935284789392, 2.12557024292, 0.217012118936, 40.6356700952, 43.5588404643, 2.77761487366, 1.64788868888, 26.5167361027, 220.720115174, 0.548270707363
0.500104041018, 0.835516655331, 2.12557024292, 0.27834954273, 22.2696198463, 43.5588404643, 2.77761487366, 1.56960063799, 31.5780800455, 225.529558232, 0.455712422092
0.5002273619, 0.820383650225, 2.01047494867, 0.205737360703, 44.5337113961, 41.1460397174, 2.35256325312, 1.56960063799, 26.4665265295, 230.210559896, 0.447038220149
0.500104041018, 0.883989168604, 2.116163715, 0.429862809895, 49.8801994299, 43.5588404643, 2.77761487366, 1.10528804624, 25.3803138495, 250.549107373, 0.432578284198
0.500104041018, 1.00883106135, 2.12557024292, 0.439955624825, 47.9999079634, 43.5588404643, 2.77761487366, 1.64788868888, 31.5780800455, 328.309646395, 0.397458439539
0.501140205348, 1.03182170299, 2.12557024292, 0.27834954273, 22.2696198463, 41.1460397174, 2.08618117301, 1.56960063799, 26.6871195687, 324.142650519, 0.398048470989
0.770271551118, 0.84160983419, 2.12557024292, 0.367617741454, 37.730318204, 41.3515932053, 2.15115838217, 2.40455327321, 26.5167361027, 220.041725867, 0.602960403693
0.575323038153, 1.00883106135, 2.72310669646, 0.20541927003, 36.609234132, 43.0407551128, 2.27973230882, 1.97783511132, 21.1345826462, 401.023304265, 0.395439079097
0.501140205348, 0.883989168604, 2.12557024292, 0.46958494513, 33.0554477956, 43.5588404643, 2.08618117301, 1.56960063799, 26.6871195687, 374.533194818, 0.395655533546
0.506161512388, 0.844851705414, 3.95346583916, 0.202490566499, 22.2696198463, 40.9780091547, 2.263028668, 1.56960063799, 21.1345826462, 477.674267581, 0.393196206105
0.506161512388, 1.08317888053, 3.95346583916, 0.202490566499, 22.2696198463, 41.1460397174, 2.263028668, 1.56960063799, 36.3245209742, 574.784813668, 0.393038154123
0.500104041018, 0.883989168604, 2.116163715, 0.41052405912, 47.9999079634, 43.5588404643, 2.77761487366, 1.10528804624, 22.4986656479, 225.4702345, 0.490955986262
0.5002273619, 0.935284789392, 2.12557024292, 0.471162454013, 47.9999079634, 43.5588404643, 2.77761487366, 2.32951843006, 31.5780800455, 224.56175034, 0.52307185384
0.501140205348, 1.08317888053, 2.12557024292, 0.439955624825, 33.0554477956, 41.1460397174, 2.08618117301, 1.56960063799, 26.6871195687, 322.517309034, 0.405580328541
0.575323038153, 0.84625337962, 2.10781530428, 0.20541927003, 34.836437924, 41.6804650769, 2.27973230882, 1.97783511132, 21.1345826462, 227.797407028, 0.452967575097
0.569776127342, 0.920089216615, 2.02769721261, 0.261468090241, 44.5337113961, 40.3800228955, 2.23829606369, 1.72650839388, 31.5780800455, 229.337098402, 0.451224931089
0.543101904866, 0.920089216615, 2.12557024292, 0.262384957295, 37.730318204, 40.3800228955, 2.23829606369, 1.26807382342, 23.5592118194, 263.002945475, 0.422971970849
0.647476068145, 0.82137732687, 2.116163715, 0.399385004183, 0.112111550279, 46.6262997246, 2.15115838217, 1.51170069679, 37.5253091421, 266.522081192, 0.422508951477
0.592222429475, 1.00883106135, 2.72310669646, 0.27834954273, 42.8401285142, 43.0407551128, 2.46675557793, 1.64788868888, 38.1694589775, 424.303500998, 0.395678884593
0.500104041018, 0.86188715544, 2.116163715, 0.426819496764, 47.9999079634, 42.1847423036, 2.77761487366, 1.10528804624, 22.4986656479, 260.032996561, 0.426647320407
0.543101904866, 0.920089216615, 2.12557024292, 0.262384957295, 37.730318204, 40.3800228955, 2.19243789125, 1.26807382342, 23.5592118194, 292.133662839, 0.410204425878
0.506161512388, 1.08317888053, 3.95346583916, 0.202490566499, 22.2696198463, 41.1460397174, 2.263028668, 1.56960063799, 36.3245209742, 675.282909564, 0.393401381585
0.5002273619, 1.00883106135, 2.12557024292, 0.483831838854, 37.730318204, 49.9668492349, 2.77761487366, 1.26807382342, 31.5780800455, 273.206962986, 0.413354040071
0.587396945098, 0.883989168604, 2.0982140745, 0.41052405912, 47.9999079634, 43.5588404643, 2.77761487366, 1.10528804624, 41.7427500747, 276.545389904, 0.413036068532
0.5002273619, 0.861436939688, 2.10781530428, 0.220540254449, 44.5337113961, 41.0105032493, 2.35256325312, 2.32951843006, 28.9233619242, 226.577073885, 0.490921771414
0.575323038153, 0.84625337962, 2.10781530428, 0.20541927003, 31.4636641673, 40.5313292005, 2.27973230882, 1.97783511132, 20.3718765572, 228.554500194, 0.455851971873
0.500104041018, 0.84625337962, 2.02769721261, 0.20541927003, 23.7309288775, 40.6016706624, 2.77761487366, 1.97783511132, 21.1345826462, 250.641576109, 0.440616151001
0.501140205348, 0.835516655331, 2.12557024292, 0.439955624825, 33.0554477956, 43.5588404643, 2.08618117301, 1.56960063799, 26.6871195687, 267.65374542, 0.416618758222
0.500104041018, 0.920089216615, 2.12572656326, 0.302111899773, 47.9999079634, 43.4462638573, 2.05561433206, 1.10528804624, 42.2421861903, 357.144377925, 0.399607628259
0.569776127342, 0.916154735287, 2.02769721261, 0.262384957295, 44.5337113961, 41.0105032493, 2.23829606369, 1.72650839388, 24.1176472299, 256.100187521, 0.435472596823
0.500104041018, 0.935284789392, 2.12557024292, 0.217012118936, 40.6356700952, 43.5588404643, 2.77761487366, 1.10528804624, 26.5167361027, 334.117247113, 0.403984511945
0.500104041018, 1.00883106135, 2.12557024292, 0.439955624825, 43.3983111934, 43.5588404643, 2.77761487366, 1.64788868888, 31.5780800455, 250.827780092, 0.440788137627
0.500104041018, 0.883989168604, 2.116163715, 0.426819496764, 47.9999079634, 43.5588404643, 2.77761487366, 1.10528804624, 22.4986656479, 228.329675011, 0.464795158842
0.569776127342, 0.920089216615, 2.02769721261, 0.339628084644, 44.5337113961, 41.0105032493, 2.23829606369, 1.72650839388, 24.1176472299, 269.983050638, 0.419245880492
0.5002273619, 0.935284789392, 2.12557024292, 0.372847728982, 49.1914676596, 43.5588404643, 2.77761487366, 2.32951843006, 26.6871195687, 225.644350242, 0.526559981069
0.70311448969, 1.19187031685, 2.07573954074, 0.222284144772, 37.730318204, 43.5588404643, 2.36366921184, 1.64788868888, 28.4423019691, 340.377116937, 0.400666637241
0.592222429475, 0.947553725098, 2.12557024292, 0.339628084644, 48.503572503, 41.1067551083, 2.77761487366, 1.64788868888, 38.0876670815, 337.115731506, 0.401789061062
0.569776127342, 0.920089216615, 2.02769721261, 0.262384957295, 44.5337113961, 40.3800228955, 2.23829606369, 1.72650839388, 24.1176472299, 240.313432309, 0.455298961318
0.575323038153, 0.94443793403, 2.03295762808, 0.215609580686, 31.4636641673, 40.5313292005, 2.27973230882, 1.12882686045, 20.3718765572, 263.723885138, 0.427689067477
0.592222429475, 1.00883106135, 2.72310669646, 0.20541927003, 30.8010208498, 43.0407551128, 2.27973230882, 1.97783511132, 35.4990505323, 418.107088079, 0.39896257715
0.592222429475, 1.00883106135, 2.72310669646, 0.27834954273, 42.8401285142, 43.0407551128, 2.46675557793, 1.64788868888, 38.1694589775, 350.32160162, 0.403527458487
0.500175317355, 0.835516655331, 2.0982140745, 0.41052405912, 47.9999079634, 43.5588404643, 2.77761487366, 1.10528804624, 31.5780800455, 246.1328601, 0.448864085768
0.543101904866, 0.920089216615, 2.12557024292, 0.262384957295, 37.730318204, 40.3800228955, 2.23829606369, 1.26807382342, 24.1176472299, 277.602437479, 0.418475019029
0.506161512388, 1.08317888053, 3.95346583916, 0.202490566499, 8.09169748868, 41.1460397174, 2.263028668, 1.56960063799, 36.3245209742, 730.007880068, 0.397200471974
0.500104041018, 0.835516655331, 2.12557024292, 0.439955624825, 47.9999079634, 43.5588404643, 2.77761487366, 1.64788868888, 31.5780800455, 267.113533023, 0.427521121699
0.506161512388, 1.08317888053, 3.39620218986, 0.203694950934, 22.2696198463, 40.7086538788, 2.263028668, 1.01903013873, 25.4130228769, 624.779292684, 0.398013773151
0.796849424699, 0.871038050002, 2.02769721261, 0.262384957295, 44.5337113961, 40.3800228955, 2.23829606369, 1.72650839388, 23.6020837032, 228.94113581, 0.468086091975
0.501140205348, 1.08317888053, 5.04142959584, 0.27834954273, 22.2696198463, 41.1460397174, 2.08618117301, 1.56960063799, 26.6871195687, 988.187938868, 0.39768243304
0.500104041018, 0.835516655331, 2.02769721261, 0.477896529028, 40.6356700952, 45.8712736354, 2.77761487366, 1.10528804624, 26.5167361027, 231.320775193, 0.459876689781
0.500104041018, 0.935284789392, 2.12557024292, 0.358390302011, 47.9999079634, 43.5588404643, 2.05561433206, 1.10528804624, 31.5780800455, 286.735392792, 0.417739048385
0.506161512388, 1.00593689422, 3.96035794245, 0.200889766892, 22.2696198463, 41.1460397174, 2.263028668, 1.01903013873, 26.6871195687, 541.401026169, 0.399795843263
0.575323038153, 0.859603708035, 2.10781530428, 0.20541927003, 31.4636641673, 41.0133316957, 2.27973230882, 1.97783511132, 21.1345826462, 231.863233567, 0.460823380513
