0.566278758765, 0.947575200729, 2.01628342218, 0.471162454013, 27.3688544433, 43.538940077, 2.263028668, 1.26807382342, 24.6958804751, 232.963702938, 0.415627964556
0.536117738806, 0.858367541457, 2.05592062647, 0.497844208975, 27.0627347502, 40.8969860158, 2.35256325312, 4.41488907658, 24.7687219819, 186.117332827, 0.483800694974
0.5002273619, 0.869027795347, 2.12557024292, 0.490963306667, 37.730318204, 40.8969860158, 2.90800332119, 1.64788868888, 31.5780800455, 282.435465101, 0.39636361802
0.735301950229, 0.858367541457, 2.05592062647, 0.490963306667, 27.0627347502, 46.6262997246, 2.71435894369, 1.64788868888, 24.7687219819, 206.135807899, 0.454828192378
0.536117738806, 0.947575200729, 2.01628342218, 0.471162454013, 27.3688544433, 43.538940077, 2.263028668, 1.26807382342, 24.2008764824, 219.107729493, 0.424087876748
0.592222429475, 0.836375401951, 2.02392143755, 0.203581252219, 30.8010208498, 40.8969860158, 2.34325553715, 1.97783511132, 26.7510299655, 266.368850293, 0.40508944786
0.5002273619, 0.935284789392, 2.01628342218, 0.237524307436, 47.9999079634, 43.0210978177, 2.77761487366, 1.64788868888, 31.5780800455, 319.684933724, 0.383886958108
0.70311448969, 1.06424948467, 2.0080230401, 0.222284144772, 37.730318204, 44.8050984977, 2.46675557793, 1.64788868888, 26.7510299655, 290.317532592, 0.3958306451
0.504033016821, 0.913519768832, 2.00390786256, 0.222284144772, 18.2416203482, 40.3861820577, 2.92835885099, 1.64788868888, 32.4748105863, 249.294256545, 0.405538962459
0.603289810179, 1.1392222312, 5.11162339723, 0.266314792937, 17.766215696, 46.4384921868, 2.263028668, 1.57063693201, 40.8771920165, 897.662930413, 0.394617635422
0.70311448969, 0.912786893469, 2.01359374166, 0.266314792937, 43.4922924585, 44.8050984977, 2.90800332119, 1.64788868888, 26.0845121822, 204.856660491, 0.530781027923
0.5002273619, 0.82137732687, 2.17564864488, 0.27834954273, 44.2124197271, 43.0210978177, 2.77761487366, 2.32951843006, 20.340124076, 188.024658158, 0.54673867318
0.5002273619, 0.935284789392, 2.01628342218, 0.484549326376, 19.0540353058, 43.0210978177, 2.77761487366, 3.83928569711, 20.6915066936, 206.928722604, 0.477250809944
0.70311448969, 0.913519768832, 2.03607518951, 0.222284144772, 26.1194490898, 44.8050984977, 2.17419898323, 1.64788868888, 26.7510299655, 217.283121484, 0.4591633882
0.617039446632, 1.13420663621, 2.05592062647, 0.423587443611, 1.82333095449, 42.7989753369, 2.07246833993, 1.6477424022, 20.340124076, 261.67037737, 0.414617863842
0.70311448969, 0.858367541457, 2.05592062647, 0.490968614416, 27.0627347502, 44.8050984977, 2.35256325312, 0.615565158704, 24.7687219819, 197.706928149, 0.587833284006
0.735301950229, 0.858367541457, 2.05592062647, 0.480034273758, 27.0627347502, 46.6262997246, 2.12862876093, 0.615565158704, 24.7687219819, 202.916921156, 0.643721909349
0.70311448969, 1.19187031685, 2.31061651445, 0.222284144772, 37.730318204, 44.8050984977, 2.46675557793, 1.64788868888, 31.5780800455, 421.064675798, 0.397335536921
0.522493966903, 0.935284789392, 2.48727653598, 0.203581252219, 30.8010208498, 43.0407551128, 2.34325553715, 1.97783511132, 34.1203972624, 372.118489636, 0.40462772234
0.5002273619, 0.935284789392, 5.00665717002, 0.242467325129, 46.82004282, 43.0210978177, 2.77761487366, 1.64788868888, 31.5780800455, 626.178054357, 0.403201126824
0.592222429475, 1.16438810162, 2.48727653598, 0.203581252219, 30.8010208498, 40.8969860158, 2.34325553715, 1.97783511132, 39.5442169813, 515.524984718, 0.404076507294
0.5002273619, 0.931407585978, 2.01628342218, 0.237524307436, 47.9999079634, 43.0210978177, 2.77761487366, 1.64788868888, 31.5780800455, 237.228592473, 0.452293228319
0.5002273619, 0.826573007734, 2.01146542494, 0.484549326376, 19.0540353058, 43.0210978177, 2.08003318577, 1.6477424022, 20.6915066936, 238.054110241, 0.44179589714
0.504033016821, 0.82137732687, 2.01628342218, 0.217570894847, 3.6646327395, 41.1460397174, 2.01879010031, 1.56960063799, 33.1125206759, 240.566112598, 0.428603750009
0.566278758765, 0.947575200729, 7.8411333069, 0.336976316427, 32.6004248065, 43.538940077, 2.263028668, 1.26807382342, 40.1879871301, 1039.19075016, 0.39893950105
0.5002273619, 0.869027795347, 2.12557024292, 0.492663087563, 36.4821555629, 44.8050984977, 2.08003318577, 2.9499299085, 21.094007363, 208.952027907, 0.52508182195
0.5002273619, 0.935284789392, 2.01146542494, 0.484549326376, 19.0540353058, 43.0210978177, 2.77761487366, 1.6477424022, 20.6915066936, 217.070545094, 0.503259376191
0.536117738806, 0.947575200729, 2.01628342218, 0.471162454013, 27.3688544433, 43.538940077, 2.263028668, 1.26807382342, 24.2008764824, 210.899355392, 0.509820797287
0.825848228778, 0.858367541457, 2.05592062647, 0.491809766995, 27.550475863, 46.6262997246, 2.46675557793, 4.02722217153, 22.5409826205, 206.511013073, 0.609609440568
0.650702206132, 0.82137732687, 2.01628342218, 0.240532960414, 18.2416203482, 41.1460397174, 2.92835885099, 1.64788868888, 40.8200542249, 230.470833413, 0.467400563317
0.680234584907, 1.02762370968, 4.10768428287, 0.360271205819, 13.642976427, 47.3745259281, 2.5932820844, 1.08206631639, 43.9370359795, 812.29207478, 0.405066904625
0.504033016821, 0.913519768832, 2.01007534221, 0.414937090627, 18.2416203482, 41.1460397174, 2.92835885099, 1.64788868888, 31.5780800455, 238.263418268, 0.448523132002
0.5002273619, 0.826573007734, 2.01146542494, 0.484549326376, 19.0540353058, 43.0210978177, 2.08003318577, 1.6477424022, 20.6915066936, 240.578175506, 0.440713916487
0.5002273619, 0.935284789392, 2.01628342218, 0.471162454013, 37.730318204, 43.5588404643, 2.56407369531, 2.32951843006, 26.0845121822, 258.152526336, 0.425464593983
0.5002273619, 0.935284789392, 2.12557024292, 0.429010379877, 47.9999079634, 43.5588404643, 2.77761487366, 1.70499742229, 31.5780800455, 292.959836289, 0.408927538463
0.5002273619, 0.935284789392, 2.12557024292, 0.479792577442, 47.9999079634, 43.5588404643, 2.77761487366, 1.70499742229, 31.5780800455, 297.510716045, 0.406315078857
0.651994774423, 0.885357378709, 2.01197750224, 0.360271205819, 27.3688544433, 45.564724866, 2.263028668, 1.69362646196, 24.6958804751, 238.685961674, 0.450607539646
0.5002273619, 0.935284789392, 2.12557024292, 0.471162454013, 47.9999079634, 43.5588404643, 2.77761487366, 1.11185925963, 20.0266892863, 212.786512367, 0.538619037486
0.500041390755, 0.935284789392, 2.01628342218, 0.464749451175, 49.4906038776, 43.0210978177, 2.86084462213, 2.18564018153, 20.6915066936, 211.151397186, 0.541878325158
0.5002273619, 0.935284789392, 2.01579638503, 0.242467325129, 7.19187228053, 43.0210978177, 2.77761487366, 1.56960063799, 30.2273158206, 270.436625817, 0.421670545215
0.5002273619, 0.869027795347, 2.00068461111, 0.227696911114, 19.2876606275, 40.8969860158, 3.18024421772, 1.57063693201, 31.5780800455, 296.934909668, 0.411212462096
0.5002273619, 0.935284789392, 2.17564864488, 0.471162454013, 44.2124197271, 43.0210978177, 2.77761487366, 2.32951843006, 20.340124076, 236.213322548, 0.460030664351
0.70311448969, 1.19187031685, 2.03607518951, 0.222284144772, 37.730318204, 44.8050984977, 2.46675557793, 1.64788868888, 26.7510299655, 279.16279889, 0.422652634827
0.70311448969, 0.858367541457, 2.05592062647, 0.266314792937, 27.0627347502, 44.9193545542, 2.12862876093, 0.615565158704, 24.7687219819, 211.256891573, 0.600217435938
0.504033016821, 0.913519768832, 2.01007534221, 0.414937090627, 18.2416203482, 41.1460397174, 2.92835885099, 3.25429783716, 32.4748105863, 223.958691417, 0.505094956636
0.70311448969, 0.841651693017, 2.05592062647, 0.460607719365, 9.54815970323, 46.6262997246, 2.35256325312, 0.615565158704, 24.1258774757, 211.468927562, 0.617974137852
0.536117738806, 0.858367541457, 2.05592062647, 0.497844208975, 27.0627347502, 43.0699652414, 2.35256325312, 4.41488907658, 24.7687219819, 214.644696842, 0.552160037253
0.5002273619, 0.935284789392, 2.01628342218, 0.368195652686, 14.947702714, 43.0210978177, 2.77761487366, 3.83928569711, 20.6915066936, 214.028506888, 0.561836065751
0.70311448969, 0.858367541457, 2.05592062647, 0.490968614416, 27.0627347502, 44.8050984977, 2.35256325312, 1.64788868888, 24.7687219819, 218.733334475, 0.533842873318
0.759108020686, 0.858367541457, 2.05592062647, 0.480034273758, 44.2124197271, 46.6262997246, 2.12862876093, 2.55745312338, 24.7687219819, 213.577504257, 0.588601237155
0.536117738806, 0.947575200729, 2.01628342218, 0.471162454013, 27.3688544433, 43.538940077, 2.263028668, 1.26807382342, 24.2008764824, 223.462135159, 0.514623492226
0.500041390755, 0.935284789392, 2.01628342218, 0.464749451175, 49.4906038776, 43.0210978177, 2.86084462213, 2.18564018153, 20.6915066936, 215.969708726, 0.576494042127
0.70311448969, 1.19187031685, 2.03607518951, 0.222284144772, 37.730318204, 44.8050984977, 2.27003465944, 1.64788868888, 39.5442169813, 320.447976649, 0.412303623965
0.592222429475, 0.86564021017, 2.48727653598, 0.203581252219, 30.8010208498, 45.9981998702, 3.18024421772, 1.97783511132, 39.5442169813, 469.307430762, 0.408930825947
0.70311448969, 0.912786893469, 2.01359374166, 0.210984812471, 37.730318204, 44.8050984977, 2.34325553715, 1.64788868888, 26.0845121822, 265.08594079, 0.438244146143
0.651994774423, 0.858367541457, 2.01628342218, 0.471162454013, 49.4671620231, 40.3245666958, 2.77761487366, 2.32951843006, 20.6915066936, 216.171442802, 0.58398312054
0.572877531284, 1.22753900152, 4.92388029542, 0.400260668891, 40.6951373808, 43.9714893551, 3.33856569061, 1.11185925963, 39.5946759929, 1366.36812667, 0.407369788322
0.650702206132, 0.858367541457, 2.01628342218, 0.497844208975, 27.0627347502, 40.8969860158, 2.35256325312, 1.64788868888, 24.7687219819, 232.024405126, 0.507464592736
0.5002273619, 0.935284789392, 2.12557024292, 0.471162454013, 47.9999079634, 43.5588404643, 2.77761487366, 1.11185925963, 24.6825389121, 294.897411591, 0.419203050976
0.592222429475, 0.869027795347, 2.48727653598, 0.203581252219, 30.8010208498, 40.8969860158, 3.18024421772, 1.97783511132, 39.5442169813, 361.322241241, 0.412481684183
0.735301950229, 0.858367541457, 2.05592062647, 0.490551454562, 27.0627347502, 43.5588404643, 2.38353936402, 0.561004197496, 24.7687219819, 215.306176239, 0.627906246868
0.735301950229, 0.858367541457, 2.05592062647, 0.490963306667, 27.0627347502, 46.6262997246, 2.46675557793, 1.64788868888, 24.7687219819, 216.233150067, 0.597328739784
0.614619229697, 0.82137732687, 2.01628342218, 0.240532960414, 18.2416203482, 41.1460397174, 2.92835885099, 1.64788868888, 40.8200542249, 250.577351392, 0.448640163819
0.5002273619, 0.935284789392, 2.01628342218, 0.471162454013, 43.4830939046, 43.0210978177, 2.15115838217, 2.18564018153, 20.6915066936, 236.45543726, 0.4910351188
0.70311448969, 0.858367541457, 2.05592062647, 0.490968614416, 27.0627347502, 41.8717854253, 2.35256325312, 0.615565158704, 24.7687219819, 218.079552233, 0.563787729745
0.70311448969, 0.858367541457, 2.05592062647, 0.490968614416, 24.7790791206, 41.8717854253, 2.35256325312, 0.615565158704, 21.5775540842, 218.781251825, 0.559997353853
0.536117738806, 0.947575200729, 2.01628342218, 0.471162454013, 27.3688544433, 43.538940077, 2.263028668, 1.26807382342, 24.2008764824, 289.972279026, 0.424942718616
0.5002273619, 0.903115255406, 2.00135205303, 0.471162454013, 47.9999079634, 44.4059969724, 2.77761487366, 1.57063693201, 23.0531271844, 270.20893282, 0.439715797951
0.5002273619, 0.979557249783, 2.02392143755, 0.237524307436, 47.9999079634, 43.0210978177, 2.34325553715, 1.64788868888, 31.5780800455, 271.688285953, 0.428754517837
0.504033016821, 0.82137732687, 5.04142959584, 0.27834954273, 18.2416203482, 41.1460397174, 2.92835885099, 1.56960063799, 32.4748105863, 532.770140289, 0.414488797901
0.70311448969, 0.913519768832, 2.03607518951, 0.222284144772, 26.1194490898, 44.8050984977, 2.17419898323, 1.64788868888, 26.7510299655, 253.751972901, 0.451560087484
0.504033016821, 0.82137732687, 5.04142959584, 0.27834954273, 18.2416203482, 40.5448331167, 3.71054008378, 1.56960063799, 26.6871195687, 690.008658571, 0.414255275832
0.592222429475, 0.869027795347, 2.48727653598, 0.203581252219, 30.8010208498, 40.8969860158, 2.34325553715, 1.97783511132, 39.5442169813, 300.682893768, 0.419236774909
0.5002273619, 1.10887663023, 2.12557024292, 0.492663087563, 36.4821555629, 44.8050984977, 2.08003318577, 1.6477424022, 21.094007363, 273.003300805, 0.434909549555
0.5002273619, 0.869027795347, 2.00068461111, 0.227696911114, 19.2876606275, 40.8969860158, 3.18024421772, 1.57063693201, 31.5780800455, 343.047434984, 0.41813590918
0.5002273619, 0.935284789392, 2.12557024292, 0.41692131275, 36.4821555629, 44.8050984977, 2.77761487366, 2.9499299085, 21.094007363, 226.512499438, 0.543272528732
0.5002273619, 0.935284789392, 2.00135205303, 0.471162454013, 43.4830939046, 43.0210978177, 2.15115838217, 2.18564018153, 20.6915066936, 227.866892386, 0.543165887658
0.651994774423, 0.947575200729, 2.01197750224, 0.471162454013, 27.3688544433, 45.564724866, 2.263028668, 1.69362646196, 24.6958804751, 235.675698318, 0.52394757147
0.5002273619, 0.935284789392, 2.01628342218, 0.242467325129, 47.9999079634, 43.0210978177, 2.77761487366, 1.64788868888, 31.5780800455, 269.76091367, 0.442336371631
0.5002273619, 0.903115255406, 2.00150246102, 0.485793406407, 47.9999079634, 43.0210978177, 2.77761487366, 2.32951843006, 23.0531271844, 227.632600316, 0.551384522124
0.5002273619, 0.935284789392, 2.71625769266, 0.471162454013, 47.9999079634, 43.5588404643, 2.56407369531, 2.32951843006, 31.5780800455, 380.127921179, 0.416373722552
0.5002273619, 0.935284789392, 2.01628342218, 0.471162454013, 49.4671620231, 43.0210978177, 2.77761487366, 2.32951843006, 20.6915066936, 221.746580636, 0.574178108652
0.508544168617, 0.912786893469, 2.02449233649, 0.222284144772, 39.0801757865, 46.6262997246, 2.4779728932, 1.64788868888, 26.0845121822, 245.285207042, 0.465284776986
0.566278758765, 0.947575200729, 2.01628342218, 0.471162454013, 27.3688544433, 43.538940077, 2.263028668, 1.26807382342, 24.6958804751, 246.22334725, 0.460619153595
0.536117738806, 0.947575200729, 2.01628342218, 0.471162454013, 27.3688544433, 43.538940077, 2.263028668, 1.26807382342, 24.2008764824, 280.593166437, 0.437548808475
0.592222429475, 0.920089216615, 2.07220444595, 0.203581252219, 30.8010208498, 43.0407551128, 3.18024421772, 1.97783511132, 35.4990505323, 383.600202942, 0.416992767957
0.70311448969, 1.19187031685, 2.31061651445, 0.202357591525, 37.730318204, 44.8050984977, 2.46675557793, 1.64788868888, 21.094007363, 325.829743668, 0.420156051621
0.5002273619, 0.935284789392, 2.12557024292, 0.471162454013, 47.9999079634, 43.5588404643, 2.77761487366, 1.11185925963, 20.0266892863, 236.771686951, 0.521485150077
0.504033016821, 0.82137732687, 2.01628342218, 0.217570894847, 18.2416203482, 41.1460397174, 2.92835885099, 1.56960063799, 32.4748105863, 284.463075594, 0.43027699734
0.536117738806, 0.912786893469, 2.31061651445, 0.222284144772, 49.8314952008, 44.8050984977, 3.18024421772, 1.64788868888, 31.5780800455, 357.964931335, 0.419420280242
0.735301950229, 0.858367541457, 2.05592062647, 0.490963306667, 27.0627347502, 46.6262997246, 2.35256325312, 0.615565158704, 24.7687219819, 221.380938575, 0.594775459658
0.651994774423, 0.935284789392, 2.01628342218, 0.471162454013, 49.4671620231, 44.6802754074, 2.77761487366, 2.32951843006, 20.6915066936, 221.446633434, 0.592770245948
0.504033016821, 1.02762370968, 2.01628342218, 0.418594506932, 13.642976427, 41.1460397174, 3.98730916539, 1.56960063799, 32.4748105863, 344.949350925, 0.421239230365
0.504033016821, 0.82137732687, 5.04142959584, 0.27834954273, 18.2416203482, 41.1460397174, 2.92835885099, 1.56960063799, 32.4748105863, 602.060422576, 0.416189055478
0.70311448969, 0.841651693017, 2.05592062647, 0.460607719365, 9.54815970323, 46.6262997246, 2.35256325312, 0.615565158704, 24.1258774757, 219.781071763, 0.618619896489
0.70311448969, 0.858367541457, 2.05592062647, 0.490963306667, 27.0627347502, 46.6262997246, 2.46675557793, 4.02722217153, 24.7687219819, 227.626768658, 0.574277590804
0.5002273619, 0.935284789392, 2.03607518951, 0.242467325129, 37.730318204, 45.9722289958, 2.77761487366, 1.64788868888, 31.5780800455, 282.08534068, 0.438479758432
0.70311448969, 0.858367541457, 2.05592062647, 0.490968614416, 27.0627347502, 44.8050984977, 2.35256325312, 0.936439093469, 28.4528262021, 222.04922771, 0.613993857607
0.510783026458, 0.858367541457, 2.05592062647, 0.497844208975, 27.0627347502, 43.0699652414, 2.35256325312, 4.41488907658, 24.7687219819, 231.64244989, 0.553727216857
0.735301950229, 0.858367541457, 2.05592062647, 0.490963306667, 27.0627347502, 46.6262997246, 2.35256325312, 0.615565158704, 24.7687219819, 227.503358423, 0.5816447465
