0.126363652188, 0.99303584183, 2.51185174685, 0.580616202944, 33.0336590857, 10.7704712728, 0.371223359436, 1.24378437774, 19.5404511247, 96.5435511833, 0.0946324072616
0.126363652188, 0.865782758737, 2.02482582852, 0.6807089701, 35.5951676413, 13.7212326313, 0.298177485031, 0.587222252825, 1.31367115071, 83.0991858037, 0.133172468896
0.244157076713, 0.87303001411, 4.44547837608, 0.540276025295, 25.7312972495, 20.7533583085, 0.298177485031, 2.19421957993, 1.32016832947, 100.859787912, 0.0207527813422
0.277001712214, 1.05395820411, 3.45058001587, 0.679062458162, 60.3692931248, 1.05891950574, 0.82600105661, 2.27396294049, 28.0722196072, 104.491547256, 0.0123602761957
0.892954768937, 0.970170631359, 2.02482582852, 0.6807089701, 35.5951676413, 13.7212326313, 0.533731453408, 4.8416243514, 1.27825896035, 64.1992294951, 0.364545848774
0.35725764809, 1.14733873829, 3.4412997776, 0.616204499371, 8.14012611369, 47.3235946086, 0.153178653128, 2.81433991524, 5.07360187323, 161.88799773, 0.0
0.18759123191, 0.87303001411, 3.37866198595, 0.491942747426, 50.7569568784, 18.4509551556, 0.533731453408, 2.19421957993, 5.10137565413, 66.8976692151, 0.138927735015
0.47625207911, 0.87303001411, 4.44547837608, 0.543822076272, 25.7312972495, 20.7533583085, 0.298177485031, 2.19421957993, 1.32016832947, 95.2564663609, 0.124368338337
0.284420465654, 0.99303584183, 2.34059545233, 0.580616202944, 22.2976891105, 10.7704712728, 0.371223359436, 3.36896225314, 19.5404511247, 105.387137773, 0.0937581737193
0.419548690283, 0.961260640782, 2.51331076012, 0.540276025295, 62.9432965926, 12.6089353969, 0.298177485031, 4.09687559338, 1.27825896035, 112.827032196, 0.0436108044008
0.165232654971, 0.856860140705, 2.51185174685, 0.580616202944, 68.7985943015, 1.50356037964, 0.371223359436, 3.89036636345, 41.8778905141, 136.768341615, 0.0152009915446
0.126363652188, 1.05395820411, 2.59586785224, 0.55898935035, 50.7569568784, 1.17321834835, 0.371223359436, 1.17010978932, 42.9043828884, 172.79917251, 0.00606572465133
0.35725764809, 1.1572920605, 3.4412997776, 0.616204499371, 8.14012611369, 16.7986133491, 0.621828433059, 2.81433991524, 1.13713315215, 201.195028809, 0.0
0.29136599477, 0.862102621336, 2.59586785224, 0.419594287551, 25.7312972495, 39.586807544, 0.298177485031, 2.27396294049, 5.76914382145, 73.6768500592, 0.565498837407
0.892954768937, 0.865782758737, 2.02482582852, 0.6807089701, 35.5951676413, 13.7212326313, 0.298177485031, 0.587222252825, 1.31367115071, 83.4198257489, 0.164057785896
0.892954768937, 0.970170631359, 2.51331076012, 0.6807089701, 62.9432965926, 13.7212326313, 0.294330174251, 2.81433991524, 1.27825896035, 75.0798316138, 0.287403414165
0.89576286162, 0.865782758737, 2.02482582852, 0.6807089701, 35.5951676413, 13.7212326313, 0.337895076582, 4.8416243514, 1.31367115071, 82.8319858493, 0.242602953157
0.148719007982, 1.03145072671, 2.99784861935, 0.658354434554, 95.0298390866, 26.8662432885, 0.149822148083, 2.57951991316, 21.0319658043, 105.097196695, 0.12547878092
0.18759123191, 0.970170631359, 2.62805254251, 0.491942747426, 41.5596557204, 21.5454741269, 0.533731453408, 2.19421957993, 22.4062099798, 102.199131416, 0.157383888767
0.18759123191, 1.11211734095, 2.85910845421, 0.491942747426, 50.7569568784, 18.4509551556, 0.533731453408, 2.19421957993, 11.1119996658, 108.606094751, 0.102643721659
0.284420465654, 0.99303584183, 2.51185174685, 0.580616202944, 67.6253610601, 10.7704712728, 0.371223359436, 3.36896225314, 19.5404511247, 117.012148607, 0.0978305804271
0.126363652188, 0.99303584183, 2.02098891061, 0.580616202944, 33.0336590857, 10.7704712728, 0.371223359436, 1.24378437774, 19.5404511247, 140.607998213, 0.0463271267637
0.126363652188, 0.99303584183, 2.51185174685, 0.580616202944, 33.0336590857, 10.7704712728, 0.354709111347, 3.36896225314, 19.5404511247, 139.040258216, 0.0567056434905
0.165232654971, 0.856860140705, 2.51185174685, 0.580616202944, 68.7985943015, 1.50356037964, 0.371223359436, 3.89036636345, 41.8778905141, 169.864526845, 0.0164854593813
0.35725764809, 0.856860140705, 2.51185174685, 0.616204499371, 68.7985943015, 1.50356037964, 0.371223359436, 3.89036636345, 41.8778905141, 164.019725921, 0.0237053408204
0.229599558913, 1.14139670918, 2.38634288835, 0.437524134005, 63.4847347388, 2.28621820804, 0.747351901525, 0.194957409597, 37.0798712679, 143.126308028, 0.0292046525291
0.126363652188, 0.94880231034, 2.05206805142, 0.511697948796, 73.7409339418, 1.17321834835, 1.10658001832, 1.73128940677, 20.3667562922, 186.757874029, 0.00953901157892
0.277001712214, 1.05395820411, 3.45058001587, 0.679062458162, 84.4217353963, 1.11032518654, 0.82600105661, 2.94658664762, 28.0722196072, 188.430033332, 0.00950895899366
0.126363652188, 0.94880231034, 2.59586785224, 0.417929396582, 60.3692931248, 1.17321834835, 1.10658001832, 2.27396294049, 35.7642163923, 229.003627211, 0.00776361054994
0.892954768937, 0.970170631359, 2.02482582852, 0.6807089701, 35.5951676413, 13.7212326313, 0.0282826459171, 4.8416243514, 20.177696215, 92.8986026572, 0.179512234147
0.892954768937, 0.970170631359, 2.51331076012, 0.6807089701, 62.9432965926, 2.28621820804, 0.294330174251, 0.194957409597, 1.27825896035, 90.0130653397, 0.214562503551
0.419548690283, 1.13269327093, 2.02482582852, 0.6807089701, 33.0336590857, 12.6089353969, 0.533731453408, 1.24378437774, 1.27825896035, 79.2211572813, 0.343321643031
0.126363652188, 0.970170631359, 2.02482582852, 0.417929396582, 30.2456124579, 13.7212326313, 0.533731453408, 1.73128940677, 22.0660250402, 110.412867135, 0.148277115303
0.126363652188, 0.99303584183, 2.51185174685, 0.598768519446, 85.234244425, 10.7704712728, 0.371223359436, 1.24378437774, 19.5404511247, 116.841576962, 0.123779690615
0.126363652188, 0.99303584183, 2.34059545233, 0.580616202944, 33.0336590857, 10.7704712728, 0.371223359436, 3.36896225314, 19.5404511247, 141.136696759, 0.066921948234
0.326997197987, 0.94880231034, 2.59586785224, 0.511697948796, 60.3692931248, 1.17321834835, 1.3248041166, 2.27396294049, 1.88403840447, 172.465025153, 0.027319429312
0.35725764809, 1.1572920605, 3.4412997776, 0.616204499371, 8.14012611369, 1.09868719774, 0.621828433059, 2.81433991524, 1.13713315215, 175.251459305, 0.0251177779144
0.165232654971, 0.856860140705, 2.51185174685, 0.580616202944, 68.7985943015, 1.50356037964, 0.371223359436, 3.89036636345, 41.8778905141, 161.919250589, 0.0325197968171
0.326997197987, 1.05395820411, 3.16968477897, 0.535325472554, 84.4217353963, 1.11032518654, 0.82600105661, 2.94658664762, 28.0722196072, 152.992168702, 0.036459467951
0.126363652188, 0.99303584183, 2.34059545233, 0.580616202944, 33.0336590857, 10.7704712728, 0.371223359436, 3.36896225314, 19.5404511247, 146.389611481, 0.0626781318931
0.35725764809, 1.1572920605, 3.4412997776, 0.616204499371, 8.14012611369, 1.09868719774, 0.621828433059, 2.81433991524, 1.13713315215, 205.960174228, 0.013352798957
0.165232654971, 0.856860140705, 2.51185174685, 0.580616202944, 68.7985943015, 1.50356037964, 0.371223359436, 3.89036636345, 41.8778905141, 202.193581954, 0.0149778143269
0.165232654971, 0.99303584183, 2.51185174685, 0.580616202944, 33.0336590857, 1.50356037964, 0.371223359436, 1.24378437774, 41.8778905141, 226.727045212, 0.0106075954212
0.126363652188, 0.94880231034, 2.59586785224, 0.417929396582, 30.2456124579, 1.17321834835, 1.10658001832, 1.73128940677, 22.0660250402, 287.068679536, 0.00937819952875
0.892954768937, 0.970170631359, 2.02482582852, 0.6807089701, 35.5951676413, 13.7212326313, 0.533731453408, 4.8416243514, 1.27825896035, 97.7746885989, 0.259941089769
0.892954768937, 0.970170631359, 2.02482582852, 0.6807089701, 33.0336590857, 13.7212326313, 0.533731453408, 1.24378437774, 1.27825896035, 83.5193737946, 0.384264091567
0.892954768937, 0.865782758737, 2.02482582852, 0.6807089701, 35.5951676413, 13.7212326313, 0.298177485031, 0.587222252825, 1.31367115071, 83.4198257489, 0.428005971604
0.500359981411, 0.99303584183, 2.51185174685, 0.580616202944, 33.0336590857, 18.4509551556, 0.371223359436, 1.24378437774, 19.5404511247, 114.039328505, 0.158038461243
0.892954768937, 0.970170631359, 2.02482582852, 0.670869663737, 62.9432965926, 1.84791560072, 1.15443627133, 0.0181305272845, 1.27825896035, 118.201425958, 0.143524012827
0.35725764809, 0.856860140705, 2.51185174685, 0.616204499371, 68.7985943015, 1.50356037964, 0.371223359436, 3.88499963147, 41.8778905141, 141.919072429, 0.100472818667
0.18759123191, 1.11211734095, 2.85910845421, 0.580616202944, 50.7569568784, 6.95781040483, 0.533731453408, 1.9801868949, 15.5774991811, 190.759145546, 0.0419356367373
0.35725764809, 0.856860140705, 2.51185174685, 0.616204499371, 68.7985943015, 1.50356037964, 0.371223359436, 3.89036636345, 41.8778905141, 158.220587505, 0.0422111165594
0.126363652188, 1.04353100291, 2.51185174685, 0.55898935035, 50.7569568784, 7.82733718261, 0.533731453408, 2.19421957993, 41.8778905141, 149.019707866, 0.0971422774282
0.126363652188, 0.99303584183, 2.51185174685, 0.580616202944, 33.0336590857, 10.7704712728, 0.371223359436, 1.24378437774, 19.5404511247, 154.857732386, 0.0944540948721
0.126363652188, 0.94880231034, 2.59586785224, 0.417929396582, 30.2456124579, 1.17321834835, 1.10658001832, 1.73128940677, 22.0660250402, 218.110219507, 0.0145122180895
0.126363652188, 1.05395820411, 2.59586785224, 0.409446683734, 50.7569568784, 1.17321834835, 0.371223359436, 1.17010978932, 42.9043828884, 212.296126227, 0.0223605569286
0.113457632914, 0.99303584183, 2.51185174685, 0.577176902536, 35.5951676413, 1.50356037964, 1.18447169332, 4.8416243514, 41.8778905141, 206.379822433, 0.022611549798
0.126363652188, 1.05395820411, 2.16288099282, 0.42330085017, 81.2788271611, 1.15211870232, 1.30474155274, 1.17010978932, 20.9235056482, 212.542068882, 0.017625349476
0.126363652188, 1.05395820411, 2.59586785224, 0.55898935035, 50.7569568784, 1.17321834835, 1.30474155274, 1.17010978932, 43.4222435353, 273.739019149, 0.0145097295035
0.132654140858, 1.05395820411, 4.47062443798, 0.626571370361, 4.13520975594, 1.11032518654, 2.6517860993, 0.12025395636, 42.3492815572, 728.495520441, 0.00974591146291
0.132654140858, 1.05395820411, 4.47062443798, 0.626571370361, 4.13520975594, 1.11032518654, 2.6517860993, 0.12025395636, 42.3492815572, 697.223422484, 0.0105762169632
0.152668781553, 1.05395820411, 2.59586785224, 0.417929396582, 63.4847347388, 1.17321834835, 1.30474155274, 2.27396294049, 43.4222435353, 355.606652926, 0.0111079349289
0.11499025437, 0.94880231034, 2.59586785224, 0.491878266626, 23.9768910535, 1.17321834835, 1.10658001832, 2.94658664762, 35.7642163923, 311.104098338, 0.0122368891266
0.18759123191, 0.87303001411, 3.4412997776, 0.438974925347, 50.7569568784, 18.4509551556, 0.533731453408, 2.19421957993, 5.10137565413, 113.818322978, 0.283482038598
0.29136599477, 0.961260640782, 4.44547837608, 0.540276025295, 25.7312972495, 39.586807544, 0.298177485031, 3.61352721293, 5.76914382145, 112.584815562, 0.38532907266
0.841334083496, 1.10886565441, 3.58369610754, 0.419594287551, 30.2456124579, 16.4757480833, 0.0823118762101, 1.73128940677, 1.19100796039, 102.536715236, 0.464176397554
0.29136599477, 0.862102621336, 2.59586785224, 0.540276025295, 25.7312972495, 39.586807544, 0.298177485031, 2.27396294049, 5.76914382145, 90.3602556457, 0.557533448417
0.2126754596, 0.978144115507, 2.59586785224, 0.616204499371, 25.7312972495, 39.586807544, 0.621828433059, 2.27396294049, 1.13713315215, 115.421050498, 0.158283988527
0.892954768937, 0.845971758831, 2.02482582852, 0.6807089701, 35.5951676413, 13.7212326313, 0.337895076582, 4.8416243514, 1.31367115071, 132.536201199, 0.154634169331
0.284420465654, 0.99303584183, 2.34059545233, 0.580616202944, 33.0336590857, 10.7704712728, 0.371223359436, 3.36896225314, 19.5404511247, 145.622906114, 0.13621134749
0.35725764809, 1.14777726467, 3.4412997776, 0.616204499371, 8.14012611369, 47.3235946086, 0.153178653128, 2.81433991524, 1.13713315215, 145.469397491, 0.137979671865
0.733901393436, 1.15081035623, 3.07522168679, 0.684055162491, 73.7409339418, 16.7986133491, 0.621828433059, 0.0181305272845, 5.10137565413, 148.360191957, 0.135694402366
0.124765996657, 0.99303584183, 2.51185174685, 0.580616202944, 33.0336590857, 10.7704712728, 0.371223359436, 3.36896225314, 19.5404511247, 165.357026333, 0.0615280269292
0.126363652188, 0.99303584183, 2.51185174685, 0.580616202944, 41.5596557204, 10.7704712728, 0.354709111347, 3.36896225314, 19.5404511247, 171.55243216, 0.0590823005014
0.892954768937, 0.94880231034, 2.59586785224, 0.6807089701, 35.5951676413, 1.17321834835, 1.10658001832, 4.8416243514, 1.08955996472, 189.997136095, 0.0496515983274
0.892954768937, 0.970170631359, 2.02482582852, 0.6807089701, 35.5951676413, 13.7212326313, 0.533731453408, 4.8416243514, 20.177696215, 161.141098194, 0.098548560583
0.126363652188, 0.839748197982, 2.59586785224, 0.40098794286, 30.2456124579, 1.17321834835, 1.10658001832, 1.73128940677, 22.0660250402, 243.490279694, 0.0174057361811
0.326997197987, 0.94880231034, 2.59586785224, 0.511697948796, 60.3692931248, 1.17321834835, 1.3248041166, 2.27396294049, 1.88403840447, 259.308634276, 0.0166425407726
0.126363652188, 0.94880231034, 2.59586785224, 0.417929396582, 60.3692931248, 1.11032518654, 1.10658001832, 2.27396294049, 35.7642163923, 258.186528799, 0.017309038427
0.165232654971, 0.99303584183, 2.51185174685, 0.580616202944, 33.0336590857, 1.50356037964, 0.371223359436, 4.8416243514, 41.8778905141, 206.47690364, 0.0244106510773
0.326997197987, 0.94880231034, 2.59586785224, 0.417929396582, 60.3692931248, 1.11032518654, 1.10658001832, 4.64277944843, 35.7642163923, 232.246471595, 0.0191154257041
0.277001712214, 1.05395820411, 3.16968477897, 0.679062458162, 84.4217353963, 1.11032518654, 0.82600105661, 2.94658664762, 28.0722196072, 219.051867951, 0.02236612269
0.126363652188, 1.05395820411, 2.59586785224, 0.55898935035, 50.7569568784, 1.17321834835, 1.30474155274, 1.17010978932, 43.4222435353, 368.874855642, 0.0111884558139
0.126363652188, 0.94880231034, 2.59586785224, 0.417929396582, 23.9768910535, 1.17321834835, 1.10658001832, 2.94658664762, 35.7642163923, 333.965951538, 0.0153237313818
0.29136599477, 0.862102621336, 4.44547837608, 0.540276025295, 25.7312972495, 39.586807544, 0.298177485031, 2.43098876695, 33.5184700794, 114.83661767, 0.296708898991
0.892954768937, 0.970170631359, 2.02482582852, 0.6807089701, 33.0336590857, 13.7212326313, 0.533731453408, 1.24378437774, 1.27825896035, 113.036260919, 0.391038564772
0.29136599477, 0.862102621336, 2.44902646785, 0.540276025295, 2.90038110333, 39.586807544, 0.298177485031, 0.194957409597, 5.81021522836, 103.437166746, 0.526710301279
0.29136599477, 0.824449522193, 2.59586785224, 0.540276025295, 25.7312972495, 39.586807544, 0.298177485031, 2.27396294049, 5.76914382145, 104.557838728, 0.482844806313
0.105572696306, 0.94880231034, 7.10447337132, 0.632786464068, 4.13520975594, 1.11032518654, 2.60059739612, 2.94658664762, 42.8334272387, 1012.64720396, 0.0121731617551
0.892954768937, 0.970170631359, 2.02482582852, 0.6807089701, 35.5951676413, 13.7212326313, 0.533731453408, 4.8416243514, 1.27825896035, 115.719614294, 0.305183808295
0.277001712214, 1.05395820411, 3.45058001587, 0.626571370361, 84.4217353963, 1.11032518654, 2.60059739612, 2.94658664762, 28.0722196072, 501.769485714, 0.012353793782
0.126363652188, 0.99303584183, 2.51185174685, 0.580616202944, 33.0336590857, 10.7704712728, 0.354709111347, 3.36896225314, 19.5404511247, 167.02375498, 0.136358287155
0.419548690283, 0.861172026196, 2.02482582852, 0.6807089701, 35.5951676413, 12.6089353969, 0.0282826459171, 4.8416243514, 20.177696215, 133.055743018, 0.234513529971
0.126363652188, 0.99303584183, 2.51185174685, 0.580616202944, 33.0336590857, 10.7704712728, 0.371223359436, 3.36896225314, 19.5404511247, 171.936218362, 0.079914799872
0.16901570913, 0.87303001411, 4.44547837608, 0.617024274826, 25.7312972495, 20.7533583085, 0.298177485031, 2.19421957993, 1.32016832947, 161.562438044, 0.174361630694
0.419548690283, 1.13269327093, 2.51331076012, 0.6807089701, 62.9432965926, 12.6089353969, 0.171481792816, 2.81433991524, 1.27825896035, 127.573436173, 0.273769663422
0.126363652188, 1.05395820411, 2.59586785224, 0.55898935035, 50.7569568784, 1.17321834835, 3.2032526881, 2.91460006527, 20.9235056482, 450.91800002, 0.0153315306261
0.419548690283, 1.13269327093, 3.01209590839, 0.670869663737, 62.9432965926, 12.6089353969, 0.171481792816, 2.81433991524, 5.07360187323, 135.239311995, 0.209656156173
0.182020201157, 1.05395820411, 2.59586785224, 0.417929396582, 63.4847347388, 1.17321834835, 1.30474155274, 2.27396294049, 43.4222435353, 371.258740763, 0.0166792139956
0.892954768937, 0.970170631359, 2.02482582852, 0.6807089701, 35.5951676413, 13.7212326313, 0.533731453408, 4.8416243514, 1.27825896035, 116.278646247, 0.274971704564
