0.148028062843, 1.16409237077, 3.34579991245, 0.480664566016, 20.1281142758, 1.9612217937, 0.182399098251, 3.83717214638, 37.3386753071, 0.00312718814643, 0.0
0.101237588392, 0.824587484112, 6.28215517057, 0.699094686958, 87.1327602574, 3.38504837504, 0.06447447748, 3.84738525995, 6.42507323377, 0.00468478503969, 0.0
0.101237588392, 0.824587484112, 6.28215517057, 0.699094686958, 20.1281142758, 1.36866199261, 0.209131178092, 3.84738525995, 6.42507323377, 0.00714669589774, 0.0
0.148028062843, 0.822121488556, 8.12186481686, 0.599574520433, 90.858518955, 1.10358678883, 0.476322398186, 1.26218336521, 43.3070274421, 0.00475084100766, 0.473684210526
0.104845607442, 0.933595287345, 2.81756702466, 0.545793803926, 85.2146840286, 1.58614684877, 2.49782023869, 3.45708684459, 28.2887418111, 0.00753374651298, 0.0
0.104845607442, 1.13959552205, 7.99888878327, 0.650480373268, 59.4631449773, 3.38504837504, 0.06447447748, 0.446237371083, 38.0828885817, 0.00906716560528, 0.0
0.100347721452, 1.18628574075, 3.69189754444, 0.599574520433, 90.858518955, 1.9612217937, 2.50036050756, 1.11859807736, 43.3070274421, 0.0098866319293, 0.0
0.252433614522, 1.11013183579, 8.06513742426, 0.403384040996, 96.6908875053, 1.09612510761, 0.35163534386, 2.1047606602, 21.3408670077, 0.00996705487868, 0.352941176471
0.107146517764, 1.15339452913, 3.43900639996, 0.480664566016, 15.4509012351, 1.9612217937, 0.182399098251, 3.77326247129, 37.3386753071, 0.0100225953168, 0.0
0.111734974928, 1.18194263823, 3.63746164876, 0.633118577421, 90.858518955, 1.07028814501, 1.26400219963, 2.91027017062, 43.3070274421, 0.0101995091607, 0.0
0.10407858521, 1.01469972678, 7.99888878327, 0.519807470926, 53.9849848524, 1.9612217937, 3.85967993745, 1.80809545221, 9.83637197278, 0.0101912189559, 0.0130890052356
0.101237588392, 0.824587484112, 6.28215517057, 0.699094686958, 87.1327602574, 1.36866199261, 0.06447447748, 3.84738525995, 6.42507323377, 0.0100990013469, 0.181818181818
0.100747590691, 0.967590768774, 2.81756702466, 0.627250466793, 77.652686402, 2.54639207987, 0.536352122851, 1.43031118181, 1.67968466751, 0.0100833593419, 0.333333333333
0.101936845912, 0.991193430742, 2.81756702466, 0.555437720542, 72.1983331702, 1.42165446889, 0.702785031376, 2.91027017062, 33.3349596761, 0.0109415689708, 0.0
0.10407858521, 1.01469972678, 7.99888878327, 0.519807470926, 53.9849848524, 1.9612217937, 3.85967993745, 1.80809545221, 9.83637197278, 0.0104221330812, 0.0188679245283
0.252433614522, 1.11013183579, 8.06513742426, 0.403384040996, 96.6908875053, 1.09612510761, 0.35163534386, 2.1047606602, 21.3408670077, 0.0110471076007, 0.0
0.148028062843, 1.18194263823, 3.69189754444, 0.599574520433, 73.0011718027, 1.19851514192, 2.50036050756, 1.60024499614, 43.2347522351, 0.0106762223147, 0.262857142857
0.148028062843, 1.1088968716, 3.09052949482, 0.599574520433, 49.271810116, 1.9612217937, 2.50036050756, 1.60024499614, 43.2347522351, 0.0122599864447, 0.0
0.10407858521, 0.823756472438, 7.99888878327, 0.519807470926, 87.1327602574, 1.66460252198, 0.06447447748, 1.80809545221, 33.3349596761, 0.0117430163095, 0.235294117647
0.104017585432, 1.18194263823, 3.69189754444, 0.599574520433, 49.271810116, 2.86020953578, 2.50036050756, 1.60024499614, 43.2347522351, 0.0123577485216, 0.0
0.148028062843, 1.18628574075, 3.69189754444, 0.555437720542, 49.271810116, 1.9612217937, 2.50036050756, 1.26218336521, 33.3349596761, 0.0126334426956, 0.0
0.110860867262, 1.18194263823, 3.69189754444, 0.599574520433, 49.271810116, 1.9612217937, 2.50036050756, 1.60024499614, 43.2347522351, 0.0127639684097, 0.0
0.148028062843, 0.850481255233, 8.12186481686, 0.599574520433, 90.858518955, 1.10358678883, 0.476322398186, 1.26218336521, 43.3070274421, 0.0130458334695, 0.142857142857
0.148028062843, 1.18628574075, 3.69189754444, 0.555437720542, 49.271810116, 1.9612217937, 2.50036050756, 1.26218336521, 33.3349596761, 0.0135652275248, 0.0
0.101936845912, 1.04377438487, 2.81756702466, 0.555437720542, 29.0796900958, 1.42165446889, 0.702785031376, 3.45708684459, 33.3349596761, 0.013216877556, 0.461538461538
0.101237588392, 0.824587484112, 6.28215517057, 0.699094686958, 87.1327602574, 1.36866199261, 0.06447447748, 3.84738525995, 6.42507323377, 0.0138119999019, 0.416666666667
0.171898455668, 1.03941451891, 3.43900639996, 0.480664566016, 17.1169692783, 1.9612217937, 0.182399098251, 3.84738525995, 39.3061745658, 0.0141090668711, 0.117647058824
0.100875882209, 0.824587484112, 7.99888878327, 0.691160718436, 87.1327602574, 2.12839608624, 3.85967993745, 1.80809545221, 3.60202765795, 0.0139126328873, 0.222943722944
0.148028062843, 1.18194263823, 3.69189754444, 0.633118577421, 90.858518955, 1.9612217937, 1.26400219963, 2.91027017062, 43.3070274421, 0.0142538477359, 0.0
0.104845607442, 1.04785017025, 7.99888878327, 0.519807470926, 49.271810116, 1.9612217937, 0.06447447748, 1.60024499614, 6.42507323377, 0.0139768839049, 0.466666666667
0.171898455668, 0.824587484112, 2.81756702466, 0.480664566016, 87.1327602574, 1.9612217937, 0.000583733458759, 1.80809545221, 19.8949860886, 0.0145363540096, 0.0
0.171898455668, 1.03941451891, 3.43900639996, 0.480664566016, 20.3091521539, 2.86020953578, 0.182399098251, 3.77326247129, 37.746870308, 0.0144471186563, 0.333333333333
0.148028062843, 1.19820713065, 3.69189754444, 0.555437720542, 40.3612556086, 1.9612217937, 3.33700764561, 1.26218336521, 33.3349596761, 0.0145625594323, 0.0
0.100747590691, 0.967590768774, 2.81756702466, 0.492316483453, 77.652686402, 2.54639207987, 0.536352122851, 1.43031118181, 2.08610333203, 0.0144744904148, 0.588235294118
0.148028062843, 0.824587484112, 3.69189754444, 0.555437720542, 49.271810116, 1.9612217937, 2.14603909563, 1.26218336521, 33.3349596761, 0.0148332834326, 0.0
0.104845607442, 0.933595287345, 2.81756702466, 0.545793803926, 85.2146840286, 1.58614684877, 2.49782023869, 3.45708684459, 28.2887418111, 0.0146973091987, 0.129213483146
0.148028062843, 1.18438418125, 3.69189754444, 0.599574520433, 49.271810116, 1.88825257434, 2.11258567833, 1.60024499614, 43.2347522351, 0.0152389642886, 0.0
0.100347721452, 0.867239143771, 3.69189754444, 0.599574520433, 79.0844478821, 1.9612217937, 2.70744227004, 1.60024499614, 43.3070274421, 0.0150983400367, 0.438502673797
0.148028062843, 1.18628574075, 3.69189754444, 0.555437720542, 40.3612556086, 1.9612217937, 3.33700764561, 1.26218336521, 33.3349596761, 0.0152779482247, 0.0
0.171898455668, 1.18628574075, 2.66816734043, 0.480664566016, 49.271810116, 1.9612217937, 3.33700764561, 1.26218336521, 6.42507323377, 0.0154480848574, 0.0292553191489
0.10407858521, 1.01469972678, 6.73354898575, 0.519807470926, 33.6675783384, 1.9612217937, 3.85967993745, 1.9816716837, 9.83637197278, 0.0153990255593, 0.253283302064
0.171898455668, 1.18628574075, 4.45274134869, 0.600985389852, 49.271810116, 1.9612217937, 3.33700764561, 1.26218336521, 33.3349596761, 0.0155247829135, 0.0
0.100747590691, 0.967590768774, 2.81756702466, 0.492316483453, 77.652686402, 2.54639207987, 0.536352122851, 4.4035535415, 2.08610333203, 0.0156103569605, 0.1
0.110860867262, 1.18194263823, 7.58854349269, 0.599574520433, 49.271810116, 2.86020953578, 0.182399098251, 1.60024499614, 43.2347522351, 0.0155599356349, 0.428571428571
0.148028062843, 0.977381780832, 2.27316759495, 0.556097625569, 20.3091521539, 1.9612217937, 1.72077702283, 3.77326247129, 38.9978684077, 0.0156597940102, 0.0
0.148028062843, 1.18628574075, 3.69189754444, 0.599574520433, 90.858518955, 1.9612217937, 2.50036050756, 1.11859807736, 43.3070274421, 0.0161707359028, 0.0
0.171898455668, 1.18924059214, 2.25574176718, 0.480664566016, 10.660764112, 1.9612217937, 2.50036050756, 1.26218336521, 33.3349596761, 0.0158251184934, 0.0267857142857
0.148028062843, 1.18194263823, 3.69189754444, 0.599574520433, 90.858518955, 1.9612217937, 2.50036050756, 2.91027017062, 43.3070274421, 0.0162612671315, 0.0
0.104845607442, 0.877269751934, 6.93166752306, 0.519807470926, 87.1327602574, 3.38504837504, 3.85967993745, 1.80809545221, 6.42507323377, 0.0164486155847, 0.0107238605898
0.148028062843, 1.18194263823, 3.43900639996, 0.480664566016, 20.1281142758, 1.91622492598, 0.113836968541, 3.77326247129, 37.3386753071, 0.0166957056059, 0.0
0.107146517764, 1.1783509383, 3.04968777276, 0.403384040996, 90.8393834036, 3.03232711651, 1.26400219963, 1.32652731407, 20.3080411446, 0.0168565217658, 0.0
0.10407858521, 0.824587484112, 7.99888878327, 0.519807470926, 87.1327602574, 3.38504837504, 0.06447447748, 1.80809545221, 6.42507323377, 0.0167302639004, 0.363636363636
0.148028062843, 1.18194263823, 3.69189754444, 0.599574520433, 90.858518955, 1.9612217937, 2.50036050756, 2.91027017062, 43.3070274421, 0.0173166673879, 0.0
0.104845607442, 0.83407936321, 6.93166752306, 0.545793803926, 87.1327602574, 3.38504837504, 3.85967993745, 1.80809545221, 6.42507323377, 0.0172436091906, 0.0112044817927
0.10407858521, 1.01469972678, 7.99888878327, 0.519807470926, 53.9849848524, 1.9612217937, 3.85967993745, 1.80809545221, 9.83637197278, 0.0171224188499, 0.418960244648
0.171898455668, 1.18628574075, 4.45274134869, 0.480664566016, 49.271810116, 1.9612217937, 3.33700764561, 1.26218336521, 33.3349596761, 0.0173800572517, 0.0
0.148028062843, 1.18321415632, 3.69189754444, 0.599574520433, 49.271810116, 1.9612217937, 2.50036050756, 1.60024499614, 43.2347522351, 0.0172438898615, 0.265536723164
0.100747590691, 0.967590768774, 2.81756702466, 0.627250466793, 77.652686402, 2.54639207987, 0.536352122851, 1.43031118181, 1.67968466751, 0.0180025310431, 0.0
0.107146517764, 1.1783509383, 8.17584836311, 0.403384040996, 90.8393834036, 3.03232711651, 1.26400219963, 1.32652731407, 20.3080411446, 0.0172618718726, 0.361111111111
0.148028062843, 1.18194263823, 3.69189754444, 0.599574520433, 49.271810116, 1.9612217937, 2.50036050756, 1.60024499614, 43.2347522351, 0.0179193834794, 0.299363057325
0.148028062843, 1.18628574075, 3.69189754444, 0.555437720542, 49.271810116, 1.9612217937, 2.50036050756, 1.26218336521, 33.3349596761, 0.0182107051694, 0.0
0.101936845912, 1.04377438487, 2.81756702466, 0.555437720542, 29.0796900958, 1.42165446889, 0.702785031376, 3.45708684459, 33.3349596761, 0.0180327037811, 0.380952380952
0.148028062843, 1.18194263823, 3.43900639996, 0.480664566016, 20.1281142758, 1.9612217937, 0.182399098251, 3.77326247129, 37.3386753071, 0.0184338654355, 0.0
0.148028062843, 1.19725956023, 3.43900639996, 0.480664566016, 20.1281142758, 1.9612217937, 0.182399098251, 1.60024499614, 37.3386753071, 0.0182156486879, 0.416666666667
0.229099585882, 0.830011529363, 2.81756702466, 0.545793803926, 79.007025557, 1.9612217937, 1.67164973173, 3.45708684459, 28.2887418111, 0.0192359963677, 0.0
0.104845607442, 0.83407936321, 6.93166752306, 0.545793803926, 87.1327602574, 3.38504837504, 3.85967993745, 1.80809545221, 6.42507323377, 0.0184383576779, 0.0220820189274
0.104845607442, 0.824587484112, 9.79740512426, 0.506073745618, 87.1327602574, 1.57590603795, 3.85967993745, 1.80809545221, 6.42507323377, 0.018416053172, 0.418285714286
0.148028062843, 1.09189375202, 2.27316759495, 0.556097625569, 20.3091521539, 1.9612217937, 0.182399098251, 3.77326247129, 37.3386753071, 0.0192941611653, 0.0
0.101237588392, 0.824587484112, 6.28215517057, 0.699094686958, 87.1327602574, 1.36866199261, 0.06447447748, 3.84738525995, 6.42507323377, 0.0187725777386, 0.210526315789
0.100347721452, 0.867239143771, 3.69189754444, 0.599574520433, 79.0844478821, 1.9612217937, 2.70744227004, 1.11859807736, 43.3070274421, 0.0186672202646, 0.568914956012
0.148028062843, 1.18194263823, 3.69189754444, 0.599574520433, 49.271810116, 2.86020953578, 2.50036050756, 1.60024499614, 33.3349596761, 0.0199561610036, 0.0
0.148028062843, 0.850481255233, 3.43900639996, 0.599574520433, 49.271810116, 1.9612217937, 2.50036050756, 1.60024499614, 43.2347522351, 0.0191086968517, 0.299401197605
0.148028062843, 1.19985843793, 3.43900639996, 0.480664566016, 20.1281142758, 1.24973194011, 0.182399098251, 0.714940287163, 37.3386753071, 0.0198844725746, 0.25
0.171898455668, 1.03941451891, 2.20718615969, 0.480664566016, 17.1169692783, 1.9612217937, 0.182399098251, 3.84738525995, 39.3061745658, 0.0191825207297, 0.263157894737
0.148028062843, 1.18628574075, 8.12186481686, 0.599574520433, 90.858518955, 1.9612217937, 2.50036050756, 1.26218336521, 43.3070274421, 0.0188592856476, 0.299435028249
0.148028062843, 1.18194263823, 2.82350088609, 0.599574520433, 49.271810116, 2.86020953578, 2.50036050756, 1.60024499614, 43.2347522351, 0.020118029318, 0.0
0.10407858521, 0.823756472438, 7.99888878327, 0.519807470926, 87.1327602574, 3.38504837504, 0.06447447748, 1.80809545221, 33.3349596761, 0.0192431601337, 0.333333333333
0.148028062843, 1.18628574075, 3.69189754444, 0.555437720542, 80.9225059877, 1.9612217937, 0.702785031376, 1.26218336521, 33.3349596761, 0.0203403059152, 0.0
0.148028062843, 0.824587484112, 3.69189754444, 0.555437720542, 49.271810116, 1.9612217937, 2.14603909563, 1.26218336521, 33.3349596761, 0.0202176369035, 0.191176470588
0.107146517764, 1.15339452913, 8.06513742426, 0.480664566016, 96.6908875053, 1.9612217937, 0.182399098251, 3.77326247129, 37.3386753071, 0.0203292289714, 0.16
0.148028062843, 1.18194263823, 3.43900639996, 0.480664566016, 20.1281142758, 1.9612217937, 0.182399098251, 3.77326247129, 37.3386753071, 0.0193828351689, 0.5
0.148028062843, 1.18479128412, 2.28137646333, 0.633118577421, 90.858518955, 1.28831136299, 1.26400219963, 2.91027017062, 43.3070274421, 0.0197812834715, 0.408163265306
0.229099585882, 0.830011529363, 2.81756702466, 0.545793803926, 79.007025557, 1.9612217937, 1.67164973173, 3.45708684459, 28.2887418111, 0.0203840904416, 0.0
0.110860867262, 1.18194263823, 3.69189754444, 0.599574520433, 49.271810116, 2.86020953578, 2.50036050756, 1.60024499614, 43.2347522351, 0.0202455288342, 0.255952380952
0.104845607442, 0.824587484112, 2.81756702466, 0.519807470926, 87.1327602574, 3.0350566316, 0.0185907562867, 1.80809545221, 6.42507323377, 0.0193853612312, 0.526315789474
0.228757075871, 0.824587484112, 6.28215517057, 0.699527962318, 87.1327602574, 1.05971200323, 0.06447447748, 3.77326247129, 2.05877809097, 0.019894913198, 0.428571428571
0.107146517764, 1.18069416015, 8.17584836311, 0.599574520433, 90.8393834036, 3.03232711651, 1.26400219963, 0.785130066157, 20.3080411446, 0.0216082409448, 0.0
0.148028062843, 1.03941451891, 2.27316759495, 0.556097625569, 20.3091521539, 1.9612217937, 0.182399098251, 3.77326247129, 37.3386753071, 0.0207340963298, 0.0434782608696
0.100347721452, 1.18628574075, 3.69189754444, 0.599574520433, 90.858518955, 1.9612217937, 2.50036050756, 1.11859807736, 43.3070274421, 0.0194705765884, 0.573883161512
0.148028062843, 1.04377438487, 3.69189754444, 0.496315382006, 40.742007835, 1.42165446889, 2.14603909563, 1.26218336521, 33.3349596761, 0.0200186017165, 0.528138528139
0.101237588392, 0.824587484112, 6.28215517057, 0.699094686958, 87.1327602574, 1.36866199261, 0.06447447748, 3.84738525995, 6.42507323377, 0.0202348651021, 0.444444444444
0.171898455668, 1.03941451891, 2.20718615969, 0.480664566016, 20.3091521539, 1.9612217937, 0.182399098251, 3.77326247129, 39.3061745658, 0.0232161315659, 0.0
0.148028062843, 1.18194263823, 3.69189754444, 0.599574520433, 90.858518955, 1.9612217937, 2.50036050756, 2.91027017062, 43.3070274421, 0.0214371810127, 0.146892655367
0.148028062843, 1.18194263823, 3.69189754444, 0.599574520433, 49.271810116, 1.9612217937, 2.50036050756, 1.60024499614, 43.2347522351, 0.0209914109991, 0.260416666667
0.148028062843, 0.853068476866, 4.46621663089, 0.555437720542, 49.271810116, 1.9612217937, 0.06447447748, 1.26218336521, 43.2347522351, 0.0208259808979, 0.333333333333
0.104845607442, 0.82037013212, 9.8552647525, 0.691873933035, 87.1327602574, 3.38504837504, 0.06447447748, 1.59459429613, 6.42507323377, 0.0198650864067, 0.647058823529
0.101237588392, 0.824587484112, 6.28215517057, 0.699527962318, 87.1327602574, 1.36866199261, 0.06447447748, 3.77326247129, 6.42507323377, 0.0201484952462, 0.565217391304
0.101936845912, 1.04377438487, 2.81756702466, 0.555437720542, 29.0796900958, 1.42165446889, 0.702785031376, 3.45708684459, 33.3349596761, 0.0207832012314, 0.521739130435
0.484293510567, 1.04247324262, 2.81756702466, 0.519807470926, 88.6364730464, 1.9612217937, 0.0185907562867, 1.80809545221, 6.42507323377, 0.023636952993, 0.0
0.110860867262, 1.18194263823, 3.69189754444, 0.599574520433, 49.271810116, 1.9612217937, 2.50036050756, 1.60024499614, 43.2347522351, 0.0208375721502, 0.501683501684
