-1.0, -1.0, 0.0, -1.0, 0.0, 1.0, 2.0, 3.0, -1.0, -1.0, -1.0, -1.0, 1.0, 0.0, -1.0, 3.0, 2.0, 0.0, -1.0, 2.0, 1.0, 3.0, -1.0, -1.0, 2.0, 1.0, 2.0, 1.0, 1.0, 0.0, 0.0, 2.0, 3.0, 2.0, 1.0, 3.0, 2.0, -1.0, 1.0, 2.0, -1.0, -1.0, -1.0, -1.0, 1.0, -1.0, 2.0, -1.0, 2.0, 2.0, 97503.0, 425.0
-1.0, -1.0, 0.0, -1.0, 0.0, 1.0, 2.0, 0.0, -1.0, 1.0, -1.0, -1.0, 1.0, 0.0, -1.0, 3.0, 2.0, 3.0, -1.0, 2.0, 1.0, 3.0, -1.0, 1.0, 2.0, -1.0, 2.0, 0.0, 1.0, 0.0, 0.0, 2.0, 3.0, 2.0, -1.0, 3.0, 1.0, -1.0, 1.0, 3.0, -1.0, -1.0, -1.0, -1.0, 1.0, -1.0, 2.0, -1.0, 2.0, 0.0, 97351.0, 432.0
0.0, 0.0, -1.0, 1.0, 0.0, -1.0, 1.0, 0.0, 0.0, 2.0, 0.0, -1.0, 3.0, -1.0, 1.0, 0.0, -1.0, 1.0, 1.0, -1.0, 0.0, -1.0, -1.0, 3.0, 2.0, 1.0, 1.0, 1.0, 0.0, 2.0, 0.0, 2.0, 3.0, -1.0, 0.0, 1.0, 2.0, 2.0, 2.0, -1.0, 2.0, -1.0, 2.0, 1.0, 1.0, 0.0, 0.0, -1.0, 0.0, 3.0, 96275.0, 511.0
-1.0, -1.0, 0.0, -1.0, 0.0, 1.0, 2.0, 0.0, -1.0, 1.0, -1.0, -1.0, 1.0, -1.0, -1.0, 3.0, 2.0, 3.0, -1.0, 2.0, 1.0, 3.0, -1.0, 1.0, 2.0, -1.0, 2.0, 0.0, 1.0, 0.0, 0.0, 2.0, 3.0, 2.0, -1.0, 3.0, 1.0, -1.0, 1.0, 3.0, -1.0, -1.0, -1.0, -1.0, 1.0, -1.0, 2.0, -1.0, 2.0, 2.0, 97522.0, 418.0
2.0, 1.0, -1.0, -1.0, -1.0, 1.0, 1.0, 2.0, -1.0, -1.0, 3.0, -1.0, 1.0, 0.0, 0.0, -1.0, 0.0, 0.0, 1.0, 0.0, 1.0, 0.0, -1.0, 0.0, -1.0, 1.0, 1.0, -1.0, -1.0, 3.0, 0.0, 2.0, 1.0, 1.0, 2.0, 3.0, 2.0, 2.0, 1.0, 2.0, 0.0, -1.0, -1.0, 0.0, 1.0, 0.0, 0.0, -1.0, 2.0, 0.0, 96637.0, 493.0
-1.0, -1.0, 0.0, -1.0, 0.0, 1.0, 2.0, 0.0, -1.0, 1.0, -1.0, -1.0, 1.0, 0.0, -1.0, 3.0, 2.0, 3.0, -1.0, 2.0, 1.0, 3.0, -1.0, 1.0, 2.0, -1.0, 2.0, 0.0, 1.0, 0.0, 0.0, 2.0, 3.0, 2.0, -1.0, 3.0, 1.0, -1.0, 1.0, 3.0, -1.0, -1.0, -1.0, -1.0, 1.0, -1.0, 2.0, -1.0, 2.0, 2.0, 97405.0, 432.0
-1.0, -1.0, 0.0, -1.0, 0.0, 1.0, 2.0, 0.0, -1.0, 1.0, -1.0, -1.0, 1.0, 0.0, -1.0, 3.0, 2.0, 3.0, -1.0, 2.0, 1.0, 3.0, -1.0, 1.0, 2.0, -1.0, 2.0, 0.0, 1.0, 0.0, 0.0, 2.0, 3.0, 2.0, -1.0, 3.0, 1.0, -1.0, 1.0, 3.0, -1.0, -1.0, -1.0, -1.0, 1.0, -1.0, 2.0, -1.0, 2.0, 2.0, 97405.0, 432.0
-1.0, -1.0, 0.0, -1.0, 0.0, 1.0, 2.0, 0.0, -1.0, 1.0, -1.0, -1.0, 1.0, 0.0, -1.0, 3.0, 2.0, 3.0, -1.0, 2.0, 1.0, 3.0, -1.0, 1.0, 2.0, -1.0, 2.0, 0.0, 1.0, 0.0, 0.0, 2.0, 3.0, 2.0, -1.0, 3.0, 1.0, -1.0, 1.0, 3.0, -1.0, -1.0, -1.0, -1.0, 1.0, -1.0, 2.0, -1.0, 2.0, 2.0, 97405.0, 432.0
-1.0, -1.0, 0.0, -1.0, 0.0, 1.0, 2.0, 3.0, -1.0, -1.0, -1.0, -1.0, 1.0, 0.0, 0.0, 3.0, 2.0, 0.0, -1.0, 2.0, 1.0, 3.0, -1.0, -1.0, 2.0, 1.0, 2.0, 1.0, 1.0, 0.0, 0.0, 2.0, 3.0, 2.0, 1.0, 3.0, 2.0, -1.0, 1.0, 2.0, -1.0, -1.0, -1.0, -1.0, 1.0, -1.0, 2.0, -1.0, 2.0, 2.0, 97360.0, 439.0
-1.0, -1.0, 0.0, -1.0, 0.0, 1.0, 2.0, 0.0, -1.0, 1.0, -1.0, -1.0, 1.0, 0.0, -1.0, 3.0, 2.0, 3.0, -1.0, 2.0, 1.0, 3.0, -1.0, 1.0, 2.0, -1.0, 2.0, 0.0, 1.0, 0.0, 0.0, 2.0, 3.0, 2.0, -1.0, 3.0, 1.0, -1.0, 1.0, 3.0, -1.0, -1.0, -1.0, -1.0, 1.0, -1.0, 2.0, -1.0, 2.0, 2.0, 97405.0, 432.0
-1.0, -1.0, 0.0, -1.0, 0.0, 1.0, 2.0, 3.0, -1.0, -1.0, -1.0, -1.0, 1.0, 0.0, 0.0, 3.0, 2.0, 0.0, -1.0, 2.0, 1.0, 3.0, -1.0, -1.0, 2.0, 1.0, 2.0, 1.0, 1.0, 0.0, 0.0, 2.0, 3.0, 2.0, 1.0, 3.0, 2.0, -1.0, 1.0, 2.0, -1.0, -1.0, -1.0, -1.0, 1.0, -1.0, 2.0, -1.0, 2.0, 2.0, 97360.0, 439.0
0.0, 0.0, 2.0, 0.0, 1.0, -1.0, 1.0, -1.0, 2.0, 1.0, 0.0, 0.0, 2.0, 2.0, -1.0, 0.0, -1.0, -1.0, -1.0, 0.0, 2.0, -1.0, 2.0, 0.0, -1.0, 1.0, 2.0, 1.0, 1.0, 2.0, 1.0, 2.0, -1.0, -1.0, -1.0, -1.0, -1.0, -1.0, 3.0, 0.0, 0.0, -1.0, -1.0, 2.0, 1.0, 1.0, -1.0, 0.0, 0.0, 3.0, 96996.0, 452.0
-1.0, -1.0, 0.0, -1.0, 0.0, 1.0, 2.0, 3.0, -1.0, 1.0, 0.0, -1.0, 1.0, 0.0, -1.0, 3.0, 2.0, 3.0, -1.0, 2.0, 1.0, 3.0, -1.0, -1.0, 1.0, -1.0, 2.0, 1.0, 1.0, 0.0, 0.0, 2.0, 3.0, 2.0, 1.0, 3.0, 2.0, -1.0, 1.0, 2.0, -1.0, -1.0, -1.0, -1.0, 1.0, -1.0, 2.0, -1.0, 2.0, 0.0, 97385.0, 441.0
0.0, 0.0, -1.0, 1.0, 0.0, -1.0, 1.0, 2.0, 2.0, 2.0, 0.0, -1.0, 1.0, -1.0, 1.0, 0.0, -1.0, 1.0, 1.0, -1.0, 0.0, -1.0, 0.0, 3.0, -1.0, 3.0, 1.0, 1.0, 0.0, 2.0, 0.0, 2.0, 0.0, -1.0, 0.0, 1.0, 2.0, 2.0, 2.0, 2.0, 2.0, -1.0, 2.0, 1.0, 1.0, 0.0, 0.0, -1.0, 0.0, 3.0, 96321.0, 521.0
0.0, 0.0, -1.0, 1.0, 0.0, -1.0, 1.0, 2.0, -1.0, 2.0, 0.0, -1.0, 3.0, -1.0, 1.0, -1.0, 0.0, 1.0, 2.0, -1.0, 0.0, -1.0, 3.0, 3.0, 2.0, -1.0, 2.0, 1.0, 0.0, 2.0, 0.0, 2.0, 0.0, -1.0, 0.0, 1.0, 2.0, 2.0, 2.0, 2.0, 2.0, -1.0, 2.0, 1.0, 1.0, 0.0, 0.0, -1.0, 0.0, 3.0, 96480.0, 510.0
0.0, 0.0, -1.0, 1.0, 0.0, -1.0, 1.0, 2.0, -1.0, 2.0, 0.0, -1.0, 3.0, -1.0, 1.0, -1.0, 0.0, 1.0, 2.0, -1.0, 0.0, -1.0, 3.0, 3.0, 2.0, -1.0, 2.0, 1.0, 0.0, 2.0, 0.0, 2.0, 0.0, -1.0, 0.0, 1.0, 2.0, 2.0, 2.0, 2.0, 2.0, -1.0, 2.0, 1.0, 1.0, 0.0, 0.0, -1.0, 0.0, 3.0, 96480.0, 510.0
