0.130665090506, 1.09939202328, 83.2882281694, 0.490471493442, 74.4865606551, 26.8221343839, 0.919930129275, 4.87731058836, 1.54281747201, 0.0458932635638, 0.0
0.127559867714, 1.25385668496, 91.8076838394, 0.485871047958, 36.2829907057, 2.36088821989, 1.90827597107, 0.782048422418, 9.26228583774, 0.0177762049415, 0.0882352941176
0.127559867714, 1.25385668496, 93.005845748, 0.485871047958, 36.2829907057, 2.36088821989, 1.51043058428, 0.782048422418, 9.26228583774, 0.0211000405485, 0.173076923077
0.321142335456, 1.08585679026, 81.1056888907, 0.684718003758, 28.0869078029, 4.28599755389, 1.89769269767, 1.13168270054, 13.4739241085, 0.0556801009621, 0.0
0.428707466518, 0.92294888093, 82.3332639927, 0.642749659751, 42.9198619468, 1.2115106091, 1.85648619612, 1.02128478533, 17.6270075585, 0.0351796905721, 0.28125
0.110158742234, 0.97310851326, 94.0635848622, 0.570798654585, 37.514449277, 13.9603670425, 1.16223201485, 3.14973682287, 4.03852628271, 0.0913290924678, 0.0
0.358621669326, 1.06336516753, 85.8944860058, 0.65450630946, 9.89727626403, 12.8923444785, 1.6096883861, 1.84238566869, 3.50802765489, 0.100884236207, 0.0
0.110492876181, 1.23585836466, 88.1024199114, 0.584274276044, 11.1837480484, 20.3344644016, 0.0204086390174, 3.56020620462, 18.4274926238, 0.0888260017392, 0.272727272727
0.524015792818, 1.18020293244, 92.3725633694, 0.559591927029, 9.0312265397, 1.34854772164, 0.50311981091, 3.45088372433, 5.81570499729, 0.0797985934327, 0.409090909091
0.31538383132, 1.25551249215, 88.6278819669, 0.61316335247, 46.7897486989, 3.19995434673, 1.24100703584, 1.58712090646, 7.80815638654, 0.0660378916849, 0.446428571429
0.656274597271, 0.967220334844, 81.0914337373, 0.676576349838, 93.8251948895, 4.81740003471, 0.139846072865, 0.738434920944, 5.24066001983, 0.101024383121, 0.0
0.428707466518, 0.92294888093, 82.3332639927, 0.642749659751, 42.9198619468, 1.2115106091, 1.85648619612, 4.13795230386, 17.6270075585, 0.0721643920852, 0.487179487179
0.205352254111, 1.11670351656, 87.4708497293, 0.608879385857, 44.2311906338, 11.9260379957, 0.169990015362, 3.8056631013, 4.9671416287, 0.0924312125955, 0.25
0.309467548559, 1.02431074982, 90.0667221714, 0.630427732852, 23.1258957398, 11.2054109141, 1.92118480327, 4.44400873529, 2.44604179937, 0.107385219252, 0.0
0.11143807878, 1.00892003668, 90.8423741691, 0.411732718941, 90.5641345511, 14.7606211203, 1.36645210597, 2.98653852742, 16.8837506797, 0.104413664819, 0.0967741935484
0.194841802351, 1.07081093984, 91.7879525877, 0.509259642547, 16.1629110326, 26.980788726, 0.442427573417, 3.70030829314, 3.19566628417, 0.152950570508, 0.0
0.377864731927, 0.824035282709, 85.4671314206, 0.409119464806, 95.5591356663, 3.08727109352, 0.464111932544, 3.6177269419, 14.4431256596, 0.100570977957, 0.588235294118
0.158537958023, 1.11134934515, 84.0390629601, 0.622422905004, 30.1290344561, 38.2833448758, 1.89021567448, 0.795050111143, 1.70026956294, 0.157904534626, 0.0833333333333
0.211194807884, 0.844725450565, 82.1310062745, 0.627889284979, 12.9650498144, 28.9050194534, 0.846766350702, 0.0209473664588, 15.6759016055, 0.172071719694, 0.0
0.19805650389, 0.84511616105, 92.2952577607, 0.563231075152, 81.5770713616, 14.9504984208, 1.63864377356, 4.98640844128, 19.5017472239, 0.14403870445, 0.138888888889
0.211194807884, 0.844725450565, 82.1310062745, 0.627889284979, 12.9650498144, 28.9050194534, 1.52750383712, 0.0209473664588, 15.6759016055, 0.185809121466, 0.0
0.264974987572, 1.15284125691, 89.5388495981, 0.607731277024, 5.65966586564, 17.377687307, 0.880520086129, 1.95533411378, 5.04120657365, 0.149857141251, 0.142857142857
0.377864731927, 0.824035282709, 85.4671314206, 0.409808702677, 95.5591356663, 3.08727109352, 1.76460755093, 3.6177269419, 14.4431256596, 0.101672981214, 0.479452054795
0.447307222493, 1.10304333603, 93.0044288704, 0.690824613166, 72.0863391973, 7.26681351597, 0.0539726446698, 0.311908339779, 18.7719768601, 0.106624068904, 0.384615384615
0.825829192275, 1.18881446954, 84.2626937242, 0.676360950189, 82.4651322455, 35.1984398109, 0.628732274763, 0.744077899959, 5.73605472317, 0.190300077935, 0.0
0.333637541021, 0.956626868724, 87.6197775797, 0.695862156605, 51.2173977098, 19.0343794582, 0.00153912949282, 0.140966192775, 11.2410089135, 0.194846700056, 0.0
0.31538383132, 1.25551249215, 88.6278819669, 0.61316335247, 85.4325875168, 4.55476801092, 1.24100703584, 1.58712090646, 7.80815638654, 0.140634263969, 0.441176470588
0.264974987572, 1.15284125691, 89.5388495981, 0.565750220188, 5.65966586564, 17.377687307, 0.880520086129, 1.95533411378, 5.04120657365, 0.21109191676, 0.0
0.411689996071, 1.09271806374, 92.621950298, 0.525751464997, 5.29888914825, 1.34854772164, 0.987081811751, 0.139043229585, 9.0325160818, 0.130123917892, 0.555555555556
0.139672554783, 1.08041704461, 82.4848323581, 0.624505235398, 41.7022430355, 44.9956374012, 0.78621833118, 0.0633411348313, 6.67908568208, 0.167035134696, 0.2
0.11143807878, 1.00892003668, 90.8423741691, 0.411732718941, 90.5641345511, 14.7606211203, 1.36645210597, 2.98653852742, 16.8837506797, 0.14975514851, 0.463157894737
0.152717943734, 1.21945426551, 93.9770347694, 0.529652206595, 27.2187227127, 13.2361048172, 0.712481673884, 0.96658722667, 10.2915345578, 0.148850686774, 0.5
0.557303402079, 1.0737950194, 89.1970497836, 0.643669828317, 2.9825572411, 12.6284783818, 1.64294170151, 3.79540511494, 13.5740930031, 0.216598068722, 0.0
0.166897880791, 1.00884750576, 89.976581318, 0.441525605702, 30.3809825435, 27.4278211579, 1.23230545423, 4.16084533554, 17.1511804963, 0.217756430527, 0.0
0.158537958023, 1.11134934515, 84.0390629601, 0.622311202868, 2.75401759296, 27.2551634878, 1.89021567448, 0.795050111143, 1.70026956294, 0.15596462161, 0.430769230769
0.218620679028, 1.03493496992, 90.202801858, 0.514058779922, 4.75701318619, 12.1208157293, 1.00506416029, 0.719513225267, 18.1432301351, 0.198692845483, 0.132075471698
0.212923415093, 1.05962588739, 94.5807840442, 0.651076232177, 23.1965362279, 25.7996732783, 1.16557770661, 2.23615970754, 17.1511804963, 0.226874046744, 0.0
0.172005911764, 1.00184892436, 80.0360748525, 0.651258454984, 11.1837480484, 9.09177050389, 0.666220046612, 1.20417858097, 5.42271732315, 0.192668259423, 0.142857142857
0.172217994053, 0.879329683235, 88.0723528491, 0.547339310972, 51.8416411143, 31.0083009275, 1.22156014468, 1.87018954599, 10.8728896775, 0.246089304492, 0.0
0.221427887851, 1.17656038029, 87.1653412715, 0.697987771845, 99.1125414923, 30.8792882282, 1.52807555371, 2.75058530162, 12.424742219, 0.260421060833, 0.0
0.613832715853, 1.11670351656, 92.7792428839, 0.51539667702, 15.9873140229, 12.5626251899, 1.62452408648, 2.64453234335, 3.27629674817, 0.246826925866, 0.0645161290323
0.139672554783, 1.08041704461, 81.2158627842, 0.624505235398, 63.0547790899, 44.9956374012, 0.78621833118, 3.10264023718, 6.67908568208, 0.242964079871, 0.0909090909091
0.333637541021, 0.956626868724, 87.6197775797, 0.695862156605, 51.2173977098, 19.0343794582, 0.00153912949282, 0.749036400491, 11.2410089135, 0.271127394715, 0.0
0.205051343891, 0.99111679906, 81.3079931702, 0.58750284119, 32.6302065467, 43.2049530412, 1.2947777464, 2.12737130357, 1.44289612599, 0.277179635863, 0.0
0.447307222493, 1.10304333603, 93.0044288704, 0.690824613166, 72.0863391973, 7.26681351597, 1.52750383712, 0.311908339779, 7.37367551794, 0.195995266946, 0.276595744681
0.438427699934, 0.94446650871, 84.3043140199, 0.590268061206, 83.2820232264, 14.2517312207, 0.8820572947, 1.02128478533, 16.6923528276, 0.279041294883, 0.0
0.221427887851, 1.17656038029, 87.1653412715, 0.691678354243, 83.9666297639, 30.8792882282, 1.52807555371, 2.75058530162, 12.424742219, 0.302140130403, 0.0
0.27401682011, 1.19936307879, 92.9891183915, 0.594262435195, 51.5200138068, 27.5009820483, 1.39399579232, 0.783186157577, 5.51661903928, 0.298283143583, 0.0384615384615
0.179836319741, 1.23658210864, 89.7947882215, 0.675591897663, 84.2984843263, 44.3002714672, 1.76940933431, 0.719089338303, 5.29359202069, 0.299489190382, 0.0227272727273
0.557303402079, 1.0737950194, 93.9770347694, 0.512586778379, 2.9825572411, 6.24549381761, 1.64294170151, 3.79540511494, 16.4137137716, 0.199312669139, 0.291666666667
0.735607386984, 1.17221896002, 89.5873751084, 0.654557117555, 0.0468587081757, 33.8144440992, 0.29628523575, 2.52457963313, 16.3937688539, 0.334046562334, 0.0
0.204287472353, 0.838622040922, 91.0521325009, 0.573294173823, 38.0438781749, 41.9576612636, 0.0946606750947, 2.40609327548, 14.2698713511, 0.336758476004, 0.0
0.411689996071, 1.17222706366, 85.7007283634, 0.525751464997, 5.29888914825, 21.566281967, 0.987081811751, 0.139043229585, 9.0325160818, 0.237957305328, 0.181818181818
0.524015792818, 1.18020293244, 92.509067701, 0.559591927029, 9.0312265397, 21.566281967, 0.50311981091, 3.45088372433, 5.81570499729, 0.343093996097, 0.0
0.152717943734, 1.21945426551, 89.1970497836, 0.529652206595, 27.2187227127, 13.2361048172, 1.43620559484, 0.96658722667, 10.2915345578, 0.200157270045, 0.454545454545
0.358621669326, 1.06336516753, 82.3107746455, 0.65450630946, 9.89727626403, 12.6908653358, 1.6096883861, 3.52309844724, 3.50802765489, 0.211114651659, 0.395833333333
0.730114819329, 1.01817862428, 88.3134631227, 0.487461992303, 62.6349823815, 4.28599755389, 1.21632884988, 2.91384378314, 11.4989957948, 0.229744932959, 0.222222222222
0.523127533121, 1.03817019987, 81.6982791528, 0.654560308871, 61.7496364065, 33.6238045262, 1.88244670734, 0.980656806831, 12.6629869531, 0.367166410961, 0.0
0.625155412184, 1.07238136387, 91.4941637108, 0.464606595929, 84.8105577318, 5.49673538613, 1.26035187269, 2.80157552438, 1.08859607181, 0.207868631344, 0.487804878049
0.518499032726, 1.03249456608, 81.2660811619, 0.450803829968, 44.8450080179, 42.0636622176, 0.29628523575, 2.52457963313, 18.8037949752, 0.383642700751, 0.0
0.814211610619, 1.04749743086, 87.3736259632, 0.570798654585, 71.926817526, 40.6179704968, 0.974077078876, 1.1395240659, 7.80145218648, 0.385660816233, 0.0
0.656274597271, 1.0019500899, 81.0914337373, 0.676576349838, 93.8251948895, 10.0073706575, 0.139846072865, 0.738434920944, 5.24066001983, 0.260754711464, 0.142857142857
0.201999835746, 1.09560660947, 81.9218441227, 0.600165668975, 20.9646641198, 35.4806881826, 0.856252933606, 4.30429598386, 9.31798887274, 0.393033557774, 0.0
0.617935866576, 1.20086356223, 91.2992482671, 0.527483162842, 44.9615108967, 38.637263348, 1.55330920123, 2.89851962061, 18.5832985791, 0.379583753569, 0.047619047619
0.218620679028, 1.03493496992, 90.202801858, 0.514058779922, 4.75701318619, 12.1208157293, 1.08736522892, 0.719513225267, 18.1432301351, 0.227544833012, 0.354166666667
0.359554757378, 1.01442630168, 86.701515598, 0.688141150255, 57.3528049667, 39.3886516758, 1.72057437931, 4.97335362253, 13.9236408728, 0.409765926185, 0.0
0.717900000922, 1.05962588739, 94.5807840442, 0.696343440582, 23.1965362279, 25.7996732783, 1.16557770661, 1.64533306404, 17.8647941349, 0.371599903131, 0.0731707317073
0.777355928929, 1.11415676794, 88.0404279642, 0.643151971588, 14.4389973717, 19.2428397287, 1.89430984542, 3.47043953387, 16.8900877914, 0.425715438732, 0.0
0.205051343891, 1.07081093984, 86.3996236195, 0.509259642547, 32.6302065467, 26.980788726, 0.442427573417, 3.70030829314, 16.9993175033, 0.428196807476, 0.0
0.796732634251, 0.840387788981, 85.418718391, 0.558809910966, 21.1874631651, 15.240214587, 0.394457332988, 3.95712528531, 12.4383750136, 0.459020872285, 0.0
0.415611567277, 1.13583525649, 94.252543653, 0.555853925178, 80.2917161205, 36.638468626, 0.537594064052, 3.87842412845, 16.5709668356, 0.460361275192, 0.0
0.172217994053, 0.879329683235, 93.9066029523, 0.547339310972, 51.8416411143, 26.8759217104, 1.57430685265, 1.87018954599, 8.88353755299, 0.281603065156, 0.166666666667
0.110158742234, 0.958173827625, 94.0635848622, 0.548204854641, 37.514449277, 47.6494898814, 1.16223201485, 3.14973682287, 4.03852628271, 0.281877802569, 0.15
0.644854825142, 0.84455479243, 86.5029718647, 0.65045825504, 39.9258700451, 31.0593047903, 1.41897989784, 4.76232224885, 15.5559665421, 0.477607604704, 0.0
0.619659070524, 1.02818235229, 92.1530970917, 0.527751865594, 73.996878926, 23.018762709, 0.586693659679, 3.9748243589, 9.46716634892, 0.532319094324, 0.0
0.229049470324, 0.88582405082, 90.9991681512, 0.585970338256, 11.130531614, 49.310870492, 0.51915315642, 0.445979398649, 7.75313591577, 0.534958117069, 0.0
0.730114819329, 1.01817862428, 88.3134631227, 0.487461992303, 62.6349823815, 46.4868133528, 1.21632884988, 2.91384378314, 11.4989957948, 0.538538518624, 0.0
0.593482392006, 1.23689413141, 94.4719762273, 0.592829276392, 2.81768100961, 48.4164779391, 0.415299804811, 2.76928388881, 10.5864457015, 0.554412170426, 0.0
0.19805650389, 0.84511616105, 92.2952577607, 0.563231075152, 81.5770713616, 14.9504984208, 1.8348616398, 0.48041421879, 19.5017472239, 0.252125488747, 0.33734939759
0.400527809877, 0.930149821759, 82.3586997228, 0.453771374319, 53.304096432, 47.1795560876, 1.04295028164, 1.68612419985, 14.6053542903, 0.556572579762, 0.0
0.826041494369, 1.02342214564, 85.5390276444, 0.428595950798, 38.2497167145, 40.3477902612, 0.705738855582, 3.29210937111, 4.8730821969, 0.643950827929, 0.0
0.814211610619, 0.958173827625, 87.3736259632, 0.548204854641, 71.926817526, 40.6179704968, 0.974077078876, 1.1395240659, 7.80145218648, 0.685422561666, 0.0
0.563842970631, 0.856408247357, 82.6878744857, 0.581408460359, 36.1616782189, 7.77298431783, 0.402779839686, 4.72944304515, 19.7230646755, 0.2393922521, 0.526315789474
0.204287472353, 0.838622040922, 91.0521325009, 0.573294173823, 38.0438781749, 41.9576612636, 0.0946606750947, 2.40609327548, 14.2698713511, 0.367952694439, 0.1
0.400527809877, 0.930149821759, 80.0847995114, 0.453771374319, 53.304096432, 47.1795560876, 1.04295028164, 1.68612419985, 14.6053542903, 0.522497695697, 0.05
0.779149784095, 1.0019500899, 89.1671362311, 0.667745882125, 51.914664943, 32.4206720889, 1.56051674613, 3.0635198533, 10.3312466126, 0.504995064712, 0.0555555555556
0.393617193905, 1.05641674327, 86.4713775664, 0.548782308987, 29.1400832338, 18.7118642082, 1.19943976489, 1.77597510616, 16.9406508025, 0.266613725126, 0.313725490196
0.309467548559, 1.02431074982, 90.0667221714, 0.630427732852, 23.1258957398, 11.2054109141, 1.92118480327, 4.44400873529, 15.4418925079, 0.264148106901, 0.316455696203
0.250431138779, 1.02691950394, 88.3052636583, 0.614305752617, 13.0924405228, 11.7761297983, 1.23054020285, 3.6594243222, 17.0973455366, 0.257002657811, 0.43023255814
0.265915490797, 1.25558211821, 89.7381599346, 0.646725590047, 54.5703146725, 44.5576099487, 1.40529130405, 4.59059220754, 8.42383028224, 0.379599383774, 0.125
0.571737064938, 0.956783852547, 82.0256449142, 0.691923142227, 82.4128721163, 40.7911883228, 0.824529917934, 4.66305417706, 17.4308683626, 0.580401230193, 0.0625
0.194841802351, 0.99111679906, 81.3079931702, 0.58750284119, 16.1629110326, 43.2049530412, 1.2947777464, 1.59388947174, 1.44289612599, 0.247813208802, 0.532467532468
0.668517805811, 0.856408247357, 91.4941637108, 0.464606595929, 84.8105577318, 5.49673538613, 1.26035187269, 4.52673005624, 4.36391774441, 0.252299613465, 0.513888888889
0.853592374105, 0.88013898302, 86.942737223, 0.553734921125, 7.54536860534, 7.38572007536, 0.636131614272, 0.0103341873718, 4.66852070134, 0.389993152695, 0.111111111111
0.183986950505, 1.15332061803, 83.5613330006, 0.564195766753, 40.5763020439, 33.0802244894, 0.961306031597, 2.03912183632, 17.2651083386, 0.275414765959, 0.352941176471
0.130665090506, 1.21985255737, 83.2882281694, 0.490471493442, 74.4865606551, 26.8221343839, 0.57109469003, 4.87731058836, 1.54281747201, 0.255436772276, 0.666666666667
0.461743433582, 1.09560660947, 81.9218441227, 0.600165668975, 20.9646641198, 35.4806881826, 0.728887274833, 4.30429598386, 9.31798887274, 0.319390721056, 0.222222222222
0.205352254111, 1.17857379523, 87.4708497293, 0.608879385857, 44.2311906338, 11.9260379957, 0.169990015362, 3.8056631013, 4.9671416287, 0.261739350911, 0.511111111111
0.198620235527, 1.02962954597, 81.6982791528, 0.654560308871, 61.7496364065, 33.6238045262, 1.88244670734, 0.980656806831, 12.6629869531, 0.357216057104, 0.175438596491
0.218387421924, 0.878644961967, 90.7210116548, 0.598930739701, 52.9880539938, 40.8493009075, 1.24011746614, 0.97128455489, 4.89255351545, 0.320053705598, 0.233333333333
