0.101804190323, 1.25385668496, 93.005845748, 0.485871047958, 36.2829907057, 1.192528821, 1.51043058428, 0.614889992165, 9.26228583774, 0.00547886209183, 0.0333333333333
0.127559867714, 1.09271806374, 93.005845748, 0.489981013765, 36.2829907057, 2.36088821989, 0.706291112332, 0.782048422418, 9.26228583774, 0.0090654421348, 0.0
0.172217994053, 0.879329683235, 93.9066029523, 0.547339310972, 51.8416411143, 1.66065874435, 0.671674478036, 1.50143302602, 8.88353755299, 0.01641820294, 0.0
0.101804190323, 1.25385668496, 93.005845748, 0.485871047958, 51.8416411143, 1.192528821, 1.51043058428, 0.614889992165, 9.26228583774, 0.00987150352046, 0.1
0.428707466518, 0.844725450565, 82.1310062745, 0.547339310972, 51.8416411143, 1.2115106091, 1.52750383712, 0.0209473664588, 7.02230633743, 0.0295333252321, 0.02
0.127559867714, 1.25385668496, 85.4671314206, 0.485871047958, 36.2829907057, 2.36088821989, 0.464111932544, 0.782048422418, 9.26228583774, 0.0300498002332, 0.0
0.172217994053, 0.879329683235, 93.9066029523, 0.547339310972, 95.3196617867, 1.66065874435, 0.671674478036, 1.50143302602, 9.26228583774, 0.0131003123268, 0.333333333333
0.101804190323, 1.25721838542, 93.005845748, 0.485871047958, 36.2829907057, 1.192528821, 1.51043058428, 0.614889992165, 8.88353755299, 0.0138395365915, 0.434782608696
0.31538383132, 1.25551249215, 88.6278819669, 0.680115867836, 85.4325875168, 4.55476801092, 1.24100703584, 1.58712090646, 7.80815638654, 0.0404456994026, 0.0
0.127559867714, 1.25385668496, 92.9067106692, 0.485871047958, 5.29888914825, 2.36088821989, 1.51043058428, 0.782048422418, 9.26228583774, 0.0251409910993, 0.204081632653
0.211327284285, 0.99683285335, 85.4671314206, 0.590268061206, 42.9198619468, 1.2115106091, 1.85648619612, 1.77597510616, 16.6923528276, 0.0232198600508, 0.212121212121
0.127559867714, 1.25385668496, 91.645904664, 0.485871047958, 91.2693719964, 2.36088821989, 1.51043058428, 0.782048422418, 9.26228583774, 0.0228220807345, 0.372881355932
0.31538383132, 1.25551249215, 88.6278819669, 0.680115867836, 85.4325875168, 4.55476801092, 1.24100703584, 1.58712090646, 7.80815638654, 0.0520433752702, 0.0
0.101804190323, 1.25721838542, 93.005845748, 0.485871047958, 36.2829907057, 1.192528821, 1.51043058428, 0.614889992165, 8.88353755299, 0.018270793356, 0.463157894737
0.282823669968, 1.09271806374, 92.509067701, 0.525751464997, 5.29888914825, 1.34854772164, 0.50311981091, 0.139043229585, 9.0325160818, 0.0297475828764, 0.2
0.282823669968, 1.19043096859, 91.645904664, 0.677989487052, 91.2693719964, 1.34854772164, 0.276009624036, 0.139043229585, 9.0325160818, 0.0252969212825, 0.28
0.334921347962, 0.86634094038, 85.4671314206, 0.612854089379, 95.5591356663, 3.08727109352, 0.464111932544, 2.35561650653, 15.0565609803, 0.0564682170093, 0.0
0.411689996071, 1.09271806374, 92.621950298, 0.525751464997, 5.29888914825, 1.34854772164, 0.987081811751, 0.139043229585, 7.37367551794, 0.0253782741547, 0.3
0.127559867714, 1.25385668496, 91.645904664, 0.485871047958, 91.2693719964, 1.2115106091, 1.51043058428, 0.782048422418, 9.26228583774, 0.0248719941196, 0.470588235294
0.309467548559, 1.02431074982, 86.6936867408, 0.604853551521, 23.1258957398, 1.2115106091, 0.276009624036, 3.20483192639, 16.6923528276, 0.0321940369612, 0.105263157895
0.172217994053, 0.879329683235, 93.9066029523, 0.504561239975, 36.2829907057, 1.66065874435, 0.671674478036, 1.50143302602, 8.88353755299, 0.0265492984646, 0.363636363636
0.447307222493, 1.10304333603, 93.0044288704, 0.690824613166, 72.0863391973, 7.26681351597, 1.52750383712, 0.311908339779, 7.37367551794, 0.0569091321013, 0.0
0.127559867714, 1.25385668496, 93.005845748, 0.485871047958, 36.2829907057, 2.36088821989, 1.51043058428, 0.782048422418, 9.26228583774, 0.0334010319598, 0.195402298851
0.202480291645, 0.86634094038, 85.4671314206, 0.612854089379, 11.1837480484, 2.36088821989, 1.21431372398, 0.782048422418, 9.26228583774, 0.0337328140825, 0.133333333333
0.411689996071, 1.09271806374, 94.9508667926, 0.525751464997, 5.29888914825, 1.34854772164, 0.987081811751, 0.139043229585, 7.37367551794, 0.0337632579332, 0.181818181818
0.205352254111, 1.11670351656, 87.4708497293, 0.51539667702, 44.2311906338, 6.22122019747, 0.169990015362, 3.8056631013, 4.9671416287, 0.0630026363275, 0.0
0.202480291645, 0.86634094038, 85.4671314206, 0.612854089379, 36.2829907057, 2.36088821989, 1.51043058428, 0.782048422418, 9.26228583774, 0.0300856703118, 0.212121212121
0.211327284285, 0.99683285335, 85.4671314206, 0.590268061206, 42.9198619468, 1.2115106091, 1.85648619612, 1.77597510616, 9.26228583774, 0.0288648542194, 0.574468085106
0.411689996071, 1.09271806374, 92.621950298, 0.525751464997, 5.29888914825, 1.34854772164, 0.987081811751, 0.0599689360066, 9.0325160818, 0.0364607248085, 0.190476190476
0.172005911764, 1.00184892436, 80.0360748525, 0.651258454984, 11.1837480484, 7.14164965862, 0.666220046612, 1.20417858097, 19.020599713, 0.0672250950603, 0.0
0.428707466518, 0.92294888093, 85.4671314206, 0.590268061206, 42.9198619468, 1.2115106091, 1.85648619612, 1.30217046126, 16.6923528276, 0.0419749266286, 0.184615384615
0.321142335456, 1.08585679026, 81.1056888907, 0.652099232947, 28.0869078029, 4.28599755389, 1.89769269767, 2.40118151368, 13.4739241085, 0.0731129821848, 0.0
0.321142335456, 1.08585679026, 81.1056888907, 0.652099232947, 5.29888914825, 7.88063481467, 1.89769269767, 2.40118151368, 13.4739241085, 0.0768348665662, 0.0
0.411689996071, 1.09271806374, 92.621950298, 0.525751464997, 5.29888914825, 1.34854772164, 0.987081811751, 0.139043229585, 9.0325160818, 0.0342479887447, 0.25
0.127559867714, 1.25385668496, 93.005845748, 0.485871047958, 36.2829907057, 2.36088821989, 1.51043058428, 0.782048422418, 9.26228583774, 0.0361894578181, 0.241379310345
0.411689996071, 1.09271806374, 92.621950298, 0.525751464997, 5.29888914825, 1.34854772164, 0.919930129275, 0.0599689360066, 9.0325160818, 0.0304908262861, 0.526315789474
0.172005911764, 1.00184892436, 80.0360748525, 0.651258454984, 72.4000001398, 9.09177050389, 0.666220046612, 1.20417858097, 5.42271732315, 0.0807626173886, 0.0
0.205352254111, 1.11670351656, 90.05157989, 0.51539667702, 44.2311906338, 6.22122019747, 0.0911988422979, 3.8056631013, 9.0325160818, 0.0855278387566, 0.0
0.428707466518, 0.92294888093, 82.3332639927, 0.590268061206, 42.9198619468, 1.2115106091, 1.85648619612, 4.13795230386, 16.6923528276, 0.0377603213493, 0.290322580645
0.309467548559, 1.02431074982, 90.0667221714, 0.630427732852, 23.1258957398, 11.2054109141, 0.276009624036, 4.44400873529, 2.44604179937, 0.0959787617663, 0.0
0.282823669968, 1.09271806374, 91.645904664, 0.677989487052, 91.2693719964, 1.34854772164, 0.50311981091, 0.139043229585, 9.0325160818, 0.033983253622, 0.461538461538
0.172005911764, 1.00184892436, 80.0360748525, 0.651258454984, 36.2829907057, 7.14164965862, 0.666220046612, 1.20417858097, 19.020599713, 0.10079335831, 0.0
0.309467548559, 1.02431074982, 90.0667221714, 0.630427732852, 23.1258957398, 11.2054109141, 0.276009624036, 4.44400873529, 2.44604179937, 0.0512023317133, 0.25
0.411689996071, 1.09271806374, 92.621950298, 0.525751464997, 5.29888914825, 1.34854772164, 0.987081811751, 0.0599689360066, 9.0325160818, 0.0456450695731, 0.272727272727
0.393617193905, 1.05641674327, 86.4713775664, 0.548782308987, 29.1400832338, 4.67688393644, 1.79140724928, 1.77597510616, 16.9406508025, 0.101718553765, 0.0
0.377864731927, 0.824035282709, 85.4671314206, 0.409808702677, 95.5591356663, 3.08727109352, 1.76460755093, 3.6177269419, 14.4431256596, 0.0695405650922, 0.1875
0.411689996071, 1.09271806374, 92.509067701, 0.525751464997, 5.29888914825, 1.34854772164, 0.50311981091, 0.139043229585, 4.9671416287, 0.0407893968328, 0.307692307692
0.321142335456, 1.08585679026, 81.1056888907, 0.684718003758, 28.0869078029, 4.28599755389, 1.89769269767, 1.13168270054, 13.4739241085, 0.0589221800508, 0.205128205128
0.411689996071, 1.09271806374, 92.621950298, 0.525751464997, 28.0869078029, 1.23576569104, 0.919930129275, 0.0599689360066, 9.0325160818, 0.0366011653086, 0.47619047619
0.438427699934, 0.94446650871, 87.6564762109, 0.590268061206, 83.2820232264, 14.2517312207, 0.626776386608, 1.02128478533, 17.3024164289, 0.105921113307, 0.0
0.265915490797, 1.11670351656, 89.7381599346, 0.664544478377, 93.8251948895, 10.0073706575, 1.40529130405, 0.272527238805, 8.42383028224, 0.113694294517, 0.0
0.130665090506, 1.09939202328, 83.2882281694, 0.490471493442, 79.5064792678, 9.78932338852, 0.919930129275, 0.734285085094, 1.54281747201, 0.0431501819655, 0.363636363636
0.411689996071, 1.09271806374, 92.509067701, 0.525751464997, 5.29888914825, 1.34854772164, 0.50311981091, 0.139043229585, 9.0325160818, 0.0458360223153, 0.333333333333
0.358621669326, 1.200951871, 85.8944860058, 0.541121668751, 9.89727626403, 12.8923444785, 1.6096883861, 1.19788746984, 3.50802765489, 0.134696076812, 0.0
0.127559867714, 1.25385668496, 94.9893274689, 0.485871047958, 5.29888914825, 2.36088821989, 1.51043058428, 0.782048422418, 16.6923528276, 0.0406000802675, 0.475
0.31538383132, 1.25551249215, 88.6278819669, 0.680115867836, 85.4325875168, 4.55476801092, 1.24100703584, 1.58712090646, 7.80815638654, 0.0911122001389, 0.14
0.377864731927, 1.25562164926, 85.4671314206, 0.409808702677, 28.0869078029, 3.08727109352, 1.76460755093, 3.6177269419, 14.4431256596, 0.0902671932327, 0.146341463415
0.218620679028, 1.03493496992, 89.7381599346, 0.646725590047, 42.6255183487, 8.51184212601, 1.44729841432, 4.59059220754, 18.1432301351, 0.104280490669, 0.0909090909091
0.172005911764, 1.02691950394, 80.0360748525, 0.614305752617, 13.0924405228, 9.09177050389, 1.61754568835, 2.43753131977, 19.7802161953, 0.103614570903, 0.0980392156863
0.205352254111, 1.11670351656, 87.4708497293, 0.51539667702, 44.2311906338, 6.22122019747, 0.169990015362, 3.8056631013, 9.0325160818, 0.139331097858, 0.0
0.309467548559, 1.02431074982, 90.0667221714, 0.630427732852, 23.1258957398, 11.2054109141, 1.15119974447, 4.44400873529, 2.44604179937, 0.127872280389, 0.0285714285714
0.321142335456, 1.08585679026, 93.8431786907, 0.684718003758, 3.83455784698, 4.28599755389, 1.89769269767, 1.13168270054, 19.020599713, 0.0940642805655, 0.176470588235
0.447307222493, 1.10304333603, 93.0044288704, 0.690824613166, 97.5612936701, 7.26681351597, 1.52750383712, 0.896379808623, 7.37367551794, 0.111151383645, 0.0833333333333
0.358621669326, 1.14333335895, 85.8944860058, 0.65450630946, 9.89727626403, 12.8923444785, 1.6096883861, 0.93089064306, 3.50802765489, 0.140361311323, 0.0
0.309467548559, 1.02431074982, 86.6936867408, 0.604853551521, 23.1258957398, 1.2115106091, 0.276009624036, 4.44400873529, 16.6923528276, 0.0466121855639, 0.421052631579
0.428707466518, 0.92294888093, 82.3332639927, 0.509259642547, 42.9198619468, 1.2115106091, 1.85648619612, 4.13795230386, 17.6270075585, 0.0506817754044, 0.375
0.282823669968, 1.09271806374, 92.509067701, 0.525751464997, 5.29888914825, 1.34854772164, 0.50311981091, 0.139043229585, 9.0325160818, 0.0463202537137, 0.444444444444
0.493026310845, 1.10304333603, 93.0044288704, 0.690824613166, 72.0863391973, 7.26681351597, 0.846766350702, 1.58712090646, 12.9130212302, 0.150110370696, 0.0
0.172005911764, 1.23585836466, 80.0360748525, 0.651258454984, 11.1837480484, 9.09177050389, 0.666220046612, 1.20417858097, 5.42271732315, 0.114887380178, 0.0625
0.130665090506, 1.23585836466, 81.8875507427, 0.453359913672, 87.7248394632, 15.0931495838, 1.19943976489, 2.50821991492, 15.0377342165, 0.103226036258, 0.132075471698
0.428707466518, 0.844725450565, 82.1310062745, 0.547339310972, 51.8416411143, 2.36088821989, 1.52750383712, 0.0209473664588, 7.02230633743, 0.0652067922467, 0.257142857143
0.130665090506, 1.09939202328, 81.8875507427, 0.453359913672, 87.7248394632, 15.0931495838, 1.19943976489, 2.50821991492, 13.6836356725, 0.128616736904, 0.0408163265306
0.204287472353, 0.88582405082, 91.0521325009, 0.573294173823, 69.079889284, 41.9576612636, 0.0946606750947, 0.0633411348313, 8.89314257917, 0.15046957069, 0.0
0.172217994053, 0.879329683235, 93.9066029523, 0.547339310972, 51.8416411143, 1.66065874435, 0.671674478036, 1.50143302602, 9.26228583774, 0.0457230586742, 0.727272727273
0.183986950505, 1.14333335895, 83.5613330006, 0.564195766753, 31.6551341977, 33.0802244894, 0.961306031597, 2.03912183632, 5.61125170007, 0.150752538152, 0.0
0.447307222493, 1.11670351656, 93.0044288704, 0.690824613166, 72.0863391973, 7.26681351597, 1.52750383712, 0.311908339779, 7.37367551794, 0.152138707546, 0.0
0.250431138779, 1.02691950394, 82.3586997228, 0.614305752617, 13.0924405228, 11.7761297983, 1.61754568835, 3.6594243222, 19.7802161953, 0.152313347548, 0.0
0.438427699934, 1.14333335895, 87.6564762109, 0.654560308871, 83.2820232264, 14.2517312207, 0.626776386608, 1.02128478533, 3.50802765489, 0.152478717774, 0.0
0.334921347962, 0.824035282709, 85.4671314206, 0.612854089379, 95.5591356663, 3.08727109352, 0.464111932544, 2.35561650653, 9.68810669822, 0.0725108918604, 0.272727272727
0.309467548559, 1.02431074982, 90.0667221714, 0.630427732852, 23.1258957398, 11.2054109141, 0.50311981091, 4.44400873529, 2.44604179937, 0.142534445735, 0.0769230769231
0.205051343891, 1.07081093984, 86.3996236195, 0.509259642547, 32.6302065467, 26.980788726, 0.442427573417, 3.70030829314, 16.9993175033, 0.156255238283, 0.0
0.493026310845, 1.10304333603, 93.0044288704, 0.690824613166, 72.0863391973, 7.26681351597, 0.846766350702, 0.311908339779, 7.37367551794, 0.107273047424, 0.142857142857
0.31538383132, 1.25551249215, 88.6278819669, 0.61316335247, 85.4325875168, 4.55476801092, 1.24100703584, 1.58712090646, 7.80815638654, 0.11308727877, 0.135135135135
0.411689996071, 1.09271806374, 92.509067701, 0.525751464997, 5.29888914825, 1.34854772164, 0.50311981091, 0.139043229585, 9.0325160818, 0.0732957007383, 0.266666666667
0.334921347962, 0.824035282709, 90.05157989, 0.612854089379, 71.4465650227, 3.08727109352, 0.464111932544, 2.35561650653, 9.68810669822, 0.0536725941576, 0.578947368421
0.334921347962, 0.824035282709, 87.4708497293, 0.612854089379, 88.8107289952, 3.08727109352, 0.464111932544, 2.35561650653, 9.68810669822, 0.0606204865665, 0.363636363636
0.428707466518, 0.92294888093, 85.4671314206, 0.590268061206, 42.9198619468, 1.2115106091, 1.85648619612, 1.30217046126, 16.6923528276, 0.0537461709221, 0.607843137255
0.447307222493, 1.10304333603, 85.7583735718, 0.690824613166, 98.6745181317, 1.2115106091, 1.85648619612, 4.13795230386, 7.37367551794, 0.0612296690675, 0.367816091954
0.172217994053, 0.923252313956, 93.9066029523, 0.547339310972, 51.8416411143, 26.8759217104, 1.57430685265, 1.47710445707, 7.02230633743, 0.169161977314, 0.0
0.264974987572, 1.15284125691, 89.5388495981, 0.695862156605, 81.4191756593, 17.377687307, 0.880520086129, 0.749036400491, 4.05351604055, 0.172714902151, 0.0
0.707351382374, 1.23585836466, 92.8374912847, 0.584274276044, 99.7721333993, 20.3344644016, 0.0204086390174, 3.56020620462, 18.4274926238, 0.180503427951, 0.0
0.428707466518, 0.92294888093, 82.3332639927, 0.642749659751, 42.9198619468, 1.2115106091, 1.85648619612, 4.13795230386, 17.6270075585, 0.0596142907342, 0.446428571429
0.139672554783, 1.08041704461, 82.4848323581, 0.624505235398, 41.7022430355, 25.7996732783, 1.06424242463, 0.0633411348313, 6.67908568208, 0.15027909297, 0.0909090909091
0.334921347962, 1.25385668496, 87.644997149, 0.485871047958, 95.5591356663, 3.08727109352, 0.464111932544, 2.17372106665, 15.0565609803, 0.0690121541641, 0.357142857143
0.250431138779, 1.02691950394, 88.3052636583, 0.614305752617, 13.0924405228, 15.456330811, 1.70905221438, 3.6594243222, 17.0973455366, 0.183657685968, 0.0
0.205352254111, 1.23658210864, 87.4708497293, 0.608879385857, 86.0167978301, 11.9260379957, 0.169990015362, 3.8056631013, 4.9671416287, 0.139775383575, 0.111111111111
0.428707466518, 0.92294888093, 82.3332639927, 0.642749659751, 42.9198619468, 7.26681351597, 1.52750383712, 0.896379808623, 17.6270075585, 0.132722685845, 0.138888888889
0.172217994053, 0.923252313956, 94.2637789927, 0.547339310972, 51.8416411143, 26.8759217104, 1.8644451615, 1.47710445707, 7.02230633743, 0.185957654825, 0.0
0.105012981627, 1.06073723023, 80.7261566115, 0.403850509373, 51.5428901879, 39.415620282, 1.62235673256, 3.44211799178, 19.9153568457, 0.177271999783, 0.0243902439024
0.343477514387, 0.863308095949, 86.942737223, 0.553734921125, 7.54536860534, 7.38572007536, 1.40895225325, 0.0103341873718, 4.66852070134, 0.152498600565, 0.0454545454545
