0.400470521174, 0.822385534326, 87.3755504864, 0.625094782643, 58.5464951273, 44.2149440197, 0.548139149499, 3.97979263114, 1.60643174206, 80.4901392029, 0.230318088882
0.285126491395, 0.837781170723, 80.6663656811, 0.56511065721, 59.7182509017, 9.03291809587, 0.36614851764, 2.23858082753, 14.023833949, 700.866683495, 0.0840200812117
0.299280250517, 0.851163520842, 86.0264063987, 0.633544853636, 45.4167427693, 16.2966788946, 0.548139149499, 3.39388986565, 2.07905319177, 817.464225402, 0.0
0.206304100633, 0.904100458396, 91.7304232131, 0.684756029204, 94.249487406, 1.25170532937, 0.997465236895, 0.625879240781, 4.70768856222, 2681.16028961, -2.22044604925e-16
0.400470521174, 0.822385534326, 87.3755504864, 0.625094782643, 58.5464951273, 44.2149440197, 0.548139149499, 3.97979263114, 1.60643174206, 643.921113623, 0.533503700288
0.171764762711, 0.822270617055, 82.9907239566, 0.521683921226, 73.0569426577, 1.08021437816, 0.36614851764, 1.85893660903, 3.7107239074, 1069.95621756, 0.020261347083
0.206304100633, 0.856293861264, 87.3755504864, 0.49435440436, 72.8632317232, 4.89887725872, 0.754897752492, 0.625879240781, 17.6357764703, 967.473131998, 0.0523633926086
0.171764762711, 0.822385534326, 82.9907239566, 0.521683921226, 21.0185247165, 1.08021437816, 0.36614851764, 0.625879240781, 4.10454536767, 974.627919128, 0.0237907845691
0.171764762711, 0.82652655774, 82.9907239566, 0.674961876835, 69.4549174055, 1.08021437816, 0.963653159713, 0.593000897871, 3.22730081597, 1320.83190032, 0.0107633476007
0.206304100633, 0.827973509104, 82.9907239566, 0.54325040376, 21.0185247165, 1.08021437816, 0.963653159713, 0.104055348318, 4.10454536767, 1592.44739706, 0.00202341558841
0.127672949474, 0.822385534326, 82.9290946475, 0.556281301197, 24.9707181583, 1.08021437816, 0.0216761030362, 0.0254669654622, 6.23136429442, 1676.79676107, 0.00112667158049
0.206304100633, 0.868728935727, 80.2791076683, 0.642750984394, 72.8632317232, 1.02352118551, 0.555483866454, 2.32930727809, 2.77921239381, 1498.5058468, 0.0100556945824
0.103240721481, 0.834225354026, 81.947032367, 0.524631048284, 82.8298341469, 1.08021437816, 0.906105149976, 3.39388986565, 14.023833949, 1218.89016098, 0.0123911371911
0.214539770805, 0.894714608087, 90.6614407959, 0.686709651242, 29.6002191681, 4.49370137505, 0.728828953518, 2.15640569331, 14.0002131565, 2956.95122384, 0.00047952889025
0.142492749322, 0.862316760164, 80.2347769858, 0.664286516992, 9.45203921292, 37.9781660263, 0.0216761030362, 1.85893660903, 11.0892706607, 884.540006615, 0.217556492322
0.400470521174, 0.822252808879, 87.3755504864, 0.625094782643, 26.3710352466, 1.05782628484, 0.573112520896, 1.65338682236, 8.15007553508, 922.966033532, 0.0910184842795
0.127672949474, 0.82652655774, 92.0194430473, 0.537038940662, 21.0185247165, 1.02833748044, 0.548139149499, 1.76276105689, 14.0202833242, 1217.15785496, 0.0206467954081
0.113838275178, 0.834225354026, 81.947032367, 0.696685518362, 56.2205654298, 1.08021437816, 0.906105149976, 3.39388986565, 13.1177777178, 1306.46983181, 0.0199239382102
0.181519584181, 0.822385534326, 90.5282012717, 0.556281301197, 24.9707181583, 1.08021437816, 0.0216761030362, 4.43674120127, 6.23136429442, 1444.84934192, 0.0121227238672
0.113838275178, 0.834225354026, 81.947032367, 0.696685518362, 56.2205654298, 1.08021437816, 0.906105149976, 3.39388986565, 13.1177777178, 2438.23730238, 0.00195888180076
0.130044358636, 0.820303872314, 86.5352325518, 0.521683921226, 21.0185247165, 1.08021437816, 0.0833189305156, 0.625879240781, 4.10454536767, 1655.13112602, 0.008447292875
0.731484664999, 0.822270617055, 81.4861781403, 0.664286516992, 21.0185247165, 37.9781660263, 0.842335119688, 2.40190148759, 4.34535872701, 929.220441605, 0.545884889254
0.206304100633, 0.904100458396, 82.9907239566, 0.684756029204, 94.249487406, 1.08021437816, 0.963653159713, 0.371031973359, 9.24360813963, 3984.43549832, 0.00116538979144
0.299280250517, 0.851163520842, 86.0264063987, 0.633544853636, 45.4167427693, 16.2966788946, 0.548139149499, 3.39388986565, 2.07905319177, 976.415602563, 0.118657751067
0.138432663061, 0.822270617055, 82.9907239566, 0.521683921226, 98.6141546017, 1.08021437816, 0.963653159713, 4.43674120127, 4.10454536767, 1392.07672927, 0.0154033649105
0.171764762711, 0.822385534326, 82.9891586633, 0.521683921226, 66.3027335039, 1.08021437816, 0.36614851764, 0.625879240781, 4.10454536767, 1750.77503271, 0.00357247242361
0.127672949474, 0.822385534326, 82.9290946475, 0.556281301197, 24.9707181583, 1.08021437816, 0.0216761030362, 0.0254669654622, 6.23136429442, 1969.80103939, 0.00216291120938
0.731484664999, 0.822270617055, 81.4861781403, 0.664286516992, 21.0185247165, 37.9781660263, 0.842335119688, 2.40190148759, 4.34535872701, 979.599863138, 0.469825914531
0.127672949474, 0.82652655774, 80.2347769858, 0.680477532834, 51.4510436755, 1.25170532937, 0.548139149499, 1.76276105689, 14.0202833242, 1404.35192725, 0.0159974962908
0.127672949474, 0.82652655774, 85.133293966, 0.537038940662, 51.4510436755, 1.23526722912, 0.548139149499, 3.69105347458, 14.0202833242, 1593.71286773, 0.0121095254391
0.108084005825, 0.834225354026, 93.3530853016, 0.696685518362, 56.2205654298, 1.08021437816, 0.906105149976, 3.39388986565, 13.1177777178, 1620.78805597, 0.0115982802952
0.108084005825, 0.822385534326, 81.4861781403, 0.696685518362, 56.2205654298, 1.08021437816, 0.906105149976, 4.60383788418, 6.23136429442, 1746.02840951, 0.00879811432147
0.130044358636, 0.820303872314, 86.5352325518, 0.521683921226, 21.0185247165, 1.08021437816, 0.95484605349, 2.19880695851, 4.10454536767, 2005.92589629, 0.00310711152599
0.177968623975, 0.822270617055, 82.9907239566, 0.521683921226, 21.0185247165, 1.08021437816, 0.36614851764, 0.593000897871, 4.20998492155, 1934.81362439, 0.00525595871158
0.149794334466, 0.826701064546, 81.7791739649, 0.686709651242, 63.5839194332, 1.25170532937, 0.291867853061, 0.625879240781, 3.22730081597, 1836.14287436, 0.00539353770619
0.171764762711, 0.822270617055, 82.9907239566, 0.521683921226, 33.6765953207, 1.08021437816, 0.36614851764, 1.85893660903, 3.7107239074, 1759.04779289, 0.00713822481632
0.189035133116, 0.837781170723, 80.0346584031, 0.60956508701, 44.6322914819, 42.2474131173, 0.30187538399, 0.0373464155809, 18.2884658879, 1098.98368012, 0.2681712486
0.149794334466, 0.826701064546, 81.7791739649, 0.686709651242, 63.5839194332, 1.25170532937, 0.291867853061, 0.625879240781, 3.22730081597, 1424.59360942, 0.019235513397
0.218175332166, 0.859295253487, 93.6963964187, 0.652203692536, 74.5383427719, 35.2824943882, 0.241089458422, 4.79677407003, 11.0892706607, 1104.53718571, 0.268310617585
0.206304100633, 0.841087212606, 81.947032367, 0.49435440436, 72.8632317232, 1.13396306833, 0.36614851764, 3.69105347458, 5.16855475568, 1541.55436084, 0.0138160666616
0.142492749322, 0.862316760164, 80.2347769858, 0.664286516992, 9.45203921292, 37.9781660263, 0.0216761030362, 1.85893660903, 13.4566006954, 1168.94677121, 0.348040377999
0.127672949474, 0.82652655774, 82.9290946475, 0.537038940662, 51.4510436755, 1.23526722912, 0.548139149499, 3.97979263114, 17.0150064605, 2255.15367205, 0.00334610632199
0.113838275178, 0.834225354026, 81.947032367, 0.696685518362, 56.2205654298, 1.08021437816, 0.88872489576, 3.39388986565, 13.1177777178, 2161.53480478, 0.00336716152008
0.127672949474, 0.82652655774, 80.2347769858, 0.680477532834, 51.4510436755, 1.25170532937, 0.548139149499, 1.76276105689, 14.0202833242, 1759.55366723, 0.00805293533006
0.206304100633, 0.841087212606, 81.4861781403, 0.49435440436, 72.8632317232, 1.25170532937, 0.669826040825, 1.85893660903, 5.16855475568, 1827.72134583, 0.00783472869736
0.127672949474, 0.82652655774, 85.133293966, 0.537038940662, 51.4510436755, 1.23526722912, 0.548139149499, 4.53286046298, 14.0202833242, 1376.52742894, 0.0212946816205
0.177968623975, 0.822270617055, 82.9907239566, 0.596783629596, 21.0185247165, 1.08021437816, 0.36614851764, 0.593000897871, 3.95135740712, 1369.10789173, 0.0222634426256
0.316825381995, 0.822270617055, 82.9907239566, 0.521683921226, 98.6141546017, 1.08021437816, 0.963653159713, 4.43674120127, 4.10454536767, 1890.96433087, 0.0059860236087
0.731484664999, 0.822270617055, 82.9907239566, 0.684756029204, 73.9124452363, 1.08021437816, 0.0216761030362, 1.98762630084, 6.23136429442, 1254.66477691, 0.12728185031
0.148063609282, 0.851163520842, 86.0264063987, 0.686709651242, 45.4167427693, 16.2618945974, 0.95484605349, 3.39388986565, 2.77921239381, 1287.57091814, 0.128373309609
0.181519584181, 0.834225354026, 90.5282012717, 0.556281301197, 56.2205654298, 16.2966788946, 0.0216761030362, 4.44338161564, 6.23136429442, 1256.31303655, 0.2171319112
0.731484664999, 0.822270617055, 82.9907239566, 0.684756029204, 94.249487406, 1.08021437816, 0.963653159713, 0.625879240781, 4.10454536767, 1258.12412024, 0.141944522731
0.206304100633, 0.841087212606, 81.4861781403, 0.49435440436, 72.8632317232, 1.25170532937, 0.36614851764, 4.56159404105, 4.04812317661, 1725.27511273, 0.0109063485077
0.181519584181, 0.822385534326, 90.5282012717, 0.556281301197, 24.9707181583, 1.08021437816, 0.0216761030362, 4.43674120127, 6.23136429442, 1898.82013213, 0.00683658663548
0.107141877716, 0.834225354026, 81.947032367, 0.697551723639, 56.2205654298, 1.08021437816, 0.906105149976, 3.39388986565, 13.1177777178, 2327.1493879, 0.00339590051894
0.206304100633, 0.841087212606, 81.4861781403, 0.49435440436, 72.8632317232, 1.25170532937, 0.36614851764, 3.69105347458, 5.16855475568, 1374.69639686, 0.0300701702131
0.16255790263, 0.822385534326, 90.5282012717, 0.556281301197, 24.9707181583, 1.08021437816, 0.0216761030362, 4.43674120127, 6.23136429442, 2191.28208352, 0.00514460368962
0.214539770805, 0.82652655774, 86.1477023423, 0.679735522059, 21.0185247165, 1.08021437816, 0.728828953518, 1.76276105689, 17.9425452749, 1432.05517289, 0.0202850659802
0.130044358636, 0.820303872314, 86.5352325518, 0.521683921226, 21.0185247165, 1.08021437816, 0.95484605349, 0.625879240781, 4.10454536767, 1577.12289672, 0.0176094410258
0.285126491395, 0.837781170723, 80.6663656811, 0.696685518362, 59.7182509017, 9.03291809587, 0.36614851764, 2.23858082753, 13.1177777178, 1311.22498599, 0.183912149634
0.113838275178, 0.834225354026, 81.947032367, 0.696685518362, 56.2205654298, 1.08021437816, 0.88872489576, 3.39388986565, 13.1177777178, 2042.8112418, 0.00563518116363
0.149794334466, 0.826701064546, 81.4861781403, 0.49435440436, 72.8632317232, 1.25170532937, 0.669826040825, 1.85893660903, 5.16855475568, 2349.7898513, 0.0048136146523
0.290163406946, 0.827045820749, 88.2554675994, 0.684756029204, 8.65925721259, 1.25170532937, 0.0481474164514, 0.371031973359, 5.16855475568, 1632.15209357, 0.0151863211412
0.103240721481, 0.834225354026, 81.947032367, 0.56511065721, 82.8298341469, 1.08021437816, 0.906105149976, 3.39388986565, 14.023833949, 2594.16622941, 0.00430943647252
0.171764762711, 0.82652655774, 82.9907239566, 0.642750984394, 72.8632317232, 1.02352118551, 0.963653159713, 0.593000897871, 2.11618217653, 2450.27146989, 0.00467646200827
0.127672949474, 0.82652655774, 85.133293966, 0.537038940662, 21.0185247165, 1.25170532937, 0.548139149499, 1.76276105689, 14.0202833242, 1797.13303223, 0.0103047471968
0.731484664999, 0.822270617055, 81.4861781403, 0.680477532834, 18.4129921655, 25.3105412566, 0.842335119688, 2.13308079702, 14.023833949, 1313.87581256, 0.65360704284
0.127672949474, 0.82652655774, 84.3557566911, 0.537038940662, 51.4510436755, 1.23526722912, 0.408865665351, 3.97979263114, 14.0202833242, 1660.052535, 0.0144753349601
0.100282873405, 1.051186673, 92.0194430473, 0.537038940662, 60.6140358697, 1.02833748044, 0.548139149499, 2.15640569331, 14.0202833242, 6610.67930478, 0.00379261983359
0.127672949474, 0.822385534326, 85.133293966, 0.537038940662, 51.4510436755, 1.23526722912, 0.0216761030362, 0.625879240781, 2.2108276685, 1470.80581298, 0.0208005803447
0.181519584181, 0.822385534326, 90.5282012717, 0.46641312185, 56.2205654298, 16.2966788946, 0.534118888601, 3.97979263114, 13.1177777178, 1367.41692971, 0.239861716875
0.127672949474, 0.82652655774, 85.133293966, 0.537038940662, 51.4510436755, 1.23526722912, 0.548139149499, 3.97979263114, 14.0202833242, 1873.15693271, 0.00963648763183
0.138432663061, 0.822270617055, 82.9907239566, 0.556215878604, 98.6141546017, 1.08021437816, 0.963653159713, 4.43674120127, 4.10454536767, 1887.8529128, 0.00927718828631
0.149794334466, 0.826701064546, 81.4861781403, 0.49435440436, 72.8632317232, 1.25170532937, 0.669826040825, 1.85893660903, 5.16855475568, 1427.46984103, 0.0245464180995
0.285126491395, 0.822270617055, 82.9907239566, 0.56511065721, 21.0185247165, 1.03114246196, 0.963653159713, 0.625879240781, 4.10454536767, 1777.96328376, 0.0107901312425
0.114252346944, 0.969049370609, 88.2554675994, 0.684756029204, 51.4510436755, 1.89205972272, 0.0481474164514, 4.53068907002, 14.0202833242, 5564.96509658, 0.00477926886354
0.171764762711, 0.822270617055, 82.9907239566, 0.521683921226, 21.0185247165, 1.08021437816, 0.36614851764, 0.593000897871, 4.10454536767, 1555.96831887, 0.020563507796
0.214539770805, 0.874467189828, 86.1477023423, 0.679735522059, 60.6140358697, 1.08021437816, 0.728828953518, 2.15640569331, 14.0002131565, 2007.57695118, 0.00762007782567
0.871530823842, 0.82652655774, 84.066192802, 0.566066767956, 66.8883419059, 16.7210151561, 0.548139149499, 3.93233193904, 17.6357764703, 1372.82231291, 0.443467690868
0.171764762711, 0.82652655774, 82.9907239566, 0.674961876835, 69.4549174055, 1.25170532937, 0.963653159713, 0.593000897871, 3.22730081597, 1498.08639777, 0.0213386169638
0.113838275178, 0.834225354026, 81.947032367, 0.696685518362, 56.2205654298, 1.08021437816, 0.906105149976, 3.39388986565, 13.1177777178, 2301.51371533, 0.00597972317169
0.158369675196, 0.822270617055, 82.9907239566, 0.521683921226, 21.0185247165, 1.08021437816, 0.548139149499, 0.625879240781, 18.1874063385, 2326.95017775, 0.00566576885737
0.862316671436, 0.834225354026, 87.3755504864, 0.625094782643, 58.5464951273, 24.8476450699, 0.534118888601, 3.97979263114, 8.15007553508, 1378.40652691, 0.33335909821
0.127672949474, 0.82652655774, 84.3557566911, 0.537038940662, 51.4510436755, 1.23526722912, 0.728828953518, 3.75352029681, 14.0202833242, 1725.36909359, 0.0149449052774
0.108084005825, 0.834225354026, 81.947032367, 0.696685518362, 56.2205654298, 1.08021437816, 0.906105149976, 3.39388986565, 13.1177777178, 2115.96027577, 0.00779320186576
0.177968623975, 0.822270617055, 82.9907239566, 0.521683921226, 21.0185247165, 1.08021437816, 0.36614851764, 0.593000897871, 4.20998492155, 1792.25587567, 0.0121094154586
0.127672949474, 0.82652655774, 85.133293966, 0.537038940662, 51.4510436755, 1.25170532937, 0.548139149499, 1.76276105689, 14.0202833242, 2641.62168506, 0.00540367755636
0.206304100633, 0.822270617055, 82.9907239566, 0.684756029204, 99.167481036, 1.08021437816, 0.963653159713, 0.371031973359, 9.24360813963, 2575.38090279, 0.00564631722704
0.171764762711, 0.82652655774, 82.9907239566, 0.674961876835, 69.4549174055, 1.08021437816, 0.963653159713, 0.593000897871, 3.22730081597, 1986.9657375, 0.00896398352087
0.206304100633, 0.841087212606, 81.4861781403, 0.49435440436, 72.8632317232, 1.25170532937, 0.36614851764, 4.56159404105, 4.04812317661, 1852.54950629, 0.0108501372554
0.127672949474, 0.82652655774, 80.2347769858, 0.680477532834, 12.0896514031, 1.25170532937, 0.548139149499, 1.76276105689, 18.1874063385, 2286.70163064, 0.00732320741691
0.400470521174, 0.822385534326, 85.133293966, 0.551484767189, 19.8941306549, 1.25170532937, 0.0784948285131, 3.97979263114, 8.15007553508, 1475.38589239, 0.0454229810777
0.107482771638, 0.826058009664, 85.1854567546, 0.684756029204, 8.65925721259, 1.25170532937, 1.64517738259, 1.85893660903, 4.70768856222, 3260.69526278, 0.00550745686069
0.171764762711, 0.82652655774, 82.9907239566, 0.699758018025, 21.0185247165, 1.08021437816, 0.963653159713, 0.593000897871, 3.22730081597, 1683.91772574, 0.0170306276795
0.299280250517, 0.851163520842, 86.0264063987, 0.642750984394, 45.4167427693, 16.2966788946, 0.906105149976, 3.39388986565, 2.77921239381, 1423.76730859, 0.337377954246
0.285126491395, 0.859295253487, 80.191333069, 0.66621623887, 59.7182509017, 5.13251041553, 0.36614851764, 3.0328283187, 14.023833949, 1445.3919196, 0.0868671964329
0.731484664999, 0.822270617055, 81.4861781403, 0.680477532834, 21.0185247165, 1.25170532937, 0.842335119688, 2.40190148759, 4.34535872701, 1475.93046046, 0.0457207621933
0.206304100633, 0.945885838978, 91.7304232131, 0.684756029204, 94.249487406, 2.40191763879, 0.997465236895, 0.625879240781, 4.70768856222, 4498.34485933, 0.00556880588907
0.171764762711, 0.822270617055, 82.9907239566, 0.521683921226, 21.0185247165, 1.08021437816, 0.36614851764, 0.625879240781, 4.10454536767, 1677.49882699, 0.0183563765224
0.108084005825, 0.834225354026, 81.947032367, 0.48897468328, 56.2205654298, 1.08021437816, 0.906105149976, 3.39388986565, 13.1177777178, 2426.84367013, 0.00684830295479
