3.19329211931, 1.42633740449, 1.12843691152, 1.10797775379, 4.36683604839, 0.900489385929, 1.47214097193, 1.06644878701, 1.02180905899, 3.0047811304, 6.79373078463, 1.03805051204, 5.0677197787, 1.27426342281, 0.858822709532, 1.04181954233, 1.08021244245, 0.848771731578, 4.48172072458, 0.97740895225, 0.842778811966, 156.205695393, 0.929741766727, 2.51138568278, 0.994485993453, 5.11368985744, 1.02371609271, 7.26217022181, 253.518774806
2.17379174617, 1.33285392248, 1.5122675852, 0.853735667379, 5.30213161446, 0.720264280033, 1.60442066651, 1.24646074767, 0.977996020931, 2.49714976856, 4.99519407375, 1.21889379565, 4.28152033151, 1.220044948, 0.859809390642, 1.17077611433, 1.15900032915, 1.03955259036, 3.39853113421, 0.973747016497, 0.768812559405, 155.940039511, 1.12493669232, 3.9228125579, 1.22462184216, 5.08094017673, 1.29458615639, 8.55386354587, 32.7428562157
2.58135547313, 1.05004376339, 1.09331181014, 1.013416393, 5.811612847, 0.856564980471, 5.7883330576, 0.964581765044, 1.11980582192, 5.31145904797, 5.23680305057, 1.15234525945, 2.09314239734, 0.953314024995, 0.993997478841, 1.2430910212, 1.03898619168, 1.04643241795, 4.40236247472, 1.07931601483, 0.838222231903, 407.287881296, 1.17531726478, 1.03487179578, 1.10558756216, 3.15993770218, 0.93950443196, 7.9143914055, 308.082909854
4.78224023534, 1.03461344617, 0.772527677282, 0.915738553136, 4.94583392646, 0.752155084488, 1.8994029166, 0.848983975806, 1.12206150294, 2.59834167939, 1.71446954141, 1.07721815967, 2.39222884348, 1.11997539532, 0.862596995615, 1.41129800896, 1.10428756376, 0.872423107827, 9.33862939763, 1.00551323598, 0.835434219206, 124.472802326, 1.01018757666, 4.57954348538, 1.10346155066, 4.2501350881, 1.1536818112, 9.047657413, 278.420938944
5.31609137659, 1.17103146402, 0.760968250769, 1.01550777239, 6.09911399025, 0.998529658756, 5.14460381607, 0.959972328636, 0.949919914855, 2.21860458051, 7.71459313565, 1.121430384, 1.28690680036, 1.03444688919, 0.938182970961, 1.47646384041, 1.08019551192, 1.09698123029, 4.56017641345, 0.967991076935, 0.857359503606, 161.403843622, 1.13156299552, 5.97313969321, 1.00858362132, 4.39407492655, 1.11741324585, 9.51323263388, 75.259279963
4.29449704084, 1.33285392248, 1.00364390947, 0.997580191068, 4.36765402864, 0.870815442678, 3.32450441894, 1.2286176748, 1.02145017716, 2.49714976856, 3.4160232232, 1.21860592835, 2.2893201283, 1.25978759541, 0.936805177868, 1.57986991498, 1.15900032915, 0.815087047396, 7.18336282841, 0.946656401401, 0.906826127338, 113.035650483, 1.12493669232, 3.9228125579, 1.10462743094, 5.02921950064, 0.901128068086, 11.7056658487, 41.8297600245
4.71930630356, 1.29913633606, 1.00203202909, 1.19914503132, 1.9259234567, 0.852889171566, 4.74431006209, 1.04277176933, 1.02113364149, 5.90250933531, 3.4160232232, 0.895303166312, 3.91916546164, 1.02691915531, 0.808187437444, 1.4429135304, 1.16600652432, 1.18952638254, 9.31833232435, 1.1531389802, 0.990910122695, 204.979742926, 1.11048010546, 4.29838922054, 1.01527977814, 1.02356445337, 0.950588308821, 8.42760145634, 437.684441801
4.71482482127, 1.17951937854, 0.844980148541, 1.10547146091, 2.34340995556, 1.04372965314, 1.24573773086, 1.16746778447, 1.12629507234, 4.11360232896, 6.84291362159, 1.03706171296, 2.09218469056, 0.880378739241, 1.07595140114, 1.33781621093, 1.02048124315, 0.943085479516, 5.63193251101, 1.15549434833, 0.77851232772, 389.858451488, 0.92239781261, 5.17177086812, 1.22388897803, 2.35033336217, 1.27111709113, 8.74094168518, 348.011908205
3.80823728683, 1.19156197283, 1.60515323761, 0.829022261171, 6.96629056213, 0.852889171566, 5.03630243318, 1.04277176933, 0.992251033544, 3.37794201107, 5.99161892098, 0.953879423622, 1.74053465589, 1.2575812074, 1.02697361393, 1.23274534671, 1.13136246169, 0.820227356331, 6.92490704137, 1.15274552639, 0.906475346491, 117.186189667, 0.847997830578, 5.24467146712, 1.14746319203, 2.93623175352, 1.16514985663, 7.99654684594, 508.657214892
4.62387157269, 1.42053521975, 1.38189552978, 0.891251320815, 2.39438151269, 1.09382278811, 3.5980421193, 0.847896349077, 0.987392299623, 3.51327706097, 4.92427902991, 0.920270289937, 3.18730083449, 1.01252380988, 0.976581914898, 1.06318273059, 1.07868794391, 1.20776195444, 4.23317013607, 1.16970587181, 0.989760356447, 275.055918096, 1.02632437364, 2.62077271708, 1.18640474697, 4.25993048901, 0.922277789254, 11.590048911, 145.321567836
4.34786595295, 1.12219572359, 0.941112996031, 1.10301465453, 2.02197117412, 0.989696740241, 4.67646168831, 1.07644281755, 0.980408187825, 4.07624916754, 3.87320816543, 1.1488901366, 1.62323900074, 1.26307357142, 0.974816898359, 1.20362833662, 1.13963333292, 0.905835238023, 9.62556001326, 0.977616181258, 0.925411864374, 68.8789335523, 0.892831398169, 1.0135231059, 0.975026798293, 3.31177652295, 0.870568869657, 10.1509302505, 195.660318342
3.42979230023, 1.25724635508, 0.741552395952, 1.06424757933, 2.8578000838, 0.946811846913, 3.7669946256, 1.04733270956, 1.05840146006, 2.2417053608, 6.96311858644, 1.03853130735, 2.80911927522, 0.813379513236, 0.943444066573, 1.57789151569, 1.1052965156, 1.17432008246, 9.69928007872, 1.14753349511, 0.775492665576, 10.6485290298, 1.12232607199, 2.44136688341, 1.03946852991, 4.29721205418, 1.08438427791, 13.1589056675, 133.106544314
2.39675990584, 1.27120745048, 1.12978200438, 1.16958838214, 1.78852650374, 1.05921448097, 2.86535783991, 0.836050668189, 0.935596702717, 1.72493439797, 3.21322425421, 0.865141070714, 4.7922312388, 0.941157897757, 1.05928887475, 1.18850501779, 1.08780670591, 1.21383544963, 3.90943640173, 1.03924080285, 0.907721809285, 284.031414925, 0.874873437714, 5.47129354463, 1.17988500015, 5.26095180361, 1.27869731629, 18.1804092389, 87.3834927192
2.03402719017, 1.11732458856, 1.56001365403, 1.2180934974, 6.97002949467, 0.881733879429, 5.47863321359, 1.03154558332, 1.00129445617, 4.22101670055, 2.614698304, 1.04369452757, 3.06965760758, 0.924767098146, 0.844567472143, 1.30725333024, 1.03939867546, 0.961928615649, 5.56070455108, 1.13353046056, 0.877895316397, 363.005432667, 0.911881104576, 2.46797773785, 1.22250686507, 3.23707915907, 0.873980985376, 10.3304530371, 271.113472833
2.60806863005, 1.24302919715, 0.730832165082, 1.1292826578, 3.00941001922, 0.712040440349, 1.96369866825, 1.10581521737, 1.11650162937, 5.98880265715, 6.44642293697, 1.04673344462, 2.75921681892, 1.23331744855, 0.860853781604, 1.56694432686, 1.06572086544, 1.17281162416, 9.00612274067, 0.967991076935, 0.897810709388, 386.245966687, 1.02215965914, 5.98381745949, 1.20765267773, 4.39407492655, 1.20161318575, 11.6741186527, 206.003590093
1.59885159132, 1.34648776794, 0.969384162561, 1.01473080337, 6.20547344921, 1.00936880859, 3.89899618905, 0.94398984087, 0.966932233049, 4.17225488139, 5.18268466218, 1.04325197841, 1.34666616694, 0.920868520379, 0.983545564251, 1.04713714904, 1.15555902677, 1.14316741942, 6.05645997517, 1.16568598731, 0.996885106838, 212.628600391, 1.18037197518, 4.4497525572, 1.15145447734, 4.27672814429, 0.946127211363, 16.4565584368, 149.963812751
5.31609137659, 1.36657392186, 0.760968250769, 1.01550777239, 6.09911399025, 0.840334658206, 5.14460381607, 0.981292473235, 0.972804871505, 2.21860458051, 7.71459313565, 1.1555130786, 1.28690680036, 0.876273879661, 0.820414565324, 1.58034422159, 1.03590335067, 1.06472161569, 4.52857891199, 1.07507434428, 0.857359503606, 176.843446067, 1.05843303328, 5.98323527036, 1.00858362132, 3.801589328, 1.01814940777, 10.587280782, 661.073641204
4.71482482127, 1.17951937854, 0.844980148541, 1.10547146091, 2.34340995556, 0.852889171566, 1.24573773086, 1.16746778447, 1.12629507234, 4.11360232896, 6.84291362159, 1.08081620597, 2.09218469056, 0.880378739241, 1.07595140114, 1.33781621093, 1.02048124315, 0.943085479516, 5.63193251101, 1.15549434833, 0.77851232772, 389.858451488, 1.11048010546, 5.17177086812, 1.22388897803, 2.58493813018, 1.27111709113, 11.2620648695, 511.05932712
1.23927059324, 1.04513366282, 1.12624743633, 0.873520399386, 6.32818288208, 1.16827819354, 2.57391015782, 0.929565631413, 0.964992774277, 3.89271332165, 2.38142521518, 1.06870425207, 2.48448790042, 1.20423020762, 1.0171577501, 1.1211940194, 1.14740973309, 0.813744486573, 6.6343108118, 0.997794686766, 0.888113200692, 192.638771265, 1.04379890662, 5.04519863638, 0.973668184113, 3.06589886951, 0.946232790937, 10.8950526132, 636.182432286
4.71482482127, 1.2123638233, 1.71018259099, 0.930177825778, 2.34340995556, 1.04372965314, 3.24155882565, 1.04331712817, 0.906145811882, 2.51155139873, 2.70684583379, 0.843563515822, 3.11745025959, 0.960791106914, 1.02081534306, 1.35277258533, 1.03939867546, 1.13559992756, 8.95250606671, 1.18297204799, 0.850790514628, 126.321307492, 1.09840786705, 5.0035804967, 1.22516678386, 3.35989085498, 0.969020161628, 11.7868461013, 505.06708747
3.55032033926, 1.34230640452, 0.839929965247, 1.13871604439, 3.51485495421, 0.790713530154, 1.45014890732, 1.25705431166, 0.901333394369, 2.13243285998, 6.71926566139, 1.04444890651, 2.19030390364, 1.1215144102, 0.956461731799, 1.60674384222, 1.00727392678, 1.14164887906, 9.89656317792, 1.03943240895, 0.837682892014, 125.593673273, 1.03154025005, 5.26795152644, 1.0222923118, 4.05608680464, 1.29379595582, 13.3956307238, 317.582908123
4.79946365493, 1.22238079676, 0.952147670623, 0.853735667379, 5.30213161446, 0.722999557126, 1.60442066651, 1.11659110934, 0.914009165904, 2.49714976856, 6.52653376366, 1.21859588315, 2.2893201283, 1.220044948, 0.859809390642, 1.17077611433, 1.14700296429, 1.21691484088, 3.39853113421, 1.05416430362, 0.906826127338, 155.940039511, 1.12493669232, 2.79391214431, 1.22462184216, 4.93682201969, 1.29458615639, 22.1212238148, 173.963596391
2.55344655722, 1.02556331219, 0.768449020559, 0.949748373083, 6.97002949467, 0.810496952695, 4.58188398928, 1.00360227913, 0.934943984524, 4.00407002413, 6.33289265331, 1.04617513657, 3.06965760758, 1.21687948027, 0.780907039742, 1.4022288196, 1.15068067041, 1.17531667698, 5.36873991264, 1.03496241468, 0.949202878166, 156.570130876, 0.888165726412, 4.62914778103, 0.982537568997, 1.5406600973, 1.10016899414, 19.2624323772, 242.901398579
4.86950808066, 1.20421913122, 1.61419910551, 0.811591548173, 6.99905914267, 1.14546651379, 5.18789549889, 1.09239664388, 1.13819243559, 4.21658610579, 7.32960190673, 0.886839834159, 1.37846775228, 1.13610298812, 0.926132065843, 1.21615386435, 1.09367284156, 1.14789711005, 6.38350519917, 1.18814107885, 0.95809724482, 276.488560988, 0.926951330473, 3.82533717749, 0.978840485037, 3.70550025915, 1.22051201689, 11.6483418182, 535.182527804
2.55344655722, 1.02556331219, 0.768449020559, 0.949748373083, 1.43062119498, 0.810496952695, 4.58188398928, 1.23308651407, 0.934943984524, 4.00407002413, 6.33289265331, 1.04617513657, 2.99069000604, 1.21687948027, 0.780907039742, 1.4022288196, 1.15068067041, 1.17531667698, 5.36873991264, 1.03496241468, 0.949202878166, 156.570130876, 0.888165726412, 4.62914778103, 0.982537568997, 1.5406600973, 1.10016899414, 11.2300382652, 882.930969004
5.31609137659, 1.17103146402, 0.760968250769, 1.01550777239, 6.09911399025, 0.840334658206, 5.14460381607, 0.931502077627, 0.940027797766, 2.21860458051, 7.71459313565, 1.1555130786, 1.28690680036, 0.876273879661, 0.974964421278, 1.57173285803, 1.08019551192, 1.06472161569, 4.52857891199, 1.07507434428, 0.857359503606, 176.843446067, 1.13156299552, 5.98323527036, 1.00858362132, 3.801589328, 1.01814940777, 14.386738651, 411.79964358
4.91597866388, 1.03156239436, 1.46946600742, 0.997580191068, 1.91150102326, 0.720264280033, 5.92013985554, 0.872790410696, 1.12313144364, 4.0728315531, 3.66135189369, 1.21100446721, 1.24710658147, 0.829844445081, 0.967790460564, 1.10676123852, 1.04565737956, 0.83201564968, 7.57433034039, 1.17165436451, 0.97701517534, 59.4376459908, 1.16733735031, 4.37176146042, 1.16238287522, 2.80218636899, 1.11637768404, 14.0834244093, 530.949162243
1.84424234835, 1.00122159372, 0.979347795439, 1.21031914115, 3.33355124041, 0.97643643934, 2.47620696492, 0.939632353084, 0.912190453139, 4.43504332264, 1.84006746273, 1.05714291016, 4.88476500316, 0.906402771343, 0.83666271179, 1.19946339636, 1.00804235102, 0.885449153838, 4.02552840545, 1.05167523036, 0.955170100096, 140.783145455, 0.904439544219, 1.41782049674, 1.08963870537, 5.22275383693, 1.14680557904, 14.4178090623, 323.914625434
5.1804684655, 1.29913633606, 1.00203202909, 1.19993364831, 1.9259234567, 0.721763803369, 3.91913020508, 1.00034684871, 0.965283504889, 4.11360232896, 3.4160232232, 0.895303166312, 3.91916546164, 1.02691915531, 1.04569602136, 1.4429135304, 1.14947527137, 1.18952638254, 9.31833232435, 1.1531389802, 0.990910122695, 204.979742926, 1.11048010546, 4.29838922054, 1.00982851039, 1.02356445337, 1.27111709113, 25.5713897188, 207.87717307
5.917055729, 1.20421913122, 1.07780440155, 0.981963229121, 2.45007170144, 0.769724661074, 3.46715128797, 0.899694072502, 0.989502654855, 5.62014158806, 6.8446802695, 1.16074383055, 3.14737977722, 1.00443968397, 1.06999223505, 1.01343579797, 1.14815328417, 1.1089525662, 9.50627756064, 1.15269692229, 0.903477219624, 203.984749658, 1.14574535158, 4.010627584, 1.13048772576, 5.11368985744, 1.0239041359, 21.951127976, 305.405077868
4.34786595295, 1.22098822809, 0.941112996031, 0.929174897091, 2.02197117412, 1.14943676222, 4.67646168831, 1.07644281755, 0.980408187825, 4.07624916754, 4.07606245902, 1.19673012573, 1.62323900074, 1.26307357142, 0.974816898359, 1.20362833662, 1.15555902677, 0.905835238023, 8.67958725361, 0.918182086924, 0.996885106838, 68.8789335523, 0.892831398169, 1.0135231059, 0.975026798293, 3.31177652295, 0.870463392972, 21.7659921982, 316.129464949
3.63615283986, 1.15643586899, 0.817268050351, 0.915738553136, 6.6373610778, 0.843604218416, 3.86625129689, 0.82333634236, 0.901259064401, 5.91381537963, 1.97122142972, 1.21607394536, 2.50676376841, 0.930545890848, 0.921763322599, 1.23009090131, 1.0970369592, 1.088324205, 5.00643657003, 0.914544573716, 0.92545781974, 362.57632697, 0.896068431922, 5.40917146626, 1.10346155066, 3.45501378057, 1.23445554248, 12.3063511414, 540.04216958
2.60806863005, 1.24302919715, 0.997026674143, 1.1292826578, 3.00941001922, 0.712040440349, 1.96369866825, 1.10581521737, 1.11650162937, 5.98880265715, 6.44642293697, 1.121430384, 2.75921681892, 1.23331744855, 0.860853781604, 1.56694432686, 1.06572086544, 1.03179657789, 9.00612274067, 0.967991076935, 0.897810709388, 386.245966687, 1.02215965914, 5.98144504957, 1.20765267773, 4.39407492655, 1.20161318575, 12.1968528401, 607.433823898
2.18422172808, 1.33397318893, 1.34007209316, 1.18342840048, 4.45979062427, 0.769280032484, 2.17977828551, 1.01125746575, 0.95594043965, 3.48365771467, 3.95626812046, 0.830059387705, 1.83982558859, 1.06868564646, 1.01409414477, 1.54108363621, 1.15222340013, 1.13695248314, 4.83489576043, 0.950785366053, 0.882003373285, 408.904505963, 0.866320810519, 1.4030783131, 1.21153524461, 4.05462845078, 1.29346198324, 11.5435560754, 1251.97358557
2.58135547313, 1.05004376339, 1.09331181014, 1.013416393, 5.811612847, 0.856564980471, 5.14460381607, 0.964581765044, 1.11980582192, 5.31145904797, 5.23680305057, 1.15234525945, 2.09314239734, 0.953314024995, 0.938182970961, 1.47646384041, 1.00104261752, 1.04643241795, 4.40236247472, 0.967991076935, 0.838222231903, 407.287881296, 1.17531726478, 1.03487179578, 1.10558756216, 3.15993770218, 0.93950443196, 14.5613747018, 469.449767166
4.78224023534, 1.03461344617, 0.772527677282, 1.11841493231, 4.94583392646, 0.752155084488, 1.8994029166, 0.848983975806, 1.12206150294, 2.59834167939, 1.71446954141, 1.07721815967, 2.39222884348, 1.11997539532, 0.862596995615, 1.41129800896, 1.10428756376, 0.872423107827, 9.33862939763, 1.00551323598, 0.835434219206, 124.472802326, 1.01018757666, 4.90942388544, 1.05947086067, 3.42469289618, 1.1536818112, 14.5394361963, 524.616949929
1.05568181282, 1.42242930276, 1.44959778542, 1.01681036336, 4.51246922599, 1.11915756701, 4.73091866324, 1.12433113813, 0.967850094385, 4.43053667457, 1.68169424714, 1.10691213838, 1.45360035301, 1.12353023169, 0.994766666395, 1.61141296005, 1.15894075193, 0.899523886592, 7.23953461936, 1.05362427792, 0.767904331029, 346.994819469, 1.11337763122, 3.29401327882, 1.14896876721, 2.11021965212, 0.9161158277, 14.9194948322, 438.747199199
2.39675990584, 1.27120745048, 1.12978200438, 1.16958838214, 6.99905914267, 1.05921448097, 2.86535783991, 0.836050668189, 0.935596702717, 1.72493439797, 3.21322425421, 1.00359268282, 4.7922312388, 0.941157897757, 1.05928887475, 1.18850501779, 1.08780670591, 1.21383544963, 3.90943640173, 1.03924080285, 0.907721809285, 284.031414925, 0.874873437714, 5.47129354463, 1.17988500015, 5.26095180361, 1.27869731629, 27.6599519512, 414.636636804
5.5053908372, 1.17103146402, 0.760968250769, 1.01550777239, 3.0795140578, 0.7720065464, 5.14460381607, 1.0466809993, 0.949919914855, 4.33354500195, 7.71459313565, 1.121430384, 1.28690680036, 1.03444688919, 0.938182970961, 1.47646384041, 1.08019551192, 1.09698123029, 4.56017641345, 0.967991076935, 0.857359503606, 409.864353791, 1.13156299552, 5.998057249, 1.00858362132, 4.39407492655, 1.11741324585, 14.4222243391, 627.64594091
1.23927059324, 1.04513366282, 1.12624743633, 0.873520399386, 6.32818288208, 0.950668642136, 3.88400233964, 0.929565631413, 0.964992774277, 3.89271332165, 2.38142521518, 1.06870425207, 2.48448790042, 1.20423020762, 1.0171577501, 1.1211940194, 1.14740973309, 0.813744486573, 6.6343108118, 0.997794686766, 0.826916849708, 192.638771265, 1.04379890662, 5.04519863638, 1.04255151692, 3.70550025915, 0.946232790937, 13.1462616921, 950.695545372
5.56210481065, 1.07121501754, 1.59706441929, 0.905329107553, 2.92943621166, 1.13062788335, 4.74431006209, 1.19874675619, 1.08569209871, 2.20469674779, 3.4160232232, 1.05175812286, 2.59700690847, 0.963531068117, 0.835495862113, 1.0353789575, 1.04663478123, 1.203517004, 7.74526962096, 1.1043733172, 0.941856327505, 171.04637294, 0.868188772579, 2.47921336984, 1.22937584411, 5.15871911823, 1.26447239743, 14.0182825423, 658.697526756
2.03402719017, 1.11732458856, 1.56001365403, 1.2180934974, 6.97002949467, 0.881733879429, 5.47863321359, 1.03154558332, 1.00129445617, 4.22101670055, 2.614698304, 1.04369452757, 3.06965760758, 0.842710091503, 0.844567472143, 1.46343843071, 1.01793357848, 0.961928615649, 5.56070455108, 1.13353046056, 0.877895316397, 363.005432667, 0.886730223987, 2.46797773785, 1.22250686507, 3.23707915907, 0.873980985376, 13.3859530788, 925.144909075
3.80823728683, 1.19156197283, 1.60515323761, 0.829022261171, 6.96629056213, 0.951928327928, 5.03630243318, 1.04277176933, 0.992251033544, 3.37794201107, 5.87136260621, 0.953879423622, 1.74053465589, 1.2575812074, 1.05857334278, 1.23274534671, 1.13136246169, 0.816331877921, 6.92490704137, 1.15274552639, 0.906475346491, 117.186189667, 0.847997830578, 5.24467146712, 1.14746319203, 2.93623175352, 1.16514985663, 12.3750392444, 1674.16101737
1.23927059324, 1.04513366282, 1.12624743633, 0.873520399386, 6.32818288208, 1.16827819354, 3.88400233964, 0.929565631413, 0.964992774277, 3.89271332165, 2.38142521518, 1.06870425207, 2.48448790042, 1.20423020762, 1.0171577501, 1.1211940194, 1.14740973309, 0.813744486573, 6.6343108118, 0.997794686766, 0.826916849708, 192.638771265, 1.04379890662, 5.04519863638, 1.04255151692, 3.06589886951, 0.946232790937, 12.6582864056, 1636.20316603
3.13512557991, 1.2123638233, 1.71018259099, 0.930177825778, 6.01578349079, 1.12391639299, 1.56390727921, 1.04331712817, 0.906145811882, 2.51155139873, 2.70684583379, 0.843563515822, 3.11745025959, 0.960791106914, 1.02081534306, 1.35277258533, 1.03939867546, 1.13559992756, 9.16292354386, 1.18297204799, 0.850790514628, 126.321307492, 1.05787468445, 5.0035804967, 1.22516678386, 4.20585351009, 0.969020161628, 20.9971143485, 461.413525252
2.03402719017, 1.11732458856, 1.57093418528, 1.2180934974, 6.97409302983, 0.881733879429, 4.74431006209, 1.03154558332, 1.00129445617, 4.22101670055, 2.614698304, 1.04369452757, 3.70209809395, 0.924767098146, 0.844567472143, 1.56951426021, 1.03939867546, 0.961928615649, 5.56070455108, 1.13353046056, 0.877895316397, 363.005432667, 0.911881104576, 2.46797773785, 1.22250686507, 3.23707915907, 0.901128068086, 16.0555589697, 496.152084724
4.86950808066, 1.20421913122, 1.4067177997, 0.811591548173, 1.78852650374, 1.14546651379, 4.20655704945, 1.09239664388, 1.13819243559, 4.21658610579, 7.32960190673, 0.886839834159, 1.37846775228, 1.13610298812, 0.926132065843, 1.21615386435, 1.09367284156, 1.14789711005, 6.38350519917, 1.18814107885, 0.957346883561, 276.488560988, 0.926951330473, 3.82533717749, 0.978840485037, 3.70550025915, 1.2178129622, 13.2772989288, 1438.2967658
5.31609137659, 1.17103146402, 0.760968250769, 1.01550777239, 6.09911399025, 0.840334658206, 5.14460381607, 0.931502077627, 0.940027797766, 2.21860458051, 7.71459313565, 1.1555130786, 1.28690680036, 0.876273879661, 0.938182970961, 1.57173285803, 1.08019551192, 1.06472161569, 4.52857891199, 1.09209757575, 0.857359503606, 176.843446067, 1.13156299552, 5.97313969321, 1.00858362132, 3.801589328, 1.01814940777, 15.3685686853, 780.879478004
4.62387157269, 1.42053521975, 1.38189552978, 0.891251320815, 2.39438151269, 1.09382278811, 3.5980421193, 0.847896349077, 0.987392299623, 3.51327706097, 4.92427902991, 0.920270289937, 3.82666965121, 1.01252380988, 0.790847880229, 1.06318273059, 1.07868794391, 1.20776195444, 6.41085026795, 1.16970587181, 0.989760356447, 275.055918096, 1.02632437364, 2.75587281566, 1.18640474697, 4.25993048901, 0.922277789254, 15.1478266748, 976.195601263
1.84424234835, 1.00122159372, 0.979347795439, 1.21031914115, 3.8950331265, 0.975219363597, 2.92461728232, 0.939632353084, 0.912190453139, 3.46053787135, 1.84006746273, 1.05714291016, 4.88476500316, 0.906402771343, 0.83666271179, 1.19946339636, 1.00804235102, 0.885449153838, 4.02552840545, 1.05167523036, 0.947226492788, 140.783145455, 0.904439544219, 1.41782049674, 1.08963870537, 5.22275383693, 1.14680557904, 13.1287606278, 3007.11635049
1.89620597837, 1.17103146402, 0.760968250769, 1.01550777239, 1.99076082711, 0.998529658756, 5.14460381607, 1.0466809993, 0.949919914855, 2.11686270273, 7.71459313565, 1.21859588315, 1.28690680036, 1.03444688919, 0.938182970961, 1.47646384041, 1.08019551192, 0.931597997388, 4.14116182471, 0.967991076935, 0.857359503606, 161.403843622, 1.01271032444, 5.97313969321, 1.00858362132, 4.39407492655, 1.11741324585, 21.2665382864, 491.013917508
5.51284148682, 1.23349040431, 1.55585481942, 1.2156025514, 1.66241553285, 0.798760096041, 3.68401203958, 1.14041002189, 0.997995751661, 2.7302134066, 6.61144498574, 0.862328202874, 2.05539369141, 1.12934172854, 0.845578786741, 1.2981071674, 1.09631598021, 1.154218032, 4.30469439107, 1.05830137908, 0.79691353153, 409.864353791, 0.848344746888, 4.07031087292, 1.05745488093, 4.98170981291, 1.10756112984, 24.1443590257, 465.091734326
2.03402719017, 1.11732458856, 1.57093418528, 1.2180934974, 6.97409302983, 0.881733879429, 5.14460381607, 1.03154558332, 1.00129445617, 4.22101670055, 2.614698304, 1.04369452757, 3.70209809395, 1.14011111283, 0.818622438916, 1.57129665752, 1.03939867546, 0.961928615649, 5.56070455108, 1.13353046056, 0.877895316397, 275.397492098, 0.911881104576, 5.97313969321, 1.22250686507, 3.23707915907, 0.901128068086, 16.25611327, 631.502897133
1.7093238545, 1.13987738263, 0.741552395952, 1.08881869967, 5.28636003027, 1.16802710963, 1.30005005195, 1.24407848363, 1.12364302138, 5.31138255584, 6.73855883889, 1.09253708485, 1.452372698, 0.844830621509, 0.948089064088, 1.56412472956, 1.10403164893, 0.869549522632, 7.85568462863, 1.15692439877, 0.958641424014, 10.1811866707, 1.13156299552, 5.16913706094, 1.06971217698, 4.53024558333, 0.930641127322, 18.6786476983, 546.181405558
5.31609137659, 1.17103146402, 0.760968250769, 1.01550777239, 6.09911399025, 0.840334658206, 5.14460381607, 0.931502077627, 0.940027797766, 2.21860458051, 7.71459313565, 1.1555130786, 1.28690680036, 1.03444688919, 0.938182970961, 1.47646384041, 1.08019551192, 1.09698123029, 4.56017641345, 1.09209757575, 0.857359503606, 161.403843622, 1.13156299552, 5.97313969321, 1.00858362132, 3.801589328, 1.01814940777, 13.5665639012, 1458.77799932
1.99061967279, 1.28533621397, 1.33845480838, 1.2051313816, 2.48349902167, 0.78024234204, 5.38170000717, 1.20416273986, 0.937551749054, 5.29078664267, 6.59556372425, 0.886865492084, 4.49772445291, 0.898681007909, 0.837318973099, 1.35672149081, 1.10069797244, 1.22922594352, 4.0761434751, 1.11594487866, 0.83210967178, 222.978156016, 0.919802468855, 1.15516921783, 1.08093780462, 4.28202747904, 1.11218397146, 16.100738111, 970.228493266
2.58135547313, 1.03461344617, 0.772527677282, 1.11841493231, 5.811612847, 0.752155084488, 1.8994029166, 0.848983975806, 1.12206150294, 2.59834167939, 1.71446954141, 1.0763869539, 2.39222884348, 1.11997539532, 0.862596995615, 1.41129800896, 1.10428756376, 0.872423107827, 9.33862939763, 1.00551323598, 0.835434219206, 124.472802326, 1.01018757666, 5.13778633815, 1.05947086067, 3.42469289618, 0.899073521694, 16.0845089727, 1003.81232326
4.28462948426, 1.05604853683, 1.18191660973, 0.946999835327, 2.80579186515, 0.85154112075, 3.48606094276, 0.948406133156, 1.02065730638, 4.96438116612, 4.59769165782, 0.85224993201, 2.54484346489, 0.876273879661, 1.03257443724, 1.57173285803, 1.09377645186, 1.06472161569, 3.42889285833, 0.926609063405, 0.790846701515, 173.277716813, 1.17837484211, 4.071500614, 1.03358225024, 3.60190816327, 1.28231434887, 15.8178166769, 1204.67628527
3.55032033926, 1.34230640452, 0.839929965247, 1.13871604439, 3.51485495421, 0.790713530154, 1.45014890732, 1.25705431166, 0.901333394369, 2.51502465514, 6.71926566139, 1.04444890651, 2.19030390364, 1.07913544363, 0.956461731799, 1.60674384222, 1.00727392678, 1.14164887906, 9.54383574329, 1.03943240895, 0.837682892014, 125.593673273, 1.03154025005, 5.26795152644, 1.0222923118, 4.05608680464, 1.27856316901, 24.3134452295, 512.125795126
2.17379174617, 1.33285392248, 1.00364390947, 0.853735667379, 5.30213161446, 0.720264280033, 1.60442066651, 1.11659110934, 0.926076540815, 2.49714976856, 4.99519407375, 1.21859588315, 2.2893201283, 1.220044948, 0.859809390642, 1.17077611433, 1.15900032915, 0.931597997388, 3.39853113421, 0.973747016497, 0.906826127338, 155.940039511, 1.12493669232, 3.9228125579, 1.22462184216, 5.02921950064, 1.29458615639, 31.882090284, 511.189801593
5.98427996004, 1.20421913122, 0.759446972562, 0.981963229121, 5.07316527392, 0.769724661074, 3.46715128797, 0.899694072502, 0.989502654855, 5.62014158806, 3.11222183424, 1.17204996191, 3.14737977722, 1.07913544363, 1.06999223505, 1.01343579797, 1.07023912505, 1.1089525662, 9.50627756064, 1.15269692229, 0.903477219624, 313.701679126, 1.14574535158, 4.010627584, 0.957463926352, 5.11368985744, 1.0611141615, 17.2699410206, 655.985467587
3.42979230023, 1.39113249163, 1.58118858665, 1.06424757933, 2.8578000838, 0.946811846913, 2.46854719055, 1.04733270956, 1.05840146006, 2.2417053608, 6.96311858644, 1.03853130735, 2.80911927522, 1.17863068912, 0.943444066573, 1.57789151569, 1.1052965156, 1.17432008246, 4.07770477802, 1.14753349511, 0.775492665576, 10.6485290298, 1.12232607199, 2.44136688341, 1.03946852991, 4.29721205418, 0.930029689677, 18.5940200503, 648.966748049
5.5053908372, 1.17103146402, 0.760968250769, 1.01550777239, 3.0795140578, 0.998529658756, 5.14460381607, 1.0466809993, 0.949919914855, 2.21860458051, 7.71459313565, 1.121430384, 1.28690680036, 1.03444688919, 0.938182970961, 1.47646384041, 1.08019551192, 1.09698123029, 4.56017641345, 0.967991076935, 0.857359503606, 161.403843622, 1.13156299552, 5.97313969321, 1.00858362132, 4.39407492655, 1.11741324585, 20.2907663034, 623.02002382
2.03402719017, 1.11732458856, 1.57093418528, 0.897766546953, 6.97409302983, 0.881733879429, 4.74431006209, 1.03154558332, 1.00129445617, 4.22101670055, 1.94472328137, 1.04369452757, 3.70209809395, 0.924767098146, 0.844567472143, 1.56951426021, 1.03939867546, 0.961928615649, 5.56070455108, 1.13353046056, 0.857359503606, 363.005432667, 0.911881104576, 2.46797773785, 1.11295620844, 3.23707915907, 0.901128068086, 14.035792234, 1760.47642481
4.29449704084, 1.190488779, 1.07780440155, 1.11280581425, 5.65815413526, 0.778462066798, 3.68401203958, 1.25551521885, 1.03140037491, 2.7302134066, 6.79373078463, 1.15948601049, 4.86873832809, 0.953314024995, 0.792334033587, 1.20811822973, 1.02089927349, 0.851434107769, 9.99934335937, 0.93094202363, 0.772407410372, 245.235096386, 0.892662930805, 4.57033818594, 1.19835414784, 3.1052973369, 0.9701932666, 15.7557637015, 1608.47259074
5.1804684655, 1.29913633606, 1.00203202909, 1.19914503132, 1.9259234567, 0.787213549004, 4.74431006209, 1.00034684871, 0.965283504889, 5.90250933531, 3.4160232232, 0.895303166312, 3.91916546164, 1.02691915531, 1.04569602136, 1.4429135304, 1.14947527137, 1.18952638254, 9.31833232435, 1.1531389802, 0.990910122695, 204.979742926, 1.11048010546, 4.29838922054, 1.00982851039, 1.02356445337, 0.901128068086, 15.8952555785, 1285.80201043
5.44531061361, 1.33397318893, 1.34007209316, 1.18342840048, 4.45979062427, 0.769280032484, 2.17977828551, 1.01125746575, 0.95594043965, 3.48365771467, 3.95626812046, 0.830059387705, 1.83982558859, 1.06868564646, 1.01409414477, 1.54108363621, 1.15222340013, 1.13695248314, 4.83489576043, 0.950785366053, 0.882003373285, 408.904505963, 0.866320810519, 1.4030783131, 1.21153524461, 3.09052218587, 1.29346198324, 38.7085589491, 585.359049253
1.7093238545, 1.13987738263, 0.741552395952, 1.08881869967, 5.28636003027, 1.16802710963, 1.30005005195, 1.24407848363, 1.12364302138, 5.31138255584, 5.61917437344, 1.09253708485, 1.452372698, 0.844830621509, 0.948089064088, 1.56412472956, 1.10403164893, 0.869549522632, 7.85568462863, 1.15692439877, 0.958641424014, 222.978156016, 1.13156299552, 5.16913706094, 1.06971217698, 1.99996715913, 0.930641127322, 18.5316336119, 968.772002338
2.39675990584, 1.27120745048, 1.12978200438, 1.16958838214, 6.99905914267, 1.0403058798, 2.86535783991, 0.836050668189, 0.935596702717, 1.72493439797, 2.86585345225, 1.00359268282, 4.7922312388, 0.941157897757, 0.889999175489, 1.18850501779, 1.08780670591, 1.21383544963, 4.06576593816, 1.03924080285, 0.907721809285, 284.031414925, 0.873868823603, 5.47129354463, 1.17988500015, 5.26095180361, 1.27869731629, 18.3872888676, 1054.19452925
4.28344692202, 1.25398208918, 0.907911137615, 0.981963229121, 2.65518465887, 1.09770157825, 1.11512113726, 1.08900937129, 1.03172292355, 2.9631818724, 5.93564872645, 0.832339932323, 4.78465874924, 1.27924668623, 0.803434583158, 1.45257006617, 1.10769815655, 1.20776195444, 8.8707521912, 0.966956382295, 0.931056903639, 134.618638717, 0.874873437714, 5.62870139147, 0.96326927754, 1.35120532191, 0.973164420927, 17.6363968187, 1190.65240105
2.55344655722, 1.02556331219, 0.768449020559, 0.949748373083, 1.86152926644, 0.810496952695, 4.58188398928, 0.82333634236, 0.934943984524, 4.00407002413, 6.33289265331, 1.04617513657, 2.50676376841, 1.21687948027, 0.780907039742, 1.4022288196, 1.15068067041, 1.17531667698, 4.4299775313, 1.03496241468, 0.949202878166, 215.854004351, 0.888165726412, 3.76718337848, 0.982537568997, 1.5406600973, 1.10016899414, 18.8241951583, 874.490154238
5.51284148682, 1.23349040431, 1.55585481942, 1.2156025514, 1.60218268747, 0.769724661074, 3.68401203958, 1.14041002189, 0.997995751661, 2.7302134066, 6.61144498574, 1.04369452757, 1.35750178562, 1.12934172854, 0.845578786741, 1.2981071674, 1.09631598021, 1.14754795678, 4.30469439107, 1.05830137908, 0.79691353153, 409.864353791, 0.940053434303, 5.58439855598, 0.976504155925, 5.20657099981, 1.10756112984, 18.9687634824, 713.577481637
2.39675990584, 1.27120745048, 1.12978200438, 1.16958838214, 6.99905914267, 1.0403058798, 2.86535783991, 0.836050668189, 0.935596702717, 1.72493439797, 2.86585345225, 1.00359268282, 4.7922312388, 0.941157897757, 0.889999175489, 1.18850501779, 1.08780670591, 1.21383544963, 6.23581906917, 1.03924080285, 0.907721809285, 284.031414925, 0.873868823603, 5.47129354463, 1.17988500015, 5.26095180361, 1.27869731629, 21.3046657229, 672.001361236
5.56210481065, 1.18939905677, 1.59706441929, 0.905329107553, 2.92943621166, 1.13062788335, 3.1303233627, 1.19874675619, 1.08569209871, 2.20469674779, 2.22259597328, 1.05175812286, 2.59700690847, 0.963531068117, 0.835495862113, 1.0353789575, 1.04663478123, 1.203517004, 7.74526962096, 1.1043733172, 0.941856327505, 171.04637294, 0.868188772579, 2.47921336984, 1.22937584411, 4.68286640189, 1.26447239743, 14.2074008124, 1887.10418882
1.05568181282, 1.42242930276, 1.44959778542, 1.01681036336, 4.51246922599, 0.778206518931, 4.73091866324, 1.12433113813, 1.03736572297, 4.43053667457, 1.61677133007, 1.10691213838, 1.45360035301, 1.12353023169, 0.994766666395, 1.61141296005, 1.15894075193, 0.884947644108, 9.43985684241, 1.05362427792, 0.767904331029, 10.9584734744, 1.11337763122, 3.29401327882, 1.07095463107, 1.24930056307, 0.9161158277, 17.5576302018, 1740.39794743
1.59885159132, 1.03540951673, 1.09331181014, 1.013416393, 5.811612847, 0.856564980471, 4.18315849878, 0.964581765044, 1.11980582192, 5.52930150651, 5.23680305057, 1.15234525945, 1.84230561954, 0.953314024995, 0.993997478841, 1.2430910212, 1.03898619168, 1.04643241795, 5.86725695566, 1.14800710752, 0.782111994415, 407.287881296, 1.17531726478, 3.55114578567, 1.00858362132, 4.27672814429, 0.884467296575, 17.4577478543, 1784.60806682
1.01413305669, 1.12960933873, 1.49699333953, 1.19307553792, 4.59907880765, 1.12391639299, 1.43975719132, 0.856234250644, 0.951031257556, 3.5129512673, 2.1864672666, 1.16920741898, 1.80702567023, 1.15377683019, 0.79801166114, 1.29248959568, 1.13420510439, 0.885772521938, 9.60067787309, 0.99233561134, 0.926575533414, 209.304894773, 1.05787468445, 5.59832966472, 1.07588357846, 4.3463764598, 1.19831005608, 16.258276027, 1811.05283616
3.42979230023, 1.39113249163, 0.741552395952, 1.06424757933, 2.8578000838, 0.946811846913, 3.7669946256, 1.04733270956, 1.05840146006, 2.2417053608, 6.96311858644, 1.03853130735, 2.80911927522, 0.813379513236, 0.943444066573, 1.56310565363, 1.1052965156, 1.17432008246, 4.07770477802, 1.14754232327, 0.775492665576, 10.6485290298, 1.13544368823, 2.44136688341, 1.03946852991, 4.29721205418, 0.930029689677, 18.2842592876, 1270.17717907
3.56984050695, 1.17951937854, 0.844980148541, 1.10547146091, 6.84380628476, 0.836725205146, 1.24573773086, 1.16746778447, 1.12629507234, 4.11360232896, 2.96607947359, 1.21725881137, 2.09218469056, 0.880378739241, 1.07021419415, 1.32461364133, 1.02048124315, 0.826590061668, 5.63193251101, 1.15549434833, 0.990910122695, 401.595087439, 0.92239781261, 1.15575854098, 1.22388897803, 2.35033336217, 1.27111709113, 17.7434616712, 1428.64984062
3.80823728683, 1.19156197283, 1.60515323761, 0.829022261171, 6.96629056213, 0.852889171566, 5.03630243318, 1.04277176933, 0.992251033544, 3.37794201107, 5.99161892098, 0.953879423622, 1.74053465589, 1.2575812074, 1.02697361393, 1.23274534671, 1.13136246169, 0.820227356331, 6.92490704137, 1.15274552639, 0.906475346491, 117.186189667, 0.847997830578, 5.24467146712, 1.14746319203, 2.93623175352, 1.16514985663, 19.3343563676, 775.093695744
3.80823728683, 1.19156197283, 1.60515323761, 0.829022261171, 6.96629056213, 0.951928327928, 5.03630243318, 1.04277176933, 0.992251033544, 3.37794201107, 5.99161892098, 0.953879423622, 1.74053465589, 1.2575812074, 1.05857334278, 1.23274534671, 1.13136246169, 0.820227356331, 6.92490704137, 1.15274552639, 0.906475346491, 117.186189667, 0.847997830578, 5.24467146712, 1.14746319203, 2.93623175352, 1.16514985663, 23.5722415075, 712.667675219
3.13512557991, 1.17951937854, 0.844980148541, 1.10547146091, 6.84380628476, 0.836725205146, 1.24573773086, 1.16746778447, 1.12629507234, 4.11360232896, 2.96607947359, 1.03706171296, 2.09218469056, 0.880378739241, 1.07021419415, 1.32461364133, 1.02048124315, 0.826590061668, 5.63193251101, 1.15549434833, 0.990910122695, 401.595087439, 0.92239781261, 1.15575854098, 1.22388897803, 2.35033336217, 1.27111709113, 14.2171466499, 4081.5806717
4.91597866388, 1.03156239436, 1.46946600742, 1.02221930948, 1.91150102326, 0.712116283702, 5.92013985554, 0.872790410696, 1.06314313135, 4.0728315531, 3.66135189369, 1.21100446721, 1.24710658147, 0.829844445081, 1.07334705853, 1.10676123852, 1.14300681545, 1.09565050191, 9.53964575199, 1.17165436451, 0.99850072391, 59.4376459908, 1.16733735031, 5.82236206092, 1.06026826207, 2.80218636899, 1.21660912933, 15.505246253, 3462.65944708
3.42979230023, 1.39113249163, 0.741552395952, 1.06424757933, 2.8578000838, 0.946811846913, 3.7669946256, 1.04733270956, 1.05840146006, 2.2417053608, 6.96311858644, 1.03853130735, 2.80911927522, 0.813379513236, 0.943444066573, 1.57789151569, 1.1052965156, 1.17432008246, 4.07770477802, 1.14753349511, 0.775492665576, 10.6485290298, 1.12232607199, 2.44136688341, 1.03946852991, 4.29721205418, 0.930029689677, 15.9870709641, 1985.08253861
4.28462948426, 1.05604853683, 0.944104626849, 0.946999835327, 2.80579186515, 0.85154112075, 3.48606094276, 0.948406133156, 1.02065730638, 4.96438116612, 4.59769165782, 0.85224993201, 2.54484346489, 0.876273879661, 1.03257443724, 1.57173285803, 1.09377645186, 1.06472161569, 3.42889285833, 0.926609063405, 0.790846701515, 173.277716813, 1.17837484211, 5.7231415764, 1.04800640946, 3.60190816327, 1.28231434887, 16.9107795542, 1819.78706776
1.05568181282, 1.42242930276, 1.485048391, 1.01681036336, 5.74486152603, 1.11915756701, 4.73091866324, 1.12433113813, 0.967850094385, 4.43053667457, 1.68169424714, 1.10691213838, 1.45360035301, 1.12353023169, 0.994766666395, 1.61141296005, 1.15894075193, 0.899523886592, 7.42941677018, 1.05362427792, 0.767904331029, 346.994819469, 1.11337763122, 3.29401327882, 1.23650007155, 2.11021965212, 0.9161158277, 18.150247361, 1580.46667575
5.31609137659, 1.25276601633, 0.760968250769, 1.01550777239, 6.09911399025, 0.840334658206, 5.14460381607, 0.931502077627, 0.940027797766, 2.21860458051, 7.71459313565, 1.1555130786, 3.4112254215, 0.876273879661, 0.974964421278, 1.57173285803, 1.11650067222, 1.06472161569, 4.52857891199, 1.07507434428, 0.857359503606, 176.843446067, 1.13156299552, 5.98323527036, 1.00858362132, 3.801589328, 1.01814940777, 20.8788307488, 1074.48814367
5.917055729, 1.33095989957, 0.759446972562, 0.981963229121, 5.07316527392, 0.769724661074, 3.46715128797, 0.899694072502, 0.989502654855, 5.76056910163, 6.8446802695, 1.17204996191, 3.14737977722, 1.00443968397, 1.06999223505, 1.01343579797, 1.14815328417, 1.01445763304, 9.50627756064, 1.15269692229, 0.903477219624, 203.984749658, 1.14574535158, 4.010627584, 1.10875919308, 5.11368985744, 1.0611141615, 20.274315064, 1184.68709373
3.80823728683, 1.19156197283, 1.60515323761, 0.829022261171, 6.96629056213, 0.852889171566, 5.03630243318, 1.04277176933, 0.992251033544, 2.20644445873, 5.99161892098, 0.956461966741, 1.74053465589, 0.880378739241, 1.02697361393, 1.23274534671, 1.13136246169, 0.820227356331, 6.92490704137, 1.15274552639, 0.906475346491, 117.186189667, 0.847997830578, 5.24467146712, 1.14746319203, 2.54474107957, 1.16514985663, 23.3682237374, 779.166484607
1.7093238545, 1.13987738263, 1.20320033508, 1.08881869967, 5.28636003027, 1.16802710963, 1.30005005195, 1.24407848363, 1.12364302138, 5.31138255584, 6.73855883889, 1.09253708485, 1.452372698, 0.844830621509, 0.948089064088, 1.56412472956, 1.10403164893, 0.869549522632, 7.85568462863, 1.15692439877, 0.958641424014, 10.1811866707, 0.864934727599, 5.16913706094, 1.06971217698, 4.53024558333, 0.930641127322, 21.0740260147, 956.050576078
2.58135547313, 1.05004376339, 1.09331181014, 1.013416393, 6.31831306506, 0.856564980471, 5.7883330576, 0.964581765044, 1.11980582192, 5.31145904797, 5.23680305057, 1.15234525945, 2.09314239734, 0.953314024995, 0.993997478841, 1.2430910212, 1.03898619168, 1.03955259036, 4.40236247472, 1.16665629098, 0.838222231903, 410.609893441, 1.17531726478, 3.9228125579, 1.01014280679, 3.15993770218, 1.02910035659, 19.5885969481, 1233.37467342
5.3206482711, 1.35045948665, 1.2863174337, 0.837320409266, 4.88710702761, 1.01924366451, 1.78071573722, 1.09600359594, 1.01139314997, 3.99269584956, 1.97122142972, 0.871274086243, 3.77206096613, 1.23802062595, 1.05501802028, 1.33095293353, 1.01843945117, 0.970024734866, 9.26443516141, 0.932910010336, 0.804499946542, 186.188058449, 0.983199053276, 5.48474236393, 1.09996855842, 5.30977168937, 1.04848410739, 15.8950945396, 5104.43818796
2.17379174617, 1.23899113335, 1.00364390947, 0.853735667379, 5.30213161446, 0.720264280033, 1.14921307847, 1.2286176748, 1.02628449176, 2.49714976856, 4.99519407375, 1.03346976492, 2.2893201283, 1.220044948, 0.8240445646, 1.17077611433, 1.15900032915, 0.931597997388, 3.39853113421, 0.973747016497, 0.906826127338, 155.940039511, 1.12493669232, 3.9228125579, 1.22462184216, 5.02921950064, 1.29766491177, 25.8066179577, 791.144784742
5.31609137659, 1.17103146402, 0.760968250769, 1.01550777239, 6.09911399025, 0.840334658206, 5.14460381607, 0.931502077627, 0.940027797766, 2.21860458051, 7.71459313565, 1.1555130786, 1.28690680036, 0.876273879661, 0.974964421278, 1.57173285803, 1.03590335067, 1.06472161569, 4.52857891199, 1.07507434428, 0.857359503606, 176.843446067, 1.05843303328, 5.98323527036, 1.00858362132, 3.801589328, 1.01814940777, 16.3567179065, 2765.38366849
3.42979230023, 1.39113249163, 1.58118858665, 1.06424757933, 2.8578000838, 1.13062788335, 2.46854719055, 1.04733270956, 1.05840146006, 2.2417053608, 6.96311858644, 0.915950399152, 2.80911927522, 1.17863068912, 0.943444066573, 1.57789151569, 1.1052965156, 1.17432008246, 4.07770477802, 1.1262856416, 0.775492665576, 10.6485290298, 1.12232607199, 2.44136688341, 1.03946852991, 4.29721205418, 0.907655467563, 16.3058733036, 4643.37802897
5.917055729, 1.33095989957, 0.759446972562, 0.981963229121, 5.07316527392, 0.769724661074, 3.46715128797, 0.899694072502, 0.989502654855, 5.76056910163, 6.8446802695, 1.17204996191, 4.31051114664, 1.00443968397, 1.06999223505, 1.01343579797, 1.14815328417, 1.01445763304, 9.50627756064, 1.15269692229, 0.903477219624, 284.36298004, 1.14574535158, 4.010627584, 1.10875919308, 5.11368985744, 1.02910035659, 17.4947203606, 1938.60400313
2.03402719017, 1.11732458856, 1.56001365403, 1.2180934974, 6.97409302983, 0.881733879429, 4.74431006209, 1.03154558332, 1.00129445617, 4.22101670055, 2.614698304, 1.04369452757, 3.70209809395, 0.924767098146, 0.844567472143, 1.56951426021, 1.03939867546, 0.961928615649, 4.69987261292, 1.18702514217, 0.877895316397, 363.005432667, 0.911881104576, 2.46797773785, 1.22250686507, 3.23707915907, 0.901128068086, 19.4542307627, 1603.89629398
4.71482482127, 1.17951937854, 0.844980148541, 1.10547146091, 2.34340995556, 1.04372965314, 1.24573773086, 1.16746778447, 1.12629507234, 4.11360232896, 2.96607947359, 1.03706171296, 2.09218469056, 0.880378739241, 1.07595140114, 1.33781621093, 1.02048124315, 0.943085479516, 5.63193251101, 1.15549434833, 0.990910122695, 401.595087439, 0.92239781261, 1.15575854098, 1.22388897803, 2.35033336217, 1.27111709113, 22.8757147266, 1161.23030974
2.58135547313, 1.05004376339, 1.09331181014, 1.013416393, 5.811612847, 0.856564980471, 5.7883330576, 0.964581765044, 1.11980582192, 5.31145904797, 5.23680305057, 1.15234525945, 2.09314239734, 0.953314024995, 0.993997478841, 1.2430910212, 1.03898619168, 1.03955259036, 4.40236247472, 1.07931601483, 0.838222231903, 407.287881296, 1.17531726478, 3.9228125579, 1.01014280679, 3.15993770218, 0.93950443196, 18.5936554044, 1859.7370617
4.20080996291, 1.35509124725, 1.70628573951, 0.950491063871, 2.29870738822, 1.09239739019, 3.18540705818, 0.938786076805, 1.07219121406, 5.18784265495, 7.07927028508, 1.04853171981, 4.80709055667, 0.821266300694, 0.780626650052, 1.33723293546, 1.06802742883, 1.2282998713, 7.6227546523, 0.910783052487, 0.784485204212, 118.445707233, 1.01101626543, 1.82039419821, 0.992595864409, 5.42486295035, 0.958899819555, 24.6486556253, 966.025716585
