5.78562396509, 1.1288091104, 1.46880792537, 1.00000044658, 6.8053782289, 1.0318967728, 1.59354543751, 1.26000044157, 1.00000040794, 5.44409874122, 5.4285702623, 1.0051247629, 3.53508401557, 1.00277340776, 1.03622800385, 1.00064052318, 1.00954136722, 0.948135389089, 9.38962052065, 1.00000005206, 1.00000092257, 106.35119831, 0.980144655957, 5.59929533813, 1.01106680311, 3.88760205811, 0.87000037596, 1498.62705286, 34.4862154905
3.95244428142, 1.09061973706, 1.54723899509, 1.00000084901, 5.3587645411, 1.17436621295, 1.43422223138, 1.26000088902, 1.00000004291, 5.53916873086, 4.35539983062, 1.01381409278, 3.74329120158, 1.0020863135, 1.02133097779, 1.21091883921, 1.09308958793, 0.969015737466, 8.12827645285, 1.00000077948, 1.00000056727, 91.0277449792, 1.01788882493, 5.63501945451, 1.06213157438, 3.46996354722, 0.870000674087, 2908.79906674, 56.7116134583
5.76559187853, 1.29280026438, 1.48986503218, 1.00000096659, 5.21513653311, 1.04297030327, 1.72746672473, 1.2600001134, 1.00000012997, 6.1410368109, 5.81621788585, 1.04322691422, 3.40650361446, 1.0283443298, 1.04043382622, 1.05725994977, 1.04940093557, 0.947254613957, 6.58260434477, 1.00000083908, 1.00000037688, 111.517883189, 1.02673902523, 5.01879211466, 1.04378228276, 3.37046473825, 0.870000096569, 6896.73982117, 37.41483494
5.4165870666, 1.06942848562, 1.7198996571, 1.00000098598, 4.39100133188, 1.06313381409, 2.49577859566, 1.2600006334, 1.00000030308, 5.92209829569, 3.59787380665, 1.0373134551, 1.04950128384, 1.03949335311, 1.04574095505, 1.10016936832, 1.06899240197, 0.944825232805, 8.5595566223, 1.00000062132, 1.00000095344, 121.854623535, 1.00858017272, 5.74862585577, 1.05022979762, 3.44987278125, 0.870000238797, 2035.86584886, 31.2500562705
5.89853306961, 1.1948751241, 1.60335588088, 1.00000062681, 5.42213887141, 1.18256372995, 3.00031148932, 1.26000051677, 1.00000073781, 5.13739592862, 3.93412269018, 1.03349171136, 3.46402355653, 1.01261105403, 1.02796883383, 1.51425121485, 1.06507478224, 0.935333211536, 8.13460181434, 1.00000005958, 1.00000088721, 124.645550015, 0.9893780845, 5.62268586408, 1.05454490033, 4.33367991662, 0.870000519403, 1160.14465225, 31.9750243463
1.9300676612, 1.17773341822, 1.63962436079, 1.00000084678, 6.26452881409, 1.11540187057, 1.42267272434, 1.26000042367, 1.00000013016, 5.83405233636, 6.30682159881, 1.00645737175, 3.64779530124, 1.01009837841, 1.05443300595, 1.3869240091, 1.12199784832, 1.0089727831, 6.43036125793, 1.00000026316, 1.00000036844, 116.593902297, 1.04275816919, 4.89987720566, 0.951855786366, 3.58647194372, 0.870000388859, 633.420733811, 29.2478766626
5.02484334787, 1.22145839557, 1.68007649465, 1.00000035313, 6.18473525931, 1.10326638056, 2.58038780991, 1.26000043533, 1.00000039913, 5.24483695635, 6.56217601006, 1.04966339669, 3.88701599788, 1.01973998973, 1.02360576289, 1.07267894702, 1.15655776546, 0.91983657272, 6.2179124637, 1.0000001087, 1.00000095927, 116.524733257, 1.053156343, 2.95010691526, 0.968526621703, 4.172158088, 0.870000099903, 1892.51416308, 25.9997270621
5.23842303074, 1.24934771106, 1.58364970914, 1.00000083352, 5.34443645814, 1.06310564035, 1.12365106765, 1.26000074871, 1.00000009179, 5.50918403912, 5.11805025439, 1.00592789341, 1.59267956942, 1.01348735171, 1.00218748803, 1.29711739513, 1.14092010499, 0.992294990448, 8.07002009219, 1.0000008938, 1.00000010277, 110.846688282, 1.01446268778, 4.01546723386, 1.02060701859, 4.27673806545, 0.870000190643, 218.752117279, 18.7317061164
3.52266154559, 1.02586365955, 1.63235829094, 1.00000028792, 4.60955677689, 1.07359831626, 1.13236345149, 1.26000085038, 1.00000075532, 5.07751696661, 5.47101600629, 1.03216331592, 3.5463534694, 1.00004701871, 1.00413903564, 1.04928700966, 1.04715737806, 1.08027446291, 8.45226897542, 1.00000094237, 1.0000004506, 78.5585137994, 1.00534887958, 4.6789317253, 1.06605006256, 3.88012076768, 0.870000481677, 1328.13146665, 24.1038997476
4.40862013359, 1.23277533223, 1.67034127467, 1.00000070236, 4.92799108141, 1.03030059995, 1.51275165014, 1.26000011868, 1.00000068801, 5.34917248782, 6.30637939001, 1.0511735453, 2.70148636757, 1.03379517561, 1.03464676138, 1.00614788089, 1.13245102487, 0.973914295762, 5.99899333387, 1.00000008974, 1.00000082558, 121.269009896, 1.04798783448, 4.86949090701, 1.06145863865, 3.3964930847, 0.870000465662, 1394.5576314, 47.8480185206
4.58715870588, 1.33615402941, 1.54989864498, 1.00000059488, 4.60938820068, 1.03214040071, 2.75632261753, 1.26000062128, 1.00000065303, 6.05428427042, 5.55700466185, 1.01196856688, 1.74772541216, 1.04816005619, 1.04041955067, 1.22011064696, 1.10562526683, 0.948899783347, 9.84186818779, 1.00000091345, 1.00000053796, 119.937635776, 1.06763999239, 4.5861370721, 1.03354845882, 4.11710141382, 0.87000090231, 959.626761082, 39.6261939071
4.94535050458, 1.14385675736, 1.6782057463, 1.00000010857, 4.85080517374, 1.10974581765, 3.60023420973, 1.26000054557, 1.00000048676, 5.87808508164, 3.45219472732, 1.00641567698, 3.18391441841, 1.06779797793, 1.04656584049, 1.44290341198, 1.11098852595, 0.933279586261, 9.92663751397, 1.00000024703, 1.00000018914, 124.079616582, 0.949469233633, 3.20562596195, 1.00278730773, 3.72845808922, 0.870000997007, 3377.88959519, 30.4565808287
4.03934718229, 1.14959007059, 1.68711408796, 1.00000049992, 5.99007213382, 1.08803298554, 2.22460322419, 1.26000059964, 1.00000099766, 6.12964246685, 5.7971124942, 1.03517449811, 2.96030369638, 1.02135707931, 1.02654842008, 1.02240583126, 1.00378012245, 1.05853821898, 6.72752411545, 1.00000015879, 1.000000374, 108.97618676, 1.07428107914, 3.40256785481, 1.03930725426, 3.47140533095, 0.870000492048, 3532.60842962, 64.4082488575
4.6266360473, 1.39245676988, 1.6653805816, 1.00000097923, 4.99685865129, 1.00692040011, 1.56345354638, 1.26000068012, 1.00000040547, 5.82182346979, 4.32292697147, 1.00281826393, 1.07165373777, 1.0100309633, 1.04151325009, 1.62026022047, 1.10905757685, 1.05231574767, 5.75996281658, 1.00000073831, 1.00000014774, 113.119769256, 1.07733343052, 4.76051895608, 1.05583419187, 3.4718636427, 0.870000512534, 1595.75449692, 23.8221608736
5.10683374543, 1.38561900322, 1.68520256156, 1.0000002374, 5.23826415475, 1.09764240294, 1.93818717547, 1.26000099756, 1.00000055951, 5.48404446384, 3.2651894671, 1.00310694032, 2.78801810412, 1.02888037708, 1.05238957176, 1.01313240754, 1.02842768458, 0.952386882617, 4.93035472085, 1.00000044061, 1.00000026403, 101.436118638, 1.08705556741, 1.47260688866, 1.01642830857, 3.72936923856, 0.870000395552, 1162.54691809, 44.4527402492
2.15659479714, 1.08680384492, 1.68769568431, 1.00000095465, 5.17445797921, 1.0855100869, 1.17856223335, 1.26000056284, 1.00000049317, 6.17227768584, 4.29746105914, 1.03038537972, 3.07630311601, 1.06123680227, 1.00397267946, 1.0271256459, 1.07516791228, 0.97004535906, 8.00716545453, 1.00000048365, 1.00000074578, 107.982581519, 0.967287445875, 3.43661827988, 1.02666476221, 3.49770560308, 0.870000775583, 1076.64209652, 31.7014084842
2.18477873945, 1.0854358108, 1.71643682001, 1.00000066005, 6.03034235653, 1.03863353351, 1.1528375747, 1.26000053342, 1.00000028371, 5.78563871269, 6.58165593497, 1.02897916335, 2.50421102187, 1.10780787054, 1.01069100114, 1.17799314234, 1.10041189874, 0.998886539348, 7.93511146658, 1.00000013053, 1.00000053238, 124.438106289, 0.965113075233, 5.46562742714, 0.994027421071, 3.77244020916, 0.870000365408, 2885.01369554, 44.6212867731
3.36000962458, 1.3147173065, 1.50611095062, 1.00000078262, 5.52921726854, 1.03577833651, 1.41149889829, 1.26000044441, 1.00000048952, 5.60002324561, 4.39701378126, 1.04375973832, 2.76966561479, 1.05618921527, 1.00950686376, 1.17209595124, 1.02591857478, 1.05551673787, 7.46812655726, 1.00000092836, 1.00000077612, 118.710839281, 1.07168422401, 4.11074457906, 1.01956021482, 3.46911171438, 0.870000023943, 5991.85618092, 37.7435227224
5.37234328406, 1.38118056518, 1.67372023896, 1.00000059509, 5.3789352633, 1.07771369878, 2.62796716028, 1.26000084527, 1.00000001101, 5.69598546288, 7.55317541015, 1.00000205788, 2.89338246748, 1.04721415494, 1.07206991486, 1.10646377806, 1.11341073186, 0.910065685547, 5.84815053979, 1.00000071431, 1.00000048622, 116.795468688, 1.07016223938, 4.33114027774, 1.05484997883, 4.31298273197, 0.870000721906, 2200.72855411, 27.5949196968
1.80994423738, 1.29588896882, 1.55382567984, 1.00000017951, 5.84558176457, 1.1096621015, 1.49917030919, 1.26000095358, 1.00000030727, 5.31204938749, 7.68886155137, 1.00005209511, 4.02164950205, 1.02414568723, 1.02332660284, 1.33770767235, 1.14110017163, 0.960776261729, 6.78413931736, 1.0000009415, 1.0000005732, 109.510524359, 0.999681019592, 4.00933723183, 0.983628716994, 4.27469542618, 0.870000443042, 3139.7388759, 34.8681437859
5.64194805797, 1.07560725627, 1.72450313881, 1.00000041533, 6.54642004378, 1.15371063159, 4.07200096974, 1.26000009489, 1.00000003664, 5.70938254406, 7.58744586856, 1.01229643711, 3.73165773174, 1.11838786654, 1.02111294871, 1.00649660845, 1.01376623101, 0.990611160498, 9.94128504823, 1.00000014441, 1.00000002003, 113.338570009, 1.03741447188, 4.98580714883, 1.03212891486, 4.3076752096, 0.870000628147, 2752.51646236, 29.7441587043
5.49512079464, 1.33740484335, 1.69407244472, 1.00000066647, 5.19145779748, 1.15913604265, 1.1603024168, 1.26000085095, 1.00000016344, 5.64866074613, 6.04047054364, 1.01233353564, 3.2274432156, 1.01470069297, 1.02491794551, 1.13612205316, 1.1444458607, 1.10851248881, 9.96002369887, 1.00000011706, 1.00000091445, 116.702657528, 0.990915095493, 3.42456662112, 1.01384883762, 4.15462113192, 0.870000912522, 680.461331198, 19.2414610612
5.98359704255, 1.27140794804, 1.73569204565, 1.00000084609, 4.41607696561, 1.11033425385, 2.03950938475, 1.26000069999, 1.00000028963, 5.66540140904, 5.8038339743, 1.06045450064, 2.85886368405, 1.00901375138, 1.03821731883, 1.29267976493, 1.16676872618, 1.05491517741, 7.61141981565, 1.00000090947, 1.00000072395, 116.409353968, 1.08316164859, 4.80697872072, 1.06204218709, 4.16546101897, 0.870000954471, 2276.36290228, 39.4291507592
5.65822759912, 1.39908617946, 1.54051847567, 1.00000077539, 4.34318586628, 1.12630878473, 3.84210898, 1.2600009445, 1.00000025749, 5.03835638681, 3.41514397089, 1.03920951452, 1.99777843586, 1.00224612262, 1.04960028838, 1.59740505369, 1.14428541168, 1.06287787512, 9.36834865849, 1.00000020256, 1.00000075966, 115.468288688, 1.02620186831, 5.4348866281, 1.045319781, 3.74687868406, 0.870000284475, 2007.70018401, 26.1182506992
4.39722395812, 1.07185103222, 1.64927142976, 1.00000029777, 4.71159062415, 1.08934311664, 2.66717744848, 1.26000099315, 1.00000088145, 5.99358676755, 7.02171791483, 1.00760512181, 3.58561376254, 1.09544480766, 1.03507640467, 1.16812766005, 1.13277275321, 0.955978006968, 8.81892986352, 1.00000093328, 1.00000068586, 116.852383217, 0.949254034138, 4.4175862818, 1.05242110672, 3.75825154412, 0.870000796089, 615.018047665, 17.7882359159
5.25656760875, 1.26554382065, 1.50279330177, 1.00000086239, 5.29996735564, 1.14653473907, 3.41612650195, 1.26000010061, 1.00000082932, 5.20117751494, 3.70881750247, 1.01303018021, 4.00911040179, 1.0673309202, 1.01270473591, 1.61642893168, 1.05589452287, 1.06572332119, 8.44207079941, 1.00000096768, 1.00000084856, 122.449021938, 0.952194539688, 4.98330445818, 1.03684311889, 3.7103923081, 0.87000031464, 2120.83996052, 26.8540956654
4.55261715532, 1.31082347061, 1.63839123527, 1.00000007503, 4.91192667751, 1.18558066344, 1.90903156697, 1.26000025471, 1.00000042986, 5.55176647138, 3.69513393822, 1.06609628446, 3.99213183671, 1.08012115946, 1.01371417173, 1.39199385376, 1.02118788963, 1.10352414292, 7.14538499602, 1.00000006225, 1.00000018891, 113.938731156, 1.0840729365, 5.64597172994, 1.00199988426, 3.33347345549, 0.870000604761, 825.665101589, 22.7682163819
4.00380385431, 1.31791359226, 1.63655616054, 1.00000008254, 4.86695451583, 1.00133051229, 2.41138209021, 1.26000059111, 1.00000062515, 5.20596455635, 6.65989824127, 1.01053198526, 2.08579409146, 1.01261798999, 1.02647527197, 1.01884605866, 1.14174660968, 1.08393691089, 4.46764498532, 1.00000010275, 1.0000003351, 120.302172286, 1.06523621701, 5.35316804176, 1.02463673312, 3.82636122391, 0.870000642994, 1117.62049714, 30.2805929533
1.66483337567, 1.04706666229, 1.43118002023, 1.00000051795, 4.50552386742, 1.03028154881, 1.31906197441, 1.26000073454, 1.00000033569, 5.67010154792, 4.81077684859, 1.01004638354, 1.33748516117, 1.0859958173, 1.01823262391, 1.07833313608, 1.04528495124, 1.03246734894, 8.68142138155, 1.00000057717, 1.0000005884, 120.710693217, 1.07823014448, 4.82134653753, 1.03893143226, 3.99961927529, 0.870000932829, 1626.19984307, 29.1319833511
3.74571994236, 1.37371794585, 1.68699884098, 1.00000009368, 5.10113087154, 1.09380898906, 1.82001449146, 1.26000059886, 1.00000014379, 5.36796639815, 4.17210466869, 1.01851822039, 2.10389935866, 1.05485499464, 1.05428352371, 1.50198498873, 1.02233224096, 0.975685710181, 4.91405159957, 1.00000053808, 1.00000094086, 117.507253897, 1.02435542774, 2.63114454724, 1.00333321655, 3.86557631487, 0.870000759601, 2302.75261307, 28.3964162132
1.83741935135, 1.27842222725, 1.6787717831, 1.0000003712, 5.6409965776, 1.02370210575, 2.21589128731, 1.26000024053, 1.00000014242, 5.96413618317, 4.75810644864, 1.01149857009, 3.8963689195, 1.1029703716, 1.01420332939, 1.0326213419, 1.02529191398, 1.10493782918, 8.65302223206, 1.00000026551, 1.00000044442, 116.130637372, 1.08869752797, 5.49323706656, 0.998745630241, 3.77973369414, 0.870000945341, 208.366297218, 27.0193527143
5.06813876271, 1.38576593389, 1.72242343747, 1.00000050482, 5.77199584139, 1.06034057124, 1.41739576243, 1.26000027824, 1.00000067323, 5.25257586777, 4.65380763488, 1.02329757503, 2.40912991268, 1.09376991345, 1.01644067636, 1.09576784478, 1.12918218063, 1.07867268528, 7.92112366558, 1.00000065762, 1.00000024008, 115.891510784, 1.00584585162, 4.36634202394, 1.06158895999, 3.90733713376, 0.870000992271, 359.689699821, 16.2143727773
3.84785731712, 1.11236737106, 1.68466240357, 1.0000002105, 4.43607952872, 1.0534969921, 1.2762790114, 1.26000047981, 1.00000034857, 5.61300997086, 6.46363391474, 1.02122949543, 3.62918063424, 1.09681056186, 1.05500539737, 1.14658564849, 1.04664222132, 1.02160228737, 3.61055878962, 1.00000063392, 1.00000006254, 112.417363601, 0.956071294528, 5.69041582373, 1.05243931235, 3.93875070818, 0.870000940879, 946.196289914, 23.384040497
3.58652321099, 1.25312843529, 1.56717196401, 1.00000072996, 6.89763793673, 1.15126225769, 2.56743730194, 1.26000000103, 1.00000052614, 5.40422441426, 3.95749147551, 1.01954145216, 3.87180777048, 1.02618099861, 1.02470364524, 1.18749378623, 1.14496508121, 1.10064314062, 8.54273131736, 1.00000072241, 1.00000046245, 114.186421318, 1.01669865577, 1.92595682021, 1.06527854078, 3.68967582094, 0.87000029311, 1544.35714225, 24.8150617526
2.95725409836, 1.11337293796, 1.67154860791, 1.00000031171, 4.82067595972, 1.17787323328, 2.82770294706, 1.26000066456, 1.00000045568, 5.5520585167, 4.96442999948, 1.02535289529, 3.30610377299, 1.03061891457, 1.00830706756, 1.0120092277, 1.03537706173, 1.00436185594, 8.06439917755, 1.00000054505, 1.00000061089, 84.8325694521, 1.0036739706, 3.0024120462, 1.04748810825, 3.69580046376, 0.870000597594, 2934.71387821, 35.4132290627
4.83903146481, 1.25349099144, 1.4017969347, 1.00000054473, 5.32407542895, 1.11651021242, 3.02217558483, 1.26000077203, 1.00000066838, 5.34946580347, 7.28143695966, 1.03493808538, 3.08277042513, 1.08927842793, 1.01231446247, 1.13424857386, 1.01337157671, 1.05715253733, 7.76171419408, 1.00000090015, 1.00000098214, 113.376879661, 1.05629235605, 5.48035764877, 1.06887050597, 3.69060852227, 0.870000370743, 414.106905633, 23.0906940656
4.00567278371, 1.21571946383, 1.72033973799, 1.00000041966, 4.2401203189, 1.15575592997, 1.53917238739, 1.26000075849, 1.00000013392, 5.48804773522, 4.71397080712, 1.00595092737, 2.49593321395, 1.01713829583, 1.00802594905, 1.00830320639, 1.00698690194, 1.09306751435, 9.67520722244, 1.00000001774, 1.00000063057, 107.17452285, 1.06398693239, 3.22199952463, 1.04517614413, 3.4586238926, 0.870000038742, 1133.86932318, 43.9830621892
2.55537989234, 1.12964473699, 1.62789745775, 1.00000091127, 4.33348266323, 1.14429365862, 2.30274199098, 1.26000030014, 1.00000075446, 5.63558087799, 4.18363781854, 1.03232217662, 1.38805725272, 1.00702468887, 1.00717274916, 1.15860818345, 1.01681619663, 1.01479972392, 6.23650562597, 1.00000079862, 1.00000031331, 104.530601366, 1.0755309551, 3.12856430184, 1.06440417342, 3.63223318275, 0.870000968978, 303.343125781, 29.129122068
2.16501234515, 1.23416738109, 1.57139645827, 1.00000047121, 4.47801004366, 1.14305635918, 1.38616948932, 1.26000064015, 1.00000078129, 5.9740839786, 3.70010578598, 1.04953473099, 3.38937159797, 1.01375445516, 1.02072715129, 1.40121511822, 1.16217831521, 1.08429385615, 7.13524215558, 1.00000072574, 1.00000012951, 119.730036037, 1.04463220987, 4.30620379583, 1.05926739639, 3.55742699563, 0.87000072903, 17360.9164467, 52.3053654907
5.10956670391, 1.41827339194, 1.50956242309, 1.00000028872, 6.67259956277, 1.02284575835, 2.60168915301, 1.26000059998, 1.00000012217, 5.1875406241, 6.40172424943, 1.0397573474, 3.4373843112, 1.0901266985, 1.00835835828, 1.08865543591, 1.16763110716, 1.02500153245, 6.34798052465, 1.00000006339, 1.00000093538, 122.974519165, 0.949595777228, 2.40222627416, 1.05452345507, 4.3565136676, 0.870000749294, 714.117741942, 18.6167048682
4.12497352557, 1.37027415719, 1.55030067666, 1.0000008696, 4.84151379901, 1.15306279824, 1.06791513887, 1.26000040457, 1.00000068786, 5.87959398539, 3.33760374105, 1.05622431622, 3.42575189242, 1.09528928839, 1.02892034415, 1.14627745363, 1.08399762246, 1.08384112269, 9.42685263668, 1.00000073009, 1.00000047763, 105.184213796, 1.03801438813, 2.907923157, 1.05387827492, 3.62958527367, 0.870000296279, 136.108324095, 13.5063775126
1.63281216321, 1.05310775301, 1.67387721485, 1.00000035346, 4.33672193477, 1.16280883956, 1.72034983481, 1.26000044174, 1.00000010468, 5.89298140987, 4.59283131036, 1.03489205722, 3.01329457204, 1.09253671661, 1.00241946155, 1.07107524687, 1.12141723182, 1.01462913415, 9.07976572012, 1.00000029487, 1.00000005273, 118.972356767, 0.991379190705, 5.60193269807, 1.0566753331, 3.88789091219, 0.870000359476, 2943.93848057, 27.6238109867
2.58453407948, 1.22492109468, 1.57557245376, 1.00000051678, 4.63826859571, 1.0668786342, 2.48853633568, 1.26000012892, 1.0000006838, 5.18675915115, 6.44651175051, 1.06712607143, 3.08668553671, 1.07765494811, 1.02609927802, 1.06484498681, 1.03172532606, 1.09085152703, 8.06603300346, 1.00000032718, 1.00000030239, 119.166899665, 0.979085363267, 5.11909237907, 1.0407699771, 3.55641297975, 0.870000822602, 4124.05174152, 59.5841836732
4.32913000885, 1.07471218819, 1.72428995083, 1.00000009174, 5.25324113599, 1.09615071833, 3.83999136544, 1.26000005443, 1.00000046549, 5.42894534195, 5.81117812261, 1.06226070483, 2.39532597894, 1.10866744656, 1.00069954919, 1.24328415847, 1.13179648954, 1.10557994324, 9.2694500616, 1.00000082332, 1.00000090683, 113.919521267, 1.05986454729, 4.36785561106, 1.03377995837, 3.73016768405, 0.87000068492, 1531.68128996, 35.5305396551
4.33507101542, 1.0803381772, 1.69819571102, 1.00000008862, 5.48594688549, 1.09306862036, 2.49788652841, 1.26000095091, 1.0000000967, 5.89278607199, 7.22738977679, 1.07545915386, 3.95930538158, 1.03088411798, 1.02552398753, 1.17715362748, 1.15562192454, 1.05694802825, 3.37343218154, 1.0000008254, 1.00000076301, 124.805671545, 1.00360194639, 2.11308506037, 1.05651793267, 3.71954686476, 0.870000956981, 967.889411701, 25.298544588
4.38774838512, 1.39615131879, 1.55769461088, 1.00000092783, 5.45193958935, 1.16942156367, 4.01948517775, 1.26000019053, 1.00000052573, 5.21161008427, 5.44235410067, 1.00062318238, 4.04316003749, 1.11968032989, 1.01452492846, 1.43989402527, 1.0393232795, 1.03945571761, 8.72310515101, 1.00000082704, 1.00000028897, 123.506132593, 0.984838627542, 5.87242844857, 1.03628254825, 4.15842589143, 0.870000529562, 3017.86602649, 31.1123426931
1.17436894236, 1.42103469527, 1.68411803592, 1.00000014785, 4.7206202719, 1.03407928444, 1.46657385421, 1.26000046829, 1.00000023551, 5.00068808983, 6.46219760638, 1.04673038943, 3.08027838967, 1.08493090649, 1.05027625478, 1.01954956669, 1.13086585785, 1.04559116983, 5.92921892565, 1.00000001559, 1.00000014232, 120.96990786, 1.03503628805, 4.39723795772, 0.952697337556, 3.85020540135, 0.870000783714, 887.39843243, 28.9224760993
3.41574762929, 1.37075828696, 1.62186819509, 1.00000003799, 4.62405836558, 1.05000764639, 1.12013409188, 1.26000073848, 1.00000064334, 5.24640412413, 4.13978385568, 1.01256604887, 3.66920373368, 1.09797689191, 1.01822626632, 1.15075116557, 1.00914262966, 1.10293593455, 4.9157106519, 1.00000016304, 1.00000096953, 91.7048796402, 1.08795741379, 2.30007319892, 1.03902118501, 3.95849924573, 0.870000559007, 5497.40566594, 35.437366686
2.21618718164, 1.18639809645, 1.63766917746, 1.00000046641, 6.51626582717, 1.11692954946, 2.31674197626, 1.2600007649, 1.00000023168, 5.16721599718, 4.97644180712, 1.01828911746, 3.24971724305, 1.03906784369, 1.01913558815, 1.37835816325, 1.08814408437, 1.06459085715, 4.21307628609, 1.00000038652, 1.0000008971, 121.221467976, 0.972321776269, 1.38942583388, 1.04123549943, 3.7921114513, 0.870000214875, 5537.28488556, 33.0563826864
2.50549975678, 1.41529791249, 1.52638761303, 1.00000078642, 5.50913473966, 1.15031726043, 1.10474650956, 1.26000083438, 1.00000042438, 5.77987582498, 6.08783343939, 1.07998474313, 3.01602524962, 1.04912586952, 1.06389817713, 1.08481120499, 1.04237067429, 1.05585292877, 8.18339478536, 1.0000009763, 1.00000094193, 120.714136167, 1.03485251363, 1.15253305968, 1.06540268866, 3.48962142645, 0.870000773355, 6119.28058928, 38.9218189235
1.65350183618, 1.36229052208, 1.66775134721, 1.0000008049, 5.364541647, 1.15930303092, 1.2139172721, 1.26000057854, 1.0000007556, 5.13400499038, 3.48282063738, 1.02190475996, 3.42237298081, 1.10428078281, 1.01926328691, 1.03823827182, 1.11329297053, 1.08489776101, 9.2692532597, 1.00000081285, 1.0000003737, 116.275113889, 1.00191100798, 2.82633050737, 0.98128614447, 4.06588163197, 0.870000987295, 376.097465553, 15.7158847399
2.75626313224, 1.33286012054, 1.6797311185, 1.00000007368, 6.14616985702, 1.1107481665, 2.12273123552, 1.26000066859, 1.00000032608, 5.23027564672, 6.23410034155, 1.03073872844, 3.59123707678, 1.01934376367, 1.00267006441, 1.03814415876, 1.01222455717, 1.08569706389, 4.08959473936, 1.00000014932, 1.00000082163, 112.524024858, 1.05905909248, 1.30930412744, 1.04862219039, 4.11547351395, 0.870000898634, 2174.91884052, 26.9101316349
2.24938227973, 1.0637700338, 1.61668568406, 1.00000045347, 5.05054886041, 1.16065795962, 1.4662076144, 1.26000080171, 1.000000328, 5.29267295172, 4.44556635582, 1.0049870281, 3.59797360308, 1.05889471302, 1.00622056067, 1.53621937628, 1.09140029926, 1.10866092328, 6.19115536238, 1.00000074514, 1.00000062489, 123.310478765, 0.969031701074, 2.53014727741, 1.03904967176, 4.05664274453, 0.870000811478, 1921.82307906, 27.0016726825
3.52720363221, 1.13157429255, 1.73756319465, 1.00000045451, 5.37124073154, 1.16039026048, 3.18744067854, 1.26000083564, 1.0000009757, 5.78701442832, 6.22595521717, 1.03168841225, 1.46030270833, 1.07750710703, 1.07054252724, 1.07765379596, 1.04650327773, 1.04654445461, 8.50438019921, 1.00000046838, 1.00000042691, 124.365746025, 1.05713186608, 1.41807885206, 1.06671891602, 3.43666099514, 0.870000697524, 1807.74453096, 47.5564944953
5.63832207532, 1.32733686442, 1.6627474887, 1.00000047985, 4.81595415991, 1.09602403908, 4.23407059142, 1.2600001764, 1.00000074785, 6.16978247284, 6.49642331781, 1.07850148478, 3.13404347678, 1.10249792077, 1.05055375844, 1.02628485062, 1.04646279488, 1.06848878347, 6.06491090564, 1.00000031411, 1.00000099436, 122.848750714, 1.06267065183, 2.95874201606, 1.06969882936, 3.33871445153, 0.870000663955, 789.998636508, 28.9234780945
1.86274628214, 1.22298358505, 1.64300039426, 1.00000015802, 4.34761720046, 1.18626205469, 3.96022908277, 1.26000022202, 1.00000013796, 5.24936970457, 4.68119803028, 1.01380254651, 2.24681191487, 1.06673091628, 1.07866505054, 1.34785460727, 1.09252505409, 1.09838246426, 6.16109326215, 1.00000042667, 1.00000008958, 120.827760447, 0.96731124878, 4.03685958873, 1.02686715197, 3.38579341628, 0.870000255817, 3346.53431246, 34.7836649669
2.69618307137, 1.34466120789, 1.5173062657, 1.00000052727, 5.59772269856, 1.17171031098, 3.30147777103, 1.26000014148, 1.0000004295, 5.20503031928, 4.93955179619, 1.02013774377, 3.91377622044, 1.08212218193, 1.003424208, 1.00459750018, 1.04981054482, 1.07196048705, 6.06599878583, 1.00000046337, 1.00000097834, 122.021129486, 0.973605788284, 1.28342377709, 1.02119255841, 4.15493635447, 0.870000580662, 1149.81898221, 27.9583069262
1.27381279607, 1.2997049627, 1.53254075543, 1.00000089972, 4.70862046531, 1.11134714803, 5.41207495582, 1.2600008944, 1.00000011027, 5.30762545417, 6.98763862808, 1.0146815377, 3.13700995158, 1.10665671464, 1.01981598533, 1.0236167518, 1.03051526023, 1.10965400213, 6.15137345842, 1.00000002101, 1.00000039533, 119.927787597, 0.975267375855, 1.31226083825, 1.06926694462, 4.10885150423, 0.870000073851, 2036.29630885, 30.9957796209
