0.510627720783, 0.857394546744, 93.6963964187, 0.663330421494, 28.9300678735, 36.8896961665, 0.241089458422, 1.50884189246, 11.0892706607, 794.717498166, 0.488775828435
0.668090839804, 0.822385534326, 87.3755504864, 0.625094782643, 58.5464951273, 24.8476450699, 0.534118888601, 3.21368841021, 8.15007553508, 1212.11186544, 0.241204798608
0.13252104422, 0.837781170723, 80.2075212028, 0.60956508701, 0.634930173324, 45.4180819037, 0.30187538399, 0.481414475995, 8.02100524341, 1439.70263998, 0.00152682033906
0.277314189195, 0.874467189828, 90.6614407959, 0.686709651242, 58.5464951273, 12.2895940067, 0.261730202226, 1.80472318467, 14.0002131565, 1401.32648647, 0.190639242364
0.189035133116, 0.837781170723, 80.3246266459, 0.60956508701, 44.6322914819, 33.8092798541, 0.30187538399, 0.852890469136, 16.8376226228, 1039.56519632, 0.320416171191
0.863445615772, 0.843546995551, 81.4861781403, 0.664286516992, 13.7259376864, 45.0330295277, 0.842335119688, 2.40190148759, 4.34535872701, 903.626476282, 0.789393906602
0.670855790228, 0.822266182163, 85.9913990861, 0.602408553121, 84.6609836883, 46.3989645864, 0.312532673503, 4.09752031938, 7.45878677299, 1266.25059298, 0.634948353556
0.670855790228, 0.822270617055, 83.7540239156, 0.602408553121, 84.6609836883, 46.3989645864, 0.905387909008, 1.6362763603, 7.45878677299, 1335.55490961, 0.756621615851
0.206304100633, 0.904100458396, 85.133293966, 0.684756029204, 52.5823745807, 1.25170532937, 1.64517738259, 0.625879240781, 1.00921267849, 4919.51578953, 0.0125865068687
0.261503136777, 0.862316760164, 87.23068988, 0.430802770483, 66.7593056809, 1.25170532937, 0.765839423353, 4.01156946568, 6.38187684801, 1990.56461831, 0.0167487268221
0.206304100633, 0.868728935727, 80.5182899213, 0.41063660159, 10.0737983304, 4.49370137505, 0.642429903056, 2.32930727809, 6.63782730639, 3025.47925187, 0.0150838834627
0.189035133116, 1.09470299394, 91.5070004351, 0.664286516992, 52.5823745807, 1.25170532937, 1.36890570351, 0.625879240781, 4.70768856222, 9904.70775038, 0.0147912401694
0.189035133116, 0.837781170723, 80.3246266459, 0.60956508701, 44.6322914819, 45.4180819037, 0.30187538399, 0.852890469136, 16.8376226228, 1587.69957257, 0.23797470957
0.214539770805, 0.874467189828, 83.6318511991, 0.686709651242, 59.1804484376, 11.5181161022, 0.728828953518, 1.05684963849, 14.0002131565, 1866.7858123, 0.219753868687
0.871530823842, 0.82652655774, 84.066192802, 0.566066767956, 66.8883419059, 3.84514643769, 0.548139149499, 3.93233193904, 17.6357764703, 1958.55983309, 0.210034056975
0.198386333676, 1.09470299394, 88.2554675994, 0.689453623795, 52.5823745807, 1.25170532937, 0.906105149976, 0.625879240781, 7.26597645112, 4058.63487097, 0.0155053459733
0.206304100633, 0.904100458396, 85.133293966, 0.684756029204, 52.5823745807, 1.25170532937, 1.64517738259, 0.625879240781, 4.70768856222, 4521.51801304, 0.0156864796972
0.198386333676, 0.851163520842, 86.0264063987, 0.46641312185, 45.4167427693, 16.2966788946, 0.906105149976, 3.39388986565, 13.1177777178, 2112.29912294, 0.18667112004
0.294167059338, 0.84778623602, 91.2956659958, 0.555144652219, 51.4510436755, 1.89205972272, 0.0187578570901, 2.1247033422, 19.3117311556, 2405.19402651, 0.023274618412
0.285126491395, 0.858579432969, 80.6663656811, 0.686709651242, 59.7182509017, 5.13251041553, 0.651741738153, 1.65338682236, 14.023833949, 2136.91912368, 0.040774876771
0.285126491395, 0.83658857448, 80.0897182861, 0.46641312185, 59.7182509017, 1.23752415222, 0.36614851764, 0.357309713467, 3.70089694671, 2273.2041013, 0.0392621456387
0.778288698538, 0.868728935727, 80.5182899213, 0.416467142381, 10.0737983304, 4.49370137505, 0.642429903056, 2.32930727809, 6.63782730639, 1477.88387418, 0.296754153279
0.862316671436, 0.821308499815, 93.2353456497, 0.625094782643, 60.6140358697, 7.20549488354, 0.534118888601, 3.97979263114, 8.15007553508, 1532.00759793, 0.256054954721
0.140121412606, 0.837781170723, 80.3246266459, 0.60956508701, 0.634930173324, 49.2510333735, 0.30187538399, 0.481414475995, 8.02100524341, 1452.97214626, 0.32620908417
0.117942487838, 1.01325275875, 89.9307633936, 0.657045238474, 55.8295989117, 49.5782121431, 0.955342989387, 1.2035647438, 9.92738492042, 1961.78951337, 0.22013574137
0.261503136777, 0.862316760164, 87.23068988, 0.628153585312, 66.7593056809, 1.25170532937, 0.765839423353, 4.01156946568, 6.38187684801, 2737.44879598, 0.0272171565673
0.198386333676, 0.851163520842, 86.0264063987, 0.46641312185, 45.4167427693, 9.63002640847, 0.906105149976, 3.39388986565, 13.1177777178, 2193.38801313, 0.0907093919672
0.189035133116, 0.837781170723, 80.2075212028, 0.60956508701, 44.6322914819, 45.4180819037, 0.30187538399, 0.852890469136, 16.8376226228, 1828.81561712, 0.278808938
0.169073582673, 0.895369127939, 81.6608248337, 0.642750984394, 50.0414818641, 5.00167378559, 1.32260811622, 1.13684163007, 8.42289639631, 4278.15477138, 0.0201196403139
0.652971954817, 0.822270617055, 83.7540239156, 0.46641312185, 85.3606631009, 46.3989645864, 0.905387909008, 1.6362763603, 7.45878677299, 1486.2541696, 0.376330030693
0.478048436637, 0.832091179893, 88.0287592475, 0.586024865861, 10.2127535984, 11.8646716526, 0.081942348289, 3.01161631677, 10.6962943905, 2235.50118365, 0.120797796094
0.261503136777, 0.862316760164, 87.23068988, 0.628153585312, 40.8640439101, 12.5189818295, 0.765839423353, 4.01156946568, 6.38187684801, 2331.90082621, 0.0628538233175
0.206304100633, 0.970173922427, 85.133293966, 0.684756029204, 4.29249995695, 1.25170532937, 1.64517738259, 0.625879240781, 1.45509499519, 6269.58376353, 0.0196859322873
0.261503136777, 0.862316760164, 87.23068988, 0.628153585312, 40.8640439101, 1.25170532937, 0.765839423353, 4.01156946568, 7.26597645112, 3060.83535292, 0.027863930098
0.12699539069, 0.970173922427, 85.133293966, 0.684756029204, 4.29249995695, 1.25170532937, 1.64517738259, 0.625879240781, 1.45509499519, 5374.9798356, 0.0213241223117
0.245064425503, 0.846503542788, 81.8837526762, 0.66621623887, 78.5850176005, 5.00167378559, 1.32260811622, 1.65338682236, 8.42289639631, 3035.53674292, 0.0378109249311
0.863445615772, 0.822270617055, 81.4861781403, 0.664286516992, 21.0185247165, 45.0330295277, 0.842335119688, 2.40190148759, 4.34535872701, 1935.68932956, 0.299854132157
0.48207393567, 1.24615275853, 91.2956659958, 0.555144652219, 51.4510436755, 1.89205972272, 0.0187578570901, 2.1247033422, 19.3117311556, 16031.5749393, 0.0210572942198
0.862316671436, 0.822385534326, 87.3755504864, 0.625094782643, 58.5464951273, 24.8476450699, 0.534118888601, 3.97979263114, 8.15007553508, 1766.22014678, 0.415346092046
0.871530823842, 0.82652655774, 84.066192802, 0.566066767956, 66.8883419059, 16.7210151561, 0.548139149499, 3.93233193904, 17.6357764703, 1722.69588523, 0.493096144064
0.877531073191, 0.82652655774, 94.3856113116, 0.566066767956, 66.8883419059, 26.8501496623, 0.548139149499, 4.77506066419, 17.6357764703, 1597.01653311, 0.568139728702
0.877531073191, 0.82652655774, 94.3856113116, 0.566066767956, 66.8883419059, 26.8501496623, 0.548139149499, 4.77506066419, 17.6357764703, 1657.44418571, 0.557798971078
0.206304100633, 0.904100458396, 85.133293966, 0.684756029204, 52.5823745807, 1.25170532937, 1.64517738259, 0.625879240781, 4.70768856222, 3928.4988645, 0.0312593164764
0.104426194751, 0.874467189828, 90.6614407959, 0.630493629824, 60.6140358697, 8.81812862012, 0.728828953518, 1.05684963849, 14.0002131565, 3307.41092915, 0.0343598498214
0.871530823842, 0.82652655774, 84.066192802, 0.566066767956, 66.8883419059, 3.84514643769, 0.548139149499, 3.93233193904, 18.5840888077, 2273.38429502, 0.150438792586
0.379294470858, 0.857394546744, 93.6963964187, 0.444307580292, 28.9300678735, 36.8896961665, 0.467031688731, 1.50884189246, 11.0892706607, 1857.42112943, 0.464590886089
0.248094058769, 1.08153067105, 83.6318511991, 0.633725298035, 58.0655092493, 3.64517209613, 0.816431057319, 4.75484745031, 7.25212396677, 5860.2792102, 0.0248384780595
0.33872037361, 0.822270617055, 81.4861781403, 0.664286516992, 1.18527009981, 45.0330295277, 0.947972815683, 2.40190148759, 4.34535872701, 1859.73266325, 0.48446891857
0.338398947387, 0.822270617055, 81.1584489377, 0.678567230485, 20.6643059311, 45.0330295277, 0.947972815683, 2.40190148759, 3.36232840652, 1860.39572105, 0.482894271606
0.214539770805, 0.874467189828, 90.6614407959, 0.686709651242, 59.1804484376, 11.5181161022, 0.728828953518, 1.05684963849, 14.0002131565, 2500.66103332, 0.0871856784231
0.863445615772, 0.822270617055, 81.4861781403, 0.664286516992, 21.0185247165, 45.0330295277, 0.842335119688, 2.40190148759, 4.34535872701, 1948.00429927, 0.335706624991
0.206304100633, 1.09470299394, 91.5070004351, 0.664286516992, 52.5823745807, 1.25170532937, 1.36890570351, 0.625879240781, 4.70768856222, 13825.6916982, 0.0236929358465
0.894195418795, 0.851163520842, 86.0264063987, 0.46641312185, 45.4167427693, 16.2966788946, 0.247203322568, 3.39388986565, 13.1177777178, 1893.62498467, 0.440680262661
0.206304100633, 1.09470299394, 88.2554675994, 0.664286516992, 52.5823745807, 1.25170532937, 1.36890570351, 0.625879240781, 4.70768856222, 9587.56039826, 0.025010092103
0.867767775057, 0.838439052475, 87.076885989, 0.444307580292, 99.6658604759, 13.8277073446, 0.467031688731, 1.05772676307, 8.71751979233, 2006.37991159, 0.257165445075
0.670855790228, 0.836811698961, 83.7540239156, 0.602408553121, 84.6609836883, 46.3989645864, 0.905387909008, 1.6362763603, 7.56510175589, 1935.30574187, 0.44909058225
0.206304100633, 1.09470299394, 88.2554675994, 0.689453623795, 52.5823745807, 1.25170532937, 1.64517738259, 0.625879240781, 4.70768856222, 10416.709523, 0.0267149312817
0.748812761523, 0.868728935727, 94.0794034191, 0.615261926756, 10.0737983304, 4.6546666835, 0.452714074607, 2.32930727809, 6.63782730639, 2973.18258336, 0.0774926038494
0.198386333676, 0.851163520842, 86.0264063987, 0.602408553121, 45.4167427693, 16.2966788946, 0.906105149976, 3.39388986565, 13.1177777178, 2021.57261877, 0.262236254419
0.198386333676, 0.851163520842, 86.0264063987, 0.46641312185, 45.4167427693, 16.2966788946, 0.906105149976, 3.39388986565, 13.1177777178, 2390.06180497, 0.167853837182
0.285126491395, 0.909983373322, 80.8597946295, 0.42310273879, 10.2127535984, 7.13209455684, 0.378284712422, 1.65338682236, 4.21093390267, 2354.65889467, 0.176683621924
0.867767775057, 0.838439052475, 87.076885989, 0.444307580292, 98.7914285784, 13.8277073446, 0.467031688731, 1.05772676307, 8.71751979233, 1959.71991365, 0.408900554646
0.670855790228, 0.843546995551, 83.7540239156, 0.602408553121, 84.6609836883, 46.3989645864, 0.905387909008, 1.6362763603, 7.45878677299, 1930.69514615, 0.613863442851
0.778288698538, 0.868728935727, 80.5182899213, 0.416467142381, 10.0737983304, 4.49370137505, 0.642429903056, 2.32930727809, 6.63782730639, 2320.61849426, 0.192259864037
0.169073582673, 0.895369127939, 86.0264063987, 0.642750984394, 50.0414818641, 5.00167378559, 1.32260811622, 1.13684163007, 8.42289639631, 4410.28159666, 0.0361106307767
0.863445615772, 0.822270617055, 81.4861781403, 0.664286516992, 13.7259376864, 45.0330295277, 0.842335119688, 2.40190148759, 4.34535872701, 1936.80887226, 0.535026505337
0.863445615772, 0.822270617055, 81.4861781403, 0.664286516992, 21.0185247165, 45.0330295277, 0.164377038934, 2.40190148759, 3.95775331128, 1942.01992102, 0.515412765089
0.610005762312, 0.909983373322, 80.8597946295, 0.422779002989, 10.2127535984, 7.13209455684, 0.378284712422, 3.01161631677, 4.21093390267, 2035.48743135, 0.281454185087
0.285126491395, 0.858579432969, 80.1982028759, 0.66621623887, 89.1890424641, 11.1262405506, 0.36614851764, 1.65338682236, 14.023833949, 2136.31989318, 0.263856184317
0.294167059338, 0.832091179893, 88.0287592475, 0.586024865861, 10.2127535984, 10.6847723294, 0.081942348289, 3.01161631677, 13.3672377446, 2436.37166595, 0.153483111077
0.778288698538, 0.868728935727, 80.5182899213, 0.416467142381, 10.0737983304, 4.49370137505, 0.642429903056, 2.32930727809, 6.63782730639, 2586.29677982, 0.140360138582
0.48207393567, 0.94016384764, 80.2347769858, 0.555144652219, 51.4510436755, 1.89205972272, 0.0447888191454, 1.85893660903, 14.0202833242, 2991.51660374, 0.0873766449242
0.610005762312, 0.909983373322, 80.8597946295, 0.422779002989, 10.2127535984, 7.13209455684, 0.378284712422, 3.01161631677, 4.34535872701, 2497.01382403, 0.155813510311
0.225987935753, 0.901920224628, 93.3190197554, 0.48874646002, 20.6643059311, 3.84514643769, 1.99441877207, 1.6886131968, 3.31835612266, 6407.58756891, 0.03336606597
0.670855790228, 0.843546995551, 83.7540239156, 0.602408553121, 84.6609836883, 46.3989645864, 0.241089458422, 1.50884189246, 7.45878677299, 1963.8401272, 0.442311146054
0.863445615772, 0.843546995551, 81.4861781403, 0.664286516992, 13.7259376864, 45.0330295277, 0.842335119688, 2.40190148759, 4.34535872701, 2089.33740812, 0.298348109786
0.169073582673, 0.895369127939, 81.6608248337, 0.642750984394, 50.0414818641, 5.00167378559, 1.32260811622, 1.13684163007, 8.42289639631, 3808.4948869, 0.0453461725841
0.285126491395, 0.858579432969, 80.6663656811, 0.66621623887, 59.7182509017, 5.13251041553, 1.30388617493, 1.65338682236, 14.023833949, 3672.41557328, 0.0486492749184
0.871530823842, 0.82652655774, 94.3856113116, 0.566066767956, 95.7836853293, 16.7210151561, 0.548139149499, 4.82558279249, 17.6357764703, 2969.5874994, 0.137035344044
0.169073582673, 0.895369127939, 81.6608248337, 0.663330421494, 50.0414818641, 5.00167378559, 0.484281368025, 1.13684163007, 8.42289639631, 3249.1225666, 0.0777957228062
0.206304100633, 1.09470299394, 88.2554675994, 0.664286516992, 10.0737983304, 1.25170532937, 1.36890570351, 0.625879240781, 4.70768856222, 11925.708094, 0.034935023507
0.340809305518, 0.84778623602, 89.8906084646, 0.44344023083, 45.4598230245, 12.2895940067, 0.479146962558, 3.89790274512, 3.50496496775, 2395.18588183, 0.210611207021
0.476762819295, 0.84778623602, 89.8906084646, 0.412152909392, 94.3635881285, 26.5605855142, 0.479146962558, 3.89790274512, 3.50496496775, 2018.52724562, 0.438508875306
0.198386333676, 0.851163520842, 86.0264063987, 0.66621623887, 45.4167427693, 16.2966788946, 0.906105149976, 3.39388986565, 13.1177777178, 2354.23646742, 0.231511589777
0.214539770805, 0.874467189828, 90.6614407959, 0.66621623887, 59.1804484376, 11.5181161022, 0.728828953518, 1.05684963849, 14.0002131565, 2659.06699053, 0.177023147587
0.476762819295, 0.837827451931, 89.8906084646, 0.412152909392, 94.3635881285, 26.5605855142, 0.479146962558, 4.2099203796, 16.63671673, 2040.89266367, 0.378135589402
0.683359780679, 0.822385534326, 87.3755504864, 0.625094782643, 58.5464951273, 24.8476450699, 0.534118888601, 3.21368841021, 8.15007553508, 2263.43338138, 0.2778270688
0.683359780679, 0.822385534326, 87.3755504864, 0.625094782643, 58.5464951273, 24.8476450699, 0.534118888601, 3.21368841021, 8.15007553508, 2061.25616677, 0.42677092646
0.169073582673, 0.895369127939, 81.6608248337, 0.642750984394, 50.0414818641, 9.65763893682, 1.32260811622, 1.13684163007, 8.42289639631, 3714.08740537, 0.0814336489802
0.102654321367, 0.972675428451, 88.6487844005, 0.663007058207, 98.8945588937, 14.0624417003, 1.2151198951, 4.41499317843, 10.7601298199, 7767.36517145, 0.0394149241681
0.862316671436, 0.822385534326, 87.3755504864, 0.625094782643, 58.5464951273, 24.8476450699, 0.534118888601, 3.97979263114, 8.15007553508, 2009.87936871, 0.504194408285
0.285126491395, 0.858579432969, 80.0897182861, 0.66621623887, 59.7182509017, 14.0624417003, 0.36614851764, 1.65338682236, 14.023833949, 2403.70633504, 0.229816665188
0.125376756248, 0.901920224628, 80.2347769858, 0.48874646002, 1.18527009981, 3.84514643769, 1.99441877207, 1.6886131968, 3.31835612266, 4890.66044298, 0.0482867257804
0.285126491395, 0.858579432969, 80.1982028759, 0.66621623887, 59.7182509017, 14.0624417003, 0.36614851764, 1.65338682236, 14.023833949, 2199.15283122, 0.29837252263
0.245064425503, 0.895369127939, 81.6608248337, 0.642750984394, 50.0414818641, 5.00167378559, 1.32260811622, 1.13684163007, 2.20591721845, 3202.67869389, 0.123956424914
0.169073582673, 0.895369127939, 81.6608248337, 0.642750984394, 50.0414818641, 5.00167378559, 1.32260811622, 1.13684163007, 8.42289639631, 4383.29853102, 0.0736540966943
0.102654321367, 0.828866839359, 94.8903641421, 0.663007058207, 98.8945588937, 11.1262405506, 1.32877860008, 3.37173315956, 15.8860230667, 4389.20664178, 0.0719723697363
0.867767775057, 0.838439052475, 89.2058297881, 0.444307580292, 98.7914285784, 41.0246670047, 0.467031688731, 1.05772676307, 3.73528730197, 2084.96512192, 0.485904019146
0.285126491395, 0.858579432969, 80.1982028759, 0.66621623887, 59.7182509017, 14.0624417003, 0.36614851764, 1.65338682236, 14.023833949, 2143.50080039, 0.327739529288
0.670855790228, 0.836811698961, 83.7540239156, 0.602408553121, 84.6609836883, 46.3989645864, 0.905387909008, 1.6362763603, 7.56510175589, 2142.3435987, 0.331530030976
