2.0, -1.0, -1.0, 1.0, 1.0, 2.0, -1.0, -1.0, 0.0, 3.0, 0.0, 1.0, 2.0, 0.0, 2.0, 2.0, 2.0, 1.0, 1.0, 3.0, -1.0, -1.0, -1.0, -1.0, -1.0, 0.0, 1.0, 2.0, 1.0, 1.0, 2.0, 3.0, -1.0, 0.0, -1.0, 1.0, -1.0, 0.0, 2.0, 0.0, 0.0, -1.0, 3.0, 2.0, 0.0, 1.0, 1.0, 3.0, 0.0, 2.0, 96790.0, 507.0
0.0, 0.0, 2.0, 0.0, 3.0, 1.0, 1.0, -1.0, 3.0, 1.0, 0.0, 0.0, 2.0, 2.0, -1.0, 0.0, -1.0, -1.0, -1.0, 0.0, 2.0, -1.0, 0.0, 0.0, 1.0, 1.0, 2.0, 1.0, 1.0, 2.0, 1.0, -1.0, -1.0, -1.0, 2.0, -1.0, -1.0, 2.0, 1.0, 0.0, -1.0, -1.0, -1.0, 2.0, 1.0, 1.0, -1.0, 0.0, 0.0, 3.0, 97091.0, 487.0
1.0, 1.0, 0.0, -1.0, -1.0, 2.0, 3.0, 3.0, -1.0, 0.0, 2.0, 1.0, 1.0, 2.0, 2.0, -1.0, -1.0, 2.0, 3.0, 2.0, 1.0, -1.0, -1.0, -1.0, -1.0, 0.0, -1.0, 3.0, 1.0, 3.0, -1.0, 1.0, 0.0, 1.0, 2.0, 2.0, 3.0, 3.0, 2.0, -1.0, 0.0, 3.0, 1.0, 0.0, 2.0, 1.0, 1.0, -1.0, 0.0, 2.0, 96745.0, 512.0
0.0, 0.0, 0.0, 0.0, 1.0, -1.0, 0.0, 0.0, 3.0, 1.0, 1.0, 1.0, 3.0, 1.0, 0.0, -1.0, 1.0, 3.0, 0.0, 2.0, 2.0, 0.0, 1.0, -1.0, 2.0, 0.0, -1.0, -1.0, 3.0, 0.0, 2.0, 1.0, 2.0, 2.0, 2.0, 2.0, -1.0, 1.0, 1.0, -1.0, -1.0, 2.0, 2.0, -1.0, 2.0, 0.0, 1.0, 2.0, 0.0, 1.0, 96075.0, 585.0
0.0, 0.0, 2.0, 0.0, 3.0, 1.0, 1.0, -1.0, 3.0, 1.0, 0.0, 0.0, 2.0, 2.0, -1.0, 0.0, -1.0, -1.0, -1.0, 0.0, 2.0, -1.0, 0.0, 0.0, 1.0, 1.0, 2.0, 1.0, 1.0, 2.0, 1.0, -1.0, -1.0, -1.0, 2.0, -1.0, -1.0, 2.0, 1.0, 0.0, -1.0, -1.0, -1.0, 2.0, 1.0, 1.0, -1.0, 0.0, 0.0, 3.0, 97091.0, 487.0
0.0, 0.0, 0.0, 0.0, 1.0, -1.0, 0.0, 0.0, 3.0, 1.0, 1.0, 1.0, 3.0, 1.0, 0.0, -1.0, 1.0, 3.0, 0.0, 2.0, 2.0, 0.0, 1.0, -1.0, 2.0, 0.0, -1.0, -1.0, 3.0, 0.0, 2.0, 1.0, 2.0, 2.0, 2.0, 2.0, -1.0, 1.0, 1.0, -1.0, -1.0, 2.0, 2.0, -1.0, 2.0, 0.0, 1.0, 2.0, 0.0, 1.0, 96075.0, 585.0
0.0, 0.0, 2.0, 0.0, 3.0, 1.0, 1.0, -1.0, 3.0, 1.0, 0.0, 0.0, 2.0, 2.0, -1.0, 0.0, -1.0, -1.0, -1.0, 0.0, 2.0, -1.0, 0.0, 0.0, 1.0, 1.0, 2.0, 1.0, 1.0, 2.0, 1.0, -1.0, -1.0, -1.0, 2.0, -1.0, -1.0, 2.0, 1.0, 0.0, -1.0, -1.0, -1.0, 2.0, 1.0, 1.0, -1.0, 0.0, 0.0, 3.0, 97091.0, 487.0
2.0, -1.0, -1.0, 1.0, 1.0, 2.0, -1.0, -1.0, 0.0, 3.0, 0.0, 1.0, 2.0, 0.0, 2.0, 2.0, 2.0, 1.0, 1.0, 3.0, -1.0, -1.0, -1.0, -1.0, -1.0, 0.0, 1.0, 2.0, 1.0, 1.0, 2.0, 3.0, -1.0, 0.0, -1.0, 1.0, -1.0, 0.0, 2.0, 0.0, 0.0, -1.0, 3.0, 2.0, 0.0, 1.0, 1.0, 3.0, 0.0, 2.0, 96790.0, 507.0
0.0, 0.0, 2.0, 0.0, 3.0, 1.0, 1.0, -1.0, 3.0, 1.0, 0.0, 0.0, 2.0, 2.0, -1.0, 0.0, -1.0, -1.0, -1.0, 0.0, 2.0, -1.0, 0.0, 0.0, 1.0, 1.0, 2.0, 1.0, 1.0, 2.0, 1.0, -1.0, -1.0, -1.0, 2.0, -1.0, -1.0, 2.0, 1.0, 0.0, -1.0, -1.0, -1.0, 2.0, 1.0, 1.0, -1.0, 0.0, 0.0, 3.0, 97091.0, 487.0
1.0, 1.0, 0.0, -1.0, -1.0, 2.0, 3.0, 3.0, -1.0, 0.0, 2.0, 1.0, 1.0, 2.0, 2.0, -1.0, -1.0, 2.0, 3.0, 2.0, 1.0, -1.0, -1.0, -1.0, -1.0, 0.0, -1.0, 3.0, 1.0, 3.0, -1.0, 1.0, 0.0, 1.0, 2.0, 2.0, 3.0, 3.0, 2.0, -1.0, 0.0, 3.0, 1.0, 0.0, 2.0, 1.0, 1.0, -1.0, 0.0, 2.0, 96745.0, 512.0
2.0, 1.0, -1.0, -1.0, -1.0, 1.0, 1.0, 2.0, -1.0, -1.0, 0.0, 0.0, 1.0, 2.0, 2.0, -1.0, 0.0, 0.0, 1.0, 0.0, 1.0, 2.0, -1.0, 0.0, -1.0, 1.0, 0.0, -1.0, -1.0, 1.0, 0.0, 2.0, 1.0, 1.0, 2.0, 3.0, 1.0, 2.0, 1.0, 2.0, 0.0, -1.0, -1.0, 0.0, 1.0, 0.0, 0.0, 3.0, 2.0, 0.0, 96531.0, 527.0
0.0, 0.0, 0.0, 0.0, 1.0, -1.0, 0.0, 0.0, 3.0, 1.0, 1.0, 1.0, 3.0, 1.0, 0.0, -1.0, 1.0, 3.0, 0.0, 2.0, 2.0, 0.0, 1.0, -1.0, 2.0, 0.0, -1.0, -1.0, 3.0, 0.0, 2.0, 1.0, 2.0, 2.0, 2.0, 2.0, -1.0, 1.0, 1.0, -1.0, -1.0, 2.0, 2.0, -1.0, 2.0, 0.0, 1.0, 2.0, 0.0, 1.0, 96075.0, 585.0
0.0, 0.0, 2.0, 0.0, 3.0, 1.0, 1.0, -1.0, 3.0, 1.0, 0.0, 0.0, 2.0, 2.0, -1.0, 0.0, -1.0, -1.0, -1.0, 0.0, 2.0, -1.0, 0.0, 0.0, 1.0, 1.0, 2.0, 1.0, 1.0, 2.0, 1.0, -1.0, -1.0, -1.0, 2.0, -1.0, -1.0, 2.0, 1.0, 0.0, 1.0, -1.0, -1.0, 2.0, 1.0, 1.0, -1.0, 0.0, 0.0, 3.0, 96932.0, 497.0
0.0, 0.0, 0.0, 0.0, 1.0, -1.0, 0.0, 0.0, 3.0, 1.0, 1.0, 1.0, 3.0, 1.0, 0.0, -1.0, 1.0, 3.0, 0.0, 2.0, 2.0, 0.0, 1.0, -1.0, 2.0, 0.0, -1.0, -1.0, 3.0, 0.0, 2.0, 1.0, 2.0, 2.0, 2.0, 2.0, -1.0, 1.0, 1.0, -1.0, -1.0, 2.0, 2.0, -1.0, 2.0, 0.0, 1.0, 2.0, 0.0, 1.0, 96075.0, 585.0
0.0, 2.0, 1.0, -1.0, 2.0, 0.0, 2.0, 0.0, 0.0, 2.0, 2.0, 2.0, 1.0, -1.0, 0.0, 2.0, 0.0, 0.0, -1.0, 2.0, -1.0, -1.0, 1.0, -1.0, 1.0, -1.0, 1.0, 2.0, 0.0, 0.0, 3.0, 1.0, 3.0, 1.0, -1.0, 3.0, 1.0, 0.0, 2.0, -1.0, 0.0, 1.0, 1.0, 3.0, 2.0, 0.0, 0.0, 2.0, -1.0, -1.0, 96401.0, 543.0
0.0, 0.0, 2.0, 0.0, 3.0, 1.0, 1.0, -1.0, 3.0, 1.0, 0.0, 0.0, 2.0, 2.0, -1.0, 0.0, -1.0, -1.0, -1.0, 0.0, 2.0, -1.0, 0.0, 0.0, 1.0, 1.0, 2.0, 1.0, 1.0, 2.0, 1.0, -1.0, -1.0, -1.0, 2.0, -1.0, -1.0, 2.0, 1.0, 0.0, -1.0, -1.0, -1.0, 2.0, 1.0, 1.0, -1.0, 0.0, 0.0, 3.0, 97091.0, 487.0
0.0, 2.0, 1.0, -1.0, 2.0, 0.0, 2.0, 0.0, 0.0, 2.0, 2.0, 2.0, 1.0, -1.0, 0.0, 2.0, 0.0, 0.0, -1.0, -1.0, -1.0, -1.0, 1.0, -1.0, 1.0, -1.0, 3.0, 2.0, 0.0, 0.0, 3.0, 1.0, 3.0, 1.0, -1.0, 3.0, 1.0, 0.0, 2.0, -1.0, 1.0, 1.0, 1.0, 3.0, 2.0, 2.0, 0.0, 2.0, -1.0, -1.0, 96544.0, 525.0
2.0, -1.0, -1.0, 1.0, 1.0, 2.0, -1.0, -1.0, 0.0, 3.0, 0.0, 1.0, 2.0, 0.0, 2.0, 2.0, 2.0, 1.0, 1.0, 3.0, -1.0, -1.0, -1.0, -1.0, -1.0, 0.0, 1.0, 2.0, 1.0, 1.0, 2.0, 3.0, -1.0, 0.0, -1.0, 1.0, -1.0, 0.0, 2.0, 0.0, 0.0, -1.0, 3.0, 2.0, 0.0, 1.0, 1.0, 3.0, 0.0, 2.0, 96790.0, 507.0
1.0, 1.0, 0.0, -1.0, -1.0, 2.0, 3.0, 3.0, -1.0, 0.0, 2.0, 1.0, 1.0, 2.0, 2.0, -1.0, -1.0, 2.0, 3.0, 2.0, 1.0, -1.0, -1.0, -1.0, -1.0, 0.0, -1.0, 3.0, 1.0, 3.0, -1.0, 1.0, 0.0, 1.0, 2.0, 2.0, 3.0, 3.0, 2.0, -1.0, 0.0, 3.0, 1.0, 0.0, 2.0, 1.0, 1.0, -1.0, 0.0, 2.0, 96745.0, 512.0
0.0, 0.0, 2.0, 0.0, 3.0, 1.0, 1.0, -1.0, 3.0, 1.0, 0.0, 0.0, 2.0, 2.0, -1.0, 0.0, -1.0, -1.0, -1.0, 0.0, 2.0, -1.0, 0.0, 0.0, 1.0, 1.0, 2.0, 1.0, 1.0, 2.0, 1.0, -1.0, -1.0, -1.0, 2.0, -1.0, -1.0, 2.0, 1.0, 0.0, -1.0, -1.0, -1.0, 2.0, 1.0, 1.0, -1.0, 0.0, 0.0, 3.0, 97091.0, 487.0
0.0, 0.0, 2.0, 0.0, 3.0, 1.0, 1.0, -1.0, 3.0, 1.0, 0.0, 0.0, 2.0, 2.0, -1.0, 0.0, -1.0, -1.0, -1.0, 0.0, 2.0, -1.0, -1.0, 0.0, -1.0, 1.0, 2.0, 1.0, 3.0, 2.0, 1.0, -1.0, -1.0, -1.0, 2.0, -1.0, -1.0, 2.0, 1.0, 0.0, -1.0, -1.0, -1.0, 2.0, 1.0, 1.0, -1.0, 0.0, 0.0, 1.0, 97204.0, 463.0
0.0, 0.0, 2.0, 0.0, 3.0, 1.0, 1.0, -1.0, 3.0, 1.0, 0.0, 0.0, 2.0, 2.0, -1.0, 0.0, -1.0, -1.0, -1.0, 0.0, 2.0, -1.0, 0.0, 0.0, 1.0, 1.0, 2.0, 1.0, 1.0, 2.0, 1.0, -1.0, -1.0, -1.0, 2.0, -1.0, -1.0, 2.0, 1.0, 0.0, 1.0, -1.0, -1.0, 2.0, 1.0, 1.0, -1.0, 0.0, 0.0, 3.0, 96932.0, 497.0
2.0, -1.0, -1.0, 1.0, 1.0, 2.0, -1.0, -1.0, 0.0, 3.0, 0.0, 1.0, 2.0, 0.0, 2.0, 2.0, 2.0, 1.0, 1.0, 3.0, -1.0, -1.0, -1.0, -1.0, -1.0, 0.0, 1.0, 2.0, 1.0, 1.0, 2.0, 3.0, -1.0, 0.0, -1.0, 1.0, -1.0, 0.0, 2.0, 0.0, 0.0, -1.0, 3.0, 2.0, 0.0, 1.0, 1.0, 3.0, 0.0, 2.0, 96790.0, 507.0
0.0, 0.0, 2.0, 0.0, 3.0, 1.0, 1.0, -1.0, 3.0, 1.0, 0.0, 0.0, 2.0, 2.0, -1.0, 0.0, -1.0, -1.0, -1.0, 0.0, 2.0, -1.0, 0.0, 0.0, 1.0, 1.0, 2.0, 1.0, 1.0, 2.0, 1.0, -1.0, -1.0, -1.0, 2.0, -1.0, -1.0, 2.0, 1.0, 0.0, -1.0, -1.0, -1.0, 2.0, 1.0, 1.0, -1.0, 0.0, 0.0, 3.0, 97091.0, 487.0
1.0, 1.0, 0.0, -1.0, -1.0, 2.0, 3.0, 3.0, -1.0, 0.0, 2.0, 1.0, 1.0, 2.0, 2.0, -1.0, -1.0, 2.0, 3.0, 2.0, 1.0, -1.0, -1.0, -1.0, -1.0, 0.0, -1.0, 3.0, 1.0, 3.0, -1.0, 1.0, 0.0, 1.0, 2.0, 2.0, 3.0, 3.0, 2.0, -1.0, 0.0, 3.0, 1.0, 0.0, 2.0, 1.0, 1.0, -1.0, 0.0, 2.0, 96745.0, 512.0
0.0, 0.0, 2.0, 0.0, 3.0, 1.0, 1.0, -1.0, 3.0, 1.0, 0.0, 0.0, 2.0, 2.0, -1.0, 0.0, -1.0, -1.0, -1.0, 0.0, 2.0, -1.0, 0.0, 0.0, 1.0, 1.0, 2.0, 1.0, 1.0, 2.0, 1.0, -1.0, -1.0, -1.0, 2.0, -1.0, -1.0, 2.0, 1.0, 0.0, 1.0, -1.0, -1.0, 2.0, 1.0, 1.0, -1.0, 0.0, 0.0, 3.0, 96932.0, 497.0
0.0, 0.0, 2.0, 0.0, 3.0, 1.0, 1.0, -1.0, 3.0, 1.0, 0.0, 0.0, 2.0, 2.0, -1.0, 0.0, -1.0, -1.0, -1.0, 2.0, 2.0, -1.0, -1.0, 0.0, -1.0, 1.0, 2.0, 1.0, 1.0, 2.0, 1.0, -1.0, -1.0, -1.0, 2.0, -1.0, -1.0, 2.0, 1.0, 0.0, -1.0, -1.0, -1.0, -1.0, 1.0, 1.0, -1.0, 0.0, 0.0, 0.0, 97230.0, 447.0
0.0, 0.0, 0.0, 0.0, 1.0, -1.0, 0.0, 0.0, 3.0, 1.0, 1.0, 1.0, 3.0, 1.0, 0.0, -1.0, 1.0, 3.0, 0.0, 2.0, 2.0, 0.0, 1.0, -1.0, 2.0, 0.0, -1.0, -1.0, 3.0, 0.0, 2.0, 1.0, 2.0, 2.0, 2.0, 2.0, -1.0, 1.0, 1.0, -1.0, -1.0, 2.0, 2.0, -1.0, 2.0, 0.0, 1.0, 2.0, 0.0, 1.0, 96075.0, 585.0
0.0, 2.0, 1.0, -1.0, 2.0, 0.0, 2.0, 0.0, 0.0, 2.0, 2.0, 2.0, 1.0, -1.0, 0.0, 2.0, 0.0, 0.0, -1.0, 2.0, -1.0, -1.0, 1.0, -1.0, 1.0, -1.0, 1.0, 2.0, 0.0, 0.0, 3.0, 1.0, 3.0, 1.0, -1.0, 3.0, 1.0, 0.0, 2.0, -1.0, 0.0, 1.0, 1.0, 3.0, 2.0, 0.0, 0.0, 2.0, -1.0, -1.0, 96401.0, 543.0
0.0, 0.0, 2.0, 0.0, 3.0, 1.0, 1.0, -1.0, 3.0, 1.0, 0.0, 0.0, 2.0, 2.0, -1.0, 0.0, -1.0, -1.0, -1.0, 0.0, 2.0, -1.0, 0.0, 0.0, 1.0, 1.0, 2.0, 1.0, 1.0, 2.0, 1.0, -1.0, -1.0, -1.0, 2.0, -1.0, -1.0, 2.0, 1.0, 0.0, -1.0, -1.0, -1.0, 2.0, 1.0, 1.0, -1.0, 0.0, 0.0, 3.0, 97091.0, 487.0
0.0, 2.0, 1.0, -1.0, 2.0, 0.0, 2.0, 0.0, 0.0, 2.0, 2.0, 2.0, 1.0, -1.0, 0.0, 2.0, 0.0, 0.0, -1.0, -1.0, -1.0, -1.0, 1.0, -1.0, 1.0, -1.0, 3.0, 2.0, 0.0, 0.0, 3.0, 1.0, 3.0, 1.0, -1.0, 3.0, 1.0, 0.0, 2.0, -1.0, 1.0, 1.0, 1.0, 3.0, 2.0, 2.0, 0.0, 2.0, -1.0, -1.0, 96544.0, 525.0
2.0, 0.0, 2.0, 1.0, 2.0, 2.0, 0.0, 0.0, 2.0, 1.0, 2.0, 2.0, 1.0, -1.0, 2.0, 3.0, 1.0, 0.0, -1.0, 1.0, 1.0, -1.0, 0.0, -1.0, 0.0, 2.0, 0.0, 0.0, 3.0, 0.0, -1.0, 2.0, 0.0, 3.0, -1.0, 1.0, 0.0, 1.0, 3.0, -1.0, 2.0, 1.0, 0.0, 1.0, -1.0, 2.0, 0.0, -1.0, 1.0, 1.0, 96187.0, 566.0
-1.0, -1.0, 0.0, -1.0, 0.0, 1.0, 2.0, 3.0, -1.0, 1.0, -1.0, -1.0, 1.0, 0.0, 1.0, 3.0, 2.0, 3.0, -1.0, 2.0, 1.0, 3.0, -1.0, 1.0, 2.0, -1.0, 3.0, 0.0, 1.0, 0.0, 0.0, 2.0, 0.0, 2.0, 1.0, 3.0, 1.0, -1.0, 1.0, 2.0, -1.0, -1.0, 2.0, -1.0, 1.0, 0.0, 2.0, 1.0, 2.0, 0.0, 97009.0, 502.0
2.0, 1.0, -1.0, -1.0, -1.0, 1.0, 1.0, 2.0, -1.0, -1.0, 0.0, 1.0, 1.0, 2.0, 2.0, -1.0, 0.0, 0.0, 1.0, 0.0, 2.0, 2.0, -1.0, 0.0, -1.0, 1.0, 0.0, -1.0, -1.0, 1.0, 0.0, 2.0, 1.0, 1.0, 2.0, 3.0, 1.0, 2.0, 1.0, 2.0, -1.0, -1.0, -1.0, 0.0, 1.0, 0.0, 0.0, 3.0, 2.0, 0.0, 96762.0, 517.0
0.0, 0.0, 2.0, 0.0, 3.0, 1.0, 1.0, -1.0, 3.0, 1.0, 0.0, 0.0, 2.0, 2.0, -1.0, 0.0, -1.0, -1.0, -1.0, 0.0, 2.0, -1.0, -1.0, 0.0, -1.0, 1.0, 2.0, 1.0, 1.0, 2.0, 1.0, -1.0, -1.0, -1.0, 2.0, -1.0, -1.0, 2.0, 1.0, 0.0, -1.0, -1.0, -1.0, 2.0, 1.0, 1.0, -1.0, 0.0, 0.0, 3.0, 97216.0, 463.0
0.0, 2.0, -1.0, 1.0, 0.0, -1.0, 1.0, 3.0, 2.0, 2.0, 0.0, 0.0, 3.0, -1.0, 1.0, 0.0, 0.0, 1.0, 1.0, -1.0, 0.0, -1.0, 3.0, 3.0, 2.0, 3.0, 1.0, 1.0, 0.0, 2.0, 0.0, 2.0, 0.0, -1.0, 1.0, 1.0, 2.0, 2.0, 2.0, 2.0, 2.0, -1.0, 2.0, 1.0, 1.0, -1.0, 0.0, -1.0, 0.0, 3.0, 96348.0, 555.0
0.0, 2.0, -1.0, 1.0, 0.0, -1.0, 1.0, 3.0, 2.0, 2.0, 0.0, 0.0, 3.0, -1.0, 1.0, 0.0, 0.0, 1.0, 1.0, -1.0, 0.0, -1.0, 3.0, 3.0, 2.0, 3.0, 1.0, 1.0, 0.0, 2.0, 0.0, 2.0, 0.0, -1.0, 1.0, 1.0, 2.0, 2.0, 2.0, 2.0, 2.0, -1.0, 2.0, 1.0, 1.0, -1.0, 0.0, -1.0, 0.0, 3.0, 96348.0, 555.0
0.0, 2.0, -1.0, 1.0, 0.0, -1.0, 1.0, 3.0, 2.0, 2.0, 0.0, 0.0, 3.0, -1.0, 1.0, 0.0, 0.0, 1.0, 1.0, -1.0, 0.0, -1.0, 3.0, 3.0, 2.0, 3.0, 1.0, 1.0, 0.0, 2.0, 0.0, 2.0, 0.0, -1.0, 1.0, 1.0, 2.0, 2.0, 2.0, 2.0, 2.0, -1.0, 2.0, 1.0, 1.0, -1.0, 0.0, -1.0, 0.0, 3.0, 96348.0, 555.0
0.0, 2.0, -1.0, 1.0, 0.0, -1.0, 1.0, 3.0, 2.0, 2.0, 0.0, 0.0, 3.0, -1.0, 1.0, 0.0, 0.0, 1.0, 1.0, -1.0, 0.0, -1.0, 3.0, 3.0, 2.0, 3.0, 1.0, 1.0, 0.0, 2.0, 0.0, 2.0, 0.0, -1.0, 1.0, 1.0, 2.0, 2.0, 2.0, 2.0, 2.0, -1.0, 2.0, 1.0, 1.0, -1.0, 0.0, -1.0, 0.0, 3.0, 96348.0, 555.0
0.0, 0.0, 2.0, 0.0, 3.0, 1.0, 1.0, -1.0, 3.0, 1.0, 0.0, 0.0, 2.0, 2.0, -1.0, 0.0, -1.0, -1.0, -1.0, 2.0, 2.0, -1.0, -1.0, 0.0, -1.0, 1.0, 2.0, 1.0, 1.0, 2.0, 1.0, -1.0, -1.0, -1.0, 2.0, -1.0, -1.0, 2.0, 1.0, 0.0, -1.0, -1.0, -1.0, -1.0, 1.0, 1.0, -1.0, 0.0, 0.0, 3.0, 97311.0, 447.0
0.0, 0.0, 0.0, -1.0, 1.0, -1.0, 0.0, 0.0, 3.0, 1.0, 1.0, 1.0, 3.0, 1.0, 0.0, -1.0, 1.0, 3.0, 0.0, 2.0, 2.0, 0.0, 1.0, -1.0, 2.0, 0.0, -1.0, -1.0, 3.0, 0.0, 2.0, 1.0, 2.0, 2.0, 2.0, 2.0, -1.0, 1.0, 1.0, -1.0, -1.0, 2.0, 2.0, -1.0, 0.0, 0.0, 1.0, 2.0, 0.0, 1.0, 96204.0, 568.0
0.0, 0.0, 0.0, -1.0, 1.0, -1.0, 0.0, 0.0, 3.0, 1.0, 1.0, 1.0, 3.0, 1.0, 0.0, -1.0, 1.0, 3.0, 0.0, 2.0, 2.0, 0.0, 1.0, -1.0, 2.0, 0.0, -1.0, -1.0, 3.0, 0.0, 2.0, 1.0, 2.0, 2.0, 2.0, 2.0, -1.0, 1.0, 1.0, -1.0, -1.0, 2.0, 2.0, -1.0, 0.0, 0.0, 1.0, 2.0, 0.0, 1.0, 96204.0, 568.0
0.0, 0.0, 0.0, -1.0, 1.0, -1.0, 0.0, 0.0, 3.0, 1.0, 1.0, 1.0, 3.0, 1.0, 0.0, -1.0, 1.0, 3.0, 0.0, 2.0, 2.0, 0.0, 1.0, -1.0, 2.0, 0.0, -1.0, -1.0, 3.0, 0.0, 2.0, 1.0, 2.0, 2.0, 2.0, 2.0, -1.0, 1.0, 1.0, -1.0, -1.0, 2.0, 2.0, -1.0, 0.0, 0.0, 1.0, 2.0, 0.0, 1.0, 96204.0, 568.0
2.0, -1.0, -1.0, 1.0, 1.0, 2.0, -1.0, -1.0, 0.0, 3.0, 0.0, 1.0, 2.0, 0.0, 2.0, 2.0, 2.0, 1.0, 1.0, 3.0, -1.0, -1.0, -1.0, -1.0, -1.0, 0.0, 1.0, 2.0, 1.0, 1.0, 2.0, 3.0, -1.0, 0.0, 0.0, 1.0, -1.0, 0.0, 2.0, 0.0, 0.0, -1.0, 3.0, 2.0, 0.0, -1.0, 1.0, 3.0, 0.0, 2.0, 96811.0, 507.0
2.0, -1.0, -1.0, 1.0, 1.0, 2.0, -1.0, -1.0, 0.0, 3.0, 0.0, 1.0, 2.0, 0.0, 2.0, 2.0, 2.0, 1.0, 1.0, 3.0, -1.0, -1.0, -1.0, -1.0, -1.0, 0.0, 1.0, 2.0, 1.0, 1.0, 2.0, 3.0, -1.0, 0.0, 0.0, 1.0, -1.0, 0.0, 2.0, 0.0, 0.0, -1.0, 3.0, 2.0, 0.0, -1.0, 1.0, 3.0, 0.0, 2.0, 96811.0, 507.0
0.0, 0.0, 0.0, -1.0, 1.0, -1.0, 0.0, 0.0, 3.0, 1.0, 1.0, 1.0, 3.0, 1.0, 0.0, -1.0, 1.0, 3.0, 0.0, 2.0, 2.0, 0.0, 1.0, -1.0, 2.0, 0.0, -1.0, -1.0, 3.0, 0.0, 2.0, 1.0, 2.0, 2.0, 2.0, 2.0, -1.0, 1.0, 1.0, -1.0, -1.0, 2.0, 2.0, -1.0, 0.0, 0.0, 1.0, 2.0, 0.0, 1.0, 96204.0, 568.0
0.0, 0.0, 0.0, -1.0, 1.0, -1.0, 0.0, 0.0, 3.0, 1.0, 1.0, 1.0, 3.0, 1.0, 0.0, -1.0, 1.0, 3.0, 0.0, 2.0, 2.0, 0.0, 1.0, -1.0, 2.0, 0.0, -1.0, -1.0, 3.0, 0.0, 2.0, 1.0, 2.0, 2.0, 2.0, 2.0, -1.0, 1.0, 1.0, -1.0, -1.0, 2.0, 2.0, -1.0, 0.0, 0.0, 1.0, 2.0, 0.0, 1.0, 96204.0, 568.0
0.0, 0.0, 0.0, -1.0, 1.0, -1.0, 0.0, 0.0, 3.0, 1.0, 1.0, 1.0, 3.0, 1.0, 0.0, -1.0, 1.0, 3.0, 0.0, 2.0, 2.0, 0.0, 1.0, -1.0, 2.0, 0.0, -1.0, -1.0, 3.0, 0.0, 2.0, 1.0, 2.0, 2.0, 2.0, 2.0, -1.0, 1.0, 1.0, -1.0, -1.0, 2.0, 2.0, -1.0, 0.0, 0.0, 1.0, 2.0, 0.0, 1.0, 96204.0, 568.0
2.0, -1.0, -1.0, 1.0, 1.0, 2.0, -1.0, -1.0, 0.0, 3.0, 0.0, 1.0, 2.0, 0.0, 2.0, 2.0, 2.0, 1.0, 1.0, 3.0, -1.0, -1.0, -1.0, -1.0, -1.0, 0.0, 1.0, 2.0, 1.0, 1.0, 2.0, 3.0, -1.0, 0.0, 0.0, 1.0, -1.0, 0.0, 2.0, 0.0, 0.0, -1.0, 3.0, 2.0, 0.0, -1.0, 1.0, 3.0, 0.0, 2.0, 96811.0, 507.0
2.0, -1.0, -1.0, 1.0, 1.0, 2.0, -1.0, -1.0, 0.0, 3.0, 0.0, 1.0, 2.0, 0.0, 2.0, 2.0, 2.0, 1.0, 1.0, 3.0, -1.0, -1.0, -1.0, -1.0, -1.0, 0.0, 1.0, 2.0, 1.0, 1.0, 2.0, 3.0, -1.0, 0.0, 0.0, 1.0, -1.0, 0.0, 2.0, 0.0, 0.0, -1.0, 3.0, 2.0, 0.0, -1.0, 1.0, 3.0, 0.0, 2.0, 96811.0, 507.0
-1.0, -1.0, -1.0, -1.0, 0.0, 1.0, 2.0, 3.0, -1.0, 1.0, -1.0, -1.0, 1.0, 0.0, 1.0, 3.0, 1.0, 3.0, -1.0, 2.0, 2.0, 3.0, -1.0, 1.0, 2.0, -1.0, 3.0, 0.0, 1.0, 0.0, 0.0, 2.0, 3.0, 2.0, 1.0, 3.0, 1.0, -1.0, 1.0, 2.0, -1.0, -1.0, -1.0, -1.0, 1.0, -1.0, 2.0, 1.0, 2.0, 2.0, 97486.0, 460.0
-1.0, -1.0, -1.0, -1.0, 0.0, 1.0, 2.0, 3.0, -1.0, 1.0, -1.0, -1.0, 1.0, 0.0, 1.0, 3.0, 1.0, 3.0, -1.0, 2.0, 2.0, 3.0, -1.0, 1.0, 2.0, -1.0, 3.0, 0.0, 1.0, 0.0, 0.0, 2.0, 3.0, 2.0, 1.0, 3.0, 1.0, -1.0, 1.0, 2.0, -1.0, -1.0, -1.0, -1.0, 1.0, -1.0, 2.0, 1.0, 2.0, 2.0, 97486.0, 460.0
-1.0, -1.0, -1.0, -1.0, 0.0, 1.0, 2.0, 3.0, -1.0, 1.0, -1.0, -1.0, 1.0, 0.0, 1.0, 3.0, 2.0, 3.0, -1.0, 2.0, 1.0, 3.0, -1.0, 1.0, 2.0, -1.0, 3.0, 0.0, 1.0, 0.0, 0.0, 2.0, 3.0, 2.0, 1.0, 3.0, 1.0, -1.0, 1.0, 2.0, -1.0, -1.0, -1.0, -1.0, 1.0, -1.0, 2.0, 1.0, 2.0, 2.0, 97509.0, 460.0
-1.0, -1.0, -1.0, -1.0, 0.0, 1.0, 2.0, 3.0, -1.0, 1.0, -1.0, -1.0, 1.0, 0.0, 1.0, 3.0, 2.0, 3.0, -1.0, 2.0, 1.0, 3.0, -1.0, 1.0, 2.0, -1.0, 3.0, 0.0, 1.0, 0.0, 0.0, 2.0, 3.0, 2.0, 1.0, 3.0, 1.0, -1.0, 1.0, 2.0, -1.0, -1.0, -1.0, -1.0, 1.0, -1.0, 2.0, 1.0, 2.0, 2.0, 97509.0, 460.0
0.0, 2.0, -1.0, 1.0, 0.0, -1.0, 1.0, 3.0, 2.0, 2.0, 0.0, 0.0, 3.0, -1.0, 1.0, 0.0, 0.0, 1.0, 1.0, -1.0, 0.0, -1.0, 3.0, 3.0, 2.0, 3.0, 1.0, 1.0, 0.0, 2.0, 0.0, 2.0, 0.0, -1.0, 1.0, -1.0, 2.0, 2.0, 2.0, 2.0, 2.0, -1.0, 2.0, 1.0, 1.0, 0.0, 0.0, -1.0, 0.0, 3.0, 96374.0, 555.0
0.0, 0.0, 2.0, 0.0, 3.0, 1.0, 1.0, -1.0, 3.0, 1.0, 0.0, 0.0, 2.0, 2.0, 2.0, 0.0, -1.0, -1.0, -1.0, 0.0, 2.0, -1.0, 0.0, 0.0, 1.0, 1.0, 2.0, 1.0, 1.0, 2.0, 1.0, -1.0, -1.0, -1.0, 2.0, -1.0, -1.0, 2.0, 1.0, 0.0, -1.0, -1.0, -1.0, 2.0, 1.0, 1.0, 2.0, 0.0, 0.0, 3.0, 96893.0, 511.0
0.0, 2.0, 1.0, -1.0, 2.0, 0.0, 2.0, 0.0, 0.0, 2.0, 2.0, 2.0, 1.0, -1.0, 0.0, 2.0, 0.0, 0.0, -1.0, 2.0, -1.0, -1.0, 1.0, -1.0, 1.0, -1.0, 3.0, 2.0, 0.0, 0.0, 3.0, 1.0, 3.0, 1.0, -1.0, 3.0, 1.0, 0.0, 2.0, -1.0, 0.0, 1.0, 1.0, 3.0, 2.0, 0.0, 0.0, 2.0, -1.0, -1.0, 96427.0, 543.0
-1.0, -1.0, 0.0, -1.0, 0.0, 1.0, 2.0, 3.0, -1.0, 1.0, -1.0, -1.0, 1.0, 0.0, 1.0, 3.0, 2.0, 3.0, -1.0, 2.0, 1.0, 3.0, -1.0, 1.0, 2.0, -1.0, 3.0, 0.0, 1.0, 0.0, 0.0, 2.0, 3.0, 2.0, 1.0, 3.0, 1.0, -1.0, 1.0, 2.0, -1.0, -1.0, -1.0, -1.0, 1.0, -1.0, 2.0, 1.0, 2.0, 2.0, 97312.0, 475.0
-1.0, -1.0, 0.0, -1.0, 0.0, 1.0, 2.0, 3.0, -1.0, 1.0, -1.0, -1.0, 1.0, 0.0, 1.0, 3.0, 2.0, 3.0, -1.0, 2.0, 1.0, 3.0, -1.0, 1.0, 2.0, -1.0, 3.0, 0.0, 1.0, 0.0, 0.0, 2.0, 3.0, 2.0, 1.0, 3.0, 1.0, -1.0, 1.0, 2.0, -1.0, -1.0, -1.0, -1.0, 1.0, -1.0, 2.0, 1.0, 2.0, 2.0, 97312.0, 475.0
-1.0, -1.0, 0.0, -1.0, 0.0, 1.0, 2.0, 3.0, -1.0, 1.0, -1.0, -1.0, 1.0, 0.0, 1.0, 3.0, 2.0, 3.0, -1.0, 2.0, 1.0, 3.0, -1.0, 1.0, 2.0, -1.0, 3.0, 0.0, 1.0, 0.0, 0.0, 2.0, 3.0, 2.0, 1.0, 3.0, 1.0, -1.0, 1.0, 2.0, -1.0, -1.0, -1.0, -1.0, 1.0, -1.0, 2.0, 1.0, 2.0, 2.0, 97312.0, 475.0
-1.0, -1.0, 0.0, -1.0, 0.0, 1.0, 2.0, 3.0, -1.0, 1.0, -1.0, -1.0, 1.0, 0.0, 1.0, 3.0, 2.0, 3.0, -1.0, 2.0, 1.0, 3.0, -1.0, 1.0, 2.0, -1.0, 3.0, 0.0, 1.0, 0.0, 0.0, 2.0, 3.0, 2.0, 1.0, 3.0, 1.0, -1.0, 1.0, 2.0, -1.0, -1.0, -1.0, -1.0, 1.0, -1.0, 2.0, 1.0, 2.0, 2.0, 97312.0, 475.0
-1.0, -1.0, 0.0, -1.0, 0.0, 1.0, 2.0, 3.0, -1.0, 1.0, -1.0, -1.0, 1.0, 0.0, 1.0, 3.0, 2.0, 3.0, -1.0, 2.0, 1.0, 3.0, -1.0, 1.0, 2.0, -1.0, 3.0, 0.0, 1.0, 0.0, 0.0, 2.0, 3.0, 2.0, 1.0, 3.0, 1.0, -1.0, 1.0, 2.0, -1.0, -1.0, -1.0, -1.0, 1.0, -1.0, 2.0, 1.0, 2.0, 2.0, 97312.0, 475.0
-1.0, -1.0, 0.0, -1.0, 0.0, 1.0, 2.0, 3.0, -1.0, 1.0, -1.0, -1.0, 1.0, 0.0, 1.0, 3.0, 2.0, 3.0, -1.0, 2.0, 1.0, 3.0, -1.0, 1.0, 2.0, -1.0, 3.0, 0.0, 1.0, 0.0, 0.0, 2.0, 3.0, 2.0, 1.0, 3.0, 1.0, -1.0, 1.0, 2.0, -1.0, -1.0, -1.0, -1.0, 1.0, -1.0, 2.0, 1.0, 2.0, 2.0, 97312.0, 475.0
-1.0, -1.0, 0.0, -1.0, 0.0, 1.0, 2.0, 3.0, -1.0, 1.0, -1.0, -1.0, 1.0, 0.0, 1.0, 3.0, 2.0, 3.0, -1.0, 2.0, 1.0, 3.0, -1.0, 1.0, 2.0, -1.0, 3.0, 0.0, 1.0, 0.0, 0.0, 2.0, 3.0, 2.0, 1.0, 3.0, 1.0, -1.0, 1.0, 2.0, -1.0, -1.0, -1.0, -1.0, 1.0, -1.0, 2.0, 1.0, 2.0, 2.0, 97312.0, 475.0
-1.0, -1.0, 0.0, -1.0, 0.0, 1.0, 2.0, 3.0, -1.0, 1.0, -1.0, -1.0, 1.0, 0.0, 1.0, 3.0, 2.0, 3.0, -1.0, 2.0, 1.0, 3.0, -1.0, 1.0, 2.0, -1.0, 3.0, 0.0, 1.0, 0.0, 0.0, 2.0, 3.0, 2.0, 1.0, 3.0, 1.0, -1.0, 1.0, 2.0, -1.0, -1.0, -1.0, -1.0, 1.0, -1.0, 2.0, 1.0, 2.0, 2.0, 97312.0, 475.0
0.0, 2.0, 1.0, -1.0, 2.0, 0.0, 2.0, 0.0, 0.0, 2.0, 2.0, -1.0, 1.0, -1.0, 0.0, 2.0, 0.0, 2.0, 1.0, 2.0, -1.0, -1.0, 1.0, -1.0, 1.0, -1.0, 3.0, 2.0, 0.0, 0.0, 3.0, 1.0, 3.0, 1.0, -1.0, 3.0, 1.0, 0.0, 2.0, 3.0, 0.0, 1.0, 1.0, 3.0, 2.0, 0.0, 0.0, 2.0, -1.0, -1.0, 96455.0, 548.0
-1.0, -1.0, 0.0, -1.0, 0.0, 1.0, 2.0, 3.0, -1.0, 1.0, -1.0, 0.0, 1.0, 0.0, 1.0, 3.0, 2.0, 3.0, -1.0, 2.0, 3.0, 3.0, -1.0, 1.0, 2.0, -1.0, 3.0, 0.0, 1.0, 0.0, 0.0, 2.0, 0.0, 2.0, 1.0, 3.0, 1.0, -1.0, 1.0, 2.0, -1.0, -1.0, 2.0, -1.0, 1.0, 0.0, 2.0, 1.0, 2.0, 0.0, 96937.0, 519.0
