1.14620992603, 1.29093794977, 1.18327504354, 1.05840667666, 3.94952657242, 1.17835831626, 5.86759534743, 1.00348779487, 0.919739264015, 3.59315242809, 7.6491272631, 0.890977139855, 2.40601217794, 1.2186809327, 0.7997533035, 1.59999920173, 1.01248153911, 1.20710676797, 8.12086187294, 1.13247334794, 0.98622908396, 236.426683488, 0.941602902819, 2.20229307366, 0.995433310121, 3.92855591826, 0.975663770235, 29.6980356041, 0.804289544236
1.54137735515, 1.07641964943, 1.25021070494, 0.94838177452, 3.18945961278, 0.753437472667, 2.66656014182, 1.21894635522, 1.0640522266, 5.69469375117, 4.86437108277, 1.20800626933, 4.56367298341, 1.15463919606, 0.96045071301, 1.51968948099, 1.05813748687, 0.863112997487, 9.0861616966, 1.10599811122, 0.900611197438, 271.574856767, 0.867961051205, 5.46652877063, 1.18575978019, 4.06857405974, 1.08738027927, 66.0105773477, 0.0
3.24037409384, 1.13318793825, 1.28671523346, 1.06309819171, 6.93403640864, 0.854025503873, 2.48500589961, 1.22214888805, 1.00514232741, 4.45181286126, 7.22660571652, 1.15349467069, 2.27577302581, 1.10533312297, 1.0079629893, 1.3534518091, 1.15486413598, 0.937249334154, 9.06415652922, 1.04925103042, 0.890217015233, 142.065771747, 1.06615921864, 5.31675662519, 1.21804866163, 2.44420820597, 1.12541833707, 65.4888943237, 1.34048257373
5.3163539997, 1.26432889811, 1.10261286318, 1.14547845601, 2.49304611993, 0.866275405969, 4.30112312434, 0.82619884058, 1.02154186526, 2.59048138796, 6.52150596118, 1.13979644132, 2.18881266099, 1.15037914118, 0.995441895164, 1.59163871076, 1.06245044014, 0.839506598898, 7.99040921131, 1.06492044074, 0.826178305811, 135.929780944, 0.923845721986, 5.20672984202, 1.03706788269, 4.18745014962, 0.900542830538, 98.2548862447, 0.536193029491
5.70905992458, 1.10059032909, 0.887777202225, 1.00480312535, 3.53156497239, 0.944002493412, 5.84264202155, 1.05956677846, 1.11180849989, 5.97074338861, 3.8732064115, 0.920520531811, 4.08526924925, 0.996454873157, 1.01733275807, 1.60928461437, 1.09243111318, 0.943717280081, 7.46320951566, 1.0853279754, 0.822314947875, 234.75775552, 1.01081837591, 4.74839024829, 1.01650132232, 4.59742072465, 0.889369844181, 131.87262567, 0.0
1.81930488119, 1.24077265129, 1.38989707481, 1.10391247933, 5.01246239201, 0.846189684252, 3.02177317226, 1.25996662401, 0.907412254843, 1.27081818329, 3.47345050645, 1.1040995788, 2.10289786044, 1.17670238785, 0.97299973116, 1.61724115428, 1.08980265369, 1.09710835231, 4.12858293755, 1.03958928472, 0.881460930642, 244.286247214, 1.04490892854, 2.94827840181, 1.09116543629, 2.50352418291, 1.25913312287, 95.1464183213, 1.07238605898
5.32679720356, 1.24077265129, 1.1678568901, 1.1566241776, 2.82842455432, 1.01710849799, 4.95397441431, 1.07433800465, 1.08307908144, 3.55773696291, 1.57719798919, 1.10699935998, 4.56438340925, 0.912047087239, 0.878765133622, 1.2707204541, 1.00414181971, 1.09710835231, 6.46535479234, 1.15919292314, 0.833271110508, 119.58662584, 0.88189246707, 3.40124673521, 1.00058022959, 3.69567453639, 1.16107556253, 102.304255911, 0.536193029491
4.1370616379, 1.2934213793, 1.08857116795, 1.02145109259, 4.20635808163, 0.842578021325, 2.08887170209, 0.847583681392, 0.984549727755, 6.10913372182, 3.66820298351, 1.08669896984, 4.1393700432, 1.1390797483, 1.03134969839, 1.08728248084, 1.06099751192, 0.988524937375, 8.18759921625, 1.11502252897, 0.799137619247, 18.9367783612, 1.17736281251, 5.30441760591, 1.15331863107, 4.5375728399, 0.973229011134, 137.146396322, 0.0
2.50092526067, 1.2934213793, 1.00554340308, 0.917492366803, 5.19909376045, 1.00215976348, 5.36643559249, 1.20400944663, 0.984549727755, 5.53575011772, 6.92707164945, 1.1702777519, 1.6796135586, 1.04850357692, 0.816086035468, 1.34149283008, 1.04936466295, 1.22148360111, 9.0861616966, 0.970262129319, 0.923892383451, 346.087299918, 1.17368702485, 3.63552588995, 1.15331863107, 4.06857405974, 0.910421062288, 256.939483248, 0.0
5.00018261981, 1.03607075443, 1.68943704026, 1.00106918241, 1.4487375696, 1.01932649404, 1.73888285268, 1.01105928343, 1.07054474779, 2.79704425741, 6.39927035454, 0.905077258168, 4.77290156919, 0.887006176632, 0.950888881907, 1.27586347091, 1.07625997265, 1.03728336529, 8.34505621057, 0.929073578622, 0.822028061972, 119.539220045, 1.10158119379, 1.30369962733, 1.16428305127, 1.41798537395, 1.12720423922, 152.877679287, 0.268096514745
4.94531061236, 1.34741617222, 1.37665764589, 1.06309819171, 6.93403640864, 0.854025503873, 2.48500589961, 1.24733447796, 1.11560960268, 4.45181286126, 1.7052162998, 1.15349467069, 2.27577302581, 1.24511305305, 0.837076271431, 1.3534518091, 1.16657939223, 0.864774230659, 8.07719676862, 1.18275652125, 0.998305039376, 341.40947476, 1.13007141803, 5.31675662519, 1.21804866163, 2.44420820597, 0.944615338214, 580.020012343, 0.0
1.00489541898, 1.3035197183, 1.24394835379, 1.07744224769, 1.4487375696, 1.02211787976, 2.64927546391, 1.18280658727, 1.07383966398, 1.43970236119, 6.42474730033, 1.21692626141, 4.54061590435, 1.03098841831, 1.02307369078, 1.39585191309, 1.10745334762, 1.22937228091, 6.23877726526, 1.11971564607, 0.819908349887, 119.539220045, 0.976864097256, 3.07429899422, 1.10822317259, 5.06553862649, 1.24780377812, 583.460371159, 0.0
2.04846614708, 1.24077265129, 1.38989707481, 1.10391247933, 5.01246239201, 0.846189684252, 1.23258174801, 1.25996662401, 0.907412254843, 1.27081818329, 3.47345050645, 1.1040995788, 2.10289786044, 1.1840538856, 0.97299973116, 1.61724115428, 1.08980265369, 1.09710835231, 4.12858293755, 0.999363788561, 0.881460930642, 244.286247214, 1.04490892854, 2.94827840181, 1.09116543629, 3.26512951827, 1.25913312287, 574.620333229, 0.268096514745
5.71614417786, 1.30537443579, 0.88885188073, 0.939423077767, 3.53156497239, 0.778632725091, 5.84264202155, 1.05956677846, 1.11180849989, 5.97074338861, 3.8732064115, 0.849902583953, 4.48686679189, 0.996454873157, 1.01562347606, 1.2796882022, 1.09243111318, 0.890775016843, 7.46320951566, 1.0853279754, 0.822314947875, 234.75775552, 1.09723094127, 3.87088515767, 1.01650132232, 4.91658114272, 0.889369844181, 232.040041802, 0.536193029491
4.37627288572, 1.24763475278, 1.73444152651, 1.03199831986, 5.35031130259, 0.734615597698, 3.35472261781, 1.25996662401, 0.906454763799, 1.78032491781, 3.33113361439, 1.1519603856, 4.63978683649, 1.23209391166, 1.08270273904, 1.53420247723, 1.01546649512, 0.832221537054, 8.89698648705, 1.01453404618, 0.819014561604, 150.166072141, 1.13803778168, 5.6133353854, 0.960014244016, 3.4489054019, 0.97586053855, 136.409514648, 2.14477211796
4.3710309827, 1.30512384868, 1.49770468548, 0.869093317478, 2.93668935682, 1.08892350643, 3.02177317226, 1.09626127071, 1.01331973932, 2.6502700618, 3.85612124807, 1.09831871408, 4.21734528968, 1.17022196492, 0.893505725409, 1.29743639902, 1.01791441179, 1.15969910955, 8.79018398001, 0.997815042145, 0.96377104301, 317.90242837, 0.943596748684, 1.38561921758, 1.19288944864, 1.48242236236, 1.14097117684, 630.138459845, 0.0
1.83752863131, 1.2925729261, 0.733236188108, 1.16465509557, 3.56214693788, 0.953266170865, 4.44047935965, 1.03519276289, 1.11614743302, 4.76549730163, 4.46192161869, 0.826907021507, 4.00089257341, 1.27211712941, 1.08130024185, 1.36321144522, 1.07127903229, 1.12010767875, 9.16758413661, 1.17393714301, 0.947360086965, 285.959909164, 1.14377111016, 5.04246763291, 1.00133999498, 2.30313248304, 1.15569926379, 154.014593454, 0.804289544236
5.93936119835, 1.20757713433, 1.27261434175, 0.876502431015, 1.78055601653, 0.919308318042, 1.1104226726, 1.19989885275, 1.06226330167, 2.20321923651, 2.55633354864, 1.00285018286, 2.70998473707, 1.06390572751, 1.08975412298, 1.33039695263, 1.13393235539, 0.934092002827, 5.4541809764, 0.978309252067, 0.878596262756, 271.11312496, 1.03410418636, 2.85328715334, 1.06044116573, 1.33826147114, 0.987426823932, 665.9645186, 0.0
5.32679720356, 1.25229238699, 1.1678568901, 1.1566241776, 3.91147559491, 1.01710849799, 1.56678274404, 1.23772411367, 0.932110655251, 3.55773696291, 1.82272418489, 0.867805246496, 5.06523167461, 0.912047087239, 0.878765133622, 1.2707204541, 1.00414181971, 1.09710835231, 8.47491586579, 0.98438525914, 0.962934202631, 119.58662584, 0.912406335183, 3.57158389788, 1.02585920455, 3.69567453639, 1.16107556253, 718.400020615, 0.0
5.75512995949, 1.23611658364, 1.1250019099, 1.00709361275, 2.39261053529, 0.992431651105, 2.07124447343, 0.991580719627, 0.957156693761, 5.69963949353, 3.80165505004, 1.07440917237, 4.77290156919, 1.03373185205, 0.803787071822, 1.39585191309, 1.14700272545, 0.990116019467, 9.73737815539, 0.923263939997, 0.922036778781, 176.027451195, 0.851089540628, 3.54871045694, 0.951043205122, 1.936872678, 1.18298904126, 389.964883168, 0.536193029491
1.65491315854, 1.08429684029, 1.73858052156, 0.847365645637, 2.12574318026, 0.930551248078, 3.29654623371, 1.20650955805, 1.09061149932, 5.47114442915, 7.62390725398, 1.17914117222, 2.5342879984, 1.28479067455, 0.919160948332, 1.43509172464, 1.10737383994, 1.1100223963, 9.5939733989, 0.968020880253, 0.941683419157, 161.603353281, 1.04561039019, 5.8788606558, 1.14644329053, 5.21633773629, 1.03960918326, 177.872806871, 1.07238605898
2.45087779954, 1.34642780363, 1.73444152651, 1.03199831986, 5.35031130259, 0.794086765883, 3.35472261781, 0.825371131001, 1.03400884253, 1.78032491781, 3.33113361439, 1.15535609922, 4.63978683649, 1.23209391166, 1.05718994746, 1.46274390663, 1.01798602628, 1.1526734486, 3.82178176419, 1.01453404618, 0.819014561604, 150.166072141, 1.13803778168, 5.6133353854, 0.960014244016, 3.4489054019, 0.908638959359, 885.652900999, 0.0
1.05660552287, 1.41232651408, 0.984231719291, 1.10391247933, 5.01246239201, 0.815176921628, 2.29883575076, 1.0358914823, 0.999594035967, 5.35835102605, 3.47345050645, 0.905077258168, 5.06523167461, 1.1840538856, 0.829313678035, 1.3481584239, 1.01015042083, 0.978354123577, 7.28206800619, 1.03661282705, 0.777622491002, 297.473869881, 0.924210116286, 2.02292709944, 1.0861480981, 3.69567453639, 1.09793141482, 160.717597981, 1.34048257373
1.05660552287, 1.3687160472, 0.984231719291, 1.10391247933, 3.57705731587, 0.815176921628, 2.29883575076, 1.0358914823, 0.999594035967, 5.35835102605, 3.47345050645, 0.905077258168, 2.10289786044, 1.1840538856, 0.829313678035, 1.3481584239, 1.07482836515, 0.978354123577, 7.28206800619, 0.929073578622, 0.780785512558, 244.286247214, 0.924210116286, 2.94827840181, 1.0861480981, 3.26512951827, 0.883841967684, 158.5452828, 2.9490616622
3.24037409384, 1.34741617222, 1.37665764589, 1.12140805166, 6.93403640864, 0.812518004241, 2.48500589961, 1.22214888805, 1.00514232741, 4.45181286126, 1.7052162998, 1.15349467069, 2.27577302581, 1.28845241949, 0.927151244706, 1.3534518091, 1.16657939223, 0.864774230659, 9.06415652922, 1.18275652125, 0.998305039376, 341.40947476, 1.06615921864, 5.31675662519, 1.21804866163, 5.15374947981, 0.899456894725, 1040.27278656, 0.0
5.70905992458, 1.30537443579, 0.88885188073, 1.00480312535, 3.53156497239, 0.944002493412, 5.84264202155, 1.05956677846, 1.11180849989, 5.97074338861, 3.8732064115, 0.920520531811, 4.08526924925, 0.996454873157, 1.01733275807, 1.60928461437, 1.09243111318, 0.943717280081, 7.46320951566, 1.0853279754, 0.822314947875, 234.75775552, 1.00312931271, 4.74839024829, 1.01650132232, 4.91658114272, 0.889369844181, 1140.48476872, 0.0
3.95236707678, 1.25235103317, 1.0509076498, 1.13708179757, 3.20513323004, 0.722927228311, 2.59984988728, 1.05956677846, 0.951801157065, 5.57565625173, 5.79186941447, 1.01204431529, 2.69820068685, 1.27598182379, 0.993291569306, 1.11395697185, 1.15657840575, 1.01984827785, 5.45291306189, 1.04324774819, 0.945396847292, 416.562627215, 0.898452821561, 5.81871053669, 1.08084079265, 4.18691046522, 1.18398088793, 171.586844963, 3.21715817694
4.39283564005, 1.17673466021, 0.875965530688, 0.814109345325, 2.09001385113, 0.715593062471, 5.53583872029, 0.957094657087, 1.07487731721, 5.94596286101, 7.61749984775, 0.922303059901, 2.77651174641, 1.15634022139, 0.912950849799, 1.0830227201, 1.12927763935, 0.991603030292, 3.98648540851, 1.15124631073, 0.993275528886, 142.021829641, 0.946980768623, 1.37831032441, 1.1001459485, 5.33998493885, 0.87036102199, 209.807731862, 2.14477211796
1.83752863131, 1.2925729261, 0.730025300606, 1.16465509557, 3.56214693788, 1.04287636188, 4.44047935965, 1.03519276289, 1.11614743302, 4.98049127561, 3.09008820339, 0.826907021507, 4.68056339669, 1.27211712941, 1.08130024185, 1.36321144522, 1.07127903229, 1.12010767875, 9.16758413661, 1.17393714301, 0.947360086965, 285.959909164, 1.14377111016, 5.04614115429, 1.00133999498, 2.30313248304, 1.15569926379, 320.426276031, 1.07238605898
3.62265536673, 1.02663961958, 1.63109743976, 0.874437702841, 4.19999542151, 0.716220904826, 2.64927546391, 1.13114149584, 0.971159434235, 2.93048638868, 4.65977046401, 0.849223550421, 4.84514233373, 1.11191895591, 0.979432084572, 1.2796882022, 1.03147328865, 0.953654345061, 5.77059304664, 1.09780984565, 0.797573383771, 400.487355874, 1.01977668952, 5.04614115429, 1.22946045867, 1.61919214401, 1.15443680175, 1258.659778, 0.0
1.57030400801, 1.38125763689, 1.49770468548, 0.869093317478, 2.93668935682, 0.840278936354, 3.02177317226, 1.22369377436, 1.01331973932, 2.6502700618, 3.85612124807, 1.20800626933, 4.21734528968, 1.17022196492, 0.893505725409, 1.29743639902, 1.01791441179, 1.17101625298, 8.79018398001, 0.94388194805, 0.96377104301, 317.90242837, 1.02115362108, 1.38561921758, 1.19288944864, 1.48242236236, 1.14097117684, 977.640782797, 0.268096514745
1.03335826552, 1.41232651408, 0.969066791381, 0.858993211539, 2.04955770459, 0.768958901043, 4.32262966525, 1.24581542489, 0.937921120598, 1.69570472835, 4.40273595806, 1.01467771464, 5.00874012471, 0.982506926302, 0.850864879463, 1.14287955626, 1.08635132851, 1.10589780685, 9.1140005411, 1.12683418888, 0.845523271401, 150.729153179, 0.84602567082, 2.02292709944, 1.17709890986, 2.25920156694, 1.27670936386, 1343.13605855, 0.0
3.64386037467, 1.06868691884, 0.788434437053, 1.01484780353, 1.43888759842, 0.804390090554, 4.03504927175, 0.992753066638, 0.982964928403, 5.69469375117, 7.45180366499, 1.20385260268, 4.19949506473, 0.828548283589, 0.783532904863, 1.21615312646, 1.0007023956, 1.00784486158, 5.2361418964, 0.946269197377, 0.902458495073, 385.135928714, 0.871379379184, 1.4386898849, 1.05107363068, 2.37152607865, 0.957097771518, 642.393341033, 0.536193029491
5.32679720356, 1.24077265129, 1.1678568901, 1.1566241776, 2.82842455432, 1.01710849799, 4.95397441431, 1.23772411367, 1.08307908144, 3.55773696291, 1.82272418489, 0.867805246496, 4.56438340925, 0.912047087239, 0.878765133622, 1.2707204541, 1.00414181971, 1.09710835231, 7.01156683273, 1.15919292314, 0.868013778753, 119.58662584, 0.88189246707, 3.57158389788, 1.02585920455, 3.69567453639, 1.16107556253, 279.924601637, 1.34048257373
2.45087779954, 1.34642780363, 1.73444152651, 1.03199831986, 5.35031130259, 0.794086765883, 3.35472261781, 0.825371131001, 1.03400884253, 1.78032491781, 3.33113361439, 1.15535609922, 4.63978683649, 1.23209391166, 1.01733275807, 1.46274390663, 1.01798602628, 1.1526734486, 3.82178176419, 1.0853279754, 0.819014561604, 150.166072141, 1.13803778168, 5.6133353854, 0.960014244016, 3.4489054019, 0.908638959359, 1351.18420546, 0.0
1.02606582198, 1.01367689823, 1.50882507996, 1.07744224769, 1.4487375696, 1.12673358161, 2.64927546391, 1.18280658727, 1.07383966398, 1.43970236119, 6.4049411, 1.21692626141, 4.54061590435, 1.03098841831, 1.0715869136, 1.39585191309, 1.10745334762, 1.22937228091, 6.23877726526, 1.14493687157, 0.908770514803, 119.539220045, 0.976864097256, 5.31675662519, 1.13688488061, 5.06553862649, 1.24780377812, 393.644879765, 1.07238605898
5.78523365324, 1.28022913111, 1.18900203634, 1.16879240033, 5.46785167432, 1.03466030183, 2.51791560182, 1.20269051134, 1.10592532147, 1.86774862804, 3.47857874146, 0.881489682329, 4.87222544676, 1.28575467301, 0.829035590162, 1.31979290467, 1.14515907217, 1.15415526196, 6.98987063376, 1.11567437883, 0.941683419157, 355.147758945, 0.862379128497, 5.8788606558, 1.18727127387, 1.94654958771, 1.03960918326, 597.243164463, 0.804289544236
1.65491315854, 1.08429684029, 1.73858052156, 0.847365645637, 2.12574318026, 0.930551248078, 3.29654623371, 1.20650955805, 1.09061149932, 5.47114442915, 7.62390725398, 1.17914117222, 3.49157072624, 1.28479067455, 0.919160948332, 1.15063582116, 1.10737383994, 1.1100223963, 9.5939733989, 0.968020880253, 0.941683419157, 161.603353281, 1.04561039019, 5.8788606558, 1.14644329053, 5.21633773629, 1.03960918326, 1419.77143321, 0.0
1.05660552287, 1.41232651408, 0.984231719291, 1.10391247933, 5.01246239201, 0.815176921628, 2.29883575076, 1.0358914823, 0.999594035967, 5.35835102605, 3.47345050645, 0.905077258168, 1.7993952383, 1.1840538856, 0.979432084572, 1.3481584239, 1.01015042083, 1.05932553206, 7.28206800619, 1.03661282705, 0.881015825708, 297.473869881, 0.924210116286, 2.02292709944, 1.0861480981, 2.5038251136, 1.09793141482, 353.689898361, 1.60857908847
1.65491315854, 1.08429684029, 0.999801523706, 0.847365645637, 2.12574318026, 0.930551248078, 3.29654623371, 1.20650955805, 1.09061149932, 5.47114442915, 7.78316469898, 1.17914117222, 3.02348609662, 1.28479067455, 0.80521117875, 1.30001496655, 1.10737383994, 1.1100223963, 9.5939733989, 0.968020880253, 0.799937766579, 161.603353281, 1.04561039019, 5.23336271448, 1.14644329053, 5.21633773629, 1.07096809205, 696.538264693, 0.536193029491
3.95236707678, 1.25235103317, 1.0509076498, 1.13708179757, 3.20513323004, 0.722927228311, 2.59984988728, 1.1393229514, 0.951801157065, 5.57565625173, 4.62941566168, 1.01204431529, 4.66783770646, 1.27598182379, 1.06561119459, 1.11395697185, 1.16272265007, 1.01984827785, 5.45291306189, 1.04324774819, 0.945396847292, 416.562627215, 0.898452821561, 5.81871053669, 1.08084079265, 4.18691046522, 1.18398088793, 262.361718079, 10.1876675603
1.46543513774, 1.18894302445, 0.796886266435, 0.886215464337, 4.81371145366, 0.973310099787, 2.32765993156, 1.05595987153, 0.933435262196, 4.84824749083, 2.96893883464, 1.11684491001, 2.43179711469, 1.00259846618, 0.989030202993, 1.46905676604, 1.07573528777, 1.10862526278, 9.78927553674, 0.971811176426, 0.976612294001, 174.827042221, 1.0299300394, 1.08913404388, 1.02017634312, 4.62289043824, 1.02569719881, 1427.22143838, 0.0
2.93178811148, 1.12256634485, 1.25214775337, 1.08165591972, 4.04609422747, 0.834301023821, 1.56584842413, 1.1090803365, 0.953094965707, 3.64436197355, 7.36105726835, 0.94200511942, 1.27338457205, 1.01467693617, 0.945995956937, 1.28888600662, 1.16716826882, 0.82554982364, 4.5531425972, 1.18474499304, 0.777504935956, 387.30585613, 0.932346853009, 3.23239740976, 1.07027114169, 2.75652680688, 1.2727662376, 375.857475252, 1.60857908847
1.02606582198, 1.01367689823, 1.50882507996, 1.07744224769, 1.4487375696, 1.12673358161, 2.64927546391, 1.18280658727, 1.07383966398, 1.43970236119, 6.4049411, 1.21692626141, 4.54061590435, 1.03098841831, 1.02307369078, 1.39585191309, 1.10745334762, 1.22937228091, 6.23877726526, 1.11722463648, 0.852888172757, 119.539220045, 0.976864097256, 3.07429899422, 1.10822317259, 5.06553862649, 1.24780377812, 1430.2170668, 0.0
5.93936119835, 1.40986038996, 1.27261434175, 0.876502431015, 4.54527586615, 0.85266891687, 1.04920525244, 1.19989885275, 1.06226330167, 2.20321923651, 2.55633354864, 1.00285018286, 1.73988828443, 1.06390572751, 1.00758512061, 1.03294892213, 1.13393235539, 0.934092002827, 3.31976321271, 0.933434560822, 0.853515981239, 271.11312496, 0.927724422325, 2.85328715334, 1.06044116573, 1.33826147114, 1.21487467203, 384.000614961, 1.87667560322
4.58015567359, 1.07942105187, 0.897690919984, 1.02145109259, 4.20635808163, 0.842578021325, 1.92652524695, 1.01496459492, 1.01945095096, 6.020991413, 3.66820298351, 1.08669896984, 4.1393700432, 1.1390797483, 1.03134969839, 1.59734590392, 1.06099751192, 0.988524937375, 8.18759921625, 1.12645126173, 0.799137619247, 18.9367783612, 1.13078181763, 5.30441760591, 1.15768893035, 4.38231435148, 1.08271911267, 413.195907404, 1.34048257373
1.02606582198, 1.02663961958, 0.768118448836, 1.07744224769, 1.4487375696, 1.12673358161, 2.64927546391, 0.996722645038, 1.07383966398, 1.43970236119, 6.4049411, 1.21692626141, 4.54061590435, 1.03098841831, 0.959194620061, 1.39585191309, 1.10745334762, 1.22937228091, 4.89448936159, 1.11722463648, 0.852888172757, 119.539220045, 0.976864097256, 3.07429899422, 1.10822317259, 4.97823274928, 1.24780377812, 1471.30035121, 0.0
1.83752863131, 1.2925729261, 0.886263860316, 1.16465509557, 3.56214693788, 1.18151528197, 4.44047935965, 1.04297483169, 1.11614743302, 4.76549730163, 4.46192161869, 0.826907021507, 4.00089257341, 1.27211712941, 1.08553263442, 1.43184526128, 1.07127903229, 1.12010767875, 9.16758413661, 1.17393714301, 0.947360086965, 210.33654177, 1.14377111016, 5.04246763291, 1.00133999498, 2.30313248304, 1.1739739815, 592.341411594, 1.07238605898
1.18138842353, 1.1135553006, 0.791315116213, 1.21148344734, 2.13006338643, 0.870986749547, 3.49242315881, 0.878088942385, 1.08977796089, 3.49731900017, 1.77673156315, 0.953761731096, 2.46294197675, 0.924679596646, 1.08910750458, 1.35138736928, 1.14897308143, 1.16039228317, 4.63679990131, 0.976029604627, 0.955901444181, 234.893900901, 1.0432726355, 1.4934356996, 0.962379666858, 2.88607930518, 1.08907328588, 362.629733431, 5.36193029491
3.24037409384, 1.22724578559, 1.28671523346, 1.06309819171, 6.93403640864, 0.854025503873, 2.48500589961, 1.22214888805, 1.00514232741, 4.45181286126, 7.22660571652, 1.15349467069, 2.27577302581, 1.03149944838, 1.0079629893, 1.33618462278, 1.15486413598, 0.937249334154, 9.06415652922, 1.06492044074, 0.890217015233, 142.065771747, 1.06615921864, 5.31675662519, 1.21804866163, 2.44420820597, 1.12541833707, 925.396541601, 0.536193029491
5.93936119835, 1.20757713433, 1.27261434175, 0.876502431015, 1.78055601653, 0.919308318042, 1.1104226726, 1.19989885275, 1.06226330167, 2.20321923651, 6.32541771847, 1.00285018286, 2.70998473707, 1.06390572751, 1.08975412298, 1.0365752037, 1.13393235539, 0.934092002827, 5.4541809764, 0.9865446362, 0.878596262756, 271.11312496, 1.03410418636, 2.85328715334, 1.06044116573, 1.33826147114, 0.987426823932, 1482.417057, 0.0
1.02606582198, 1.01367689823, 1.50882507996, 1.07744224769, 1.4321910066, 1.12673358161, 2.64927546391, 1.18280658727, 1.07383966398, 1.43970236119, 6.4049411, 1.21692626141, 4.54061590435, 1.03098841831, 1.0715869136, 1.48043610429, 1.10745334762, 1.22937228091, 6.23877726526, 1.14493687157, 0.908770514803, 119.539220045, 0.976864097256, 5.31675662519, 1.13688488061, 5.06553862649, 1.24780377812, 388.743134849, 2.14477211796
2.45087779954, 1.33962895432, 1.73444152651, 1.05121770478, 5.35031130259, 0.794086765883, 3.35472261781, 1.12085502932, 1.03400884253, 1.78032491781, 3.33113361439, 1.15535609922, 4.63978683649, 1.23209391166, 1.05718994746, 1.46274390663, 1.01798602628, 1.1526734486, 3.82178176419, 1.01453404618, 0.819014561604, 150.166072141, 1.13803778168, 5.6133353854, 0.960014244016, 3.4489054019, 0.908638959359, 1494.68244409, 0.0
1.83752863131, 1.40986038996, 0.886263860316, 1.16465509557, 3.56214693788, 1.18151528197, 4.44047935965, 1.04297483169, 1.11614743302, 4.76549730163, 4.46192161869, 0.826907021507, 4.00089257341, 1.27211712941, 1.08553263442, 1.43184526128, 1.07127903229, 1.12010767875, 7.20458005131, 1.17393714301, 0.947360086965, 210.33654177, 1.15640487297, 5.04246763291, 1.00133999498, 2.30313248304, 1.1739739815, 400.611559409, 1.87667560322
5.00018261981, 1.03607075443, 0.999228665671, 1.00106918241, 3.32672542732, 1.01932649404, 1.73888285268, 1.01105928343, 1.07054474779, 2.79704425741, 6.39927035454, 0.905077258168, 4.77290156919, 0.887006176632, 0.950888881907, 1.27586347091, 1.07625997265, 1.03728336529, 8.34505621057, 0.929073578622, 0.822028061972, 402.007896141, 1.15867301196, 1.30369962733, 1.16428305127, 1.41798537395, 1.12720423922, 463.582247583, 1.60857908847
1.00489541898, 1.3035197183, 1.24394835379, 1.07744224769, 1.4487375696, 1.02211787976, 5.02102482769, 1.18280658727, 1.07383966398, 1.43970236119, 3.80165505004, 1.21692626141, 4.54061590435, 1.03098841831, 1.02307369078, 1.39585191309, 1.10745334762, 0.990116019467, 5.7309641929, 1.11971564607, 0.819908349887, 50.1485130565, 0.976864097256, 3.07429899422, 1.10822317259, 5.06553862649, 1.24780377812, 982.637222128, 0.536193029491
2.04846614708, 1.3687160472, 1.38989707481, 1.10728713108, 5.01246239201, 0.846189684252, 2.29883575076, 1.25996662401, 0.907412254843, 1.27081818329, 4.45713451115, 0.97264467178, 2.10289786044, 1.1840538856, 0.97299973116, 1.04762098786, 1.08980265369, 0.978354123577, 4.12858293755, 0.999363788561, 0.881460930642, 244.286247214, 0.924210116286, 2.94827840181, 1.0861480981, 3.26512951827, 1.25913312287, 509.305476613, 1.60857908847
4.37627288572, 1.24763475278, 1.73444152651, 1.03199831986, 5.35031130259, 0.734615597698, 1.49883963478, 1.25996662401, 0.906454763799, 1.78032491781, 3.33113361439, 1.1519603856, 4.63978683649, 1.23209391166, 1.07276963777, 1.46274390663, 1.01546649512, 1.1526734486, 8.89698648705, 1.01453404618, 0.819014561604, 150.166072141, 1.13803778168, 5.6133353854, 0.960014244016, 3.4489054019, 0.97586053855, 1590.62709066, 0.0
3.62265536673, 1.33834562279, 1.72943442355, 0.814438055834, 4.19999542151, 0.716220904826, 4.56381392968, 1.03519276289, 0.971159434235, 1.27081818329, 4.65977046401, 0.849223550421, 4.84514233373, 1.11191895591, 0.979432084572, 1.2796882022, 1.01739807995, 1.10607527721, 5.77059304664, 1.09780984565, 0.797573383771, 400.487355874, 0.867961051205, 3.32037843478, 1.18575978019, 1.61919214401, 1.10448395258, 632.893921541, 1.07238605898
1.72371634216, 1.17737436766, 1.68943704026, 0.985001364407, 3.11217603038, 0.828071236973, 3.22605834984, 0.900313279376, 0.924975393935, 1.95248197935, 3.84683287629, 1.15757358463, 1.05093115288, 0.915259725304, 0.97202563823, 1.43184526128, 1.13849700967, 0.945816208924, 3.03221385045, 1.11661131137, 0.888867955769, 413.47610158, 0.993746991504, 2.86991704475, 1.22743619355, 1.99303087556, 0.973229011134, 1683.63263703, 0.0
1.05660552287, 1.3687160472, 0.984231719291, 1.10391247933, 5.01246239201, 0.815176921628, 2.29883575076, 1.0358914823, 0.999594035967, 5.35835102605, 3.47345050645, 0.905077258168, 2.10289786044, 1.1840538856, 0.829313678035, 1.3481584239, 1.01015042083, 0.978354123577, 7.28206800619, 0.93648373158, 0.780785512558, 244.286247214, 0.924210116286, 2.94827840181, 1.0861480981, 3.26512951827, 1.09793141482, 483.382890367, 1.87667560322
5.70905992458, 1.20651783927, 0.88885188073, 1.00480312535, 3.53156497239, 0.894015432381, 5.84264202155, 1.05956677846, 1.11180849989, 6.10541730734, 3.8732064115, 0.920520531811, 4.08526924925, 0.996454873157, 1.01733275807, 1.60928461437, 1.09243111318, 0.943717280081, 7.46320951566, 1.0853279754, 0.822314947875, 234.75775552, 1.00312931271, 4.74839024829, 1.01650132232, 4.91658114272, 0.889369844181, 1803.98383118, 0.0
3.62265536673, 1.33834562279, 1.63109743976, 0.814438055834, 4.19999542151, 0.716220904826, 4.56381392968, 1.03519276289, 0.971159434235, 2.93048638868, 4.65977046401, 0.849223550421, 4.84514233373, 1.11191895591, 0.979432084572, 1.2796882022, 1.02053310088, 0.953654345061, 5.77059304664, 1.09780984565, 0.797573383771, 400.487355874, 0.867961051205, 3.32037843478, 1.18575978019, 1.61919214401, 1.15443680175, 1898.42496536, 0.0
5.00018261981, 1.03607075443, 1.68943704026, 1.00709361275, 3.32672542732, 1.01932649404, 1.73888285268, 1.01105928343, 1.07054474779, 2.79704425741, 6.39927035454, 0.905077258168, 4.77290156919, 0.887006176632, 0.950888881907, 1.39585191309, 1.07625997265, 0.973173858103, 8.34505621057, 0.929073578622, 0.822028061972, 402.007896141, 1.15867301196, 1.30369962733, 1.10822317259, 1.41798537395, 1.12720423922, 443.988421025, 2.9490616622
1.03335826552, 1.41232651408, 0.969066791381, 0.858993211539, 2.04955770459, 0.886673465256, 4.32262966525, 1.24581542489, 0.937921120598, 1.69570472835, 1.63472316126, 1.01467771464, 5.00874012471, 0.982506926302, 0.850864879463, 1.14287955626, 1.08635132851, 1.10589780685, 9.1140005411, 1.12683418888, 0.845523271401, 150.729153179, 0.923968915502, 2.02292709944, 1.17709890986, 2.25920156694, 1.27670936386, 2007.07575151, 0.0
1.34969837209, 1.30512384868, 1.49770468548, 0.874369304044, 5.93887266615, 0.899101375403, 3.42660078448, 0.998230431768, 0.91053848791, 2.72945897429, 3.3854167525, 0.825295529743, 2.77371270246, 1.17022196492, 0.841023585276, 1.29743639902, 1.0091875845, 1.18711772029, 8.82520798985, 0.952670816751, 0.890217015233, 218.524814697, 0.963419779486, 2.34891240451, 1.23999111334, 5.38002503793, 1.26903951811, 1030.1713251, 0.804289544236
5.70905992458, 1.10059032909, 0.887777202225, 1.00480312535, 3.53156497239, 0.944002493412, 5.84264202155, 1.05956677846, 1.11180849989, 5.97074338861, 3.8732064115, 0.920520531811, 4.08526924925, 0.996454873157, 1.01562347606, 1.60928461437, 1.09243111318, 0.943717280081, 7.46320951566, 1.0853279754, 0.822314947875, 234.75775552, 1.01081837591, 4.74839024829, 1.01650132232, 4.59742072465, 0.889369844181, 490.125985935, 2.68096514745
5.71614417786, 1.30537443579, 0.88885188073, 1.00480312535, 3.53156497239, 0.778632725091, 5.84264202155, 1.05956677846, 1.11180849989, 5.97074338861, 3.8732064115, 0.849902583953, 4.48686679189, 0.996454873157, 1.01733275807, 1.2796882022, 1.09243111318, 0.890775016843, 7.46320951566, 1.0853279754, 0.822314947875, 234.75775552, 1.09723094127, 4.74839024829, 1.01650132232, 4.91658114272, 0.889369844181, 444.140538709, 3.48525469169
5.32679720356, 1.25229238699, 1.1678568901, 0.988126848505, 2.82842455432, 1.01710849799, 1.54632019523, 1.23772411367, 0.932110655251, 3.55773696291, 2.04405220632, 1.09039100194, 5.06523167461, 0.912047087239, 0.878765133622, 1.2707204541, 1.00414181971, 1.09710835231, 8.47491586579, 1.15919292314, 0.962934202631, 119.58662584, 0.88189246707, 3.57158389788, 1.02585920455, 3.69567453639, 1.16107556253, 1609.48618879, 0.268096514745
4.37627288572, 1.25710353293, 1.73444152651, 1.03199831986, 5.35031130259, 0.734615597698, 1.49883963478, 1.25996662401, 0.906454763799, 1.78032491781, 3.33113361439, 1.1519603856, 5.054614599, 1.23209391166, 1.07276963777, 1.46274390663, 1.01546649512, 1.21717836915, 8.89698648705, 1.01453404618, 0.819014561604, 150.166072141, 1.13803778168, 5.6133353854, 0.960014244016, 3.4489054019, 0.97586053855, 2024.14642063, 0.0
3.95921160088, 1.34470135879, 1.70298545456, 0.851574637039, 6.90733082625, 1.06339085404, 2.31851532258, 1.0909275203, 0.928697727489, 3.93730194734, 5.9640603793, 0.978816074788, 4.34485672966, 1.06165884591, 1.06786823703, 1.21317625782, 1.07004334437, 1.15481902997, 6.40109831921, 1.12813841724, 0.767858064526, 393.701466198, 1.01724212806, 3.71734457493, 1.20201874854, 2.68585933245, 0.97648383058, 716.946816189, 1.07238605898
5.65054641334, 1.11160429486, 1.58111258882, 1.11743660251, 3.78725522588, 0.900519962809, 2.70492336344, 1.20170675662, 1.05351681741, 3.62321316341, 2.52581773247, 0.898323360106, 1.35439626278, 1.18706095546, 0.907143666543, 1.51202037279, 1.07060458317, 0.893415014178, 4.26641595617, 0.945754895798, 0.953135831112, 379.295086854, 0.94085865343, 1.11337479255, 1.20270578119, 3.14829832787, 0.897454679398, 522.937085731, 2.14477211796
3.12170471076, 1.21971898883, 1.08857116795, 1.02145109259, 3.65698510137, 0.842578021325, 2.13144294505, 0.847583681392, 1.07933781807, 6.10913372182, 3.66820298351, 1.08669896984, 4.1393700432, 1.1390797483, 1.03134969839, 1.23130405958, 1.06099751192, 0.988524937375, 8.18759921625, 1.03653150927, 0.799137619247, 18.9367783612, 1.1515648994, 5.54118905447, 1.22676095558, 1.55349059188, 0.973229011134, 466.110297439, 3.21715817694
5.61699010842, 1.00354560626, 1.53721762023, 1.00053295214, 1.52806886393, 0.964850682759, 4.80046603054, 1.19977999989, 0.999594035967, 4.25772199214, 4.94946914373, 1.10395293485, 5.00874012471, 1.16462978674, 0.860929280371, 1.44825686927, 1.01015042083, 1.06950539565, 3.3833878037, 1.03804732285, 0.958052290648, 353.238003125, 1.11036902052, 4.77989820065, 1.21326628228, 2.25920156694, 1.20668156166, 535.806062624, 2.14477211796
3.64386037467, 1.06868691884, 0.780703608907, 1.01484780353, 1.43888759842, 0.804390090554, 4.03504927175, 0.992753066638, 0.982964928403, 5.69469375117, 7.45180366499, 1.20385260268, 4.19949506473, 0.828548283589, 0.783532904863, 1.21615312646, 1.0007023956, 1.00784486158, 5.2361418964, 0.946269197377, 0.902458495073, 385.135928714, 0.871379379184, 1.4386898849, 1.05107363068, 2.37152607865, 0.957097771518, 465.086601508, 6.70241286863
5.93936119835, 1.40986038996, 1.27261434175, 0.876502431015, 4.54527586615, 0.779869671048, 1.04920525244, 1.19989885275, 1.01331973932, 2.20321923651, 2.04405220632, 1.09039100194, 1.73988828443, 1.06390572751, 1.00758512061, 1.0365752037, 1.1347988082, 0.934092002827, 5.4541809764, 0.933434560822, 0.878596262756, 271.11312496, 1.03410418636, 2.85328715334, 1.02463852008, 1.05537447473, 1.21487467203, 2165.14622044, 0.0
3.24037409384, 1.34741617222, 1.37665764589, 1.12140805166, 6.93403640864, 0.812518004241, 2.48500589961, 1.22214888805, 1.00514232741, 4.45181286126, 1.7052162998, 1.15349467069, 2.27577302581, 1.28845241949, 1.01056627689, 1.3534518091, 1.16657939223, 0.864774230659, 9.06415652922, 1.18275652125, 0.998305039376, 341.40947476, 1.06615921864, 5.31675662519, 1.21804866163, 2.44420820597, 0.944615338214, 1107.53840065, 0.804289544236
1.05660552287, 1.41232651408, 0.984231719291, 1.10391247933, 5.01246239201, 0.815176921628, 2.29883575076, 1.0358914823, 0.999594035967, 5.35835102605, 3.47345050645, 0.905077258168, 2.10289786044, 1.1840538856, 0.829313678035, 1.3481584239, 1.01015042083, 0.978354123577, 7.28206800619, 1.03661282705, 0.780785512558, 297.473869881, 0.924210116286, 2.02292709944, 1.0861480981, 3.26512951827, 1.09793141482, 1377.69609815, 0.536193029491
2.45087779954, 1.34642780363, 1.73444152651, 1.03199831986, 5.35031130259, 0.794086765883, 3.35472261781, 0.825371131001, 1.03400884253, 2.31686594818, 3.33113361439, 1.15535609922, 4.63978683649, 1.2351255174, 1.01733275807, 1.46274390663, 1.01798602628, 1.1526734486, 3.82178176419, 1.05742418448, 0.819014561604, 150.166072141, 1.13803778168, 5.6133353854, 0.957809678725, 3.4489054019, 0.908638959359, 607.317938179, 1.60857908847
5.71614417786, 1.30537443579, 0.88885188073, 1.00480312535, 3.53156497239, 0.778632725091, 5.84264202155, 1.05956677846, 1.11180849989, 5.97074338861, 3.8732064115, 0.920520531811, 4.08526924925, 0.996454873157, 1.01733275807, 1.60928461437, 1.09243111318, 0.943717280081, 7.46320951566, 1.0853279754, 0.822314947875, 234.75775552, 1.00312931271, 4.74839024829, 1.01650132232, 4.91658114272, 0.889369844181, 2185.64042484, 0.0
4.37627288572, 1.34642780363, 1.73444152651, 1.03199831986, 5.35031130259, 0.794086765883, 1.49883963478, 1.25996662401, 0.907412254843, 1.78032491781, 3.33113361439, 1.1519603856, 4.63978683649, 1.23209391166, 1.07276963777, 1.46274390663, 1.01546649512, 1.1526734486, 3.82178176419, 1.01453404618, 0.819014561604, 150.166072141, 1.13803778168, 5.6133353854, 0.960014244016, 3.4489054019, 0.908638959359, 723.651524108, 1.07238605898
4.37627288572, 1.34642780363, 1.73444152651, 1.03199831986, 5.35031130259, 0.772023912901, 1.49883963478, 1.25996662401, 0.907412254843, 1.78032491781, 3.33113361439, 1.1519603856, 4.63978683649, 1.23209391166, 1.07276963777, 1.46274390663, 1.01546649512, 1.1526734486, 8.89698648705, 1.01453404618, 0.819014561604, 150.166072141, 1.13803778168, 5.6133353854, 0.960014244016, 3.4489054019, 0.908638959359, 1404.4039825, 0.536193029491
3.62265536673, 1.33834562279, 1.63109743976, 0.874437702841, 4.19999542151, 0.716220904826, 4.56381392968, 1.03519276289, 0.971159434235, 2.93048638868, 4.65977046401, 0.844163068557, 4.84514233373, 1.11191895591, 0.979432084572, 1.2796882022, 1.03147328865, 0.953654345061, 5.77059304664, 1.12683418888, 0.797573383771, 400.487355874, 1.00312931271, 3.34202705186, 1.22341912406, 1.61919214401, 1.15443680175, 1844.23512183, 0.268096514745
1.14620992603, 1.29093794977, 1.18327504354, 1.05840667666, 3.94952657242, 1.17835831626, 5.86759534743, 1.00348779487, 0.919739264015, 6.0849707777, 7.6491272631, 0.890977139855, 2.40601217794, 1.2186809327, 0.7997533035, 1.59999920173, 1.01248153911, 1.20710676797, 8.12086187294, 1.0808649734, 0.98622908396, 98.5200293978, 0.941602902819, 2.20229307366, 0.995433310121, 5.041668294, 0.975663770235, 2295.80393924, 0.0
4.58015567359, 1.07942105187, 0.897690919984, 1.02145109259, 4.20635808163, 0.842578021325, 1.92652524695, 1.01496459492, 1.01945095096, 6.020991413, 3.47749100271, 1.08669896984, 4.1393700432, 1.1390797483, 1.03134969839, 1.59734590392, 1.06099751192, 0.988524937375, 8.99913744706, 0.971811176426, 0.799137619247, 18.9367783612, 1.13078181763, 5.30441760591, 1.15768893035, 4.7260675952, 1.08271911267, 679.338574414, 1.34048257373
5.32679720356, 1.25229238699, 1.1678568901, 1.1566241776, 2.82842455432, 1.01710849799, 1.56678274404, 1.23772411367, 0.932110655251, 3.55773696291, 1.82272418489, 0.867805246496, 5.06523167461, 0.912047087239, 0.878765133622, 1.2707204541, 1.00414181971, 1.09710835231, 8.47491586579, 1.15919292314, 0.962934202631, 119.58662584, 0.88189246707, 3.57158389788, 1.02585920455, 3.69567453639, 1.16107556253, 1419.29466095, 0.536193029491
5.32679720356, 1.24077265129, 1.1678568901, 1.1566241776, 2.82842455432, 1.01710849799, 4.95397441431, 1.07433800465, 1.08307908144, 3.55773696291, 1.82272418489, 0.867805246496, 4.56438340925, 0.912047087239, 0.878765133622, 1.2707204541, 1.00414181971, 1.09710835231, 7.01156683273, 1.15919292314, 0.868013778753, 119.58662584, 0.88189246707, 3.40124673521, 1.00058022959, 3.69567453639, 1.16107556253, 2337.81172512, 0.0
4.3710309827, 1.30570787764, 1.49770468548, 0.869093317478, 2.93668935682, 1.08892350643, 3.02177317226, 1.09626127071, 1.01331973932, 2.6502700618, 3.85612124807, 1.21016011616, 4.21734528968, 1.17022196492, 0.893505725409, 1.29743639902, 1.00720706911, 1.15969910955, 8.79018398001, 0.975440979658, 0.96377104301, 317.90242837, 0.943596748684, 1.38561921758, 1.23087459181, 1.48242236236, 1.14097117684, 544.101491681, 3.21715817694
5.75512995949, 1.23611658364, 1.1250019099, 1.02417746233, 2.39261053529, 0.985894956584, 2.07124447343, 0.991580719627, 0.957156693761, 5.69963949353, 3.80165505004, 1.07440917237, 3.64250500613, 1.03373185205, 0.846435909498, 1.041440358, 1.14700272545, 1.03579886144, 8.57876437965, 0.923263939997, 0.922036778781, 176.027451195, 0.851089540628, 3.54871045694, 1.16244436169, 2.61670072205, 1.18298904126, 529.129623269, 7.23860589812
3.62265536673, 1.02663961958, 1.63109743976, 0.874437702841, 4.19999542151, 0.716220904826, 2.64927546391, 1.13114149584, 0.971159434235, 2.93048638868, 4.65977046401, 0.849223550421, 4.84514233373, 1.11191895591, 0.979432084572, 1.2796882022, 1.03147328865, 0.953654345061, 5.77059304664, 1.09780984565, 0.797573383771, 400.487355874, 1.01977668952, 5.04246763291, 1.22946045867, 1.61919214401, 1.15443680175, 2604.47382965, 0.0
5.00018261981, 1.03607075443, 1.68943704026, 1.00709361275, 6.66472207262, 1.01932649404, 5.62714977034, 1.01105928343, 1.07054474779, 2.79704425741, 6.39927035454, 0.905077258168, 4.77290156919, 0.887006176632, 0.950888881907, 1.39585191309, 1.07625997265, 0.973173858103, 8.34505621057, 0.93648373158, 0.775439074397, 402.007896141, 1.15867301196, 1.30369962733, 1.10822317259, 1.41798537395, 1.12720423922, 1262.31525783, 0.804289544236
5.78523365324, 1.28022913111, 1.23613218785, 1.16879240033, 5.46785167432, 1.03466030183, 2.51791560182, 1.20269051134, 1.09891805512, 5.97074338861, 5.61088623377, 0.881489682329, 4.87222544676, 1.28575467301, 0.829035590162, 1.31979290467, 1.14515907217, 1.15415526196, 6.98987063376, 1.11567437883, 0.941683419157, 355.147758945, 0.862379128497, 5.8788606558, 1.18727127387, 1.94654958771, 1.03960918326, 549.706631634, 3.75335120643
4.88891620639, 1.34470135879, 1.70298545456, 0.851574637039, 6.90733082625, 1.06339085404, 1.76391028286, 1.0909275203, 0.928697727489, 3.93730194734, 5.9640603793, 0.978816074788, 4.34485672966, 1.06165884591, 1.06786823703, 1.21317625782, 1.07004334437, 1.15481902997, 6.40109831921, 1.12813841724, 0.767858064526, 393.701466198, 0.845527845808, 3.71734457493, 1.20201874854, 2.68585933245, 0.97648383058, 544.803681533, 5.8981233244
2.83518604473, 1.15105345244, 1.72853972201, 1.03071650502, 6.21888757187, 1.08486686191, 1.78888831473, 0.957208392514, 0.91687159468, 3.19713442406, 6.23597328965, 0.834540275347, 1.61829178987, 1.24511305305, 0.919052332008, 1.10827033453, 1.10741199188, 1.15475085665, 4.74584534354, 1.08619660339, 0.892685965846, 326.478229929, 0.917368270733, 5.50760150069, 1.15694754552, 1.3183665662, 1.20364082384, 555.26550652, 4.28954423592
1.03335826552, 1.41232651408, 0.969066791381, 0.858993211539, 2.04955770459, 0.768958901043, 4.32262966525, 1.24581542489, 0.937921120598, 1.69570472835, 4.40273595806, 1.01467771464, 5.00874012471, 0.982506926302, 0.850864879463, 1.14287955626, 1.08635132851, 1.10589780685, 9.1140005411, 1.12683418888, 0.845523271401, 150.729153179, 0.84602567082, 2.02292709944, 1.17709890986, 2.25920156694, 1.27670936386, 2609.97077679, 0.0
2.17039292284, 1.02042915584, 0.889394914158, 1.01586157598, 5.20414602123, 1.115254733, 2.34210198373, 0.869073783112, 0.986200622496, 3.20613076228, 1.57719798919, 0.880218595236, 4.24682090297, 1.14917618022, 1.06397335861, 1.2597726737, 1.13274735349, 0.867283256459, 6.46535479234, 1.16836258822, 0.80975318604, 253.425501532, 0.95437662966, 4.17695704268, 0.977411550614, 4.77600558699, 1.09860471151, 941.063588521, 1.07238605898
1.83752863131, 1.19876992774, 0.886263860316, 1.16465509557, 3.56214693788, 1.18151528197, 4.44047935965, 0.83883001051, 1.11614743302, 4.76549730163, 4.46192161869, 0.826907021507, 4.00089257341, 1.27211712941, 1.08553263442, 1.43184526128, 1.07127903229, 1.06987012689, 7.20458005131, 1.17393714301, 0.947360086965, 210.33654177, 1.16206042377, 5.04246763291, 1.00133999498, 2.30313248304, 1.1739739815, 549.591906938, 9.65147453083
5.75512995949, 1.23611658364, 1.1250019099, 1.02417746233, 2.39261053529, 0.992431651105, 2.07124447343, 0.991580719627, 0.957156693761, 5.69963949353, 3.80165505004, 1.07440917237, 3.64250500613, 1.03373185205, 0.803787071822, 1.041440358, 1.14700272545, 0.990116019467, 8.57876437965, 0.923263939997, 0.922036778781, 176.027451195, 0.851089540628, 3.54871045694, 0.955313898807, 1.936872678, 1.18298904126, 2933.98938602, 0.0
1.02606582198, 1.23315310337, 0.768118448836, 1.07744224769, 1.4487375696, 1.12673358161, 3.69680235447, 0.996722645038, 1.07383966398, 1.43970236119, 6.4049411, 1.21692626141, 4.66032957643, 1.03098841831, 1.08910750458, 1.04762098786, 1.10745334762, 1.22962928994, 7.54301069132, 1.11722463648, 0.852888172757, 119.539220045, 0.976864097256, 1.06631140204, 1.10822317259, 4.97823274928, 0.993821232239, 2086.78262014, 0.268096514745
3.11865918229, 1.41869363581, 1.36802946102, 1.00489349831, 4.80960217057, 1.02163330627, 1.12898005012, 0.9670085259, 1.04900881503, 1.78895779949, 7.13372551617, 0.844858941609, 3.82062706933, 1.06233558522, 0.940002055112, 1.11537808081, 1.02237080443, 0.992410053532, 8.03329183457, 1.13855896253, 0.884072603866, 181.047519159, 1.12693194853, 5.8767437851, 1.22697483921, 2.30642533804, 1.17992875945, 579.274003275, 5.36193029491
