0,1,2,1,1,0,2,1,-1,2,2,3,1,2,0,0,2,3,2,-1,2,2,1,0,2,3,0,2,-1,1,3,-1,1,-1,0,0,3,2,1,-1,3,0,-1,1,-1,0,1,-1,2,1,96392,609
0,0,1,2,2,0,1,2,-1,1,2,3,1,0,2,-1,-1,1,0,-1,1,3,1,0,-1,0,2,2,0,1,2,3,1,0,3,1,2,0,-1,2,3,-1,-1,2,-1,3,0,2,1,0,96563,599
0,1,1,0,2,1,0,3,-1,3,2,2,2,3,-1,0,2,1,1,1,1,3,0,0,3,3,1,0,0,2,0,2,3,2,1,1,0,1,-1,-1,2,3,-1,-1,-1,0,1,2,0,3,96363,620
2,2,2,1,0,3,2,1,0,3,2,0,2,1,0,1,-1,0,3,1,3,3,3,1,1,0,2,0,2,0,1,3,3,3,2,1,2,0,3,0,-1,2,0,3,1,-1,0,-1,0,-1,96084,652
0,2,-1,3,2,1,2,2,0,0,3,1,0,1,3,1,-1,3,3,3,0,0,3,2,1,1,0,0,1,1,3,3,3,1,0,2,-1,2,0,1,3,1,1,3,3,0,1,2,2,1,96127,685
2,1,3,-1,-1,-1,1,0,-1,3,0,3,1,0,0,0,0,2,-1,2,0,3,3,1,1,2,0,-1,-1,2,2,3,1,1,3,1,3,2,1,0,0,3,1,2,1,-1,0,0,-1,2,96581,606
-1,2,1,2,1,0,0,0,3,1,2,1,-1,1,1,0,-1,1,0,1,3,3,-1,0,2,0,3,-1,2,-1,2,2,3,3,3,2,-1,2,2,2,3,-1,0,1,0,1,3,-1,2,2,96449,586
2,2,1,3,0,0,-1,-1,0,1,0,3,1,0,2,0,-1,2,-1,0,1,3,2,0,0,1,2,1,2,-1,2,0,0,1,3,0,1,2,3,1,3,0,1,1,-1,-1,3,2,0,3,96169,614
-1,0,2,0,-1,0,3,1,-1,3,2,2,3,1,0,1,0,2,3,1,1,2,2,0,3,-1,1,0,2,1,2,-1,1,0,0,2,0,2,3,-1,-1,3,1,2,3,0,2,0,2,0,96489,628
0,0,2,1,2,2,2,-1,2,0,3,3,0,3,0,1,1,0,2,2,1,-1,2,3,1,2,3,-1,-1,3,2,3,2,2,-1,3,0,1,-1,-1,1,-1,0,1,1,3,2,1,1,3,96461,608
3,0,-1,1,1,2,3,0,2,1,-1,1,0,1,-1,0,2,0,0,3,-1,3,1,2,0,1,0,2,3,0,-1,3,1,2,0,0,2,0,1,1,2,2,2,3,-1,0,1,3,1,1,96127,636
-1,3,-1,3,-1,0,2,3,1,-1,1,1,2,1,0,3,3,0,-1,2,0,0,2,2,2,3,1,0,1,1,3,3,2,2,1,-1,1,2,3,-1,2,-1,1,0,2,1,2,0,0,0,96671,623
1,1,1,3,0,0,-1,3,2,0,2,-1,1,0,1,-1,-1,2,-1,1,2,2,2,1,3,0,0,1,3,1,2,0,1,2,0,2,1,0,1,2,1,2,3,3,2,3,2,3,0,-1,96285,640
3,2,-1,1,-1,2,1,2,1,0,2,2,0,-1,-1,0,2,0,3,1,0,3,-1,-1,0,1,3,3,1,2,3,1,0,3,2,-1,1,0,-1,0,1,0,2,3,1,2,2,2,0,2,96386,605
0,0,2,2,2,-1,1,3,-1,1,3,2,2,3,2,-1,-1,-1,3,-1,1,2,0,1,1,0,3,1,2,0,1,-1,2,2,-1,3,0,3,2,0,3,1,3,1,-1,0,3,-1,1,0,96701,579
1,2,-1,0,0,-1,3,1,-1,1,2,1,0,2,1,-1,2,0,2,0,-1,-1,1,3,2,0,0,3,1,2,2,3,1,2,-1,0,-1,0,0,-1,1,1,1,2,1,1,2,0,-1,2,96128,582
1,2,2,1,-1,0,-1,0,3,0,0,2,3,3,-1,1,0,1,1,2,1,-1,-1,1,0,1,3,2,3,3,0,2,-1,0,2,0,1,0,2,1,0,1,2,3,2,1,2,-1,2,0,96098,622
3,2,2,1,2,-1,3,0,2,0,1,1,2,2,0,-1,2,3,0,0,0,3,-1,1,0,-1,1,2,1,-1,1,1,1,2,1,1,2,-1,0,2,2,0,3,-1,0,0,3,-1,1,1,96135,610
0,0,1,3,0,0,0,2,3,3,0,1,1,1,1,2,-1,2,3,1,-1,-1,3,2,3,2,2,0,2,3,1,2,1,2,0,3,-1,0,1,2,2,1,0,2,2,-1,2,1,1,3,96150,644
-1,1,-1,2,-1,0,-1,2,3,0,0,1,0,3,-1,-1,0,1,2,-1,2,2,1,2,1,-1,2,3,0,0,2,3,2,1,3,2,2,-1,1,-1,3,0,1,2,3,0,0,1,0,0,96489,584
3,-1,-1,0,2,3,1,1,0,0,3,-1,1,1,-1,1,2,3,3,0,3,1,-1,0,-1,2,-1,2,1,2,0,3,0,-1,0,3,-1,0,2,0,2,0,2,2,1,3,2,0,2,1,96618,604
2,0,1,2,-1,2,0,2,0,2,2,1,1,0,2,-1,3,1,2,1,0,0,1,1,1,0,3,0,0,3,1,1,-1,2,-1,-1,-1,1,1,2,0,0,1,2,-1,2,0,2,1,0,96147,630
0,3,2,0,-1,-1,-1,0,1,2,-1,1,1,3,2,2,0,3,3,0,2,3,-1,2,0,2,0,0,0,2,1,3,2,3,2,0,0,1,-1,-1,3,-1,3,2,1,0,0,0,2,2,96414,597
1,1,-1,1,3,-1,1,-1,0,2,2,1,1,-1,2,1,0,0,2,0,-1,1,3,1,-1,2,3,1,0,0,0,2,2,2,0,1,2,2,-1,0,3,3,-1,0,1,1,0,3,0,3,96333,607
0,2,0,0,2,0,3,1,2,2,2,1,2,2,-1,1,0,3,2,0,1,-1,0,0,0,3,2,1,2,3,2,1,-1,1,0,0,1,3,1,0,0,3,-1,0,2,-1,3,-1,1,1,96139,640
2,0,3,2,0,1,2,-1,0,2,3,1,0,0,-1,1,3,-1,2,1,0,3,2,1,1,1,1,2,0,-1,1,2,-1,2,-1,0,2,-1,1,1,2,-1,1,0,2,-1,2,0,-1,0,96497,575
2,-1,1,2,3,0,0,0,3,2,1,3,0,1,-1,0,-1,1,2,-1,0,0,0,2,0,-1,1,2,1,1,1,3,3,2,2,1,0,1,1,0,2,3,1,0,2,1,0,3,2,3,96150,652
-1,2,2,1,0,0,1,1,0,1,1,2,3,1,0,3,0,1,1,2,0,1,0,2,3,1,0,2,1,2,1,3,-1,-1,-1,-1,3,2,0,3,2,2,2,1,0,-1,2,0,0,3,96211,642
-1,3,2,0,-1,-1,0,0,2,2,3,3,1,1,1,0,2,3,2,1,-1,1,3,2,2,3,2,1,1,-1,-1,2,-1,2,0,0,-1,2,1,0,1,-1,2,2,3,1,1,1,-1,0,96724,581
3,2,1,3,1,1,0,0,3,3,3,1,-1,-1,0,0,3,0,1,2,-1,2,3,0,0,2,2,-1,0,3,2,2,0,1,1,-1,0,2,2,2,2,0,2,1,3,0,1,2,2,3,96175,647
2,1,0,1,-1,0,0,1,-1,2,2,0,0,-1,2,-1,1,1,2,0,0,3,1,2,0,3,2,2,0,3,1,1,0,0,0,-1,0,-1,1,-1,2,2,2,1,0,-1,1,3,1,3,96112,614
0,2,0,-1,-1,0,1,1,-1,0,2,1,-1,2,3,2,3,1,2,0,1,3,0,2,0,-1,2,2,1,0,1,1,0,1,1,-1,-1,2,2,-1,3,0,0,0,1,1,0,1,1,3,96156,617
0,2,2,2,-1,0,1,0,2,1,2,3,0,1,0,-1,3,2,-1,0,0,1,1,-1,2,-1,2,1,1,3,0,3,2,1,2,0,1,-1,2,-1,1,3,1,1,2,-1,3,0,1,2,96351,613
3,0,1,3,1,2,2,3,3,2,1,1,0,-1,-1,1,0,0,-1,0,2,2,1,0,2,3,3,1,1,1,3,1,1,2,2,1,0,-1,2,0,0,1,1,3,0,-1,2,1,3,0,96014,647
0,3,1,3,0,0,3,1,3,2,3,1,0,2,1,2,1,2,1,1,1,3,0,2,-1,2,3,-1,3,1,2,2,0,2,0,2,-1,-1,-1,-1,3,-1,1,3,1,1,-1,2,2,2,96582,614
0,2,0,2,1,0,-1,2,3,3,-1,2,0,2,2,3,-1,-1,0,-1,2,2,0,-1,3,0,3,3,1,0,-1,1,2,3,1,0,2,-1,1,0,1,2,2,3,2,1,1,-1,1,-1,96579,571
2,2,0,-1,1,-1,1,-1,0,0,1,0,0,-1,2,-1,2,1,1,2,2,-1,1,3,1,-1,-1,1,-1,2,-1,1,-1,3,0,0,0,1,1,0,1,2,1,2,2,0,-1,0,0,-1,96497,541
1,1,1,1,-1,-1,3,-1,0,1,1,-1,2,3,2,1,3,3,0,0,0,2,1,3,-1,0,0,1,1,2,-1,0,2,1,-1,1,2,0,-1,0,2,0,2,1,0,2,1,2,1,0,96256,616
2,1,0,0,-1,-1,-1,-1,1,0,0,2,3,2,2,0,2,1,0,3,-1,0,3,2,-1,1,2,0,1,2,1,0,0,2,1,1,3,0,2,3,3,1,1,2,2,1,3,0,-1,0,96026,627
-1,-1,1,2,0,3,-1,2,1,-1,3,3,0,2,3,0,3,3,2,0,1,0,1,-1,-1,0,-1,1,0,3,2,2,2,-1,0,2,1,3,3,0,2,1,1,0,3,-1,3,0,3,0,96744,592
2,2,-1,3,2,3,1,1,0,1,2,3,2,0,0,2,0,-1,3,1,-1,1,1,0,2,1,2,2,-1,2,3,3,3,3,1,1,2,2,0,1,3,-1,2,0,0,1,0,-1,-1,0,96442,639
1,0,-1,1,0,2,1,1,0,3,0,2,1,2,1,-1,0,-1,2,-1,3,1,1,2,2,2,3,0,0,1,0,2,1,-1,3,0,2,3,0,0,2,2,2,3,1,1,2,2,0,-1,96125,644
2,1,0,3,1,-1,-1,2,3,2,2,0,1,-1,2,3,2,-1,0,0,1,-1,3,1,2,0,-1,3,0,1,0,1,1,3,0,3,-1,0,-1,0,3,1,2,2,3,0,2,3,0,3,96541,587
-1,1,2,0,1,2,3,-1,-1,0,3,2,2,-1,1,-1,3,2,0,-1,-1,1,-1,2,0,3,1,2,1,3,0,3,0,3,2,1,1,1,0,-1,0,0,-1,1,1,0,-1,0,1,2,96388,561
0,3,0,0,2,0,0,1,0,3,3,1,2,-1,3,2,1,-1,1,0,1,-1,2,2,1,1,2,0,3,2,1,2,-1,1,0,2,0,1,0,1,1,0,2,2,1,-1,1,1,-1,-1,96182,616
-1,2,1,1,-1,2,2,-1,1,3,1,2,0,1,1,0,1,0,0,2,0,2,2,2,1,2,1,0,2,0,2,0,-1,0,2,0,3,-1,1,0,3,3,-1,2,1,0,0,3,0,3,96233,643
0,0,2,2,0,1,3,1,0,3,1,2,-1,3,3,0,1,-1,0,1,1,2,0,-1,1,3,-1,0,0,-1,2,2,2,1,1,2,0,2,3,1,3,2,1,1,2,-1,0,1,0,0,96211,621
1,2,0,3,1,2,-1,3,-1,1,0,2,2,3,1,1,3,2,0,2,3,2,3,0,0,0,-1,1,3,-1,1,0,3,1,-1,-1,1,2,3,1,1,-1,2,0,0,0,3,1,2,1,96209,615
-1,0,2,0,3,2,0,0,1,3,3,1,-1,0,0,1,-1,0,1,-1,0,2,3,3,3,1,1,2,3,-1,2,2,-1,3,1,0,0,1,2,-1,-1,3,0,-1,1,1,2,0,1,3,96508,591
0,0,3,1,0,3,-1,0,2,3,1,1,2,3,3,1,2,3,0,1,0,-1,0,0,-1,0,2,2,0,1,1,0,2,-1,2,3,2,0,1,1,1,3,3,2,1,3,1,1,0,1,95997,672
-1,0,-1,2,-1,1,2,0,0,2,3,3,3,0,0,1,2,2,1,1,0,1,2,-1,2,1,0,-1,0,2,2,2,0,1,0,0,2,-1,-1,1,2,1,0,3,3,1,3,-1,-1,2,96443,603
1,2,1,2,1,3,2,1,3,0,2,0,2,1,0,-1,2,1,1,0,1,0,0,-1,0,1,2,1,0,3,-1,2,0,2,1,-1,0,1,-1,0,0,3,0,3,-1,-1,0,1,3,2,96110,627
2,0,1,0,-1,0,2,2,0,1,0,1,1,3,0,-1,2,0,-1,-1,0,1,-1,2,3,2,3,2,1,2,1,1,1,3,0,0,0,1,3,1,1,0,3,1,2,1,2,3,2,2,96015,657
1,0,1,0,1,2,0,0,2,0,1,3,0,1,3,2,2,3,3,2,0,-1,0,2,1,0,1,3,0,0,2,1,-1,-1,-1,-1,2,2,0,0,-1,1,-1,1,2,-1,1,1,2,1,96232,615
1,-1,2,0,0,2,-1,2,1,1,1,-1,1,2,2,1,-1,3,1,0,0,0,-1,1,2,0,2,2,0,2,-1,2,-1,3,0,-1,0,1,-1,1,2,1,0,3,0,2,2,0,0,1,96197,601
-1,2,0,1,-1,3,-1,-1,2,-1,0,2,1,3,0,-1,0,2,1,0,1,1,0,3,1,0,1,2,1,3,2,0,2,3,-1,-1,2,3,2,0,1,2,1,2,2,1,2,1,0,1,96495,612
2,2,-1,0,-1,1,-1,2,3,2,1,2,2,3,-1,1,2,1,1,3,-1,0,0,3,-1,2,2,0,1,0,3,1,3,0,2,0,1,1,-1,-1,0,1,3,3,1,-1,2,1,0,2,96425,592
1,1,3,1,1,3,2,2,0,1,1,3,1,0,1,0,-1,0,0,0,1,3,2,3,0,3,2,3,0,-1,3,2,1,2,2,-1,0,2,-1,-1,-1,-1,1,0,-1,-1,1,2,2,0,96389,591
1,1,3,-1,-1,3,1,-1,1,1,1,3,1,1,3,3,0,2,0,-1,-1,2,2,3,3,3,0,2,0,0,0,0,1,0,1,3,3,3,0,2,2,0,0,1,-1,-1,0,0,1,3,96372,624
0,2,1,-1,0,2,3,1,1,0,0,0,0,-1,-1,3,1,0,1,-1,-1,2,1,3,-1,0,1,2,1,2,1,0,0,1,2,-1,2,-1,2,0,1,3,2,2,2,0,-1,1,2,1,96102,602
3,0,0,2,0,0,3,0,1,0,1,1,3,1,2,1,1,0,1,-1,3,3,2,-1,0,2,3,0,3,-1,-1,2,2,1,2,2,2,-1,1,-1,-1,3,3,3,1,1,-1,-1,2,1,96345,602
0,3,2,0,-1,1,2,3,0,3,1,3,3,2,0,2,3,1,1,0,-1,0,1,1,0,2,1,1,3,2,0,2,1,1,0,0,2,2,2,-1,0,1,3,1,2,0,0,1,3,0,95837,682
3,2,1,-1,2,1,1,1,1,3,0,0,1,3,2,1,1,0,0,2,1,-1,0,0,-1,0,2,1,3,3,-1,2,-1,1,-1,0,2,-1,2,-1,0,2,2,3,2,2,2,3,0,-1,96382,602
-1,2,-1,2,1,1,3,2,2,3,0,0,-1,1,1,0,-1,1,0,-1,0,1,2,0,2,3,1,0,3,2,0,3,3,2,-1,3,-1,2,0,3,0,2,2,0,1,2,2,2,1,3,96343,619
1,0,1,2,1,3,0,-1,-1,3,1,0,0,0,2,-1,0,1,1,1,2,2,2,3,0,-1,1,-1,1,2,-1,2,0,2,-1,0,2,1,1,0,2,2,1,3,0,-1,1,0,2,0,96221,610
1,1,0,2,2,0,0,1,2,2,3,1,1,1,1,1,1,3,3,0,2,0,2,1,0,1,2,-1,2,-1,3,2,2,2,0,0,1,0,0,0,3,3,2,2,1,-1,-1,3,-1,3,96203,653
3,-1,3,3,2,-1,1,1,1,1,3,-1,1,2,2,1,-1,2,0,0,0,3,2,1,0,3,0,0,2,2,1,0,3,1,-1,2,2,2,0,2,-1,1,0,3,3,0,1,0,0,3,96315,641
-1,3,2,1,0,2,3,-1,0,1,3,3,1,-1,1,1,2,2,0,-1,-1,3,1,0,1,0,3,1,3,2,0,3,0,3,0,2,1,1,2,0,-1,2,-1,0,-1,1,1,0,2,1,96550,602
-1,3,0,3,0,-1,1,3,-1,1,0,3,0,-1,0,1,2,3,3,-1,-1,0,2,0,0,1,0,3,1,1,-1,2,3,2,1,2,2,2,1,-1,2,-1,0,1,1,2,-1,2,2,3,96394,577
1,0,-1,2,0,1,1,1,1,-1,1,2,0,2,1,2,2,0,-1,-1,1,-1,2,1,1,1,3,0,2,0,2,2,-1,3,3,2,0,3,2,-1,0,1,3,0,2,0,3,3,0,3,96175,631
-1,0,2,-1,-1,2,0,2,-1,2,-1,2,-1,0,2,3,2,1,1,2,0,-1,1,1,1,0,1,3,3,0,2,2,1,3,-1,1,2,0,3,0,2,1,3,1,1,1,3,2,0,-1,96767,584
-1,1,1,2,3,3,0,0,3,0,2,1,2,1,1,0,3,-1,1,3,2,0,-1,0,0,2,3,3,2,1,3,2,3,1,0,3,-1,1,2,-1,2,-1,2,3,2,1,-1,0,1,0,96454,621
0,2,3,3,-1,2,0,-1,2,2,1,3,-1,-1,0,3,0,0,0,0,1,3,3,3,3,3,1,0,-1,2,2,1,1,0,2,1,-1,2,1,0,2,-1,3,0,1,1,2,2,3,2,96556,625
-1,2,1,1,-1,-1,3,1,2,3,0,2,-1,1,1,1,0,0,1,-1,0,0,-1,0,-1,2,2,2,1,1,2,1,2,1,3,0,2,3,0,3,3,1,2,1,-1,-1,-1,2,-1,2,96623,566
3,-1,-1,0,0,1,1,-1,0,2,0,3,1,1,0,3,0,2,2,3,0,3,2,-1,0,3,3,1,1,-1,3,3,2,0,-1,0,2,1,1,0,0,1,3,-1,-1,1,0,0,2,2,96483,608
-1,0,1,-1,-1,0,1,2,2,1,1,3,1,3,-1,1,3,2,3,0,2,0,0,3,0,-1,3,1,3,-1,-1,1,2,2,3,2,0,-1,2,0,2,1,2,1,1,1,0,0,3,1,96571,612
