1.0, -1.0, -1.0, -1.0, 0.0, 0.0, -1.0, 2.0, 1.0, -1.0, -1.0, 0.0, 2.0, 0.0, -1.0, 3.0, 0.0, -1.0, 0.0, -1.0, 1.0, 2.0, 1.0, 1.0, 1.0, -1.0, 2.0, -1.0, 2.0, -1.0, 0.0, -1.0, 0.0, -1.0, -1.0, 0.0, 1.0, 2.0, 1.0, 0.0, 1.0, -1.0, -1.0, 0.0, 3.0, 2.0, 0.0, 1.0, 1.0, 3.0, 96376.0, 468.0
0.0, 3.0, -1.0, -1.0, -1.0, 2.0, 2.0, 2.0, 1.0, -1.0, -1.0, -1.0, 1.0, 0.0, 1.0, 2.0, 0.0, -1.0, 0.0, -1.0, -1.0, 2.0, 0.0, -1.0, -1.0, 1.0, 2.0, 0.0, 1.0, -1.0, 0.0, 3.0, 0.0, 1.0, 0.0, 1.0, 1.0, 1.0, 2.0, 0.0, -1.0, 0.0, 3.0, 2.0, -1.0, 1.0, 0.0, 0.0, -1.0, 3.0, 96407.0, 481.0
0.0, 3.0, -1.0, -1.0, -1.0, 2.0, 2.0, 2.0, 1.0, -1.0, -1.0, -1.0, 1.0, 0.0, 1.0, 2.0, 0.0, -1.0, 0.0, -1.0, -1.0, 2.0, 0.0, -1.0, -1.0, 1.0, 2.0, 0.0, 1.0, -1.0, 0.0, 3.0, 0.0, 1.0, 0.0, 2.0, 1.0, 1.0, 2.0, 0.0, -1.0, 0.0, 3.0, 2.0, -1.0, 1.0, 0.0, 0.0, -1.0, 3.0, 96432.0, 481.0
0.0, 3.0, -1.0, -1.0, -1.0, 2.0, 2.0, 2.0, 1.0, -1.0, -1.0, -1.0, 1.0, 0.0, 1.0, 2.0, 0.0, -1.0, 0.0, -1.0, -1.0, 2.0, 0.0, -1.0, -1.0, 1.0, 2.0, 0.0, 1.0, -1.0, 0.0, 3.0, 0.0, 1.0, 0.0, 2.0, 1.0, 1.0, 2.0, 0.0, -1.0, 0.0, 3.0, 2.0, -1.0, 1.0, 0.0, 0.0, -1.0, 3.0, 96432.0, 481.0
0.0, 3.0, -1.0, -1.0, -1.0, 2.0, 2.0, 2.0, 1.0, -1.0, -1.0, -1.0, 1.0, 0.0, 1.0, 2.0, 0.0, -1.0, 0.0, -1.0, -1.0, 2.0, 0.0, -1.0, -1.0, 1.0, 2.0, 0.0, 1.0, -1.0, 0.0, 3.0, 0.0, 1.0, 0.0, 2.0, 1.0, 1.0, 2.0, 0.0, -1.0, 0.0, 3.0, 2.0, -1.0, 1.0, 0.0, 0.0, -1.0, 3.0, 96432.0, 481.0
0.0, 3.0, -1.0, -1.0, -1.0, 2.0, 2.0, 2.0, 1.0, -1.0, -1.0, -1.0, 1.0, 0.0, 1.0, 2.0, 0.0, -1.0, 0.0, -1.0, -1.0, 2.0, 0.0, -1.0, -1.0, 1.0, 2.0, 0.0, 1.0, -1.0, 0.0, 3.0, 0.0, 1.0, 0.0, 2.0, 1.0, 1.0, 2.0, 0.0, -1.0, 0.0, 3.0, 2.0, -1.0, 1.0, 0.0, 0.0, -1.0, 3.0, 96432.0, 481.0
0.0, 3.0, -1.0, -1.0, -1.0, 2.0, 2.0, 2.0, 1.0, -1.0, -1.0, -1.0, 1.0, 0.0, 1.0, 3.0, 0.0, -1.0, 0.0, -1.0, -1.0, 2.0, 0.0, -1.0, -1.0, 1.0, 2.0, 0.0, 1.0, -1.0, 0.0, 3.0, 0.0, 1.0, 0.0, 2.0, 1.0, 1.0, 2.0, 0.0, -1.0, 0.0, 3.0, 2.0, -1.0, 1.0, 0.0, 0.0, -1.0, 3.0, 96447.0, 481.0
1.0, -1.0, -1.0, -1.0, 0.0, 0.0, -1.0, 2.0, 1.0, -1.0, -1.0, 0.0, 2.0, 0.0, -1.0, 3.0, 0.0, -1.0, 0.0, -1.0, 1.0, 2.0, 1.0, 1.0, 1.0, -1.0, 2.0, -1.0, 2.0, -1.0, 0.0, -1.0, 0.0, -1.0, -1.0, 0.0, 1.0, 2.0, 1.0, 0.0, -1.0, -1.0, -1.0, 0.0, 3.0, 2.0, 0.0, 1.0, 1.0, 3.0, 96474.0, 449.0
1.0, 0.0, 0.0, -1.0, 1.0, -1.0, 1.0, 2.0, 0.0, -1.0, -1.0, 2.0, 0.0, 0.0, 1.0, 2.0, -1.0, 2.0, -1.0, 1.0, 1.0, 0.0, 2.0, 1.0, 3.0, -1.0, 2.0, 3.0, 2.0, -1.0, 0.0, 1.0, 2.0, -1.0, 2.0, 0.0, 1.0, 2.0, 0.0, 0.0, -1.0, 2.0, 2.0, 0.0, -1.0, 0.0, 2.0, 0.0, 0.0, -1.0, 96007.0, 523.0
1.0, 0.0, 0.0, -1.0, 1.0, -1.0, 1.0, 2.0, 0.0, -1.0, -1.0, 2.0, 0.0, 0.0, 1.0, 2.0, -1.0, 2.0, -1.0, 1.0, 1.0, 0.0, 2.0, 1.0, 3.0, -1.0, 2.0, 3.0, 2.0, -1.0, 0.0, 1.0, 2.0, -1.0, 2.0, 0.0, 1.0, 2.0, 0.0, 0.0, -1.0, 2.0, 2.0, 0.0, -1.0, 0.0, 2.0, 0.0, 0.0, -1.0, 96007.0, 523.0
1.0, -1.0, -1.0, -1.0, 0.0, 0.0, -1.0, 2.0, 0.0, -1.0, -1.0, 0.0, 2.0, 1.0, -1.0, 3.0, 2.0, -1.0, 0.0, -1.0, 1.0, 2.0, 1.0, 1.0, 1.0, -1.0, 2.0, -1.0, 2.0, -1.0, 0.0, -1.0, 0.0, -1.0, -1.0, 0.0, 1.0, 1.0, 1.0, 0.0, -1.0, -1.0, -1.0, 0.0, 3.0, 2.0, 0.0, 1.0, 1.0, 3.0, 96482.0, 449.0
1.0, -1.0, -1.0, -1.0, 0.0, 0.0, -1.0, 2.0, 0.0, -1.0, -1.0, 0.0, 2.0, 1.0, -1.0, 3.0, 2.0, -1.0, 0.0, -1.0, 1.0, 2.0, 1.0, 1.0, 1.0, -1.0, 2.0, -1.0, 2.0, -1.0, 0.0, -1.0, 0.0, -1.0, -1.0, 0.0, 1.0, 1.0, 1.0, 0.0, -1.0, -1.0, -1.0, 0.0, 3.0, 2.0, 0.0, 1.0, 1.0, 3.0, 96482.0, 449.0
