0.863445615772, 0.822270617055, 81.4861781403, 0.664286516992, 21.0185247165, 45.0330295277, 0.842335119688, 2.40190148759, 4.34535872701, 457.146602798, 0.48459190928
0.739003817577, 0.843546995551, 83.7540239156, 0.602408553121, 84.6609836883, 46.3989645864, 0.905387909008, 1.6362763603, 7.45878677299, 2529.37636636, 0.0
0.135837180115, 0.851163520842, 86.0264063987, 0.46641312185, 45.4167427693, 16.2966788946, 0.906105149976, 3.39388986565, 13.1177777178, 1433.01350191, 0.324412071787
0.679678155213, 0.907693717665, 80.2347769858, 0.569993802028, 75.2715409546, 12.7367306687, 0.56714677805, 3.99433244596, 12.1769231263, 2177.17971395, 0.0447270165621
0.12638615933, 0.837781170723, 80.3246266459, 0.60956508701, 57.5064353166, 45.4180819037, 0.30187538399, 0.0909739361999, 4.70768856222, 1323.46931081, 0.387097345677
0.476762819295, 0.84778623602, 89.8906084646, 0.412152909392, 97.333492584, 6.2427738316, 0.479146962558, 3.53675394835, 2.31921886204, 1528.80817709, 0.21889172499
0.139674981725, 0.843546995551, 80.6663656811, 0.66621623887, 59.7182509017, 5.13251041553, 0.756200585463, 1.65338682236, 2.40936232838, 2108.71361605, 0.0667901743547
0.748812761523, 0.868728935727, 80.5182899213, 0.471379103831, 10.0737983304, 4.49370137505, 0.555483866454, 2.32930727809, 6.63782730639, 1716.8042089, 0.135439377937
0.748812761523, 0.868728935727, 80.5182899213, 0.66621623887, 10.0737983304, 4.49370137505, 0.555483866454, 2.32930727809, 6.63782730639, 1921.4233152, 0.118332485185
0.192582834827, 0.862316760164, 87.23068988, 0.472724855321, 10.0737983304, 4.49370137505, 0.765839423353, 2.94548168747, 3.2834252376, 2154.79318008, 0.0506742539298
0.135837180115, 0.849973501804, 80.0455080887, 0.46641312185, 45.4167427693, 16.2966788946, 0.906105149976, 0.0909739361999, 13.1177777178, 1735.79426501, 0.131572897024
0.476762819295, 0.84778623602, 89.8906084646, 0.412152909392, 94.3635881285, 26.5605855142, 0.479146962558, 3.89790274512, 3.50496496775, 1274.28608491, 0.609749354436
0.871530823842, 0.823260710308, 84.066192802, 0.619120690818, 40.8449655265, 26.5605855142, 0.0481474164514, 3.93233193904, 12.7499365674, 1347.52303069, 0.460495545205
0.863445615772, 0.822270617055, 81.4861781403, 0.664286516992, 52.9908797543, 45.0330295277, 0.842335119688, 2.40190148759, 4.34535872701, 1334.86808017, 0.689477998411
0.739003817577, 0.851163520842, 86.0264063987, 0.46641312185, 45.4167427693, 16.2966788946, 0.906105149976, 1.6362763603, 7.45878677299, 1587.00645056, 0.253313081471
0.261503136777, 0.862316760164, 87.23068988, 0.628153585312, 40.8640439101, 12.5189818295, 0.765839423353, 4.01156946568, 6.38187684801, 1615.85519207, 0.252942912871
0.198386333676, 0.851163520842, 86.0264063987, 0.46641312185, 28.4839835754, 16.2966788946, 0.906105149976, 3.39388986565, 13.1177777178, 1433.01350191, 0.415305614209
0.802535352899, 1.05428745977, 91.9504882697, 0.402366112447, 63.8974230411, 39.7906143536, 0.338974656417, 2.21359148995, 1.33984765729, 4019.31120065, 0.0
0.206304100633, 0.904100458396, 80.5182899213, 0.684756029204, 52.5823745807, 1.25170532937, 1.1375210036, 0.625879240781, 4.70768856222, 3069.57414036, 0.00919199709495
0.261503136777, 0.862316760164, 87.23068988, 0.472724855321, 40.8640439101, 1.37363466159, 0.765839423353, 2.94548168747, 6.38187684801, 2656.33920203, 0.0206989787557
0.21625032077, 0.918547729273, 88.2581689033, 0.672959157521, 52.5823745807, 1.09877140045, 1.0318651053, 3.18479959635, 1.33062954939, 3848.50110211, 0.0080780137353
0.192582834827, 0.862316760164, 87.23068988, 0.472724855321, 10.0737983304, 4.49370137505, 0.765839423353, 2.94548168747, 6.38187684801, 2445.96119271, 0.0453563444472
0.308361772238, 0.965664261957, 92.6404632138, 0.699511586119, 57.6387628483, 21.4160642937, 0.719618292579, 2.45508575191, 12.2966205431, 4403.12566333, 0.0
0.476762819295, 0.84778623602, 89.8906084646, 0.412152909392, 99.1063030907, 6.2427738316, 0.479146962558, 3.53675394835, 3.29547858418, 1733.54475587, 0.252837710235
0.337549223292, 0.843546995551, 83.7540239156, 0.447212960996, 84.6609836883, 46.3989645864, 0.905387909008, 1.6362763603, 3.21783869895, 1608.81264222, 0.356157140602
0.261503136777, 0.862316760164, 87.23068988, 0.628153585312, 40.8640439101, 12.5189818295, 0.765839423353, 2.40190148759, 6.38187684801, 1913.67948238, 0.207319797854
0.169073582673, 0.859295253487, 81.6608248337, 0.642750984394, 50.0414818641, 5.00167378559, 1.32260811622, 1.13684163007, 8.42289639631, 2709.27886254, 0.0407395450625
0.261503136777, 0.862316760164, 87.23068988, 0.472724855321, 40.8640439101, 1.37363466159, 0.765839423353, 2.94548168747, 6.38187684801, 2727.31009674, 0.0316447463686
0.214539770805, 0.822385534326, 87.0700261111, 0.684756029204, 52.5823745807, 1.25170532937, 1.1375210036, 0.625879240781, 4.70768856222, 2788.65625625, 0.0293902158319
0.135837180115, 0.843546995551, 83.7540239156, 0.620914602131, 84.6609836883, 4.49370137505, 0.905387909008, 3.39388986565, 13.1177777178, 2528.90760814, 0.0478711580175
0.12638615933, 0.837781170723, 80.3246266459, 0.60956508701, 57.5064353166, 45.4180819037, 0.30187538399, 1.6362763603, 4.70768856222, 1709.82801422, 0.278200825301
0.135837180115, 0.851163520842, 86.0264063987, 0.569993802028, 45.4167427693, 16.2966788946, 0.906105149976, 3.39388986565, 13.1177777178, 2251.87836014, 0.0530526037879
0.206304100633, 0.904100458396, 85.133293966, 0.684756029204, 47.6059072669, 1.25170532937, 1.64517738259, 0.625879240781, 4.70768856222, 4817.31545459, 0.00863595901928
0.206304100633, 0.904100458396, 85.133293966, 0.684756029204, 47.6059072669, 1.25170532937, 1.64517738259, 0.625879240781, 4.70768856222, 3853.7722734, 0.0102682036279
0.206304100633, 0.904100458396, 85.133293966, 0.688987147659, 52.5823745807, 1.25170532937, 1.64517738259, 0.625879240781, 4.70768856222, 4234.40537798, 0.0100503872013
0.48207393567, 0.900814023427, 91.8328697911, 0.555144652219, 51.4510436755, 1.89205972272, 0.0481474164514, 1.00820681596, 14.0002131565, 3826.32038777, 0.0216467883859
0.169073582673, 0.895369127939, 81.6608248337, 0.642750984394, 47.6059072669, 5.00167378559, 0.378284712422, 1.13684163007, 8.42289639631, 3435.52829119, 0.0251151887985
0.135837180115, 0.851163520842, 86.0264063987, 0.46641312185, 45.4167427693, 16.2966788946, 0.906105149976, 3.39388986565, 13.1177777178, 2013.04277649, 0.147412044538
0.169073582673, 0.893900149084, 85.133293966, 0.652796524122, 50.0414818641, 1.25170532937, 1.32260811622, 2.45508575191, 8.42289639631, 3490.1195598, 0.0259293480297
0.169073582673, 0.893900149084, 85.133293966, 0.652796524122, 50.0414818641, 1.25170532937, 0.0399521061976, 2.45508575191, 14.0002131565, 3488.28705917, 0.0291696756334
0.337549223292, 0.843546995551, 83.7540239156, 0.447212960996, 84.6609836883, 46.3989645864, 0.905387909008, 1.6362763603, 3.21783869895, 1652.29406499, 0.389557165641
0.748812761523, 0.868728935727, 81.8996716961, 0.638597978084, 10.0737983304, 4.49370137505, 0.555483866454, 4.15213291553, 6.63782730639, 2187.33322976, 0.0729345471818
0.346191078346, 0.880370703004, 85.9803874832, 0.47879076379, 31.2203136733, 6.37115656433, 0.382035662515, 2.3447909136, 2.31921886204, 2104.84685551, 0.156529204784
0.871530823842, 0.822385534326, 85.3127474784, 0.625094782643, 66.1468202787, 26.9703253629, 0.548139149499, 4.71430519395, 8.15007553508, 1676.67426142, 0.405830665987
0.206304100633, 0.904100458396, 87.0700261111, 0.684756029204, 52.5823745807, 1.25170532937, 1.1375210036, 0.625879240781, 4.70768856222, 4934.67181491, 0.0200643622002
0.206304100633, 0.904100458396, 87.0700261111, 0.684756029204, 52.5823745807, 1.25170532937, 1.1375210036, 0.625879240781, 16.8376226228, 6994.08352432, 0.0109148530226
0.206304100633, 0.904100458396, 87.0700261111, 0.684756029204, 52.5823745807, 1.25170532937, 1.1375210036, 0.625879240781, 16.8376226228, 5658.56007877, 0.013291285272
0.206304100633, 0.904100458396, 87.0700261111, 0.684756029204, 52.5823745807, 1.25170532937, 1.1375210036, 0.625879240781, 4.70768856222, 5825.33729133, 0.0182607839626
0.206304100633, 1.16074846679, 86.326126864, 0.684756029204, 52.5823745807, 1.25170532937, 1.1375210036, 0.625879240781, 4.65486801329, 13975.2363736, 0.0142328572791
0.172856572891, 0.877800056277, 92.2441045601, 0.67028087119, 6.37589209296, 27.3891047019, 0.248645152939, 0.17883086542, 5.28535136806, 1715.28468756, 0.402309244853
0.476762819295, 0.84778623602, 93.7639278889, 0.412152909392, 94.6523136386, 26.5605855142, 0.479146962558, 3.89790274512, 3.29547858418, 2195.92713899, 0.0752562816397
0.206304100633, 0.904100458396, 85.133293966, 0.684756029204, 52.5823745807, 1.25170532937, 1.64517738259, 0.625879240781, 4.70768856222, 4042.11026907, 0.0226588481517
0.863445615772, 0.820911228774, 81.4861781403, 0.664286516992, 21.0185247165, 36.0852681825, 0.344353145467, 2.40190148759, 4.34535872701, 1680.05625387, 0.558944046092
0.775730057747, 0.822270617055, 81.4861781403, 0.664286516992, 21.0185247165, 36.0852681825, 0.765839423353, 2.40190148759, 4.34535872701, 1681.64643172, 0.508565524496
0.863445615772, 0.820911228774, 92.2441045601, 0.664286516992, 21.0185247165, 36.0852681825, 0.344353145467, 2.40190148759, 4.34535872701, 1686.15487695, 0.537925848765
0.214539770805, 0.822385534326, 94.8226776641, 0.625094782643, 14.2091533256, 11.5181161022, 0.534118888601, 3.97979263114, 8.15007553508, 2127.44495241, 0.159223149505
0.871530823842, 0.823260710308, 84.066192802, 0.619120690818, 43.7440447872, 26.5605855142, 0.548139149499, 3.93233193904, 12.7499365674, 1855.60548489, 0.326401624164
0.862316671436, 0.82652655774, 94.8226776641, 0.619120690818, 66.8883419059, 4.63378447174, 0.534118888601, 3.97979263114, 12.7499365674, 1782.55993901, 0.335230777092
0.206304100633, 0.904100458396, 85.133293966, 0.573555654155, 40.518788926, 1.25170532937, 1.64517738259, 2.45508575191, 6.38187684801, 4664.28565758, 0.0255574748031
0.346191078346, 0.880370703004, 85.9803874832, 0.47879076379, 28.4839835754, 6.37115656433, 0.382035662515, 0.451069259199, 7.420226967, 2606.60725294, 0.0621940210351
0.12638615933, 0.837781170723, 80.3246266459, 0.60956508701, 28.4846558447, 45.4180819037, 0.30187538399, 0.0909739361999, 4.70768856222, 2649.7131904, 0.0570468687919
0.12638615933, 0.837781170723, 80.3246266459, 0.60956508701, 57.5064353166, 45.4180819037, 0.30187538399, 0.0909739361999, 16.8376226228, 2386.2746552, 0.0806244098522
0.346191078346, 0.895369127939, 85.9803874832, 0.47879076379, 31.2203136733, 6.37115656433, 0.382035662515, 2.3447909136, 2.31921886204, 2300.14656572, 0.0963836418232
0.74407027483, 0.904100458396, 87.0700261111, 0.476970421047, 52.5823745807, 1.25170532937, 0.200750113055, 0.625879240781, 4.70768856222, 2784.38624119, 0.0495224387338
0.169073582673, 0.895369127939, 81.6608248337, 0.642750984394, 50.0414818641, 5.00167378559, 1.32260811622, 1.13684163007, 8.42289639631, 3656.5140508, 0.0426479725799
0.169073582673, 0.895369127939, 91.9504882697, 0.642750984394, 89.2790914156, 5.00167378559, 1.32260811622, 1.13684163007, 8.42289639631, 3747.08250158, 0.0412179658209
0.198386333676, 0.851163520842, 86.0264063987, 0.46641312185, 45.4167427693, 16.2966788946, 0.906105149976, 3.39388986565, 13.1177777178, 2144.86761162, 0.213333193929
0.478048436637, 0.858727277572, 88.1405383666, 0.586024865861, 47.6059072669, 11.8646716526, 0.378284712422, 2.23892701478, 10.6962943905, 2041.73607228, 0.274928252
0.476762819295, 0.84778623602, 92.6404632138, 0.412152909392, 99.1063030907, 6.2427738316, 0.719618292579, 3.53675394835, 3.29547858418, 2087.16481337, 0.274795674087
0.206304100633, 0.904100458396, 80.5182899213, 0.684756029204, 63.8974230411, 1.25170532937, 1.1375210036, 0.625879240781, 4.70768856222, 4125.67936907, 0.0310817254144
0.206304100633, 0.904100458396, 87.0700261111, 0.684756029204, 52.5823745807, 1.25170532937, 1.1375210036, 0.625879240781, 4.70768856222, 3948.45055479, 0.0355862076913
0.784310017756, 0.918547729273, 88.2581689033, 0.672959157521, 72.2351066065, 1.09877140045, 1.0318651053, 3.18479959635, 1.33062954939, 5923.16476901, 0.0293808849291
0.346191078346, 0.880370703004, 85.9803874832, 0.47879076379, 31.2203136733, 6.37115656433, 0.382035662515, 2.3447909136, 2.31921886204, 2488.48889322, 0.0960000167783
0.132132125921, 0.843546995551, 80.6663656811, 0.471379103831, 59.7182509017, 5.13251041553, 0.756200585463, 1.65338682236, 2.40936232838, 2525.19362885, 0.0820422402583
0.135837180115, 0.851163520842, 80.2347769858, 0.46641312185, 45.4167427693, 16.2966788946, 0.906105149976, 3.39388986565, 13.1177777178, 2369.35880771, 0.120116871574
0.897089364304, 0.868728935727, 80.5182899213, 0.471379103831, 10.0737983304, 4.49370137505, 0.555483866454, 2.32930727809, 1.19460773758, 2072.96884318, 0.295752465531
0.478048436637, 0.858727277572, 88.1405383666, 0.586024865861, 52.5823745807, 11.8646716526, 0.378284712422, 2.23892701478, 10.6962943905, 2180.98528375, 0.196952151068
0.802535352899, 0.843546995551, 91.9504882697, 0.402366112447, 63.8974230411, 39.7906143536, 0.338974656417, 2.21359148995, 1.33984765729, 1870.44351849, 0.439382318159
0.802535352899, 0.843546995551, 91.9504882697, 0.402366112447, 63.8974230411, 39.7906143536, 0.338974656417, 2.21359148995, 1.33984765729, 1860.85150045, 0.440417308818
0.748812761523, 0.868728935727, 87.0700261111, 0.471379103831, 96.5335932579, 18.0478583552, 0.336079068346, 2.32930727809, 6.63782730639, 1866.02159883, 0.448054511322
0.206304100633, 0.904100458396, 87.0700261111, 0.684756029204, 52.5823745807, 1.25170532937, 1.1375210036, 0.625879240781, 16.8376226228, 4717.474701, 0.0326072346017
0.476762819295, 0.84778623602, 89.8906084646, 0.412152909392, 87.8358381072, 26.5605855142, 0.479146962558, 4.95612524809, 8.36665728512, 1842.28708812, 0.531129020421
0.12638615933, 0.837781170723, 80.3246266459, 0.60956508701, 57.5064353166, 45.4180819037, 0.30187538399, 0.0909739361999, 16.8376226228, 2159.46043054, 0.229533944578
0.499814795817, 0.940848885362, 83.8496597183, 0.619120690818, 28.4839835754, 15.4274776095, 0.894952325822, 0.451069259199, 2.50027257341, 2601.64048837, 0.0778632121
0.863445615772, 0.822270617055, 81.4861781403, 0.664286516992, 21.0185247165, 45.0330295277, 0.842335119688, 2.40190148759, 4.34535872701, 1841.6477427, 0.602494108011
0.218175332166, 0.859295253487, 93.6963964187, 0.663330421494, 74.5383427719, 36.8896961665, 0.241089458422, 1.96834872197, 11.0892706607, 2046.8891644, 0.351252883008
0.871530823842, 0.82652655774, 84.066192802, 0.566066767956, 66.8883419059, 5.13251041553, 0.548139149499, 3.93233193904, 17.6357764703, 2060.54091919, 0.33665129277
0.863445615772, 0.822270617055, 81.4861781403, 0.664286516992, 52.9908797543, 45.0330295277, 0.842335119688, 4.01156946568, 4.34535872701, 1854.70907421, 0.645843098641
0.169073582673, 0.895369127939, 81.6608248337, 0.642750984394, 50.0414818641, 5.00167378559, 1.32260811622, 1.13684163007, 8.42289639631, 4085.90089092, 0.043681188034
0.206304100633, 1.16074846679, 86.326126864, 0.684756029204, 52.5823745807, 1.25170532937, 1.1375210036, 0.625879240781, 4.65486801329, 17539.5006625, 0.0337279826515
0.169073582673, 0.895369127939, 91.9504882697, 0.642750984394, 50.0414818641, 5.00167378559, 1.32260811622, 1.13684163007, 8.42289639631, 4939.82566671, 0.0368808319726
0.206304100633, 0.822385534326, 85.3127474784, 0.625094782643, 66.1468202787, 26.9703253629, 0.548139149499, 4.82263028048, 8.15007553508, 2334.60973109, 0.142601338623
0.104778418917, 0.851163520842, 83.0677220505, 0.46641312185, 45.4167427693, 8.87570443775, 0.906105149976, 1.6362763603, 13.1177777178, 2787.4294007, 0.0577101281318
0.135837180115, 0.851163520842, 86.0264063987, 0.569993802028, 45.4167427693, 16.2966788946, 0.906105149976, 3.39388986565, 13.1177777178, 2123.93072604, 0.295672451907
0.739003817577, 0.83463731678, 83.7540239156, 0.664286516992, 84.6609836883, 46.3989645864, 0.905387909008, 1.6362763603, 7.45878677299, 1891.19200843, 0.609720688072
0.169073582673, 0.893900149084, 81.6608248337, 0.652796524122, 50.0414818641, 5.00167378559, 1.32260811622, 1.13684163007, 8.42289639631, 3700.91976714, 0.0501696737561
0.169073582673, 0.895369127939, 81.6608248337, 0.642750984394, 50.0414818641, 5.00167378559, 1.32260811622, 1.13684163007, 8.42289639631, 5167.34842737, 0.0409525704091
0.739003817577, 0.849884815057, 88.3128448322, 0.49073709852, 45.4167427693, 16.2966788946, 0.906105149976, 1.6362763603, 7.45878677299, 1906.080995, 0.715597364499
0.206304100633, 0.904100458396, 85.133293966, 0.573555654155, 52.5823745807, 1.25170532937, 1.64517738259, 2.45508575191, 12.2966205431, 5184.20937612, 0.0420944990315
0.308361772238, 0.965664261957, 87.6316858221, 0.699511586119, 3.4139994798, 40.014853473, 0.36614851764, 2.45508575191, 12.2966205431, 1961.74921078, 0.47844506509
