0.500759654527, 1.0021688057, 7.53879631758, 0.478309845864, 28.3906230808, 40.8327730068, 2.52759029531, 1.47181285144, 43.1824711879, 0.399584354551, 0.153846153846
0.500759654527, 0.911455469525, 7.81787169068, 0.284155155339, 42.0202434891, 40.8327730068, 2.52759029531, 1.47181285144, 23.4143731765, 0.353696970983, 0.245098039216
0.500759654527, 1.01316678642, 7.58384368174, 0.491228448871, 28.3906230808, 40.7052074802, 2.52759029531, 1.00582904478, 43.1824711879, 0.418098566111, 0.0
0.530916238904, 1.13706088404, 5.28652713238, 0.267286199855, 22.4298398119, 40.0235771626, 2.28836559182, 1.77692590563, 43.1824711879, 0.381504899952, 0.239726027397
0.507006030872, 1.01316678642, 7.58384368174, 0.491228448871, 28.3906230808, 40.7052074802, 2.52759029531, 1.00582904478, 43.1824711879, 0.403417724823, 0.172661870504
0.501041672471, 1.24141180268, 6.38974460658, 0.249376799763, 46.5956236224, 40.0000788351, 2.84136276822, 1.38299724346, 43.4895663319, 0.374171599212, 0.455958549223
0.501041672471, 0.914609921835, 6.93150865828, 0.216837783987, 46.5956236224, 40.0019831317, 2.84136276822, 1.38299724346, 43.4895663319, 0.36777632667, 0.533112582781
0.504099749831, 0.873710037654, 5.28652713238, 0.455515258781, 20.6958914083, 40.0019831317, 2.03233021682, 1.87052679816, 43.4895663319, 0.428817807936, 0.0568181818182
0.530916238904, 1.13706088404, 5.28652713238, 0.267286199855, 22.4298398119, 40.0235771626, 2.28836559182, 1.77692590563, 43.1824711879, 0.419019536828, 0.147540983607
0.513495538007, 1.01316678642, 7.58384368174, 0.410574258165, 29.1225783962, 40.8327730068, 2.52759029531, 1.00582904478, 43.1824711879, 0.43003196784, 0.0
0.519824922213, 1.00063125627, 7.68963120351, 0.275851529709, 29.5040150946, 40.5274583316, 3.66237842498, 1.00582904478, 37.2664376122, 0.386240962776, 0.289978678038
0.501041672471, 1.09032287522, 6.93150865828, 0.249376799763, 46.5956236224, 40.8327730068, 2.84136276822, 1.38299724346, 38.2981024326, 0.399062844326, 0.245508982036
0.5580657082, 1.09032287522, 6.20743623014, 0.237174515272, 35.8469178679, 48.692168607, 2.29460712771, 1.5869959166, 30.5160355163, 0.388646122932, 0.258064516129
0.501041672471, 1.24141180268, 6.93150865828, 0.216837783987, 46.5956236224, 40.0019831317, 2.84136276822, 1.38299724346, 43.4895663319, 0.410634454534, 0.242647058824
0.500007088259, 1.09032287522, 6.93150865828, 0.216837783987, 46.5956236224, 40.0019831317, 2.84136276822, 1.38299724346, 43.4895663319, 0.405810991113, 0.24347826087
0.507006030872, 1.24565871788, 7.58384368174, 0.491228448871, 28.3906230808, 40.7052074802, 2.84136276822, 1.00582904478, 43.1824711879, 0.379822234356, 0.482352941176
0.5580657082, 1.09032287522, 5.94021537042, 0.237174515272, 35.8469178679, 48.692168607, 2.29460712771, 1.5869959166, 27.7657415481, 0.375072625419, 0.502242152466
0.500128335844, 0.959372043636, 7.81787169068, 0.284155155339, 42.0202434891, 40.8327730068, 2.44141714558, 1.47181285144, 43.712551577, 0.382026101311, 0.48064516129
0.752017190628, 1.13706088404, 5.28652713238, 0.28604266271, 37.6823847239, 40.6288947425, 2.28836559182, 1.38299724346, 42.5139733568, 0.371070538396, 0.606617647059
0.507006030872, 1.01316678642, 7.58384368174, 0.218813733701, 29.1225783962, 40.7052074802, 2.52759029531, 1.00582904478, 43.1824711879, 0.368457508668, 0.644908616188
0.5580657082, 1.00063125627, 7.61960504617, 0.230703210205, 44.2229311814, 41.8059213145, 2.14378744042, 1.71132839371, 30.8319734926, 0.419308154127, 0.228571428571
0.500759654527, 0.944708046997, 7.53879631758, 0.284155155339, 28.3906230808, 40.0237142114, 3.33470380085, 1.47181285144, 23.4143731765, 0.423538426835, 0.203431372549
0.500759654527, 0.858760280957, 3.55280126985, 0.284155155339, 29.5040150946, 40.8494463878, 2.26715353863, 1.47181285144, 43.1824711879, 0.432383250623, 0.136842105263
0.519824922213, 1.00063125627, 7.68963120351, 0.275851529709, 15.6084741307, 40.5274583316, 3.66237842498, 1.00582904478, 37.2664376122, 0.431802929115, 0.194384449244
0.500759654527, 1.01316678642, 7.53879631758, 0.478309845864, 28.3906230808, 46.0698664557, 2.64285232302, 1.00582904478, 36.5268036866, 0.434161530678, 0.0
0.500759654527, 0.959372043636, 7.53879631758, 0.284155155339, 28.3906230808, 40.8327730068, 3.33470380085, 1.47181285144, 26.2862286961, 0.431834766769, 0.166666666667
0.501041672471, 1.09032287522, 6.93150865828, 0.216837783987, 46.5956236224, 40.0019831317, 3.48442813462, 1.38299724346, 43.4895663319, 0.390742400354, 0.305239179954
0.501041672471, 1.24141180268, 6.38974460658, 0.249376799763, 46.5956236224, 40.0000788351, 2.84136276822, 1.38299724346, 43.4895663319, 0.390117458933, 0.465909090909
0.557115792251, 0.966339989997, 6.60599100368, 0.210149046033, 29.9028006445, 41.8059213145, 2.64285232302, 1.5869959166, 33.9634437709, 0.414246543139, 0.273333333333
0.5580657082, 1.09032287522, 5.94021537042, 0.237174515272, 35.8469178679, 48.692168607, 2.29460712771, 1.5869959166, 27.7657415481, 0.378900919068, 0.55737704918
0.501041672471, 1.20307032197, 6.38974460658, 0.249376799763, 47.7904712545, 40.0019831317, 2.84136276822, 1.38299724346, 36.3983756842, 0.378690218778, 0.601423487544
0.500804397655, 1.05867387526, 5.28652713238, 0.249376799763, 33.0383185843, 40.0019831317, 3.50442615216, 1.38299724346, 43.7383664517, 0.388649821769, 0.533166458073
0.501041672471, 1.09032287522, 6.93150865828, 0.216837783987, 46.5956236224, 40.0019831317, 2.84136276822, 1.38299724346, 43.4895663319, 0.377352128885, 0.635542168675
0.501041672471, 1.09032287522, 5.56989075085, 0.202733949777, 46.5956236224, 40.0014142852, 2.84136276822, 1.38299724346, 43.4895663319, 0.369952737658, 0.648967551622
0.500759654527, 0.858760280957, 7.75165765859, 0.284155155339, 28.3906230808, 40.5512679289, 2.64285232302, 1.47181285144, 43.1824711879, 0.421910001511, 0.263157894737
0.513495538007, 1.25861917991, 4.13959643788, 0.231556605254, 23.0820245552, 46.0698664557, 3.7959088884, 1.69818667715, 21.1875494108, 0.429517582061, 0.22695035461
0.507289107832, 0.939687594058, 4.02506653987, 0.284155155339, 29.5040150946, 40.0019831317, 3.7959088884, 1.69818667715, 20.529113386, 0.428888437564, 0.240963855422
0.501041672471, 1.05867387526, 5.28652713238, 0.249376799763, 33.0383185843, 40.0019831317, 3.50442615216, 1.38299724346, 43.7383664517, 0.430061611814, 0.205298013245
0.530916238904, 1.22721725676, 7.8462611835, 0.253527269628, 46.5956236224, 40.0019831317, 3.42743021651, 1.56984808288, 43.4895663319, 0.425486918987, 0.253796095445
0.513495538007, 0.873710037654, 7.96582392529, 0.253527269628, 26.2499855319, 40.8327730068, 2.28836559182, 1.87052679816, 38.2981024326, 0.425986177323, 0.25
0.500759654527, 0.944708046997, 7.53879631758, 0.284155155339, 28.3906230808, 40.0237142114, 3.33470380085, 1.00582904478, 32.4903197555, 0.436574894948, 0.141242937853
0.500618090347, 1.0021688057, 7.53879631758, 0.478309845864, 28.3906230808, 40.8327730068, 2.52759029531, 1.47181285144, 43.1824711879, 0.436886144636, 0.0
0.501041672471, 1.24141180268, 5.73352597276, 0.249376799763, 46.5956236224, 40.0019831317, 2.84136276822, 1.38299724346, 43.4895663319, 0.393869409885, 0.411764705882
0.501041672471, 0.914609921835, 6.93150865828, 0.216837783987, 46.5956236224, 40.0019831317, 2.84136276822, 1.38299724346, 43.4895663319, 0.404882719846, 0.341463414634
0.5580657082, 0.874682193965, 7.61960504617, 0.230703210205, 44.2229311814, 40.8327730068, 2.29460712771, 1.71132839371, 37.3092821622, 0.392566309883, 0.458128078818
0.500759654527, 0.959372043636, 7.53879631758, 0.284155155339, 28.3906230808, 40.8327730068, 3.33470380085, 1.47181285144, 43.1824711879, 0.402465838538, 0.393026941363
0.519824922213, 1.00063125627, 7.68963120351, 0.275851529709, 15.6084741307, 40.5274583316, 2.67714343595, 1.00582904478, 37.2664376122, 0.392552020637, 0.522633744856
0.507006030872, 1.01316678642, 7.90672659267, 0.499068153328, 28.3906230808, 40.7052074802, 2.52759029531, 1.00582904478, 43.1824711879, 0.415157390269, 0.278481012658
0.501041672471, 1.09032287522, 6.93150865828, 0.359360176852, 48.2387232668, 40.0019831317, 2.84136276822, 1.38299724346, 43.4895663319, 0.379090591537, 0.584745762712
0.501041672471, 0.89988653408, 6.93150865828, 0.207734821549, 46.5956236224, 40.0014142852, 2.84136276822, 1.38299724346, 43.4895663319, 0.390950414468, 0.535714285714
0.500759654527, 1.24141180268, 5.73352597276, 0.284155155339, 48.0592434435, 40.8327730068, 3.33470380085, 1.47181285144, 43.1824711879, 0.378031988535, 0.655456417296
0.501041672471, 1.20307032197, 6.38974460658, 0.249376799763, 47.7904712545, 40.0019831317, 2.84136276822, 1.38299724346, 36.3983756842, 0.425004133574, 0.263803680982
0.501041672471, 1.24141180268, 5.73352597276, 0.249376799763, 46.5956236224, 40.0019831317, 3.26350712449, 1.56984808288, 43.4895663319, 0.430167751781, 0.20892494929
0.526928996168, 1.25861917991, 4.13959643788, 0.231556605254, 29.5040150946, 46.0698664557, 2.64285232302, 1.69818667715, 21.1875494108, 0.427531289242, 0.2578125
0.507006030872, 1.01316678642, 7.58384368174, 0.491228448871, 39.3622775332, 40.0019831317, 2.52759029531, 1.00582904478, 43.1824711879, 0.440841939311, 0.0161290322581
0.531851959226, 1.14045623761, 5.1180753658, 0.478309845864, 28.3906230808, 40.7052074802, 2.52759029531, 1.00582904478, 43.712551577, 0.440998160034, 0.0
0.500759654527, 0.959372043636, 7.81787169068, 0.284155155339, 42.0202434891, 40.8327730068, 3.33470380085, 1.47181285144, 23.4143731765, 0.439043243937, 0.151029748284
0.500759654527, 1.24141180268, 5.73352597276, 0.284155155339, 48.2387232668, 40.8327730068, 2.28836559182, 1.47181285144, 43.9416572735, 0.39840846083, 0.41935483871
0.500759654527, 0.959372043636, 7.81787169068, 0.284155155339, 42.0202434891, 40.0019831317, 3.33470380085, 1.47181285144, 43.4895663319, 0.411728393116, 0.365979381443
0.530916238904, 1.13706088404, 5.28652713238, 0.246191116277, 22.4298398119, 40.0235771626, 2.28836559182, 1.77692590563, 43.1824711879, 0.393519837276, 0.495967741935
0.507006030872, 1.01316678642, 7.58384368174, 0.499068153328, 28.3906230808, 40.7052074802, 2.52759029531, 1.00582904478, 43.1824711879, 0.407962102866, 0.412451361868
0.501041672471, 1.24141180268, 6.38974460658, 0.249376799763, 46.5956236224, 40.0019831317, 3.50442615216, 1.38299724346, 43.4895663319, 0.408097425199, 0.393063583815
0.637660837678, 1.01316678642, 7.56653259578, 0.478309845864, 28.3906230808, 40.7052074802, 2.52759029531, 1.00582904478, 39.4365438726, 0.42161703205, 0.313253012048
0.500759654527, 1.24141180268, 5.73352597276, 0.284155155339, 48.2387232668, 40.8327730068, 2.28836559182, 1.47181285144, 43.1824711879, 0.379189837994, 0.585
0.500759654527, 0.959372043636, 7.53879631758, 0.284155155339, 42.0202434891, 40.8327730068, 3.33470380085, 1.47181285144, 41.6705922725, 0.391455081122, 0.579044117647
0.637660837678, 1.01316678642, 7.58384368174, 0.478309845864, 28.3906230808, 40.7052074802, 2.52759029531, 1.00582904478, 43.1824711879, 0.393236099438, 0.546125461255
0.500360132965, 0.959372043636, 5.94021537042, 0.210149046033, 35.8469178679, 41.8059213145, 3.30657975927, 1.5869959166, 33.9634437709, 0.427352983792, 0.27619047619
0.501041672471, 1.24141180268, 6.93150865828, 0.216837783987, 46.5956236224, 40.0019831317, 2.84136276822, 1.5869959166, 43.4895663319, 0.435022411721, 0.231884057971
0.501041672471, 1.24617951646, 6.94983891816, 0.242751584824, 46.5956236224, 48.9416894483, 3.30453817621, 1.47181285144, 43.4895663319, 0.430175855501, 0.267469879518
0.637660837678, 1.01316678642, 7.58384368174, 0.478309845864, 28.3906230808, 40.7052074802, 2.52759029531, 1.00582904478, 43.1824711879, 0.44209041633, 0.0
0.500759654527, 0.959372043636, 7.53879631758, 0.284155155339, 28.3906230808, 40.8327730068, 3.33470380085, 1.47181285144, 23.4143731765, 0.441252657415, 0.178743961353
0.500759654527, 0.959372043636, 7.81787169068, 0.284155155339, 42.0202434891, 40.8327730068, 3.33470380085, 1.47181285144, 43.712551577, 0.440221927644, 0.195592286501
0.566352894405, 0.923891309913, 7.61960504617, 0.218699299078, 44.2229311814, 41.9650884063, 2.22878181084, 1.71132839371, 37.3092821622, 0.403254582219, 0.423913043478
0.637660837678, 1.01316678642, 7.58384368174, 0.478309845864, 28.3906230808, 40.7052074802, 2.52759029531, 1.00582904478, 43.1824711879, 0.416412708649, 0.386503067485
0.530916238904, 0.89988653408, 5.94021537042, 0.253527269628, 20.5364688144, 41.400842081, 3.30657975927, 1.00582904478, 35.4318078475, 0.41435118963, 0.391025641026
0.501041672471, 1.24141180268, 6.38974460658, 0.249376799763, 46.5956236224, 47.1646171511, 2.84136276822, 1.38299724346, 43.4895663319, 0.393696807534, 0.527777777778
0.504099749831, 0.873710037654, 5.28652713238, 0.455515258781, 20.6958914083, 40.0019831317, 2.07380325584, 1.87052679816, 43.4895663319, 0.394125089032, 0.526548672566
0.5580657082, 1.09032287522, 5.94021537042, 0.237174515272, 35.8469178679, 48.692168607, 2.29460712771, 1.5869959166, 27.7657415481, 0.394445440657, 0.524822695035
0.501041672471, 0.914609921835, 6.20743623014, 0.31432671272, 46.5956236224, 40.0019831317, 2.84136276822, 1.38299724346, 43.4895663319, 0.397983695306, 0.522123893805
0.500992113763, 1.09032287522, 6.93150865828, 0.216837783987, 48.2387232668, 40.0019831317, 2.84136276822, 1.38299724346, 43.4895663319, 0.411383693091, 0.414364640884
0.513495538007, 1.20726711243, 7.40925981042, 0.232357296679, 29.5040150946, 43.6122078439, 3.66237842498, 1.69818667715, 27.6978249781, 0.40914090953, 0.418803418803
0.501041672471, 1.24141180268, 6.60599100368, 0.249376799763, 46.5956236224, 40.0019831317, 3.50442615216, 1.38299724346, 43.4895663319, 0.412662502938, 0.395833333333
0.501041672471, 1.24141180268, 6.38974460658, 0.249376799763, 46.5956236224, 47.1646171511, 2.84136276822, 1.38299724346, 43.4895663319, 0.379537763806, 0.665961945032
0.507006030872, 1.01316678642, 7.58384368174, 0.491228448871, 29.1225783962, 40.8327730068, 2.52759029531, 1.00582904478, 43.1824711879, 0.445651439452, 0.0
0.501041672471, 1.24141180268, 6.60599100368, 0.244441091168, 46.5956236224, 40.0019831317, 3.50442615216, 1.38299724346, 43.4895663319, 0.427391388839, 0.277904328018
0.500128335844, 0.959372043636, 7.81787169068, 0.284155155339, 42.0202434891, 40.8327730068, 2.44141714558, 1.47181285144, 43.712551577, 0.440421191923, 0.201680672269
0.513495538007, 0.873710037654, 7.96582392529, 0.253527269628, 43.0074666162, 40.5539713207, 2.28836559182, 1.87052679816, 38.2981024326, 0.422163146769, 0.34375
0.500867624278, 1.24141180268, 5.73352597276, 0.249376799763, 46.5956236224, 47.177442562, 2.84136276822, 1.38299724346, 43.4895663319, 0.382785325636, 0.631884057971
0.513495538007, 0.873710037654, 5.28652713238, 0.253527269628, 26.2499855319, 40.8327730068, 2.28836559182, 1.87052679816, 38.2981024326, 0.404277423036, 0.454022988506
0.513495538007, 0.873710037654, 5.82236102262, 0.253527269628, 22.4298398119, 41.3256991346, 3.71633803728, 1.87052679816, 33.0453713093, 0.442888624023, 0.145263157895
0.609644802766, 0.987911106447, 2.00351919749, 0.478309845864, 29.5040150946, 43.6201858752, 2.52199448221, 1.00582904478, 36.4405587305, 0.402293569152, 0.528517110266
0.501041672471, 1.24141180268, 7.8462611835, 0.253527269628, 46.5956236224, 40.0019831317, 3.26350712449, 1.56984808288, 43.4895663319, 0.389699995807, 0.586240310078
0.530916238904, 0.89988653408, 5.94021537042, 0.207734821549, 20.5364688144, 41.8059213145, 3.30657975927, 1.5869959166, 33.9634437709, 0.435730744732, 0.267734553776
0.513495538007, 0.868313276352, 7.56653259578, 0.253527269628, 22.4298398119, 40.7052074802, 3.71633803728, 1.00582904478, 36.3983756842, 0.409267506238, 0.42654028436
0.513495538007, 0.868313276352, 7.96584305571, 0.249376799763, 22.4298398119, 40.7052074802, 3.79877092251, 1.00582904478, 35.4318078475, 0.413256482858, 0.418816388467
0.501041672471, 1.24141180268, 5.28652713238, 0.395149452097, 46.5956236224, 40.0019831317, 3.50442615216, 1.38299724346, 43.4895663319, 0.443996239979, 0.0761904761905
0.501041672471, 1.09032287522, 6.93150865828, 0.216837783987, 46.5956236224, 40.0019831317, 2.84136276822, 1.38299724346, 43.4895663319, 0.417818991216, 0.396761133603
0.500759654527, 0.959372043636, 7.53879631758, 0.284155155339, 28.3906230808, 40.8327730068, 3.33470380085, 1.47181285144, 23.4143731765, 0.393607600041, 0.565176022835
0.501041672471, 0.914609921835, 5.94021537042, 0.237174515272, 35.8469178679, 40.0019831317, 2.84136276822, 1.38299724346, 43.4895663319, 0.42103557262, 0.396226415094
0.500759654527, 0.959372043636, 7.53879631758, 0.284155155339, 28.3906230808, 40.8327730068, 3.33470380085, 1.47181285144, 43.4895663319, 0.434887133453, 0.271867612293
