0.54843915593, 0.972273871135, 4.83312310793, 0.2967274313, 8.9391729645, 45.6571160663, 2.38924104915, 1.68576998429, 28.4633734217, 0.407835788354, 0.611307420495
0.637660837678, 1.01316678642, 7.58384368174, 0.478309845864, 28.3906230808, 40.7052074802, 2.52759029531, 1.00582904478, 43.1824711879, 0.44209041633, 0.0
0.530916238904, 1.13706088404, 5.28652713238, 0.246191116277, 22.4298398119, 41.3256991346, 2.28836559182, 1.77692590563, 29.8302571058, 0.379612587194, 0.650684931507
0.616282869823, 0.873710037654, 2.00351919749, 0.253527269628, 21.0737231186, 45.0928963364, 3.43561161306, 1.21597404514, 31.1449098353, 0.442074725703, 0.257611241218
0.728329802412, 1.1344891495, 4.92108892297, 0.215480868576, 46.2053694609, 47.2951803808, 2.82444249908, 1.31241164388, 30.5160355163, 0.437854661903, 0.381818181818
0.637660837678, 1.01316678642, 7.58384368174, 0.478309845864, 28.3906230808, 40.7052074802, 2.52759029531, 1.00582904478, 43.1824711879, 0.416412708649, 0.386503067485
0.541173405466, 0.911455469525, 3.89066026743, 0.448040706914, 42.0522369195, 42.4826365845, 3.98508898308, 3.50983139689, 35.042039498, 0.469570202858, 0.0
0.535940501291, 1.1407160133, 6.15495636635, 0.480509686186, 23.5298025776, 45.9288626776, 2.5496174097, 1.99565514756, 32.5100263018, 0.46086023235, 0.192
0.5580657082, 0.874682193965, 7.61960504617, 0.230703210205, 44.2229311814, 48.692168607, 2.29460712771, 1.71132839371, 37.3092821622, 0.443302858955, 0.204545454545
0.530916238904, 1.21840108795, 7.43728730782, 0.320397805714, 10.7304391622, 45.2492073813, 3.7959088884, 1.77692590563, 29.8302571058, 0.418315526816, 0.642512077295
0.515476503188, 0.891514476473, 5.82236102262, 0.221633146474, 35.9357433634, 47.8079878024, 2.64285232302, 1.32837130476, 32.9860509296, 0.418346710815, 0.638888888889
0.5580657082, 1.22187319333, 2.91127462862, 0.230703210205, 47.8081838563, 48.692168607, 2.82226728826, 1.71132839371, 30.8319734926, 0.423029397835, 0.452107279693
0.566352894405, 0.950920634753, 3.50787876212, 0.419088837445, 33.0383185843, 42.4906021412, 3.78600839609, 1.58969124376, 36.4405587305, 0.420954158488, 0.625451263538
0.560414736342, 1.08240110831, 7.74774302802, 0.216040314584, 23.5298025776, 47.4845698108, 3.88495314809, 1.99565514756, 31.4208683726, 0.42240453901, 0.623915139826
0.560414736342, 1.08240110831, 5.53622849053, 0.216040314584, 46.5956236224, 47.4845698108, 3.88495314809, 1.80088345648, 31.4208683726, 0.432689633807, 0.406991260924
0.68477964463, 0.894791256609, 4.53505841196, 0.427045311875, 22.2993334214, 44.3153919135, 2.8669093665, 4.60943898363, 37.8088098727, 0.488904875731, 0.147058823529
0.513495538007, 1.25861917991, 4.13959643788, 0.231556605254, 29.5040150946, 46.0698664557, 3.7959088884, 1.69818667715, 21.1875494108, 0.478121100129, 0.182330827068
0.589019977002, 1.23599588723, 3.52691448186, 0.20040811023, 29.5040150946, 49.0418019894, 2.215641495, 0.935985411979, 31.7172021635, 0.500506330389, 0.0865384615385
0.526928996168, 1.25861917991, 5.82236102262, 0.231556605254, 29.75507306, 46.0698664557, 2.64285232302, 1.69818667715, 21.1875494108, 0.483996533519, 0.15
0.572990061188, 1.20726711243, 7.40925981042, 0.232357296679, 39.1058137649, 43.6122078439, 3.66237842498, 0.396769703881, 29.1284689921, 0.501985671788, 0.0485714285714
0.58658039006, 0.948112144641, 2.39782574403, 0.384267079987, 44.1490164727, 43.6622261794, 2.12804290086, 4.98807889504, 28.4351929017, 0.503713153825, 0.0
0.513495538007, 1.0265344202, 7.96584305571, 0.246191116277, 41.6135201008, 45.1592145858, 3.7959088884, 1.87052679816, 36.3983756842, 0.472488839336, 0.194936708861
0.526928996168, 1.25861917991, 5.82236102262, 0.231556605254, 35.9357433634, 47.8079878024, 2.64285232302, 1.69818667715, 32.9860509296, 0.44970126281, 0.401162790698
0.557115792251, 0.966339989997, 5.94021537042, 0.210149046033, 35.8469178679, 41.8059213145, 3.30657975927, 1.5869959166, 33.9634437709, 0.450224345846, 0.221782178218
0.537726109083, 0.963235501239, 5.69061342036, 0.2967274313, 12.5331137897, 43.4634513169, 2.72291878993, 1.68576998429, 33.4106940506, 0.42815307721, 0.508361204013
0.519210505397, 1.25861917991, 5.82236102262, 0.300835315385, 29.1589699847, 46.0698664557, 2.64285232302, 1.20980322534, 21.1875494108, 0.424098190259, 0.628985507246
0.566352894405, 0.950920634753, 3.50787876212, 0.419088837445, 33.0383185843, 42.4906021412, 3.78600839609, 1.58969124376, 36.4405587305, 0.433759894391, 0.457526080477
0.557115792251, 0.939623423892, 5.94021537042, 0.210149046033, 35.8469178679, 41.8059213145, 3.30657975927, 1.5869959166, 33.9634437709, 0.435997048712, 0.424615384615
0.529441229458, 0.943688742116, 7.80520170019, 0.241951745094, 1.20604280667, 46.9763090835, 3.56840239392, 1.5869959166, 32.5088722614, 0.487117229342, 0.15763546798
0.531851959226, 1.14045623761, 3.46261667413, 0.42897199696, 26.7220345102, 42.4117805215, 3.24145408561, 4.21700151222, 34.7450695317, 0.517574101178, 0.00955414012739
0.500759654527, 1.05329978241, 7.05031739299, 0.403741529355, 43.2460183414, 46.1637396807, 3.65074445564, 3.60617165722, 22.1408762651, 0.504392540519, 0.0560224089636
0.58658039006, 0.948112144641, 2.39782574403, 0.384267079987, 39.1058137649, 43.6622261794, 2.12804290086, 4.99515729713, 28.4351929017, 0.516035789313, 0.0526315789474
0.637660837678, 1.01316678642, 7.58384368174, 0.478309845864, 28.3906230808, 40.7052074802, 2.52759029531, 1.00582904478, 43.1824711879, 0.525058652426, 0.0
0.501041672471, 1.20711758126, 3.88032551064, 0.249376799763, 34.89672588, 40.5274583316, 2.84136276822, 2.66422717191, 36.7327250142, 0.482519752671, 0.208955223881
0.609644802766, 0.987911106447, 2.00351919749, 0.478309845864, 28.3906230808, 40.7052074802, 3.42529472236, 1.00582904478, 36.4405587305, 0.459355866508, 0.381112984823
0.664671750152, 1.22187319333, 7.57384847883, 0.256149425039, 39.8640812453, 46.9092886127, 2.82226728826, 1.86709373109, 23.6000248388, 0.460828536516, 0.379032258065
0.5580657082, 1.00063125627, 4.11186503734, 0.230703210205, 47.8081838563, 48.692168607, 3.09032953731, 1.71132839371, 30.8319734926, 0.464899869769, 0.227699530516
0.728329802412, 1.1344891495, 4.92108892297, 0.215480868576, 46.5235451229, 47.2951803808, 2.82444249908, 1.31241164388, 30.5160355163, 0.457224870598, 0.405405405405
0.5580657082, 0.874682193965, 7.61960504617, 0.366072541811, 44.2229311814, 48.692168607, 2.13379656462, 1.71132839371, 43.5009249965, 0.46139326891, 0.30412371134
0.535940501291, 1.1407160133, 6.15495636635, 0.480509686186, 23.5298025776, 45.9288626776, 2.5496174097, 1.99565514756, 32.5100263018, 0.431422593589, 0.528125
0.535940501291, 1.08011886014, 7.74774302802, 0.480509686186, 23.5298025776, 48.3709962593, 2.5496174097, 1.99565514756, 32.5100263018, 0.428260172692, 0.595588235294
0.611905748424, 1.02382028729, 6.9242487059, 0.256149425039, 39.8640812453, 46.9092886127, 2.82226728826, 1.86709373109, 23.6000248388, 0.424178968353, 0.667630057803
0.507937750064, 0.943688742116, 7.80520170019, 0.241951745094, 1.20604280667, 46.9763090835, 3.56840239392, 1.5869959166, 23.5455667041, 0.425695075873, 0.656518345043
0.616282869823, 0.873710037654, 2.00351919749, 0.253527269628, 21.0737231186, 45.0928963364, 3.43561161306, 1.21597404514, 31.1449098353, 0.440587866537, 0.459787556904
0.637660837678, 1.01316678642, 7.58384368174, 0.478309845864, 28.3906230808, 40.6284263885, 2.52759029531, 1.00582904478, 43.1824711879, 0.448199656922, 0.458620689655
0.566352894405, 0.950920634753, 3.50787876212, 0.42897199696, 33.0383185843, 42.4906021412, 3.78600839609, 1.58969124376, 42.4797737949, 0.450165342019, 0.442572741194
0.566352894405, 0.959372043636, 7.81787169068, 0.320588228416, 37.2347061801, 40.8327730068, 3.5586052691, 1.47181285144, 23.4143731765, 0.498925072777, 0.183510638298
0.566352894405, 0.950920634753, 3.50787876212, 0.419088837445, 37.824422262, 42.4906021412, 3.78600839609, 1.58969124376, 36.4405587305, 0.518869157795, 0.027027027027
0.637660837678, 0.987911106447, 7.58384368174, 0.478309845864, 28.3906230808, 40.7052074802, 3.42529472236, 1.00582904478, 43.1824711879, 0.515019986652, 0.102296450939
0.616282869823, 0.873710037654, 2.001537644, 0.253527269628, 3.17548655282, 45.0928963364, 3.8978963941, 1.21597404514, 31.1449098353, 0.506968829376, 0.181818181818
0.628066516634, 0.877686582149, 3.23783918349, 0.478291362165, 21.8408131153, 40.3757786168, 3.99734441992, 2.10192354454, 27.3554919824, 0.525066447327, 0.00322580645161
0.525165019648, 1.1407160133, 6.15495636635, 0.480509686186, 23.5298025776, 45.9288626776, 2.5496174097, 1.99565514756, 32.5100263018, 0.536878762308, 0.0
0.572990061188, 1.20726711243, 7.40925981042, 0.232357296679, 39.1058137649, 43.6122078439, 3.66237842498, 1.53947388706, 29.1284689921, 0.485874962101, 0.226293103448
0.628066516634, 0.877686582149, 3.23783918349, 0.478291362165, 2.51572287181, 40.3757786168, 3.99734441992, 1.77692590563, 27.3554919824, 0.497252603738, 0.216110019646
0.777343755435, 1.1344891495, 4.92108892297, 0.215480868576, 46.2053694609, 47.2580793808, 2.82444249908, 1.31241164388, 30.5160355163, 0.470524983936, 0.288343558282
0.507273160752, 1.08011886014, 5.53622849053, 0.480509686186, 46.5956236224, 48.3709962593, 2.5496174097, 1.80088345648, 32.5100263018, 0.483032680189, 0.278106508876
0.530916238904, 1.18803022783, 7.43728730782, 0.320397805714, 4.41289408056, 45.2492073813, 3.7959088884, 1.77692590563, 29.8302571058, 0.463787423426, 0.336717428088
0.519210505397, 1.25861917991, 7.43950519396, 0.300835315385, 29.1589699847, 46.1774892704, 2.58032610009, 1.20980322534, 21.1875494108, 0.465860492707, 0.327777777778
0.515476503188, 0.874682193965, 7.43950519396, 0.221633146474, 35.9357433634, 47.8079878024, 2.58032610009, 1.32837130476, 32.9860509296, 0.431889233217, 0.545045045045
0.5580657082, 1.00063125627, 7.61960504617, 0.230703210205, 44.2229311814, 48.692168607, 2.29460712771, 1.71132839371, 30.8319734926, 0.430117120023, 0.642352941176
0.526928996168, 1.25861917991, 4.13959643788, 0.231556605254, 29.5040150946, 46.0698664557, 2.64285232302, 1.69818667715, 21.1875494108, 0.444156547114, 0.539936102236
0.513495538007, 1.24683998478, 7.96584305571, 0.246191116277, 10.7304391622, 45.1592145858, 3.7959088884, 1.87052679816, 36.3983756842, 0.449583260949, 0.535353535354
0.5580657082, 0.950536099756, 4.11186503734, 0.230703210205, 47.8081838563, 48.692168607, 2.9503549982, 1.71132839371, 30.8319734926, 0.455973258144, 0.479508196721
0.515476503188, 1.00063125627, 7.43950519396, 0.221633146474, 29.1589699847, 46.0698664557, 2.58032610009, 1.32837130476, 21.1875494108, 0.452080681371, 0.5
0.616282869823, 0.950920634753, 2.00351919749, 0.436368026674, 33.0383185843, 42.4906021412, 2.86777925206, 1.58969124376, 36.4405587305, 0.524107365008, 0.0421052631579
0.725948085784, 1.10234020671, 6.28924476518, 0.260609882781, 15.3223064365, 48.6356621057, 3.20733928896, 1.41419435061, 31.4208683726, 0.513748009565, 0.204705882353
0.54843915593, 0.972273871135, 3.48400735949, 0.352222518015, 4.2869458753, 48.4531401619, 2.02317688828, 3.68782321286, 25.0449065267, 0.533981890804, 0.0077519379845
0.557115792251, 1.23599588723, 3.23783918349, 0.478291362165, 2.51572287181, 40.3757786168, 3.99734441992, 2.10192354454, 31.6604478464, 0.538395478218, 0.0
0.501041672471, 1.23651108299, 6.38974460658, 0.249376799763, 46.5956236224, 40.0019831317, 2.84136276822, 2.66422717191, 36.7327250142, 0.488490503195, 0.23417721519
0.637660837678, 1.01316678642, 7.58384368174, 0.478309845864, 28.3906230808, 40.7052074802, 2.52759029531, 1.00582904478, 43.1824711879, 0.464331443675, 0.36018957346
0.501041672471, 1.23651108299, 6.38974460658, 0.249376799763, 34.89672588, 40.5274583316, 2.84136276822, 2.66422717191, 36.7327250142, 0.48579383843, 0.352380952381
0.537726109083, 0.963235501239, 5.69061342036, 0.2967274313, 12.5331137897, 41.8924383734, 2.72291878993, 1.68576998429, 33.4106940506, 0.439990460732, 0.546583850932
0.616282869823, 0.873710037654, 2.00351919749, 0.253527269628, 21.0737231186, 45.0928963364, 3.43561161306, 1.21597404514, 31.1449098353, 0.432173399529, 0.631765749778
0.526928996168, 1.24683998478, 7.96584305571, 0.246191116277, 10.7304391622, 45.1592145858, 2.64285232302, 1.87052679816, 36.3983756842, 0.441896236375, 0.546511627907
0.560414736342, 1.23662280672, 6.16619832798, 0.339171990876, 34.89672588, 47.4845698108, 3.88495314809, 1.80088345648, 21.3248524273, 0.438551634794, 0.589096826688
0.628066516634, 0.835381614327, 3.23783918349, 0.478291362165, 2.51572287181, 40.0014396145, 3.99734441992, 1.77692590563, 27.3554919824, 0.452957250975, 0.539726027397
0.566352894405, 0.845169204426, 3.50787876212, 0.419088837445, 33.0383185843, 42.4906021412, 3.78600839609, 1.6582069497, 36.4405587305, 0.458066511368, 0.52947845805
0.628066516634, 1.23599588723, 3.23783918349, 0.478291362165, 2.51572287181, 40.3757786168, 3.99734441992, 2.10192354454, 31.1687988462, 0.526499994991, 0.127020785219
0.591629420332, 0.911455469525, 3.89066026743, 0.448040706914, 42.0522369195, 42.4826365845, 3.98508898308, 0.944402835757, 35.042039498, 0.526800961712, 0.0853658536585
0.557115792251, 0.939623423892, 5.94021537042, 0.210149046033, 35.8469178679, 41.8059213145, 3.16909908848, 0.0703686231783, 33.9634437709, 0.531877233028, 0.0565552699229
0.529441229458, 0.943688742116, 7.80520170019, 0.241951745094, 5.2146343461, 46.9763090835, 3.56840239392, 1.5869959166, 32.5088722614, 0.513886629204, 0.232227488152
0.762556889993, 1.08011886014, 7.36793701749, 0.314834559799, 11.5216908, 48.5616471174, 2.23248142283, 2.3240232116, 38.8063948688, 0.549301635129, 0.0
0.876689235552, 0.886721422924, 4.13624067242, 0.46004892057, 45.239169716, 42.2716518072, 2.52759029531, 3.09949353113, 42.9174880141, 0.548577810795, 0.0117647058824
0.581230506094, 1.0265344202, 7.64035848978, 0.319391951426, 41.6135201008, 43.1166475505, 3.96609266051, 0.33691979324, 41.1628736935, 0.542615861998, 0.0231884057971
0.637660837678, 1.01316678642, 7.58384368174, 0.478309845864, 28.3906230808, 40.7052074802, 2.52759029531, 1.00582904478, 43.1824711879, 0.497609075172, 0.283950617284
0.652235876495, 0.913275604235, 7.57384847883, 0.492717562817, 19.7018072887, 46.642622298, 3.44049387995, 1.77293165821, 35.273880284, 0.495299262166, 0.328767123288
0.567211317178, 0.954779394371, 4.83312310793, 0.2967274313, 8.9391729645, 45.6571160663, 2.38924104915, 1.68576998429, 28.4633734217, 0.475820717052, 0.37323943662
0.876385760921, 1.05356783437, 7.97616530368, 0.492717562817, 40.2317778558, 40.4049841194, 3.92253512381, 1.38379503036, 23.0679427242, 0.46590873251, 0.5085995086
0.500759654527, 1.05329978241, 7.05031739299, 0.478977876071, 43.2460183414, 46.1181639718, 3.65074445564, 1.68576998429, 22.1408762651, 0.466189972717, 0.41653418124
0.881250531905, 0.959372043636, 7.81787169068, 0.284155155339, 42.0202434891, 40.8327730068, 3.5586052691, 1.47181285144, 23.4143731765, 0.441639968994, 0.579166666667
0.881250531905, 0.959372043636, 7.81787169068, 0.320588228416, 37.2347061801, 40.8327730068, 3.5586052691, 1.47181285144, 23.4143731765, 0.437170335457, 0.645059288538
0.876385760921, 0.903261057522, 6.77945850645, 0.492717562817, 46.0809457482, 40.4049841194, 2.96465553155, 1.38379503036, 23.0679427242, 0.445439997069, 0.57399103139
0.566352894405, 0.950920634753, 3.50787876212, 0.42897199696, 33.0383185843, 42.4906021412, 3.92920048256, 1.58969124376, 42.4797737949, 0.451928781111, 0.557275541796
0.74936775472, 1.16301060115, 7.40753415438, 0.39380053881, 38.5784883527, 41.9650884063, 2.38451404143, 2.21860401023, 23.723412192, 0.549795772283, 0.0
0.526928996168, 1.25861917991, 5.82236102262, 0.231556605254, 29.75507306, 46.0698664557, 2.64285232302, 1.69818667715, 21.1875494108, 0.442147324888, 0.652046783626
0.600943390188, 1.04342676551, 7.97616530368, 0.384053457671, 5.7288051138, 41.6371762874, 2.19658869366, 2.67492258803, 20.1885917691, 0.501994307751, 0.288770053476
0.525165019648, 0.984328705795, 6.15495636635, 0.480509686186, 23.5298025776, 45.9288626776, 2.5496174097, 1.99565514756, 32.5100263018, 0.497189644623, 0.390681003584
0.628066516634, 0.877686582149, 3.23783918349, 0.478291362165, 2.51572287181, 40.3757786168, 3.99734441992, 2.10192354454, 27.3554919824, 0.522214873175, 0.240601503759
0.716711420433, 1.13706088404, 5.28652713238, 0.270317896499, 6.85497832794, 40.539266029, 2.04972249069, 1.77692590563, 29.8302571058, 0.467376683493, 0.52
0.541173405466, 0.911455469525, 3.89066026743, 0.448040706914, 42.0522369195, 42.4826365845, 3.98508898308, 3.86616830757, 35.042039498, 0.532913560842, 0.0581655480984
