0.0, 1.0, -1.0, -1.0, -1.0, 2.0, 2.0, -1.0, 2.0, 2.0, -1.0, 2.0, 2.0, -1.0, -1.0, 1.0, 2.0, 1.0, 1.0, -1.0, 3.0, 1.0, 3.0, 1.0, -1.0, 0.0, 0.0, 3.0, 0.0, 2.0, 3.0, -1.0, -1.0, 0.0, -1.0, 0.0, 3.0, -1.0, 3.0, 3.0, 1.0, -1.0, 3.0, 0.0, 2.0, 2.0, 0.0, 3.0, -1.0, 0.0, 472.0, 99559.0
-1.0, 0.0, -1.0, 3.0, 3.0, 3.0, 1.0, 2.0, 2.0, 0.0, 3.0, -1.0, 3.0, 0.0, -1.0, 2.0, -1.0, 2.0, 0.0, 3.0, 0.0, -1.0, 0.0, 1.0, 3.0, 1.0, 0.0, 2.0, -1.0, 0.0, -1.0, 2.0, 1.0, 0.0, 0.0, 3.0, 2.0, 1.0, 0.0, 2.0, 0.0, 1.0, 2.0, 3.0, 1.0, 3.0, 2.0, -1.0, 1.0, 1.0, 563.0, 99463.0
2.0, 1.0, 0.0, -1.0, 3.0, 0.0, 1.0, 3.0, 1.0, 3.0, -1.0, 0.0, 0.0, 0.0, 3.0, 3.0, 2.0, -1.0, -1.0, 1.0, 3.0, -1.0, 0.0, 2.0, 1.0, 1.0, 2.0, -1.0, -1.0, 1.0, -1.0, -1.0, 1.0, 0.0, 0.0, -1.0, -1.0, 2.0, -1.0, 1.0, 1.0, -1.0, 2.0, 2.0, 0.0, 0.0, -1.0, -1.0, 0.0, 1.0, 475.0, 99556.0
0.0, 1.0, -1.0, -1.0, -1.0, 2.0, 2.0, -1.0, 2.0, 2.0, -1.0, 2.0, 2.0, -1.0, -1.0, 1.0, 2.0, 1.0, 1.0, -1.0, 3.0, 1.0, 3.0, 1.0, -1.0, 0.0, 0.0, 3.0, 0.0, 2.0, 3.0, -1.0, -1.0, 0.0, -1.0, 0.0, 3.0, -1.0, 3.0, 3.0, 1.0, -1.0, 3.0, 0.0, 2.0, 2.0, 0.0, 3.0, -1.0, 0.0, 472.0, 99559.0
0.0, 1.0, -1.0, -1.0, -1.0, 2.0, 2.0, -1.0, 2.0, 2.0, -1.0, 2.0, 2.0, -1.0, -1.0, 1.0, 2.0, 1.0, 1.0, -1.0, 3.0, 1.0, 3.0, 1.0, -1.0, 0.0, 0.0, 3.0, 0.0, 2.0, 3.0, -1.0, -1.0, 0.0, -1.0, 0.0, 3.0, -1.0, 3.0, 3.0, 1.0, -1.0, 3.0, 0.0, 2.0, 2.0, 0.0, 3.0, -1.0, 0.0, 472.0, 99559.0
-1.0, 0.0, -1.0, 3.0, 3.0, 3.0, 1.0, 2.0, 2.0, 0.0, 3.0, -1.0, 3.0, 0.0, -1.0, 2.0, -1.0, 2.0, 0.0, 3.0, 0.0, -1.0, 0.0, 1.0, 3.0, 1.0, 0.0, 2.0, -1.0, 0.0, -1.0, 2.0, 1.0, 0.0, 0.0, 3.0, 2.0, 1.0, 0.0, 2.0, 0.0, 1.0, 2.0, 3.0, 1.0, 3.0, 2.0, -1.0, 1.0, 1.0, 563.0, 99463.0
2.0, 1.0, 0.0, -1.0, 3.0, 0.0, 1.0, 3.0, 1.0, 3.0, -1.0, 0.0, 0.0, 0.0, 3.0, 3.0, 2.0, -1.0, -1.0, 1.0, 3.0, -1.0, 0.0, 2.0, 1.0, 1.0, -1.0, -1.0, -1.0, 2.0, -1.0, -1.0, 1.0, 0.0, 0.0, -1.0, -1.0, 2.0, -1.0, 1.0, 1.0, -1.0, 2.0, 2.0, 0.0, 0.0, -1.0, 2.0, 0.0, 1.0, 482.0, 99553.0
2.0, 1.0, 0.0, -1.0, 3.0, 0.0, 1.0, 3.0, 1.0, 3.0, -1.0, 0.0, 0.0, 0.0, 3.0, 3.0, 2.0, -1.0, -1.0, 1.0, 3.0, -1.0, 0.0, 2.0, 1.0, 1.0, 2.0, -1.0, -1.0, 1.0, -1.0, -1.0, 1.0, 0.0, 0.0, -1.0, -1.0, 2.0, -1.0, 1.0, 1.0, -1.0, 2.0, 2.0, 0.0, 0.0, -1.0, -1.0, 0.0, 1.0, 475.0, 99556.0
-1.0, -1.0, 1.0, -1.0, -1.0, 3.0, 0.0, 2.0, 1.0, 2.0, 3.0, 1.0, 3.0, 2.0, 0.0, 3.0, -1.0, 1.0, 3.0, 1.0, 0.0, -1.0, 3.0, 3.0, 0.0, 3.0, 0.0, 3.0, 2.0, 2.0, -1.0, 0.0, 1.0, 1.0, -1.0, -1.0, -1.0, 0.0, 2.0, -1.0, 1.0, -1.0, 1.0, 0.0, 3.0, 2.0, 1.0, 0.0, 2.0, 0.0, 508.0, 99508.0
2.0, 1.0, -1.0, -1.0, 3.0, 0.0, 1.0, 3.0, 1.0, 3.0, -1.0, 0.0, 0.0, 0.0, 3.0, 3.0, 2.0, -1.0, -1.0, 1.0, 3.0, -1.0, 0.0, 2.0, 1.0, 1.0, 2.0, -1.0, -1.0, 1.0, -1.0, -1.0, 1.0, 0.0, 0.0, -1.0, -1.0, 2.0, -1.0, 1.0, 1.0, -1.0, 2.0, 2.0, 0.0, 0.0, -1.0, 2.0, 0.0, 1.0, 477.0, 99554.0
0.0, 1.0, -1.0, -1.0, -1.0, 2.0, 2.0, -1.0, 2.0, 2.0, -1.0, 2.0, 2.0, -1.0, -1.0, 1.0, 2.0, 1.0, 1.0, -1.0, 3.0, 1.0, 3.0, 1.0, -1.0, 0.0, 0.0, 3.0, 0.0, 2.0, 3.0, -1.0, -1.0, 0.0, -1.0, 0.0, 3.0, -1.0, 3.0, 3.0, 1.0, -1.0, 3.0, 0.0, 2.0, 2.0, 0.0, 3.0, -1.0, 0.0, 472.0, 99559.0
-1.0, 0.0, -1.0, 3.0, 3.0, 3.0, 1.0, 2.0, 2.0, 0.0, 3.0, -1.0, 3.0, 0.0, -1.0, 2.0, -1.0, 2.0, 0.0, 3.0, 0.0, -1.0, 0.0, 1.0, 3.0, 1.0, 0.0, 2.0, -1.0, 0.0, -1.0, 2.0, 1.0, 0.0, 2.0, 3.0, 2.0, 1.0, 0.0, 2.0, 0.0, 1.0, 2.0, 3.0, 1.0, 3.0, 2.0, -1.0, 1.0, 1.0, 563.0, 99463.0
-1.0, -1.0, 1.0, -1.0, -1.0, 3.0, 0.0, 2.0, 1.0, 2.0, 3.0, 1.0, 3.0, 2.0, 0.0, 3.0, -1.0, 1.0, 3.0, 1.0, 0.0, -1.0, 3.0, 3.0, 0.0, 3.0, 0.0, 0.0, 2.0, 2.0, -1.0, 0.0, 1.0, 1.0, -1.0, -1.0, -1.0, 0.0, 2.0, -1.0, 1.0, -1.0, 1.0, 0.0, 3.0, 2.0, 1.0, 0.0, 2.0, 0.0, 508.0, 99508.0
2.0, 1.0, 0.0, -1.0, 3.0, 0.0, 1.0, 3.0, 1.0, 3.0, -1.0, 0.0, 0.0, 0.0, 3.0, 3.0, 2.0, -1.0, -1.0, 1.0, 3.0, -1.0, 0.0, 2.0, 1.0, 1.0, 2.0, -1.0, -1.0, 1.0, -1.0, -1.0, 1.0, 0.0, 0.0, -1.0, -1.0, 2.0, -1.0, 1.0, 1.0, -1.0, 2.0, 2.0, 0.0, 0.0, -1.0, -1.0, 0.0, 1.0, 475.0, 99556.0
-1.0, 0.0, -1.0, 3.0, 3.0, 3.0, 1.0, 2.0, 2.0, 0.0, 3.0, -1.0, 3.0, -1.0, -1.0, 2.0, -1.0, 2.0, 0.0, 3.0, 0.0, -1.0, -1.0, 1.0, 3.0, 1.0, 0.0, -1.0, -1.0, 0.0, -1.0, 2.0, 1.0, 0.0, 0.0, 3.0, 2.0, 1.0, 0.0, 2.0, 0.0, 1.0, 2.0, 3.0, 1.0, 3.0, 2.0, -1.0, 1.0, 1.0, 525.0, 99503.0
0.0, 1.0, -1.0, -1.0, -1.0, 2.0, 2.0, -1.0, 2.0, 2.0, -1.0, 2.0, 2.0, -1.0, -1.0, 1.0, 2.0, 1.0, 1.0, -1.0, 3.0, 1.0, 3.0, 1.0, -1.0, 0.0, 0.0, 3.0, -1.0, 2.0, 3.0, -1.0, -1.0, 0.0, -1.0, 0.0, 3.0, -1.0, 3.0, 3.0, 1.0, -1.0, 3.0, 0.0, 2.0, 2.0, 0.0, 3.0, -1.0, 0.0, 455.0, 99572.0
-1.0, 0.0, -1.0, 3.0, 3.0, 3.0, 1.0, 2.0, 2.0, 0.0, 3.0, -1.0, 3.0, 0.0, -1.0, 2.0, -1.0, 2.0, 0.0, 3.0, 0.0, -1.0, 0.0, 1.0, 3.0, 1.0, 0.0, 2.0, -1.0, 0.0, -1.0, 2.0, 1.0, 0.0, 0.0, 3.0, 2.0, 1.0, 0.0, 2.0, 0.0, 1.0, 2.0, 3.0, 1.0, 2.0, 2.0, -1.0, 1.0, 1.0, 563.0, 99463.0
2.0, 1.0, 0.0, -1.0, 3.0, 0.0, 1.0, 3.0, 1.0, 2.0, -1.0, 0.0, 0.0, 2.0, 3.0, 3.0, 2.0, -1.0, -1.0, 1.0, 3.0, -1.0, 0.0, 2.0, 1.0, 1.0, 2.0, -1.0, -1.0, 1.0, -1.0, -1.0, 1.0, 0.0, 0.0, -1.0, -1.0, 2.0, -1.0, 1.0, 1.0, -1.0, 2.0, 2.0, 0.0, 0.0, -1.0, -1.0, 0.0, 1.0, 475.0, 99556.0
0.0, 1.0, -1.0, -1.0, -1.0, 2.0, 2.0, -1.0, 2.0, 2.0, -1.0, 2.0, 2.0, -1.0, -1.0, 1.0, 2.0, 1.0, 1.0, -1.0, 3.0, 1.0, 3.0, 1.0, -1.0, 0.0, 0.0, 3.0, 0.0, 2.0, 3.0, -1.0, -1.0, 0.0, -1.0, 0.0, 3.0, -1.0, 3.0, 3.0, 1.0, -1.0, 3.0, 0.0, 2.0, 2.0, 0.0, 3.0, -1.0, 0.0, 472.0, 99559.0
-1.0, 0.0, -1.0, 3.0, 3.0, 3.0, 1.0, 2.0, 2.0, 0.0, -1.0, 0.0, 3.0, -1.0, -1.0, 2.0, -1.0, 2.0, 0.0, 3.0, 0.0, -1.0, 0.0, 1.0, 3.0, 3.0, 0.0, 2.0, -1.0, 1.0, -1.0, 2.0, 1.0, 0.0, 0.0, 3.0, 2.0, 1.0, 0.0, 2.0, 0.0, 1.0, 2.0, 3.0, 1.0, 3.0, 2.0, -1.0, 1.0, 1.0, 543.0, 99478.0
0.0, 1.0, -1.0, -1.0, -1.0, 2.0, 2.0, -1.0, 2.0, 2.0, -1.0, 2.0, 2.0, -1.0, -1.0, 1.0, 2.0, 1.0, 1.0, -1.0, 3.0, 1.0, 3.0, 1.0, -1.0, 0.0, 0.0, 3.0, 0.0, 2.0, 3.0, -1.0, -1.0, 0.0, -1.0, 0.0, 3.0, -1.0, 3.0, 3.0, 1.0, -1.0, 3.0, 0.0, 2.0, 2.0, 0.0, 3.0, -1.0, 0.0, 472.0, 99559.0
2.0, 1.0, 0.0, -1.0, 3.0, 0.0, 1.0, 3.0, 1.0, 3.0, -1.0, 0.0, 0.0, 0.0, 3.0, 3.0, 2.0, -1.0, -1.0, 1.0, 3.0, -1.0, 0.0, 2.0, 1.0, 1.0, -1.0, -1.0, -1.0, 2.0, -1.0, -1.0, 1.0, 0.0, 0.0, -1.0, -1.0, 2.0, -1.0, 1.0, 1.0, -1.0, 2.0, 2.0, 0.0, 0.0, -1.0, 2.0, 0.0, 1.0, 482.0, 99553.0
-1.0, 1.0, 0.0, -1.0, 3.0, 0.0, 1.0, 3.0, 1.0, 3.0, -1.0, 0.0, 0.0, 0.0, 3.0, 3.0, 2.0, -1.0, -1.0, 1.0, 3.0, -1.0, 0.0, 2.0, 1.0, 1.0, 2.0, -1.0, -1.0, 1.0, -1.0, -1.0, 1.0, 0.0, 0.0, -1.0, -1.0, 2.0, -1.0, 1.0, 1.0, -1.0, 2.0, 2.0, 0.0, 0.0, -1.0, -1.0, 0.0, 1.0, 460.0, 99564.0
-1.0, -1.0, 1.0, -1.0, -1.0, 3.0, 0.0, 2.0, 1.0, 2.0, 3.0, 1.0, 3.0, 2.0, 0.0, 3.0, -1.0, 1.0, 3.0, 1.0, 0.0, -1.0, 3.0, 3.0, 0.0, 3.0, 0.0, 3.0, 2.0, 2.0, -1.0, 0.0, 1.0, 1.0, -1.0, -1.0, -1.0, 0.0, 2.0, -1.0, 1.0, -1.0, 1.0, 0.0, 3.0, 2.0, 1.0, 0.0, 2.0, 0.0, 508.0, 99508.0
2.0, 1.0, -1.0, -1.0, 3.0, 0.0, 1.0, 3.0, 1.0, 3.0, -1.0, 0.0, 0.0, 0.0, 3.0, 3.0, 2.0, -1.0, -1.0, 1.0, 3.0, -1.0, 0.0, 2.0, 1.0, 1.0, 2.0, -1.0, -1.0, 1.0, -1.0, -1.0, 1.0, 0.0, 0.0, -1.0, -1.0, 2.0, -1.0, 1.0, 1.0, -1.0, 2.0, 2.0, 0.0, 0.0, -1.0, 2.0, 0.0, 1.0, 477.0, 99554.0
0.0, 1.0, -1.0, -1.0, -1.0, 2.0, 2.0, -1.0, 2.0, 2.0, -1.0, 2.0, 2.0, -1.0, -1.0, 1.0, 2.0, 1.0, 1.0, -1.0, 3.0, 1.0, 3.0, 1.0, -1.0, 0.0, 0.0, 3.0, 0.0, 2.0, 3.0, -1.0, -1.0, 0.0, -1.0, 0.0, 3.0, -1.0, 3.0, 3.0, 1.0, -1.0, 3.0, 0.0, 2.0, 2.0, 0.0, 3.0, -1.0, 0.0, 472.0, 99559.0
-1.0, 0.0, -1.0, 3.0, 3.0, 3.0, 1.0, 2.0, 2.0, 0.0, 3.0, -1.0, 3.0, 0.0, -1.0, 2.0, -1.0, 2.0, 0.0, 3.0, 0.0, -1.0, 0.0, 1.0, 3.0, 1.0, 0.0, 2.0, -1.0, 0.0, -1.0, 2.0, 1.0, 0.0, 2.0, 3.0, 2.0, 1.0, 0.0, 2.0, 0.0, 1.0, 2.0, 3.0, 1.0, 3.0, 2.0, -1.0, 1.0, 1.0, 563.0, 99463.0
-1.0, -1.0, 1.0, -1.0, -1.0, 3.0, 0.0, 2.0, 1.0, 2.0, 3.0, 1.0, 3.0, 2.0, 0.0, 3.0, -1.0, 1.0, 3.0, 1.0, 0.0, -1.0, 3.0, 3.0, 0.0, 3.0, 0.0, 0.0, 2.0, 2.0, -1.0, 0.0, 1.0, 1.0, -1.0, -1.0, -1.0, 0.0, 2.0, -1.0, 1.0, -1.0, 1.0, 0.0, 3.0, 2.0, 1.0, 0.0, 2.0, 0.0, 508.0, 99508.0
2.0, 1.0, 0.0, -1.0, 3.0, 0.0, 1.0, 3.0, 1.0, 3.0, -1.0, 0.0, 0.0, 0.0, 3.0, 3.0, 2.0, -1.0, -1.0, 1.0, 3.0, -1.0, 0.0, 2.0, 1.0, 1.0, 2.0, -1.0, -1.0, 1.0, -1.0, -1.0, 1.0, 0.0, 0.0, -1.0, -1.0, 2.0, -1.0, 1.0, 1.0, -1.0, 2.0, 2.0, 0.0, 0.0, -1.0, -1.0, 0.0, 1.0, 475.0, 99556.0
1.0, 1.0, -1.0, -1.0, -1.0, 2.0, 2.0, -1.0, 0.0, 2.0, -1.0, 2.0, 2.0, 2.0, -1.0, 1.0, 2.0, 2.0, 1.0, -1.0, 3.0, 1.0, 3.0, 1.0, -1.0, 0.0, 0.0, 3.0, 0.0, 2.0, 3.0, -1.0, -1.0, 1.0, -1.0, 0.0, 3.0, -1.0, 3.0, 3.0, 1.0, -1.0, 3.0, 0.0, 2.0, 2.0, 0.0, 3.0, -1.0, 0.0, 486.0, 99541.0
-1.0, 0.0, -1.0, 3.0, 3.0, 3.0, 1.0, 2.0, 2.0, 0.0, 3.0, -1.0, 3.0, -1.0, -1.0, 2.0, -1.0, 2.0, 0.0, 3.0, 0.0, -1.0, -1.0, 1.0, 3.0, 0.0, 0.0, -1.0, -1.0, 0.0, -1.0, 2.0, 1.0, 0.0, 0.0, 3.0, 2.0, 1.0, 0.0, 2.0, 0.0, 1.0, 2.0, 3.0, 1.0, 3.0, 2.0, -1.0, 1.0, 1.0, 525.0, 99503.0
0.0, 1.0, -1.0, -1.0, -1.0, 2.0, 2.0, -1.0, 2.0, 2.0, -1.0, 2.0, 2.0, -1.0, -1.0, 1.0, 2.0, 1.0, 1.0, -1.0, 3.0, 1.0, 3.0, 1.0, -1.0, 0.0, 0.0, 3.0, -1.0, 2.0, 3.0, -1.0, -1.0, 0.0, -1.0, 0.0, 3.0, -1.0, 3.0, 3.0, 1.0, -1.0, 3.0, 0.0, 2.0, 2.0, 0.0, 3.0, -1.0, 0.0, 455.0, 99572.0
-1.0, 0.0, -1.0, 3.0, 3.0, 3.0, 1.0, 2.0, 2.0, 0.0, 3.0, -1.0, 3.0, 0.0, -1.0, 2.0, -1.0, 2.0, 0.0, 3.0, 0.0, -1.0, 0.0, 1.0, 3.0, 1.0, 0.0, 2.0, -1.0, 0.0, -1.0, 2.0, 1.0, 0.0, 0.0, 3.0, 2.0, 1.0, 0.0, 2.0, 0.0, 1.0, 2.0, 3.0, 1.0, 2.0, 2.0, -1.0, 1.0, 1.0, 563.0, 99463.0
2.0, 1.0, 0.0, -1.0, 3.0, 0.0, 1.0, 3.0, 1.0, 2.0, -1.0, 0.0, 0.0, 2.0, 3.0, 3.0, 2.0, -1.0, -1.0, 1.0, 3.0, -1.0, 0.0, 2.0, 1.0, 1.0, 2.0, -1.0, -1.0, 1.0, -1.0, -1.0, 1.0, 0.0, 0.0, -1.0, -1.0, 2.0, -1.0, 1.0, 1.0, -1.0, 2.0, 2.0, 0.0, 0.0, -1.0, -1.0, 0.0, 1.0, 475.0, 99556.0
