0.293400785756, 0.872817529091, 4.04052808144, 0.619935878051, 56.7020180479, 22.8740216111, 0.355975815148, 2.86502265038, 11.6838365595, 0.000119630574033, 0.166666666667
0.104845607442, 0.824587484112, 3.15725054505, 0.559400389859, 38.6234382137, 1.19815096723, 0.06447447748, 1.80809545221, 6.42507323377, 0.00243413992629, 0.0
0.104845607442, 0.824587484112, 2.08673177971, 0.519807470926, 87.1327602574, 1.19815096723, 0.06447447748, 1.80809545221, 6.42507323377, 0.00133951369209, 0.111111111111
0.104845607442, 1.0727921993, 2.08673177971, 0.519807470926, 89.3838001707, 1.01211314863, 0.06447447748, 3.45708684459, 1.65646505888, 0.00260128422041, 0.0
0.104845607442, 0.824587484112, 2.08673177971, 0.519807470926, 76.9651340642, 1.19815096723, 0.06447447748, 1.80809545221, 4.25303196979, 0.00343727968731, 0.0
0.104845607442, 0.824587484112, 2.06939351256, 0.691014273916, 87.1327602574, 1.02902705584, 0.0246822794422, 3.45708684459, 24.3928703983, 0.003449182188, 0.0
0.104845607442, 0.824587484112, 9.783478697, 0.691014273916, 63.2596516799, 1.18535623963, 0.62931577888, 1.85892880444, 6.42507323377, 0.00381451273068, 0.0
0.104845607442, 0.822226279445, 2.08673177971, 0.519807470926, 76.9651340642, 1.19815096723, 0.06447447748, 1.80809545221, 4.25303196979, 0.00366912412436, 0.5
0.104845607442, 0.824587484112, 2.06939351256, 0.519807470926, 87.1327602574, 1.19815096723, 0.06447447748, 3.45708684459, 6.42507323377, 0.00388523576156, 0.0
0.104845607442, 0.988792478738, 2.08673177971, 0.519807470926, 76.9651340642, 1.19815096723, 0.06447447748, 1.80809545221, 1.65646505888, 0.00382002805355, 0.25
0.120728449796, 0.988792478738, 2.08673177971, 0.519807470926, 76.9651340642, 1.19815096723, 0.06447447748, 2.30259218622, 3.12084781719, 0.00399613785937, 0.0
0.104845607442, 1.0727921993, 3.1702750795, 0.519807470926, 63.2596516799, 1.18535623963, 0.06447447748, 3.45708684459, 6.42507323377, 0.00407361762587, 0.0
0.104845607442, 0.824587484112, 6.93166752306, 0.691014273916, 63.2596516799, 1.18535623963, 1.26400219963, 1.80809545221, 6.42507323377, 0.00420792590502, 0.0
0.120728449796, 0.830183517293, 3.15725054505, 0.503494031843, 23.8894355275, 1.61374079277, 0.702785031376, 0.58534244346, 1.17202379034, 0.00405836708172, 0.333333333333
0.102902886353, 0.824587484112, 3.15725054505, 0.607660324154, 38.6234382137, 1.00451659872, 1.9569235814, 4.11625386831, 5.58315053876, 0.00425155941663, 0.0
0.104845607442, 0.830183517293, 3.30733949611, 0.691014273916, 22.5101405843, 1.18535623963, 1.26400219963, 1.80809545221, 6.42507323377, 0.00446615617681, 0.0
0.104845607442, 0.824587484112, 2.08673177971, 0.575709910385, 87.1327602574, 1.19815096723, 0.06447447748, 1.80809545221, 4.25303196979, 0.00430025281719, 0.153846153846
0.104845607442, 1.0727921993, 2.08673177971, 0.519807470926, 76.9651340642, 1.19815096723, 0.06447447748, 3.45708684459, 1.65646505888, 0.00470016297126, 0.0
0.104845607442, 0.824587484112, 2.43459500203, 0.519807470926, 69.4607165156, 1.19815096723, 0.06447447748, 1.80809545221, 8.74385197143, 0.00492728460273, 0.0
0.104845607442, 0.824587484112, 3.15725054505, 0.519807470926, 94.6417995392, 1.03348950866, 2.21187308505, 1.58602719668, 2.34759755214, 0.00474318905304, 0.0434782608696
0.104845607442, 0.824587484112, 2.08673177971, 0.519807470926, 69.4607165156, 1.19815096723, 0.06447447748, 2.68387468291, 6.42507323377, 0.00493118930199, 0.0
0.104845607442, 0.824587484112, 2.08673177971, 0.519807470926, 87.1327602574, 1.19815096723, 0.06447447748, 1.80809545221, 6.42507323377, 0.00509511034603, 0.0
0.104845607442, 1.0727921993, 2.08673177971, 0.575709910385, 87.1327602574, 1.19815096723, 0.06447447748, 3.45708684459, 1.65646505888, 0.00482304545852, 0.5
0.100167665293, 0.824587484112, 2.08673177971, 0.595360696251, 76.9651340642, 1.63194264816, 0.06447447748, 4.3753101186, 6.42507323377, 0.00515713591272, 0.0
0.104845607442, 0.824587484112, 6.93166752306, 0.691014273916, 63.2596516799, 1.18535623963, 1.26400219963, 1.80809545221, 6.42507323377, 0.00527060161809, 0.0
0.104845607442, 0.824587484112, 4.72038903815, 0.519807470926, 94.6417995392, 1.03348950866, 2.21187308505, 1.58602719668, 2.34759755214, 0.00515754325066, 0.0877192982456
0.103722492794, 0.824587484112, 7.99888878327, 0.618099455601, 63.2596516799, 1.18535623963, 2.72952434706, 1.80809545221, 6.42507323377, 0.00530624975843, 0.00694444444444
0.104845607442, 0.824587484112, 6.93166752306, 0.691014273916, 63.2596516799, 1.18535623963, 1.26400219963, 0.58534244346, 6.42507323377, 0.00541772017565, 0.0
0.104845607442, 0.824587484112, 9.783478697, 0.691014273916, 63.2596516799, 1.18535623963, 1.26400219963, 1.80809545221, 6.42507323377, 0.00563053431854, 0.0
0.104845607442, 0.830183517293, 3.30733949611, 0.691014273916, 22.5101405843, 1.18535623963, 1.18212333991, 1.26218336521, 1.31221785028, 0.00528587531578, 0.135135135135
0.104845607442, 0.823534139576, 2.08673177971, 0.691014273916, 13.4460875666, 1.18535623963, 1.26400219963, 1.80809545221, 6.42507323377, 0.00566754888306, 0.0
0.104845607442, 0.824587484112, 4.2589788344, 0.519807470926, 94.6417995392, 1.03348950866, 2.21187308505, 1.80809545221, 2.34759755214, 0.0054687845588, 0.0719424460432
0.104845607442, 1.17448820143, 3.15725054505, 0.519807470926, 94.6417995392, 1.03348950866, 2.21187308505, 1.58602719668, 2.34759755214, 0.00557122711737, 0.0625
0.104845607442, 0.824587484112, 3.15725054505, 0.519807470926, 38.6234382137, 1.19815096723, 2.49782023869, 1.80809545221, 6.42507323377, 0.00565630571173, 0.00943396226415
0.101548261678, 0.823166076618, 6.93166752306, 0.691014273916, 98.390142662, 1.18535623963, 1.26400219963, 1.80809545221, 6.69497557589, 0.00574424777859, 0.0
0.101548261678, 0.824587484112, 6.93166752306, 0.691014273916, 63.2596516799, 1.18535623963, 1.26400219963, 1.80809545221, 6.42507323377, 0.00613168441274, 0.0
0.100576785812, 0.824587484112, 3.15725054505, 0.559400389859, 38.6234382137, 1.19815096723, 0.06447447748, 1.80809545221, 3.60202765795, 0.00683553284291, 0.0
0.104845607442, 0.824587484112, 2.08673177971, 0.519807470926, 87.1327602574, 1.19815096723, 0.06447447748, 1.80809545221, 6.42507323377, 0.00553742762364, 0.157894736842
0.104845607442, 1.05240435756, 3.69189754444, 0.450076744124, 63.2596516799, 1.18535623963, 1.26400219963, 1.26218336521, 6.42507323377, 0.00569499080822, 0.0588235294118
0.104845607442, 1.0426558298, 8.44553395593, 0.558975668415, 87.1327602574, 2.7950370802, 0.06447447748, 3.45708684459, 24.4403238722, 0.00561517167436, 0.142857142857
0.120728449796, 0.830183517293, 3.15725054505, 0.503494031843, 76.9651340642, 1.61374079277, 0.702785031376, 0.58534244346, 1.17202379034, 0.00550356445803, 0.181818181818
0.104845607442, 0.823534139576, 2.08673177971, 0.691014273916, 22.5101405843, 1.18535623963, 1.26400219963, 1.80809545221, 6.42507323377, 0.00704705779329, 0.0
0.100167665293, 0.824587484112, 2.08673177971, 0.519807470926, 76.9651340642, 1.63194264816, 2.50036050756, 2.08033996294, 6.42507323377, 0.00660862591546, 0.0232558139535
0.104845607442, 0.824587484112, 4.2589788344, 0.519807470926, 94.6417995392, 1.18535623963, 2.21187308505, 1.80809545221, 6.69497557589, 0.0066423971006, 0.018018018018
0.103722492794, 0.82222816468, 7.99888878327, 0.519807470926, 63.2596516799, 1.18535623963, 2.72952434706, 1.80809545221, 6.42507323377, 0.00621485561234, 0.025641025641
0.104845607442, 0.823346804418, 9.32406555049, 0.519807470926, 87.1327602574, 3.38504837504, 0.06447447748, 1.80809545221, 6.42507323377, 0.0071957589461, 0.0
0.103722492794, 0.824587484112, 7.99888878327, 0.618099455601, 63.2596516799, 1.18535623963, 2.72952434706, 1.80809545221, 6.42507323377, 0.00656388034172, 0.0275229357798
0.104845607442, 0.987406629768, 6.93166752306, 0.450076744124, 63.2596516799, 1.18535623963, 3.36545060647, 1.80809545221, 8.75637829864, 0.00649014630498, 0.029197080292
0.104845607442, 0.824587484112, 9.783478697, 0.691014273916, 63.2596516799, 1.18535623963, 1.26400219963, 1.80809545221, 6.42507323377, 0.0063100182454, 0.0333333333333
0.100167665293, 0.824587484112, 2.08673177971, 0.519807470926, 77.3133254771, 1.63194264816, 2.72952434706, 2.08033996294, 6.42507323377, 0.0070112303654, 0.00943396226415
0.102024930983, 0.99056159971, 6.93166752306, 0.460129569179, 48.8000956224, 1.63194264816, 2.49782023869, 2.52429215131, 27.4359039046, 0.00739159854887, 0.0
0.221577520989, 0.850080060008, 6.93166752306, 0.555437720542, 86.1995051358, 1.25419658402, 0.175308225159, 1.80809545221, 6.42507323377, 0.00572350143006, 0.125
0.120728449796, 0.988792478738, 2.08673177971, 0.519807470926, 76.9651340642, 1.19815096723, 0.06447447748, 2.30259218622, 1.17202379034, 0.00789443335286, 0.0
0.104845607442, 1.17448820143, 4.2589788344, 0.519807470926, 94.6417995392, 1.03348950866, 2.21187308505, 1.80809545221, 2.34759755214, 0.00652809554148, 0.0510204081633
0.102902886353, 0.874397997297, 5.56468458693, 0.550590908305, 85.6053763809, 1.05469571096, 0.322464895785, 2.08352341071, 7.25992781601, 0.00594950557814, 0.111111111111
0.104845607442, 0.824587484112, 7.99888878327, 0.403384040996, 53.9683715119, 1.63194264816, 0.702785031376, 0.457959680382, 3.60202765795, 0.00807219987833, 0.0
0.102902886353, 0.824587484112, 7.99888878327, 0.607660324154, 63.2596516799, 1.63194264816, 2.49782023869, 1.80809545221, 6.42507323377, 0.00782110884255, 0.00934579439252
0.120728449796, 1.15041772889, 6.86995073764, 0.555437720542, 26.7716033815, 1.3834807673, 2.50036050756, 1.26218336521, 2.90431937727, 0.0065999164703, 0.0485436893204
0.120728449796, 1.15041772889, 8.78926740472, 0.651644603167, 49.271810116, 1.3834807673, 2.50036050756, 1.26218336521, 25.0147243109, 0.00811066028056, 0.0
0.102286775333, 0.830183517293, 3.30733949611, 0.519807470926, 22.5101405843, 1.18535623963, 1.26400219963, 1.80809545221, 9.41396112476, 0.00725204177021, 0.0222222222222
0.100376321886, 1.06924797425, 6.64417921509, 0.575709910385, 86.5002784757, 1.63194264816, 2.31486351713, 1.80809545221, 6.42507323377, 0.00812149671446, 0.0
0.104845607442, 0.824587484112, 2.43459500203, 0.595360696251, 87.1327602574, 1.55998773544, 2.54269123681, 1.80809545221, 3.60202765795, 0.00753407565621, 0.0183486238532
0.102024930983, 0.824587484112, 7.99888878327, 0.467075231621, 87.1327602574, 1.63194264816, 2.49782023869, 2.52429215131, 6.42507323377, 0.00707304074044, 0.0288461538462
0.104845607442, 0.824587484112, 2.43459500203, 0.519807470926, 87.1327602574, 1.19815096723, 0.06447447748, 1.80809545221, 3.60202765795, 0.00816568391297, 0.0
0.104845607442, 0.99056159971, 6.93166752306, 0.519807470926, 63.2596516799, 1.63194264816, 2.49782023869, 1.80809545221, 6.42507323377, 0.00701050529697, 0.0454545454545
0.104845607442, 0.99056159971, 6.93166752306, 0.519807470926, 63.2596516799, 1.63194264816, 2.49782023869, 1.26218336521, 6.42507323377, 0.00777841094942, 0.0208333333333
0.104845607442, 0.99056159971, 6.93166752306, 0.519807470926, 63.2596516799, 1.63194264816, 2.49782023869, 1.80809545221, 6.42507323377, 0.0078964824081, 0.0173913043478
0.104845607442, 0.824587484112, 3.15725054505, 0.559400389859, 38.6234382137, 1.19815096723, 0.06447447748, 1.80809545221, 6.42507323377, 0.00817775040306, 0.0
0.104845607442, 0.824587484112, 3.15725054505, 0.559400389859, 38.6234382137, 1.19815096723, 0.06447447748, 1.80809545221, 6.42507323377, 0.00581583894496, 0.181818181818
0.104845607442, 0.987406629768, 6.93166752306, 0.450076744124, 63.2596516799, 1.18535623963, 3.36545060647, 1.80809545221, 8.75637829864, 0.00668432295397, 0.0714285714286
0.104845607442, 0.99056159971, 6.93166752306, 0.519807470926, 63.2596516799, 1.63194264816, 2.49782023869, 2.52429215131, 27.4359039046, 0.00819265940445, 0.0
0.100167665293, 0.824587484112, 2.08673177971, 0.595360696251, 76.9651340642, 1.63194264816, 0.06447447748, 2.41647686313, 6.42507323377, 0.00663197321754, 0.0909090909091
0.100167665293, 0.824587484112, 2.08673177971, 0.618099455601, 76.9651340642, 1.63194264816, 2.50036050756, 2.38945549281, 6.42507323377, 0.00845621756638, 0.0
0.104845607442, 0.824587484112, 6.93166752306, 0.691014273916, 63.2596516799, 1.18535623963, 1.26400219963, 1.80809545221, 6.42507323377, 0.006090934789, 0.291666666667
0.104845607442, 0.822576422098, 2.08673177971, 0.519807470926, 87.1327602574, 1.19815096723, 0.06447447748, 1.80809545221, 6.42507323377, 0.00603635623667, 0.384615384615
0.104845607442, 1.0727921993, 2.08673177971, 0.519807470926, 87.1327602574, 1.19815096723, 0.06447447748, 3.45708684459, 1.65646505888, 0.00871477360168, 0.0
0.104845607442, 0.824587484112, 7.99888878327, 0.511114018066, 87.1327602574, 1.63194264816, 2.49782023869, 2.52429215131, 6.42507323377, 0.00745117084158, 0.0322580645161
0.100376321886, 1.06924797425, 6.64417921509, 0.575709910385, 86.5002784757, 1.60341672284, 2.31486351713, 1.80809545221, 6.42507323377, 0.0087220985898, 0.0
0.100167665293, 0.820576725021, 7.99888878327, 0.519807470926, 63.2596516799, 1.63194264816, 2.72952434706, 1.80809545221, 6.42507323377, 0.00884748900876, 0.0
0.104845607442, 0.880468557699, 5.36485177784, 0.691014273916, 72.0597887108, 1.18535623963, 0.0234560955294, 1.45574333095, 3.46748771699, 0.00660359987337, 0.153846153846
0.104845607442, 0.824587484112, 6.93166752306, 0.691014273916, 63.2596516799, 1.18535623963, 1.26400219963, 1.80809545221, 6.42507323377, 0.00896694484061, 0.0
0.102024930983, 0.99056159971, 6.93166752306, 0.460129569179, 77.3133254771, 1.63194264816, 2.49782023869, 2.52429215131, 27.4359039046, 0.00913755308156, 0.0
0.100167665293, 0.824587484112, 2.08673177971, 0.519807470926, 76.9651340642, 1.63194264816, 2.72952434706, 2.08033996294, 6.42507323377, 0.00867837171821, 0.0168067226891
0.104845607442, 1.0727921993, 2.08673177971, 0.519807470926, 76.9651340642, 1.19815096723, 0.06447447748, 3.45708684459, 1.65646505888, 0.00641488134976, 0.5
0.104845607442, 1.0727921993, 3.1702750795, 0.519807470926, 63.2596516799, 1.18535623963, 0.0119207699821, 3.45708684459, 6.42507323377, 0.00639732839352, 0.714285714286
0.104845607442, 0.824587484112, 2.08673177971, 0.519807470926, 93.3633714608, 1.19815096723, 0.0279903413765, 1.80809545221, 6.42507323377, 0.0091796068491, 0.0
0.104845607442, 1.06924797425, 6.64417921509, 0.575709910385, 86.1995051358, 1.60341672284, 2.31486351713, 1.80809545221, 6.42507323377, 0.00931079365774, 0.0
0.102024930983, 0.824587484112, 7.99888878327, 0.511114018066, 87.1327602574, 1.63194264816, 2.49782023869, 2.52429215131, 6.42507323377, 0.00796168959102, 0.0392156862745
0.102902886353, 0.824587484112, 7.99888878327, 0.519807470926, 63.2596516799, 1.63194264816, 2.49782023869, 1.80809545221, 6.42507323377, 0.00939734569263, 0.0
0.104503578476, 0.880468557699, 6.13829155385, 0.691014273916, 72.0597887108, 1.18535623963, 0.0234560955294, 3.89440364024, 8.20562725108, 0.00947272705866, 0.0
0.120728449796, 1.15041772889, 6.86995073764, 0.555437720542, 63.2596516799, 1.3834807673, 2.50036050756, 1.26218336521, 2.90431937727, 0.0082866339701, 0.0254237288136
0.102902886353, 0.821966925564, 7.99888878327, 0.519807470926, 86.1995051358, 1.63194264816, 2.49782023869, 1.80809545221, 6.42507323377, 0.00913620836187, 0.01
0.104845607442, 0.99056159971, 6.93166752306, 0.519807470926, 63.2596516799, 1.63194264816, 2.49782023869, 2.52429215131, 27.4359039046, 0.00953094424684, 0.0
0.104845607442, 0.824587484112, 2.08673177971, 0.519807470926, 77.3133254771, 1.63194264816, 2.72952434706, 2.08033996294, 27.4359039046, 0.00940106704002, 0.00892857142857
0.571891013276, 0.880468557699, 2.02429526675, 0.550590908305, 81.9247136953, 1.06858249812, 0.526158812722, 4.41606528961, 7.25992781601, 0.0100329079976, 0.0
0.104845607442, 0.824587484112, 7.99888878327, 0.511114018066, 87.1327602574, 1.63194264816, 2.49782023869, 2.52429215131, 6.42507323377, 0.00968988168197, 0.00675675675676
0.571891013276, 0.880468557699, 2.43459500203, 0.519807470926, 87.1327602574, 1.06858249812, 0.06447447748, 1.80809545221, 3.60202765795, 0.00750101273462, 0.0909090909091
0.102024930983, 0.99056159971, 6.93166752306, 0.460129569179, 48.8000956224, 1.63194264816, 2.49782023869, 2.52429215131, 27.4359039046, 0.010096812508, 0.0
0.104845607442, 1.06924797425, 6.10824821427, 0.575709910385, 63.2596516799, 1.60341672284, 3.02403710441, 1.80809545221, 6.42507323377, 0.00873507105336, 0.0212765957447
0.104845607442, 1.06924797425, 6.64417921509, 0.575709910385, 86.1995051358, 1.63194264816, 2.31486351713, 4.58321779323, 6.42507323377, 0.00903265347944, 0.018018018018
