0.542339149706, 0.824301857358, 2.05592062647, 0.213915355174, 48.0177017699, 46.6262997246, 2.02288394804, 3.3376655354, 24.8663976995, 187.797102388, 0.537359502714
0.506161512388, 0.835794413307, 2.12557024292, 0.238029746155, 49.5606629149, 47.513364813, 2.59111607864, 1.51170069679, 31.5780800455, 228.189168329, 0.412190700449
0.525636249036, 0.987809382291, 2.03022810087, 0.21204618679, 37.730318204, 44.8050984977, 2.46675557793, 1.08206631639, 21.094007363, 249.854736483, 0.406158176616
0.592172209348, 0.935284789392, 2.12557024292, 0.407382209387, 47.9999079634, 44.8050984977, 2.43455677314, 1.51170069679, 20.5527144652, 206.358622994, 0.446955376281
0.5002273619, 0.835794413307, 2.12557024292, 0.375916703839, 47.9999079634, 43.5588404643, 2.59111607864, 1.33487403654, 31.5780800455, 254.279410504, 0.384898637605
0.511925121138, 0.835794413307, 2.12557024292, 0.401009783246, 48.9035253029, 43.5588404643, 2.59111607864, 1.33487403654, 31.5780800455, 270.664131994, 0.364024293433
0.5002273619, 0.829548536445, 2.32666242613, 0.375916703839, 37.5258222489, 43.5588404643, 2.27973230882, 1.33487403654, 31.8641926238, 251.059878308, 0.389424130398
0.506161512388, 0.876664400312, 2.12557024292, 0.271803908899, 22.2696198463, 41.1460397174, 2.27973230882, 1.12936119734, 26.6871195687, 297.770626395, 0.348889933985
0.525636249036, 0.841878521063, 2.03709111981, 0.304366328172, 45.9768641181, 42.8188986407, 2.07692798812, 1.72650839388, 21.094007363, 193.623380797, 0.480608549635
0.566278758765, 0.824301857358, 2.05592062647, 0.217012118936, 48.0177017699, 46.6262997246, 2.59111607864, 1.8188251479, 23.4720398122, 264.348033341, 0.378252819772
0.505299208576, 0.862933451999, 2.00787617834, 0.203898993188, 26.6222103526, 43.5588404643, 2.47514535672, 1.2045231634, 20.4109949606, 233.433244662, 0.425132137782
0.5002273619, 0.935284789392, 2.12557024292, 0.21204618679, 0.112111550279, 43.5588404643, 2.59111607864, 1.51170069679, 31.5780800455, 237.1922187, 0.422332802686
0.5002273619, 0.835794413307, 2.12557024292, 0.401009783246, 0.0598234958428, 43.5588404643, 2.59111607864, 1.72650839388, 31.5780800455, 247.706494209, 0.413825632575
0.5002273619, 0.972413227721, 2.03000833371, 0.499369901798, 49.7260968534, 43.5588404643, 2.98725751321, 2.32951843006, 22.6985952852, 232.86084551, 0.433164832418
0.525636249036, 0.862933451999, 2.03000833371, 0.20267890143, 37.730318204, 44.8050984977, 2.46675557793, 1.08206631639, 21.094007363, 250.216929504, 0.406682105378
0.525636249036, 0.862933451999, 2.03000833371, 0.21204618679, 37.730318204, 44.8050984977, 2.46675557793, 1.08206631639, 21.094007363, 231.811276713, 0.447467953756
0.5002273619, 0.862933451999, 2.03000833371, 0.21204618679, 37.730318204, 44.8050984977, 2.46675557793, 1.08206631639, 21.094007363, 211.214249544, 0.459133918019
0.566278758765, 0.853414511578, 2.05592062647, 0.217012118936, 45.9768641181, 46.6262997246, 2.43455677314, 1.8188251479, 23.4720398122, 223.37978736, 0.45213913252
0.5002273619, 0.935284789392, 2.12557024292, 0.375916703839, 39.5573471368, 44.8050984977, 2.59111607864, 1.51170069679, 31.5780800455, 278.566566312, 0.368272864232
0.525636249036, 1.00329912605, 2.07879304797, 0.211831269531, 10.3194387227, 44.8050984977, 2.263028668, 1.08206631639, 21.094007363, 253.334263512, 0.404859534199
0.525636249036, 0.862933451999, 2.03000833371, 0.203898993188, 26.6222103526, 43.5588404643, 2.59111607864, 1.08206631639, 20.4109949606, 254.525559537, 0.397146221535
0.505299208576, 0.966667235665, 2.03709111981, 0.304366328172, 22.1532120507, 42.8188986407, 2.46675557793, 1.72650839388, 39.1463449382, 350.891131059, 0.357729652883
0.506587642394, 0.833829043424, 2.11740701618, 0.21204618679, 23.8904028654, 44.8050984977, 2.02288394804, 0.603504776034, 21.094007363, 208.738759482, 0.564165565679
0.525636249036, 1.00329912605, 2.13168112113, 0.211831269531, 37.730318204, 44.8050984977, 2.263028668, 1.08206631639, 21.094007363, 244.428625458, 0.42905316138
0.5002273619, 0.935284789392, 2.12557024292, 0.21204618679, 46.894415317, 43.5588404643, 2.59111607864, 1.51170069679, 31.4089903679, 246.602302018, 0.428331890412
0.5002273619, 0.854254379639, 2.12557024292, 0.21204618679, 45.9768641181, 41.0834514967, 2.59111607864, 1.51170069679, 28.955874127, 239.538056211, 0.431103294302
0.525636249036, 0.987809382291, 2.31061651445, 0.21204618679, 37.730318204, 44.8050984977, 2.46675557793, 1.08206631639, 21.094007363, 238.296410993, 0.436724459844
0.5002273619, 0.935284789392, 2.12557024292, 0.217012118936, 49.7260968534, 44.8050984977, 2.59111607864, 1.51170069679, 31.5780800455, 251.251017969, 0.427743233602
0.5002273619, 0.935284789392, 2.12557024292, 0.375916703839, 47.9999079634, 43.4774619168, 2.59111607864, 1.51170069679, 31.5780800455, 253.177132292, 0.421929686075
0.5002273619, 0.935284789392, 2.12557024292, 0.21204618679, 45.9768641181, 43.5588404643, 2.59111607864, 1.51170069679, 31.5780800455, 232.805398818, 0.448539305999
0.505299208576, 0.966667235665, 2.11740701618, 0.304366328172, 22.1532120507, 42.8188986407, 2.46675557793, 1.72650839388, 20.4109949606, 211.596599102, 0.467537564008
0.5002273619, 0.876664400312, 2.05592062647, 0.27563363994, 37.5258222489, 47.9939160927, 2.59111607864, 1.51170069679, 23.9367862945, 221.644781505, 0.467009696666
0.60482474011, 0.841878521063, 2.31061651445, 0.21204618679, 37.730318204, 44.8050984977, 2.46675557793, 1.08206631639, 21.094007363, 227.845291369, 0.454136955977
0.525636249036, 0.935284789392, 2.12557024292, 0.27834954273, 39.5573471368, 41.1460397174, 2.59111607864, 1.08206631639, 31.5780800455, 285.156114272, 0.387155125814
0.52098780352, 0.835794413307, 2.03709111981, 0.304366328172, 22.1532120507, 42.8188986407, 2.07692798812, 1.72650839388, 39.1463449382, 288.931654944, 0.376423774512
0.506161512388, 0.876664400312, 2.32666242613, 0.271803908899, 22.2696198463, 41.1460397174, 2.27973230882, 1.12936119734, 26.6871195687, 343.805896165, 0.368740234011
0.5002273619, 0.935284789392, 2.12557024292, 0.375916703839, 47.9999079634, 43.5588404643, 2.59111607864, 1.51170069679, 31.5780800455, 323.166196897, 0.374364929237
0.505299208576, 0.841878521063, 2.03709111981, 0.304366328172, 22.1532120507, 42.8188986407, 2.07692798812, 1.72650839388, 39.1463449382, 254.397201309, 0.418664408443
0.5002273619, 0.854254379639, 2.12557024292, 0.21204618679, 45.9768641181, 41.0834514967, 2.59111607864, 1.51170069679, 28.955874127, 257.656513006, 0.401123201841
0.697721687565, 0.887688458099, 2.03709111981, 0.304366328172, 22.1532120507, 42.8188986407, 2.02288394804, 1.72650839388, 39.1463449382, 244.741604894, 0.42974601208
0.525636249036, 1.00329912605, 2.0731422113, 0.201088594707, 37.730318204, 43.5588404643, 2.77761487366, 1.08206631639, 21.7105220591, 244.487279513, 0.443798196487
0.566278758765, 0.824301857358, 2.05592062647, 0.217012118936, 48.0177017699, 46.6262997246, 2.59111607864, 1.8188251479, 23.4720398122, 216.007525642, 0.499799318924
0.506587642394, 0.841878521063, 2.11740701618, 0.21204618679, 23.8904028654, 44.8050984977, 2.02288394804, 0.603504776034, 21.094007363, 215.768014459, 0.595070134996
0.5002273619, 0.876664400312, 2.12557024292, 0.375916703839, 39.5573471368, 43.5588404643, 2.59111607864, 1.97136765065, 31.5780800455, 225.275753143, 0.469714945423
0.500072547273, 0.835794413307, 2.12557024292, 0.46266933119, 47.9999079634, 44.064545357, 2.59111607864, 1.33487403654, 31.5780800455, 238.872323149, 0.454834928536
0.525636249036, 0.841878521063, 2.11740701618, 0.21204618679, 23.8904028654, 44.8050984977, 2.02288394804, 1.12936119734, 21.094007363, 230.732049842, 0.466158702626
0.525636249036, 1.00329912605, 2.19592162144, 0.21204618679, 37.730318204, 44.8050984977, 2.77761487366, 1.08206631639, 21.094007363, 289.674890966, 0.382988545317
0.500165746317, 0.935284789392, 2.12557024292, 0.21204618679, 0.112111550279, 43.5588404643, 2.59111607864, 1.51170069679, 31.5780800455, 318.154741366, 0.379607030232
0.502686005128, 0.947575200729, 4.68862272812, 0.336976316427, 29.8011075637, 40.152713461, 2.43455677314, 1.26807382342, 41.8419090475, 752.079347738, 0.37424465521
0.50120550008, 0.846129563922, 2.86106397747, 0.27834954273, 0.0598234958428, 46.8662798303, 2.07692798812, 1.72650839388, 32.5621716725, 367.779563255, 0.376908123301
0.525636249036, 1.00329912605, 2.19592162144, 0.375916703839, 37.730318204, 40.8151699772, 2.46675557793, 1.84721351355, 20.4109949606, 255.20556654, 0.428519159111
0.52098780352, 0.835794413307, 2.12557024292, 0.401009783246, 47.9999079634, 43.5588404643, 2.59111607864, 1.33487403654, 31.5780800455, 258.091219198, 0.412817306542
0.506161512388, 0.876664400312, 2.05592062647, 0.27563363994, 37.5258222489, 47.9939160927, 2.7457810803, 1.51170069679, 37.9119737301, 264.110102445, 0.409087021205
0.506161512388, 0.876664400312, 2.32666242613, 0.263927944498, 43.1786594514, 41.1460397174, 2.27973230882, 1.12936119734, 26.6871195687, 284.340850099, 0.402522921205
0.5002273619, 0.935284789392, 2.12557024292, 0.375916703839, 39.5573471368, 43.2242737087, 2.59111607864, 1.51170069679, 31.5780800455, 267.288678428, 0.402785801583
0.5002273619, 0.835794413307, 2.12557024292, 0.401009783246, 47.9999079634, 43.5588404643, 2.59111607864, 1.33487403654, 31.5780800455, 255.203471258, 0.432602850172
0.525636249036, 0.841878521063, 2.31061651445, 0.21204618679, 37.730318204, 44.8050984977, 2.46675557793, 1.08206631639, 21.094007363, 247.823934341, 0.441128431548
0.5002273619, 0.835794413307, 2.32175116489, 0.375916703839, 39.5573471368, 44.8050984977, 2.59111607864, 1.51170069679, 31.5780800455, 254.600285896, 0.43884555467
0.525636249036, 0.987809382291, 2.32666242613, 0.21204618679, 37.730318204, 44.8050984977, 2.46675557793, 1.08206631639, 23.6564414678, 246.719861558, 0.445441394217
0.566278758765, 0.820404704463, 2.05592062647, 0.213915355174, 48.0177017699, 46.6262997246, 2.7457810803, 3.3376655354, 23.4720398122, 217.870854387, 0.564921640515
0.646722259528, 0.935284789392, 2.11740701618, 0.375916703839, 23.8904028654, 40.8151699772, 2.02288394804, 1.444940442, 22.0547889816, 220.224599664, 0.514879221468
0.505299208576, 0.935284789392, 2.03862485939, 0.375916703839, 49.5939427701, 42.1943918855, 2.59111607864, 1.08206631639, 23.7866165474, 228.123173826, 0.488376723465
0.566278758765, 1.09483082025, 2.05592062647, 0.217012118936, 0.112111550279, 46.6262997246, 2.43455677314, 1.8188251479, 23.4720398122, 225.522010406, 0.49139915682
0.646722259528, 0.935284789392, 2.12557024292, 0.375916703839, 49.5208104834, 40.8151699772, 2.59111607864, 1.51170069679, 22.0547889816, 240.361410865, 0.463157721861
0.525636249036, 0.935284789392, 2.03022810087, 0.407382209387, 47.9999079634, 44.8050984977, 2.46675557793, 1.51170069679, 21.094007363, 236.48946624, 0.470544057735
0.525636249036, 0.835794413307, 2.12557024292, 0.228893645467, 37.730318204, 44.8050984977, 2.59111607864, 1.08206631639, 31.5780800455, 233.430773812, 0.477609706263
0.5002273619, 0.935284789392, 2.12557024292, 0.375916703839, 39.5573471368, 43.5588404643, 2.59111607864, 1.51170069679, 31.5780800455, 293.464343814, 0.398964689325
0.506161512388, 0.876664400312, 2.05592062647, 0.266314792937, 37.5258222489, 47.513364813, 3.00693791503, 1.51170069679, 32.4893686066, 312.703141319, 0.390645090199
0.5002273619, 0.935284789392, 2.35332819503, 0.217012118936, 49.7260968534, 41.1460397174, 2.59111607864, 1.51170069679, 31.5780800455, 352.545052792, 0.380598239313
0.525636249036, 0.987809382291, 2.11740701618, 0.21204618679, 37.730318204, 44.8050984977, 2.46675557793, 1.08206631639, 21.094007363, 255.984224528, 0.430003614922
0.505299208576, 0.841878521063, 2.03709111981, 0.304366328172, 45.9768641181, 42.8188986407, 2.07692798812, 1.72650839388, 39.1463449382, 260.428384395, 0.413573348208
0.5002273619, 0.935284789392, 2.12557024292, 0.375916703839, 47.9999079634, 43.5588404643, 2.59111607864, 1.51170069679, 31.5780800455, 287.049839195, 0.409964084265
0.525636249036, 0.966667235665, 2.11740701618, 0.21204618679, 26.0807844364, 48.5106530315, 2.46675557793, 1.08206631639, 21.094007363, 291.542593459, 0.409499820468
0.505299208576, 0.841878521063, 2.03709111981, 0.304366328172, 22.1532120507, 41.0834514967, 2.07692798812, 1.86321961235, 39.1463449382, 251.127505927, 0.44318264529
0.525636249036, 1.00329912605, 2.19592162144, 0.21204618679, 37.730318204, 44.8050984977, 2.46675557793, 1.08206631639, 20.4109949606, 248.718047755, 0.458050516267
0.5002273619, 0.876664400312, 2.05592062647, 0.27563363994, 37.5258222489, 47.9939160927, 2.7457810803, 1.51170069679, 23.9367862945, 222.253143056, 0.574790759037
0.566278758765, 0.824301857358, 2.05592062647, 0.213915355174, 48.0177017699, 46.6262997246, 2.59111607864, 3.3376655354, 23.4720398122, 223.376094049, 0.546723564673
0.5002273619, 0.876664400312, 2.05592062647, 0.27563363994, 22.1532120507, 47.9939160927, 2.7457810803, 1.51170069679, 23.9367862945, 231.726384716, 0.508746080758
0.525636249036, 0.841878521063, 2.11740701618, 0.21204618679, 23.8904028654, 44.8050984977, 2.02288394804, 1.12936119734, 21.094007363, 238.640454162, 0.473871810813
0.5002273619, 0.876664400312, 2.047741396, 0.27563363994, 22.1532120507, 47.9939160927, 2.7457810803, 1.12936119734, 21.094007363, 237.795128112, 0.481877747384
0.646722259528, 0.935284789392, 2.12557024292, 0.375916703839, 49.5208104834, 42.1943918855, 2.59111607864, 1.08206631639, 22.0547889816, 233.547352736, 0.490239495563
0.518134676545, 0.876664400312, 2.32666242613, 0.27834954273, 37.5258222489, 41.1460397174, 3.31292527079, 1.51170069679, 32.4893686066, 314.171457575, 0.408955270987
0.500165746317, 0.935284789392, 2.12557024292, 0.21204618679, 0.112111550279, 43.5588404643, 2.59111607864, 1.51170069679, 31.5780800455, 315.112315246, 0.391260252636
0.506161512388, 1.1392222312, 2.98065390099, 0.266314792937, 22.2696198463, 44.4059969724, 2.263028668, 1.57063693201, 26.6871195687, 428.142485129, 0.383790747283
0.505299208576, 0.846129563922, 2.82807171847, 0.304366328172, 22.1532120507, 46.8662798303, 2.07692798812, 1.72650839388, 32.5621716725, 393.744575388, 0.391256078626
0.754764642661, 0.876664400312, 2.32666242613, 0.223040387868, 37.5258222489, 41.1460397174, 2.46675557793, 1.12936119734, 26.6871195687, 258.902373398, 0.437953293641
0.525636249036, 1.00329912605, 2.19592162144, 0.21204618679, 37.730318204, 43.5588404643, 2.77761487366, 1.08206631639, 21.094007363, 282.190638891, 0.414648428306
0.525636249036, 1.00329912605, 2.19592162144, 0.21204618679, 37.730318204, 44.8050984977, 2.77761487366, 1.08206631639, 21.094007363, 262.783884319, 0.425497990114
0.5002273619, 0.935284789392, 2.12557024292, 0.217012118936, 49.7260968534, 43.5588404643, 2.59111607864, 1.51170069679, 31.5780800455, 286.610133094, 0.414405314524
0.525636249036, 0.839143109394, 2.11740701618, 0.21204618679, 23.8904028654, 44.8050984977, 2.02288394804, 1.12936119734, 31.5780800455, 266.124667997, 0.41969796317
0.525636249036, 0.841878521063, 2.11740701618, 0.21204618679, 23.8904028654, 44.8050984977, 2.02288394804, 1.08206631639, 21.094007363, 262.071025022, 0.432480679102
0.5002273619, 0.935284789392, 2.12557024292, 0.21204618679, 0.112111550279, 43.5588404643, 2.59111607864, 1.51170069679, 31.5780800455, 276.886500521, 0.416660254435
0.5002273619, 0.972413227721, 2.03000833371, 0.499369901798, 49.7260968534, 43.5588404643, 2.98725751321, 2.32951843006, 22.6985952852, 229.519285976, 0.563883394049
0.50120550008, 1.08317888053, 5.04142959584, 0.27834954273, 0.0598234958428, 41.1460397174, 2.96043260402, 1.8188251479, 29.7583915485, 893.506821935, 0.386309033698
0.502686005128, 0.947575200729, 4.68862272812, 0.336976316427, 29.8011075637, 40.152713461, 2.28497363691, 1.26807382342, 41.8419090475, 757.78274106, 0.390584530224
0.506161512388, 0.987809382291, 2.98065390099, 0.21204618679, 13.166385898, 44.4059969724, 2.46675557793, 1.57063693201, 26.6871195687, 502.117983314, 0.391351091918
0.646722259528, 0.935284789392, 2.12557024292, 0.375916703839, 42.2253546139, 46.6262997246, 2.59111607864, 1.17108625631, 22.0547889816, 232.382498825, 0.508912663506
0.5002273619, 1.06867053974, 2.12557024292, 0.21204618679, 39.5573471368, 43.2242737087, 2.59111607864, 1.51170069679, 31.5780800455, 385.805932091, 0.394583507316
0.5002273619, 0.876664400312, 2.32666242613, 0.375916703839, 37.5258222489, 43.5588404643, 2.27973230882, 1.33487403654, 32.2004857991, 244.609818899, 0.483122301315
0.5002273619, 0.935284789392, 2.12557024292, 0.375916703839, 19.7713803954, 43.5588404643, 2.59260767195, 1.51170069679, 31.5780800455, 249.018982823, 0.462111399695
