0.5002273619, 0.935284789392, 2.12557024292, 0.21204618679, 45.9768641181, 43.5588404643, 2.59111607864, 1.51170069679, 31.5780800455, 232.805398818, 0.448539305999
0.5002273619, 0.835794413307, 2.12557024292, 0.375916703839, 47.9999079634, 43.5588404643, 2.59111607864, 1.33487403654, 31.5780800455, 254.279410504, 0.384898637605
0.5002273619, 0.972413227721, 2.03000833371, 0.499369901798, 49.7260968534, 43.5588404643, 2.98725751321, 2.32951843006, 22.6985952852, 232.86084551, 0.433164832418
0.5002273619, 0.935284789392, 2.12557024292, 0.375916703839, 39.5573471368, 44.8050984977, 2.59111607864, 1.51170069679, 31.5780800455, 278.566566312, 0.368272864232
0.566278758765, 0.853414511578, 2.05592062647, 0.217012118936, 45.9768641181, 46.6262997246, 2.43455677314, 1.8188251479, 23.4720398122, 223.37978736, 0.45213913252
0.505299208576, 0.841878521063, 2.03709111981, 0.304366328172, 22.1532120507, 42.8188986407, 2.07692798812, 1.72650839388, 39.1463449382, 254.397201309, 0.418664408443
0.506161512388, 0.876664400312, 2.05592062647, 0.27563363994, 37.5258222489, 47.9939160927, 2.7457810803, 1.51170069679, 37.9119737301, 264.110102445, 0.409087021205
0.5002273619, 0.935284789392, 2.12557024292, 0.375916703839, 39.5573471368, 43.2242737087, 2.59111607864, 1.51170069679, 31.5780800455, 267.288678428, 0.402785801583
0.525636249036, 0.987809382291, 2.31061651445, 0.21204618679, 37.730318204, 44.8050984977, 2.46675557793, 1.08206631639, 21.094007363, 238.296410993, 0.436724459844
0.5002273619, 0.935284789392, 2.12557024292, 0.375916703839, 39.5573471368, 43.5588404643, 2.59111607864, 1.51170069679, 31.5780800455, 293.464343814, 0.398964689325
0.506161512388, 0.876664400312, 2.32666242613, 0.271803908899, 22.2696198463, 41.1460397174, 2.27973230882, 1.12936119734, 26.6871195687, 343.805896165, 0.368740234011
0.5002273619, 0.935284789392, 2.12557024292, 0.375916703839, 47.9999079634, 43.5588404643, 2.59111607864, 1.51170069679, 31.5780800455, 323.166196897, 0.374364929237
0.566278758765, 1.09483082025, 2.05592062647, 0.217012118936, 0.112111550279, 46.6262997246, 2.43455677314, 1.8188251479, 23.4720398122, 225.522010406, 0.49139915682
0.646722259528, 0.935284789392, 2.12557024292, 0.375916703839, 49.5208104834, 42.1943918855, 2.59111607864, 1.08206631639, 22.0547889816, 233.547352736, 0.490239495563
0.525636249036, 1.00329912605, 2.19592162144, 0.21204618679, 37.730318204, 44.8050984977, 2.77761487366, 1.08206631639, 21.094007363, 262.783884319, 0.425497990114
0.525636249036, 0.987809382291, 2.11740701618, 0.21204618679, 37.730318204, 44.8050984977, 2.46675557793, 1.08206631639, 21.094007363, 255.984224528, 0.430003614922
0.5002273619, 0.835794413307, 2.12557024292, 0.401009783246, 47.9999079634, 43.5588404643, 2.59111607864, 1.33487403654, 31.5780800455, 255.203471258, 0.432602850172
0.5002273619, 0.935284789392, 2.12557024292, 0.21204618679, 0.112111550279, 43.5588404643, 2.59111607864, 1.51170069679, 31.5780800455, 276.886500521, 0.416660254435
0.5002273619, 0.935284789392, 2.12557024292, 0.375916703839, 47.9999079634, 43.5588404643, 2.59111607864, 1.51170069679, 31.5780800455, 287.049839195, 0.409964084265
0.525636249036, 0.935284789392, 2.32666242613, 0.21204618679, 37.730318204, 44.8050984977, 2.46675557793, 1.08206631639, 21.094007363, 254.160770739, 0.449997138811
0.646722259528, 0.935284789392, 2.12557024292, 0.375916703839, 49.5208104834, 40.8151699772, 2.59111607864, 1.51170069679, 22.0547889816, 240.361410865, 0.463157721861
0.525636249036, 1.00329912605, 2.19592162144, 0.21204618679, 37.730318204, 44.8050984977, 2.46675557793, 1.08206631639, 20.4109949606, 248.718047755, 0.458050516267
0.518134676545, 0.876664400312, 2.32666242613, 0.27834954273, 37.5258222489, 41.1460397174, 3.31292527079, 1.51170069679, 32.4893686066, 314.171457575, 0.408955270987
0.502686005128, 0.947575200729, 4.68862272812, 0.336976316427, 29.8011075637, 40.152713461, 2.43455677314, 1.26807382342, 41.8419090475, 752.079347738, 0.37424465521
0.506161512388, 0.876664400312, 2.05592062647, 0.266314792937, 37.5258222489, 47.513364813, 3.00693791503, 1.51170069679, 32.4893686066, 351.808380537, 0.405570325953
0.50120550008, 0.846129563922, 2.86106397747, 0.27834954273, 0.0598234958428, 46.8662798303, 2.07692798812, 1.72650839388, 32.5621716725, 367.779563255, 0.376908123301
0.5002273619, 0.972413227721, 2.03000833371, 0.499369901798, 49.7260968534, 43.5588404643, 2.98725751321, 2.32951843006, 22.6985952852, 229.519285976, 0.563883394049
0.5002273619, 0.835794413307, 2.12557024292, 0.375916703839, 47.9999079634, 43.5588404643, 2.59111607864, 1.33487403654, 31.5780800455, 236.867152925, 0.493620293423
0.592222429475, 0.987841750383, 2.25248092784, 0.20541927003, 23.8893408864, 42.1259978688, 2.27973230882, 1.64788868888, 29.0264179338, 271.97245815, 0.431945638211
0.5002273619, 0.935284789392, 2.12557024292, 0.217012118936, 39.5573471368, 44.8050984977, 2.59111607864, 1.51170069679, 31.5780800455, 263.914187906, 0.433006596141
0.754764642661, 0.876664400312, 2.32666242613, 0.223040387868, 37.5258222489, 41.1460397174, 2.46675557793, 1.12936119734, 26.6871195687, 258.902373398, 0.437953293641
0.506161512388, 1.00329912605, 2.19592162144, 0.21204618679, 37.730318204, 44.8050984977, 2.1624828061, 1.08206631639, 21.094007363, 286.898460731, 0.425170329635
0.525636249036, 0.987809382291, 2.32666242613, 0.21204618679, 37.730318204, 44.8050984977, 2.46675557793, 1.08206631639, 23.6564414678, 280.626093679, 0.427013077699
0.5002273619, 0.935284789392, 2.03709111981, 0.266314792937, 47.9999079634, 42.8188986407, 2.59111607864, 3.12817360357, 39.1463449382, 240.501738161, 0.489174310893
0.505299208576, 0.841878521063, 2.03709111981, 0.304366328172, 22.1532120507, 42.8188986407, 2.02288394804, 1.72650839388, 39.1463449382, 247.879371234, 0.483170302636
0.525636249036, 0.966667235665, 2.11740701618, 0.21204618679, 23.8904028654, 44.8050984977, 2.46675557793, 1.08206631639, 21.094007363, 249.8942109, 0.479024789953
0.506161512388, 0.876664400312, 2.32666242613, 0.27563363994, 37.5258222489, 47.513364813, 2.27973230882, 1.51170069679, 31.8641926238, 253.415039856, 0.472504605542
0.506161512388, 0.876664400312, 2.32666242613, 0.27563363994, 37.5258222489, 47.513364813, 2.46675557793, 1.51170069679, 31.8641926238, 319.575282033, 0.412833000578
0.506161512388, 1.03341492713, 2.32666242613, 0.271803908899, 37.5258222489, 41.1460397174, 2.27973230882, 1.12936119734, 26.6871195687, 352.027415955, 0.412639334047
0.566278758765, 1.13661120315, 2.31061651445, 0.222284144772, 37.730318204, 44.8050984977, 2.46675557793, 1.8188251479, 21.6814008272, 352.945897449, 0.409977470056
0.505299208576, 0.846129563922, 2.82807171847, 0.304366328172, 22.1532120507, 46.8662798303, 2.07692798812, 1.72650839388, 32.5621716725, 393.744575388, 0.391256078626
0.506161512388, 1.1392222312, 2.98065390099, 0.266314792937, 22.2696198463, 44.4059969724, 2.263028668, 1.57063693201, 26.6871195687, 428.142485129, 0.383790747283
0.5002273619, 0.876664400312, 2.05592062647, 0.27563363994, 37.5258222489, 47.9939160927, 2.7457810803, 1.51170069679, 23.9367862945, 275.294315591, 0.442873667639
0.506161512388, 0.876664400312, 2.32666242613, 0.271803908899, 37.5258222489, 41.1460397174, 2.27973230882, 1.12936119734, 26.6871195687, 264.562272686, 0.446356441381
0.5002273619, 0.885357378709, 2.12557024292, 0.471162454013, 5.3747348561, 44.4839398832, 2.77761487366, 2.32951843006, 26.3929811369, 274.665963814, 0.445608727497
0.525636249036, 1.00329912605, 2.19592162144, 0.21204618679, 37.730318204, 44.8050984977, 2.46675557793, 1.08206631639, 21.094007363, 262.80298317, 0.45905086368
0.525636249036, 1.00329912605, 2.19592162144, 0.211831269531, 37.730318204, 44.8050984977, 2.27973230882, 1.08206631639, 21.094007363, 314.444984573, 0.425699141749
0.505299208576, 0.846129563922, 2.82807171847, 0.304366328172, 26.8375371655, 46.8662798303, 2.263028668, 1.72650839388, 32.5621716725, 306.496956028, 0.42691212024
0.506161512388, 0.935284789392, 2.31061651445, 0.471162454013, 47.9999079634, 42.4291885165, 2.49402022012, 1.08206631639, 31.5780800455, 284.698921132, 0.433756835871
0.5002273619, 0.935284789392, 2.12557024292, 0.21204618679, 0.112111550279, 43.5588404643, 2.59111607864, 1.93492879909, 31.5780800455, 285.357749104, 0.431717839404
0.506161512388, 0.876664400312, 2.32666242613, 0.271803908899, 37.5258222489, 41.1460397174, 2.27973230882, 1.12936119734, 26.6871195687, 282.182215858, 0.438770310307
0.5002273619, 0.935284789392, 2.12557024292, 0.471162454013, 47.9999079634, 43.5588404643, 2.59111607864, 2.32951843006, 31.5780800455, 241.480293423, 0.508295867122
0.5002273619, 0.963550852203, 2.12557024292, 0.266314792937, 49.5872214711, 40.1726867367, 2.46675557793, 3.12817360357, 31.5780800455, 251.985340153, 0.485113219566
0.70311448969, 0.983262299373, 2.31061651445, 0.21204618679, 37.730318204, 44.8050984977, 2.46675557793, 1.08206631639, 21.094007363, 255.057512966, 0.48053692866
0.505299208576, 0.846129563922, 2.82807171847, 0.304366328172, 22.1532120507, 46.8662798303, 2.07692798812, 1.72650839388, 32.5621716725, 322.973459962, 0.41368628482
0.506161512388, 1.1392222312, 2.98065390099, 0.266314792937, 22.2696198463, 44.4059969724, 2.263028668, 1.57063693201, 26.6871195687, 424.634805965, 0.411255002552
0.506161512388, 1.1392222312, 2.98065390099, 0.21204618679, 22.2696198463, 44.4059969724, 2.04287832302, 1.57063693201, 26.6871195687, 421.878047974, 0.412205176986
0.50120550008, 1.08317888053, 5.04142959584, 0.27834954273, 0.0598234958428, 41.1460397174, 2.96043260402, 1.8188251479, 29.7583915485, 893.506821935, 0.386309033698
0.505299208576, 0.846129563922, 2.86106397747, 0.304366328172, 22.1532120507, 46.8662798303, 2.07692798812, 1.72650839388, 32.5621716725, 456.553890995, 0.399799403667
0.506161512388, 0.987809382291, 2.98065390099, 0.21204618679, 13.166385898, 44.4059969724, 2.46675557793, 1.57063693201, 26.6871195687, 502.117983314, 0.391351091918
0.505299208576, 0.841878521063, 2.03709111981, 0.343104696613, 22.1532120507, 42.8188986407, 2.02288394804, 1.72650839388, 39.1463449382, 280.168920616, 0.457770482047
0.5002273619, 0.835794413307, 2.12557024292, 0.46266933119, 47.9999079634, 44.064545357, 2.59111607864, 1.33487403654, 31.5780800455, 266.408858452, 0.460573949843
0.506161512388, 0.876664400312, 2.05592062647, 0.27563363994, 37.5258222489, 47.513364813, 3.00693791503, 1.51170069679, 32.4893686066, 315.698260824, 0.426455811179
0.525636249036, 1.00329912605, 2.19592162144, 0.21204618679, 37.730318204, 44.8050984977, 2.46675557793, 1.08206631639, 21.094007363, 285.5078249, 0.437822849065
0.525636249036, 1.00329912605, 2.19592162144, 0.21204618679, 37.730318204, 44.8050984977, 2.46675557793, 1.08206631639, 21.094007363, 297.353891353, 0.431769780759
0.525636249036, 0.987809382291, 2.31061651445, 0.21204618679, 49.0030811168, 43.5588404643, 2.46675557793, 1.08206631639, 21.0336691078, 283.719941603, 0.440540488211
0.5002273619, 0.972413227721, 2.03000833371, 0.499369901798, 49.7260968534, 43.5588404643, 2.98725751321, 2.32951843006, 22.6985952852, 245.555562706, 0.517934815681
0.617039446632, 1.13420663621, 2.12192673743, 0.495255369158, 1.82333095449, 42.7989753369, 2.15115838217, 4.71308171919, 20.340124076, 253.147598163, 0.515080719164
0.566278758765, 1.09483082025, 2.05592062647, 0.217012118936, 0.112111550279, 46.6262997246, 2.59111607864, 1.51170069679, 23.4720398122, 253.604762548, 0.494796434287
0.5002273619, 0.935284789392, 2.12557024292, 0.471162454013, 47.9999079634, 43.5588404643, 2.07333180025, 2.32951843006, 31.5780800455, 260.734876186, 0.488975733968
0.566278758765, 0.876664400312, 2.32666242613, 0.271803908899, 37.5258222489, 40.3894824044, 3.31292527079, 1.12936119734, 26.6871195687, 342.476336673, 0.419604816752
0.524908281495, 0.876664400312, 2.32666242613, 0.27834954273, 37.5258222489, 41.1460397174, 3.31292527079, 1.51170069679, 32.4893686066, 379.819120651, 0.418560479518
0.631508216005, 0.885357378709, 3.43528038103, 0.360271205819, 5.3747348561, 44.6979828894, 2.92784517462, 1.12882686045, 32.4893686066, 436.745697413, 0.414404735626
0.5002273619, 1.1392222312, 2.98065390099, 0.266314792937, 22.2696198463, 44.4059969724, 2.263028668, 1.57063693201, 26.6871195687, 486.472422331, 0.404750171645
0.50120550008, 1.08317888053, 5.04142959584, 0.27834954273, 0.0598234958428, 41.1460397174, 2.96043260402, 1.8188251479, 29.7583915485, 853.58735018, 0.401806474058
0.506161512388, 1.1392222312, 2.98065390099, 0.266314792937, 13.166385898, 44.4059969724, 2.46675557793, 1.57063693201, 26.6871195687, 502.692255342, 0.404168438612
0.506161512388, 1.1392222312, 2.98065390099, 0.266314792937, 22.2696198463, 44.4059969724, 2.263028668, 1.57063693201, 31.8641926238, 582.403272758, 0.402620458592
0.566278758765, 0.947575200729, 4.68862272812, 0.336976316427, 31.6939630887, 40.152713461, 3.74442562768, 1.26807382342, 41.8419090475, 939.404882186, 0.400297954855
0.525636249036, 0.830108573482, 2.19592162144, 0.21204618679, 37.730318204, 49.3884694953, 2.46675557793, 2.33781346461, 21.094007363, 248.872039687, 0.606103037483
0.502686005128, 1.08317888053, 5.04142959584, 0.27834954273, 15.6067892488, 41.1460397174, 2.92835885099, 1.56960063799, 26.6871195687, 801.754399542, 0.404384323087
0.707274725747, 1.1392222312, 2.98065390099, 0.266314792937, 22.2696198463, 44.4059969724, 2.263028668, 1.57063693201, 26.6871195687, 536.933797436, 0.40526395373
0.5002273619, 0.935284789392, 2.03000833371, 0.499369901798, 44.3907107282, 43.5588404643, 2.98725751321, 2.32951843006, 31.5780800455, 250.180107247, 0.550298340076
0.70311448969, 1.09483082025, 2.05592062647, 0.217012118936, 0.112111550279, 45.6838940157, 2.43455677314, 1.64788868888, 20.5527144652, 263.228860235, 0.492437044006
0.5002273619, 0.935284789392, 2.12557024292, 0.279681406043, 47.9999079634, 40.5928481865, 2.0347485658, 2.32951843006, 31.6541623365, 251.542455406, 0.524869131934
0.506161512388, 1.1392222312, 2.98065390099, 0.266314792937, 22.2696198463, 43.041715436, 2.263028668, 1.57063693201, 26.6871195687, 471.484322137, 0.418244398991
0.506161512388, 1.1392222312, 2.98065390099, 0.266314792937, 13.166385898, 44.4059969724, 2.46675557793, 1.57063693201, 26.6871195687, 491.90627067, 0.418085066538
0.5002273619, 0.972413227721, 2.03000833371, 0.499369901798, 49.7260968534, 43.5588404643, 2.98725751321, 2.32951843006, 22.6985952852, 254.419167544, 0.512061632421
0.566278758765, 0.862933451999, 2.72310669646, 0.336976316427, 39.8659900386, 40.3894824044, 3.74442562768, 1.97783511132, 24.6958804751, 395.211700469, 0.41997519913
0.5002273619, 0.935284789392, 2.12557024292, 0.375916703839, 39.5573471368, 43.5588404643, 2.59111607864, 1.51170069679, 31.5780800455, 267.355957535, 0.469985285388
0.5002273619, 0.987809382291, 2.31061651445, 0.211669024185, 37.730318204, 44.8050984977, 2.46675557793, 1.08206631639, 31.5780800455, 330.005740837, 0.43202274781
0.591833006174, 0.935284789392, 2.12557024292, 0.375916703839, 39.5573471368, 43.5588404643, 2.59111607864, 1.51170069679, 31.5780800455, 290.546694844, 0.439128372004
0.524908281495, 0.876664400312, 2.32666242613, 0.271803908899, 37.5258222489, 47.513364813, 3.31292527079, 1.51170069679, 32.4893686066, 368.998124454, 0.431235210747
0.525636249036, 0.935284789392, 2.32666242613, 0.21204618679, 37.730318204, 43.2242737087, 2.46675557793, 1.08206631639, 21.094007363, 272.165303438, 0.465951719086
0.592222429475, 1.00883106135, 2.72310669646, 0.296945561046, 26.285198006, 47.3745259281, 2.27973230882, 1.97783511132, 35.4990505323, 378.559607096, 0.420250156531
0.525636249036, 1.00329912605, 2.19592162144, 0.266314792937, 37.730318204, 44.8050984977, 2.46675557793, 1.08206631639, 21.094007363, 285.568848232, 0.458573217052
0.525636249036, 0.987809382291, 2.31061651445, 0.210278713863, 49.5208104834, 40.5307150031, 2.46675557793, 1.08206631639, 21.0336691078, 288.531672013, 0.452472669088
0.592222429475, 1.00883106135, 2.72310669646, 0.20541927003, 30.8010208498, 48.3849346109, 2.27973230882, 1.12882686045, 35.4990505323, 371.893893216, 0.428962858182
0.5002273619, 0.935284789392, 2.12557024292, 0.471162454013, 0.112111550279, 44.4839398832, 2.77761487366, 1.26807382342, 30.3517714097, 301.733134834, 0.434103366761
0.525636249036, 0.987809382291, 2.31061651445, 0.21204618679, 49.0030811168, 43.5588404643, 2.46675557793, 1.08206631639, 21.0336691078, 307.046438017, 0.432185540413
0.70311448969, 0.935284789392, 2.31061651445, 0.21204618679, 37.730318204, 44.8050984977, 2.46675557793, 1.08206631639, 21.094007363, 286.222903116, 0.454124451697
