3.0, 3.0, 2.0, 3.0, -1.0, -1.0, 2.0, 2.0, 3.0, 1.0, -1.0, 1.0, -1.0, 1.0, -1.0, -1.0, -1.0, -1.0, -1.0, -1.0, 0.0, -1.0, 1.0, -1.0, -1.0, 3.0, 3.0, -1.0, 2.0, 2.0, -1.0, 2.0, 0.0, 0.0, -1.0, -1.0, 0.0, 2.0, -1.0, 1.0, 0.0, 0.0, 0.0, 0.0, -1.0, 2.0, 0.0, -1.0, -1.0, 0.0, 96739.0, 406.0
3.0, 3.0, 2.0, 3.0, -1.0, -1.0, 2.0, 2.0, 3.0, 1.0, -1.0, 1.0, -1.0, 1.0, -1.0, -1.0, -1.0, -1.0, -1.0, -1.0, 0.0, -1.0, 1.0, -1.0, -1.0, 3.0, 3.0, -1.0, 2.0, 2.0, -1.0, 2.0, 0.0, 0.0, -1.0, -1.0, 0.0, 2.0, -1.0, 1.0, 0.0, 0.0, 0.0, 0.0, -1.0, 2.0, 0.0, -1.0, -1.0, 0.0, 96739.0, 406.0
3.0, 3.0, 2.0, 3.0, -1.0, -1.0, 2.0, 2.0, 3.0, 1.0, -1.0, 1.0, -1.0, 1.0, -1.0, -1.0, -1.0, -1.0, -1.0, -1.0, 0.0, -1.0, 1.0, -1.0, -1.0, 3.0, 3.0, -1.0, 2.0, 2.0, -1.0, 2.0, 0.0, 0.0, -1.0, -1.0, 0.0, 2.0, -1.0, 1.0, 0.0, 0.0, 0.0, 0.0, -1.0, 2.0, 0.0, -1.0, -1.0, 0.0, 96739.0, 406.0
3.0, 3.0, 2.0, 3.0, 1.0, -1.0, -1.0, 2.0, 3.0, -1.0, -1.0, 1.0, -1.0, 1.0, -1.0, -1.0, -1.0, -1.0, -1.0, -1.0, 1.0, -1.0, 0.0, -1.0, -1.0, 3.0, 3.0, -1.0, 2.0, 2.0, -1.0, 2.0, 0.0, 0.0, -1.0, -1.0, 0.0, 2.0, -1.0, 1.0, 0.0, 0.0, 0.0, 0.0, 1.0, 2.0, 0.0, 0.0, 1.0, 0.0, 96243.0, 433.0
3.0, 3.0, 2.0, 3.0, -1.0, -1.0, 2.0, 2.0, 3.0, 1.0, -1.0, 1.0, -1.0, 1.0, -1.0, -1.0, -1.0, -1.0, -1.0, -1.0, 0.0, -1.0, 1.0, -1.0, -1.0, 3.0, 3.0, -1.0, 2.0, 2.0, -1.0, 2.0, 0.0, 0.0, -1.0, -1.0, 0.0, 2.0, -1.0, 1.0, 0.0, 0.0, 0.0, 0.0, -1.0, 2.0, 0.0, -1.0, -1.0, 0.0, 96739.0, 406.0
3.0, 3.0, 2.0, 3.0, -1.0, -1.0, 2.0, 2.0, 3.0, 1.0, -1.0, 1.0, -1.0, 1.0, -1.0, -1.0, -1.0, -1.0, -1.0, -1.0, 0.0, -1.0, 1.0, -1.0, -1.0, 3.0, 3.0, -1.0, 2.0, 2.0, -1.0, 2.0, 0.0, 0.0, -1.0, -1.0, 0.0, 2.0, -1.0, 1.0, 0.0, 0.0, 0.0, 0.0, -1.0, 2.0, 0.0, -1.0, -1.0, 0.0, 96739.0, 406.0
2.0, -1.0, 2.0, 1.0, 0.0, 3.0, 3.0, 3.0, -1.0, -1.0, 0.0, -1.0, -1.0, 1.0, -1.0, -1.0, 1.0, -1.0, 0.0, 0.0, 1.0, 2.0, 0.0, 2.0, -1.0, 0.0, -1.0, -1.0, 1.0, 1.0, 2.0, -1.0, 0.0, 3.0, 0.0, 2.0, -1.0, 3.0, 0.0, 3.0, 1.0, 0.0, 3.0, 3.0, -1.0, 0.0, -1.0, -1.0, 2.0, 1.0, 95778.0, 474.0
2.0, -1.0, 2.0, 1.0, 0.0, 3.0, 3.0, 3.0, -1.0, -1.0, 0.0, -1.0, -1.0, 1.0, -1.0, -1.0, 1.0, -1.0, 0.0, 0.0, 1.0, 2.0, 0.0, 2.0, -1.0, 0.0, -1.0, -1.0, 1.0, 1.0, 2.0, -1.0, 1.0, 3.0, 0.0, 2.0, -1.0, 3.0, 0.0, 3.0, 1.0, 0.0, 2.0, 3.0, -1.0, 0.0, -1.0, -1.0, 2.0, 1.0, 95788.0, 474.0
3.0, 3.0, 2.0, 3.0, -1.0, -1.0, 2.0, 2.0, 3.0, 1.0, -1.0, 1.0, -1.0, 1.0, -1.0, -1.0, -1.0, -1.0, -1.0, -1.0, 0.0, -1.0, 1.0, -1.0, -1.0, 3.0, 3.0, -1.0, 2.0, 2.0, 0.0, 2.0, 0.0, 0.0, -1.0, -1.0, 0.0, 2.0, -1.0, 1.0, 0.0, 0.0, 0.0, 0.0, -1.0, 2.0, 0.0, -1.0, -1.0, 0.0, 96525.0, 419.0
1.0, 2.0, 0.0, 2.0, 0.0, -1.0, -1.0, 2.0, -1.0, 3.0, 0.0, 2.0, -1.0, 0.0, -1.0, 2.0, -1.0, 1.0, -1.0, 1.0, 1.0, 0.0, 1.0, 2.0, -1.0, 0.0, 0.0, 2.0, 2.0, -1.0, -1.0, -1.0, -1.0, 1.0, 1.0, 3.0, 3.0, 3.0, 3.0, 0.0, 1.0, 1.0, -1.0, -1.0, -1.0, 1.0, 0.0, 0.0, 0.0, -1.0, 95809.0, 480.0
1.0, 2.0, 0.0, 2.0, -1.0, -1.0, -1.0, 2.0, -1.0, 3.0, 0.0, 1.0, -1.0, 0.0, -1.0, -1.0, -1.0, 1.0, -1.0, 1.0, 1.0, 0.0, 1.0, 2.0, -1.0, 1.0, 0.0, 2.0, 2.0, -1.0, -1.0, -1.0, -1.0, 1.0, 1.0, 3.0, 3.0, 3.0, 3.0, 0.0, 1.0, -1.0, -1.0, -1.0, -1.0, 1.0, 0.0, 0.0, 0.0, -1.0, 96281.0, 434.0
1.0, 2.0, 0.0, 2.0, -1.0, -1.0, -1.0, 2.0, -1.0, 3.0, 0.0, 1.0, -1.0, 0.0, -1.0, -1.0, -1.0, 1.0, -1.0, 1.0, 1.0, 0.0, 1.0, 2.0, -1.0, 1.0, 0.0, 2.0, 2.0, -1.0, -1.0, -1.0, -1.0, 1.0, 1.0, 3.0, 3.0, 3.0, 3.0, 0.0, 1.0, -1.0, -1.0, -1.0, -1.0, 1.0, 0.0, 0.0, 0.0, -1.0, 96281.0, 434.0
1.0, 2.0, 0.0, 2.0, -1.0, -1.0, -1.0, 2.0, -1.0, 3.0, 0.0, 1.0, -1.0, 0.0, -1.0, -1.0, -1.0, 1.0, -1.0, 1.0, 1.0, 0.0, 1.0, 2.0, -1.0, 1.0, 0.0, 2.0, 2.0, -1.0, -1.0, -1.0, -1.0, 1.0, 1.0, 3.0, 3.0, 3.0, 3.0, 0.0, 1.0, -1.0, -1.0, -1.0, -1.0, 1.0, 0.0, 0.0, 0.0, -1.0, 96281.0, 434.0
1.0, 2.0, 0.0, 2.0, -1.0, -1.0, -1.0, 2.0, -1.0, 3.0, 0.0, 1.0, -1.0, 0.0, -1.0, -1.0, -1.0, 1.0, -1.0, 1.0, 1.0, 0.0, 1.0, 2.0, -1.0, 1.0, 0.0, 2.0, 2.0, -1.0, -1.0, -1.0, -1.0, 1.0, 1.0, 3.0, 3.0, 3.0, 3.0, 0.0, 1.0, -1.0, -1.0, -1.0, -1.0, 1.0, 0.0, 0.0, 0.0, -1.0, 96281.0, 434.0
1.0, 2.0, 0.0, 2.0, -1.0, -1.0, -1.0, 2.0, -1.0, 3.0, 0.0, 1.0, -1.0, 0.0, -1.0, -1.0, -1.0, 1.0, -1.0, 1.0, 1.0, 0.0, 1.0, 2.0, -1.0, 1.0, 0.0, 2.0, 2.0, -1.0, -1.0, -1.0, -1.0, 1.0, 1.0, 3.0, 3.0, 3.0, 3.0, 0.0, 1.0, -1.0, -1.0, -1.0, -1.0, 1.0, 0.0, 0.0, 0.0, -1.0, 96281.0, 434.0
1.0, 2.0, 0.0, 2.0, -1.0, -1.0, -1.0, 2.0, -1.0, 3.0, 0.0, 1.0, -1.0, 0.0, -1.0, -1.0, -1.0, 1.0, -1.0, 1.0, 1.0, 0.0, 1.0, 2.0, -1.0, 1.0, 0.0, 2.0, 2.0, -1.0, -1.0, -1.0, -1.0, 1.0, 1.0, 3.0, 3.0, 3.0, 3.0, 0.0, 1.0, -1.0, -1.0, -1.0, -1.0, 1.0, 0.0, 0.0, 0.0, -1.0, 96281.0, 434.0
1.0, 2.0, 0.0, 2.0, 0.0, -1.0, -1.0, 2.0, -1.0, 3.0, 0.0, 2.0, -1.0, 0.0, -1.0, 2.0, -1.0, 1.0, -1.0, 1.0, 1.0, 0.0, 1.0, 2.0, -1.0, 0.0, 0.0, 2.0, -1.0, -1.0, -1.0, -1.0, -1.0, 1.0, 1.0, 3.0, 3.0, 3.0, 3.0, 0.0, 1.0, 1.0, -1.0, -1.0, -1.0, 1.0, 0.0, 0.0, 0.0, -1.0, 95869.0, 467.0
2.0, -1.0, 2.0, 1.0, 0.0, 3.0, 3.0, 3.0, -1.0, -1.0, 0.0, -1.0, -1.0, 1.0, -1.0, -1.0, 1.0, -1.0, 0.0, 0.0, 1.0, 2.0, 0.0, 2.0, -1.0, 0.0, -1.0, -1.0, 1.0, 1.0, 2.0, -1.0, 1.0, 3.0, 0.0, 2.0, -1.0, 3.0, 0.0, 3.0, 1.0, 0.0, 3.0, 3.0, -1.0, 0.0, -1.0, -1.0, 2.0, 1.0, 95825.0, 474.0
2.0, -1.0, 2.0, 1.0, 0.0, 3.0, 3.0, 3.0, -1.0, -1.0, 0.0, -1.0, -1.0, 1.0, -1.0, -1.0, 1.0, -1.0, 0.0, 0.0, 1.0, 2.0, 0.0, 2.0, -1.0, 0.0, -1.0, -1.0, 1.0, 1.0, 2.0, -1.0, 1.0, 3.0, 0.0, 2.0, -1.0, 3.0, 0.0, 3.0, 1.0, 0.0, 3.0, 3.0, -1.0, 0.0, -1.0, -1.0, 2.0, 1.0, 95825.0, 474.0
2.0, -1.0, 2.0, 1.0, 0.0, 3.0, 3.0, 3.0, -1.0, -1.0, 0.0, -1.0, -1.0, 1.0, -1.0, -1.0, 1.0, -1.0, 0.0, 0.0, 1.0, 2.0, 0.0, 2.0, -1.0, 0.0, -1.0, -1.0, 1.0, 1.0, 2.0, -1.0, 1.0, 3.0, 0.0, 2.0, -1.0, 3.0, 0.0, 3.0, 1.0, 0.0, 3.0, 3.0, -1.0, 0.0, -1.0, -1.0, 2.0, 1.0, 95825.0, 474.0
