0.190738042647, 1.1767931716, 5.59839595092, 0.884987622487, 84.5381503109, 6.266049482, 0.189223582962, 2.78747144792, 10.1940778659, 0.0, 0.0
0.110971780926, 1.0932116661, 5.76968439944, 0.734124601484, 80.0561200511, 3.41847995934, 0.299688374007, 0.34504157997, 19.1928924466, 0.0, 0.0
0.114443019212, 1.11142837477, 2.13612715619, 0.857410999213, 94.5838560332, 1.00947669595, 0.914443241181, 4.04662870328, 10.5195767502, 0.00251844352927, 0.0
0.101952114421, 0.872071080049, 2.80370965148, 0.75422603373, 91.455050687, 1.68723808492, 0.0900945405407, 2.45990618183, 17.94418131, 0.00338385249738, 0.0
0.101952114421, 0.840883081792, 2.13592410827, 0.722660502841, 90.5706885596, 1.38406944034, 0.213106429961, 1.49123887473, 19.9621323372, 0.00352609781578, 0.0
0.114443019212, 1.01264079746, 5.24580880978, 0.892401414128, 86.2122607473, 1.49753109009, 1.98239434004, 3.48053291921, 19.5425648752, 0.00416833038223, 0.0
0.144663350601, 1.24477107156, 7.42625778805, 0.81627028596, 86.7456653756, 1.73359839449, 0.621915564259, 0.0643174063247, 13.1053595814, 0.00443252046449, 0.0
0.134245812922, 1.11796597181, 3.23939292599, 0.783784255844, 82.1616656766, 2.40839618826, 0.874140857321, 4.66235977826, 15.0195526951, 0.00461596837742, 0.0
0.127930135666, 0.917048416981, 6.08302020007, 0.625007683335, 98.2084705329, 1.54475475177, 1.22076434923, 2.28188427689, 19.423462933, 0.00539390821805, 0.0
0.14017043067, 1.13657340442, 4.27580349369, 0.85807321538, 99.7203450273, 1.54458175103, 1.64880763118, 0.424701060911, 12.8452671521, 0.00560711379384, 0.0
0.101952114421, 0.836857121425, 2.13592410827, 0.741572833952, 90.5706885596, 1.38406944034, 0.213106429961, 1.49123887473, 19.9621323372, 0.00542990482946, 0.363636363636
0.101952114421, 0.840883081792, 2.13592410827, 0.722660502841, 80.2220001586, 1.38406944034, 0.213106429961, 1.49123887473, 19.9621323372, 0.00578255796898, 0.0
0.152373238838, 0.946838278782, 5.17400574237, 0.83609505318, 87.4990297559, 1.03403827597, 0.84245746785, 0.323999864798, 16.6006353356, 0.00600020189844, 0.0
0.10000498917, 0.985698758251, 5.29413398676, 0.792068276545, 89.9805094781, 2.06058025704, 1.13964800291, 4.30020570457, 12.3374850608, 0.00672133823749, 0.0357142857143
0.101952114421, 1.11142837477, 2.80370965148, 0.857410999213, 94.5838560332, 1.68723808492, 0.0900945405407, 2.45990618183, 17.94418131, 0.00689137933543, 0.0
0.118132427625, 0.935186808999, 5.56126035097, 0.818986769089, 98.9973470944, 2.61172846161, 0.570863042081, 3.32086382546, 11.0322633337, 0.00694706006559, 0.0
0.127930135666, 0.8366692065, 2.80370965148, 0.617874524613, 91.455050687, 1.68723808492, 0.0900945405407, 2.45990618183, 17.94418131, 0.00702172943291, 0.0
0.105919537832, 0.853374085084, 7.01899920886, 0.711195245075, 95.8204402384, 4.10766425495, 0.44727341692, 1.33534604529, 13.9597094703, 0.00706148981174, 0.0
0.113008463795, 0.850703736206, 7.29721182156, 0.793783210932, 88.6133431789, 5.83974129328, 0.868369832989, 3.58061572769, 11.0208406806, 0.0074753725386, 0.0
0.101952114421, 0.840883081792, 2.13592410827, 0.803797933037, 93.7170275456, 1.38406944034, 0.213106429961, 1.49123887473, 19.9621323372, 0.00723025416627, 0.4
0.14017043067, 1.20535010543, 7.7379256819, 0.85807321538, 99.8367053326, 1.54458175103, 1.64880763118, 0.424701060911, 16.9425900323, 0.00806929927876, 0.0
0.152373238838, 0.995401982281, 3.8153972062, 0.654581359144, 94.3889484712, 1.16200211615, 0.965094958572, 1.13184071694, 15.2791680948, 0.0076071737733, 0.142857142857
0.144663350601, 1.24477107156, 7.42625778805, 0.81627028596, 86.7456653756, 1.73359839449, 0.621915564259, 0.0643174063247, 13.1053595814, 0.008137583459, 0.0
0.101952114421, 0.840883081792, 2.01430593788, 0.722660502841, 90.5706885596, 1.00457268861, 0.213106429961, 1.49123887473, 19.9621323372, 0.0079186667132, 0.344262295082
0.134245812922, 0.979140330233, 3.23939292599, 0.725501927404, 82.2597748055, 9.46136768121, 0.531114776226, 4.66235977826, 10.7858836241, 0.00910225465111, 0.0
0.102961683679, 1.19680510239, 4.30595358665, 0.933069750563, 94.9000447515, 3.09493907196, 0.649439664837, 3.53120149559, 19.5872599751, 0.00950268579245, 0.0
0.114443019212, 0.872071080049, 2.13612715619, 0.75422603373, 91.455050687, 1.00947669595, 0.914443241181, 4.04662870328, 18.0593295252, 0.00834395372187, 0.222222222222
0.187034105043, 1.06130337095, 6.01589790577, 0.892401414128, 86.2122607473, 1.49753109009, 1.98239434004, 3.48053291921, 19.0099863852, 0.00971312990832, 0.0
0.165964855706, 1.13657340442, 4.27580349369, 0.85807321538, 99.7203450273, 1.38406944034, 1.64880763118, 0.424701060911, 12.8452671521, 0.0103528173646, 0.0
0.104603730785, 1.09957393255, 3.68964006434, 0.85192954857, 91.9495066664, 8.71051858, 0.264279406827, 2.09380183018, 11.1402200204, 0.0106726869042, 0.0
0.101952114421, 0.840883081792, 2.13592410827, 0.722660502841, 80.2220001586, 1.38406944034, 0.213106429961, 1.49123887473, 19.9621323372, 0.0100429465886, 0.346153846154
0.10000256919, 0.985698758251, 5.29413398676, 0.792068276545, 89.9805094781, 2.06058025704, 1.13964800291, 4.30020570457, 12.3374850608, 0.0110583742328, 0.0
0.101952114421, 0.840883081792, 2.01430593788, 0.722660502841, 90.5706885596, 1.38406944034, 0.213106429961, 1.49123887473, 19.9621323372, 0.010411754914, 0.314285714286
0.114443019212, 1.04110324689, 2.02322654169, 0.857410999213, 99.8104921017, 1.06957289155, 0.914443241181, 1.30698490009, 19.5425648752, 0.0105614895446, 0.235294117647
0.141635449612, 1.02064365187, 2.99133897428, 0.924890256737, 84.1936729973, 2.26265533495, 1.66767557139, 4.6476125582, 17.66121259, 0.0112559967489, 0.0
0.114443019212, 1.04110324689, 2.13612715619, 0.857410999213, 94.5838560332, 1.06957289155, 0.914443241181, 1.30698490009, 19.5425648752, 0.0109957634468, 0.142857142857
0.155755646154, 1.05986629914, 2.3468617295, 0.830014034046, 99.0732079373, 1.61612996216, 1.428812887, 4.10219537768, 15.5552057425, 0.0114261145895, 0.0
0.136848360084, 0.994667645732, 2.02902327131, 0.647560927488, 98.4753646274, 3.64039293872, 0.766310029573, 0.216141889238, 16.9483794485, 0.0112440281527, 0.166666666667
0.124865990146, 0.912485741983, 5.76968439944, 0.735360920841, 82.2117889985, 3.41847995934, 1.24174275704, 0.323999864798, 16.6006353356, 0.0116450682782, 0.0
0.131795619711, 0.979140330233, 3.23939292599, 0.725501927404, 82.2597748055, 1.54475475177, 0.531114776226, 2.70947543328, 19.423462933, 0.0111496640581, 0.222222222222
0.118132427625, 0.935186808999, 5.56126035097, 0.863671111457, 96.733506074, 2.61172846161, 0.570863042081, 3.32086382546, 11.0322633337, 0.0116921758042, 0.0
0.199696760003, 1.02560696962, 3.83948611668, 0.941823022249, 90.35008859, 1.08266248087, 1.49616776732, 1.43056257199, 10.4131480167, 0.0112682758465, 0.173076923077
0.101952114421, 0.840883081792, 2.13592410827, 0.722660502841, 90.5706885596, 1.38406944034, 0.213106429961, 1.49123887473, 19.9621323372, 0.0111000169662, 0.384615384615
0.127930135666, 0.872071080049, 2.80370965148, 0.617874524613, 91.455050687, 1.68723808492, 0.0900945405407, 2.45990618183, 17.94418131, 0.0119174143496, 0.0
0.196899295169, 1.11142837477, 2.51662302974, 0.759766955242, 81.8103818217, 2.73958729327, 0.758091212266, 4.04662870328, 14.7379497491, 0.0121621233534, 0.0
0.180807181557, 1.10287088954, 3.44956460295, 0.873278527907, 86.951236151, 4.85465666081, 0.0767919247072, 0.927436541771, 12.1745086607, 0.0124978354512, 0.0
0.164992756576, 0.918501696808, 7.42625778805, 0.81627028596, 86.7456653756, 1.73359839449, 0.621915564259, 1.94110397326, 13.1053595814, 0.0125213082535, 0.0
0.109092948948, 1.24810764287, 4.71850922146, 0.64175213116, 81.7135890962, 3.09493907196, 0.595128829888, 0.740934951796, 11.4541597828, 0.0133523994771, 0.0
0.118132427625, 0.935186808999, 5.56126035097, 0.79194081644, 98.9973470944, 2.51620431744, 0.570863042081, 3.32086382546, 11.0322633337, 0.0117614845838, 0.307692307692
0.144663350601, 1.24477107156, 7.42625778805, 0.81627028596, 86.7456653756, 1.73359839449, 0.621915564259, 0.0643174063247, 13.1053595814, 0.0133137666436, 0.1
0.141635449612, 1.02064365187, 2.99133897428, 0.924890256737, 84.1936729973, 2.26265533495, 1.66767557139, 4.6476125582, 17.66121259, 0.0134609980069, 0.0
0.180807181557, 0.857931789467, 3.44956460295, 0.873278527907, 93.5041721411, 4.85465666081, 0.0767919247072, 1.67582931014, 12.1745086607, 0.0140645184674, 0.0
0.164992756576, 0.856680786525, 2.43353796112, 0.941075715114, 93.805197343, 3.06741365818, 0.0722901966953, 1.94110397326, 15.0532420808, 0.0146502676819, 0.0
0.199696760003, 1.02560696962, 6.17079449416, 0.83060336609, 90.35008859, 1.13213632454, 1.49616776732, 0.0677734933125, 14.8106180237, 0.0137224642789, 0.1
0.127930135666, 0.917048416981, 6.08302020007, 0.625007683335, 88.1823695124, 1.54475475177, 1.22076434923, 2.28188427689, 19.423462933, 0.0138776503215, 0.125
0.114347992277, 1.23396882321, 4.87359469871, 0.927737638391, 93.6583748918, 3.88655430169, 1.13964800291, 4.2211353934, 17.66121259, 0.0148277634296, 0.0
0.101952114421, 0.840883081792, 2.01430593788, 0.722660502841, 80.2220001586, 1.38406944034, 0.213106429961, 1.49123887473, 19.9621323372, 0.0123143198372, 0.4
0.180807181557, 1.10287088954, 3.44956460295, 0.873278527907, 93.5041721411, 4.85465666081, 0.0767919247072, 0.898432542953, 12.1745086607, 0.0147119382746, 0.0833333333333
0.122504355295, 1.11796597181, 5.89212868879, 0.853583768575, 88.2046070505, 1.75526821542, 1.35575521125, 4.94510624117, 12.3641418556, 0.0145395891794, 0.103448275862
0.105780497258, 0.9523011045, 4.58506223312, 0.89041132296, 85.8383558544, 2.7186419046, 0.914104898038, 2.57149225152, 14.7768061807, 0.0149111585975, 0.0
0.164992756576, 0.856680786525, 2.43353796112, 0.941075715114, 93.805197343, 3.06741365818, 0.0722901966953, 1.94110397326, 15.0532420808, 0.01520762753, 0.0
0.102961683679, 1.19680510239, 4.30595358665, 0.893077509093, 87.7574745521, 3.09493907196, 0.649439664837, 3.53120149559, 19.5872599751, 0.0153098551557, 0.0
0.134329883334, 1.13257644866, 3.97360958068, 0.710368025087, 90.35008859, 1.13213632454, 1.49616776732, 0.360040571451, 14.8106180237, 0.0137816303454, 0.230769230769
0.1481545063, 0.917048416981, 6.08302020007, 0.625007683335, 88.1823695124, 1.54475475177, 1.22076434923, 2.28188427689, 19.423462933, 0.0152400323219, 0.0441176470588
0.101910501989, 0.840883081792, 4.65957107324, 0.722660502841, 80.2220001586, 1.54458175103, 1.25402029226, 1.49123887473, 19.9621323372, 0.0139990243127, 0.224489795918
0.105780497258, 0.9523011045, 4.58506223312, 0.89041132296, 85.8383558544, 2.7186419046, 0.914104898038, 2.57149225152, 14.7768061807, 0.0160307217556, 0.0
0.155755646154, 1.14670870601, 3.53299284921, 0.830014034046, 99.0732079373, 1.61612996216, 1.84440429705, 3.6927485987, 16.5617304618, 0.0161063377318, 0.0227272727273
0.133766231746, 1.09813789533, 4.71082798321, 0.857026798064, 87.4669496629, 2.38778551525, 0.93906565859, 1.62660343184, 13.8060695764, 0.0162684053241, 0.0
0.141635449612, 1.02064365187, 2.99133897428, 0.924890256737, 84.1936729973, 1.73359839449, 1.77991558468, 4.6476125582, 17.66121259, 0.0153544310287, 0.0714285714286
0.127930135666, 0.894462501493, 6.08302020007, 0.625007683335, 88.1823695124, 1.54475475177, 1.22076434923, 2.28188427689, 19.423462933, 0.0147888344118, 0.166666666667
0.101952114421, 0.840883081792, 2.13592410827, 0.722660502841, 80.2220001586, 1.38406944034, 0.213106429961, 1.49123887473, 19.9621323372, 0.0135664367865, 0.625
0.127930135666, 1.11796597181, 6.08302020007, 0.625007683335, 88.1823695124, 1.54475475177, 1.22076434923, 2.28188427689, 19.423462933, 0.0151703581638, 0.139534883721
0.134245812922, 0.894462501493, 3.23939292599, 0.783784255844, 82.1616656766, 2.40839618826, 0.874140857321, 4.66235977826, 15.0195526951, 0.0167625937633, 0.0
0.192702057625, 1.06130337095, 5.24580880978, 0.892401414128, 86.2122607473, 1.49753109009, 1.98239434004, 3.48053291921, 19.0099863852, 0.0155511804217, 0.093023255814
0.128113540667, 1.12526461467, 7.55733021329, 0.936909588836, 83.5403586809, 3.63439716668, 0.177204723495, 1.54740204996, 15.050494768, 0.0171469999474, 0.0
0.14017043067, 1.13657340442, 7.47724759828, 0.85807321538, 99.7203450273, 1.54458175103, 1.64880763118, 0.424701060911, 16.9425900323, 0.0169803480145, 0.0338983050847
0.163563662287, 1.19250411872, 6.18490708771, 0.79194081644, 98.6050603216, 2.51620431744, 1.72921174178, 0.573664036593, 12.7795071964, 0.0179641590434, 0.0
0.101952114421, 0.840883081792, 2.01430593788, 0.722660502841, 90.5706885596, 1.00457268861, 0.213106429961, 0.399896963172, 19.9621323372, 0.0142804401292, 0.384615384615
0.100221874578, 1.03679825225, 3.84071586251, 0.857026798064, 81.7434018691, 6.36038200165, 0.839488087958, 2.44074698866, 13.8060695764, 0.0187068850504, 0.0
0.10000256919, 0.985698758251, 5.29413398676, 0.792068276545, 89.9805094781, 2.06058025704, 1.13964800291, 4.33635342705, 12.3374850608, 0.0182758166551, 0.0222222222222
0.141635449612, 0.831741015816, 2.99133897428, 0.924890256737, 84.1936729973, 2.26265533495, 1.66767557139, 4.6476125582, 17.66121259, 0.0187545224624, 0.0
0.120227055068, 0.904759723663, 7.73989162141, 0.775787549874, 95.8327846126, 3.09493907196, 0.0174716710153, 0.822709716433, 18.3417644193, 0.0188858473624, 0.0
0.110091160891, 0.904759723663, 4.27580349369, 0.775787549874, 81.7135890962, 3.09493907196, 0.595128829888, 0.740934951796, 12.8452671521, 0.0190187131776, 0.0
0.120227055068, 0.904759723663, 4.27580349369, 0.775787549874, 81.7135890962, 3.09493907196, 0.595128829888, 0.740934951796, 12.8452671521, 0.0203700529944, 0.0
0.199800857928, 1.18843993342, 4.24438369287, 0.793034650769, 81.0763486136, 4.25055230715, 0.411455397051, 3.08189489689, 10.3203218621, 0.0203772088979, 0.0
0.118132427625, 0.935186808999, 5.56126035097, 0.818986769089, 98.9973470944, 2.61172846161, 0.570863042081, 3.32086382546, 11.0322633337, 0.014880580141, 0.444444444444
0.111049231299, 1.18840393423, 7.73989162141, 0.916817836645, 95.8327846126, 3.52982928507, 0.0174716710153, 0.822709716433, 18.3417644193, 0.020618092108, 0.0
0.176275907318, 0.926963626288, 6.23716991831, 0.783784255844, 82.1616656766, 2.40839618826, 0.874140857321, 4.41711259971, 15.0195526951, 0.0210589926586, 0.0
0.164992756576, 0.856680786525, 2.43353796112, 0.941075715114, 93.805197343, 3.06741365818, 0.0540061874369, 1.94110397326, 15.0532420808, 0.0211401587865, 0.0
0.134329883334, 1.13257644866, 3.97360958068, 0.710368025087, 90.35008859, 1.13213632454, 1.49616776732, 0.360040571451, 14.8106180237, 0.015393655449, 0.277777777778
0.124516203134, 1.24810764287, 4.71850922146, 0.720759769682, 88.5157341837, 3.1105532766, 0.697336546234, 4.52511007116, 14.5943683031, 0.0164999750058, 0.181818181818
0.180770427368, 1.18206493013, 5.5869110302, 0.83060336609, 88.677154024, 6.92346003959, 0.35745292753, 0.0677734933125, 12.2529358142, 0.0212621073105, 0.0
0.101952114421, 0.840883081792, 2.65667997704, 0.722660502841, 80.2220001586, 1.38406944034, 0.213106429961, 1.49123887473, 19.9621323372, 0.0155736567725, 0.285714285714
0.104603730785, 1.09957393255, 3.68964006434, 0.85192954857, 91.9495066664, 8.71051858, 0.264279406827, 2.09380183018, 11.1402200204, 0.0165652288423, 0.2
0.117936953696, 0.967472162833, 4.48465718074, 0.839622029328, 94.3963360813, 4.81442906538, 1.72203135624, 1.93954315601, 10.4131480167, 0.0214599653292, 0.0
0.120227055068, 0.904759723663, 4.27580349369, 0.739085590001, 81.7135890962, 4.56004144301, 0.595128829888, 0.740934951796, 12.8452671521, 0.0217457045612, 0.0
0.144663350601, 1.24477107156, 7.42625778805, 0.81627028596, 86.7456653756, 1.73359839449, 0.621915564259, 0.0643174063247, 13.1053595814, 0.0207448600203, 0.0625
0.138155242984, 1.14862462074, 6.02024350284, 0.799813315515, 83.0306002034, 4.71675432279, 0.82213563441, 1.78973270053, 18.3767493492, 0.0225203136774, 0.0
0.162865281505, 0.995401982281, 3.8153972062, 0.712281617852, 98.6390840436, 3.36663138464, 0.283601660723, 3.28397033976, 13.3732931916, 0.0226400961359, 0.0
0.101453019875, 0.946838278782, 5.17400574237, 0.83609505318, 87.4990297559, 8.36897793292, 0.84245746785, 0.323999864798, 16.6006353356, 0.0228564854333, 0.0
