5.73038319697, 1.09133168504, 1.45480657891, 0.804256735042, 2.83000025905, 1.16604661856, 5.22000499438, 1.2600005228, 1.14000006498, 2.11921063282, 2.94502074218, 0.989380456568, 3.04000079331, 1.06730905217, 0.872905323736, 1.00000013831, 1.00000001985, 1.09144538223, 5.97836298007, 0.96780117655, 1.00000019492, 103.340400432, 0.994433581047, 3.78634225787, 1.02719613131, 3.29000002052, 1.0000008729, 72.3704517501, 3.75335120643
4.42380701386, 1.13456544791, 1.41016285988, 0.869039362018, 2.83000092285, 0.880754018092, 1.59672760324, 1.26000054383, 1.14000027877, 2.57820622606, 2.9962179976, 0.992342340397, 3.04000018342, 1.05777367405, 1.08952964762, 1.00000006175, 1.00000037483, 1.05251806377, 4.20892856404, 0.936661845256, 1.00000081189, 95.0452840635, 0.985526477603, 5.51916525209, 0.975959819267, 3.29000058138, 1.00000030517, 126.743731541, 0.536193029491
1.74665630302, 1.05435330974, 1.48545460441, 0.885575393583, 2.83000094765, 1.14175547792, 4.01943509275, 1.2600004341, 1.14000039183, 2.16477701906, 2.33018217266, 0.887578933328, 3.04000041202, 1.02248732969, 1.07045928668, 1.00000019483, 1.00000050216, 1.08483640011, 6.39454062304, 0.983393724956, 1.00000077108, 87.5709738374, 0.918178156302, 5.29869278071, 1.04328924675, 3.29000065535, 1.00000012713, 105.013800082, 1.07238605898
5.08843184854, 1.0012780935, 1.59863283686, 0.996935669423, 2.83000052168, 0.934950721331, 1.71188565096, 1.26000073004, 1.14000024936, 2.07933996187, 2.33580387482, 0.974950080165, 3.04000048617, 1.11996290947, 0.841561978227, 1.00000047012, 1.00000043796, 1.003003138, 6.08663211826, 0.933981432893, 1.00000044532, 96.044105593, 0.852900215746, 1.08021492294, 0.998054824128, 3.29000077302, 1.00000019205, 207.987770531, 0.0
1.66896001246, 1.11150619684, 1.39171937944, 0.887609062189, 2.83000042738, 0.885679128444, 3.51879070317, 1.26000069653, 1.14000025299, 3.27172631854, 2.19687474385, 1.07288133096, 3.04000053373, 1.05135193323, 1.06515798098, 1.00000075539, 1.00000017563, 1.00573120318, 4.5782095229, 0.934351355118, 1.00000067607, 114.958651432, 0.935453301249, 1.87616314023, 1.05268345969, 3.29000069336, 1.00000034374, 147.350482312, 4.55764075067
2.87968481949, 1.03515061767, 1.42414263029, 0.90231254564, 2.83000012537, 1.18784693009, 2.15464282857, 1.26000054669, 1.14000005931, 3.55668475832, 1.71453240112, 1.02820594223, 3.04000045515, 1.00268812559, 0.998662130855, 1.00000024911, 1.00000076541, 1.020364037, 7.65275133567, 0.92628740821, 1.00000033867, 84.0784131263, 0.889678895873, 3.99879019634, 1.02139108996, 3.29000014501, 1.00000009321, 163.743668535, 1.34048257373
5.28312927622, 1.07855137702, 1.48615926034, 0.880425762418, 2.83000055716, 1.01133412309, 1.11080714514, 1.260000037, 1.14000088221, 2.07399352153, 2.42414641255, 1.08273825976, 3.04000025163, 1.05881857748, 0.868531132253, 1.00000092821, 1.00000019472, 1.06550235557, 7.31557237722, 0.966793021081, 1.00000086916, 102.448719879, 0.974363377237, 4.06623299347, 0.979585432965, 3.29000040825, 1.00000025182, 442.429195456, 1.07238605898
1.04510598584, 1.09855227323, 1.73557016586, 0.918041293057, 2.83000072883, 1.01123470084, 2.76619579101, 1.26000038959, 1.14000039141, 3.65953025695, 3.020061918, 0.8823097362, 3.04000072458, 1.11869208733, 0.788979289797, 1.00000043216, 1.00000024463, 1.08008894007, 8.80344433906, 0.919133134888, 1.00000078599, 100.629004946, 0.96106383161, 3.87813404871, 1.02643273898, 3.29000015145, 1.00000036243, 659.778730487, 0.0
3.90198932241, 1.01023827877, 1.61726619978, 0.901300894035, 2.83000016318, 0.97104101452, 2.71274972535, 1.26000031701, 1.14000089953, 3.44683265257, 3.09597930423, 1.09186981533, 3.04000017155, 1.00685421774, 1.06956214303, 1.00000098343, 1.00000058098, 1.03491955263, 5.44324020369, 0.922576306028, 1.00000062184, 85.5330542766, 1.05341899444, 1.62962545034, 0.96630198598, 3.29000046958, 1.00000013104, 153.76658187, 4.55764075067
1.74665630302, 1.04645649639, 1.48545460441, 0.885575393583, 2.83000094765, 1.14175547792, 4.01943509275, 1.2600004341, 1.14000039183, 2.16477701906, 2.56512030279, 0.894376701065, 3.04000041202, 1.00394526608, 1.07045928668, 1.00000008635, 1.00000041606, 1.09582313347, 6.39454062304, 0.983393724956, 1.00000077108, 87.5709738374, 0.918178156302, 3.98682176575, 1.04328924675, 3.29000065535, 1.00000012713, 189.656770084, 1.87667560322
1.33921511094, 1.04143261886, 1.53333287783, 0.9167311714, 2.83000093734, 1.14529234108, 4.34256847437, 1.26000000662, 1.14000017392, 2.73421586674, 2.91007949676, 1.06594451394, 3.0400003184, 1.04143102575, 0.890693706486, 1.00000067583, 1.00000058261, 1.07589522964, 4.72249531138, 0.920945203869, 1.0000000794, 123.516688328, 1.0641296664, 1.56042251541, 1.00582796589, 3.29000004911, 1.00000025415, 358.523133178, 1.60857908847
1.92209027637, 1.11308832741, 1.60910253312, 0.8923633816, 2.83000095683, 1.11571467245, 2.81036708191, 1.26000005524, 1.14000076678, 2.15905178442, 3.05428498048, 1.03878637103, 3.0400009344, 1.00394526608, 0.838674393791, 1.00000018332, 1.00000028546, 1.00076629823, 4.86074808355, 0.992331089368, 1.00000049091, 110.824807088, 0.96225244497, 5.21769420551, 0.97323953318, 3.29000000602, 1.00000023353, 630.589801383, 1.07238605898
3.10903239448, 1.09769650742, 1.53274616371, 0.972836908407, 2.83000030407, 1.15178955118, 3.59736452586, 1.26000014192, 1.14000031202, 1.47890246465, 1.66986010786, 1.01377692691, 3.04000013699, 1.00982983617, 1.04185394578, 1.00000046694, 1.00000077995, 1.08118182903, 6.70876537693, 0.954363624052, 1.00000032748, 88.9453068963, 0.912091050493, 2.10087965411, 0.960682727837, 3.29000021594, 1.00000076573, 865.023719834, 0.0
3.10903239448, 1.09769650742, 1.53274616371, 0.972836908407, 2.83000030407, 1.15178955118, 3.59736452586, 1.26000009972, 1.14000031202, 1.47890246465, 1.66986010786, 1.01377692691, 3.04000019357, 1.00982983617, 1.04185394578, 1.00000046694, 1.00000077995, 1.08118182903, 6.70876537693, 0.954363624052, 1.00000032748, 88.9453068963, 0.912091050493, 2.10087965411, 0.960682727837, 3.29000021594, 1.00000076573, 199.041795904, 2.14477211796
5.64326934447, 1.00378551555, 1.6402233907, 0.841030458748, 2.83000079748, 1.01938569822, 2.35521277776, 1.26000086861, 1.14000055791, 3.63663852109, 2.07564569117, 0.940025515141, 3.04000078501, 1.01020936781, 1.04567098668, 1.00000001307, 1.00000030825, 1.07697343099, 9.74496132777, 0.948321997692, 1.00000053213, 105.583816268, 0.930962568268, 2.71489350406, 0.971740567648, 3.29000008508, 1.00000001698, 458.490244539, 1.60857908847
1.40061981662, 1.05559815097, 1.46152979734, 0.967018533898, 2.83000072076, 1.15001806292, 3.95032403989, 1.26000047636, 1.14000022758, 1.94917205823, 2.40584349175, 0.951693741451, 3.040000758, 1.11504851277, 0.887731212832, 1.00000020435, 1.00000058766, 1.06513543938, 7.0254909333, 0.985685029474, 1.00000000836, 88.1325941917, 0.891088655183, 5.29225078331, 0.96846708902, 3.29000026292, 1.0000006853, 682.604777484, 1.34048257373
1.18546021296, 1.01609179127, 1.45555273623, 0.89386309824, 2.83000039436, 0.979055649354, 5.54509783893, 1.2600004952, 1.14000007115, 2.82313989689, 2.2972982909, 0.880095298992, 3.04000053373, 1.11427573951, 0.994120025581, 1.00000044657, 1.00000037799, 1.00940913708, 4.38443655312, 0.952405638427, 1.00000006434, 77.9628756259, 1.0385656376, 1.52469354038, 1.02529313512, 3.29000014656, 1.00000013173, 975.001596696, 0.0
5.64326934447, 1.00378551555, 1.6402233907, 0.841030458748, 2.83000079748, 1.01938569822, 2.35521277776, 1.26000086861, 1.14000099534, 3.63663852109, 2.07564569117, 0.940025515141, 3.04000078501, 1.01020936781, 1.04567098668, 1.00000001307, 1.00000030825, 1.07697343099, 9.74496132777, 0.948321997692, 1.00000053213, 105.583816268, 0.930962568268, 2.71489350406, 0.971740567648, 3.29000008508, 1.00000001698, 230.416070388, 4.28954423592
3.80845717866, 1.13480076404, 1.40153389693, 0.923658432227, 2.83000041999, 0.900476269042, 5.56957662778, 1.26000097824, 1.14000095372, 3.17907702302, 2.52060501586, 0.882855228933, 3.04000054656, 1.06946627079, 1.01557151776, 1.00000088371, 1.00000035355, 1.0606654751, 7.99697811719, 0.951032233399, 1.00000085968, 95.7477633828, 0.995815943737, 4.16808216464, 1.02398354084, 3.29000067234, 1.0000001198, 445.578466777, 2.14477211796
2.11164017655, 1.09407484706, 1.44899057029, 0.911129548527, 2.83000016118, 0.87201059461, 3.68979670591, 1.26000046898, 1.14000087472, 1.33511753381, 1.70953198903, 0.950834640308, 3.04000078958, 1.01171872878, 0.946635852874, 1.00000080468, 1.00000023265, 1.04552372136, 5.48142643552, 0.932407312103, 1.00000065841, 106.907842958, 0.867546251786, 4.22080492539, 1.02733369287, 3.29000039321, 1.00000092593, 278.603544386, 3.21715817694
1.27262670965, 1.0012780935, 1.48370813589, 0.996935669423, 2.83000052168, 0.934950721331, 1.71188565096, 1.26000073004, 1.14000024936, 2.07933996187, 1.81802627473, 1.01165878579, 3.04000033505, 1.11996290947, 0.841561978227, 1.00000047012, 1.00000043796, 1.02785982121, 6.08663211826, 0.933981432893, 1.00000044532, 96.044105593, 0.852900215746, 1.08021492294, 0.998054824128, 3.29000077302, 1.00000019205, 732.764141821, 1.60857908847
3.49635189925, 1.06755270764, 1.43023332883, 0.908852267206, 2.8300008071, 0.982301720772, 1.51031762525, 1.26000090043, 1.14000085823, 1.61841644815, 1.95077138324, 0.930665988513, 3.04000038905, 1.08113234896, 0.786682112192, 1.00000076838, 1.00000038952, 1.10184490432, 6.28917341157, 0.923220408099, 1.00000000459, 90.2359205149, 0.985526477603, 4.9921656555, 1.00032853948, 3.29000065201, 1.00000010988, 986.372367238, 1.07238605898
4.42380701386, 1.13456544791, 1.41016285988, 0.869039362018, 2.83000092285, 0.880754018092, 1.59672760324, 1.26000054383, 1.14000096113, 2.57820622606, 2.9962179976, 0.992342340397, 3.04000018342, 1.05777367405, 1.08968000463, 1.00000006175, 1.00000082315, 1.05251806377, 4.76094528659, 0.936661845256, 1.00000081189, 87.5709738374, 0.985526477603, 5.51916525209, 0.975959819267, 3.29000058138, 1.00000030517, 1138.35927317, 0.0
1.53576229701, 1.0846681696, 1.49210118626, 0.841030458748, 2.83000077678, 1.04958868531, 4.5757804874, 1.26000067099, 1.14000027931, 2.33335131208, 1.69976502023, 0.941801531024, 3.04000025738, 1.04642580421, 0.902857310727, 1.00000067127, 1.00000007027, 1.00611047949, 6.62494187501, 0.966068740277, 1.00000035337, 100.923593832, 0.9962411629, 1.81099035883, 1.04275342178, 3.29000015856, 1.00000095441, 530.541609567, 2.14477211796
5.64326934447, 1.00378551555, 1.6402233907, 0.960105548062, 2.83000079748, 1.01938569822, 2.35521277776, 1.26000086861, 1.14000055791, 3.63663852109, 2.07564569117, 0.940025515141, 3.04000078501, 1.01020936781, 1.04567098668, 1.00000001307, 1.00000030825, 1.07697343099, 9.74496132777, 0.948321997692, 1.00000053213, 105.583816268, 0.930962568268, 2.71489350406, 0.971740567648, 3.29000008508, 1.00000001698, 468.346373426, 2.68096514745
4.49176264798, 1.13012376886, 1.47126932173, 0.878191140247, 2.83000060218, 0.945188300062, 2.17240354579, 1.26000060759, 1.14000046117, 3.23223544935, 3.08453475329, 0.983232148865, 3.040000007, 1.11152202433, 1.00007830533, 1.00000034914, 1.00000050311, 1.09118524976, 9.71106690708, 0.969456289345, 1.00000091786, 89.8361827107, 0.873949779843, 5.36107206244, 1.01484992112, 3.29000006973, 1.00000030266, 457.486514256, 2.9490616622
2.10934895786, 1.04211412574, 1.47547310207, 0.87365119788, 2.83000003127, 1.12155173967, 1.39045478725, 1.26000036804, 1.14000063609, 2.29069648279, 1.74927652659, 0.89719560564, 3.04000034734, 1.03371184768, 0.807104437523, 1.0000007107, 1.00000025079, 1.06004027495, 9.92780371069, 0.995437815318, 1.00000018929, 86.6499203482, 0.84064826614, 4.28934518179, 0.996748775997, 3.29000018576, 1.00000038607, 349.725753213, 4.28954423592
3.5060409816, 1.09497588815, 1.4981351744, 0.968636345382, 2.83000039424, 0.865257693049, 3.31003053756, 1.26000097055, 1.1400003656, 3.51315350019, 2.80219136357, 0.939199544368, 3.04000094685, 1.00036277872, 0.842617206345, 1.0000002844, 1.00000052753, 1.01600820193, 3.80737358299, 0.967224611754, 1.00000075475, 91.1710363847, 0.985703892963, 4.5871368981, 0.996947543, 3.29000038481, 1.00000086378, 289.030437125, 7.23860589812
1.28548808377, 1.13792525002, 1.63688365701, 0.853341232586, 2.8300000484, 0.903997061047, 2.56510924146, 1.26000084249, 1.14000068385, 3.64848121461, 2.17040147834, 1.05649853792, 3.0400009786, 1.08844985796, 0.893791479223, 1.00000080942, 1.00000044698, 1.00915076872, 6.51997700761, 0.934024818679, 1.00000037282, 111.761222414, 1.04546808424, 1.44346017319, 0.976131121084, 3.29000072965, 1.00000021949, 388.805076078, 3.21715817694
3.14215862001, 1.11017184985, 1.4685484245, 0.933385877604, 2.83000087649, 1.17685090584, 3.58489947168, 1.26000014538, 1.14000022285, 2.82162400765, 1.57146612686, 0.885249185365, 3.04000086764, 1.0216503289, 0.869520787588, 1.00000095546, 1.00000018846, 1.05091632737, 9.47029026565, 0.946345593512, 1.00000094484, 107.356377825, 0.98148727629, 1.76943481353, 0.993310644657, 3.29000039015, 1.00000082119, 769.082215061, 1.87667560322
5.73038319697, 1.09133168504, 1.45480657891, 0.804256735042, 2.83000025905, 1.17905773246, 5.22000499438, 1.2600005228, 1.14000006498, 2.11921063282, 2.94502074218, 0.964216135755, 3.04000079331, 1.06730905217, 0.941095856665, 1.00000013831, 1.00000001985, 1.08388737239, 5.97836298007, 0.96780117655, 1.00000019492, 103.340400432, 0.994433581047, 3.78634225787, 1.02719613131, 3.29000018763, 1.00000086681, 1765.1714256, 0.0
4.90296360719, 1.13714624707, 1.58972998746, 0.828099605715, 2.83000038663, 1.06286823697, 3.91059841995, 1.26000077272, 1.14000000795, 3.05497917765, 2.25965568579, 1.02174649266, 3.04000053055, 1.00436261373, 1.01268391405, 1.00000035855, 1.00000061375, 1.06866764947, 7.00053449813, 0.949129003149, 1.00000062359, 92.1957994946, 0.858279748074, 2.7981118592, 1.04873332951, 3.29000035519, 1.0000005178, 1159.6999631, 0.536193029491
4.90296360719, 1.13714624707, 1.58972998746, 0.828099605715, 2.83000038663, 1.06286823697, 3.91059841995, 1.26000077272, 1.14000000795, 3.05497917765, 2.25965568579, 1.02174649266, 3.04000053055, 1.00436261373, 1.01268391405, 1.00000035855, 1.00000061375, 1.06866764947, 5.87751913309, 0.949129003149, 1.00000062359, 92.1957994946, 0.858279748074, 2.52375094383, 1.04873332951, 3.29000035519, 1.0000005178, 651.37294086, 2.14477211796
2.44842469422, 1.09038270523, 1.71791673715, 0.907832188173, 2.83000068519, 1.10643058409, 1.24245114833, 1.26000034839, 1.14000086906, 1.37711780761, 2.4265579531, 0.956107182643, 3.04000006864, 1.03094191609, 1.02068940855, 1.00000095151, 1.00000072014, 1.00169483, 6.39193754495, 0.950450903549, 1.00000092338, 90.2369891398, 0.861929274403, 2.59917187992, 0.994117490978, 3.2900004248, 1.00000011708, 478.444535083, 2.68096514745
1.40061981662, 1.05559815097, 1.46152979734, 0.967018533898, 2.83000072076, 1.15001806292, 3.95032403989, 1.26000047636, 1.14000022758, 1.94917205823, 2.40584349175, 0.951693741451, 3.040000758, 1.11504851277, 0.887731212832, 1.00000076838, 1.00000058766, 1.06513543938, 7.0254909333, 0.985685029474, 1.00000000836, 88.1325941917, 0.891088655183, 5.29225078331, 0.96846708902, 3.29000003247, 1.0000006853, 813.646327154, 1.87667560322
4.73957000559, 1.02112291926, 1.41937457191, 0.841258137888, 2.83000060479, 0.864827754385, 4.15900397015, 1.26000086255, 1.14000026429, 3.65310843026, 1.56345698565, 0.950089556569, 3.04000063141, 1.06289215611, 0.888121027491, 1.00000056685, 1.00000008558, 1.02700240293, 9.20074571199, 0.911435565031, 1.00000057478, 77.0891837667, 1.07408987247, 5.37834992417, 1.06641344864, 3.29000002873, 1.00000076506, 2039.57691783, 0.0
2.97956211908, 1.13388420559, 1.4981351744, 0.968797192151, 2.83000039424, 0.870181290314, 3.31003053756, 1.26000097055, 1.14000062332, 3.51315350019, 3.05233271011, 0.939199544368, 3.04000094685, 1.00036277872, 1.00463744744, 1.0000002844, 1.0000006672, 1.01600820193, 3.80737358299, 0.930220422124, 1.00000075475, 91.1710363847, 0.895415289848, 3.71067172736, 0.996947543, 3.29000038481, 1.00000086378, 1272.48821887, 0.804289544236
4.4240886393, 1.09350145667, 1.63443912982, 0.872066863057, 2.83000072704, 1.01457651198, 4.16825900958, 1.26000092103, 1.14000095087, 1.8490299106, 2.36044984277, 0.989130431942, 3.04000020901, 1.06701953684, 0.987104791626, 1.00000097875, 1.00000093088, 1.08427457397, 6.99641265555, 0.936223044311, 1.00000006086, 80.5527860987, 1.07213447978, 2.33454345983, 1.01498784934, 3.29000041019, 1.0000000355, 1328.78809256, 0.536193029491
1.25408666061, 1.11308832741, 1.60910253312, 0.8923633816, 2.83000095683, 1.11571467245, 2.81036708191, 1.26000005524, 1.14000076678, 2.15905178442, 3.05428498048, 1.03878637103, 3.0400009143, 1.00394526608, 0.945275039274, 1.00000018332, 1.00000028546, 1.02067204253, 4.86074808355, 0.992331089368, 1.00000049091, 110.824807088, 0.96225244497, 5.21769420551, 0.97323953318, 3.29000000602, 1.00000023353, 755.932864578, 2.14477211796
5.73038319697, 1.06240738948, 1.45480657891, 0.804256735042, 2.83000009686, 1.17905773246, 5.75936382466, 1.2600005228, 1.14000006498, 2.11921063282, 2.94502074218, 0.964216135755, 3.04000079331, 1.06730905217, 0.941095856665, 1.00000013831, 1.00000009218, 1.08388737239, 5.97836298007, 0.96780117655, 1.00000019492, 114.954058559, 0.994433581047, 2.7981118592, 1.02719613131, 3.29000018763, 1.00000086681, 541.762897128, 4.28954423592
4.26487874891, 1.13383172919, 1.35084347625, 0.820658102824, 2.83000093557, 1.11650922701, 3.95032403989, 1.26000086145, 1.14000029677, 2.40034040746, 2.00775958431, 0.98818794556, 3.04000046482, 1.10334752034, 0.98034556181, 1.00000071002, 1.0000009003, 1.0878669916, 9.52920846575, 0.910614567935, 1.00000072299, 77.1968157363, 0.935069399227, 5.75685654222, 1.05737004609, 3.29000042386, 1.00000008802, 567.708896491, 3.21715817694
5.91957560271, 1.09011615665, 1.35543015239, 0.92529989672, 2.8300006394, 1.16198638941, 5.56957662778, 1.26000046862, 1.14000036496, 3.63952468498, 2.23614551661, 0.909999247834, 3.0400006551, 1.07117053438, 1.03505608303, 1.00000032976, 1.0000007629, 1.03368953053, 8.7491142572, 0.929260907209, 1.00000031989, 80.9581438151, 0.891088655183, 4.56780081412, 1.04081103336, 3.29000041025, 1.00000079897, 2279.35238337, 0.0
5.04703201881, 1.01885210651, 1.56422189073, 0.836727722588, 2.83000051518, 0.912504890505, 5.51073979043, 1.26000088243, 1.14000024597, 3.40317319171, 2.73895852921, 0.925021940175, 3.04000062608, 1.09528602164, 0.813525210264, 1.00000013145, 1.00000091886, 1.0851454225, 3.47573674506, 0.94754752575, 1.00000028746, 102.739696037, 1.03739116419, 1.73816869821, 1.03059330083, 3.2900005466, 1.00000013506, 1292.99893553, 0.804289544236
4.42380701386, 1.13456544791, 1.41016285988, 0.869039362018, 2.83000092285, 0.880754018092, 1.59672760324, 1.26000054383, 1.14000091973, 2.57820622606, 2.9962179976, 0.992342340397, 3.04000018342, 1.05777367405, 1.08952964762, 1.00000006175, 1.00000037483, 1.05251806377, 4.20892856404, 0.936661845256, 1.00000081189, 87.5709738374, 0.985526477603, 5.51916525209, 0.975959819267, 3.29000058138, 1.00000030517, 2181.63581463, 0.536193029491
1.74665630302, 1.05435330974, 1.48545460441, 0.885575393583, 2.83000094765, 1.16696869804, 4.01943509275, 1.2600004341, 1.14000039183, 2.16477701906, 2.33018217266, 0.896568926961, 3.0400003548, 1.02248732969, 1.07886207433, 1.00000041359, 1.00000050216, 1.08483640011, 6.39454062304, 0.983393724956, 1.00000077108, 87.5709738374, 0.918178156302, 5.29869278071, 1.04328924675, 3.29000065535, 1.00000012713, 779.199936593, 2.14477211796
3.87216632453, 1.07789383169, 1.51559624071, 0.95238959314, 2.83000079364, 0.960114622383, 4.7044078324, 1.26000088229, 1.14000012944, 1.84287680779, 2.76365471592, 0.967878419785, 3.04000012405, 1.01947582382, 0.878357199417, 1.00000026942, 1.00000074071, 1.10938363354, 4.76094528659, 0.930952765885, 1.00000029663, 100.62994003, 1.02587757039, 5.30082275896, 1.03373316539, 3.29000081576, 1.00000049172, 766.155504103, 5.8981233244
1.66896001246, 1.11150619684, 1.39171937944, 0.887609062189, 2.83000042738, 0.885679128444, 3.51879070317, 1.26000069653, 1.14000025299, 3.27172631854, 2.19687474385, 1.07288133096, 3.04000053373, 1.05135193323, 1.06515798098, 1.00000075539, 1.00000017563, 1.00573120318, 4.5782095229, 0.934351355118, 1.00000044532, 114.958651432, 0.844950429208, 1.87616314023, 1.05268345969, 3.29000069336, 1.00000034374, 645.162691307, 7.50670241287
1.1782349715, 1.06959964685, 1.41860151044, 0.93277546819, 2.83000051405, 1.07628550331, 3.96829408285, 1.26000016762, 1.14000015492, 3.55924107599, 1.59447193967, 0.953551098345, 3.04000009077, 1.05748687529, 0.829787517203, 1.00000053354, 1.00000027847, 1.02421111821, 7.73956090571, 0.916441629717, 1.00000045228, 81.0601842324, 1.02599242103, 3.99072876086, 0.971319724606, 3.29000068006, 1.00000032261, 2577.45858788, 0.0
5.64637820106, 1.06231418431, 1.73954163272, 0.850613318133, 2.83000082135, 1.04033734138, 1.14473657663, 1.26000098306, 1.14000004363, 3.43845008062, 1.91031463122, 0.993127869306, 3.04000019449, 1.07890618877, 0.934962131488, 1.00000018811, 1.00000074071, 1.02229466895, 4.76094528659, 0.979828571898, 1.00000022302, 100.62994003, 0.886546471757, 2.51968602862, 0.997722629875, 3.29000081408, 1.00000019937, 2058.43303464, 0.804289544236
3.49635189925, 1.06755270764, 1.43023332883, 0.843861031713, 2.8300008071, 0.982301720772, 1.51031762525, 1.26000090043, 1.14000085823, 1.61841644815, 1.95077138324, 0.950089556569, 3.04000038905, 1.08113234896, 0.786682112192, 1.00000076838, 1.00000038952, 1.10184490432, 6.28917341157, 0.923220408099, 1.00000000459, 77.0891837667, 0.985526477603, 4.9921656555, 1.00032853948, 3.29000002367, 1.00000008714, 2342.49267325, 0.536193029491
1.74665630302, 1.05435330974, 1.48545460441, 0.885575393583, 2.83000094765, 1.14175547792, 4.01943509275, 1.2600004341, 1.14000024339, 2.16477701906, 2.74276414876, 0.887578933328, 3.04000041202, 1.02248732969, 1.07045928668, 1.00000019483, 1.00000061958, 1.08483640011, 7.29904217341, 0.983393724956, 1.00000077108, 95.0452840635, 0.918178156302, 5.29869278071, 1.04328924675, 3.29000065535, 1.00000012713, 1106.41749087, 2.68096514745
1.74665630302, 1.04645649639, 1.48545460441, 0.885575393583, 2.83000094765, 1.14175547792, 4.01943509275, 1.2600004341, 1.14000032018, 2.23977157604, 2.56512030279, 1.06967496918, 3.04000041202, 1.00201349646, 1.07045928668, 1.00000019483, 1.00000050216, 1.08483640011, 6.39454062304, 0.97515651973, 1.00000077108, 87.5709738374, 0.918178156302, 4.8530240907, 1.04328924675, 3.29000073494, 1.00000012713, 847.364189977, 5.36193029491
2.10934895786, 1.04211412574, 1.47547310207, 0.87365119788, 2.83000003127, 1.12155173967, 1.39045478725, 1.26000036804, 1.14000063609, 2.29069648279, 1.74927652659, 0.891927251173, 3.04000034734, 1.02822753002, 0.807104437523, 1.00000080689, 1.00000054174, 1.06004027495, 9.92780371069, 0.995437815318, 1.00000018929, 86.6499203482, 0.84064826614, 4.28934518179, 0.996748775997, 3.29000018576, 1.00000038607, 1120.82581081, 2.41286863271
3.10903239448, 1.09769650742, 1.53274616371, 0.972836908407, 2.83000030407, 1.15178955118, 3.59736452586, 1.26000009972, 1.14000031202, 1.47890246465, 1.66986010786, 1.01377692691, 3.04000011137, 1.00982983617, 1.04185394578, 1.00000046694, 1.00000077995, 1.08118182903, 6.70876537693, 0.954363624052, 1.00000062184, 85.5330542766, 0.912091050493, 2.10087965411, 0.960682727837, 3.29000021594, 1.00000076573, 3082.61020131, 0.0
5.04703201881, 1.01885210651, 1.56422189073, 0.836727722588, 2.83000051518, 0.912504890505, 5.51073979043, 1.26000088243, 1.14000024597, 3.65310843026, 2.73895852921, 0.950089556569, 3.04000062608, 1.09528602164, 0.813525210264, 1.00000013145, 1.00000091886, 1.0851454225, 3.47573674506, 0.94754752575, 1.00000028746, 102.739696037, 1.03739116419, 1.73816869821, 1.03059330083, 3.2900005466, 1.00000013506, 2220.20633083, 1.60857908847
3.8881751877, 1.07789383169, 1.51559624071, 0.95238959314, 2.83000079364, 0.960114622383, 4.7044078324, 1.26000088229, 1.14000012944, 2.36621818959, 2.32123612851, 0.967878419785, 3.04000012405, 1.04187800028, 0.883766565727, 1.00000026942, 1.00000031727, 1.10938363354, 6.19784628486, 0.949842127081, 1.00000029663, 81.4131567097, 1.02587757039, 5.30082275896, 1.03373316539, 3.29000072104, 1.00000049172, 2617.85660315, 0.536193029491
3.21920317511, 1.03428523067, 1.63213270226, 0.847692660573, 2.83000080925, 1.18276500878, 3.98721823455, 1.26000045601, 1.14000099395, 2.93089442261, 2.4810828262, 0.953551098345, 3.04000095912, 1.03017775629, 1.01877655328, 1.00000013454, 1.00000064216, 1.05516498659, 6.19761113789, 0.915859500807, 1.00000061787, 84.733389329, 1.04486335817, 3.5196445271, 1.04768847101, 3.29000092247, 1.00000036029, 903.217980215, 5.8981233244
1.25408666061, 1.11308832741, 1.60910253312, 0.8923633816, 2.83000095683, 1.11571467245, 2.81036708191, 1.26000005524, 1.14000004676, 2.15905178442, 3.05428498048, 1.03878637103, 3.0400009143, 1.00394526608, 0.838674393791, 1.00000018332, 1.00000028546, 1.00066325551, 4.86074808355, 0.992331089368, 1.00000049091, 116.89468676, 0.96225244497, 4.54697804363, 0.97323953318, 3.29000000602, 1.00000023353, 893.204923627, 6.16621983914
4.26487874891, 1.13383172919, 1.35084347625, 0.820658102824, 2.83000093557, 0.979434419477, 5.21449649754, 1.26000086145, 1.14000071903, 2.40034040746, 2.00775958431, 0.917245108542, 3.04000046482, 1.10334752034, 0.98034556181, 1.00000071002, 1.00000089747, 1.0878669916, 8.71591776537, 0.910614567935, 1.00000072299, 77.1968157363, 0.935069399227, 5.70221685128, 0.983730820228, 3.29000042386, 1.00000015518, 1160.73015487, 2.68096514745
5.04703201881, 1.01885210651, 1.46083931806, 0.836727722588, 2.83000051518, 0.912504890505, 5.51073979043, 1.26000052174, 1.14000024597, 3.40317319171, 2.66950930369, 0.925021940175, 3.04000062608, 1.09528602164, 0.813525210264, 1.00000088552, 1.00000091886, 1.0851454225, 3.47573674506, 0.94754752575, 1.00000028746, 102.739696037, 0.945748284941, 1.73816869821, 1.03059330083, 3.2900005466, 1.00000013506, 1132.85834305, 4.55764075067
4.90296360719, 1.13714624707, 1.58972998746, 0.828099605715, 2.83000038663, 1.06286823697, 3.91059841995, 1.26000077272, 1.14000000675, 3.05497917765, 2.25965568579, 1.02174649266, 3.04000053055, 1.00436261373, 1.01268391405, 1.00000080392, 1.00000001102, 1.06866764947, 7.00053449813, 0.958450605315, 1.00000062359, 92.1957994946, 0.858279748074, 3.78634225787, 1.04873332951, 3.29000035519, 1.0000005178, 3621.93805643, 0.0
1.40061981662, 1.05559815097, 1.70235302099, 0.999515312124, 2.83000072076, 1.15001806292, 3.95032403989, 1.26000025535, 1.14000022758, 1.94917205823, 3.03331452185, 0.951693741451, 3.040000758, 1.11567709144, 0.887731212832, 1.00000020435, 1.00000058766, 1.06513543938, 8.13896185812, 0.985685029474, 1.00000000836, 88.1325941917, 0.891088655183, 5.29225078331, 1.05737004609, 3.29000026292, 1.00000014568, 2223.63219025, 2.41286863271
3.5060409816, 1.13388420559, 1.4981351744, 0.968797192151, 2.83000039424, 0.870181290314, 3.31003053756, 1.26000097055, 1.1400003656, 3.51315350019, 3.05233271011, 0.939199544368, 3.04000094685, 1.00036277872, 1.00463744744, 1.0000002844, 1.00000052753, 1.01600820193, 3.80737358299, 0.967224611754, 1.00000075475, 91.1710363847, 0.895415289848, 3.71067172736, 0.996947543, 3.29000038481, 1.00000086378, 2227.83655641, 1.60857908847
5.31551728881, 1.07468023094, 1.50468178964, 0.933343866617, 2.83000009196, 0.985775670964, 5.65348838431, 1.26000061489, 1.14000080212, 3.0452723871, 1.9664854289, 1.02785910307, 3.04000019899, 1.00201349646, 1.07242797386, 1.00000070164, 1.00000037956, 1.01764720249, 7.89366566977, 0.993562044774, 1.0000007437, 75.4977809261, 0.942727380445, 4.8530240907, 1.03811286769, 3.29000029633, 1.00000035038, 3177.23855281, 0.536193029491
2.28943360586, 1.07171876577, 1.53274616371, 0.84768680658, 2.83000093855, 1.04426454253, 4.21127784084, 1.26000009972, 1.14000022144, 2.07632198777, 1.83146964014, 1.08459781855, 3.04000098475, 1.04376973236, 0.819857309343, 1.00000079945, 1.00000015772, 1.00168712641, 7.62659481587, 0.936482182855, 1.00000055674, 96.6120478119, 0.942412302973, 2.83221899137, 1.06729086793, 3.290000553, 1.00000085962, 1370.87402682, 3.75335120643
3.87533750155, 1.09769650742, 1.64223187257, 0.972836908407, 2.83000030407, 1.15178955118, 3.59736452586, 1.26000086935, 1.14000031202, 1.27052602656, 1.66986010786, 0.969607625567, 3.04000019357, 1.00982983617, 1.04185394578, 1.00000046694, 1.00000077995, 1.08118182903, 8.07610371343, 0.954363624052, 1.00000032748, 101.441144849, 0.912091050493, 2.07751756282, 0.951621405139, 3.29000000144, 1.00000076573, 1497.47102311, 2.68096514745
5.96943864002, 1.00610775228, 1.48370813589, 0.927639880486, 2.83000078401, 1.09921942705, 4.79380587804, 1.26000061704, 1.14000020771, 2.60426412046, 1.81802627473, 1.00159089672, 3.04000084083, 1.10976603283, 0.869946051306, 1.00000011258, 1.00000093279, 1.02633714357, 4.87551613318, 0.99376756163, 1.00000040199, 75.1352365426, 0.884419396153, 4.11243599044, 0.994325927587, 3.29000035769, 1.00000088966, 1187.02385251, 6.97050938338
1.1782349715, 1.06959964685, 1.41860151044, 0.93277546819, 2.83000051405, 1.10643058409, 3.96829408285, 1.26000016762, 1.14000015492, 3.55924107599, 1.59447193967, 0.953551098345, 3.04000009077, 1.05748687529, 0.829787517203, 1.00000053354, 1.00000027847, 1.02421111821, 7.73956090571, 0.916441629717, 1.00000045228, 81.0601842324, 1.02599242103, 5.08544354998, 0.971319724606, 3.29000068006, 1.00000032261, 1302.91786716, 4.55764075067
2.84359720428, 1.01885210651, 1.56422189073, 0.836727722588, 2.83000051518, 0.904905124646, 5.51073979043, 1.26000052174, 1.14000024597, 3.40317319171, 2.73895852921, 0.925021940175, 3.04000062608, 1.09528602164, 0.813525210264, 1.00000023017, 1.00000091886, 1.01014351587, 3.47573674506, 0.953346652581, 1.00000028746, 102.739696037, 0.945748284941, 1.73816869821, 1.03059330083, 3.2900005466, 1.00000013506, 4263.66201527, 0.0
5.31551728881, 1.07468023094, 1.50468178964, 0.933343866617, 2.83000009196, 0.985775670964, 2.77408558664, 1.26000061489, 1.14000080212, 3.0452723871, 1.9664854289, 1.02785910307, 3.04000019899, 1.02248732969, 1.07242797386, 1.00000073126, 1.00000037956, 1.01764720249, 7.89366566977, 0.993562044774, 1.0000007437, 75.4977809261, 0.942727380445, 3.98682176575, 1.03811286769, 3.29000029633, 1.00000035038, 3903.88077761, 0.268096514745
3.88318974386, 1.04253121403, 1.49454626876, 0.846700711495, 2.8300005714, 0.862573773432, 2.72612069792, 1.26000075111, 1.14000062591, 3.29545825617, 1.88630538837, 1.04220155337, 3.04000009728, 1.11461691271, 0.87192559543, 1.00000087958, 1.00000098844, 1.02459015433, 9.54723408425, 0.993078774109, 1.00000051767, 113.510776888, 0.916340705855, 4.44699405966, 0.971152195278, 3.29000028675, 1.00000076229, 2252.437446, 1.87667560322
2.56530872554, 1.06325630732, 1.60883687454, 0.883566817266, 2.83000091204, 1.14359268993, 1.41636108001, 1.26000071743, 1.14000041532, 3.48413545228, 2.01791553062, 1.07093854004, 3.04000065865, 1.07690851974, 0.990254314386, 1.00000027444, 1.00000056997, 1.03675839561, 5.40556008706, 0.950456026335, 1.00000063074, 124.770721786, 0.900812023041, 3.32289594619, 1.04292221721, 3.29000008096, 1.0000009254, 2271.88866925, 1.60857908847
5.91957560271, 1.09011615665, 1.35543015239, 0.92529989672, 2.8300006394, 1.16198638941, 5.56957662778, 1.26000046862, 1.14000036496, 3.63952468498, 2.23614551661, 0.909999247834, 3.0400006551, 1.07117053438, 0.785368458575, 1.00000032976, 1.0000007629, 1.03368953053, 8.7491142572, 0.929260907209, 1.00000031989, 80.9581438151, 0.891088655183, 4.56780081412, 1.04081103336, 3.29000039015, 1.00000079897, 3490.46484699, 0.804289544236
1.1782349715, 1.06959964685, 1.51591404165, 0.93277546819, 2.83000051405, 1.07628550331, 3.96829408285, 1.26000016762, 1.14000015492, 2.80216812542, 1.61117600186, 0.953551098345, 3.04000009077, 1.05748687529, 0.829787517203, 1.00000053354, 1.00000016226, 1.02421111821, 7.73956090571, 0.916441629717, 1.00000045228, 81.0601842324, 1.03692281549, 3.99072876086, 0.971319724606, 3.29000068006, 1.00000032261, 3384.79394973, 1.07238605898
5.64326934447, 1.0846681696, 1.48564040838, 0.841030458748, 2.83000077678, 1.04958868531, 4.5757804874, 1.26000067099, 1.14000027931, 2.33335131208, 1.69976502023, 0.941801531024, 3.04000025738, 1.04642580421, 0.902857310727, 1.00000063253, 1.00000007027, 1.00611047949, 6.62494187501, 0.966068740277, 1.00000035337, 100.923593832, 0.9962411629, 1.81099035883, 1.04275342178, 3.29000015856, 1.00000095441, 1685.40873207, 4.28954423592
3.5060409816, 1.13388420559, 1.36796748316, 0.968797192151, 2.83000039424, 0.870181290314, 3.31003053756, 1.26000097055, 1.14000029332, 3.51315350019, 3.05233271011, 0.939199544368, 3.04000094685, 1.00036277872, 1.04212291174, 1.0000002844, 1.00000052753, 1.01422674874, 3.80737358299, 0.967224611754, 1.00000075475, 84.3440842997, 0.895415289848, 2.52375094383, 0.996947543, 3.29000038481, 1.00000086378, 2245.67141396, 2.9490616622
4.49176264798, 1.05366809207, 1.47126932173, 0.878191140247, 2.83000060218, 0.945188300062, 2.17240354579, 1.26000060759, 1.14000046117, 3.23223544935, 3.08453475329, 0.983232148865, 3.040000007, 1.11152202433, 0.843842432124, 1.00000004192, 1.00000050311, 1.09503857515, 9.71106690708, 0.969456289345, 1.00000091786, 89.8361827107, 0.873949779843, 5.36107206244, 1.01484992112, 3.29000006973, 1.00000030266, 2159.30390596, 3.21715817694
5.96943864002, 1.00610775228, 1.48370813589, 0.927639880486, 2.83000078401, 1.09921942705, 5.73034122611, 1.26000061704, 1.14000020771, 2.60426412046, 1.81802627473, 1.00159089672, 3.04000084083, 1.10976603283, 0.869946051306, 1.00000011258, 1.00000093279, 1.02633714357, 4.87551613318, 0.99376756163, 1.00000040199, 75.1352365426, 0.884419396153, 4.11243599044, 0.994325927587, 3.29000035769, 1.0000009239, 1364.32247365, 7.50670241287
4.92891173926, 1.00980716598, 1.35566983392, 0.826359271306, 2.83000094067, 0.962229028525, 3.49327421747, 1.26000011488, 1.14000030056, 1.37122123989, 1.83610437456, 1.02906592115, 3.04000000411, 1.04946318908, 0.940504163436, 1.00000045167, 1.00000000259, 1.02198821685, 4.86390705382, 0.919385342408, 1.00000095402, 93.6884054456, 0.92485672512, 1.00180209914, 1.00792203825, 3.29000002267, 1.00000090553, 5065.83222079, 0.0
1.66896001246, 1.11150619684, 1.39171937944, 0.887609062189, 2.83000042738, 0.885679128444, 3.51879070317, 1.26000069653, 1.14000025299, 3.27172631854, 2.19687474385, 1.07288133096, 3.04000053373, 1.05135193323, 1.06515798098, 1.00000075539, 1.00000017563, 1.00573120318, 4.5782095229, 0.93868999208, 1.00000067607, 114.958651432, 0.900124182883, 1.87616314023, 1.05268345969, 3.29000069336, 1.00000045993, 4081.88037624, 0.268096514745
3.14215862001, 1.11017184985, 1.4685484245, 0.933385877604, 2.83000087649, 1.17685090584, 3.58489947168, 1.26000014538, 1.14000022285, 2.82162400765, 2.83485940803, 0.885249185365, 3.04000086764, 1.04714903622, 1.03505608303, 1.00000095546, 1.00000018846, 1.05091632737, 8.82850096285, 0.946345593512, 1.00000094484, 107.356377825, 0.98148727629, 1.76943481353, 0.993310644657, 3.29000041025, 1.00000082119, 2800.36216781, 1.87667560322
2.90102214559, 1.02643524094, 1.34607197169, 0.986299633892, 2.83000032142, 0.962626631466, 1.1307639397, 1.26000011092, 1.14000092778, 2.2599853948, 2.8401919471, 0.983095357988, 3.04000061445, 1.06788935625, 0.973448681183, 1.00000082105, 1.00000007833, 1.0923043344, 6.45975301942, 0.972816660325, 1.00000080664, 82.4025879266, 1.0109225245, 2.4068129476, 0.962556702034, 3.29000049245, 1.00000033803, 2684.2407147, 2.14477211796
2.74348075266, 1.01373779408, 1.55039140616, 0.964685269237, 2.83000034649, 1.10516537539, 1.64730558707, 1.26000000662, 1.14000054525, 3.57018003125, 2.12293411145, 1.02735606654, 3.04000095537, 1.01129037157, 0.80132034802, 1.000000483, 1.0000009215, 1.07589522964, 5.08962635977, 0.957851525968, 1.0000005245, 86.0898387321, 0.994569257258, 1.58847542711, 0.952903236684, 3.29000017738, 1.00000054226, 2643.8109494, 2.41286863271
2.74348075266, 1.01373779408, 1.55039140616, 0.964685269237, 2.83000034649, 1.10516537539, 1.64730558707, 1.26000000662, 1.14000054525, 3.57018003125, 2.12293411145, 1.02735606654, 3.04000095537, 1.01129037157, 0.80132034802, 1.000000483, 1.0000009215, 1.07589522964, 5.08962635977, 0.991698156338, 1.0000005245, 86.0898387321, 1.00477518367, 1.58847542711, 0.952903236684, 3.29000017738, 1.00000054226, 3069.37486452, 1.60857908847
5.73038319697, 1.09133168504, 1.45480657891, 0.804256735042, 2.83000025905, 1.16604661856, 5.22000499438, 1.2600005228, 1.14000006498, 2.11921063282, 2.94502074218, 0.964216135755, 3.04000079331, 1.06730905217, 0.872905323736, 1.00000013831, 1.00000001985, 1.08388737239, 5.97836298007, 0.96780117655, 1.00000019492, 103.340400432, 0.994433581047, 3.78634225787, 1.02719613131, 3.29000002052, 1.0000008729, 4074.73694142, 0.804289544236
5.91957560271, 1.09011615665, 1.35543015239, 0.92529989672, 2.83000041999, 1.16198638941, 5.56957662778, 1.26000046862, 1.14000036496, 3.63952468498, 2.23614551661, 0.961195923802, 3.04000063571, 1.07117053438, 0.861216978587, 1.00000032976, 1.0000007629, 1.03368953053, 3.24920548485, 0.929260907209, 1.00000042453, 80.9581438151, 0.93244350449, 4.56780081412, 1.04081103336, 3.29000041025, 1.00000079897, 3550.5369204, 1.07238605898
4.42380701386, 1.12837055229, 1.41016285988, 0.869039362018, 2.83000092285, 0.880754018092, 3.58489947168, 1.26000071457, 1.14000027877, 2.57820622606, 2.9962179976, 0.887357866149, 3.04000018342, 1.05777367405, 0.938535153154, 1.00000054511, 1.00000017675, 1.05251806377, 4.20892856404, 0.936661845256, 1.00000081189, 95.0452840635, 1.04392429821, 5.51916525209, 0.975959819267, 3.29000058138, 1.00000030517, 2081.47001414, 4.82573726542
1.27262670965, 1.0012780935, 1.59863283686, 0.996935669423, 2.83000052168, 0.934950721331, 1.71188565096, 1.26000073004, 1.14000024936, 2.07933996187, 2.33580387482, 1.01165878579, 3.04000048617, 1.11996290947, 0.841561978227, 1.00000047012, 1.00000043796, 1.02785982121, 6.08663211826, 0.933981432893, 1.00000044532, 96.044105593, 0.852900215746, 1.08021492294, 0.998054824128, 3.29000077302, 1.00000019205, 1848.13577998, 5.09383378016
3.88318974386, 1.07161555998, 1.49454626876, 0.846700711495, 2.8300005714, 0.862573773432, 2.72612069792, 1.26000075111, 1.14000062591, 3.29545825617, 1.88630538837, 1.0307412124, 3.04000009728, 1.11461691271, 0.87192559543, 1.00000087958, 1.00000098844, 1.02459015433, 9.54723408425, 0.993078774109, 1.00000051767, 113.510776888, 0.916340705855, 4.44699405966, 0.971152195278, 3.29000028675, 1.00000076229, 2170.76888697, 3.21715817694
1.1782349715, 1.06959964685, 1.51591404165, 0.93277546819, 2.83000051405, 1.07628550331, 3.96829408285, 1.26000016762, 1.14000015492, 2.80216812542, 1.61117600186, 0.953551098345, 3.04000009077, 1.05748687529, 0.829787517203, 1.00000085685, 1.00000016226, 1.02421111821, 7.73956090571, 0.916441629717, 1.00000045228, 81.0601842324, 0.998548698753, 3.99072876086, 1.04768847101, 3.29000068006, 1.00000032261, 5367.9623807, 0.0
5.96943864002, 1.01555964473, 1.48370813589, 0.927639880486, 2.83000080401, 1.09921942705, 4.79380587804, 1.26000061704, 1.14000020771, 2.60426412046, 1.81802627473, 1.00159089672, 3.04000078573, 1.10952080691, 0.844326649657, 1.00000011258, 1.00000093279, 1.02633714357, 4.87551613318, 0.99376756163, 1.00000073246, 75.0417288656, 0.851525242136, 4.24168257335, 0.994325927587, 3.29000035769, 1.00000088966, 4491.39474517, 0.268096514745
1.74665630302, 1.04645649639, 1.48545460441, 0.885575393583, 2.83000094765, 1.14175547792, 4.01943509275, 1.2600004341, 1.14000039183, 2.16477701906, 2.56512030279, 0.894376701065, 3.04000041202, 1.02248732969, 1.07045928668, 1.00000019483, 1.00000050216, 1.08483640011, 6.39454062304, 0.983393724956, 1.00000077108, 87.5709738374, 0.918178156302, 3.98682176575, 1.04328924675, 3.29000065535, 1.00000012713, 2845.38402621, 1.87667560322
3.8881751877, 1.07789383169, 1.51559624071, 0.95238959314, 2.8300007181, 0.960114622383, 4.71094973159, 1.26000088229, 1.14000012944, 2.36621818959, 1.66986010786, 0.967878419785, 3.04000012405, 1.00982983617, 0.883766565727, 1.00000026942, 1.00000031727, 1.10938363354, 6.19784628486, 0.949842127081, 1.00000029663, 81.4131567097, 1.02587757039, 5.63807524455, 1.03373316539, 3.29000072104, 1.00000049172, 2668.33597347, 2.41286863271
3.10748506882, 1.09306289705, 1.53461791873, 0.97836973904, 2.83000097325, 1.1601178688, 5.9942836522, 1.26000075767, 1.14000023504, 2.05799979766, 1.99610279066, 0.935636082632, 3.04000009704, 1.02586311736, 0.912106120513, 1.00000094471, 1.00000051825, 1.0633367588, 9.10399696526, 0.987296250363, 1.00000002687, 122.054193203, 0.995668719187, 2.88812725539, 0.997549944495, 3.2900000358, 1.00000034739, 4238.860104, 0.804289544236
2.28943360586, 1.07171876577, 1.53274616371, 0.84768680658, 2.83000093855, 1.13411004304, 4.21127784084, 1.26000009972, 1.14000022144, 2.97518273399, 1.81802627473, 1.08459781855, 3.04000098475, 1.04376973236, 0.819857309343, 1.00000079945, 1.00000015772, 1.00168712641, 7.62659481587, 0.936482182855, 1.00000055674, 103.794414106, 0.942412302973, 2.83221899137, 1.06729086793, 3.290000553, 1.00000085962, 4048.91369467, 1.07238605898
5.70588221766, 1.08306422197, 1.60193282375, 0.883007702036, 2.83000057298, 0.904507947906, 4.23386195762, 1.26000009972, 1.14000022362, 3.70794561966, 2.32189615855, 1.01917570225, 3.04000061813, 1.11288955053, 1.07174436901, 1.00000018316, 1.00000082705, 1.08450844128, 9.63596910018, 0.930902022995, 1.00000037152, 89.9393719397, 0.949254694404, 3.73358525473, 1.00559172735, 3.29000048711, 1.00000003638, 3588.38510842, 1.60857908847
1.66896001246, 1.11150619684, 1.39171937944, 0.883026410716, 2.83000042738, 0.885679128444, 3.51879070317, 1.26000069653, 1.14000025299, 3.27172631854, 2.19687474385, 0.897535536783, 3.04000053373, 1.05135193323, 1.06515798098, 1.00000075539, 1.00000017563, 1.00573120318, 4.5782095229, 0.934351355118, 1.00000067607, 114.958651432, 0.935453301249, 1.87616314023, 0.979585432965, 3.29000069336, 1.00000034374, 1892.96989099, 5.09383378016
5.70588221766, 1.08306422197, 1.60193282375, 0.883007702036, 2.83000057298, 0.904507947906, 4.23386195762, 1.26000009972, 1.14000022362, 3.70794561966, 2.32189615855, 1.01917570225, 3.04000061813, 1.11288955053, 1.07174436901, 1.00000018316, 1.00000082705, 1.08450844128, 9.63596910018, 0.976829617662, 1.00000037152, 89.9393719397, 0.949254694404, 3.73358525473, 1.00559172735, 3.29000048711, 1.00000003638, 6320.96955361, 0.0
1.25408666061, 1.11308832741, 1.60910253312, 0.8923633816, 2.83000095683, 1.11571467245, 2.81036708191, 1.26000005524, 1.14000076678, 2.15905178442, 3.05428498048, 0.98818794556, 3.0400009143, 1.00394526608, 0.945275039274, 1.00000018332, 1.00000028546, 1.02067204253, 4.86074808355, 0.992331089368, 1.00000049091, 110.824807088, 0.96225244497, 5.65428441275, 0.97323953318, 3.29000000602, 1.00000023353, 4557.56494765, 0.536193029491
5.91957560271, 1.09011615665, 1.35543015239, 0.92529989672, 2.83000041999, 1.17478776954, 5.56957662778, 1.26000029895, 1.14000036496, 3.63952468498, 2.23614551661, 0.909999247834, 3.04000044884, 1.07117053438, 1.03505608303, 1.00000032976, 1.0000007629, 1.05921909917, 3.00823000211, 0.952584252898, 1.00000031989, 80.9581438151, 0.891088655183, 4.95796396169, 1.04081103336, 3.29000041025, 1.00000079897, 2958.5348722, 3.21715817694
