3.99237199637, 1.0946864592, 1.5922798231, 0.879868218082, 2.83000087039, 1.09775660075, 4.98653903937, 1.26000081721, 1.1400000022, 1.62485926493, 2.76238254681, 0.948108139324, 3.0400002214, 1.08079871363, 0.860884451826, 1.00000090424, 1.00000079777, 1.0055428305, 3.14938039038, 0.930703978022, 1.00000025025, 106.888075571, 0.936972445263, 2.08525538051, 1.06263097149, 3.29000037879, 1.00000099417, 9.60557513525, 11.3883896487
2.90812944674, 1.00193490617, 1.34361267704, 0.916042892239, 2.83000057139, 1.121507409, 2.35713490956, 1.26000077202, 1.14000000651, 3.69557044345, 1.66595776261, 0.966489432614, 3.0400004594, 1.02015865158, 0.972887716636, 1.00000019887, 1.00000082009, 1.0057340687, 7.7880855791, 0.939443289653, 1.00000034473, 103.626519339, 0.932513648716, 1.05146237112, 1.0115849607, 3.29000070189, 1.00000072101, 8.27741091184, 81.6250702567
2.25844453939, 1.08574868913, 1.36208412436, 0.836537044286, 2.83000076742, 1.03269688013, 2.6454506353, 1.26000049495, 1.14000084685, 2.68595849191, 1.89870514068, 0.910346774534, 3.04000090911, 1.10259579277, 1.05894091842, 1.00000078049, 1.00000042166, 1.00059255499, 9.8788447519, 0.938853430235, 1.00000039846, 87.0206434892, 0.853894450009, 1.04031586263, 1.01126448322, 3.29000011389, 1.00000012965, 9.26066510236, 300.385866252
5.48766875714, 1.07426006471, 1.70372919854, 0.840108356505, 2.83000096587, 1.02953769985, 2.05698783397, 1.26000089468, 1.14000059523, 2.63530699128, 3.08822482069, 0.966127614847, 3.04000020063, 1.00501106122, 0.995927963141, 1.00000083231, 1.00000052024, 1.03815657863, 8.05687899204, 0.918652652494, 1.00000082817, 99.1947189645, 1.03567081576, 5.92600136055, 1.04412671246, 3.29000005869, 1.00000045455, 19.5768211883, 100.228223198
2.5537511493, 1.00193490617, 1.34361267704, 0.916042892239, 2.83000040838, 1.02026362366, 3.8422888043, 1.26000077202, 1.14000000651, 3.69557044345, 1.66595776261, 0.966489432614, 3.04000034517, 1.09601164995, 0.783741844257, 1.00000024986, 1.00000082009, 1.00870438787, 5.92831803, 0.933963341816, 1.00000034473, 103.626519339, 1.03251201775, 1.1138037917, 1.01221354694, 3.29000070189, 1.00000085061, 9.60616069048, 182.620925645
1.74180598296, 1.08218005693, 1.70437089884, 0.827440052864, 2.83000016827, 0.897906019931, 1.27166683871, 1.26000072077, 1.14000022247, 1.62485926493, 2.22479956248, 0.934946709721, 3.0400005986, 1.10118989035, 0.848564606283, 1.00000080014, 1.00000039008, 1.06934713431, 3.661627665, 0.930703978022, 1.00000046665, 100.218235015, 0.876182966134, 1.64322920615, 1.03415675376, 3.29000033916, 1.0000007544, 9.92447005363, 185.525742592
3.99237199637, 1.0946864592, 1.5922798231, 0.879868218082, 2.83000087039, 1.09775660075, 4.98653903937, 1.26000081721, 1.1400000022, 1.91235902895, 2.76238254681, 0.948108139324, 3.04000046753, 1.08079871363, 0.854308432068, 1.00000090424, 1.00000079777, 1.01725134885, 3.14938039038, 0.917372160371, 1.00000025025, 106.888075571, 0.936972445263, 2.08525538051, 1.03514559306, 3.29000037879, 1.00000099417, 9.60626081035, 961.674610016
1.55914150852, 1.04346445753, 1.66438714422, 0.941189655178, 2.83000047502, 1.1086538814, 4.09077239594, 1.26000090224, 1.14000001668, 1.2593748204, 2.20427842313, 0.96047350847, 3.04000006371, 1.01870405006, 0.971067560908, 1.00000062875, 1.0000009354, 1.04401395173, 4.10954483254, 0.923694098395, 1.00000024113, 117.261062708, 0.878831800672, 2.10438798083, 1.04111276161, 3.29000084984, 1.00000055397, 15.2149683063, 215.726410486
5.62879628882, 1.05908997694, 1.56124367074, 0.835030483072, 2.83000037955, 0.972495546245, 5.88975936269, 1.26000007379, 1.14000010196, 3.47879666766, 2.55042776268, 1.04690875822, 3.0400003309, 1.00482103363, 0.788762177019, 1.00000023892, 1.00000023429, 1.02771863206, 8.93426071944, 0.923952900133, 1.00000045547, 95.3432034655, 0.938266974918, 3.12864589119, 0.9559805922, 3.29000049193, 1.00000015063, 10.3123027143, 218.971327803
4.01229085562, 1.11582008107, 1.3494794288, 0.827999186243, 2.8300000738, 0.975636731098, 3.11755773986, 1.26000022148, 1.14000008411, 1.80787315736, 1.96346625128, 1.09108418972, 3.04000037315, 1.11921846553, 0.980848825324, 1.00000020113, 1.0000004215, 1.04064638283, 4.4493579392, 0.910729320825, 1.00000074089, 108.615725451, 0.9123503702, 1.80174072496, 1.03195732645, 3.29000037879, 1.00000011025, 9.70428733415, 1393.13897022
4.61838497035, 1.03736139343, 1.69447536575, 0.839120941519, 2.830000641, 0.956042658635, 3.80361329403, 1.26000056538, 1.14000063972, 3.20652799278, 1.67106072758, 0.969600921598, 3.04000014778, 1.00951257447, 0.809565827481, 1.00000002704, 1.00000004789, 1.01292686771, 9.78137982186, 0.93782660367, 1.00000052824, 84.2032881776, 0.933602483272, 1.59682549742, 0.954902047255, 3.29000068603, 1.00000002689, 11.1858140654, 271.337908212
2.90812944674, 1.01994480194, 1.34361267704, 0.918362592803, 2.83000057143, 1.00366052022, 3.8422888043, 1.26000073139, 1.14000000651, 3.70172414402, 1.66595776261, 0.966489432614, 3.0400004594, 1.02015865158, 0.972887716636, 1.00000019887, 1.00000082009, 1.00870438787, 6.54457951162, 0.939443289653, 1.00000034473, 103.626519339, 0.845055013359, 1.2298177753, 1.0115849607, 3.29000061705, 1.00000035476, 24.7026072571, 247.870407707
5.5924272345, 1.10110784241, 1.65028656635, 0.815465665178, 2.83000019023, 1.09550432356, 1.04591165711, 1.26000005357, 1.14000040798, 2.3061783146, 1.64697348527, 1.0530196356, 3.04000072901, 1.11322633542, 0.857398371768, 1.00000020733, 1.00000064049, 1.09309027678, 5.60990301041, 0.967692852523, 1.00000074191, 114.704568877, 0.927122574081, 3.22194843048, 1.04804165234, 3.29000047247, 1.00000076515, 10.7921182823, 1052.82503407
5.92537834024, 1.09014327, 1.42961194633, 0.981010374978, 2.83000034147, 0.98506416295, 2.60954216053, 1.2600008277, 1.14000024542, 1.53260149152, 1.85600731199, 0.939401033152, 3.04000038762, 1.039114403, 1.05449832442, 1.00000037579, 1.00000042166, 1.04631817158, 9.89902053131, 0.977746991492, 1.00000088742, 118.438641563, 0.98591248467, 5.00997168176, 1.0001408421, 3.29000049499, 1.0000009711, 11.7549169994, 693.768314954
2.5537511493, 1.06350631702, 1.51433917018, 0.82585427377, 2.83000035208, 1.12454242608, 1.138989234, 1.26000050593, 1.14000089153, 1.70605432057, 2.50230568549, 0.907541633066, 3.04000020335, 1.09601164995, 0.783741844257, 1.00000078042, 1.00000047347, 1.01296681544, 7.27679145342, 0.942568979931, 1.00000058364, 102.796088231, 0.943925513397, 5.1559637013, 0.960111733771, 3.29000063255, 1.00000036981, 15.0966538643, 537.726039665
4.46467650182, 1.01021608296, 1.60342765633, 0.902549123294, 2.83000096587, 1.10945244371, 2.05698783397, 1.26000027948, 1.14000071849, 2.52491677805, 1.68033514711, 1.08731743463, 3.04000049239, 1.09822080263, 0.963409619999, 1.0000002498, 1.00000051003, 1.05273028246, 3.64688199804, 0.930067450257, 1.00000016507, 95.5977501449, 1.08692505732, 5.8936666483, 0.999936910483, 3.29000059836, 1.00000086735, 11.9881341476, 612.254550151
5.36215278062, 1.03775316575, 1.52543899261, 0.894891577316, 2.83000035404, 1.07800100414, 4.44833208519, 1.26000011003, 1.14000033394, 1.28884871485, 2.68947248437, 0.959126015774, 3.040000416, 1.06992974425, 1.07170424275, 1.00000055818, 1.00000024369, 1.05954440817, 3.84367285996, 0.990922382343, 1.0000006489, 99.0670252907, 0.956129845122, 4.50903461632, 0.987586486901, 3.29000018542, 1.00000035476, 26.3615254431, 259.929648911
5.36215278062, 1.03775316575, 1.65044244175, 0.894891577316, 2.83000035404, 1.07800100414, 4.44833208519, 1.26000011003, 1.14000033394, 1.28884871485, 2.9465290731, 0.959126015774, 3.040000416, 1.04091046797, 1.0620505362, 1.00000055818, 1.00000024369, 1.05954440817, 3.84367285996, 0.990922382343, 1.0000006489, 99.0670252907, 0.956129845122, 4.50903461632, 0.987586486901, 3.29000069093, 1.00000014389, 10.8154609306, 1111.91766445
5.28042586872, 1.04676433727, 1.46931764557, 0.994677631687, 2.83000051313, 0.878001761492, 4.66159418394, 1.26000056292, 1.14000038042, 1.74862588453, 3.04465593142, 0.966309290951, 3.04000059921, 1.05932635612, 0.784500465335, 1.00000036652, 1.00000049746, 1.0094214352, 9.87225514499, 0.995892505853, 1.00000080717, 102.992000177, 0.867460216849, 1.75296662814, 1.03054754594, 3.2900008918, 1.00000058979, 15.3701716666, 517.682879075
1.74180598296, 1.08218005693, 1.70437089884, 0.827440052864, 2.83000001985, 0.897906019931, 1.27166683871, 1.26000072077, 1.14000022247, 1.62485926493, 2.22479956248, 0.934946709721, 3.0400005986, 1.10118989035, 0.951980880705, 1.00000080014, 1.00000039008, 1.06379284742, 3.661627665, 0.930703978022, 1.00000046665, 100.218235015, 0.876182966134, 1.58670618064, 1.05078108498, 3.29000033916, 1.0000007544, 14.6686588731, 617.565998304
4.46467650182, 1.01021608296, 1.47415393577, 0.902549123294, 2.83000096587, 1.10945244371, 2.05698783397, 1.26000027948, 1.14000071849, 2.52491677805, 1.68033514711, 1.08731743463, 3.04000049239, 1.09822080263, 0.963409619999, 1.0000002498, 1.00000051003, 1.05273028246, 3.64688199804, 0.930067450257, 1.00000016507, 95.5977501449, 1.08692505732, 5.8936666483, 0.999936910483, 3.29000080697, 1.00000086735, 23.622169517, 321.800398233
2.90812944674, 1.00193490617, 1.34361267704, 0.916042892239, 2.83000057139, 1.121507409, 2.35713490956, 1.2600002754, 1.14000000651, 2.52491677805, 2.86607165152, 0.966489432614, 3.0400004594, 1.05031498183, 0.972887716636, 1.00000019887, 1.00000082009, 1.0057340687, 8.20953612684, 0.945697700641, 1.00000034473, 96.3591663494, 0.932513648716, 1.05146237112, 0.999936910483, 3.29000070189, 1.00000072101, 17.4392303851, 529.449502674
3.99237199637, 1.03396425078, 1.42135108115, 0.948024345196, 2.83000050359, 0.921284700196, 5.5046838299, 1.26000008621, 1.1400000022, 3.65373158523, 2.93382436868, 1.02176732588, 3.04000008059, 1.03483420045, 1.0243392038, 1.00000032274, 1.00000097706, 1.10905548752, 7.21359033107, 0.964452268928, 1.00000007711, 80.1483291751, 0.941087880194, 2.4253203481, 1.02975368126, 3.29000037879, 1.00000099499, 13.2140915077, 791.060609887
1.74180598296, 1.08218005693, 1.70437089884, 0.827440052864, 2.83000001985, 0.897906019931, 1.27166683871, 1.26000072077, 1.14000022247, 1.62485926493, 2.22479956248, 0.934946709721, 3.0400005986, 1.10118989035, 0.848564606283, 1.00000080014, 1.00000039008, 1.06379284742, 3.661627665, 0.930703978022, 1.00000046665, 100.218235015, 0.876182966134, 1.58670618064, 1.05078108498, 3.29000033916, 1.0000007544, 17.1228977531, 548.236477082
4.7030610261, 1.0946864592, 1.5922798231, 0.879868218082, 2.83000087039, 0.987595213219, 4.98653903937, 1.26000081721, 1.14000022483, 1.91235902895, 2.76238254681, 0.948108139324, 3.04000046753, 1.08079871363, 0.854308432068, 1.00000090424, 1.00000079777, 1.01725134885, 3.14938039038, 0.917372160371, 1.00000025025, 106.888075571, 0.936972445263, 2.08525538051, 1.03514559306, 3.290000641, 1.00000099417, 16.417016265, 567.065998026
3.99237199637, 1.03396425078, 1.47415393577, 0.948024345196, 2.83000050359, 1.11688196927, 5.5046838299, 1.26000008621, 1.1400000022, 3.65373158523, 2.93382436868, 1.02176732588, 3.04000008059, 1.04407214008, 1.06759923162, 1.00000032274, 1.00000094421, 1.10905548752, 7.21359033107, 0.964452268928, 1.00000007711, 86.4597136698, 0.941087880194, 2.4253203481, 1.02212588681, 3.29000037879, 1.00000056568, 37.8183314741, 427.476546714
5.66773978756, 1.12013436221, 1.68623311717, 0.923093967695, 2.8300008747, 0.905827080542, 4.16779019786, 1.26000011843, 1.1400002012, 3.1249459236, 3.02300302037, 1.02214001422, 3.04000055633, 1.08190091169, 0.927409291231, 1.00000045207, 1.00000053189, 1.07860147177, 4.45531620535, 0.948256219505, 1.00000023584, 83.218184527, 0.875077194605, 1.58698994709, 0.983779429805, 3.29000027856, 1.00000068889, 26.4446260247, 478.366775561
2.60862190234, 1.12085603525, 1.54930919632, 0.918381620465, 2.83000061778, 1.06530368883, 1.69916394998, 1.26000092454, 1.14000002773, 2.96786190957, 2.23283952577, 0.897771193247, 3.04000068918, 1.1102402279, 0.78176798518, 1.0000009125, 1.00000020287, 1.0002201951, 4.00656677563, 0.926785681099, 1.0000004662, 90.339115763, 1.08030124398, 3.48896684119, 1.06973344906, 3.29000069845, 1.00000024768, 14.2888713855, 1099.52743706
3.56671665368, 1.05327183468, 1.37255739974, 0.835080995225, 2.83000022473, 1.18366718423, 1.1516399158, 1.26000062257, 1.14000029348, 3.32166655533, 2.0703992968, 0.932566046905, 3.04000099287, 1.06110926776, 0.989622824892, 1.00000026518, 1.00000038027, 1.07856433477, 9.60325130874, 0.958016833077, 1.00000085989, 91.9910023124, 0.847820911545, 1.5221124408, 1.05871392574, 3.29000076606, 1.00000090212, 17.7338630059, 584.415254144
2.51187031853, 1.13532425819, 1.65526219338, 0.814070777236, 2.83000014981, 1.05076404664, 5.68644967907, 1.26000082076, 1.14000080303, 2.19562781784, 1.58213555497, 1.01218452384, 3.04000096402, 1.04542289144, 0.850839180441, 1.00000049454, 1.00000096664, 1.04842428381, 9.20203738506, 0.956130554032, 1.0000009112, 100.44179142, 1.06069521458, 1.06612288267, 1.03096994591, 3.29000065634, 1.00000070506, 14.1486048339, 1232.71492717
2.96923186642, 1.13532425819, 1.6780478601, 0.814070777236, 2.83000009697, 1.05076404664, 5.68644967907, 1.26000087597, 1.14000080303, 1.72409267004, 2.38757829176, 1.01218452384, 3.04000096402, 1.04542289144, 0.80827945171, 1.00000020733, 1.00000064049, 1.04842428381, 9.20203738506, 0.926922859473, 1.00000092674, 100.44179142, 0.868609604096, 4.61377592131, 0.963504674308, 3.29000036931, 1.00000070506, 14.8006996963, 1084.63787587
1.55914150852, 1.04346445753, 1.50346044913, 0.941189655178, 2.83000047502, 1.1086538814, 4.09077239594, 1.26000090224, 1.14000001668, 1.38211945356, 2.20427842313, 0.96047350847, 3.04000006371, 1.04128036046, 0.971067560908, 1.00000062875, 1.0000009354, 1.04401395173, 4.10954483254, 0.923694098395, 1.00000024113, 117.261062708, 0.878831800672, 2.10438798083, 1.04111276161, 3.29000084984, 1.00000055397, 14.0790962818, 1836.30162694
2.49962392172, 1.08682415812, 1.55763723412, 0.948024345196, 2.83000086914, 0.950723781225, 1.02582887967, 1.26000089235, 1.14000072423, 2.89199940788, 2.49006441888, 1.02064074489, 3.04000092783, 1.0033293041, 0.955184767774, 1.0000003108, 1.00000021436, 1.09229401155, 3.14928590296, 0.96395273325, 1.00000069402, 116.687613684, 1.00833152843, 5.85481883139, 0.97268456147, 3.29000079067, 1.00000093631, 16.7535035816, 715.87020621
2.89394453355, 1.07660748633, 1.62298812687, 0.940086924694, 2.83000047709, 0.984434939569, 5.4008909092, 1.26000017328, 1.14000033387, 2.69707798382, 2.6568748018, 0.908397508323, 3.04000038924, 1.0417322593, 1.07746269143, 1.0000004623, 1.00000011493, 1.09782320835, 6.27385722465, 0.981059946876, 1.00000040947, 87.7103961022, 0.922838228325, 3.87160699881, 0.976343768392, 3.29000056083, 1.00000038755, 15.6474660287, 956.381712332
4.61838497035, 1.03736139343, 1.69447536575, 0.839120941519, 2.830000641, 0.956042658635, 3.80361329403, 1.26000056538, 1.14000063972, 3.20652799278, 1.67106072758, 0.969600921598, 3.04000014778, 1.00951257447, 0.809565827481, 1.00000002704, 1.00000080978, 1.01292686771, 9.78137982186, 0.93782660367, 1.00000074089, 84.2032881776, 0.933602483272, 1.59682549742, 0.954902047255, 3.29000068603, 1.00000002689, 14.5868121605, 1341.47539384
2.5537511493, 1.06350631702, 1.51433917018, 0.943716731616, 2.83000035208, 1.12454242608, 1.138989234, 1.26000055238, 1.14000089153, 1.70605432057, 2.50230568549, 0.907541633066, 3.04000020335, 1.09601164995, 0.854668611995, 1.00000078042, 1.00000047347, 1.08962938212, 7.27679145342, 0.942568979931, 1.00000058364, 102.796088231, 0.891166242832, 5.1559637013, 0.960111733771, 3.29000095851, 1.00000036981, 14.3400331451, 1681.25769241
4.92580123551, 1.09290839468, 1.34667168233, 0.966879129777, 2.83000053448, 1.14530352747, 3.63200336818, 1.26000082503, 1.14000050948, 2.68456490997, 3.08785608467, 1.0763123352, 3.04000032772, 1.08276462337, 0.969560983211, 1.00000003392, 1.00000024505, 1.1042098354, 3.57982662704, 0.983539210509, 1.00000056189, 121.062343985, 1.03136839902, 4.9483569267, 1.00072279456, 3.29000090586, 1.00000082984, 14.7830193397, 1259.87884458
2.09693524899, 1.11280431124, 1.72281506156, 0.89792049182, 2.83000025328, 1.07228135624, 4.0276174537, 1.2600007145, 1.14000010835, 2.66941062975, 1.9070857582, 0.885397192648, 3.04000014799, 1.01211805462, 0.878311784708, 1.00000096391, 1.00000065822, 1.06011690806, 8.85165970604, 0.997620231006, 1.00000064524, 120.999419845, 0.947966301147, 4.43008677679, 1.0001408421, 3.29000052864, 1.00000027991, 15.8399020867, 1040.2365207
3.29256177458, 1.01952764854, 1.67425617617, 0.802712774415, 2.83000060823, 1.11688196927, 5.5046838299, 1.26000008621, 1.14000022483, 3.65373158523, 2.35666910624, 1.08797833061, 3.04000008059, 1.04407214008, 0.930716761247, 1.00000032274, 1.00000094421, 1.10905548752, 7.21359033107, 0.964452268928, 1.00000007711, 81.9177278981, 0.941087880194, 2.4253203481, 1.05684085363, 3.29000037879, 1.00000048476, 16.0509431001, 969.220249373
4.7030610261, 1.0946864592, 1.5922798231, 0.985418843759, 2.83000068066, 0.987595213219, 4.98653903937, 1.26000081721, 1.14000022483, 2.94640929884, 3.07979027151, 0.948108139324, 3.04000046753, 1.08079871363, 0.854308432068, 1.00000090424, 1.00000079777, 1.01725134885, 3.14938039038, 0.917372160371, 1.00000025025, 106.888075571, 0.936972445263, 2.08525538051, 1.05684085363, 3.290000641, 1.00000041855, 17.226073278, 888.172368154
2.09693524899, 1.11280431124, 1.67599621324, 0.89792049182, 2.83000025328, 1.07228135624, 4.0276174537, 1.2600007145, 1.14000010835, 2.66941062975, 1.9070857582, 0.885397192648, 3.04000046753, 1.01211805462, 0.878311784708, 1.00000096391, 1.00000065822, 1.06011690806, 8.85165970604, 0.917372160371, 1.00000064524, 120.999419845, 0.947966301147, 4.43008677679, 1.0001408421, 3.29000052864, 1.00000027991, 15.0843491605, 1333.70236962
2.35924453236, 1.11634662576, 1.55763723412, 0.948024345196, 2.83000086914, 0.950723781225, 1.02582887967, 1.26000089235, 1.14000048348, 2.89199940788, 2.49006441888, 1.02064074489, 3.04000092783, 1.0033293041, 0.906494984706, 1.0000003108, 1.00000021436, 1.09369774155, 3.02611533262, 0.96395273325, 1.00000069402, 116.687613684, 1.00833152843, 5.85481883139, 1.05581341802, 3.29000079067, 1.00000093631, 19.3877259912, 771.383826985
4.60187491751, 1.03554699224, 1.40003496581, 0.824962734056, 2.83000092843, 0.853872350608, 5.86536362076, 1.26000062425, 1.14000010835, 1.98444596219, 3.03934174831, 0.90724434946, 3.04000026136, 1.09774441223, 0.966077308002, 1.00000011332, 1.0000009632, 1.06011690806, 7.46058137029, 0.971142503464, 1.000000477, 111.452651492, 1.02397033919, 4.89448000073, 1.04791751372, 3.29000019459, 1.00000069691, 14.6016886311, 1845.74993008
4.94593953541, 1.11751431693, 1.45266179125, 0.966737994041, 2.83000099084, 0.875588573743, 5.38623939668, 1.26000041495, 1.14000060873, 2.83657417988, 3.02552855321, 1.01423685539, 3.04000074072, 1.03996453438, 0.973857763407, 1.00000086436, 1.00000048884, 1.01955820866, 9.79092877636, 0.927805743978, 1.00000017816, 118.358834874, 0.853796060426, 3.62355807965, 1.00893872797, 3.29000016625, 1.00000003339, 15.3078210846, 1210.0594258
1.88087647556, 1.11567498529, 1.43094955599, 0.839949104542, 2.83000053875, 0.899150441858, 4.25399789877, 1.26000003886, 1.14000017791, 2.90753091641, 2.8197083189, 0.975962659696, 3.04000099287, 1.07087543933, 1.04452873359, 1.00000004413, 1.00000039129, 1.04115154395, 9.32793108361, 0.911979055346, 1.00000087819, 86.5921857467, 0.99466171076, 3.81601668445, 1.0431445153, 3.29000091189, 1.0000007009, 23.3263375337, 732.119011725
2.79885483482, 1.03211361982, 1.7194508259, 0.990258324702, 2.83000093842, 1.16704091165, 4.49786909639, 1.26000043454, 1.14000063728, 1.53783994946, 2.79031075406, 0.940464936128, 3.04000077897, 1.05225228872, 0.907215501861, 1.00000036042, 1.00000040038, 1.06326641116, 3.8308784156, 0.910856944039, 1.00000069905, 80.4657974255, 0.886212079147, 3.49539495928, 0.972790147904, 3.29000010624, 1.00000088409, 18.6691023642, 853.103263574
3.29256177458, 1.05327183468, 1.37255739974, 0.835080995225, 2.83000022473, 1.16081511089, 1.1516399158, 1.26000062257, 1.14000029348, 3.32166655533, 2.0703992968, 0.932566046905, 3.04000099287, 1.06110926776, 1.05180663263, 1.00000026518, 1.00000038027, 1.07856433477, 6.13402909731, 0.958016833077, 1.00000085989, 108.281223738, 0.847820911545, 1.5221124408, 1.06670297604, 3.29000046999, 1.00000018632, 17.998186862, 873.625850355
2.35924453236, 1.11634662576, 1.55763723412, 0.948024345196, 2.83000086914, 0.950723781225, 1.02582887967, 1.26000089235, 1.14000048348, 3.42964329668, 2.49006441888, 1.02064074489, 3.04000056677, 1.0033293041, 0.906494984706, 1.0000003108, 1.00000021436, 1.09369774155, 3.02611533262, 0.96395273325, 1.00000069402, 116.687613684, 1.00833152843, 5.85481883139, 1.05581341802, 3.29000079067, 1.00000093631, 17.9223127688, 921.277363097
2.90812944674, 1.00193490617, 1.34361267704, 0.916042892239, 2.83000057139, 1.02026362366, 3.8422888043, 1.26000077202, 1.14000090539, 3.69557044345, 1.66595776261, 0.966489432614, 3.04000074237, 1.02015865158, 0.972887716636, 1.00000019887, 1.00000040038, 1.00870438787, 8.21330033235, 0.939443289653, 1.00000034473, 103.626519339, 1.03251201775, 1.2298177753, 1.0115849607, 3.29000070189, 1.00000085061, 14.7530225483, 3958.85943005
2.09693524899, 1.11280431124, 1.72281506156, 0.89792049182, 2.83000025328, 1.07228135624, 4.0276174537, 1.2600007145, 1.14000010835, 2.66941062975, 1.9070857582, 0.883092649797, 3.04000014799, 1.01211805462, 0.878311784708, 1.00000096391, 1.00000065822, 1.06011690806, 9.86847336022, 0.997620231006, 1.00000064524, 120.999419845, 0.998359884846, 4.43008677679, 0.977693248078, 3.29000052864, 1.00000027991, 18.6699870896, 900.154600065
2.5537511493, 1.06350631702, 1.51433917018, 0.82585427377, 2.83000061778, 1.12454242608, 1.138989234, 1.26000050593, 1.14000089153, 1.70605432057, 2.50230568549, 0.907541633066, 3.04000020335, 1.09601164995, 0.783741844257, 1.00000067863, 1.00000021054, 1.01296681544, 5.46369386444, 0.942568979931, 1.00000058364, 89.4405219031, 0.874720888597, 5.35700585902, 0.960111733771, 3.29000063255, 1.00000036981, 15.1778592743, 1653.82202772
2.87924757596, 1.03211361982, 1.71018698231, 0.990258324702, 2.83000088594, 1.16704091165, 4.49786909639, 1.26000043454, 1.14000090539, 1.53783994946, 2.48337834021, 0.940464936128, 3.04000077897, 1.09993947488, 0.978152997998, 1.00000036042, 1.00000040038, 1.04187865009, 3.8308784156, 0.911141976735, 1.00000069905, 80.4657974255, 0.886212079147, 3.49539495928, 0.972790147904, 3.29000010624, 1.00000088409, 24.6984526252, 827.594591262
3.29256177458, 1.05327183468, 1.37255739974, 0.835080995225, 2.83000047025, 1.16081511089, 1.1516399158, 1.26000062257, 1.14000029348, 3.32166655533, 2.0703992968, 0.932566046905, 3.04000099287, 1.06110926776, 1.0172608702, 1.00000026518, 1.00000038027, 1.07856433477, 9.60325130874, 0.958016833077, 1.00000085989, 101.883986258, 0.847820911545, 1.5221124408, 1.05871392574, 3.29000090586, 1.00000090212, 15.2170141117, 1386.49565784
2.96923186642, 1.13532425819, 1.58317262055, 0.814070777236, 2.83000009697, 1.05076404664, 5.68644967907, 1.26000087597, 1.14000080303, 1.72409267004, 1.58213555497, 1.01218452384, 3.04000096402, 1.04542289144, 0.851834808635, 1.00000049791, 1.00000076479, 1.04842428381, 9.20203738506, 0.926922859473, 1.00000092674, 100.44179142, 0.868609604096, 2.61819811115, 0.963504674308, 3.29000036931, 1.00000003634, 21.1272107812, 885.718655812
5.66773978756, 1.12013436221, 1.68623311717, 0.923093967695, 2.8300008747, 0.905827080542, 4.16779019786, 1.26000015741, 1.1400002012, 3.1249459236, 3.01399976986, 1.02214001422, 3.04000046834, 1.10650894781, 0.927409291231, 1.00000045207, 1.00000053189, 1.03512687093, 4.69501016318, 0.98530038551, 1.00000023584, 83.218184527, 0.91261984847, 1.58698994709, 0.983779429805, 3.29000026762, 1.00000068889, 15.8899603825, 1296.54753477
2.87924757596, 1.03211361982, 1.71018698231, 0.990258324702, 2.83000075155, 0.977413381464, 4.49786909639, 1.26000043454, 1.14000063728, 1.53783994946, 2.48337834021, 0.940464936128, 3.04000077897, 1.10259579277, 0.907215501861, 1.00000018562, 1.00000040038, 1.06326641116, 4.4493579392, 0.910856944039, 1.00000069905, 77.0201607713, 0.886212079147, 3.49539495928, 1.06182965029, 3.29000010624, 1.00000095064, 16.8437967084, 1190.87218889
2.87924757596, 1.03211361982, 1.71018698231, 0.990258324702, 2.83000088594, 1.16704091165, 4.49786909639, 1.26000043454, 1.14000090539, 1.53783994946, 2.48337834021, 0.940464936128, 3.04000077897, 1.04449958532, 0.978152997998, 1.00000036042, 1.00000040038, 1.04187865009, 3.8308784156, 0.911141976735, 1.00000069905, 80.4657974255, 0.886212079147, 3.49539495928, 0.972790147904, 3.29000010624, 1.00000088409, 18.3563515435, 1079.29304387
2.60862190234, 1.12085603525, 1.54930919632, 0.918381620465, 2.83000061778, 1.06530368883, 1.69916394998, 1.26000092454, 1.14000002773, 2.96786190957, 2.23283952577, 0.897771193247, 3.04000068918, 1.1102402279, 0.78176798518, 1.0000009125, 1.00000020287, 1.0002201951, 4.00656677563, 0.926785681099, 1.00000003493, 90.339115763, 1.08030124398, 3.48896684119, 1.06973344906, 3.29000069845, 1.00000024768, 15.8039967415, 1716.80851966
2.89394453355, 1.07660748633, 1.62298812687, 0.940086924694, 2.83000047709, 0.984434939569, 5.4008909092, 1.26000017328, 1.14000033387, 2.69707798382, 2.6259651563, 0.908397508323, 3.04000038924, 1.07990714384, 1.07746269143, 1.0000004623, 1.00000011493, 1.09782320835, 6.59263965182, 0.981059946876, 1.00000040947, 87.7103961022, 0.922838228325, 3.87160699881, 0.976343768392, 3.29000056083, 1.00000038755, 18.3835270545, 1086.75771559
2.09693524899, 1.11280431124, 1.72281506156, 0.89792049182, 2.83000025328, 1.07228135624, 4.0276174537, 1.26000051122, 1.14000010835, 2.66941062975, 1.9070857582, 0.883092649797, 3.04000014799, 1.01211805462, 0.878311784708, 1.00000098467, 1.00000065822, 1.06011690806, 8.85165970604, 0.997620231006, 1.00000064524, 120.999419845, 0.895769285196, 4.43008677679, 1.0001408421, 3.29000011389, 1.00000027991, 16.0293578855, 1396.35824773
4.7030610261, 1.0946864592, 1.5922798231, 0.879868218082, 2.83000087039, 0.987595213219, 5.93544488711, 1.26000081721, 1.14000022483, 1.91235902895, 2.76238254681, 0.948108139324, 3.04000046753, 1.08079871363, 0.854308432068, 1.00000090424, 1.00000079777, 1.02675014464, 3.14938039038, 0.917372160371, 1.00000025025, 106.888075571, 0.936972445263, 2.08525538051, 1.03514559306, 3.290000641, 1.00000099417, 30.6255511039, 933.8599289
2.5537511493, 1.06350631702, 1.51433917018, 0.981010374978, 2.83000008341, 1.12454242608, 1.138989234, 1.26000050593, 1.14000089153, 1.70605432057, 2.50230568549, 0.939401033152, 3.04000020335, 1.09601164995, 0.783741844257, 1.0000007913, 1.00000047347, 1.01296681544, 7.27679145342, 0.942568979931, 1.00000058364, 102.796088231, 0.943925513397, 5.1559637013, 0.960111733771, 3.29000063255, 1.00000036981, 26.8213239631, 955.498563001
2.90812944674, 1.00193490617, 1.34361267704, 0.916042892239, 2.83000057139, 1.02026362366, 3.8422888043, 1.26000077202, 1.14000000651, 3.69557044345, 1.66595776261, 0.966489432614, 3.0400004594, 1.02015865158, 0.972887716636, 1.00000019887, 1.00000082009, 1.00870438787, 8.21330033235, 0.939443289653, 1.00000034473, 103.626519339, 1.03251201775, 1.2298177753, 1.0115849607, 3.29000070189, 1.00000085061, 15.6288767749, 4451.14582559
2.5537511493, 1.06350631702, 1.51433917018, 0.943716731616, 2.83000035208, 1.12454242608, 1.138989234, 1.26000050593, 1.14000089153, 1.70605432057, 2.50230568549, 0.907541633066, 3.04000020335, 1.09601164995, 0.783741844257, 1.00000078042, 1.00000047347, 1.08962938212, 7.27679145342, 0.942568979931, 1.00000058364, 102.796088231, 0.943925513397, 5.1559637013, 0.960111733771, 3.29000095851, 1.00000036981, 15.8187537955, 3703.28791855
1.25658841687, 1.12828336425, 1.47415393577, 0.970896603253, 2.83000008341, 0.883243706398, 5.55068104443, 1.2600009259, 1.14000088592, 1.93901220894, 2.93382436868, 0.967507556842, 3.04000012063, 1.0360845405, 0.912301504056, 1.00000020113, 1.0000000552, 1.0839702447, 6.00879236246, 0.996754902779, 1.00000087062, 85.1302737702, 0.937867336465, 3.16525532709, 1.01024949744, 3.29000080249, 1.00000056568, 29.0230582981, 1001.30761203
2.5537511493, 1.06350631702, 1.51433917018, 0.981010374978, 2.83000035208, 1.12454242608, 1.138989234, 1.26000050593, 1.14000089153, 1.70605432057, 2.50230568549, 0.939401033152, 3.04000020335, 1.09601164995, 0.783741844257, 1.0000007913, 1.00000047347, 1.01296681544, 7.27679145342, 0.942568979931, 1.00000058364, 102.796088231, 0.943925513397, 5.1559637013, 0.960111733771, 3.29000063255, 1.00000036981, 16.891497253, 1449.82618415
1.73645352798, 1.08682415812, 1.55763723412, 0.948024345196, 2.83000053607, 0.947049964481, 1.07089043917, 1.26000089235, 1.14000048348, 2.98423970195, 2.49006441888, 1.02064074489, 3.04000092783, 1.0033293041, 0.955184767774, 1.00000028346, 1.00000021436, 1.09229401155, 4.39085448513, 0.96395273325, 1.00000069402, 116.687613684, 1.00833152843, 5.85481883139, 1.01075587729, 3.29000046999, 1.00000093631, 17.0194554741, 1557.16591706
3.29256177458, 1.05327183468, 1.37255739974, 0.835080995225, 2.83000022473, 1.16081511089, 1.1516399158, 1.26000062257, 1.14000029348, 3.32166655533, 2.0703992968, 0.932566046905, 3.04000099287, 1.06110926776, 1.0172608702, 1.00000026518, 1.00000038027, 1.07856433477, 6.13402909731, 0.958016833077, 1.00000085989, 101.883986258, 0.847820911545, 1.5221124408, 1.05871392574, 3.29000090586, 1.00000018632, 46.276923081, 1004.81272033
2.6609571532, 1.09702970287, 1.47388216187, 0.825929768208, 2.83000000352, 1.11260862685, 4.70372859803, 1.26000006765, 1.14000053128, 1.96509638817, 2.04858096887, 0.980087233088, 3.04000086332, 1.02823833971, 0.934695307178, 1.00000062783, 1.00000048399, 1.06963110467, 9.0681484098, 0.983983443608, 1.00000085802, 118.296862699, 0.874720888597, 3.53462827645, 0.991227404373, 3.29000094943, 1.00000032237, 16.3454349698, 3927.78237594
4.7030610261, 1.0946864592, 1.5922798231, 0.879868218082, 2.83000068066, 0.987595213219, 4.98653903937, 1.26000081721, 1.14000022483, 2.94640929884, 2.76238254681, 0.948108139324, 3.04000046753, 1.08079871363, 0.854308432068, 1.00000090424, 1.00000079777, 1.01725134885, 3.14938039038, 0.917372160371, 1.00000025025, 106.888075571, 0.936972445263, 2.08525538051, 1.03514559306, 3.290000641, 1.00000099417, 16.6098751917, 2001.51808307
3.29256177458, 1.0946864592, 1.5922798231, 0.985418843759, 2.83000068066, 0.987595213219, 4.98653903937, 1.26000081721, 1.14000022483, 2.94640929884, 3.07979027151, 0.948108139324, 3.04000046753, 1.11731321959, 0.854308432068, 1.00000090424, 1.00000079777, 1.01725134885, 3.14938039038, 0.917372160371, 1.00000025025, 106.888075571, 0.936972445263, 2.08525538051, 1.05684085363, 3.290000641, 1.00000085993, 16.1868167935, 4520.41074473
4.60187491751, 1.03554699224, 1.40003496581, 0.824962734056, 2.83000092843, 0.853872350608, 5.86536362076, 1.26000062425, 1.14000010835, 1.98444596219, 3.03934174831, 0.90724434946, 3.04000026136, 1.09774441223, 0.792535318192, 1.00000011332, 1.0000009632, 1.06011690806, 7.46058137029, 0.971142503464, 1.0000009625, 111.452651492, 1.02397033919, 4.89448000073, 1.04791751372, 3.29000019459, 1.00000069691, 20.7727095522, 1213.03728492
5.31671541673, 1.01903487442, 1.40381125479, 0.983307824466, 2.83000090749, 1.1013944972, 2.35713490956, 1.26000034757, 1.1400006314, 2.70397204906, 1.84790637837, 1.07640735046, 3.0400003436, 1.04812762541, 0.978598374912, 1.00000095173, 1.00000021266, 1.09339521636, 7.7880855791, 0.953595346157, 1.00000006997, 78.6544999846, 0.895147357907, 3.07438972635, 1.04840967713, 3.29000064341, 1.00000072101, 19.2789142415, 1269.23043501
1.02001934607, 1.05866559687, 1.45197469595, 0.910192071698, 2.83000080925, 1.01014618726, 4.7640072315, 1.26000069646, 1.14000023869, 1.33597410279, 2.05577377158, 0.978876962569, 3.04000000389, 1.01065447541, 1.02734178502, 1.00000004072, 1.00000086284, 1.07653052352, 7.50968238177, 0.945579665269, 1.00000068816, 80.1232274528, 1.05671653144, 1.95644315351, 1.05922541994, 3.2900004074, 1.00000012275, 16.871391021, 2461.60165816
2.90812944674, 1.00193490617, 1.34361267704, 0.916042892239, 2.83000057139, 1.121507409, 2.35713490956, 1.2600002754, 1.14000000651, 2.52491677805, 2.86607165152, 0.966489432614, 3.0400004594, 1.02015865158, 0.972887716636, 1.00000019887, 1.00000082009, 1.0057340687, 7.7880855791, 0.937831073729, 1.00000034473, 103.626519339, 0.932513648716, 1.05146237112, 0.999936910483, 3.29000070189, 1.00000072101, 25.0081000406, 1172.79230166
3.56671665368, 1.12013436221, 1.37255739974, 0.819914840498, 2.83000022473, 1.18366718423, 1.01269200195, 1.26000062257, 1.14000029348, 3.32166655533, 3.02300302037, 1.02214001422, 3.04000099287, 1.06110926776, 0.989622824892, 1.0000008481, 1.00000038027, 1.03060893709, 9.60325130874, 0.958016833077, 1.00000085989, 91.9910023124, 0.847820911545, 1.5221124408, 1.05871392574, 3.29000027856, 1.00000090212, 25.7612971056, 1118.82582668
4.94593953541, 1.11751431693, 1.45266179125, 0.966737994041, 2.83000079037, 0.875588573743, 5.38623939668, 1.26000041495, 1.14000060873, 2.83657417988, 3.0182977695, 1.01423685539, 3.04000074072, 1.03996453438, 0.973857763407, 1.00000086436, 1.00000048884, 1.01955820866, 9.79092877636, 0.927805743978, 1.00000031847, 118.358834874, 0.853796060426, 3.62355807965, 1.00893872797, 3.29000016625, 1.00000011025, 17.0180011564, 2403.16654562
2.25844453939, 1.08574868913, 1.36208412436, 0.836537044286, 2.83000076742, 1.02953769985, 2.6454506353, 1.26000049495, 1.14000084685, 2.68595849191, 1.89870514068, 0.910346774534, 3.04000090911, 1.10259579277, 1.05894091842, 1.00000078049, 1.00000048967, 1.00059255499, 9.8788447519, 0.938853430235, 1.00000039846, 87.0206434892, 0.853894450009, 1.04031586263, 1.01126448322, 3.29000011389, 1.00000012965, 16.7196492323, 5326.48832496
3.99237199637, 1.01952764854, 1.67425617617, 0.823978929457, 2.83000060823, 1.11688196927, 5.5046838299, 1.26000008621, 1.14000076046, 3.65373158523, 2.35666910624, 1.02195564383, 3.04000008059, 1.04407214008, 0.930716761247, 1.00000032274, 1.00000094421, 1.10905548752, 7.21359033107, 0.964452268928, 1.00000007711, 81.9177278981, 0.941087880194, 2.4253203481, 1.02212588681, 3.29000037879, 1.00000048476, 19.0136952166, 1370.57914926
2.87924757596, 1.03211361982, 1.71018698231, 0.990258324702, 2.83000088594, 0.977413381464, 4.49786909639, 1.26000043454, 1.14000063728, 1.53783994946, 2.48337834021, 0.940464936128, 3.04000077897, 1.10349884456, 0.907215501861, 1.00000018562, 1.00000040038, 1.06326641116, 4.4493579392, 0.910856944039, 1.00000069905, 80.4657974255, 0.886212079147, 3.49539495928, 1.06182965029, 3.29000010624, 1.00000088409, 18.2658306832, 1527.22344825
2.25844453939, 1.08574868913, 1.36208412436, 0.836537044286, 2.83000082296, 1.03269688013, 2.6454506353, 1.26000049495, 1.14000084685, 2.68595849191, 1.89870514068, 0.910346774534, 3.04000090911, 1.10259579277, 1.05894091842, 1.00000078049, 1.00000088607, 1.00059255499, 9.7015580991, 0.938853430235, 1.00000039846, 87.0206434892, 0.970550376763, 1.04031586263, 1.01126448322, 3.29000011389, 1.00000012965, 18.5685667081, 1400.47810335
2.49962392172, 1.08682415812, 1.55763723412, 0.948024345196, 2.83000086914, 0.950723781225, 1.02582887967, 1.26000089235, 1.14000048348, 2.89199940788, 2.49006441888, 1.02064074489, 3.04000092783, 1.0033293041, 0.955184767774, 1.0000003108, 1.00000021436, 1.09229401155, 3.02611533262, 0.96395273325, 1.00000069402, 116.687613684, 1.00833152843, 5.85481883139, 0.97268456147, 3.29000079067, 1.00000093631, 17.112524982, 3249.29346325
2.25844453939, 1.08574868913, 1.36208412436, 0.836537044286, 2.83000076742, 1.03269688013, 2.01137025985, 1.26000049495, 1.14000084685, 2.68595849191, 1.89870514068, 0.910346774534, 3.04000090911, 1.10259579277, 1.05894091842, 1.00000078049, 1.00000042166, 1.00059255499, 9.8788447519, 0.938853430235, 1.00000093436, 87.0206434892, 0.867918720358, 1.04031586263, 1.01126448322, 3.29000011389, 1.00000012965, 32.1722966391, 1183.5490029
1.55914150852, 1.04346445753, 1.50346044913, 0.950436542172, 2.83000093358, 1.1086538814, 4.09077239594, 1.26000090224, 1.14000001668, 1.38211945356, 2.20427842313, 0.96047350847, 3.04000014778, 1.08178928874, 0.971067560908, 1.00000062875, 1.0000009354, 1.04401395173, 4.10954483254, 0.91564567187, 1.00000024113, 107.355954851, 0.878831800672, 2.1857287614, 1.04111276161, 3.29000084984, 1.00000055397, 17.6730291969, 2557.98964512
2.25844453939, 1.07379328626, 1.36208412436, 0.836537044286, 2.83000082296, 1.03269688013, 2.6454506353, 1.26000049495, 1.14000084685, 2.68595849191, 1.89870514068, 0.89037089434, 3.04000090911, 1.10259579277, 1.05894091842, 1.00000078049, 1.00000088607, 1.00059255499, 9.7015580991, 0.938853430235, 1.00000039846, 87.1453215656, 0.970550376763, 1.04031586263, 1.01126448322, 3.29000011389, 1.00000012965, 17.6704821804, 3323.55365203
2.35924453236, 1.11634662576, 1.47322071474, 0.810386624142, 2.83000019993, 1.05487107907, 3.97568601869, 1.26000010384, 1.14000073062, 1.58339580835, 2.79630688808, 1.05349948012, 3.04000016033, 1.0661168809, 0.906494984706, 1.00000049864, 1.00000008986, 1.01911333169, 8.84434874466, 0.910496328412, 1.00000090063, 94.9726390611, 0.951218915066, 5.63362371929, 1.05581341802, 3.29000095678, 1.00000014953, 23.498944442, 1381.53548267
1.1313788533, 1.12851830307, 1.67314691091, 0.838402576077, 2.83000036285, 1.04062170812, 4.89532473032, 1.26000020212, 1.14000038273, 3.1447578083, 1.89178556769, 1.02406080578, 3.04000051375, 1.02163978625, 0.93587238072, 1.00000043116, 1.00000019496, 1.00016043156, 6.05111118865, 0.934930824679, 1.000000952, 83.8705415343, 0.898693828214, 1.75502242311, 0.965605942893, 3.29000004893, 1.00000080032, 17.8765092732, 2575.5093287
5.08248409615, 1.11171544465, 1.34222642688, 0.826145286321, 2.83000050608, 0.995207313, 2.46902378694, 1.26000028733, 1.14000029648, 3.52826676952, 1.68392929117, 0.983856762983, 3.04000024037, 1.03320669127, 1.03269197535, 1.00000004304, 1.00000026655, 1.00397694783, 4.98436903029, 0.918583866691, 1.00000059172, 91.113749469, 0.903384567437, 4.86258941875, 0.992568029854, 3.29000079054, 1.00000097032, 28.6808100674, 1305.4051227
1.55914150852, 1.04346445753, 1.50346044913, 0.941189655178, 2.83000047502, 1.01499567469, 4.09077239594, 1.26000090224, 1.14000001668, 1.38211945356, 2.20427842313, 0.96047350847, 3.04000006371, 1.04128036046, 0.971067560908, 1.00000062875, 1.0000009354, 1.04401395173, 4.10954483254, 0.923694098395, 1.00000024113, 117.261062708, 0.878831800672, 2.10438798083, 1.04111276161, 3.29000084984, 1.00000055397, 17.831628731, 3898.78001104
3.56671665368, 1.05327183468, 1.37255739974, 0.835080995225, 2.83000022473, 1.18366718423, 1.1516399158, 1.26000062257, 1.14000029348, 3.32166655533, 2.0703992968, 0.932566046905, 3.04000099818, 1.06110926776, 1.02827302802, 1.00000026518, 1.00000038027, 1.07856433477, 9.60325130874, 0.958016833077, 1.00000085989, 91.9910023124, 0.847820911545, 1.5221124408, 1.05871392574, 3.29000076606, 1.00000090212, 18.7920105816, 1766.86243001
3.19089088077, 1.05327183468, 1.37255739974, 0.835080995225, 2.83000022473, 1.16081511089, 1.1516399158, 1.26000062257, 1.14000029348, 3.32166655533, 2.0703992968, 0.932566046905, 3.04000066211, 1.06110926776, 1.0172608702, 1.00000001221, 1.00000065822, 1.10901173685, 6.43580843313, 0.990676282742, 1.00000085989, 101.883986258, 0.847820911545, 1.5221124408, 1.05871392574, 3.29000046797, 1.00000090212, 35.9217675634, 1283.00376066
2.62156826327, 1.02617984788, 1.36546811012, 0.965336584644, 2.83000012575, 0.94907482572, 4.88173123149, 1.26000055241, 1.14000052251, 2.65440497691, 2.36316812027, 0.940732857051, 3.0400009165, 1.08689748948, 1.04899523246, 1.00000043701, 1.00000050368, 1.08109831367, 6.51836681728, 0.935656459492, 1.00000069454, 102.448140126, 0.840199465389, 3.09034100644, 1.01868052475, 3.29000011903, 1.00000074047, 37.4434477459, 1283.85332909
3.88758750638, 1.0564920462, 1.61839087293, 0.945821726164, 2.83000027475, 1.1111831283, 2.60561363182, 1.26000056976, 1.14000008574, 2.90625130459, 3.00577212594, 0.907231553263, 3.04000036655, 1.11788187417, 0.901473244929, 1.00000069585, 1.00000012504, 1.03813126158, 5.02930265902, 0.983747744189, 1.00000002277, 80.1232274528, 1.01050256743, 5.6061715856, 1.0199680735, 3.29000030437, 1.00000093428, 20.8943250705, 1552.47295577
4.46467650182, 1.01021608296, 1.60342765633, 0.902549123294, 2.83000096587, 1.10945244371, 2.05698783397, 1.26000027948, 1.14000071849, 2.52491677805, 1.75326219113, 1.08731743463, 3.04000049239, 1.09822080263, 0.963409619999, 1.0000002498, 1.00000051003, 1.05273028246, 3.64688199804, 0.930067450257, 1.00000016507, 99.1947189645, 1.08692505732, 5.8936666483, 0.999936910483, 3.29000017467, 1.00000086735, 21.1365761041, 1509.6052034
2.09693524899, 1.11280431124, 1.72281506156, 0.89792049182, 2.83000025328, 1.07228135624, 4.0276174537, 1.2600007145, 1.1400002012, 2.66941062975, 1.9070857582, 0.883092649797, 3.0400008736, 1.01211805462, 0.878311784708, 1.00000096391, 1.00000075762, 1.06011690806, 9.86847336022, 0.997620231006, 1.00000064524, 120.999419845, 0.998359884846, 4.43008677679, 0.977693248078, 3.29000052864, 1.00000027991, 19.2066963543, 1719.77541515
2.51187031853, 1.13532425819, 1.57617776431, 0.814070777236, 2.83000014981, 1.05076404664, 5.68644967907, 1.26000082076, 1.14000080303, 1.6127128088, 1.58213555497, 1.01218452384, 3.04000096402, 1.04542289144, 0.851834808635, 1.00000049454, 1.00000076479, 1.04842428381, 9.20203738506, 0.956130554032, 1.0000009112, 100.44179142, 0.843290884984, 1.06612288267, 1.03096994591, 3.29000065634, 1.00000070506, 18.0333808413, 3356.38146833
5.28042586872, 1.04676433727, 1.46931764557, 0.994677631687, 2.83000051313, 1.11965086017, 4.66159418394, 1.26000056292, 1.14000038042, 1.98444596219, 3.04465593142, 0.966309290951, 3.04000059921, 1.05932635612, 0.784500465335, 1.00000036652, 1.00000049746, 1.03989006202, 7.52484237622, 0.995892505853, 1.00000080717, 90.8805318437, 0.867460216849, 1.75296662814, 1.03054754594, 3.2900008918, 1.00000058979, 19.264701797, 1779.25570635
1.02001934607, 1.05866559687, 1.45197469595, 0.94498045185, 2.83000037094, 1.01014618726, 2.48192770571, 1.26000069646, 1.14000023869, 1.33597410279, 2.05577377158, 0.978876962569, 3.04000000389, 1.01065447541, 1.02734178502, 1.00000001921, 1.00000086284, 1.07653052352, 7.50968238177, 0.945579665269, 1.00000068816, 77.1916603167, 1.04409442113, 1.79253906202, 1.05922541994, 3.2900004074, 1.00000012275, 17.8393002995, 5219.18608602
2.87924757596, 1.03211361982, 1.55763723412, 0.990258324702, 2.83000088594, 1.16704091165, 4.49786909639, 1.26000043454, 1.14000063728, 1.53783994946, 2.48337834021, 0.940464936128, 3.04000077897, 1.0033293041, 0.907215501861, 1.00000036042, 1.00000040038, 1.06326641116, 3.8308784156, 0.910856944039, 1.00000069905, 80.4657974255, 0.886212079147, 3.49539495928, 0.972790147904, 3.29000010624, 1.00000088409, 18.6468806038, 2932.09146489
5.5924272345, 1.10110784241, 1.62403721062, 0.815465665178, 2.83000019023, 1.09550432356, 1.06010119349, 1.26000005357, 1.14000040798, 1.6499341954, 1.64697348527, 1.0530196356, 3.04000072901, 1.11322633542, 0.888800449237, 1.00000020733, 1.00000064049, 1.09309027678, 5.60990301041, 0.967692852523, 1.00000074191, 114.704568877, 0.927122574081, 3.22194843048, 1.04353280184, 3.29000047247, 1.00000076515, 23.2853376392, 1574.22628984
