2.0, 3.0, 0.0, 1.0, 2.0, 2.0, 2.0, 3.0, -1.0, -1.0, 1.0, 0.0, -1.0, 0.0, -1.0, -1.0, 1.0, -1.0, -1.0, 2.0, 1.0, 2.0, -1.0, -1.0, -1.0, 0.0, 3.0, 0.0, -1.0, -1.0, 0.0, 1.0, 0.0, 3.0, 0.0, 1.0, -1.0, -1.0, -1.0, 2.0, 1.0, -1.0, -1.0, 3.0, -1.0, -1.0, -1.0, 1.0, -1.0, 0.0, 96314.0, 409.0
-1.0, 0.0, 2.0, 2.0, 0.0, 0.0, -1.0, -1.0, 2.0, -1.0, -1.0, -1.0, -1.0, 0.0, 1.0, -1.0, -1.0, 0.0, -1.0, 1.0, 0.0, 2.0, 1.0, 0.0, -1.0, 3.0, 2.0, 0.0, -1.0, -1.0, -1.0, 1.0, 1.0, 1.0, 2.0, 1.0, -1.0, -1.0, -1.0, 1.0, 0.0, 2.0, -1.0, 0.0, 0.0, 2.0, -1.0, 1.0, -1.0, 1.0, 96153.0, 422.0
2.0, 3.0, 0.0, 1.0, 2.0, 2.0, 0.0, 3.0, -1.0, -1.0, 1.0, 0.0, 2.0, 0.0, -1.0, -1.0, 1.0, -1.0, 0.0, 2.0, 1.0, 2.0, -1.0, -1.0, -1.0, 0.0, 3.0, 0.0, -1.0, -1.0, 0.0, 1.0, 0.0, 3.0, 0.0, 1.0, -1.0, -1.0, -1.0, 2.0, 1.0, -1.0, -1.0, 3.0, 0.0, -1.0, -1.0, 1.0, -1.0, 0.0, 95761.0, 456.0
2.0, 3.0, 0.0, 1.0, 2.0, 2.0, 2.0, 3.0, -1.0, -1.0, 1.0, 0.0, -1.0, 0.0, -1.0, -1.0, -1.0, -1.0, -1.0, 2.0, 1.0, 2.0, -1.0, -1.0, -1.0, 0.0, 3.0, 0.0, -1.0, -1.0, 0.0, 1.0, 0.0, 3.0, 0.0, 1.0, -1.0, -1.0, -1.0, 2.0, 1.0, -1.0, -1.0, 3.0, -1.0, -1.0, -1.0, 1.0, -1.0, 0.0, 96498.0, 394.0
-1.0, 0.0, 2.0, 2.0, 0.0, 0.0, -1.0, -1.0, 2.0, -1.0, -1.0, -1.0, -1.0, 0.0, 1.0, -1.0, -1.0, 0.0, -1.0, 1.0, 0.0, 2.0, 1.0, 0.0, -1.0, 3.0, 2.0, 0.0, -1.0, -1.0, -1.0, 1.0, 1.0, 1.0, 2.0, 1.0, -1.0, -1.0, -1.0, 1.0, 0.0, 2.0, -1.0, 0.0, 0.0, 2.0, -1.0, 1.0, -1.0, 1.0, 96153.0, 422.0
2.0, 3.0, 0.0, 1.0, 2.0, 2.0, 2.0, 3.0, -1.0, -1.0, 1.0, 0.0, -1.0, 0.0, -1.0, -1.0, 1.0, -1.0, 0.0, 2.0, 1.0, 2.0, -1.0, -1.0, -1.0, 0.0, 3.0, 0.0, -1.0, -1.0, 0.0, 1.0, 0.0, 3.0, 0.0, 1.0, -1.0, -1.0, -1.0, 1.0, 1.0, -1.0, -1.0, 3.0, 0.0, -1.0, -1.0, 1.0, -1.0, 0.0, 95889.0, 440.0
2.0, 3.0, 0.0, 1.0, 2.0, 2.0, 2.0, 3.0, -1.0, -1.0, 1.0, 0.0, -1.0, 0.0, -1.0, -1.0, 1.0, 2.0, 0.0, 2.0, 1.0, 2.0, -1.0, -1.0, -1.0, 0.0, 3.0, 0.0, -1.0, -1.0, 0.0, 1.0, 0.0, 3.0, 1.0, 1.0, -1.0, -1.0, -1.0, 2.0, 1.0, -1.0, -1.0, 0.0, 0.0, -1.0, -1.0, 1.0, -1.0, 0.0, 95823.0, 451.0
2.0, 3.0, 0.0, 1.0, 2.0, 2.0, 2.0, 3.0, -1.0, -1.0, 1.0, 0.0, -1.0, 0.0, -1.0, -1.0, 1.0, 2.0, 0.0, 2.0, 1.0, 2.0, -1.0, -1.0, -1.0, 0.0, 3.0, 0.0, -1.0, -1.0, 0.0, 1.0, 0.0, 3.0, 0.0, 1.0, -1.0, -1.0, -1.0, 2.0, 1.0, -1.0, -1.0, 3.0, 0.0, -1.0, -1.0, 1.0, -1.0, 0.0, 95861.0, 451.0
2.0, 3.0, 0.0, 1.0, 2.0, 2.0, 2.0, 3.0, -1.0, -1.0, 1.0, 0.0, -1.0, 0.0, -1.0, -1.0, 1.0, 2.0, 0.0, 2.0, 1.0, 2.0, -1.0, -1.0, -1.0, 0.0, 3.0, 0.0, -1.0, -1.0, 0.0, 1.0, 0.0, 3.0, 0.0, 1.0, -1.0, -1.0, -1.0, 2.0, 1.0, -1.0, -1.0, 3.0, 0.0, -1.0, -1.0, 1.0, -1.0, 0.0, 95861.0, 451.0
2.0, 3.0, 0.0, 1.0, 2.0, 2.0, 2.0, 3.0, -1.0, -1.0, 1.0, 0.0, -1.0, 0.0, -1.0, -1.0, 1.0, -1.0, 0.0, 1.0, 1.0, 2.0, -1.0, -1.0, -1.0, 0.0, 3.0, 0.0, -1.0, -1.0, 0.0, 1.0, 0.0, 3.0, 0.0, 1.0, -1.0, -1.0, -1.0, 2.0, 1.0, -1.0, -1.0, 3.0, 0.0, -1.0, -1.0, 1.0, -1.0, 0.0, 95901.0, 440.0
2.0, 3.0, 0.0, 1.0, 2.0, 2.0, 2.0, 3.0, 0.0, -1.0, 1.0, 0.0, -1.0, 0.0, -1.0, -1.0, 1.0, 2.0, 0.0, 2.0, 1.0, 2.0, -1.0, -1.0, -1.0, 0.0, 3.0, 0.0, -1.0, -1.0, 0.0, 1.0, 0.0, 3.0, 0.0, 1.0, -1.0, -1.0, -1.0, 2.0, 1.0, -1.0, -1.0, 3.0, 0.0, -1.0, -1.0, 1.0, -1.0, 0.0, 95732.0, 465.0
2.0, 3.0, 0.0, 1.0, 0.0, 2.0, 2.0, 3.0, -1.0, -1.0, 1.0, 0.0, -1.0, 0.0, -1.0, 1.0, 0.0, -1.0, 0.0, 2.0, 1.0, 2.0, -1.0, -1.0, -1.0, 0.0, 3.0, 0.0, -1.0, -1.0, 1.0, 1.0, 0.0, 3.0, 0.0, 1.0, -1.0, -1.0, -1.0, 2.0, 1.0, -1.0, -1.0, 3.0, 0.0, -1.0, -1.0, 1.0, -1.0, 0.0, 95766.0, 459.0
