-1.0, 0.0, 1.0, -1.0, -1.0, -1.0, -1.0, 1.0, -1.0, 1.0, 2.0, -1.0, -1.0, -1.0, 2.0, 0.0, 2.0, 1.0, -1.0, 2.0, -1.0, 2.0, 3.0, 1.0, -1.0, 3.0, 1.0, 1.0, 3.0, 0.0, 1.0, -1.0, 2.0, 2.0, -1.0, 2.0, -1.0, 3.0, 1.0, 0.0, -1.0, 1.0, -1.0, 1.0, 2.0, 0.0, 0.0, 3.0, 3.0, 2.0, 474.0, 99596.0
-1.0, 0.0, 1.0, -1.0, -1.0, -1.0, -1.0, 1.0, -1.0, 1.0, 2.0, -1.0, -1.0, -1.0, 2.0, 0.0, 2.0, 1.0, -1.0, 2.0, -1.0, 2.0, 3.0, 1.0, -1.0, 3.0, 1.0, 1.0, 3.0, 0.0, 1.0, -1.0, 2.0, 2.0, -1.0, 2.0, -1.0, 3.0, 1.0, 0.0, -1.0, 1.0, -1.0, 1.0, 2.0, 0.0, 0.0, 3.0, 3.0, 2.0, 474.0, 99596.0
-1.0, 0.0, 1.0, -1.0, -1.0, -1.0, -1.0, 1.0, -1.0, 1.0, 2.0, -1.0, -1.0, -1.0, 2.0, 0.0, 2.0, 1.0, -1.0, 2.0, -1.0, 2.0, 3.0, 1.0, -1.0, 3.0, 1.0, 1.0, 3.0, 0.0, 1.0, -1.0, 2.0, 2.0, 0.0, 2.0, -1.0, 3.0, 1.0, 0.0, -1.0, 1.0, -1.0, 1.0, 2.0, 0.0, 0.0, 3.0, 3.0, 2.0, 493.0, 99585.0
2.0, 3.0, 0.0, 1.0, -1.0, 0.0, 1.0, 2.0, 3.0, -1.0, 1.0, 2.0, 1.0, -1.0, 1.0, 0.0, 0.0, 0.0, 1.0, 1.0, 2.0, 3.0, 3.0, -1.0, -1.0, 1.0, 0.0, 0.0, 1.0, 0.0, 2.0, 2.0, -1.0, 3.0, 3.0, 2.0, -1.0, 0.0, -1.0, 0.0, -1.0, 3.0, -1.0, -1.0, 1.0, -1.0, 1.0, 2.0, -1.0, -1.0, 511.0, 99558.0
2.0, 3.0, 0.0, 1.0, -1.0, 0.0, 1.0, 2.0, 3.0, -1.0, 1.0, 2.0, 1.0, -1.0, 1.0, 0.0, 0.0, 0.0, 1.0, 1.0, 2.0, 3.0, 3.0, -1.0, -1.0, 1.0, 0.0, 0.0, 1.0, 0.0, 2.0, 2.0, -1.0, 3.0, 3.0, 2.0, -1.0, 0.0, -1.0, 0.0, -1.0, 3.0, -1.0, -1.0, 1.0, -1.0, 1.0, 2.0, -1.0, -1.0, 511.0, 99558.0
-1.0, 0.0, 1.0, -1.0, -1.0, -1.0, -1.0, 1.0, -1.0, 1.0, 2.0, -1.0, -1.0, -1.0, 2.0, 0.0, 2.0, 1.0, -1.0, 2.0, -1.0, 2.0, 3.0, 1.0, -1.0, 3.0, 1.0, 1.0, 3.0, 0.0, 1.0, -1.0, 2.0, 2.0, 0.0, 2.0, -1.0, 3.0, 0.0, 0.0, -1.0, 1.0, -1.0, 1.0, 2.0, 0.0, 0.0, 3.0, 3.0, 2.0, 493.0, 99585.0
2.0, 1.0, 0.0, 3.0, 2.0, -1.0, -1.0, 3.0, 1.0, -1.0, 2.0, 2.0, 1.0, 3.0, 1.0, 0.0, 3.0, 0.0, 3.0, 1.0, 2.0, -1.0, 2.0, 0.0, 3.0, 3.0, 2.0, 3.0, 1.0, 0.0, -1.0, -1.0, 1.0, -1.0, -1.0, 2.0, 0.0, 0.0, -1.0, 1.0, 1.0, 1.0, -1.0, -1.0, -1.0, 2.0, 1.0, 3.0, 0.0, 2.0, 540.0, 99532.0
1.0, 1.0, 0.0, 3.0, 2.0, 0.0, -1.0, 3.0, 1.0, -1.0, 2.0, 2.0, 1.0, 3.0, 1.0, 0.0, 3.0, 0.0, 3.0, 0.0, 0.0, 3.0, 2.0, 0.0, 3.0, 3.0, 2.0, 3.0, 1.0, 2.0, -1.0, -1.0, 1.0, -1.0, -1.0, 2.0, 1.0, 0.0, 2.0, 1.0, 1.0, 2.0, 0.0, -1.0, -1.0, 2.0, 1.0, 3.0, 0.0, 2.0, 608.0, 99485.0
1.0, 1.0, 0.0, 3.0, 2.0, 0.0, -1.0, 3.0, 1.0, -1.0, 2.0, 2.0, 1.0, 3.0, 1.0, 0.0, 3.0, 0.0, 3.0, 0.0, 0.0, 3.0, 2.0, 0.0, 3.0, 3.0, 2.0, 3.0, 1.0, 2.0, -1.0, -1.0, 1.0, -1.0, -1.0, 2.0, 1.0, 0.0, 2.0, 1.0, 1.0, 2.0, 0.0, -1.0, -1.0, 2.0, 1.0, 3.0, 0.0, 2.0, 608.0, 99485.0
-1.0, 0.0, 1.0, -1.0, -1.0, -1.0, -1.0, 1.0, -1.0, 1.0, 2.0, -1.0, -1.0, -1.0, 2.0, 0.0, 2.0, 1.0, -1.0, 2.0, -1.0, 2.0, 3.0, 1.0, -1.0, 3.0, 1.0, 1.0, 3.0, 0.0, 1.0, -1.0, 2.0, 2.0, 0.0, 2.0, -1.0, 3.0, 1.0, 0.0, -1.0, 1.0, -1.0, 1.0, 2.0, 0.0, 0.0, 3.0, 3.0, 2.0, 493.0, 99585.0
-1.0, 0.0, 1.0, -1.0, -1.0, -1.0, -1.0, 1.0, -1.0, 1.0, 2.0, -1.0, -1.0, -1.0, 2.0, 0.0, 2.0, 1.0, -1.0, 2.0, -1.0, 2.0, 3.0, 1.0, -1.0, 3.0, 1.0, 1.0, 3.0, 0.0, 1.0, -1.0, 2.0, 2.0, 0.0, 2.0, -1.0, 3.0, 0.0, 0.0, -1.0, 1.0, -1.0, 1.0, 2.0, 0.0, 0.0, 3.0, 3.0, 2.0, 493.0, 99585.0
-1.0, 0.0, 1.0, -1.0, -1.0, -1.0, -1.0, 1.0, -1.0, 1.0, 2.0, -1.0, -1.0, -1.0, 2.0, 0.0, 2.0, 1.0, -1.0, 2.0, -1.0, 2.0, 3.0, 1.0, -1.0, 3.0, 1.0, 1.0, 3.0, 0.0, 1.0, -1.0, 2.0, 2.0, 0.0, 2.0, -1.0, 3.0, 1.0, 0.0, -1.0, 1.0, -1.0, 1.0, 2.0, 0.0, 0.0, 3.0, 3.0, 2.0, 493.0, 99585.0
-1.0, 0.0, 1.0, -1.0, -1.0, -1.0, -1.0, 1.0, -1.0, 1.0, 2.0, -1.0, -1.0, -1.0, 2.0, 0.0, 2.0, 1.0, -1.0, 2.0, -1.0, 2.0, 3.0, 1.0, -1.0, 3.0, 1.0, 1.0, 3.0, 0.0, 1.0, -1.0, 2.0, 2.0, 0.0, 2.0, -1.0, 3.0, 1.0, 0.0, -1.0, 1.0, -1.0, 1.0, 2.0, 0.0, 0.0, 3.0, 3.0, 2.0, 493.0, 99585.0
2.0, 3.0, 0.0, 1.0, -1.0, 0.0, 1.0, 2.0, 3.0, -1.0, 1.0, 2.0, 1.0, -1.0, 1.0, 0.0, 0.0, 0.0, 1.0, 1.0, 2.0, 3.0, 3.0, -1.0, -1.0, 1.0, 0.0, 0.0, 1.0, 0.0, 2.0, 2.0, -1.0, 3.0, 3.0, 2.0, -1.0, 0.0, -1.0, 0.0, -1.0, 3.0, -1.0, -1.0, 1.0, -1.0, 1.0, 2.0, -1.0, -1.0, 511.0, 99558.0
2.0, 3.0, 0.0, 1.0, -1.0, 0.0, 1.0, 2.0, 3.0, -1.0, 1.0, 2.0, 1.0, -1.0, 1.0, 0.0, 0.0, 0.0, 1.0, 1.0, 2.0, 3.0, 3.0, -1.0, -1.0, 1.0, 0.0, 0.0, 1.0, 0.0, 2.0, 2.0, -1.0, 3.0, 3.0, 2.0, -1.0, 0.0, -1.0, 0.0, -1.0, 3.0, -1.0, -1.0, 1.0, -1.0, 1.0, 2.0, -1.0, -1.0, 511.0, 99558.0
2.0, 3.0, 0.0, 1.0, -1.0, 0.0, 1.0, 2.0, 3.0, -1.0, 1.0, 2.0, 1.0, -1.0, 1.0, 0.0, 0.0, 0.0, 1.0, 1.0, 2.0, 3.0, 3.0, -1.0, -1.0, 1.0, 0.0, 0.0, 1.0, 0.0, 2.0, 2.0, -1.0, 3.0, 3.0, 2.0, -1.0, 0.0, -1.0, 0.0, -1.0, 3.0, -1.0, -1.0, 1.0, -1.0, 1.0, 2.0, -1.0, -1.0, 511.0, 99558.0
2.0, 3.0, 0.0, 1.0, -1.0, 0.0, 1.0, 2.0, 3.0, -1.0, 1.0, 2.0, 1.0, -1.0, 1.0, 0.0, 0.0, 0.0, 1.0, 1.0, 2.0, 3.0, 3.0, -1.0, -1.0, 1.0, 0.0, 0.0, 1.0, 0.0, 2.0, 2.0, -1.0, 3.0, 3.0, 2.0, -1.0, 0.0, -1.0, 0.0, -1.0, 3.0, -1.0, -1.0, 1.0, -1.0, 1.0, 2.0, -1.0, -1.0, 511.0, 99558.0
2.0, 3.0, 0.0, 1.0, -1.0, 0.0, 1.0, 2.0, 3.0, -1.0, 1.0, 2.0, 1.0, -1.0, 1.0, 0.0, 0.0, 0.0, 1.0, 1.0, 2.0, 3.0, 3.0, -1.0, -1.0, 1.0, 0.0, 0.0, 1.0, 0.0, 2.0, 2.0, -1.0, 3.0, 3.0, 2.0, -1.0, 0.0, -1.0, 0.0, -1.0, 3.0, -1.0, -1.0, 1.0, -1.0, 1.0, 2.0, -1.0, -1.0, 511.0, 99558.0
2.0, 3.0, 0.0, 1.0, -1.0, 0.0, 1.0, 2.0, 3.0, -1.0, 1.0, 2.0, 1.0, -1.0, 1.0, 0.0, 0.0, 0.0, 1.0, 1.0, 2.0, 3.0, 3.0, -1.0, -1.0, 1.0, 0.0, 0.0, 1.0, 0.0, 2.0, 2.0, -1.0, 3.0, 3.0, 2.0, -1.0, 0.0, -1.0, 0.0, -1.0, 3.0, -1.0, -1.0, 1.0, -1.0, 1.0, 2.0, -1.0, -1.0, 511.0, 99558.0
