0.316736707107, 1.09271806374, 92.509067701, 0.525751464997, 9.0312265397, 1.01961056974, 0.50311981091, 0.139043229585, 9.0325160818, 0.0272185380009, 0.0
0.127559867714, 1.25385668496, 91.0612971547, 0.48414204827, 61.9402734447, 2.36088821989, 1.51043058428, 0.782048422418, 9.26228583774, 0.0376208320729, 0.421052631579
0.428707466518, 0.92294888093, 82.3332639927, 0.642749659751, 42.9198619468, 1.2115106091, 1.85648619612, 4.13795230386, 17.6270075585, 0.0594632402668, 0.333333333333
0.264974987572, 1.15284125691, 89.5388495981, 0.565750220188, 5.65966586564, 17.377687307, 0.880520086129, 1.95533411378, 5.04120657365, 0.0787694551722, 0.0
0.127559867714, 1.25385668496, 93.005845748, 0.485871047958, 36.2829907057, 2.36088821989, 1.51043058428, 0.782048422418, 9.26228583774, 0.0506436921959, 0.486486486486
0.194841802351, 0.99111679906, 81.3079931702, 0.58750284119, 16.1629110326, 2.61733055122, 1.2947777464, 4.01206361529, 1.44289612599, 0.0421060425181, 0.733333333333
0.428707466518, 0.92294888093, 82.3332639927, 0.642749659751, 42.9198619468, 1.2115106091, 1.85648619612, 4.13795230386, 17.6270075585, 0.0643237826695, 0.333333333333
0.172005911764, 1.00184892436, 80.0360748525, 0.651258454984, 11.1837480484, 9.09177050389, 0.666220046612, 1.20417858097, 5.42271732315, 0.0997505609282, 0.0
0.321142335456, 1.08585679026, 81.1056888907, 0.684718003758, 28.0869078029, 4.28599755389, 1.89769269767, 1.13168270054, 13.4739241085, 0.0955565203526, 0.228070175439
0.411689996071, 1.09271806374, 92.621950298, 0.525751464997, 5.29888914825, 1.34854772164, 0.987081811751, 0.139043229585, 9.0325160818, 0.0747584325518, 0.631578947368
0.172005911764, 1.23585836466, 80.0018511469, 0.651258454984, 99.7721333993, 9.09177050389, 0.0204086390174, 3.56020620462, 5.42271732315, 0.0955221354537, 0.333333333333
0.644854825142, 0.84455479243, 86.5029718647, 0.65045825504, 39.9258700451, 5.7230108858, 1.41897989784, 4.76232224885, 15.5559665421, 0.106166778815, 0.0
0.359554757378, 1.25551249215, 88.6278819669, 0.61316335247, 57.3528049667, 4.55476801092, 1.24100703584, 1.58712090646, 13.9236408728, 0.0997682759869, 0.491803278689
0.362384322519, 1.02431074982, 90.0667221714, 0.630427732852, 23.1258957398, 11.2054109141, 1.92118480327, 1.07550717029, 8.7053350793, 0.137415567958, 0.0
0.211194807884, 1.10304333603, 93.0044288704, 0.690824613166, 12.9650498144, 6.99360322475, 0.846766350702, 0.311908339779, 7.37367551794, 0.128816558882, 0.166666666667
0.700258558348, 0.827379364384, 94.9974290244, 0.554151878737, 56.4184167241, 3.08727109352, 0.464111932544, 2.35561650653, 9.68810669822, 0.108879013196, 0.363636363636
0.377864731927, 0.824035282709, 85.4671314206, 0.409808702677, 95.5591356663, 3.08727109352, 1.76460755093, 3.6177269419, 14.4431256596, 0.124479332153, 0.326923076923
0.358621669326, 1.06336516753, 85.8944860058, 0.65450630946, 9.89727626403, 12.8923444785, 1.6096883861, 1.84238566869, 3.50802765489, 0.13337661639, 0.0434782608696
0.358621669326, 1.06336516753, 85.8944860058, 0.65450630946, 9.89727626403, 12.8923444785, 1.6096883861, 1.84238566869, 3.50802765489, 0.162642368379, 0.0
0.11143807878, 0.84511616105, 90.8423741691, 0.563231075152, 90.5641345511, 14.9504984208, 1.36645210597, 2.98653852742, 16.8837506797, 0.132252114665, 0.214285714286
0.33390017745, 1.0019500899, 81.5774980123, 0.676576349838, 93.8251948895, 10.0073706575, 0.139846072865, 0.663440086174, 5.24066001983, 0.125083704788, 0.473684210526
0.250431138779, 1.02691950394, 88.3052636583, 0.614305752617, 13.0924405228, 11.7761297983, 1.23054020285, 3.6594243222, 17.0973455366, 0.136357253277, 0.136363636364
0.198620235527, 1.02962954597, 81.6982791528, 0.654560308871, 61.7496364065, 33.6238045262, 1.88244670734, 0.980656806831, 12.6629869531, 0.171326176429, 0.0
0.130665090506, 1.09939202328, 83.2882281694, 0.490471493442, 74.4865606551, 26.8221343839, 0.919930129275, 4.87731058836, 1.54281747201, 0.137046653981, 0.2
0.730114819329, 1.01817862428, 81.1056888907, 0.487461992303, 62.6349823815, 4.14334004443, 1.21632884988, 2.91384378314, 3.6162497521, 0.148228111147, 0.178571428571
0.19805650389, 1.00892003668, 92.2952577607, 0.411732718941, 81.5770713616, 14.7606211203, 0.411796250942, 4.98640844128, 19.5017472239, 0.189224189834, 0.0
0.152717943734, 1.21945426551, 93.9770347694, 0.529652206595, 27.2187227127, 13.2361048172, 0.712481673884, 0.96658722667, 10.2915345578, 0.140544700831, 0.307692307692
0.612265596307, 1.22184718141, 84.1447221072, 0.69687468617, 17.3370019457, 22.1914778395, 0.939212345788, 1.19788746984, 16.2408667717, 0.20044207499, 0.0
0.205352254111, 1.11670351656, 87.4708497293, 0.608879385857, 44.2311906338, 11.9260379957, 0.169990015362, 3.8056631013, 4.9671416287, 0.141589191177, 0.625
0.31538383132, 1.25551249215, 88.6278819669, 0.61316335247, 85.4325875168, 4.55476801092, 1.24100703584, 1.58712090646, 7.80815638654, 0.160545854588, 0.536585365854
0.172217994053, 0.879329683235, 93.9066029523, 0.547339310972, 51.8416411143, 26.8759217104, 1.57430685265, 1.87018954599, 8.88353755299, 0.207234955682, 0.0652173913043
0.612265596307, 1.22184718141, 84.1447221072, 0.690981063619, 55.3694127391, 22.1914778395, 1.76194169243, 4.63374940856, 16.2408667717, 0.267504284739, 0.0
0.105012981627, 1.06073723023, 80.7261566115, 0.403850509373, 51.5428901879, 39.415620282, 1.62235673256, 3.44211799178, 19.9153568457, 0.221517259807, 0.063829787234
0.152717943734, 1.13451047973, 93.9770347694, 0.506733905956, 27.2187227127, 12.6284783818, 0.712481673884, 0.96658722667, 13.5740930031, 0.205601876532, 0.535714285714
0.158537958023, 1.11134934515, 84.0390629601, 0.685569682673, 30.1290344561, 27.2551634878, 1.89021567448, 0.795050111143, 1.70026956294, 0.209927449947, 0.340425531915
0.105005563454, 1.09939202328, 83.2882281694, 0.453359913672, 74.4865606551, 26.8221343839, 0.919930129275, 4.87731058836, 1.54281747201, 0.212350148149, 0.179487179487
0.619896777818, 1.07155717317, 81.2198502041, 0.685314212835, 14.5886803786, 14.8981867557, 1.6821815907, 3.88930249757, 17.4161521316, 0.272160196209, 0.0
0.25285618633, 1.20352362802, 90.2012004756, 0.410685121809, 23.8449509638, 30.985306468, 0.714850121728, 4.15409665362, 6.72063336009, 0.237204978014, 0.1
0.644854825142, 0.84455479243, 86.5029718647, 0.65045825504, 39.9258700451, 5.7230108858, 1.41897989784, 4.76232224885, 15.5559665421, 0.218057518133, 0.188405797101
0.198620235527, 1.02962954597, 81.6982791528, 0.654560308871, 61.7496364065, 33.6238045262, 1.88244670734, 0.980656806831, 12.6629869531, 0.275523021379, 0.0
0.212923415093, 1.05962588739, 94.5807840442, 0.651076232177, 23.1965362279, 25.7996732783, 1.16557770661, 2.23615970754, 17.1511804963, 0.26616342804, 0.121951219512
0.218620679028, 1.03493496992, 90.202801858, 0.514058779922, 4.75701318619, 12.1208157293, 1.08736522892, 0.719513225267, 18.1432301351, 0.22090459002, 0.330357142857
0.194841802351, 0.99111679906, 81.3079931702, 0.58750284119, 16.1629110326, 43.2049530412, 1.2947777464, 1.59388947174, 1.44289612599, 0.222041915511, 0.296296296296
0.110158742234, 0.958173827625, 94.0635848622, 0.548204854641, 37.514449277, 47.6494898814, 1.16223201485, 3.14973682287, 4.03852628271, 0.236053137231, 0.2
0.204287472353, 0.838622040922, 92.5221894867, 0.573294173823, 38.0438781749, 41.9576612636, 0.0946606750947, 2.40609327548, 14.2698713511, 0.226198493364, 0.25
0.11143807878, 1.00892003668, 90.8423741691, 0.411732718941, 90.5641345511, 14.7606211203, 1.36645210597, 2.98653852742, 16.8837506797, 0.218498887391, 0.540229885057
0.27401682011, 1.19936307879, 92.9891183915, 0.594262435195, 51.5200138068, 27.5009820483, 1.39399579232, 0.783186157577, 5.51661903928, 0.280553777743, 0.0
0.19805650389, 0.84511616105, 92.2952577607, 0.563231075152, 81.5770713616, 14.9504984208, 1.63864377356, 4.98640844128, 19.5017472239, 0.24313008119, 0.30985915493
0.447307222493, 1.10304333603, 93.0044288704, 0.690824613166, 72.0863391973, 7.26681351597, 1.52750383712, 0.311908339779, 7.37367551794, 0.265384505135, 0.291666666667
0.205051343891, 1.20727599941, 86.3996236195, 0.509259642547, 32.6302065467, 26.980788726, 0.442427573417, 3.70030829314, 16.9993175033, 0.287076288363, 0.0
0.668517805811, 0.856408247357, 91.4941637108, 0.464606595929, 84.8105577318, 5.49673538613, 1.26035187269, 4.52673005624, 4.36391774441, 0.250480194521, 0.325301204819
0.518604450512, 0.923472671054, 87.6305431907, 0.569393450063, 16.9837268006, 16.5517080743, 1.53991619123, 4.65557858163, 16.1414870426, 0.292816325765, 0.0
0.438427699934, 0.94446650871, 84.3043140199, 0.590268061206, 83.2820232264, 14.2517312207, 0.8820572947, 1.02128478533, 16.6923528276, 0.255522785331, 0.5
0.172217994053, 0.879329683235, 93.9066029523, 0.547339310972, 51.8416411143, 26.8759217104, 1.57430685265, 1.87018954599, 8.88353755299, 0.25704638277, 0.375
0.158537958023, 1.11134934515, 84.0390629601, 0.622422905004, 30.1290344561, 38.2833448758, 1.89021567448, 0.795050111143, 1.70026956294, 0.254677127393, 0.5125
0.25285618633, 1.20352362802, 90.2012004756, 0.410685121809, 23.8449509638, 31.7613707244, 0.714850121728, 4.15409665362, 6.72063336009, 0.294256132314, 0.333333333333
0.250431138779, 0.900201153808, 88.3052636583, 0.614305752617, 13.0924405228, 24.1694805637, 1.74662437149, 3.61843613482, 17.0973455366, 0.294745913444, 0.22641509434
0.393617193905, 1.05641674327, 86.4713775664, 0.548782308987, 29.1400832338, 24.5401143538, 1.19943976489, 2.13641626531, 16.9406508025, 0.29496952405, 0.0
0.205352254111, 1.11670351656, 87.4708497293, 0.608879385857, 44.2311906338, 11.9260379957, 0.169990015362, 3.8056631013, 4.9671416287, 0.282627462279, 0.4
0.309467548559, 1.02431074982, 90.0667221714, 0.630427732852, 23.1258957398, 11.2054109141, 1.92118480327, 4.44400873529, 2.44604179937, 0.260976430426, 0.537313432836
0.879694031482, 1.02691950394, 89.330071218, 0.689456693398, 57.0669859821, 11.7761297983, 1.93574572853, 1.46524442137, 15.5775830021, 0.320975913709, 0.0
0.393617193905, 1.05641674327, 86.4713775664, 0.548782308987, 29.1400832338, 18.7118642082, 1.19943976489, 1.77597510616, 16.9406508025, 0.299228878049, 0.0681818181818
0.179700345986, 0.851788555219, 93.435618751, 0.545826144877, 17.3370019457, 35.0963447656, 0.939212345788, 1.19788746984, 3.14820625727, 0.290972865431, 0.5
0.668517805811, 1.07238136387, 91.4941637108, 0.464606595929, 84.8105577318, 5.49673538613, 1.26035187269, 4.77873007565, 4.36391774441, 0.275970765461, 0.627659574468
0.218387421924, 0.878644961967, 90.7210116548, 0.598930739701, 52.9880539938, 40.8493009075, 1.24011746614, 0.97128455489, 4.89255351545, 0.333945480611, 0.0
0.179836319741, 1.23658210864, 89.7947882215, 0.675591897663, 84.2984843263, 44.3002714672, 1.76940933431, 0.719089338303, 5.29359202069, 0.30127418481, 0.102564102564
0.205051343891, 1.07081093984, 86.3996236195, 0.509259642547, 32.6302065467, 26.980788726, 0.442427573417, 3.70030829314, 16.9993175033, 0.32863519513, 0.1
0.438427699934, 0.94446650871, 84.3043140199, 0.590268061206, 83.2820232264, 14.2517312207, 0.8820572947, 1.02128478533, 16.6923528276, 0.283595159591, 0.666666666667
0.853592374105, 1.22533928394, 91.1256989318, 0.672445123908, 0.408820200678, 11.0543158418, 1.39453424503, 3.57685501039, 13.6771753708, 0.333955262339, 0.0754716981132
0.204287472353, 0.838622040922, 91.0521325009, 0.573294173823, 38.0438781749, 41.9576612636, 0.0946606750947, 2.40609327548, 14.2698713511, 0.349977485111, 0.0
0.110158742234, 0.958173827625, 94.0635848622, 0.483569592199, 37.514449277, 49.4474379501, 1.16223201485, 3.14973682287, 4.03852628271, 0.302113650496, 0.243902439024
0.179700345986, 0.851788555219, 93.435618751, 0.690981063619, 55.3694127391, 35.0963447656, 1.87273689342, 4.63374940856, 3.14820625727, 0.302410540817, 0.129032258065
0.259911522992, 0.871657764416, 92.2308784869, 0.594262435195, 43.6761240846, 43.5924421586, 1.65093876889, 4.80116539161, 2.16249580751, 0.361219436868, 0.0
0.211194807884, 0.844725450565, 82.1310062745, 0.627889284979, 12.9650498144, 28.9050194534, 0.846766350702, 0.0209473664588, 15.6759016055, 0.314088026891, 0.142857142857
0.50717737296, 1.04749743086, 87.3736259632, 0.548204854641, 71.926817526, 40.6179704968, 0.974077078876, 1.1395240659, 14.0446352014, 0.304565940643, 0.384615384615
0.27401682011, 1.22263820809, 92.9891183915, 0.523412447734, 94.6855762057, 27.5009820483, 1.39399579232, 0.783186157577, 7.69640278065, 0.326589044425, 0.133333333333
0.571737064938, 0.956783852547, 82.0256449142, 0.691923142227, 82.4128721163, 40.7911883228, 0.824529917934, 4.66305417706, 17.4308683626, 0.363521841705, 0.0
0.367604980129, 1.1152749661, 86.9047422734, 0.487704527439, 64.157792656, 26.5204997521, 0.326718608904, 0.29682098259, 6.3348736417, 0.321297690843, 0.375
0.546391639466, 0.938789462011, 87.2763544924, 0.514312222128, 47.272852964, 24.5401143538, 0.141414488921, 1.01649368395, 15.4996517886, 0.325605360629, 0.294117647059
0.457115963244, 0.936488611528, 92.5898590541, 0.418446099271, 17.0775260596, 37.7360672319, 0.856252933606, 2.40978553437, 13.4616332459, 0.30548700427, 0.64
0.212923415093, 1.06096000316, 94.5807840442, 0.651076232177, 23.1965362279, 25.7996732783, 1.16557770661, 2.23615970754, 17.1511804963, 0.310582897041, 0.395833333333
0.61167444597, 1.16692471819, 90.4990218033, 0.687000113527, 48.5985064318, 40.2501550132, 0.813547652572, 2.64659751807, 9.85767807295, 0.329516638727, 0.181818181818
0.229049470324, 0.88582405082, 90.9991681512, 0.585970338256, 11.130531614, 49.310870492, 0.51915315642, 0.445979398649, 7.75313591577, 0.366108803809, 0.0
0.525375418462, 1.22533928394, 91.1256989318, 0.672445123908, 0.408820200678, 11.0543158418, 1.39453424503, 3.57685501039, 13.6771753708, 0.325852448689, 0.47311827957
0.400527809877, 0.930149821759, 82.3586997228, 0.453771374319, 53.304096432, 30.8792882282, 1.04295028164, 1.68612419985, 14.6053542903, 0.337971483184, 0.25
0.333637541021, 0.956626868724, 87.6197775797, 0.695862156605, 51.2173977098, 19.0343794582, 0.00153912949282, 0.749036400491, 11.2410089135, 0.338648247678, 0.2
0.619896777818, 0.826656907468, 81.2198502041, 0.444668445878, 14.5886803786, 14.8981867557, 1.6821815907, 3.88930249757, 3.53350316174, 0.3314510257, 0.425925925926
0.549971989722, 1.14333335895, 83.5613330006, 0.564195766753, 40.5763020439, 33.0802244894, 0.961306031597, 2.03912183632, 5.61125170007, 0.354529155479, 0.181818181818
0.221427887851, 1.17656038029, 87.1653412715, 0.691678354243, 83.9666297639, 30.8792882282, 1.52807555371, 2.75058530162, 12.424742219, 0.370579741001, 0.103448275862
0.139672554783, 1.08041704461, 82.4848323581, 0.577636433649, 41.7022430355, 44.9956374012, 0.78621833118, 0.0633411348313, 14.6776376444, 0.3713060451, 0.0
0.557303402079, 1.0737950194, 89.1970497836, 0.643669828317, 2.9825572411, 13.2361048172, 1.64294170151, 3.79540511494, 10.2915345578, 0.344670779859, 0.209302325581
0.485264216898, 0.844725450565, 82.1310062745, 0.627889284979, 72.0863391973, 24.5737945494, 1.52750383712, 0.0209473664588, 15.6759016055, 0.371488326414, 0.118644067797
0.265915490797, 1.25558211821, 89.7381599346, 0.646725590047, 54.5703146725, 44.5576099487, 1.40529130405, 4.59059220754, 8.42383028224, 0.373906694529, 0.0
0.218620679028, 1.03493496992, 93.0571975603, 0.497463835593, 4.75701318619, 23.9089335217, 1.08736522892, 2.1307463389, 18.1432301351, 0.356819164199, 0.413333333333
0.525375418462, 0.88013898302, 86.942737223, 0.553734921125, 12.3724039173, 7.38572007536, 0.636131614272, 0.0103341873718, 4.66852070134, 0.351868949888, 0.571428571429
0.362384322519, 1.20534762487, 92.9569033157, 0.542200355865, 66.9492466701, 35.5283473559, 0.276009624036, 1.07550717029, 8.7053350793, 0.369238073888, 0.222222222222
0.183986950505, 1.14333335895, 83.5613330006, 0.564195766753, 40.5763020439, 33.0802244894, 0.961306031597, 2.03912183632, 5.61125170007, 0.359119781195, 0.333333333333
0.783651942369, 1.15103333835, 84.0828557123, 0.543894217222, 79.7657724984, 14.4350201184, 0.186592386393, 1.61694819345, 14.3290020026, 0.39623303062, 0.0
0.546391639466, 0.938789462011, 87.2763544924, 0.514312222128, 47.272852964, 18.7118642082, 0.141414488921, 1.01649368395, 15.4996517886, 0.365395555915, 0.333333333333
0.265915490797, 1.25558211821, 89.7381599346, 0.646725590047, 54.5703146725, 44.5576099487, 1.40529130405, 4.59059220754, 8.42383028224, 0.384418609583, 0.0625
