-1.0, -1.0, 1.0, 2.0, -1.0, 1.0, 0.0, -1.0, 1.0, -1.0, 2.0, 1.0, -1.0, 3.0, 1.0, -1.0, -1.0, 1.0, 2.0, 0.0, 2.0, -1.0, 0.0, 3.0, 0.0, 0.0, 1.0, 2.0, -1.0, 0.0, 2.0, 0.0, 3.0, 0.0, 0.0, -1.0, -1.0, -1.0, -1.0, -1.0, 2.0, 2.0, 0.0, 3.0, 1.0, 2.0, 0.0, 0.0, -1.0, 2.0, 498.0, 99546.0
-1.0, -1.0, 1.0, 2.0, -1.0, 1.0, 0.0, -1.0, 1.0, -1.0, 2.0, 1.0, -1.0, 1.0, 1.0, -1.0, -1.0, 1.0, 2.0, 0.0, 2.0, -1.0, 0.0, 3.0, 0.0, 0.0, 1.0, 2.0, -1.0, 0.0, 2.0, 0.0, 3.0, 0.0, 0.0, -1.0, -1.0, -1.0, -1.0, -1.0, 2.0, 2.0, 0.0, 3.0, 1.0, 2.0, 0.0, 0.0, -1.0, 2.0, 498.0, 99546.0
1.0, 1.0, 3.0, -1.0, -1.0, 0.0, 1.0, 0.0, 1.0, 2.0, 0.0, 0.0, 1.0, 3.0, 0.0, 1.0, 2.0, 1.0, 2.0, 1.0, -1.0, 0.0, 2.0, 2.0, -1.0, -1.0, 0.0, 2.0, 1.0, 0.0, -1.0, 1.0, -1.0, 0.0, -1.0, -1.0, 3.0, 0.0, 0.0, 2.0, -1.0, 3.0, -1.0, -1.0, 2.0, -1.0, 1.0, 0.0, 2.0, 0.0, 519.0, 99489.0
3.0, 0.0, -1.0, 0.0, 2.0, 0.0, 2.0, 2.0, 0.0, 0.0, 2.0, 1.0, 3.0, 2.0, 0.0, 1.0, 1.0, 0.0, 1.0, 2.0, -1.0, 3.0, 0.0, 3.0, 1.0, 1.0, 0.0, 3.0, 2.0, 0.0, 0.0, 2.0, 0.0, 2.0, 1.0, 1.0, 3.0, 2.0, 2.0, 0.0, 1.0, 3.0, 1.0, -1.0, 1.0, 2.0, 2.0, 3.0, 1.0, 1.0, 676.0, 99373.0
-1.0, -1.0, 1.0, 2.0, 3.0, 1.0, 0.0, -1.0, 1.0, -1.0, 2.0, 1.0, -1.0, 3.0, 1.0, -1.0, -1.0, 1.0, 2.0, 0.0, 2.0, -1.0, 0.0, 3.0, 0.0, 0.0, 1.0, 2.0, -1.0, 0.0, 2.0, 0.0, 3.0, 0.0, 0.0, -1.0, -1.0, -1.0, -1.0, -1.0, 2.0, 2.0, 0.0, 3.0, 1.0, 2.0, 0.0, 0.0, -1.0, 2.0, 517.0, 99532.0
2.0, 0.0, 2.0, -1.0, -1.0, 0.0, 2.0, -1.0, 3.0, 1.0, 3.0, -1.0, 2.0, 0.0, 1.0, -1.0, 1.0, 1.0, 0.0, 1.0, -1.0, 1.0, -1.0, 0.0, 2.0, 0.0, -1.0, -1.0, 2.0, 2.0, 1.0, 2.0, -1.0, 2.0, 1.0, 2.0, 3.0, 2.0, 3.0, 3.0, 2.0, -1.0, 1.0, 3.0, 3.0, 1.0, 3.0, 0.0, 0.0, 3.0, 549.0, 99453.0
0.0, 1.0, 0.0, -1.0, -1.0, -1.0, -1.0, -1.0, 2.0, 1.0, 1.0, 1.0, -1.0, 0.0, -1.0, 0.0, 2.0, 0.0, 2.0, -1.0, 3.0, -1.0, 0.0, 1.0, 3.0, 1.0, -1.0, -1.0, 2.0, 3.0, 3.0, 0.0, 0.0, 2.0, 0.0, 0.0, 2.0, 0.0, 3.0, 3.0, 2.0, 1.0, -1.0, 3.0, 3.0, 1.0, 2.0, 3.0, 0.0, 2.0, 548.0, 99469.0
1.0, -1.0, 0.0, 3.0, 1.0, 1.0, 3.0, 1.0, 1.0, 3.0, 2.0, 0.0, 0.0, 0.0, 2.0, 3.0, -1.0, 0.0, 0.0, 3.0, 0.0, 2.0, -1.0, 1.0, 2.0, -1.0, 0.0, 2.0, 1.0, 0.0, 1.0, 1.0, 0.0, 3.0, 2.0, 1.0, 2.0, 2.0, 2.0, 2.0, 3.0, 3.0, 1.0, 3.0, 0.0, 2.0, -1.0, 0.0, 2.0, 2.0, 647.0, 99377.0
1.0, -1.0, 0.0, 3.0, 1.0, 1.0, 3.0, 1.0, 1.0, 3.0, 2.0, 0.0, 0.0, 0.0, -1.0, 3.0, -1.0, 0.0, 0.0, 3.0, 0.0, 2.0, -1.0, 1.0, 2.0, -1.0, 0.0, 2.0, 1.0, 0.0, 1.0, 1.0, 0.0, 3.0, -1.0, 1.0, 2.0, 2.0, 2.0, 0.0, 3.0, 3.0, 1.0, 3.0, 0.0, 2.0, -1.0, 0.0, 2.0, 2.0, 612.0, 99398.0
0.0, -1.0, 1.0, -1.0, -1.0, 3.0, 2.0, 1.0, 3.0, 2.0, 3.0, 2.0, 2.0, 1.0, 0.0, 1.0, 2.0, 1.0, 1.0, 0.0, 3.0, 1.0, 0.0, 0.0, 1.0, 2.0, 0.0, -1.0, 0.0, 2.0, -1.0, 3.0, 2.0, 2.0, -1.0, 3.0, 1.0, 3.0, 3.0, 1.0, 0.0, 3.0, -1.0, 1.0, 3.0, 0.0, 2.0, 1.0, 2.0, 3.0, 599.0, 99403.0
2.0, 0.0, 2.0, 2.0, -1.0, 0.0, 2.0, -1.0, 3.0, 1.0, 3.0, -1.0, -1.0, 0.0, 1.0, -1.0, 1.0, 1.0, 0.0, 1.0, -1.0, 1.0, -1.0, 0.0, 2.0, 0.0, -1.0, 1.0, 2.0, 2.0, 1.0, 2.0, -1.0, 2.0, 1.0, 2.0, 3.0, 2.0, 3.0, 3.0, 2.0, -1.0, 1.0, 3.0, 3.0, 1.0, 3.0, 0.0, 0.0, 3.0, 570.0, 99445.0
2.0, 0.0, 2.0, 2.0, -1.0, 0.0, 2.0, -1.0, 3.0, 1.0, 3.0, -1.0, 2.0, 0.0, 1.0, -1.0, 1.0, 1.0, 0.0, 1.0, -1.0, 1.0, -1.0, 0.0, 2.0, 0.0, -1.0, 1.0, 2.0, 2.0, 1.0, 2.0, -1.0, 2.0, 1.0, 2.0, 3.0, 2.0, 3.0, 3.0, 2.0, -1.0, 1.0, 3.0, 3.0, 1.0, 3.0, 0.0, 0.0, 3.0, 583.0, 99428.0
2.0, 1.0, 0.0, -1.0, -1.0, 2.0, 1.0, -1.0, 0.0, -1.0, -1.0, 0.0, 1.0, 2.0, 1.0, -1.0, -1.0, -1.0, 3.0, 1.0, 2.0, 0.0, 1.0, -1.0, 2.0, 2.0, 0.0, -1.0, -1.0, 3.0, 1.0, -1.0, 2.0, 2.0, 1.0, -1.0, 1.0, 2.0, 0.0, -1.0, 0.0, 2.0, 1.0, 0.0, 3.0, 0.0, 0.0, -1.0, 3.0, 1.0, 511.0, 99542.0
0.0, 1.0, 0.0, -1.0, -1.0, -1.0, -1.0, -1.0, 2.0, 1.0, 1.0, 1.0, -1.0, 0.0, -1.0, 0.0, 2.0, 0.0, 2.0, -1.0, 3.0, -1.0, 0.0, 1.0, 3.0, 1.0, -1.0, -1.0, 2.0, 3.0, 3.0, 0.0, 0.0, 2.0, 0.0, 0.0, 2.0, 0.0, 3.0, 3.0, 2.0, 1.0, -1.0, 3.0, 3.0, 1.0, 2.0, 3.0, 0.0, 2.0, 548.0, 99469.0
1.0, -1.0, 3.0, -1.0, 2.0, 1.0, 0.0, 0.0, 3.0, 1.0, 1.0, 3.0, 3.0, 1.0, 3.0, 1.0, 1.0, 0.0, 1.0, 3.0, 2.0, 2.0, 3.0, -1.0, 3.0, 2.0, 0.0, 1.0, 2.0, 3.0, 3.0, 0.0, -1.0, 1.0, 0.0, 0.0, 2.0, -1.0, 1.0, 0.0, 2.0, 1.0, 3.0, 2.0, 0.0, 0.0, 2.0, 2.0, 2.0, 1.0, 636.0, 99383.0
3.0, 0.0, -1.0, 0.0, 2.0, 0.0, 2.0, 2.0, 0.0, 0.0, 2.0, 0.0, 3.0, 2.0, 0.0, 1.0, 1.0, 0.0, 1.0, 2.0, -1.0, 3.0, 0.0, 3.0, 1.0, 2.0, 0.0, 3.0, 2.0, 0.0, 0.0, 2.0, 0.0, 2.0, 1.0, 1.0, 3.0, 2.0, 2.0, 1.0, 1.0, 3.0, 1.0, -1.0, 1.0, 2.0, 2.0, 3.0, 1.0, 1.0, 676.0, 99373.0
0.0, -1.0, 0.0, 2.0, 1.0, 1.0, 2.0, -1.0, 2.0, 1.0, 1.0, 1.0, 0.0, 0.0, -1.0, 2.0, 2.0, 2.0, 1.0, -1.0, -1.0, 2.0, 0.0, 1.0, 1.0, 0.0, 2.0, 2.0, 2.0, 2.0, 3.0, 2.0, 1.0, 3.0, -1.0, 2.0, 3.0, 2.0, 0.0, 0.0, 0.0, 1.0, 0.0, -1.0, 3.0, -1.0, 3.0, 1.0, 0.0, 1.0, 592.0, 99418.0
1.0, -1.0, 0.0, 3.0, 1.0, 1.0, 3.0, 1.0, 1.0, 3.0, 2.0, 0.0, 0.0, 0.0, 2.0, 3.0, -1.0, 0.0, 0.0, 3.0, 0.0, 2.0, -1.0, 1.0, 2.0, -1.0, 0.0, 2.0, 1.0, 0.0, 1.0, 1.0, 0.0, 3.0, 2.0, 1.0, 2.0, 2.0, 2.0, 0.0, 3.0, 3.0, 1.0, 3.0, 0.0, 2.0, -1.0, 0.0, 2.0, 2.0, 647.0, 99377.0
1.0, -1.0, 0.0, 3.0, 1.0, 1.0, 3.0, 1.0, 1.0, 3.0, 2.0, 0.0, 0.0, 0.0, -1.0, 3.0, -1.0, 0.0, 0.0, 3.0, 0.0, 2.0, -1.0, 1.0, 2.0, -1.0, 0.0, 2.0, 1.0, 0.0, 1.0, 1.0, 0.0, 3.0, 2.0, 1.0, 2.0, 2.0, 2.0, 0.0, 3.0, 3.0, 1.0, 3.0, 0.0, 2.0, -1.0, 0.0, 2.0, 2.0, 629.0, 99391.0
-1.0, -1.0, 1.0, 2.0, 3.0, 1.0, 0.0, -1.0, 1.0, -1.0, 2.0, 1.0, -1.0, 3.0, 1.0, -1.0, -1.0, 1.0, 2.0, 0.0, 2.0, -1.0, 0.0, 3.0, 0.0, 0.0, 1.0, 2.0, -1.0, 0.0, 2.0, 0.0, 3.0, 0.0, 0.0, -1.0, -1.0, -1.0, -1.0, -1.0, 2.0, 2.0, 0.0, 3.0, 1.0, 2.0, 0.0, 0.0, -1.0, 2.0, 517.0, 99532.0
0.0, -1.0, 1.0, -1.0, -1.0, 3.0, 2.0, 1.0, 3.0, 2.0, 3.0, 2.0, 2.0, 0.0, 0.0, 1.0, 2.0, 1.0, 1.0, 0.0, 3.0, 1.0, 0.0, 0.0, 1.0, 2.0, 3.0, -1.0, 0.0, 2.0, -1.0, 3.0, 2.0, 2.0, -1.0, 3.0, 1.0, 3.0, 3.0, 1.0, 0.0, 3.0, -1.0, 1.0, 3.0, 0.0, 2.0, 1.0, 2.0, 3.0, 599.0, 99403.0
1.0, -1.0, 0.0, 3.0, 1.0, 1.0, 3.0, 1.0, 1.0, 3.0, 2.0, 0.0, 1.0, 0.0, -1.0, 3.0, -1.0, 0.0, 0.0, 3.0, 0.0, 2.0, -1.0, 1.0, 2.0, -1.0, 0.0, 2.0, 1.0, 0.0, 1.0, 1.0, 0.0, 3.0, 2.0, 1.0, 2.0, 2.0, 2.0, 0.0, 3.0, 3.0, 1.0, 3.0, 0.0, 2.0, -1.0, 0.0, 2.0, 2.0, 629.0, 99391.0
3.0, 1.0, 2.0, -1.0, 1.0, 2.0, 1.0, 0.0, 3.0, 1.0, 3.0, 0.0, -1.0, 3.0, 3.0, 2.0, 3.0, 0.0, 3.0, 2.0, 2.0, 1.0, 2.0, 1.0, -1.0, 2.0, -1.0, 2.0, 0.0, 1.0, 3.0, 1.0, 2.0, 0.0, 2.0, 3.0, 3.0, -1.0, 0.0, 2.0, 0.0, 3.0, -1.0, -1.0, 1.0, 0.0, -1.0, 2.0, -1.0, 0.0, 575.0, 99436.0
3.0, 1.0, 2.0, -1.0, 1.0, 2.0, 1.0, 0.0, 3.0, 1.0, 3.0, 0.0, -1.0, 3.0, 3.0, 1.0, 3.0, 0.0, 3.0, 2.0, 2.0, 1.0, 2.0, 1.0, -1.0, 2.0, -1.0, 2.0, 0.0, 1.0, 3.0, 1.0, 2.0, 0.0, 2.0, 3.0, 3.0, -1.0, 0.0, 2.0, 0.0, 3.0, -1.0, -1.0, 1.0, 0.0, -1.0, 2.0, -1.0, 0.0, 575.0, 99436.0
2.0, 1.0, 2.0, 0.0, -1.0, 1.0, 3.0, -1.0, 3.0, 0.0, 2.0, 3.0, 0.0, 0.0, 3.0, 0.0, 2.0, 2.0, 2.0, 1.0, 2.0, 1.0, -1.0, 3.0, 1.0, 0.0, 3.0, 0.0, 3.0, 0.0, 1.0, 0.0, 1.0, 2.0, -1.0, 2.0, 0.0, -1.0, 1.0, 2.0, 1.0, 0.0, 3.0, 1.0, 1.0, 1.0, -1.0, 2.0, 2.0, 0.0, 622.0, 99397.0
2.0, 0.0, 2.0, 2.0, -1.0, 0.0, 3.0, -1.0, 3.0, 1.0, 3.0, -1.0, -1.0, 0.0, 1.0, -1.0, 1.0, 1.0, 0.0, 1.0, -1.0, 1.0, -1.0, 0.0, 2.0, 0.0, -1.0, 1.0, 2.0, 2.0, 1.0, 2.0, -1.0, 2.0, 1.0, 2.0, 3.0, 2.0, 3.0, 3.0, 2.0, -1.0, 1.0, 3.0, 3.0, 1.0, 3.0, 0.0, 0.0, 3.0, 570.0, 99445.0
2.0, 1.0, 0.0, -1.0, -1.0, 2.0, 1.0, -1.0, 0.0, -1.0, -1.0, 0.0, 1.0, 2.0, 1.0, -1.0, -1.0, -1.0, 3.0, 1.0, 2.0, 0.0, 3.0, -1.0, 2.0, 2.0, 0.0, -1.0, -1.0, 3.0, 1.0, -1.0, 2.0, 2.0, 1.0, -1.0, 1.0, 2.0, 0.0, -1.0, 0.0, 0.0, 1.0, 0.0, 3.0, 0.0, 0.0, -1.0, 3.0, 1.0, 511.0, 99542.0
2.0, -1.0, 0.0, -1.0, -1.0, 3.0, 0.0, 2.0, 0.0, 3.0, 2.0, 1.0, 1.0, 0.0, -1.0, 3.0, 1.0, 3.0, 2.0, 3.0, 1.0, 2.0, 2.0, -1.0, -1.0, 0.0, 3.0, 2.0, 0.0, 3.0, 2.0, 0.0, 2.0, 2.0, 0.0, 1.0, 3.0, 1.0, 1.0, 0.0, 1.0, 2.0, 1.0, 1.0, -1.0, 0.0, 2.0, 0.0, -1.0, -1.0, 572.0, 99439.0
1.0, -1.0, 1.0, 2.0, 0.0, 2.0, 3.0, 2.0, 0.0, 0.0, 2.0, 0.0, 3.0, 0.0, 0.0, -1.0, 1.0, 2.0, 1.0, 1.0, 3.0, 1.0, -1.0, 0.0, -1.0, -1.0, 0.0, 1.0, -1.0, 3.0, 1.0, 0.0, 0.0, 0.0, 2.0, 1.0, 3.0, 2.0, 2.0, 0.0, -1.0, 1.0, 2.0, 3.0, 0.0, 3.0, 2.0, 2.0, 1.0, 2.0, 623.0, 99396.0
1.0, -1.0, 1.0, 2.0, 0.0, 2.0, 3.0, 2.0, 0.0, 0.0, 2.0, 0.0, 3.0, 0.0, 0.0, -1.0, 1.0, 3.0, 1.0, 1.0, 3.0, 1.0, -1.0, 0.0, -1.0, -1.0, 0.0, 1.0, -1.0, 3.0, 1.0, 0.0, 0.0, 0.0, 2.0, 1.0, 3.0, 2.0, 2.0, 0.0, -1.0, 1.0, 2.0, 3.0, 0.0, 3.0, 2.0, 2.0, 1.0, 2.0, 623.0, 99396.0
2.0, -1.0, 0.0, -1.0, -1.0, 3.0, 0.0, 2.0, 0.0, 3.0, 2.0, 1.0, 1.0, 0.0, -1.0, 3.0, 1.0, 3.0, 2.0, 3.0, 1.0, 2.0, 2.0, -1.0, -1.0, 0.0, 1.0, 2.0, 0.0, 3.0, 2.0, 0.0, 2.0, 2.0, 0.0, 1.0, 3.0, 1.0, 1.0, 0.0, 1.0, 2.0, 1.0, 1.0, -1.0, 0.0, 2.0, 0.0, -1.0, -1.0, 572.0, 99439.0
2.0, 1.0, 2.0, 0.0, -1.0, 1.0, 3.0, -1.0, 3.0, 0.0, 2.0, 3.0, 0.0, 0.0, 3.0, 0.0, 2.0, 3.0, 2.0, 1.0, 2.0, 1.0, -1.0, 3.0, 1.0, 0.0, 3.0, 0.0, 3.0, 0.0, 1.0, 0.0, 1.0, 2.0, -1.0, 2.0, 0.0, -1.0, 0.0, 2.0, 1.0, 0.0, 3.0, 2.0, 1.0, 1.0, -1.0, 2.0, 2.0, 0.0, 622.0, 99397.0
1.0, -1.0, 1.0, 2.0, 0.0, 2.0, 3.0, 2.0, 0.0, 0.0, 2.0, 0.0, 3.0, 0.0, 0.0, -1.0, 1.0, 3.0, 1.0, 1.0, 3.0, 1.0, -1.0, 0.0, -1.0, -1.0, 0.0, 1.0, -1.0, 3.0, 1.0, 0.0, 0.0, 0.0, 2.0, 1.0, 3.0, 2.0, 2.0, 0.0, -1.0, 1.0, 2.0, 3.0, 0.0, 3.0, 2.0, 2.0, 1.0, 2.0, 623.0, 99396.0
1.0, -1.0, 1.0, 2.0, 0.0, 2.0, 3.0, 2.0, 0.0, 0.0, 2.0, 0.0, 3.0, 0.0, 0.0, -1.0, 1.0, 3.0, 1.0, 1.0, 3.0, 1.0, -1.0, 0.0, -1.0, -1.0, 0.0, 1.0, -1.0, 3.0, 1.0, 0.0, 0.0, 0.0, 2.0, 1.0, 3.0, 2.0, 2.0, 0.0, -1.0, 1.0, 2.0, 3.0, 0.0, 3.0, 2.0, 2.0, 1.0, 2.0, 623.0, 99396.0
1.0, -1.0, 1.0, 2.0, 0.0, 2.0, 3.0, 2.0, 0.0, 0.0, 2.0, 0.0, 3.0, 0.0, 0.0, -1.0, 1.0, 3.0, 1.0, 1.0, 3.0, 1.0, -1.0, 0.0, -1.0, -1.0, 0.0, 1.0, -1.0, 3.0, 1.0, 0.0, 0.0, 0.0, 2.0, 1.0, 3.0, 2.0, 2.0, 0.0, -1.0, 1.0, 2.0, 3.0, 0.0, 3.0, 2.0, 2.0, 1.0, 2.0, 623.0, 99396.0
1.0, -1.0, 1.0, 2.0, 0.0, 2.0, 3.0, 2.0, 0.0, 0.0, 2.0, 0.0, 3.0, 0.0, 0.0, -1.0, 1.0, 3.0, 1.0, 1.0, 3.0, 1.0, -1.0, 0.0, -1.0, -1.0, 0.0, 1.0, -1.0, 3.0, 1.0, 0.0, 0.0, 0.0, 2.0, 1.0, 3.0, 2.0, 2.0, 0.0, -1.0, 1.0, 2.0, 3.0, 0.0, 3.0, 2.0, 2.0, 1.0, 2.0, 623.0, 99396.0
1.0, -1.0, 1.0, 2.0, 0.0, 2.0, 3.0, 2.0, 0.0, 0.0, 2.0, 0.0, 3.0, 0.0, 0.0, -1.0, 1.0, 3.0, 1.0, 1.0, 3.0, 1.0, -1.0, 0.0, -1.0, -1.0, 0.0, 1.0, -1.0, 3.0, 1.0, 0.0, 0.0, 0.0, 2.0, 1.0, 3.0, 2.0, 2.0, 0.0, -1.0, 1.0, 2.0, 3.0, 0.0, 3.0, 2.0, 2.0, 1.0, 2.0, 623.0, 99396.0
1.0, -1.0, 1.0, 2.0, 0.0, 2.0, 3.0, 2.0, 0.0, 0.0, 2.0, 0.0, 3.0, 0.0, 0.0, -1.0, 1.0, 3.0, 1.0, 1.0, 3.0, 1.0, -1.0, 0.0, -1.0, -1.0, 0.0, 1.0, -1.0, 3.0, 1.0, 0.0, 0.0, 0.0, 2.0, 1.0, 3.0, 2.0, 2.0, 0.0, -1.0, 1.0, 2.0, 3.0, 0.0, 3.0, 2.0, 2.0, 1.0, 2.0, 623.0, 99396.0
1.0, -1.0, 1.0, 2.0, 0.0, 2.0, 3.0, 2.0, 0.0, 0.0, 2.0, 0.0, 3.0, 0.0, 0.0, -1.0, 1.0, 3.0, 1.0, 1.0, 3.0, 1.0, -1.0, 0.0, -1.0, -1.0, 0.0, 1.0, -1.0, 3.0, 1.0, 0.0, 0.0, 0.0, 2.0, 1.0, 3.0, 2.0, 2.0, 0.0, -1.0, 1.0, 2.0, 3.0, 0.0, 3.0, 2.0, 2.0, 1.0, 2.0, 623.0, 99396.0
1.0, -1.0, 1.0, 2.0, 0.0, 2.0, 3.0, 2.0, 0.0, 0.0, 2.0, 0.0, 3.0, 0.0, 0.0, -1.0, 1.0, 3.0, 1.0, 1.0, 3.0, 1.0, -1.0, 0.0, -1.0, -1.0, 0.0, 1.0, -1.0, 3.0, 1.0, 0.0, 0.0, 0.0, 2.0, 1.0, 3.0, 2.0, 2.0, 0.0, -1.0, 1.0, 2.0, 3.0, 0.0, 3.0, 2.0, 2.0, 1.0, 2.0, 623.0, 99396.0
1.0, -1.0, 1.0, 2.0, 0.0, 2.0, 3.0, 2.0, 0.0, 0.0, 2.0, 0.0, 3.0, 0.0, 0.0, -1.0, 1.0, 3.0, 1.0, 1.0, 3.0, 1.0, -1.0, 0.0, -1.0, -1.0, 0.0, 1.0, -1.0, 3.0, 1.0, 0.0, 0.0, 0.0, 2.0, 1.0, 3.0, 2.0, 2.0, 0.0, -1.0, 1.0, 2.0, 3.0, 0.0, 3.0, 2.0, 2.0, 1.0, 2.0, 623.0, 99396.0
1.0, -1.0, 1.0, 2.0, 0.0, 2.0, 3.0, 2.0, 0.0, 0.0, 2.0, 0.0, 3.0, 0.0, 0.0, -1.0, 1.0, 3.0, 1.0, 1.0, 3.0, 1.0, -1.0, 0.0, -1.0, -1.0, 0.0, 1.0, -1.0, 3.0, 1.0, 0.0, 0.0, 0.0, 2.0, 1.0, 3.0, 2.0, 2.0, 0.0, -1.0, 1.0, 2.0, 3.0, 0.0, 3.0, 2.0, 2.0, 1.0, 2.0, 623.0, 99396.0
1.0, -1.0, 1.0, 2.0, 0.0, 2.0, 3.0, 2.0, 0.0, 0.0, 2.0, 0.0, 3.0, 0.0, 0.0, -1.0, 1.0, 3.0, 1.0, 1.0, 3.0, 1.0, -1.0, 0.0, -1.0, -1.0, 0.0, 1.0, -1.0, 3.0, 1.0, 0.0, 0.0, 0.0, 2.0, 1.0, 3.0, 2.0, 2.0, 0.0, -1.0, 1.0, 2.0, 3.0, 0.0, 3.0, 2.0, 2.0, 1.0, 2.0, 623.0, 99396.0
1.0, -1.0, 1.0, 2.0, 0.0, 2.0, 3.0, 2.0, 0.0, 0.0, 2.0, 0.0, 3.0, 0.0, 0.0, -1.0, 1.0, 3.0, 1.0, 1.0, 3.0, 1.0, -1.0, 0.0, -1.0, -1.0, 0.0, 1.0, -1.0, 3.0, 1.0, 0.0, 0.0, 0.0, 2.0, 1.0, 3.0, 2.0, 2.0, 0.0, -1.0, 1.0, 2.0, 3.0, 0.0, 3.0, 2.0, 2.0, 1.0, 2.0, 623.0, 99396.0
1.0, -1.0, 1.0, 2.0, 0.0, 2.0, 3.0, 2.0, 0.0, 0.0, 2.0, 0.0, 3.0, 0.0, 0.0, -1.0, 1.0, 3.0, 1.0, 1.0, 3.0, 1.0, -1.0, 0.0, -1.0, -1.0, 0.0, 1.0, -1.0, 3.0, 1.0, 0.0, 0.0, 0.0, 2.0, 1.0, 3.0, 2.0, 2.0, 0.0, -1.0, 1.0, 2.0, 3.0, 0.0, 3.0, 2.0, 2.0, 1.0, 2.0, 623.0, 99396.0
1.0, -1.0, 1.0, 2.0, 0.0, 2.0, 3.0, 2.0, 0.0, 0.0, 2.0, 0.0, 3.0, 0.0, 0.0, -1.0, 1.0, 3.0, 1.0, 1.0, 3.0, 1.0, -1.0, 0.0, -1.0, -1.0, 0.0, 1.0, -1.0, 3.0, 1.0, 0.0, 0.0, 0.0, 2.0, 1.0, 3.0, 2.0, 2.0, 0.0, -1.0, 1.0, 2.0, 3.0, 0.0, 3.0, 2.0, 2.0, 1.0, 2.0, 623.0, 99396.0
1.0, -1.0, 1.0, 2.0, 0.0, 2.0, 3.0, 2.0, 0.0, 0.0, 2.0, 0.0, 3.0, 0.0, 0.0, -1.0, 1.0, 3.0, 1.0, 1.0, 3.0, 1.0, -1.0, 0.0, -1.0, -1.0, 0.0, 1.0, -1.0, 3.0, 1.0, 0.0, 0.0, 0.0, 2.0, 1.0, 3.0, 2.0, 2.0, 0.0, -1.0, 1.0, 2.0, 3.0, 0.0, 3.0, 2.0, 2.0, 1.0, 2.0, 623.0, 99396.0
1.0, -1.0, 1.0, 2.0, 0.0, 2.0, 3.0, 2.0, 0.0, 0.0, 2.0, 0.0, 3.0, 0.0, 0.0, -1.0, 1.0, 3.0, 1.0, 1.0, 3.0, 1.0, -1.0, 0.0, -1.0, -1.0, 0.0, 1.0, -1.0, 3.0, 1.0, 0.0, 0.0, 0.0, 2.0, 1.0, 3.0, 2.0, 2.0, 0.0, -1.0, 1.0, 2.0, 3.0, 0.0, 3.0, 2.0, 2.0, 1.0, 2.0, 623.0, 99396.0
1.0, -1.0, 1.0, 2.0, 0.0, 2.0, 3.0, 2.0, 0.0, 0.0, 2.0, 0.0, 3.0, 0.0, 0.0, -1.0, 1.0, 3.0, 1.0, 1.0, 3.0, 1.0, -1.0, 0.0, -1.0, -1.0, 0.0, 1.0, -1.0, 3.0, 1.0, 0.0, 0.0, 0.0, 2.0, 1.0, 3.0, 2.0, 2.0, 0.0, -1.0, 1.0, 2.0, 3.0, 0.0, 3.0, 2.0, 2.0, 1.0, 2.0, 623.0, 99396.0
1.0, -1.0, 1.0, 2.0, 0.0, 2.0, 3.0, 2.0, 0.0, 0.0, 2.0, 0.0, 3.0, 0.0, 0.0, -1.0, 1.0, 3.0, 1.0, 1.0, 3.0, 1.0, -1.0, 0.0, -1.0, -1.0, 0.0, 1.0, -1.0, 3.0, 1.0, 0.0, 0.0, 0.0, 2.0, 1.0, 3.0, 2.0, 2.0, 0.0, -1.0, 1.0, 2.0, 3.0, 0.0, 3.0, 2.0, 2.0, 1.0, 2.0, 623.0, 99396.0
1.0, -1.0, 1.0, 2.0, 0.0, 2.0, 3.0, 2.0, 0.0, 0.0, 2.0, 0.0, 3.0, 0.0, 0.0, -1.0, 1.0, 3.0, 1.0, 1.0, 3.0, 1.0, -1.0, 0.0, -1.0, -1.0, 0.0, 1.0, -1.0, 3.0, 1.0, 0.0, 0.0, 0.0, 2.0, 1.0, 3.0, 2.0, 2.0, 0.0, -1.0, 1.0, 2.0, 3.0, 0.0, 3.0, 2.0, 2.0, 1.0, 2.0, 623.0, 99396.0
1.0, -1.0, 1.0, 2.0, 0.0, 2.0, 3.0, 2.0, 0.0, 0.0, 2.0, 0.0, 3.0, 0.0, 0.0, -1.0, 1.0, 3.0, 1.0, 1.0, 3.0, 1.0, -1.0, 0.0, -1.0, -1.0, 0.0, 1.0, -1.0, 3.0, 1.0, 0.0, 0.0, 0.0, 2.0, 1.0, 3.0, 2.0, 2.0, 0.0, -1.0, 1.0, 2.0, 3.0, 0.0, 3.0, 2.0, 2.0, 1.0, 2.0, 623.0, 99396.0
1.0, -1.0, 1.0, 2.0, 0.0, 2.0, 3.0, 2.0, 0.0, 0.0, 2.0, 0.0, 3.0, 0.0, 0.0, -1.0, 1.0, 3.0, 1.0, 1.0, 3.0, 1.0, -1.0, 0.0, -1.0, -1.0, 0.0, 1.0, -1.0, 3.0, 1.0, 0.0, 0.0, 0.0, 2.0, 1.0, 3.0, 2.0, 2.0, 0.0, -1.0, 1.0, 2.0, 3.0, 0.0, 3.0, 2.0, 2.0, 1.0, 2.0, 623.0, 99396.0
1.0, -1.0, 1.0, 2.0, 0.0, 2.0, 3.0, 2.0, 0.0, 0.0, 2.0, 0.0, 3.0, 0.0, 0.0, -1.0, 1.0, 3.0, 1.0, 1.0, 3.0, 1.0, -1.0, 0.0, -1.0, -1.0, 0.0, 1.0, -1.0, 3.0, 1.0, 0.0, 0.0, 0.0, 2.0, 1.0, 3.0, 2.0, 2.0, 0.0, -1.0, 1.0, 2.0, 3.0, 0.0, 3.0, 2.0, 2.0, 1.0, 2.0, 623.0, 99396.0
1.0, -1.0, 1.0, 2.0, 0.0, 2.0, 3.0, 2.0, 0.0, 0.0, 2.0, 0.0, 3.0, 0.0, 0.0, -1.0, 1.0, 3.0, 1.0, 1.0, 3.0, 1.0, -1.0, 0.0, -1.0, -1.0, 0.0, 1.0, -1.0, 3.0, 1.0, 0.0, 0.0, 0.0, 2.0, 1.0, 3.0, 2.0, 2.0, 0.0, -1.0, 1.0, 2.0, 3.0, 0.0, 3.0, 2.0, 2.0, 1.0, 2.0, 623.0, 99396.0
1.0, -1.0, 1.0, 2.0, 0.0, 2.0, 3.0, 2.0, 0.0, 0.0, 2.0, 0.0, 3.0, 0.0, 0.0, -1.0, 1.0, 3.0, 1.0, 1.0, 3.0, 1.0, -1.0, 0.0, -1.0, -1.0, 0.0, 1.0, -1.0, 3.0, 1.0, 0.0, 0.0, 0.0, 2.0, 1.0, 3.0, 2.0, 2.0, 0.0, -1.0, 1.0, 2.0, 3.0, 0.0, 3.0, 2.0, 2.0, 1.0, 2.0, 623.0, 99396.0
1.0, -1.0, 1.0, 2.0, 0.0, 2.0, 3.0, 2.0, 0.0, 0.0, 2.0, 0.0, 3.0, 0.0, 0.0, -1.0, 1.0, 3.0, 1.0, 1.0, 3.0, 1.0, -1.0, 0.0, -1.0, -1.0, 0.0, 1.0, -1.0, 3.0, 1.0, 0.0, 0.0, 0.0, 2.0, 1.0, 3.0, 2.0, 2.0, 0.0, -1.0, 1.0, 2.0, 3.0, 0.0, 3.0, 2.0, 2.0, 1.0, 2.0, 623.0, 99396.0
1.0, -1.0, 1.0, 2.0, 0.0, 2.0, 3.0, 2.0, 0.0, 0.0, 2.0, 0.0, 3.0, 0.0, 0.0, -1.0, 1.0, 3.0, 1.0, 1.0, 3.0, 1.0, -1.0, 0.0, -1.0, -1.0, 0.0, 1.0, -1.0, 3.0, 1.0, 0.0, 0.0, 0.0, 2.0, 1.0, 3.0, 2.0, 2.0, 0.0, -1.0, 1.0, 2.0, 3.0, 0.0, 3.0, 2.0, 2.0, 1.0, 2.0, 623.0, 99396.0
1.0, -1.0, 1.0, 2.0, 0.0, 2.0, 3.0, 2.0, 0.0, 0.0, 2.0, 0.0, 3.0, 0.0, 0.0, -1.0, 1.0, 3.0, 1.0, 1.0, 3.0, 1.0, -1.0, 0.0, -1.0, -1.0, 0.0, 1.0, -1.0, 3.0, 1.0, 0.0, 0.0, 0.0, 2.0, 1.0, 3.0, 2.0, 2.0, 0.0, -1.0, 1.0, 2.0, 3.0, 0.0, 3.0, 2.0, 2.0, 1.0, 2.0, 623.0, 99396.0
1.0, -1.0, 1.0, 2.0, 0.0, 2.0, 3.0, 2.0, 0.0, 0.0, 2.0, 0.0, 3.0, 0.0, 0.0, -1.0, 1.0, 3.0, 1.0, 1.0, 3.0, 1.0, -1.0, 0.0, -1.0, -1.0, 0.0, 1.0, -1.0, 3.0, 1.0, 0.0, 0.0, 0.0, 2.0, 1.0, 3.0, 2.0, 2.0, 0.0, -1.0, 1.0, 2.0, 3.0, 0.0, 3.0, 2.0, 2.0, 1.0, 2.0, 623.0, 99396.0
1.0, -1.0, 1.0, 2.0, 0.0, 2.0, 3.0, 2.0, 0.0, 0.0, 2.0, 0.0, 3.0, 0.0, 0.0, -1.0, 1.0, 3.0, 1.0, 1.0, 3.0, 1.0, -1.0, 0.0, -1.0, -1.0, 0.0, 1.0, -1.0, 3.0, 1.0, 0.0, 0.0, 0.0, 2.0, 1.0, 3.0, 2.0, 2.0, 0.0, -1.0, 1.0, 2.0, 3.0, 0.0, 3.0, 2.0, 2.0, 1.0, 2.0, 623.0, 99396.0
1.0, -1.0, 1.0, 2.0, 0.0, 2.0, 3.0, 2.0, 0.0, 0.0, 2.0, 0.0, 3.0, 0.0, 0.0, -1.0, 1.0, 3.0, 1.0, 1.0, 3.0, 1.0, -1.0, 0.0, -1.0, -1.0, 0.0, 1.0, -1.0, 3.0, 1.0, 0.0, 0.0, 0.0, 2.0, 1.0, 3.0, 2.0, 2.0, 0.0, -1.0, 1.0, 2.0, 3.0, 0.0, 3.0, 2.0, 2.0, 1.0, 2.0, 623.0, 99396.0
1.0, -1.0, 1.0, 2.0, 0.0, 2.0, 3.0, 2.0, 0.0, 0.0, 2.0, 0.0, 3.0, 0.0, 0.0, -1.0, 1.0, 3.0, 1.0, 1.0, 3.0, 1.0, -1.0, 0.0, -1.0, -1.0, 0.0, 1.0, -1.0, 3.0, 1.0, 0.0, 0.0, 0.0, 2.0, 1.0, 3.0, 2.0, 2.0, 0.0, -1.0, 1.0, 2.0, 3.0, 0.0, 3.0, 2.0, 2.0, 1.0, 2.0, 623.0, 99396.0
1.0, -1.0, 1.0, 2.0, 0.0, 2.0, 3.0, 2.0, 0.0, 0.0, 2.0, 0.0, 3.0, 0.0, 0.0, -1.0, 1.0, 3.0, 1.0, 1.0, 3.0, 1.0, -1.0, 0.0, -1.0, -1.0, 0.0, 1.0, -1.0, 3.0, 1.0, 0.0, 0.0, 0.0, 2.0, 1.0, 3.0, 2.0, 2.0, 0.0, -1.0, 1.0, 2.0, 3.0, 0.0, 3.0, 2.0, 2.0, 1.0, 2.0, 623.0, 99396.0
1.0, -1.0, 1.0, 2.0, 0.0, 2.0, 3.0, 2.0, 0.0, 0.0, 2.0, 0.0, 3.0, 0.0, 0.0, -1.0, 1.0, 3.0, 1.0, 1.0, 3.0, 1.0, -1.0, 0.0, -1.0, -1.0, 0.0, 1.0, -1.0, 3.0, 1.0, 0.0, 0.0, 0.0, 2.0, 1.0, 3.0, 2.0, 2.0, 0.0, -1.0, 1.0, 2.0, 3.0, 0.0, 3.0, 2.0, 2.0, 1.0, 2.0, 623.0, 99396.0
1.0, -1.0, 1.0, 2.0, 0.0, 2.0, 3.0, 2.0, 0.0, 0.0, 2.0, 0.0, 3.0, 0.0, 0.0, -1.0, 1.0, 3.0, 1.0, 1.0, 3.0, 1.0, -1.0, 0.0, -1.0, -1.0, 0.0, 1.0, -1.0, 3.0, 1.0, 0.0, 0.0, 0.0, 2.0, 1.0, 3.0, 2.0, 2.0, 0.0, -1.0, 1.0, 2.0, 3.0, 0.0, 3.0, 2.0, 2.0, 1.0, 2.0, 623.0, 99396.0
1.0, -1.0, 1.0, 2.0, 0.0, 2.0, 3.0, 2.0, 0.0, 0.0, 2.0, 0.0, 3.0, 0.0, 0.0, -1.0, 1.0, 3.0, 1.0, 1.0, 3.0, 1.0, -1.0, 0.0, -1.0, -1.0, 0.0, 1.0, -1.0, 3.0, 1.0, 0.0, 0.0, 0.0, 2.0, 1.0, 3.0, 2.0, 2.0, 0.0, -1.0, 1.0, 2.0, 3.0, 0.0, 3.0, 2.0, 2.0, 1.0, 2.0, 623.0, 99396.0
1.0, -1.0, 1.0, 2.0, 0.0, 2.0, 3.0, 2.0, 0.0, 0.0, 2.0, 0.0, 3.0, 0.0, 0.0, -1.0, 1.0, 3.0, 1.0, 1.0, 3.0, 1.0, -1.0, 0.0, -1.0, -1.0, 0.0, 1.0, -1.0, 3.0, 1.0, 0.0, 0.0, 0.0, 2.0, 1.0, 3.0, 2.0, 2.0, 0.0, -1.0, 1.0, 2.0, 3.0, 0.0, 3.0, 2.0, 2.0, 1.0, 2.0, 623.0, 99396.0
1.0, -1.0, 1.0, 2.0, 0.0, 2.0, 3.0, 2.0, 0.0, 0.0, 2.0, 0.0, 3.0, 0.0, 0.0, -1.0, 1.0, 3.0, 1.0, 1.0, 3.0, 1.0, -1.0, 0.0, -1.0, -1.0, 0.0, 1.0, -1.0, 3.0, 1.0, 0.0, 0.0, 0.0, 2.0, 1.0, 3.0, 2.0, 2.0, 0.0, -1.0, 1.0, 2.0, 3.0, 0.0, 3.0, 2.0, 2.0, 1.0, 2.0, 623.0, 99396.0
1.0, -1.0, 1.0, 2.0, 0.0, 2.0, 3.0, 2.0, 0.0, 0.0, 2.0, 0.0, 3.0, 0.0, 0.0, -1.0, 1.0, 3.0, 1.0, 1.0, 3.0, 1.0, -1.0, 0.0, -1.0, -1.0, 0.0, 1.0, -1.0, 3.0, 1.0, 0.0, 0.0, 0.0, 2.0, 1.0, 3.0, 2.0, 2.0, 0.0, -1.0, 1.0, 2.0, 3.0, 0.0, 3.0, 2.0, 2.0, 1.0, 2.0, 623.0, 99396.0
1.0, -1.0, 1.0, 2.0, 0.0, 2.0, 3.0, 2.0, 0.0, 0.0, 2.0, 0.0, 3.0, 0.0, 0.0, -1.0, 1.0, 3.0, 1.0, 1.0, 3.0, 1.0, -1.0, 0.0, -1.0, -1.0, 0.0, 1.0, -1.0, 3.0, 1.0, 0.0, 0.0, 0.0, 2.0, 1.0, 3.0, 2.0, 2.0, 0.0, -1.0, 1.0, 2.0, 3.0, 0.0, 3.0, 2.0, 2.0, 1.0, 2.0, 623.0, 99396.0
1.0, -1.0, 1.0, 2.0, 0.0, 2.0, 3.0, 2.0, 0.0, 0.0, 2.0, 0.0, 3.0, 0.0, 0.0, -1.0, 1.0, 3.0, 1.0, 1.0, 3.0, 1.0, -1.0, 0.0, -1.0, -1.0, 0.0, 1.0, -1.0, 3.0, 1.0, 0.0, 0.0, 0.0, 2.0, 1.0, 3.0, 2.0, 2.0, 0.0, -1.0, 1.0, 2.0, 3.0, 0.0, 3.0, 2.0, 2.0, 1.0, 2.0, 623.0, 99396.0
1.0, -1.0, 1.0, 2.0, 0.0, 2.0, 3.0, 2.0, 0.0, 0.0, 2.0, 0.0, 3.0, 0.0, 0.0, -1.0, 1.0, 3.0, 1.0, 1.0, 3.0, 1.0, -1.0, 0.0, -1.0, -1.0, 0.0, 1.0, -1.0, 3.0, 1.0, 0.0, 0.0, 0.0, 2.0, 1.0, 3.0, 2.0, 2.0, 0.0, -1.0, 1.0, 2.0, 3.0, 0.0, 3.0, 2.0, 2.0, 1.0, 2.0, 623.0, 99396.0
1.0, -1.0, 1.0, 2.0, 0.0, 2.0, 3.0, 2.0, 0.0, 0.0, 2.0, 0.0, 3.0, 0.0, 0.0, -1.0, 1.0, 3.0, 1.0, 1.0, 3.0, 1.0, -1.0, 0.0, -1.0, -1.0, 0.0, 1.0, -1.0, 3.0, 1.0, 0.0, 0.0, 0.0, 2.0, 1.0, 3.0, 2.0, 2.0, 0.0, -1.0, 1.0, 2.0, 3.0, 0.0, 3.0, 2.0, 2.0, 1.0, 2.0, 623.0, 99396.0
1.0, -1.0, 1.0, 2.0, 0.0, 2.0, 3.0, 2.0, 0.0, 0.0, 2.0, 0.0, 3.0, 0.0, 0.0, -1.0, 1.0, 3.0, 1.0, 1.0, 3.0, 1.0, -1.0, 0.0, -1.0, -1.0, 0.0, 1.0, -1.0, 3.0, 1.0, 0.0, 0.0, 0.0, 2.0, 1.0, 3.0, 2.0, 2.0, 0.0, -1.0, 1.0, 2.0, 3.0, 0.0, 3.0, 2.0, 2.0, 1.0, 2.0, 623.0, 99396.0
1.0, -1.0, 1.0, 2.0, 0.0, 2.0, 3.0, 2.0, 0.0, 0.0, 2.0, 0.0, 3.0, 0.0, 0.0, -1.0, 1.0, 3.0, 1.0, 1.0, 3.0, 1.0, -1.0, 0.0, -1.0, -1.0, 0.0, 1.0, -1.0, 3.0, 1.0, 0.0, 0.0, 0.0, 2.0, 1.0, 3.0, 2.0, 2.0, 0.0, -1.0, 1.0, 2.0, 3.0, 0.0, 3.0, 2.0, 2.0, 1.0, 2.0, 623.0, 99396.0
1.0, -1.0, 1.0, 2.0, 0.0, 2.0, 3.0, 2.0, 0.0, 0.0, 2.0, 0.0, 3.0, 0.0, 0.0, -1.0, 1.0, 3.0, 1.0, 1.0, 3.0, 1.0, -1.0, 0.0, -1.0, -1.0, 0.0, 1.0, -1.0, 3.0, 1.0, 0.0, 0.0, 0.0, 2.0, 1.0, 3.0, 2.0, 2.0, 0.0, -1.0, 1.0, 2.0, 3.0, 0.0, 3.0, 2.0, 2.0, 1.0, 2.0, 623.0, 99396.0
1.0, -1.0, 1.0, 2.0, 0.0, 2.0, 3.0, 2.0, 0.0, 0.0, 2.0, 0.0, 3.0, 0.0, 0.0, -1.0, 1.0, 3.0, 1.0, 1.0, 3.0, 1.0, -1.0, 0.0, -1.0, -1.0, 0.0, 1.0, -1.0, 3.0, 1.0, 0.0, 0.0, 0.0, 2.0, 1.0, 3.0, 2.0, 2.0, 0.0, -1.0, 1.0, 2.0, 3.0, 0.0, 3.0, 2.0, 2.0, 1.0, 2.0, 623.0, 99396.0
1.0, -1.0, 1.0, 2.0, 0.0, 2.0, 3.0, 2.0, 0.0, 0.0, 2.0, 0.0, 3.0, 0.0, 0.0, -1.0, 1.0, 3.0, 1.0, 1.0, 3.0, 1.0, -1.0, 0.0, -1.0, -1.0, 0.0, 1.0, -1.0, 3.0, 1.0, 0.0, 0.0, 0.0, 2.0, 1.0, 3.0, 2.0, 2.0, 0.0, -1.0, 1.0, 2.0, 3.0, 0.0, 3.0, 2.0, 2.0, 1.0, 2.0, 623.0, 99396.0
1.0, -1.0, 1.0, 2.0, 0.0, 2.0, 3.0, 2.0, 0.0, 0.0, 2.0, 0.0, 3.0, 0.0, 0.0, -1.0, 1.0, 3.0, 1.0, 1.0, 3.0, 1.0, -1.0, 0.0, -1.0, -1.0, 0.0, 1.0, -1.0, 3.0, 1.0, 0.0, 0.0, 0.0, 2.0, 1.0, 3.0, 2.0, 2.0, 0.0, -1.0, 1.0, 2.0, 3.0, 0.0, 3.0, 2.0, 2.0, 1.0, 2.0, 623.0, 99396.0
1.0, -1.0, 1.0, 2.0, 0.0, 2.0, 3.0, 2.0, 0.0, 0.0, 2.0, 0.0, 3.0, 0.0, 0.0, -1.0, 1.0, 3.0, 1.0, 1.0, 3.0, 1.0, -1.0, 0.0, -1.0, -1.0, 0.0, 1.0, -1.0, 3.0, 1.0, 0.0, 0.0, 0.0, 2.0, 1.0, 3.0, 2.0, 2.0, 0.0, -1.0, 1.0, 2.0, 3.0, 0.0, 3.0, 2.0, 2.0, 1.0, 2.0, 623.0, 99396.0
1.0, -1.0, 1.0, 2.0, 0.0, 2.0, 3.0, 2.0, 0.0, 0.0, 2.0, 0.0, 3.0, 0.0, 0.0, -1.0, 1.0, 3.0, 1.0, 1.0, 3.0, 1.0, -1.0, 0.0, -1.0, -1.0, 0.0, 1.0, -1.0, 3.0, 1.0, 0.0, 0.0, 0.0, 2.0, 1.0, 3.0, 2.0, 2.0, 0.0, -1.0, 1.0, 2.0, 3.0, 0.0, 3.0, 2.0, 2.0, 1.0, 2.0, 623.0, 99396.0
1.0, -1.0, 1.0, 2.0, 0.0, 2.0, 3.0, 2.0, 0.0, 0.0, 2.0, 0.0, 3.0, 0.0, 0.0, -1.0, 1.0, 3.0, 1.0, 1.0, 3.0, 1.0, -1.0, 0.0, -1.0, -1.0, 0.0, 1.0, -1.0, 3.0, 1.0, 0.0, 0.0, 0.0, 2.0, 1.0, 3.0, 2.0, 2.0, 0.0, -1.0, 1.0, 2.0, 3.0, 0.0, 3.0, 2.0, 2.0, 1.0, 2.0, 623.0, 99396.0
1.0, -1.0, 1.0, 2.0, 0.0, 2.0, 3.0, 2.0, 0.0, 0.0, 2.0, 0.0, 3.0, 0.0, 0.0, -1.0, 1.0, 3.0, 1.0, 1.0, 3.0, 1.0, -1.0, 0.0, -1.0, -1.0, 0.0, 1.0, -1.0, 3.0, 1.0, 0.0, 0.0, 0.0, 2.0, 1.0, 3.0, 2.0, 2.0, 0.0, -1.0, 1.0, 2.0, 3.0, 0.0, 3.0, 2.0, 2.0, 1.0, 2.0, 623.0, 99396.0
1.0, -1.0, 1.0, 2.0, 0.0, 2.0, 3.0, 2.0, 0.0, 0.0, 2.0, 0.0, 3.0, 0.0, 0.0, -1.0, 1.0, 3.0, 1.0, 1.0, 3.0, 1.0, -1.0, 0.0, -1.0, -1.0, 0.0, 1.0, -1.0, 3.0, 1.0, 0.0, 0.0, 0.0, 2.0, 1.0, 3.0, 2.0, 2.0, 0.0, -1.0, 1.0, 2.0, 3.0, 0.0, 3.0, 2.0, 2.0, 1.0, 2.0, 623.0, 99396.0
1.0, -1.0, 1.0, 2.0, 0.0, 2.0, 3.0, 2.0, 0.0, 0.0, 2.0, 0.0, 3.0, 0.0, 0.0, -1.0, 1.0, 3.0, 1.0, 1.0, 3.0, 1.0, -1.0, 0.0, -1.0, -1.0, 0.0, 1.0, -1.0, 3.0, 1.0, 0.0, 0.0, 0.0, 2.0, 1.0, 3.0, 2.0, 2.0, 0.0, -1.0, 1.0, 2.0, 3.0, 0.0, 3.0, 2.0, 2.0, 1.0, 2.0, 623.0, 99396.0
1.0, -1.0, 1.0, 2.0, 0.0, 2.0, 3.0, 2.0, 0.0, 0.0, 2.0, 0.0, 3.0, 0.0, 0.0, -1.0, 1.0, 3.0, 1.0, 1.0, 3.0, 1.0, -1.0, 0.0, -1.0, -1.0, 0.0, 1.0, -1.0, 3.0, 1.0, 0.0, 0.0, 0.0, 2.0, 1.0, 3.0, 2.0, 2.0, 0.0, -1.0, 1.0, 2.0, 3.0, 0.0, 3.0, 2.0, 2.0, 1.0, 2.0, 623.0, 99396.0
1.0, -1.0, 1.0, 2.0, 0.0, 2.0, 3.0, 2.0, 0.0, 0.0, 2.0, 0.0, 3.0, 0.0, 0.0, -1.0, 1.0, 3.0, 1.0, 1.0, 3.0, 1.0, -1.0, 0.0, -1.0, -1.0, 0.0, 1.0, -1.0, 3.0, 1.0, 0.0, 0.0, 0.0, 2.0, 1.0, 3.0, 2.0, 2.0, 0.0, -1.0, 1.0, 2.0, 3.0, 0.0, 3.0, 2.0, 2.0, 1.0, 2.0, 623.0, 99396.0
1.0, -1.0, 1.0, 2.0, 0.0, 2.0, 3.0, 2.0, 0.0, 0.0, 2.0, 0.0, 3.0, 0.0, 0.0, -1.0, 1.0, 3.0, 1.0, 1.0, 3.0, 1.0, -1.0, 0.0, -1.0, -1.0, 0.0, 1.0, -1.0, 3.0, 1.0, 0.0, 0.0, 0.0, 2.0, 1.0, 3.0, 2.0, 2.0, 0.0, -1.0, 1.0, 2.0, 3.0, 0.0, 3.0, 2.0, 2.0, 1.0, 2.0, 623.0, 99396.0
1.0, -1.0, 1.0, 2.0, 0.0, 2.0, 3.0, 2.0, 0.0, 0.0, 2.0, 0.0, 3.0, 0.0, 0.0, -1.0, 1.0, 3.0, 1.0, 1.0, 3.0, 1.0, -1.0, 0.0, -1.0, -1.0, 0.0, 1.0, -1.0, 3.0, 1.0, 0.0, 0.0, 0.0, 2.0, 1.0, 3.0, 2.0, 2.0, 0.0, -1.0, 1.0, 2.0, 3.0, 0.0, 3.0, 2.0, 2.0, 1.0, 2.0, 623.0, 99396.0
1.0, -1.0, 1.0, 2.0, 0.0, 2.0, 3.0, 2.0, 0.0, 0.0, 2.0, 0.0, 3.0, 0.0, 0.0, -1.0, 1.0, 3.0, 1.0, 1.0, 3.0, 1.0, -1.0, 0.0, -1.0, -1.0, 0.0, 1.0, -1.0, 3.0, 1.0, 0.0, 0.0, 0.0, 2.0, 1.0, 3.0, 2.0, 2.0, 0.0, -1.0, 1.0, 2.0, 3.0, 0.0, 3.0, 2.0, 2.0, 1.0, 2.0, 623.0, 99396.0
1.0, -1.0, 1.0, 2.0, 0.0, 2.0, 3.0, 2.0, 0.0, 0.0, 2.0, 0.0, 3.0, 0.0, 0.0, -1.0, 1.0, 3.0, 1.0, 1.0, 3.0, 1.0, -1.0, 0.0, -1.0, -1.0, 0.0, 1.0, -1.0, 3.0, 1.0, 0.0, 0.0, 0.0, 2.0, 1.0, 3.0, 2.0, 2.0, 0.0, -1.0, 1.0, 2.0, 3.0, 0.0, 3.0, 2.0, 2.0, 1.0, 2.0, 623.0, 99396.0
