0.0, 1.0, -1.0, 1.0, -1.0, 2.0, 2.0, -1.0, 1.0, 2.0, -1.0, 2.0, 1.0, -1.0, -1.0, 1.0, 3.0, 1.0, 1.0, -1.0, 3.0, 1.0, 3.0, 2.0, -1.0, 0.0, 0.0, 3.0, 0.0, 2.0, -1.0, -1.0, -1.0, 0.0, -1.0, 0.0, 3.0, -1.0, 3.0, 3.0, 1.0, -1.0, 3.0, 0.0, 2.0, 2.0, 1.0, -1.0, -1.0, 0.0, 455.0, 99570.0
0.0, 1.0, -1.0, 1.0, -1.0, 2.0, 2.0, -1.0, 1.0, 2.0, -1.0, 2.0, 1.0, 0.0, -1.0, 1.0, 3.0, 1.0, 1.0, -1.0, 3.0, 1.0, 3.0, 2.0, -1.0, 0.0, 0.0, 3.0, 0.0, 2.0, -1.0, -1.0, -1.0, 0.0, -1.0, 0.0, 3.0, -1.0, 3.0, 3.0, 1.0, -1.0, 3.0, 0.0, 2.0, 2.0, 0.0, -1.0, -1.0, 0.0, 469.0, 99552.0
-1.0, 1.0, -1.0, -1.0, 2.0, 3.0, -1.0, 3.0, 2.0, 0.0, -1.0, 1.0, 3.0, 2.0, -1.0, 1.0, 3.0, 3.0, 0.0, 1.0, 0.0, 2.0, -1.0, 1.0, -1.0, 0.0, 0.0, 1.0, 2.0, 0.0, 3.0, 0.0, -1.0, 2.0, -1.0, 3.0, 1.0, 3.0, 2.0, 0.0, 1.0, -1.0, 2.0, 0.0, 1.0, 2.0, 0.0, -1.0, 2.0, 2.0, 510.0, 99512.0
0.0, 1.0, -1.0, 1.0, -1.0, 2.0, 2.0, -1.0, 1.0, 2.0, -1.0, 2.0, 1.0, -1.0, -1.0, 1.0, 3.0, 1.0, 1.0, -1.0, 3.0, 1.0, 3.0, 2.0, -1.0, 0.0, 0.0, 3.0, 0.0, 2.0, -1.0, -1.0, -1.0, 0.0, -1.0, 0.0, 3.0, -1.0, 3.0, 3.0, 1.0, -1.0, 3.0, 0.0, 2.0, 2.0, 0.0, -1.0, -1.0, 0.0, 455.0, 99570.0
0.0, 1.0, -1.0, 1.0, -1.0, 2.0, 2.0, -1.0, 1.0, 2.0, -1.0, 2.0, 1.0, -1.0, -1.0, 1.0, 3.0, 1.0, 1.0, -1.0, 3.0, 1.0, 3.0, 2.0, -1.0, 0.0, 0.0, 3.0, 0.0, 2.0, -1.0, -1.0, -1.0, 0.0, -1.0, 0.0, 3.0, -1.0, 3.0, 2.0, 1.0, -1.0, 3.0, 0.0, 2.0, 2.0, 0.0, -1.0, -1.0, 0.0, 455.0, 99570.0
0.0, 1.0, -1.0, 1.0, -1.0, 2.0, 2.0, -1.0, 1.0, 2.0, -1.0, 2.0, 1.0, -1.0, -1.0, 1.0, 3.0, 1.0, 1.0, -1.0, 3.0, 1.0, 3.0, 2.0, -1.0, 0.0, 0.0, 3.0, 0.0, 2.0, -1.0, -1.0, -1.0, 0.0, -1.0, 1.0, 3.0, -1.0, 3.0, 3.0, 1.0, -1.0, 3.0, 0.0, 2.0, 2.0, 0.0, -1.0, -1.0, 0.0, 455.0, 99570.0
-1.0, 1.0, -1.0, -1.0, 2.0, 3.0, -1.0, 3.0, 2.0, 0.0, -1.0, 1.0, 3.0, 2.0, -1.0, 1.0, 3.0, 3.0, 0.0, 1.0, 0.0, 2.0, -1.0, 1.0, -1.0, 0.0, 0.0, 1.0, 2.0, 0.0, -1.0, 0.0, -1.0, 2.0, -1.0, 3.0, 1.0, 3.0, 2.0, 0.0, 1.0, -1.0, 2.0, 0.0, 1.0, 2.0, 0.0, -1.0, 2.0, 2.0, 491.0, 99521.0
0.0, 1.0, -1.0, 1.0, -1.0, 2.0, 2.0, -1.0, 1.0, 2.0, -1.0, 2.0, 1.0, -1.0, -1.0, 1.0, 3.0, 1.0, 1.0, -1.0, 3.0, -1.0, 3.0, 2.0, -1.0, 0.0, 0.0, 3.0, 0.0, 2.0, -1.0, -1.0, -1.0, 0.0, -1.0, 0.0, 3.0, -1.0, 3.0, 3.0, 1.0, -1.0, 3.0, 0.0, 2.0, 2.0, 1.0, -1.0, -1.0, 0.0, 441.0, 99577.0
1.0, 1.0, -1.0, -1.0, 1.0, 2.0, 0.0, 0.0, 2.0, -1.0, 2.0, 0.0, 2.0, 0.0, 3.0, -1.0, -1.0, 0.0, 3.0, 3.0, 3.0, 0.0, -1.0, 3.0, 2.0, 3.0, 0.0, 2.0, 3.0, 3.0, -1.0, 0.0, -1.0, 3.0, -1.0, 1.0, 2.0, 0.0, 0.0, 2.0, 1.0, -1.0, -1.0, 3.0, 1.0, 1.0, 1.0, 1.0, 3.0, 0.0, 518.0, 99489.0
0.0, 1.0, -1.0, 1.0, -1.0, 2.0, 2.0, -1.0, 1.0, 2.0, -1.0, 2.0, 1.0, 0.0, -1.0, 1.0, 3.0, 1.0, 1.0, -1.0, 3.0, 1.0, 3.0, 3.0, -1.0, 0.0, 0.0, 3.0, 0.0, 2.0, -1.0, 0.0, -1.0, 0.0, -1.0, 0.0, 3.0, -1.0, 3.0, 3.0, 1.0, -1.0, 3.0, 0.0, 2.0, 2.0, 0.0, -1.0, -1.0, 0.0, 484.0, 99538.0
2.0, -1.0, 0.0, -1.0, 3.0, 0.0, 1.0, 3.0, 1.0, 3.0, -1.0, 0.0, 0.0, 0.0, 3.0, 3.0, -1.0, -1.0, -1.0, 1.0, 3.0, -1.0, -1.0, 2.0, 2.0, 1.0, 2.0, -1.0, -1.0, 2.0, -1.0, -1.0, 1.0, 0.0, 0.0, -1.0, -1.0, 2.0, -1.0, 1.0, 1.0, -1.0, 2.0, 2.0, 1.0, 0.0, -1.0, 2.0, 0.0, 1.0, 450.0, 99572.0
1.0, 1.0, -1.0, -1.0, 1.0, 2.0, 0.0, 0.0, 2.0, -1.0, 2.0, 0.0, 2.0, 0.0, 3.0, -1.0, -1.0, 0.0, 3.0, 3.0, 3.0, 0.0, -1.0, 3.0, 2.0, 3.0, 0.0, 2.0, 2.0, 3.0, -1.0, 0.0, -1.0, 3.0, -1.0, 1.0, 2.0, 0.0, 0.0, 2.0, 1.0, 2.0, 3.0, 3.0, 1.0, 1.0, 1.0, 1.0, 3.0, 0.0, 549.0, 99468.0
0.0, 1.0, -1.0, -1.0, -1.0, 2.0, 2.0, -1.0, 1.0, 2.0, -1.0, 2.0, 1.0, -1.0, -1.0, 1.0, 3.0, 1.0, 1.0, -1.0, 3.0, 1.0, 3.0, 2.0, -1.0, 0.0, 0.0, 3.0, 0.0, 2.0, -1.0, -1.0, -1.0, 0.0, -1.0, 0.0, 3.0, -1.0, 3.0, 3.0, 1.0, -1.0, 3.0, 0.0, 2.0, 2.0, 0.0, -1.0, -1.0, 0.0, 436.0, 99581.0
-1.0, -1.0, 1.0, 3.0, -1.0, 3.0, 0.0, 2.0, 1.0, 2.0, -1.0, 1.0, 3.0, 2.0, 0.0, -1.0, -1.0, 1.0, 3.0, 1.0, 2.0, -1.0, 3.0, 3.0, 0.0, 3.0, 0.0, 3.0, 0.0, 2.0, -1.0, 0.0, 1.0, 1.0, -1.0, -1.0, -1.0, 0.0, 2.0, -1.0, 1.0, -1.0, 1.0, 0.0, 3.0, 2.0, 1.0, 2.0, 2.0, 0.0, 492.0, 99518.0
-1.0, -1.0, 0.0, -1.0, 3.0, 0.0, 1.0, 3.0, 1.0, 3.0, -1.0, 0.0, 0.0, 0.0, 3.0, 3.0, -1.0, -1.0, -1.0, 1.0, 3.0, -1.0, 0.0, 2.0, 1.0, 1.0, 2.0, -1.0, -1.0, 0.0, -1.0, -1.0, 1.0, 0.0, -1.0, -1.0, -1.0, 2.0, -1.0, 1.0, 1.0, -1.0, 2.0, 2.0, 1.0, 0.0, -1.0, 2.0, 0.0, 1.0, 434.0, 99586.0
1.0, 1.0, -1.0, -1.0, 1.0, 2.0, 0.0, 0.0, 2.0, -1.0, 2.0, 0.0, 2.0, 0.0, 3.0, -1.0, -1.0, 0.0, 1.0, 3.0, 3.0, 1.0, -1.0, 3.0, 2.0, 3.0, 0.0, 2.0, 2.0, 3.0, -1.0, 0.0, -1.0, 3.0, 0.0, 1.0, 2.0, 0.0, 0.0, 2.0, 1.0, 2.0, -1.0, 3.0, 0.0, 1.0, 1.0, 1.0, 3.0, 0.0, 549.0, 99468.0
1.0, 1.0, -1.0, 1.0, 1.0, 2.0, 0.0, 0.0, 2.0, -1.0, 2.0, 0.0, 2.0, 0.0, 3.0, -1.0, -1.0, 0.0, 3.0, 3.0, 3.0, 0.0, -1.0, 3.0, 2.0, 3.0, 0.0, 0.0, 2.0, 3.0, -1.0, 0.0, -1.0, 3.0, -1.0, 1.0, 2.0, -1.0, 2.0, 0.0, 1.0, -1.0, -1.0, 0.0, 1.0, 1.0, 1.0, 1.0, 3.0, 0.0, 524.0, 99488.0
1.0, 1.0, -1.0, -1.0, 1.0, 2.0, 0.0, 3.0, 2.0, -1.0, 2.0, 0.0, 2.0, 0.0, 3.0, -1.0, -1.0, 0.0, 3.0, 1.0, 3.0, 0.0, -1.0, 3.0, 2.0, 3.0, 0.0, 2.0, 3.0, 3.0, -1.0, 0.0, -1.0, 3.0, -1.0, 1.0, 2.0, 0.0, 0.0, 0.0, 1.0, -1.0, -1.0, 3.0, 1.0, 1.0, 1.0, 1.0, 3.0, 0.0, 518.0, 99489.0
-1.0, -1.0, 0.0, -1.0, 3.0, 0.0, 1.0, 3.0, 1.0, 3.0, -1.0, 0.0, 0.0, 0.0, 3.0, 3.0, -1.0, -1.0, -1.0, 1.0, 3.0, -1.0, 0.0, 2.0, 1.0, 1.0, 2.0, -1.0, -1.0, 2.0, -1.0, -1.0, 1.0, 0.0, -1.0, -1.0, -1.0, 2.0, -1.0, 1.0, 1.0, -1.0, 2.0, 2.0, 1.0, 0.0, -1.0, 2.0, 0.0, 1.0, 434.0, 99586.0
-1.0, 1.0, -1.0, -1.0, 2.0, 3.0, -1.0, 3.0, 2.0, 0.0, -1.0, 1.0, 3.0, 2.0, -1.0, 1.0, 3.0, 3.0, 0.0, 1.0, 0.0, 2.0, -1.0, 1.0, -1.0, 0.0, 0.0, 1.0, 2.0, 0.0, 3.0, 0.0, -1.0, 2.0, -1.0, 3.0, 1.0, 3.0, 2.0, 0.0, 1.0, -1.0, 2.0, 0.0, 1.0, 2.0, 0.0, -1.0, 2.0, 2.0, 510.0, 99512.0
1.0, 1.0, -1.0, -1.0, 1.0, 2.0, 0.0, 0.0, 2.0, -1.0, 2.0, 0.0, 2.0, 0.0, 3.0, 1.0, -1.0, 0.0, 3.0, 3.0, 3.0, 0.0, -1.0, 3.0, 2.0, 3.0, 0.0, 2.0, 3.0, 3.0, -1.0, 0.0, -1.0, 3.0, -1.0, 1.0, 2.0, 0.0, 0.0, 2.0, 1.0, -1.0, -1.0, 3.0, 1.0, 1.0, 1.0, 1.0, 3.0, 0.0, 537.0, 99476.0
0.0, 1.0, -1.0, 1.0, -1.0, 2.0, 2.0, -1.0, 1.0, 2.0, -1.0, 2.0, 1.0, 0.0, -1.0, 1.0, 3.0, 1.0, 1.0, -1.0, 3.0, 1.0, 3.0, 2.0, -1.0, 0.0, 0.0, 3.0, 0.0, 2.0, -1.0, -1.0, -1.0, 0.0, -1.0, 0.0, 3.0, -1.0, 3.0, 3.0, 1.0, -1.0, 3.0, 0.0, 2.0, 2.0, 0.0, -1.0, -1.0, 0.0, 469.0, 99552.0
-1.0, 0.0, 1.0, -1.0, 0.0, 3.0, 2.0, 3.0, 0.0, 1.0, -1.0, 3.0, 1.0, 0.0, 3.0, -1.0, -1.0, 1.0, 0.0, 1.0, 0.0, 0.0, 0.0, 2.0, 3.0, 2.0, 3.0, 1.0, 3.0, -1.0, 2.0, 1.0, -1.0, 2.0, -1.0, 3.0, 1.0, -1.0, -1.0, -1.0, 2.0, -1.0, -1.0, 2.0, 1.0, 0.0, 1.0, -1.0, 2.0, -1.0, 474.0, 99546.0
0.0, 1.0, -1.0, -1.0, -1.0, 2.0, 2.0, -1.0, 1.0, 2.0, -1.0, 2.0, 1.0, -1.0, -1.0, 1.0, 3.0, 1.0, 1.0, -1.0, 3.0, 1.0, 3.0, 2.0, -1.0, 0.0, 0.0, 3.0, 0.0, 2.0, -1.0, -1.0, -1.0, 0.0, -1.0, 0.0, 3.0, -1.0, 3.0, 3.0, 1.0, -1.0, 3.0, 0.0, 2.0, 2.0, 0.0, -1.0, -1.0, 0.0, 436.0, 99581.0
-1.0, -1.0, 1.0, 3.0, -1.0, 3.0, 0.0, 2.0, 1.0, 2.0, -1.0, 1.0, 3.0, 0.0, 0.0, -1.0, -1.0, 1.0, 3.0, 1.0, 2.0, -1.0, 3.0, 3.0, 0.0, 3.0, 0.0, 3.0, 0.0, 2.0, -1.0, 0.0, 1.0, 1.0, -1.0, -1.0, -1.0, 0.0, 2.0, -1.0, 1.0, -1.0, 1.0, 0.0, 3.0, 2.0, 1.0, 2.0, 2.0, 0.0, 492.0, 99518.0
-1.0, -1.0, 0.0, -1.0, 3.0, 0.0, 1.0, 3.0, 1.0, 3.0, -1.0, 0.0, 0.0, 0.0, 3.0, 3.0, -1.0, -1.0, -1.0, 1.0, 3.0, -1.0, 0.0, 2.0, 1.0, 1.0, 2.0, -1.0, -1.0, 0.0, -1.0, -1.0, 1.0, 0.0, -1.0, -1.0, -1.0, 2.0, -1.0, 1.0, 1.0, -1.0, 2.0, 2.0, 1.0, 0.0, -1.0, 2.0, 0.0, 1.0, 434.0, 99586.0
1.0, 1.0, -1.0, -1.0, 1.0, 2.0, 0.0, 0.0, 2.0, -1.0, 2.0, 0.0, 2.0, 0.0, 3.0, -1.0, -1.0, 0.0, 1.0, 3.0, 3.0, 1.0, -1.0, 3.0, 2.0, 3.0, 0.0, 2.0, 2.0, 3.0, -1.0, 0.0, -1.0, 3.0, 0.0, 1.0, 2.0, 0.0, 0.0, 2.0, 1.0, 2.0, -1.0, 3.0, 0.0, 1.0, 1.0, 1.0, 3.0, 0.0, 549.0, 99468.0
-1.0, 1.0, -1.0, -1.0, 2.0, 3.0, -1.0, 3.0, 2.0, 0.0, -1.0, 1.0, 3.0, 2.0, -1.0, 1.0, 3.0, 3.0, 0.0, 1.0, 0.0, 2.0, -1.0, 1.0, -1.0, 0.0, 0.0, 1.0, 2.0, 0.0, 3.0, 0.0, -1.0, 2.0, -1.0, 3.0, 1.0, 3.0, 2.0, 0.0, 1.0, -1.0, 2.0, 0.0, 1.0, 2.0, 0.0, -1.0, 2.0, 2.0, 510.0, 99512.0
-1.0, 3.0, 3.0, 0.0, 1.0, 1.0, 3.0, 2.0, 3.0, -1.0, -1.0, 2.0, -1.0, 0.0, -1.0, 1.0, 3.0, 2.0, 1.0, 2.0, 0.0, -1.0, 0.0, 1.0, 2.0, 1.0, 0.0, 2.0, 1.0, 3.0, 0.0, -1.0, 0.0, 1.0, 2.0, -1.0, -1.0, 1.0, 1.0, 3.0, 0.0, -1.0, -1.0, 3.0, 0.0, -1.0, 2.0, 0.0, -1.0, 2.0, 509.0, 99517.0
1.0, 1.0, -1.0, -1.0, 1.0, 2.0, 0.0, 0.0, 2.0, -1.0, 2.0, 0.0, 2.0, 0.0, 3.0, -1.0, -1.0, 0.0, 3.0, 3.0, 3.0, 0.0, -1.0, 3.0, 2.0, 3.0, 0.0, 2.0, 3.0, 3.0, -1.0, 0.0, -1.0, 3.0, -1.0, 1.0, 2.0, 0.0, 0.0, 2.0, 1.0, -1.0, -1.0, 3.0, 1.0, 1.0, 1.0, 1.0, 3.0, 0.0, 518.0, 99489.0
0.0, 1.0, -1.0, 1.0, -1.0, 2.0, 2.0, -1.0, 1.0, 2.0, -1.0, 2.0, 1.0, 0.0, -1.0, 1.0, 3.0, 1.0, 1.0, -1.0, 3.0, 1.0, 3.0, 2.0, -1.0, 0.0, 0.0, 3.0, 0.0, 2.0, -1.0, -1.0, -1.0, 0.0, -1.0, 1.0, 3.0, -1.0, 3.0, 3.0, 1.0, -1.0, 3.0, 0.0, 2.0, 2.0, 0.0, -1.0, -1.0, 0.0, 469.0, 99552.0
-1.0, -1.0, 0.0, -1.0, 3.0, 0.0, 1.0, 0.0, 1.0, 3.0, -1.0, 0.0, 0.0, 0.0, 3.0, -1.0, -1.0, -1.0, -1.0, 1.0, 3.0, -1.0, 0.0, 2.0, 1.0, 1.0, 2.0, -1.0, -1.0, 2.0, -1.0, -1.0, 1.0, 0.0, -1.0, -1.0, -1.0, 2.0, -1.0, 1.0, 1.0, -1.0, 2.0, 2.0, 1.0, 0.0, -1.0, 2.0, 0.0, 1.0, 415.0, 99599.0
1.0, 1.0, -1.0, 1.0, 1.0, 2.0, 0.0, 3.0, 2.0, -1.0, 2.0, 0.0, 2.0, 0.0, 3.0, 3.0, -1.0, 0.0, 3.0, 3.0, 3.0, 0.0, -1.0, 3.0, 2.0, 3.0, 0.0, 0.0, 2.0, 3.0, -1.0, 0.0, -1.0, 3.0, -1.0, 1.0, 2.0, 0.0, 0.0, 2.0, 1.0, -1.0, -1.0, 2.0, 1.0, 1.0, 1.0, 1.0, 3.0, 0.0, 556.0, 99465.0
-1.0, -1.0, 1.0, 3.0, -1.0, 3.0, 0.0, 2.0, 1.0, 2.0, -1.0, 1.0, 3.0, 2.0, 0.0, 1.0, -1.0, 1.0, 3.0, 1.0, 0.0, -1.0, 3.0, 3.0, 0.0, 3.0, 0.0, 3.0, 0.0, 2.0, -1.0, 0.0, 1.0, 1.0, -1.0, -1.0, -1.0, 0.0, 2.0, -1.0, 1.0, -1.0, 1.0, 0.0, 3.0, 2.0, 1.0, 0.0, 2.0, 0.0, 511.0, 99505.0
-1.0, 3.0, 3.0, 0.0, 1.0, 1.0, 3.0, 2.0, 3.0, -1.0, -1.0, 2.0, -1.0, 0.0, -1.0, 1.0, 3.0, 2.0, 1.0, 2.0, 0.0, -1.0, 0.0, 1.0, 2.0, 1.0, 0.0, 2.0, 1.0, 3.0, 0.0, -1.0, 0.0, 1.0, 2.0, -1.0, -1.0, 1.0, 1.0, 3.0, 0.0, -1.0, -1.0, 3.0, 0.0, -1.0, 2.0, 0.0, -1.0, 2.0, 509.0, 99517.0
-1.0, 1.0, -1.0, -1.0, 2.0, 3.0, -1.0, 3.0, 2.0, 0.0, -1.0, 1.0, 3.0, 2.0, -1.0, 1.0, 3.0, 3.0, 0.0, 1.0, 0.0, 2.0, -1.0, 1.0, -1.0, 0.0, 0.0, 1.0, 2.0, 0.0, -1.0, 0.0, -1.0, 2.0, -1.0, 3.0, 1.0, 3.0, 2.0, 0.0, 1.0, -1.0, 2.0, 0.0, 1.0, 2.0, 0.0, -1.0, 2.0, 2.0, 491.0, 99521.0
-1.0, 3.0, 3.0, 0.0, 1.0, 1.0, 3.0, 2.0, 3.0, -1.0, -1.0, 2.0, -1.0, 0.0, -1.0, 1.0, 3.0, 2.0, 1.0, 2.0, 0.0, -1.0, 0.0, 1.0, 2.0, 1.0, 0.0, 2.0, 1.0, 3.0, 0.0, -1.0, 0.0, 1.0, 2.0, -1.0, -1.0, 1.0, 1.0, 3.0, 0.0, -1.0, -1.0, 3.0, 1.0, -1.0, 2.0, 0.0, -1.0, 2.0, 509.0, 99517.0
-1.0, -1.0, 1.0, 3.0, -1.0, 3.0, 0.0, 2.0, 1.0, 2.0, 3.0, 1.0, 3.0, 2.0, 0.0, 3.0, -1.0, 1.0, 3.0, 1.0, 0.0, -1.0, -1.0, 1.0, 0.0, 3.0, 0.0, 2.0, 2.0, 2.0, -1.0, 0.0, 1.0, 3.0, -1.0, -1.0, -1.0, 0.0, 2.0, -1.0, 1.0, -1.0, 1.0, 0.0, 3.0, 2.0, 1.0, 0.0, 2.0, 0.0, 514.0, 99503.0
0.0, 1.0, -1.0, 1.0, -1.0, 2.0, 2.0, -1.0, 1.0, 2.0, -1.0, 2.0, 1.0, -1.0, -1.0, 1.0, 3.0, 1.0, 1.0, -1.0, 3.0, -1.0, 3.0, 2.0, -1.0, 0.0, 0.0, 3.0, 0.0, 2.0, -1.0, -1.0, -1.0, 0.0, -1.0, 0.0, 3.0, -1.0, 3.0, 2.0, 1.0, -1.0, 3.0, 0.0, 2.0, 2.0, 1.0, 1.0, -1.0, 0.0, 458.0, 99564.0
1.0, 1.0, -1.0, 1.0, 1.0, 2.0, 0.0, 0.0, 2.0, -1.0, 2.0, 0.0, 2.0, 0.0, 3.0, -1.0, -1.0, 0.0, 3.0, 3.0, 3.0, 0.0, -1.0, 3.0, 2.0, 3.0, 0.0, 2.0, 2.0, 3.0, -1.0, 0.0, -1.0, 3.0, 0.0, 1.0, 2.0, 0.0, 0.0, 2.0, 1.0, 2.0, -1.0, 3.0, 1.0, 1.0, 1.0, 1.0, 3.0, 0.0, 568.0, 99457.0
-1.0, -1.0, 1.0, 3.0, -1.0, 3.0, 0.0, 2.0, 1.0, 2.0, 3.0, 1.0, 3.0, 2.0, 0.0, 3.0, -1.0, 1.0, 1.0, 1.0, 0.0, -1.0, -1.0, 3.0, 0.0, 3.0, 0.0, 3.0, 2.0, 2.0, -1.0, 0.0, 1.0, 3.0, -1.0, -1.0, -1.0, 0.0, 2.0, -1.0, 1.0, -1.0, 1.0, 0.0, 3.0, 2.0, 1.0, 0.0, 2.0, 0.0, 514.0, 99503.0
0.0, -1.0, -1.0, 1.0, -1.0, 2.0, 2.0, -1.0, 1.0, 2.0, -1.0, 2.0, 1.0, 0.0, -1.0, 1.0, 3.0, 1.0, 1.0, -1.0, 3.0, 1.0, 3.0, 3.0, -1.0, 0.0, 0.0, 3.0, 0.0, 2.0, -1.0, 0.0, -1.0, 0.0, -1.0, 0.0, 3.0, -1.0, 3.0, 3.0, 1.0, -1.0, 3.0, 0.0, 2.0, 2.0, 0.0, -1.0, -1.0, 0.0, 468.0, 99554.0
2.0, 1.0, 0.0, -1.0, 3.0, 0.0, 1.0, 3.0, 1.0, 3.0, -1.0, 0.0, 0.0, 0.0, 3.0, 3.0, -1.0, -1.0, -1.0, 1.0, 3.0, -1.0, -1.0, 2.0, 2.0, 1.0, 2.0, -1.0, -1.0, 2.0, -1.0, -1.0, 1.0, 0.0, 0.0, -1.0, -1.0, 2.0, -1.0, 1.0, 1.0, -1.0, 2.0, 2.0, 1.0, 0.0, -1.0, 2.0, 0.0, 1.0, 466.0, 99556.0
-1.0, 1.0, 1.0, -1.0, 0.0, 3.0, 2.0, 3.0, 0.0, 1.0, -1.0, 0.0, 2.0, 0.0, 3.0, -1.0, -1.0, 1.0, 0.0, 1.0, 0.0, 0.0, 0.0, 2.0, 3.0, 2.0, 3.0, 2.0, 3.0, -1.0, 2.0, 1.0, -1.0, 2.0, -1.0, 3.0, 1.0, -1.0, -1.0, -1.0, 2.0, -1.0, -1.0, 2.0, 1.0, 0.0, 1.0, -1.0, 2.0, -1.0, 474.0, 99546.0
1.0, 1.0, -1.0, -1.0, 1.0, 2.0, 0.0, 0.0, 2.0, -1.0, 2.0, 0.0, 2.0, 0.0, 3.0, -1.0, -1.0, 0.0, 3.0, -1.0, 3.0, 0.0, -1.0, 3.0, 2.0, 3.0, 0.0, 2.0, 2.0, 3.0, -1.0, 0.0, -1.0, 3.0, -1.0, 1.0, 2.0, 0.0, 0.0, 2.0, 1.0, 0.0, 3.0, 3.0, 1.0, 1.0, 1.0, 1.0, 3.0, 0.0, 530.0, 99480.0
0.0, 1.0, -1.0, -1.0, -1.0, 2.0, 2.0, -1.0, 1.0, 2.0, -1.0, 2.0, 1.0, -1.0, -1.0, 1.0, 1.0, 1.0, 1.0, -1.0, 3.0, 1.0, 3.0, 2.0, -1.0, 0.0, 0.0, 3.0, 0.0, 2.0, -1.0, -1.0, -1.0, 0.0, -1.0, 0.0, 3.0, -1.0, 0.0, 3.0, 1.0, -1.0, 3.0, 0.0, 2.0, 2.0, 0.0, -1.0, -1.0, 0.0, 436.0, 99581.0
-1.0, 1.0, 1.0, -1.0, 0.0, 3.0, 0.0, 3.0, 0.0, 1.0, -1.0, 3.0, 3.0, 0.0, 3.0, -1.0, -1.0, 1.0, 0.0, 1.0, 0.0, 0.0, 0.0, 2.0, 3.0, 2.0, 3.0, 1.0, 3.0, -1.0, 2.0, 1.0, -1.0, 2.0, -1.0, 3.0, 2.0, -1.0, -1.0, -1.0, 2.0, -1.0, 2.0, 2.0, 1.0, 0.0, 1.0, -1.0, 2.0, -1.0, 488.0, 99534.0
-1.0, -1.0, 1.0, 3.0, -1.0, 3.0, 0.0, 2.0, 1.0, 2.0, -1.0, 1.0, 3.0, 2.0, 0.0, -1.0, -1.0, 1.0, 3.0, 1.0, 2.0, -1.0, 3.0, 3.0, 0.0, 3.0, 0.0, 3.0, 0.0, 2.0, -1.0, 0.0, 1.0, 1.0, -1.0, -1.0, -1.0, 0.0, 2.0, -1.0, 1.0, -1.0, 1.0, 0.0, 3.0, 2.0, 1.0, 2.0, 2.0, 0.0, 492.0, 99518.0
-1.0, -1.0, 0.0, -1.0, 3.0, 0.0, 1.0, 3.0, 1.0, 3.0, -1.0, 0.0, 0.0, 0.0, 3.0, 3.0, -1.0, -1.0, -1.0, 1.0, 3.0, -1.0, 0.0, 2.0, 1.0, 1.0, 2.0, -1.0, -1.0, 0.0, -1.0, -1.0, 1.0, 0.0, -1.0, -1.0, -1.0, 2.0, -1.0, 1.0, 1.0, -1.0, 2.0, 2.0, 1.0, 0.0, -1.0, 2.0, 0.0, 1.0, 434.0, 99586.0
1.0, 1.0, -1.0, 1.0, 1.0, 2.0, 0.0, 0.0, 2.0, -1.0, 2.0, 0.0, 2.0, 0.0, 3.0, -1.0, -1.0, 0.0, 3.0, 3.0, 3.0, 0.0, -1.0, 3.0, 2.0, 3.0, 0.0, 0.0, 2.0, 3.0, -1.0, 0.0, -1.0, 3.0, -1.0, 1.0, 2.0, -1.0, 2.0, 0.0, 1.0, -1.0, -1.0, 0.0, 1.0, 1.0, 1.0, 1.0, 3.0, 0.0, 524.0, 99488.0
-1.0, -1.0, 1.0, 3.0, -1.0, 3.0, 0.0, 3.0, 1.0, 2.0, -1.0, 1.0, 3.0, 2.0, 0.0, 1.0, -1.0, 1.0, 3.0, 1.0, 0.0, -1.0, 0.0, 0.0, 0.0, 3.0, 0.0, 2.0, 0.0, 2.0, -1.0, 0.0, 1.0, 1.0, -1.0, -1.0, -1.0, 2.0, 0.0, -1.0, 1.0, -1.0, 1.0, 2.0, 3.0, 2.0, 1.0, 0.0, 2.0, 0.0, 511.0, 99505.0
1.0, 1.0, -1.0, 1.0, 1.0, 2.0, 0.0, 0.0, 2.0, -1.0, 2.0, 0.0, 2.0, 0.0, 3.0, -1.0, -1.0, 3.0, 3.0, 3.0, 3.0, 0.0, -1.0, 3.0, 2.0, 3.0, 0.0, 2.0, 2.0, 3.0, -1.0, 0.0, -1.0, 3.0, 0.0, 1.0, 2.0, 0.0, 0.0, 2.0, 1.0, -1.0, -1.0, 3.0, 1.0, 1.0, 1.0, 1.0, 3.0, 0.0, 551.0, 99466.0
