2.0, -1.0, -1.0, 1.0, 1.0, 2.0, -1.0, -1.0, 0.0, 2.0, 0.0, 1.0, 2.0, 0.0, 2.0, 0.0, 2.0, 1.0, 1.0, 3.0, -1.0, -1.0, -1.0, -1.0, -1.0, 0.0, 1.0, 2.0, 1.0, 1.0, 2.0, 3.0, -1.0, 0.0, -1.0, 1.0, -1.0, 0.0, 2.0, 0.0, 0.0, -1.0, 0.0, 2.0, 0.0, 1.0, 1.0, 3.0, 0.0, 2.0, 96667.0, 507.0
2.0, -1.0, -1.0, 1.0, 1.0, 2.0, -1.0, -1.0, 0.0, 2.0, 0.0, 1.0, 2.0, 0.0, 2.0, 0.0, 2.0, 1.0, 1.0, 3.0, -1.0, -1.0, -1.0, -1.0, -1.0, 0.0, 1.0, 2.0, 1.0, 1.0, 2.0, 3.0, -1.0, 0.0, -1.0, 1.0, -1.0, 0.0, 2.0, 0.0, 0.0, -1.0, 0.0, 2.0, 0.0, 1.0, 1.0, 3.0, 0.0, 2.0, 96667.0, 507.0
2.0, -1.0, -1.0, 1.0, 1.0, 2.0, -1.0, -1.0, 0.0, 2.0, 0.0, 1.0, 2.0, 0.0, 2.0, 0.0, 2.0, 1.0, 1.0, 3.0, -1.0, -1.0, -1.0, -1.0, -1.0, 0.0, 1.0, 2.0, 1.0, 1.0, 2.0, 3.0, -1.0, 0.0, -1.0, 1.0, -1.0, 0.0, 2.0, 0.0, 0.0, -1.0, 0.0, 2.0, 0.0, 1.0, 1.0, 3.0, 0.0, 2.0, 96667.0, 507.0
0.0, 0.0, 0.0, 1.0, 1.0, -1.0, 0.0, 0.0, 3.0, 1.0, 1.0, 1.0, 3.0, 1.0, 0.0, -1.0, 1.0, 3.0, 0.0, 2.0, 2.0, -1.0, 1.0, -1.0, 2.0, 0.0, -1.0, 1.0, 1.0, 0.0, 2.0, 1.0, 2.0, 0.0, 2.0, 2.0, -1.0, 1.0, -1.0, -1.0, -1.0, 2.0, 2.0, -1.0, 0.0, 0.0, 1.0, 2.0, 0.0, 1.0, 96024.0, 560.0
-1.0, -1.0, -1.0, 1.0, 1.0, 2.0, -1.0, -1.0, 0.0, 2.0, 0.0, 1.0, 2.0, 0.0, 2.0, 0.0, 2.0, 1.0, 1.0, 3.0, -1.0, -1.0, -1.0, -1.0, -1.0, 0.0, 1.0, 1.0, 1.0, 1.0, 2.0, 3.0, -1.0, 2.0, -1.0, 1.0, -1.0, 0.0, 2.0, 2.0, 0.0, -1.0, 0.0, 2.0, 0.0, 1.0, 1.0, 3.0, 0.0, 2.0, 96792.0, 490.0
0.0, -1.0, 0.0, -1.0, 1.0, -1.0, 0.0, 0.0, 0.0, 1.0, 1.0, 1.0, 3.0, 1.0, 0.0, -1.0, 1.0, 3.0, 0.0, 2.0, 2.0, -1.0, 1.0, -1.0, 2.0, 0.0, -1.0, 1.0, 1.0, 0.0, 2.0, 1.0, 2.0, 2.0, 2.0, 2.0, -1.0, 1.0, -1.0, -1.0, -1.0, 2.0, 2.0, -1.0, 0.0, 0.0, 1.0, 2.0, 0.0, 1.0, 96342.0, 525.0
0.0, 0.0, 0.0, -1.0, 1.0, -1.0, 0.0, 0.0, 3.0, 1.0, 1.0, 1.0, 3.0, 1.0, 0.0, 1.0, 1.0, -1.0, 0.0, 2.0, 2.0, -1.0, 1.0, -1.0, 2.0, 0.0, -1.0, -1.0, 3.0, 0.0, 2.0, 1.0, 2.0, 2.0, 2.0, 2.0, -1.0, 1.0, -1.0, -1.0, -1.0, 2.0, 2.0, -1.0, 0.0, 0.0, 1.0, 2.0, 0.0, 1.0, 96272.0, 531.0
2.0, -1.0, -1.0, 1.0, 1.0, 2.0, -1.0, -1.0, 0.0, 2.0, 0.0, 1.0, 2.0, 0.0, 2.0, 0.0, 2.0, 1.0, 1.0, 3.0, -1.0, -1.0, -1.0, -1.0, -1.0, 0.0, 1.0, 2.0, 1.0, 1.0, 2.0, 3.0, -1.0, 0.0, -1.0, 1.0, -1.0, 0.0, 2.0, 0.0, 0.0, -1.0, 0.0, 2.0, 0.0, 1.0, 1.0, 3.0, 0.0, 2.0, 96667.0, 507.0
-1.0, -1.0, -1.0, 1.0, 1.0, 2.0, -1.0, -1.0, 0.0, 2.0, 0.0, 1.0, 2.0, 0.0, 2.0, 0.0, 2.0, 1.0, 1.0, 3.0, -1.0, -1.0, -1.0, -1.0, -1.0, 0.0, 1.0, 1.0, 1.0, 1.0, 2.0, 3.0, -1.0, 2.0, -1.0, 1.0, -1.0, 0.0, 2.0, 2.0, 0.0, -1.0, 0.0, 2.0, 0.0, 1.0, 1.0, 3.0, 0.0, 2.0, 96792.0, 490.0
2.0, -1.0, -1.0, 1.0, 1.0, 2.0, -1.0, -1.0, 0.0, 2.0, 0.0, 1.0, 2.0, 0.0, 2.0, 0.0, 2.0, 1.0, 1.0, 3.0, -1.0, -1.0, -1.0, -1.0, -1.0, 0.0, 1.0, 2.0, 1.0, 1.0, 2.0, 3.0, -1.0, 0.0, -1.0, 1.0, -1.0, 0.0, 2.0, 0.0, 0.0, -1.0, 0.0, 2.0, 0.0, 1.0, 1.0, 3.0, 0.0, 2.0, 96667.0, 507.0
2.0, -1.0, -1.0, 1.0, 1.0, 2.0, -1.0, -1.0, 0.0, 2.0, 0.0, 1.0, 2.0, 0.0, 2.0, 0.0, 2.0, 1.0, 1.0, 3.0, -1.0, -1.0, -1.0, -1.0, -1.0, 0.0, 1.0, 2.0, 1.0, 1.0, 2.0, 3.0, -1.0, 0.0, -1.0, 1.0, -1.0, 0.0, 2.0, 0.0, 0.0, -1.0, 0.0, 2.0, 0.0, 1.0, 1.0, 3.0, 0.0, 2.0, 96667.0, 507.0
2.0, -1.0, -1.0, 1.0, 1.0, 2.0, -1.0, -1.0, 0.0, 2.0, 0.0, 1.0, 2.0, 0.0, 2.0, 0.0, 2.0, 1.0, 1.0, 3.0, -1.0, -1.0, -1.0, -1.0, -1.0, 0.0, 1.0, 2.0, 1.0, 1.0, 2.0, 3.0, -1.0, 0.0, -1.0, 1.0, -1.0, 0.0, 2.0, 0.0, 0.0, -1.0, 0.0, 2.0, 0.0, 1.0, 1.0, 3.0, 0.0, 2.0, 96667.0, 507.0
0.0, 0.0, 0.0, 1.0, 1.0, -1.0, 0.0, 0.0, 3.0, 1.0, 1.0, 1.0, 3.0, 1.0, 0.0, -1.0, 1.0, 3.0, 0.0, 2.0, 2.0, -1.0, 1.0, -1.0, 2.0, 0.0, -1.0, 1.0, 1.0, 0.0, 2.0, 1.0, 2.0, 0.0, 2.0, 2.0, -1.0, 1.0, -1.0, -1.0, -1.0, 2.0, 2.0, -1.0, 0.0, 0.0, 1.0, 2.0, 0.0, 1.0, 96024.0, 560.0
-1.0, -1.0, 0.0, -1.0, 0.0, 1.0, -1.0, 3.0, -1.0, 1.0, -1.0, -1.0, 1.0, 0.0, 1.0, 3.0, 2.0, 2.0, -1.0, 2.0, 1.0, 0.0, -1.0, 1.0, -1.0, -1.0, 3.0, 0.0, 1.0, 0.0, 0.0, 2.0, 3.0, 2.0, 1.0, 3.0, 1.0, -1.0, 1.0, 2.0, -1.0, -1.0, -1.0, -1.0, 1.0, 0.0, 2.0, 1.0, 0.0, 2.0, 97222.0, 464.0
0.0, -1.0, 0.0, -1.0, 1.0, -1.0, 0.0, 0.0, 0.0, 1.0, 1.0, 1.0, 3.0, 1.0, 0.0, 0.0, 1.0, 3.0, 0.0, 2.0, 2.0, -1.0, 1.0, -1.0, 2.0, 0.0, -1.0, 1.0, 1.0, 0.0, 2.0, 1.0, 2.0, 2.0, 2.0, 2.0, -1.0, 1.0, -1.0, -1.0, -1.0, 2.0, 2.0, -1.0, 0.0, 0.0, 1.0, 2.0, 0.0, 1.0, 96198.0, 539.0
2.0, -1.0, -1.0, 1.0, 1.0, 2.0, -1.0, -1.0, 0.0, 2.0, 0.0, 1.0, 2.0, 0.0, 2.0, 0.0, 2.0, 1.0, 1.0, 3.0, -1.0, -1.0, -1.0, -1.0, -1.0, 0.0, 1.0, 2.0, 1.0, 1.0, 2.0, 3.0, -1.0, 0.0, -1.0, 1.0, -1.0, 0.0, 2.0, -1.0, 0.0, -1.0, 0.0, 2.0, 0.0, 1.0, 1.0, 3.0, 0.0, 2.0, 96674.0, 495.0
0.0, 0.0, 0.0, -1.0, 1.0, -1.0, 0.0, 0.0, 3.0, 1.0, 1.0, 1.0, 3.0, 1.0, 0.0, 0.0, 1.0, 3.0, 0.0, 2.0, 2.0, -1.0, 1.0, -1.0, 2.0, 0.0, -1.0, 1.0, 1.0, 0.0, 2.0, 1.0, 2.0, 2.0, 2.0, 2.0, -1.0, 1.0, -1.0, -1.0, -1.0, 2.0, 2.0, -1.0, 0.0, 0.0, 1.0, 2.0, 0.0, 1.0, 96069.0, 557.0
-1.0, -1.0, -1.0, 1.0, 1.0, 2.0, -1.0, -1.0, 0.0, 2.0, 0.0, 1.0, 2.0, 0.0, 2.0, 0.0, 2.0, 1.0, 1.0, 3.0, -1.0, -1.0, -1.0, -1.0, -1.0, -1.0, 1.0, 1.0, 1.0, 1.0, 2.0, 3.0, -1.0, 2.0, -1.0, 1.0, -1.0, 0.0, 2.0, 2.0, 0.0, -1.0, 0.0, 2.0, 0.0, 1.0, 1.0, 3.0, 0.0, 2.0, 96938.0, 475.0
0.0, 0.0, 0.0, -1.0, 1.0, -1.0, 0.0, 0.0, 3.0, 1.0, 1.0, 1.0, 3.0, 1.0, 0.0, -1.0, 0.0, -1.0, 0.0, 2.0, 2.0, -1.0, 1.0, -1.0, 2.0, 0.0, -1.0, -1.0, 3.0, 0.0, 2.0, 1.0, 2.0, 2.0, 2.0, 2.0, -1.0, 1.0, -1.0, -1.0, -1.0, 2.0, 2.0, -1.0, 0.0, 0.0, 1.0, 2.0, 0.0, 1.0, 96352.0, 517.0
-1.0, -1.0, 0.0, -1.0, 0.0, 1.0, -1.0, 3.0, -1.0, 1.0, -1.0, -1.0, 1.0, 0.0, 1.0, 3.0, 2.0, 2.0, -1.0, 2.0, 1.0, 0.0, -1.0, 1.0, -1.0, -1.0, 3.0, 0.0, 1.0, 0.0, 0.0, 2.0, 3.0, 2.0, 1.0, 3.0, 1.0, -1.0, 1.0, 2.0, -1.0, -1.0, -1.0, -1.0, 1.0, 0.0, 2.0, 1.0, 2.0, 2.0, 97266.0, 464.0
-1.0, -1.0, 0.0, -1.0, 0.0, 1.0, -1.0, 3.0, -1.0, 1.0, -1.0, -1.0, 1.0, 0.0, 1.0, 3.0, 2.0, 2.0, -1.0, 2.0, 1.0, 0.0, -1.0, 1.0, -1.0, -1.0, 3.0, 0.0, 1.0, 0.0, 0.0, 2.0, 3.0, 2.0, 1.0, 3.0, 1.0, -1.0, 1.0, 2.0, -1.0, -1.0, -1.0, -1.0, 1.0, 0.0, 2.0, 1.0, 2.0, 2.0, 97266.0, 464.0
-1.0, -1.0, 0.0, -1.0, 0.0, 2.0, 1.0, 3.0, -1.0, 1.0, -1.0, -1.0, 1.0, 0.0, 1.0, 3.0, 2.0, 2.0, -1.0, 2.0, 1.0, 0.0, -1.0, 1.0, -1.0, -1.0, 3.0, 0.0, 1.0, 0.0, 0.0, 2.0, 3.0, 2.0, 1.0, 1.0, 1.0, -1.0, 2.0, 2.0, -1.0, -1.0, -1.0, -1.0, 1.0, 0.0, 2.0, 1.0, 2.0, 2.0, 97102.0, 474.0
0.0, 0.0, 2.0, 0.0, 3.0, 2.0, 1.0, -1.0, 3.0, 1.0, 0.0, 0.0, 2.0, 0.0, -1.0, 0.0, -1.0, -1.0, -1.0, 0.0, 2.0, -1.0, 0.0, -1.0, 1.0, 1.0, 2.0, 1.0, 1.0, 2.0, 1.0, -1.0, -1.0, -1.0, 2.0, -1.0, -1.0, 2.0, 1.0, 0.0, -1.0, -1.0, -1.0, 1.0, 1.0, 1.0, -1.0, 0.0, 0.0, 3.0, 97110.0, 471.0
-1.0, -1.0, 0.0, -1.0, 0.0, 2.0, 1.0, 3.0, -1.0, 1.0, -1.0, -1.0, 1.0, 0.0, 1.0, 3.0, 2.0, 2.0, -1.0, 2.0, 1.0, 0.0, -1.0, 1.0, -1.0, -1.0, 3.0, 0.0, 1.0, 0.0, 0.0, 2.0, 3.0, 2.0, 1.0, 1.0, 1.0, -1.0, 2.0, 2.0, -1.0, -1.0, -1.0, -1.0, 1.0, 0.0, 2.0, 1.0, 2.0, 2.0, 97102.0, 474.0
0.0, 2.0, 0.0, 1.0, 1.0, -1.0, 1.0, 2.0, 2.0, 2.0, 0.0, 0.0, 3.0, -1.0, 1.0, 0.0, 0.0, 1.0, 1.0, -1.0, 0.0, -1.0, 1.0, 3.0, 2.0, 0.0, 1.0, 1.0, 2.0, 2.0, 0.0, 2.0, 0.0, -1.0, 1.0, -1.0, 2.0, 2.0, -1.0, 1.0, 2.0, -1.0, 2.0, 2.0, 1.0, 0.0, 0.0, -1.0, 0.0, 3.0, 96175.0, 554.0
0.0, 0.0, 0.0, -1.0, 1.0, -1.0, 0.0, 0.0, 3.0, 1.0, 1.0, 1.0, 3.0, 1.0, 0.0, -1.0, 1.0, 3.0, 0.0, 2.0, 2.0, -1.0, 1.0, -1.0, 2.0, 0.0, -1.0, 1.0, 1.0, 0.0, 2.0, 1.0, 2.0, 2.0, 2.0, 2.0, -1.0, 1.0, -1.0, -1.0, -1.0, 2.0, 2.0, -1.0, 0.0, 0.0, 1.0, 2.0, 0.0, 1.0, 96213.0, 543.0
0.0, 0.0, 0.0, -1.0, 1.0, -1.0, 0.0, 0.0, 3.0, 1.0, 1.0, 1.0, 3.0, 1.0, 0.0, -1.0, 1.0, 3.0, 0.0, 2.0, 2.0, -1.0, 1.0, -1.0, 2.0, 0.0, -1.0, 1.0, 1.0, 0.0, 2.0, 1.0, 2.0, 2.0, 2.0, 2.0, -1.0, 1.0, -1.0, -1.0, -1.0, 2.0, 2.0, -1.0, 0.0, 0.0, 1.0, 2.0, 0.0, 1.0, 96213.0, 543.0
0.0, 0.0, 0.0, -1.0, 1.0, -1.0, 0.0, 0.0, 3.0, 1.0, 1.0, 1.0, 3.0, 1.0, 0.0, -1.0, 1.0, 3.0, 0.0, 2.0, 2.0, -1.0, 1.0, -1.0, 2.0, 0.0, -1.0, 1.0, 1.0, 0.0, 2.0, 1.0, 2.0, 2.0, 2.0, 2.0, -1.0, 1.0, -1.0, -1.0, -1.0, 2.0, 2.0, -1.0, 0.0, 0.0, 1.0, 2.0, 0.0, 1.0, 96213.0, 543.0
0.0, 0.0, 0.0, -1.0, 1.0, -1.0, 0.0, 0.0, 3.0, 1.0, 1.0, 1.0, 3.0, 1.0, 0.0, -1.0, 1.0, 3.0, 0.0, 2.0, 2.0, -1.0, 1.0, -1.0, 2.0, 0.0, -1.0, 1.0, 1.0, 0.0, 2.0, 1.0, 2.0, 2.0, 2.0, 2.0, -1.0, 1.0, -1.0, -1.0, -1.0, 2.0, 2.0, -1.0, 0.0, 0.0, 1.0, 2.0, 0.0, 1.0, 96213.0, 543.0
0.0, 0.0, 0.0, -1.0, 1.0, -1.0, 0.0, 0.0, 3.0, 1.0, 1.0, 1.0, 3.0, 1.0, 0.0, -1.0, 1.0, 3.0, 0.0, 2.0, 2.0, -1.0, 1.0, -1.0, 2.0, 0.0, -1.0, 1.0, 1.0, 0.0, 2.0, 1.0, 2.0, 2.0, 2.0, 2.0, -1.0, 1.0, -1.0, -1.0, -1.0, 2.0, 2.0, -1.0, 0.0, 0.0, 1.0, 2.0, 0.0, 1.0, 96213.0, 543.0
0.0, 0.0, 0.0, -1.0, 1.0, -1.0, 0.0, 0.0, 3.0, 1.0, 1.0, 1.0, 3.0, 1.0, 0.0, -1.0, 1.0, -1.0, 0.0, 0.0, 2.0, -1.0, 1.0, -1.0, 2.0, 0.0, -1.0, -1.0, 3.0, 0.0, 2.0, 1.0, 2.0, 2.0, 2.0, 2.0, -1.0, 2.0, -1.0, -1.0, -1.0, 2.0, 2.0, -1.0, 0.0, 0.0, 1.0, 2.0, 0.0, 1.0, 96383.0, 517.0
0.0, 0.0, 0.0, -1.0, 1.0, -1.0, 0.0, 0.0, 3.0, 1.0, 1.0, 1.0, 3.0, 1.0, 0.0, -1.0, 1.0, 3.0, 0.0, 2.0, 2.0, -1.0, 1.0, -1.0, 2.0, 0.0, -1.0, -1.0, 3.0, 0.0, 2.0, 1.0, 2.0, 2.0, 2.0, 2.0, -1.0, 0.0, -1.0, -1.0, -1.0, 2.0, 2.0, -1.0, 0.0, 0.0, 1.0, 2.0, 0.0, 1.0, 96312.0, 533.0
0.0, 0.0, 0.0, -1.0, 1.0, -1.0, 0.0, 0.0, 3.0, 1.0, 1.0, 1.0, 3.0, 1.0, 0.0, -1.0, 1.0, 3.0, 0.0, 2.0, 2.0, -1.0, 1.0, -1.0, 2.0, 0.0, -1.0, -1.0, 3.0, 0.0, 2.0, 1.0, 2.0, 2.0, 2.0, 2.0, -1.0, 0.0, -1.0, -1.0, -1.0, 2.0, 2.0, -1.0, 0.0, 0.0, 1.0, 2.0, 0.0, 1.0, 96312.0, 533.0
2.0, -1.0, -1.0, 1.0, 1.0, 2.0, -1.0, -1.0, 0.0, 2.0, 0.0, 1.0, 2.0, 0.0, 2.0, 0.0, 2.0, 1.0, 1.0, 3.0, -1.0, -1.0, -1.0, -1.0, -1.0, 0.0, 1.0, 2.0, 1.0, 1.0, 2.0, 3.0, -1.0, 0.0, -1.0, 1.0, -1.0, 1.0, 2.0, 0.0, 0.0, -1.0, 0.0, 2.0, 0.0, 1.0, 1.0, 3.0, 0.0, 2.0, 96681.0, 507.0
2.0, -1.0, -1.0, 1.0, 1.0, 2.0, -1.0, -1.0, 0.0, 2.0, 0.0, 1.0, 2.0, 0.0, 2.0, 0.0, 2.0, 1.0, 1.0, 3.0, -1.0, -1.0, -1.0, -1.0, -1.0, 0.0, 1.0, 2.0, 1.0, 1.0, 2.0, 3.0, -1.0, 0.0, -1.0, 1.0, -1.0, 1.0, 2.0, 0.0, 0.0, -1.0, 0.0, 2.0, 0.0, 1.0, 1.0, 3.0, 0.0, 2.0, 96681.0, 507.0
0.0, 0.0, 0.0, -1.0, 1.0, -1.0, 0.0, 0.0, 3.0, 1.0, 1.0, 1.0, 3.0, 1.0, 0.0, -1.0, 1.0, -1.0, 0.0, 2.0, 2.0, -1.0, 1.0, -1.0, 2.0, 0.0, -1.0, -1.0, 3.0, 0.0, 2.0, 1.0, 2.0, 2.0, 2.0, 2.0, -1.0, 1.0, -1.0, -1.0, -1.0, 2.0, 2.0, -1.0, 0.0, 0.0, 1.0, 2.0, 0.0, 1.0, 96387.0, 517.0
0.0, 0.0, 0.0, -1.0, 1.0, -1.0, 0.0, 0.0, 3.0, 1.0, 1.0, 1.0, 3.0, 1.0, 0.0, -1.0, 1.0, -1.0, 0.0, 2.0, 2.0, -1.0, 1.0, -1.0, 2.0, 0.0, -1.0, -1.0, 3.0, 0.0, 2.0, 1.0, 2.0, 2.0, 2.0, 2.0, -1.0, 1.0, -1.0, -1.0, -1.0, 2.0, 2.0, -1.0, 0.0, 0.0, 1.0, 2.0, 0.0, 1.0, 96387.0, 517.0
0.0, 0.0, 0.0, -1.0, 1.0, -1.0, 0.0, 0.0, 3.0, 1.0, 1.0, 1.0, 3.0, 1.0, 0.0, -1.0, 1.0, -1.0, 0.0, 2.0, 2.0, -1.0, 1.0, -1.0, 2.0, 0.0, -1.0, -1.0, 3.0, 0.0, 2.0, 1.0, 2.0, 2.0, 2.0, 2.0, -1.0, 1.0, -1.0, -1.0, -1.0, 2.0, 2.0, -1.0, 0.0, 0.0, 1.0, 2.0, 0.0, 1.0, 96387.0, 517.0
0.0, 0.0, 0.0, -1.0, 1.0, -1.0, 0.0, 0.0, 3.0, 1.0, 1.0, 1.0, 3.0, 1.0, 0.0, -1.0, 1.0, -1.0, 0.0, 2.0, 2.0, -1.0, 1.0, -1.0, 2.0, 0.0, -1.0, -1.0, 3.0, 0.0, 2.0, 1.0, 2.0, 2.0, 2.0, 2.0, -1.0, 1.0, -1.0, -1.0, -1.0, 2.0, 2.0, -1.0, 0.0, 0.0, 1.0, 2.0, 0.0, 1.0, 96387.0, 517.0
0.0, 0.0, 0.0, -1.0, 1.0, -1.0, 0.0, 0.0, 3.0, 1.0, 1.0, 1.0, 3.0, 1.0, 0.0, -1.0, 1.0, -1.0, 0.0, 2.0, 2.0, -1.0, 1.0, -1.0, 2.0, 0.0, -1.0, -1.0, 3.0, 0.0, 2.0, 1.0, 2.0, 2.0, 2.0, 2.0, -1.0, 1.0, -1.0, -1.0, -1.0, 2.0, 2.0, -1.0, 0.0, 0.0, 1.0, 2.0, 0.0, 1.0, 96387.0, 517.0
0.0, 0.0, 0.0, -1.0, 1.0, -1.0, 0.0, 0.0, 3.0, 1.0, 1.0, 1.0, 3.0, 1.0, 0.0, -1.0, 1.0, -1.0, 0.0, 2.0, 2.0, -1.0, 1.0, -1.0, 2.0, 0.0, -1.0, -1.0, 3.0, 0.0, 2.0, 1.0, 2.0, 2.0, 2.0, 2.0, -1.0, 1.0, -1.0, -1.0, -1.0, 2.0, 2.0, -1.0, 0.0, 0.0, 1.0, 2.0, 0.0, 1.0, 96387.0, 517.0
0.0, 0.0, 0.0, -1.0, 1.0, -1.0, 0.0, 0.0, 3.0, 1.0, 1.0, 1.0, 3.0, 1.0, 0.0, -1.0, 1.0, -1.0, 0.0, 2.0, 2.0, -1.0, 1.0, -1.0, 2.0, 0.0, -1.0, -1.0, 3.0, 0.0, 2.0, 1.0, 2.0, 2.0, 2.0, 2.0, -1.0, 1.0, -1.0, -1.0, -1.0, 2.0, 2.0, -1.0, 0.0, 0.0, 1.0, 2.0, 0.0, 1.0, 96387.0, 517.0
0.0, 0.0, 0.0, -1.0, 1.0, -1.0, 0.0, 0.0, 3.0, 1.0, 1.0, 1.0, 3.0, 1.0, 0.0, -1.0, 1.0, -1.0, 0.0, 2.0, 2.0, -1.0, 1.0, -1.0, 2.0, 0.0, -1.0, -1.0, 3.0, 0.0, 2.0, 1.0, 2.0, 2.0, 2.0, 2.0, -1.0, 1.0, -1.0, -1.0, -1.0, 2.0, 2.0, -1.0, 0.0, 0.0, 1.0, 2.0, 0.0, 1.0, 96387.0, 517.0
0.0, 0.0, 0.0, -1.0, 1.0, -1.0, 0.0, 0.0, 3.0, 1.0, 1.0, 1.0, 3.0, 1.0, 0.0, -1.0, 1.0, -1.0, 0.0, 2.0, 2.0, -1.0, 1.0, -1.0, 2.0, 0.0, -1.0, -1.0, 3.0, 0.0, 2.0, 1.0, 2.0, 2.0, 2.0, 2.0, -1.0, 1.0, -1.0, -1.0, -1.0, 2.0, 2.0, -1.0, 0.0, 0.0, 1.0, 2.0, 0.0, 1.0, 96387.0, 517.0
0.0, 0.0, 0.0, -1.0, 1.0, -1.0, 0.0, 0.0, 3.0, 1.0, 1.0, 1.0, 3.0, 1.0, 0.0, -1.0, 1.0, -1.0, 0.0, 2.0, 2.0, -1.0, 1.0, -1.0, 2.0, 0.0, -1.0, -1.0, 3.0, 0.0, 2.0, 1.0, 2.0, 2.0, 2.0, 2.0, -1.0, 1.0, -1.0, -1.0, -1.0, 2.0, 2.0, -1.0, 0.0, 0.0, 1.0, 2.0, 0.0, 1.0, 96387.0, 517.0
0.0, 0.0, 0.0, -1.0, 1.0, -1.0, 0.0, 0.0, 3.0, 1.0, 1.0, 1.0, 3.0, 1.0, 0.0, -1.0, 1.0, -1.0, 0.0, 2.0, 2.0, -1.0, 1.0, -1.0, 2.0, 0.0, -1.0, -1.0, 3.0, 0.0, 2.0, 1.0, 2.0, 2.0, 2.0, 2.0, -1.0, 1.0, -1.0, -1.0, -1.0, 2.0, 2.0, -1.0, 0.0, 0.0, 1.0, 2.0, 0.0, 1.0, 96387.0, 517.0
