0.748812761523, 0.868728935727, 80.5182899213, 0.471379103831, 10.0737983304, 4.49370137505, 0.555483866454, 2.32930727809, 6.63782730639, 2098.31625533, 0.142264670931
0.863445615772, 0.822270617055, 81.4339113586, 0.664286516992, 21.0185247165, 45.0330295277, 0.842335119688, 2.40190148759, 4.34535872701, 2310.6362886, 0.0
0.862316671436, 0.822385534326, 80.5182899213, 0.625094782643, 58.5464951273, 4.49370137505, 0.534118888601, 2.32930727809, 8.15007553508, 1917.5337, 0.308249432656
0.748812761523, 0.868728935727, 87.3755504864, 0.471379103831, 10.0737983304, 24.8476450699, 0.555483866454, 3.97979263114, 1.72992163404, 1878.51541058, 0.429949191807
0.863445615772, 0.822270617055, 81.4861781403, 0.664286516992, 21.0185247165, 45.0330295277, 0.842335119688, 3.97979263114, 4.34535872701, 1595.34834854, 0.566912492172
0.198386333676, 0.851163520842, 86.0264063987, 0.612193254736, 45.4167427693, 16.2966788946, 0.247203322568, 3.39388986565, 13.1177777178, 2285.99772924, 0.0440592140554
0.748812761523, 0.868728935727, 80.5182899213, 0.471379103831, 2.39304498653, 12.995478994, 0.555483866454, 2.32930727809, 6.63782730639, 1653.71177745, 0.458516628819
0.863445615772, 0.822270617055, 81.4861781403, 0.664286516992, 21.0185247165, 45.0330295277, 0.842335119688, 2.40190148759, 4.34535872701, 1669.23816679, 0.58791155921
0.867767775057, 0.900814023427, 89.2058297881, 0.444307580292, 98.7914285784, 41.0246670047, 0.467031688731, 1.05772676307, 8.71751979233, 1685.46500768, 0.573698067756
0.218175332166, 0.859295253487, 93.6963964187, 0.602408553121, 74.5383427719, 36.8896961665, 0.241089458422, 1.50884189246, 11.0892706607, 2078.08994832, 0.354648085477
0.863445615772, 0.822270617055, 81.4339113586, 0.664286516992, 21.0185247165, 45.0330295277, 0.842335119688, 2.40190148759, 11.2667752844, 1881.46071839, 0.783494934599
0.413455937074, 0.822385534326, 87.3755504864, 0.625094782643, 2.87764289216, 24.8476450699, 0.534118888601, 3.97979263114, 8.15007553508, 2003.6951245, 0.4358956867
0.862316671436, 0.822385534326, 87.3755504864, 0.625094782643, 58.5464951273, 24.8476450699, 0.534118888601, 3.97979263114, 8.15007553508, 2081.23603269, 0.368671498845
0.478048436637, 0.858727277572, 88.1405383666, 0.586024865861, 47.6059072669, 11.8646716526, 0.378284712422, 2.23892701478, 10.6962943905, 2241.54206116, 0.260393153042
0.871530823842, 0.82652655774, 84.066192802, 0.566066767956, 66.8883419059, 16.7188713306, 0.548139149499, 3.93233193904, 17.6357764703, 2012.16527579, 0.501043145683
0.206304100633, 0.904100458396, 85.133293966, 0.684756029204, 52.5823745807, 1.25170532937, 1.64517738259, 0.625879240781, 4.70768856222, 4630.7051205, 0.0387090989816
0.169073582673, 0.895369127939, 81.6608248337, 0.642750984394, 50.0414818641, 5.00167378559, 1.32260811622, 1.13684163007, 8.42289639631, 5707.22845792, 0.0365117655333
0.206304100633, 1.12579985468, 85.133293966, 0.488712500831, 52.5823745807, 1.25170532937, 1.64517738259, 0.625879240781, 4.70768856222, 10107.2732607, 0.0162352915534
0.206304100633, 1.12579985468, 85.133293966, 0.684756029204, 52.5823745807, 1.25170532937, 1.64517738259, 0.625879240781, 4.70768856222, 13648.1814287, 0.0189808994762
0.322102529485, 1.01325275875, 89.9307633936, 0.657045238474, 55.8295989117, 49.5782121431, 0.955342989387, 4.21051625439, 9.92738492042, 5171.02127165, 0.0432068357975
0.478048436637, 0.858727277572, 88.1405383666, 0.586024865861, 47.6059072669, 11.8646716526, 0.378284712422, 2.23892701478, 10.6962943905, 2170.80216103, 0.36882716445
0.261503136777, 0.862316760164, 87.23068988, 0.628153585312, 40.8640439101, 12.5189818295, 0.765839423353, 4.01156946568, 6.38187684801, 2298.10516206, 0.167730973712
0.251140354454, 0.94016384764, 80.2347769858, 0.680477532834, 27.1013542109, 14.0624417003, 0.201828141321, 1.85893660903, 19.6640279642, 3464.09774186, 0.0483724478845
0.214539770805, 0.874467189828, 90.6614407959, 0.686709651242, 60.6140358697, 11.5181161022, 0.728828953518, 1.05684963849, 14.0002131565, 2759.03191499, 0.0929205865039
0.478048436637, 0.858727277572, 88.1405383666, 0.586024865861, 47.6059072669, 1.25170532937, 0.378284712422, 0.625879240781, 10.6962943905, 2787.1805892, 0.0729930934186
0.601170854006, 1.24615275853, 80.6663656811, 0.699511586119, 51.4510436755, 1.89205972272, 0.0481474164514, 2.1247033422, 14.023833949, 11993.9537599, 0.0426847578087
0.476762819295, 0.84778623602, 92.6471937489, 0.40765601351, 94.3635881285, 26.5605855142, 0.479146962558, 3.89790274512, 3.50496496775, 2227.31799001, 0.43146815333
0.476762819295, 0.84778623602, 89.8906084646, 0.412152909392, 94.3635881285, 26.5605855142, 0.479146962558, 3.89790274512, 3.50496496775, 2164.26366803, 0.546361830465
0.285126491395, 0.858579432969, 91.895379275, 0.555144652219, 3.4139994798, 5.13251041553, 1.30388617493, 1.65338682236, 14.0202833242, 3502.56449919, 0.0711409657476
0.871530823842, 0.82652655774, 84.066192802, 0.566066767956, 66.8883419059, 16.7210151561, 0.548139149499, 3.93233193904, 17.6357764703, 2306.3414857, 0.296890937437
0.587495647618, 0.894714608087, 83.7540239156, 0.602408553121, 84.6609836883, 46.3989645864, 0.301580154259, 1.6362763603, 7.45878677299, 2560.90870768, 0.177855908838
0.670855790228, 0.843546995551, 90.9413494929, 0.565124923588, 87.2060051425, 26.7447213553, 0.905387909008, 4.47072285608, 14.5642273285, 2393.78789869, 0.225176865593
0.198386333676, 0.851163520842, 86.0264063987, 0.46641312185, 45.4167427693, 16.2966788946, 0.906105149976, 3.39388986565, 13.1177777178, 3205.66981434, 0.097096663418
0.285126491395, 0.858579432969, 80.6663656811, 0.66621623887, 59.7182509017, 5.13251041553, 1.30388617493, 1.65338682236, 14.023833949, 3173.5738572, 0.121137138609
0.169073582673, 0.895369127939, 90.6614407959, 0.683166957593, 50.0414818641, 5.00167378559, 1.32260811622, 1.13684163007, 8.42289639631, 5528.94845607, 0.0521785420257
0.197804155162, 1.24615275853, 94.3014261688, 0.555144652219, 51.4510436755, 1.89205972272, 0.0481474164514, 2.1247033422, 8.99620116623, 18033.8700941, 0.0476936834634
0.214539770805, 0.874467189828, 90.6614407959, 0.672589140052, 60.6140358697, 11.5181161022, 0.728828953518, 0.677182070074, 14.0002131565, 2492.45878311, 0.235293407349
0.198386333676, 0.851163520842, 86.0264063987, 0.612193254736, 45.4167427693, 16.2966788946, 0.247203322568, 3.39388986565, 13.1177777178, 2725.28460631, 0.214336730399
0.214539770805, 0.874467189828, 81.6608248337, 0.686709651242, 60.6140358697, 11.5181161022, 0.728828953518, 1.05684963849, 14.0002131565, 3317.13360043, 0.100378042738
0.169073582673, 0.895369127939, 81.6608248337, 0.642750984394, 50.0414818641, 5.00167378559, 1.32260811622, 1.13684163007, 8.42289639631, 3608.38272637, 0.0832477430916
0.189035133116, 0.837781170723, 80.3246266459, 0.60956508701, 44.6322914819, 45.4180819037, 0.30187538399, 0.852890469136, 16.8376226228, 2598.91299081, 0.225235764355
0.169073582673, 0.895369127939, 81.6608248337, 0.642750984394, 50.0414818641, 5.00167378559, 1.32260811622, 1.13684163007, 3.50496496775, 4829.34911545, 0.0747307558209
0.48207393567, 1.24615275853, 91.2956659958, 0.555144652219, 51.4510436755, 1.89205972272, 0.0481474164514, 2.1247033422, 14.0202833242, 17436.1056786, 0.0539702324988
0.462359918468, 1.13533170856, 86.0613564073, 0.576490584115, 64.3060361795, 2.60221269365, 1.56712729577, 2.71418794392, 7.34961920593, 13810.2933451, 0.0686417390587
0.285126491395, 0.851163520842, 86.0264063987, 0.66621623887, 59.7182509017, 5.13251041553, 1.30388617493, 3.39388986565, 14.023833949, 3567.43284675, 0.0935998369043
0.261503136777, 0.862316760164, 87.23068988, 0.628153585312, 40.8640439101, 12.5189818295, 0.765839423353, 4.01156946568, 6.38187684801, 2908.53934573, 0.194545986742
0.261503136777, 0.862316760164, 84.066192802, 0.628153585312, 40.8640439101, 12.5189818295, 0.765839423353, 4.01156946568, 6.38187684801, 3010.05424441, 0.179081993545
0.414269171028, 0.84778623602, 92.6471937489, 0.40765601351, 94.3635881285, 26.5605855142, 0.479146962558, 3.89790274512, 8.42289639631, 2336.20379387, 0.497204848325
0.499814795817, 0.940848885362, 83.8496597183, 0.619120690818, 28.4839835754, 15.4274776095, 0.894952325822, 0.451069259199, 2.50027257341, 2966.9772378, 0.200580217938
0.189035133116, 0.837781170723, 80.3246266459, 0.60956508701, 44.6322914819, 45.4180819037, 1.6279732016, 0.852890469136, 16.8376226228, 2533.75971482, 0.42951119619
0.261742186154, 0.884180361312, 80.5143117245, 0.649787452645, 45.4598230245, 12.2895940067, 1.56029882156, 4.84931003345, 7.99212498659, 3353.71039136, 0.164847030267
0.212349416977, 0.918547729273, 91.094905622, 0.689105318992, 91.1489806412, 8.81812862012, 1.55662789702, 1.01904873121, 19.6640279642, 6104.80334356, 0.0824717025568
0.476762819295, 0.84778623602, 89.8906084646, 0.412152909392, 94.3635881285, 26.5605855142, 0.479146962558, 3.89790274512, 3.50496496775, 2479.35169114, 0.451872055382
0.871530823842, 0.82652655774, 87.23068988, 0.566066767956, 66.8883419059, 16.7188713306, 0.19671140238, 3.93233193904, 17.6357764703, 2399.43544999, 0.494249562708
0.281919247235, 1.17786694715, 93.5428494208, 0.537038940662, 95.7836853293, 6.37115656433, 1.45736567918, 3.38387355206, 15.7903477657, 20384.0430839, 0.0738199669841
0.68636242089, 1.16288496307, 84.5847434961, 0.619628430936, 73.9716917957, 21.4032463183, 0.625387915425, 0.310161060762, 1.6015490266, 9854.37505477, 0.0827229253008
0.189035133116, 0.837781170723, 80.3246266459, 0.60956508701, 44.6322914819, 45.4180819037, 0.240196913954, 0.852890469136, 16.8376226228, 2625.91468422, 0.35444267453
0.251140354454, 0.94016384764, 80.2347769858, 0.680477532834, 17.4459965946, 14.0624417003, 0.201828141321, 1.85893660903, 5.91059142361, 3160.4866891, 0.196740981268
0.867767775057, 0.900814023427, 89.2058297881, 0.444307580292, 98.7914285784, 41.0246670047, 0.467031688731, 1.05772676307, 8.71751979233, 2448.3123209, 0.682678997856
0.281919247235, 1.17786694715, 93.5428494208, 0.537038940662, 95.7836853293, 6.37115656433, 1.45736567918, 3.38387355206, 15.7903477657, 16915.2846073, 0.0793650271355
0.197804155162, 1.22529934411, 94.3014261688, 0.638262510282, 46.03282074, 8.42344627982, 1.1119476525, 2.22821736719, 8.99620116623, 23387.9517251, 0.078233988712
0.478048436637, 0.858727277572, 88.1405383666, 0.586024865861, 47.6059072669, 11.8646716526, 0.378284712422, 2.23892701478, 10.6962943905, 2801.30004507, 0.229572645393
0.889325614384, 1.14278776359, 82.9241026786, 0.564823627386, 43.2241153973, 2.68592916695, 0.37123237562, 1.8745993206, 10.1671114283, 9655.17225278, 0.0844755661193
0.891539468338, 1.0473985472, 87.2380264844, 0.683162736596, 94.6523136386, 16.6799998663, 0.598244876053, 1.88352284372, 18.7135659668, 6579.31944768, 0.0882313334002
0.871530823842, 0.82652655774, 84.066192802, 0.566066767956, 66.8883419059, 16.7210151561, 0.548139149499, 3.93233193904, 17.6357764703, 2602.19870252, 0.410927754907
0.882893493414, 1.14278776359, 84.5768090513, 0.475284468387, 43.2241153973, 2.68592916695, 0.37123237562, 1.8745993206, 10.1671114283, 9399.46867708, 0.0902981793798
0.708348478968, 0.952753417086, 92.4777642992, 0.401036305456, 65.6910564635, 4.02068231266, 0.587073253332, 3.83169171636, 1.84134806719, 4397.08591193, 0.106704197431
0.497766047344, 0.859295253487, 93.6963964187, 0.663330421494, 74.5383427719, 36.8896961665, 0.241089458422, 1.50884189246, 11.0892706607, 2671.02258174, 0.392575070951
0.748812761523, 0.868728935727, 80.5182899213, 0.471379103831, 10.0737983304, 12.995478994, 0.555483866454, 2.32930727809, 6.63782730639, 2631.0283279, 0.417892483094
0.413455937074, 0.822385534326, 87.3755504864, 0.625094782643, 2.87764289216, 24.8476450699, 0.534118888601, 2.40190148759, 16.4580979004, 2573.33115827, 0.572827868499
0.802535352899, 1.05428745977, 91.9504882697, 0.402366112447, 61.7498770914, 9.75932449398, 0.338974656417, 2.54709146678, 1.33984765729, 7282.51435366, 0.0932930863162
0.285126491395, 0.858579432969, 80.6663656811, 0.699511586119, 3.4139994798, 5.13251041553, 1.30388617493, 1.65338682236, 14.023833949, 3650.49431725, 0.123741745207
0.48207393567, 1.24615275853, 91.2956659958, 0.555144652219, 51.4510436755, 1.89205972272, 0.0481474164514, 2.1247033422, 14.0202833242, 14380.2209203, 0.0911900075343
0.708348478968, 1.15168628073, 92.4777642992, 0.401036305456, 78.6835713461, 4.02068231266, 1.84835130844, 3.83169171636, 1.84134806719, 15112.9512428, 0.0927885384263
0.672176892928, 0.887158644285, 92.6404632138, 0.67028087119, 96.5335932579, 21.4160642937, 0.719618292579, 2.89874415568, 19.2985823067, 2650.32452528, 0.49849826043
0.457342706921, 1.02218419378, 80.5976565384, 0.501457496608, 88.8202719333, 12.4358484638, 0.180957979852, 1.80845880386, 16.3056116118, 5068.32956862, 0.116739895901
0.62563917478, 0.880370703004, 84.955688498, 0.462374424788, 80.9703248674, 5.78065686489, 1.88871908489, 0.677182070074, 16.4669507243, 4460.90276228, 0.133418208005
0.335463364266, 1.11002138755, 85.1403415551, 0.549732899146, 28.8069515634, 9.66014857249, 0.0498209530807, 3.53597032871, 14.7058607746, 5700.91585852, 0.103661165726
0.172856572891, 1.02733173019, 92.2441045601, 0.438900898404, 37.2353636033, 27.3891047019, 0.475095609657, 2.18160716177, 5.28535136806, 3310.72763721, 0.222187492294
0.102654321367, 0.879878388209, 88.6487844005, 0.58015909409, 98.8945588937, 33.0196470293, 1.2151198951, 4.41499317843, 10.7601298199, 4306.85437613, 0.164399104097
0.198386333676, 0.858579432969, 80.6663656811, 0.46641312185, 45.4167427693, 16.2966788946, 1.60708828769, 1.65338682236, 13.1177777178, 3931.67048733, 0.165150909947
0.214539770805, 0.874467189828, 90.6614407959, 0.686709651242, 60.6140358697, 11.5181161022, 0.728828953518, 1.05684963849, 14.0002131565, 3538.75832575, 0.188299731446
0.247089077207, 1.10008463406, 80.5143117245, 0.649787452645, 13.9422676604, 8.38212257107, 1.17992307378, 3.10878066018, 11.0352492188, 11264.9498836, 0.100304958959
0.206304100633, 0.904100458396, 85.133293966, 0.684756029204, 52.5823745807, 11.8646716526, 1.64517738259, 2.14844650156, 4.70768856222, 3719.77838774, 0.177574441125
0.261742186154, 0.884180361312, 81.7810368382, 0.451448930219, 45.4598230245, 12.2895940067, 1.56029882156, 4.84931003345, 7.99212498659, 4786.63212293, 0.146662317695
0.261503136777, 0.862316760164, 87.23068988, 0.628153585312, 40.8640439101, 12.5189818295, 0.765839423353, 4.01156946568, 6.38187684801, 3559.80995691, 0.195481460343
0.522660490637, 0.953609584693, 94.4593214276, 0.425182001606, 51.9463675475, 24.8573741133, 0.181426444342, 3.36988770634, 8.81878859141, 3009.05230781, 0.397931246819
0.102654321367, 0.880692991653, 83.133564659, 0.663007058207, 96.3618470875, 33.0196470293, 1.2151198951, 3.5932881086, 3.57268225158, 4048.8366086, 0.173627391267
0.670855790228, 0.843546995551, 83.7540239156, 0.602408553121, 84.6609836883, 46.3989645864, 0.905387909008, 1.6362763603, 7.45878677299, 2864.17254513, 0.533578855288
0.212349416977, 0.918547729273, 91.094905622, 0.630493629824, 91.1489806412, 8.81812862012, 1.55662789702, 2.23263471748, 5.91059142361, 5060.78383418, 0.154801325658
0.41280724613, 0.877799872192, 82.6044542763, 0.596176874462, 23.762966982, 22.1678462001, 1.16849430254, 0.270375004883, 7.96183761929, 3236.22876415, 0.304380297428
0.131975659815, 1.12262747219, 85.9676364, 0.439368702065, 95.9453473714, 20.0095836124, 1.73911332811, 3.84543341915, 12.4749997787, 13642.7516997, 0.120710028658
0.335463364266, 1.11002138755, 85.1403415551, 0.549732899146, 28.8069515634, 9.66014857249, 0.0498209530807, 3.53597032871, 10.2575623654, 7430.29859931, 0.140311485055
0.126281357743, 0.984267201741, 85.9803874832, 0.47879076379, 45.4598230245, 24.5571886086, 0.382035662515, 2.3447909136, 1.62042087495, 5134.90536944, 0.165120865063
0.587495647618, 0.894714608087, 90.9413494929, 0.606166916035, 87.2060051425, 26.7447213553, 0.301580154259, 4.47072285608, 14.5642273285, 3372.2703426, 0.300157006851
0.497766047344, 0.859295253487, 93.6963964187, 0.663330421494, 74.5383427719, 36.8896961665, 0.241089458422, 1.50884189246, 17.2501143999, 3174.17569104, 0.43355856715
0.212349416977, 0.918547729273, 91.094905622, 0.689105318992, 91.1489806412, 8.81812862012, 1.55662789702, 1.01904873121, 5.91059142361, 5967.12752879, 0.160865764208
0.15544994441, 1.17786694715, 92.6404632138, 0.537038940662, 96.5335932579, 19.3198373673, 0.719618292579, 2.89874415568, 11.7848807505, 13244.9325909, 0.139778232051
0.281919247235, 1.17786694715, 93.5428494208, 0.537038940662, 95.7836853293, 6.37115656433, 1.45736567918, 3.38387355206, 15.7903477657, 26053.0256643, 0.126761107319
0.102654321367, 0.972675428451, 88.6487844005, 0.663007058207, 98.8945588937, 33.0196470293, 1.2151198951, 4.41499317843, 10.7601298199, 9411.79786294, 0.152989478625
