0.0, -1.0, -1.0, -1.0, 0.0, 0.0, -1.0, 3.0, 1.0, -1.0, 2.0, 0.0, 2.0, 1.0, -1.0, 3.0, 2.0, -1.0, 0.0, -1.0, 1.0, 2.0, 1.0, -1.0, 1.0, -1.0, 2.0, -1.0, 2.0, 2.0, 0.0, -1.0, 0.0, -1.0, -1.0, -1.0, 1.0, 2.0, 1.0, 2.0, 0.0, -1.0, -1.0, 0.0, 3.0, 0.0, 0.0, 1.0, 1.0, 3.0, 96564.0, 476.0
1.0, 0.0, 0.0, -1.0, 0.0, -1.0, 1.0, 2.0, 0.0, -1.0, -1.0, 2.0, 0.0, 0.0, -1.0, 3.0, 2.0, 2.0, -1.0, 1.0, 1.0, 0.0, 1.0, 1.0, 3.0, -1.0, 2.0, 3.0, 2.0, -1.0, 0.0, 1.0, 0.0, -1.0, 2.0, 0.0, 1.0, 2.0, 0.0, 0.0, -1.0, 2.0, 2.0, 0.0, -1.0, -1.0, 2.0, 2.0, 0.0, -1.0, 96181.0, 509.0
1.0, 0.0, -1.0, -1.0, 1.0, -1.0, 1.0, 2.0, 0.0, -1.0, -1.0, 2.0, 0.0, 0.0, 1.0, 3.0, 2.0, -1.0, -1.0, 1.0, 1.0, 0.0, 2.0, 1.0, 3.0, -1.0, 2.0, 3.0, 2.0, -1.0, 0.0, 1.0, 0.0, -1.0, 2.0, 0.0, 1.0, 2.0, 1.0, 0.0, -1.0, 2.0, 2.0, 0.0, -1.0, 1.0, 2.0, 2.0, 0.0, -1.0, 96185.0, 504.0
0.0, -1.0, -1.0, -1.0, 0.0, 0.0, -1.0, 3.0, 1.0, -1.0, 2.0, 0.0, 2.0, 1.0, -1.0, 3.0, 2.0, -1.0, 0.0, -1.0, 1.0, 2.0, 1.0, -1.0, 1.0, -1.0, 2.0, -1.0, 2.0, 2.0, 0.0, -1.0, 0.0, -1.0, -1.0, -1.0, 1.0, 2.0, 1.0, 2.0, 0.0, -1.0, -1.0, 0.0, 3.0, 0.0, 0.0, 1.0, 1.0, 3.0, 96564.0, 476.0
0.0, 3.0, -1.0, -1.0, -1.0, 2.0, 2.0, 2.0, 1.0, -1.0, 2.0, -1.0, 1.0, 0.0, -1.0, 2.0, 0.0, -1.0, -1.0, -1.0, -1.0, 2.0, 0.0, -1.0, -1.0, 0.0, 2.0, 0.0, 1.0, -1.0, 0.0, 3.0, 1.0, 1.0, 0.0, 2.0, 1.0, 1.0, 2.0, 0.0, 0.0, 0.0, -1.0, 2.0, -1.0, 1.0, 0.0, 0.0, -1.0, 3.0, 96537.0, 477.0
1.0, 0.0, -1.0, -1.0, 1.0, -1.0, 1.0, 2.0, 0.0, -1.0, -1.0, 2.0, 0.0, 0.0, 1.0, 3.0, 2.0, -1.0, -1.0, 1.0, 1.0, 0.0, 2.0, 1.0, 3.0, -1.0, 2.0, 3.0, 2.0, -1.0, 0.0, 1.0, 0.0, -1.0, 2.0, 0.0, 1.0, 2.0, 1.0, 0.0, -1.0, 2.0, 2.0, 0.0, -1.0, 1.0, 2.0, 2.0, 0.0, -1.0, 96185.0, 504.0
0.0, 3.0, -1.0, -1.0, -1.0, 2.0, 2.0, 2.0, 1.0, -1.0, 2.0, -1.0, 1.0, 0.0, -1.0, 2.0, 0.0, -1.0, 1.0, -1.0, -1.0, 2.0, 0.0, -1.0, -1.0, -1.0, 2.0, 0.0, 1.0, -1.0, 0.0, 3.0, 1.0, 1.0, 0.0, 2.0, 1.0, 1.0, 2.0, 0.0, 0.0, -1.0, -1.0, 2.0, -1.0, 1.0, 0.0, 0.0, -1.0, 3.0, 96714.0, 466.0
1.0, -1.0, -1.0, -1.0, 0.0, 0.0, -1.0, 3.0, 1.0, -1.0, 2.0, 0.0, 2.0, 1.0, -1.0, 3.0, 0.0, -1.0, 0.0, -1.0, 1.0, 2.0, 1.0, 1.0, 1.0, 3.0, 2.0, -1.0, 2.0, 2.0, 0.0, -1.0, 0.0, -1.0, -1.0, -1.0, 1.0, 2.0, 1.0, 2.0, 0.0, -1.0, -1.0, 0.0, 3.0, 0.0, 0.0, 1.0, 1.0, 3.0, 96355.0, 502.0
1.0, -1.0, -1.0, -1.0, 0.0, 0.0, -1.0, 3.0, 1.0, -1.0, 2.0, 0.0, 2.0, 1.0, -1.0, 3.0, 2.0, -1.0, 0.0, -1.0, 1.0, 2.0, 0.0, 1.0, 1.0, 1.0, 2.0, -1.0, 2.0, -1.0, 0.0, -1.0, 0.0, -1.0, -1.0, -1.0, 1.0, 2.0, 1.0, 2.0, 0.0, -1.0, -1.0, 0.0, 3.0, 0.0, 0.0, 1.0, 1.0, 3.0, 96402.0, 485.0
0.0, -1.0, -1.0, -1.0, 0.0, 0.0, -1.0, 3.0, 1.0, -1.0, 2.0, 0.0, 2.0, 1.0, -1.0, 3.0, 2.0, -1.0, 0.0, -1.0, 1.0, 2.0, 1.0, -1.0, 1.0, -1.0, 2.0, -1.0, 2.0, 2.0, 0.0, -1.0, 0.0, -1.0, -1.0, -1.0, 1.0, 2.0, 1.0, 2.0, 0.0, -1.0, -1.0, 0.0, 3.0, 0.0, 0.0, 1.0, 1.0, 3.0, 96564.0, 476.0
1.0, 0.0, 0.0, -1.0, 0.0, -1.0, 1.0, 2.0, 0.0, -1.0, -1.0, 2.0, 0.0, 0.0, -1.0, 3.0, 2.0, 2.0, -1.0, 1.0, 1.0, 0.0, 1.0, 1.0, 3.0, -1.0, 2.0, 3.0, 2.0, -1.0, 0.0, 1.0, 0.0, -1.0, 2.0, 0.0, 1.0, 2.0, 0.0, 0.0, -1.0, 2.0, 2.0, 0.0, -1.0, -1.0, 2.0, 2.0, 0.0, -1.0, 96181.0, 509.0
1.0, 0.0, -1.0, 1.0, 1.0, -1.0, 1.0, 2.0, 0.0, -1.0, -1.0, 2.0, 0.0, 0.0, 1.0, 3.0, 2.0, -1.0, -1.0, 1.0, 1.0, 0.0, 2.0, 1.0, 3.0, -1.0, 2.0, 3.0, 2.0, -1.0, 0.0, 1.0, 0.0, -1.0, 2.0, 0.0, 1.0, 2.0, 1.0, 0.0, -1.0, 2.0, 2.0, 0.0, -1.0, 1.0, 2.0, 2.0, 0.0, -1.0, 96076.0, 515.0
0.0, 0.0, -1.0, -1.0, 1.0, -1.0, 1.0, 2.0, 0.0, -1.0, -1.0, 2.0, 0.0, 0.0, 1.0, 3.0, 2.0, 2.0, -1.0, 1.0, 1.0, 0.0, 2.0, 0.0, 3.0, -1.0, 2.0, 0.0, 2.0, -1.0, 0.0, 1.0, 0.0, -1.0, 2.0, 0.0, 1.0, 2.0, 1.0, 0.0, -1.0, 2.0, 2.0, 0.0, -1.0, 1.0, 2.0, 2.0, 0.0, -1.0, 95980.0, 523.0
0.0, -1.0, -1.0, -1.0, 0.0, 0.0, -1.0, 3.0, 1.0, -1.0, 2.0, 0.0, 2.0, 1.0, -1.0, 3.0, 2.0, -1.0, 0.0, -1.0, 1.0, 2.0, 1.0, -1.0, 1.0, -1.0, 2.0, -1.0, 2.0, 2.0, 0.0, -1.0, 0.0, -1.0, -1.0, -1.0, 1.0, 2.0, 1.0, 2.0, 0.0, -1.0, -1.0, 0.0, 3.0, 0.0, 0.0, 1.0, 1.0, 3.0, 96564.0, 476.0
0.0, 3.0, -1.0, -1.0, -1.0, 2.0, 2.0, 2.0, 1.0, -1.0, 2.0, -1.0, 1.0, 0.0, -1.0, 2.0, 0.0, -1.0, -1.0, -1.0, -1.0, 2.0, 0.0, -1.0, -1.0, 0.0, 2.0, 0.0, 1.0, -1.0, 0.0, 3.0, 1.0, 1.0, 0.0, 2.0, 1.0, 1.0, 2.0, 0.0, 0.0, 0.0, -1.0, 2.0, -1.0, 1.0, 0.0, 0.0, -1.0, 3.0, 96537.0, 477.0
0.0, 3.0, -1.0, -1.0, -1.0, 2.0, 2.0, 2.0, 1.0, -1.0, 2.0, -1.0, 1.0, 0.0, -1.0, 2.0, 0.0, -1.0, 1.0, -1.0, -1.0, 2.0, 0.0, -1.0, -1.0, -1.0, 2.0, 0.0, 1.0, -1.0, 0.0, 3.0, 1.0, 1.0, 0.0, -1.0, 1.0, 1.0, 2.0, 0.0, 0.0, -1.0, -1.0, 2.0, -1.0, 1.0, 0.0, 0.0, -1.0, 3.0, 96787.0, 451.0
1.0, -1.0, -1.0, -1.0, 0.0, 0.0, -1.0, 3.0, 1.0, -1.0, 2.0, 0.0, 2.0, 1.0, -1.0, 3.0, 2.0, -1.0, 0.0, -1.0, 1.0, 2.0, 0.0, 1.0, 1.0, 1.0, 2.0, -1.0, 2.0, -1.0, 0.0, -1.0, 0.0, -1.0, -1.0, -1.0, 1.0, 2.0, 1.0, 2.0, 0.0, -1.0, -1.0, 0.0, 3.0, 0.0, 0.0, 1.0, 1.0, 3.0, 96402.0, 485.0
1.0, -1.0, -1.0, -1.0, 0.0, 0.0, -1.0, 3.0, 1.0, -1.0, 2.0, 0.0, 2.0, 1.0, -1.0, 3.0, 2.0, -1.0, 0.0, -1.0, 1.0, 2.0, 1.0, 1.0, 1.0, -1.0, 2.0, -1.0, 2.0, 2.0, 0.0, -1.0, 1.0, -1.0, -1.0, -1.0, 1.0, 2.0, 1.0, 2.0, 0.0, -1.0, -1.0, -1.0, 3.0, 0.0, 0.0, 1.0, 1.0, 3.0, 96624.0, 469.0
0.0, 0.0, -1.0, -1.0, 1.0, -1.0, 1.0, 2.0, 0.0, -1.0, -1.0, 2.0, 0.0, 0.0, 1.0, 3.0, 2.0, 2.0, -1.0, 1.0, 1.0, 0.0, 2.0, 0.0, 3.0, -1.0, 2.0, 3.0, 2.0, -1.0, 0.0, 1.0, 0.0, -1.0, 2.0, 0.0, 1.0, 2.0, 1.0, 0.0, -1.0, 2.0, 2.0, 0.0, -1.0, 1.0, 2.0, 2.0, 0.0, -1.0, 96043.0, 523.0
1.0, -1.0, -1.0, -1.0, 0.0, 0.0, -1.0, 3.0, 1.0, -1.0, 2.0, 0.0, 2.0, 1.0, -1.0, 3.0, 2.0, -1.0, 0.0, -1.0, 1.0, 2.0, 1.0, -1.0, 1.0, 3.0, 2.0, -1.0, 2.0, -1.0, 0.0, -1.0, 0.0, -1.0, -1.0, -1.0, 1.0, 0.0, 1.0, 2.0, 0.0, -1.0, -1.0, 0.0, 3.0, 2.0, 0.0, 1.0, 1.0, 3.0, 96645.0, 474.0
1.0, -1.0, -1.0, 0.0, 0.0, 0.0, -1.0, 3.0, 1.0, -1.0, 2.0, 0.0, 2.0, 1.0, -1.0, 3.0, 2.0, -1.0, 0.0, -1.0, 1.0, 2.0, 1.0, -1.0, 1.0, 3.0, 2.0, -1.0, 2.0, 2.0, 0.0, -1.0, 0.0, -1.0, -1.0, -1.0, 1.0, 2.0, 1.0, 2.0, 0.0, -1.0, -1.0, 0.0, 3.0, 0.0, 0.0, 0.0, 1.0, 3.0, 96391.0, 502.0
1.0, -1.0, -1.0, 0.0, 0.0, 0.0, -1.0, 3.0, 1.0, -1.0, 2.0, 0.0, 2.0, 1.0, -1.0, 3.0, 2.0, -1.0, 0.0, -1.0, 1.0, 2.0, 1.0, -1.0, 1.0, 3.0, 2.0, -1.0, 2.0, 2.0, 0.0, -1.0, 0.0, -1.0, -1.0, -1.0, 1.0, 2.0, 1.0, 2.0, 0.0, -1.0, -1.0, 0.0, 3.0, 0.0, 0.0, 0.0, 1.0, 3.0, 96391.0, 502.0
1.0, -1.0, -1.0, 0.0, 0.0, 0.0, -1.0, 3.0, 1.0, -1.0, 2.0, 0.0, 2.0, 1.0, -1.0, 3.0, 2.0, -1.0, 0.0, -1.0, 1.0, 2.0, 1.0, -1.0, 1.0, 3.0, 2.0, -1.0, 2.0, 2.0, 0.0, -1.0, 0.0, -1.0, -1.0, -1.0, 1.0, 2.0, 1.0, 2.0, 0.0, -1.0, -1.0, 0.0, 3.0, 0.0, 0.0, 0.0, 1.0, 3.0, 96391.0, 502.0
1.0, -1.0, -1.0, -1.0, 0.0, 0.0, -1.0, 3.0, 1.0, -1.0, 2.0, 0.0, 2.0, 1.0, -1.0, 3.0, 2.0, -1.0, 0.0, -1.0, 1.0, 2.0, 1.0, -1.0, 1.0, 1.0, 2.0, -1.0, 2.0, 2.0, 0.0, -1.0, 0.0, -1.0, -1.0, -1.0, 1.0, 2.0, 1.0, 2.0, 0.0, 0.0, -1.0, 0.0, 3.0, 0.0, 0.0, 1.0, 1.0, 3.0, 96361.0, 503.0
1.0, -1.0, -1.0, -1.0, 0.0, 0.0, -1.0, 3.0, 1.0, -1.0, 2.0, 0.0, 2.0, 1.0, -1.0, 3.0, 2.0, -1.0, 0.0, -1.0, 0.0, 2.0, 1.0, -1.0, 1.0, 3.0, 2.0, -1.0, 2.0, -1.0, 0.0, -1.0, 0.0, -1.0, -1.0, 0.0, 1.0, 2.0, 1.0, 2.0, 0.0, -1.0, -1.0, 0.0, 3.0, 2.0, 0.0, 0.0, 1.0, 3.0, 96528.0, 489.0
1.0, -1.0, -1.0, -1.0, 0.0, 0.0, -1.0, 3.0, 1.0, -1.0, 2.0, 0.0, 2.0, 1.0, -1.0, 3.0, 0.0, -1.0, 0.0, -1.0, 1.0, 2.0, 1.0, -1.0, 1.0, 3.0, 2.0, -1.0, 2.0, 2.0, 0.0, -1.0, 0.0, -1.0, -1.0, -1.0, 1.0, 2.0, 1.0, 2.0, 0.0, -1.0, -1.0, 0.0, 3.0, 0.0, 0.0, 1.0, 1.0, 3.0, 96518.0, 491.0
1.0, 0.0, -1.0, -1.0, 1.0, -1.0, 1.0, 2.0, 0.0, -1.0, -1.0, 2.0, 1.0, 0.0, 1.0, 3.0, 2.0, -1.0, -1.0, 1.0, 1.0, 0.0, 2.0, 1.0, 3.0, -1.0, 2.0, 3.0, 2.0, -1.0, 0.0, 1.0, 0.0, -1.0, 2.0, 0.0, 1.0, 2.0, 1.0, 0.0, -1.0, 2.0, 2.0, 0.0, -1.0, 1.0, 2.0, 2.0, 0.0, -1.0, 96205.0, 504.0
1.0, -1.0, -1.0, 0.0, 0.0, 0.0, -1.0, 3.0, 1.0, -1.0, 2.0, 0.0, 2.0, 1.0, -1.0, 3.0, 2.0, -1.0, 0.0, -1.0, 1.0, 2.0, 1.0, -1.0, 1.0, 3.0, 2.0, -1.0, 2.0, 2.0, 0.0, -1.0, 0.0, -1.0, -1.0, -1.0, 1.0, 2.0, 1.0, 2.0, 0.0, -1.0, -1.0, 0.0, 3.0, 0.0, 0.0, 0.0, 1.0, 3.0, 96391.0, 502.0
1.0, -1.0, -1.0, 0.0, 0.0, 0.0, -1.0, 3.0, 1.0, -1.0, 2.0, 0.0, 2.0, 1.0, -1.0, 3.0, 2.0, -1.0, 0.0, -1.0, 1.0, 2.0, 1.0, -1.0, 1.0, 3.0, 2.0, -1.0, 2.0, 2.0, 0.0, -1.0, 0.0, -1.0, -1.0, -1.0, 1.0, 2.0, 1.0, 2.0, 0.0, -1.0, -1.0, 0.0, 3.0, 0.0, 0.0, 0.0, 1.0, 3.0, 96391.0, 502.0
1.0, -1.0, -1.0, 0.0, 0.0, 0.0, -1.0, 3.0, 1.0, -1.0, 2.0, 0.0, 2.0, 1.0, -1.0, 3.0, 2.0, -1.0, 0.0, -1.0, 1.0, 2.0, 1.0, -1.0, 1.0, 3.0, 2.0, -1.0, 2.0, 2.0, 0.0, -1.0, 0.0, -1.0, -1.0, -1.0, 1.0, 2.0, 1.0, 2.0, 0.0, -1.0, -1.0, 0.0, 3.0, 0.0, 0.0, 0.0, 1.0, 3.0, 96391.0, 502.0
1.0, -1.0, -1.0, -1.0, 0.0, 0.0, -1.0, 3.0, 1.0, -1.0, 2.0, 0.0, 2.0, 1.0, -1.0, 3.0, 2.0, -1.0, 0.0, -1.0, 1.0, 2.0, 1.0, -1.0, 1.0, 1.0, 2.0, -1.0, 2.0, 2.0, 0.0, -1.0, 0.0, -1.0, -1.0, -1.0, 1.0, 2.0, 1.0, 2.0, 0.0, 0.0, -1.0, 0.0, 3.0, 0.0, 0.0, 1.0, 1.0, 3.0, 96361.0, 503.0
1.0, -1.0, -1.0, -1.0, 0.0, 0.0, -1.0, 3.0, 1.0, -1.0, 2.0, 0.0, 2.0, 1.0, -1.0, 3.0, 2.0, -1.0, 0.0, -1.0, 0.0, 2.0, 1.0, -1.0, 1.0, 3.0, 2.0, -1.0, 2.0, -1.0, 0.0, -1.0, 0.0, -1.0, -1.0, 0.0, 1.0, 2.0, 1.0, 2.0, 0.0, -1.0, -1.0, 0.0, 3.0, 2.0, 0.0, 0.0, 1.0, 3.0, 96528.0, 489.0
1.0, -1.0, -1.0, -1.0, 0.0, 0.0, -1.0, 3.0, 1.0, -1.0, 2.0, 0.0, 2.0, 1.0, -1.0, 3.0, 0.0, -1.0, 0.0, -1.0, 1.0, 2.0, 1.0, -1.0, 1.0, 3.0, 2.0, -1.0, 2.0, 2.0, 0.0, -1.0, 0.0, -1.0, -1.0, -1.0, 1.0, 2.0, 1.0, 2.0, 0.0, -1.0, -1.0, 0.0, 3.0, 0.0, 0.0, 1.0, 1.0, 3.0, 96518.0, 491.0
1.0, -1.0, -1.0, -1.0, 0.0, 0.0, -1.0, 3.0, 1.0, -1.0, 2.0, 0.0, 1.0, 1.0, -1.0, 3.0, 2.0, -1.0, 0.0, -1.0, 1.0, 2.0, 1.0, -1.0, 1.0, 3.0, 2.0, -1.0, 2.0, -1.0, 0.0, -1.0, 0.0, -1.0, -1.0, -1.0, 1.0, 2.0, 1.0, 2.0, 0.0, -1.0, -1.0, 0.0, 3.0, 2.0, 0.0, 1.0, 1.0, 3.0, 96691.0, 474.0
1.0, 0.0, -1.0, -1.0, 1.0, -1.0, 1.0, 1.0, 0.0, -1.0, -1.0, 2.0, 0.0, 0.0, 1.0, 3.0, 2.0, 2.0, -1.0, 1.0, 1.0, 0.0, 2.0, 1.0, 3.0, -1.0, 2.0, 3.0, 2.0, -1.0, 0.0, 1.0, 0.0, -1.0, 2.0, 0.0, 1.0, 2.0, 1.0, 0.0, -1.0, 2.0, 2.0, 0.0, -1.0, 1.0, 2.0, 2.0, 0.0, -1.0, 96109.0, 523.0
1.0, 0.0, -1.0, -1.0, 1.0, -1.0, 1.0, 1.0, 0.0, -1.0, -1.0, 2.0, 0.0, 0.0, 1.0, 3.0, 2.0, 2.0, -1.0, 1.0, 1.0, 0.0, 2.0, 1.0, 3.0, -1.0, 2.0, 3.0, 2.0, -1.0, 0.0, 1.0, 0.0, -1.0, 2.0, 0.0, 1.0, 2.0, 1.0, 0.0, -1.0, 2.0, 2.0, 0.0, -1.0, 1.0, 2.0, 2.0, 0.0, -1.0, 96109.0, 523.0
1.0, -1.0, -1.0, -1.0, 0.0, 0.0, -1.0, 3.0, 1.0, -1.0, 2.0, 0.0, 2.0, 1.0, -1.0, 3.0, 2.0, -1.0, 0.0, -1.0, 1.0, 2.0, 1.0, -1.0, 1.0, 3.0, 2.0, -1.0, 2.0, -1.0, 0.0, -1.0, 0.0, -1.0, -1.0, -1.0, 1.0, 2.0, 1.0, 2.0, 0.0, -1.0, -1.0, 0.0, 3.0, 2.0, 0.0, 1.0, 1.0, 3.0, 96711.0, 474.0
1.0, -1.0, -1.0, -1.0, 0.0, 0.0, -1.0, 3.0, 1.0, -1.0, 2.0, 0.0, 2.0, 1.0, -1.0, 3.0, 2.0, -1.0, 0.0, -1.0, 1.0, 2.0, 1.0, -1.0, 1.0, 3.0, 2.0, -1.0, 2.0, -1.0, 0.0, -1.0, 0.0, -1.0, -1.0, -1.0, 1.0, 2.0, 1.0, 2.0, 0.0, -1.0, -1.0, 0.0, 3.0, 2.0, 0.0, 1.0, 1.0, 3.0, 96711.0, 474.0
