0.0, 1.0, 1.0, -1.0, 0.0, 3.0, -1.0, -1.0, 0.0, 2.0, 3.0, 2.0, -1.0, 0.0, 1.0, 0.0, -1.0, 2.0, 2.0, 0.0, 0.0, 2.0, 3.0, 2.0, 0.0, -1.0, 0.0, 1.0, -1.0, 1.0, -1.0, -1.0, 1.0, -1.0, 3.0, -1.0, 2.0, 0.0, -1.0, -1.0, 0.0, 1.0, -1.0, -1.0, 1.0, 1.0, 1.0, 3.0, 1.0, 2.0, 97011.0, 486.0
0.0, 1.0, 2.0, -1.0, 1.0, 2.0, 1.0, 1.0, 1.0, 1.0, -1.0, -1.0, 3.0, -1.0, -1.0, 3.0, 1.0, -1.0, 2.0, -1.0, 2.0, -1.0, 0.0, 1.0, 1.0, 2.0, 2.0, 3.0, 0.0, 2.0, 3.0, 3.0, 3.0, -1.0, 2.0, 0.0, 1.0, 0.0, 1.0, 2.0, 1.0, 2.0, 3.0, 0.0, -1.0, 0.0, 2.0, -1.0, 0.0, 1.0, 96679.0, 519.0
0.0, 1.0, 2.0, -1.0, 1.0, 2.0, 1.0, 1.0, 1.0, 1.0, -1.0, -1.0, 3.0, -1.0, -1.0, 3.0, 1.0, -1.0, 2.0, -1.0, 2.0, -1.0, 0.0, 1.0, 1.0, 2.0, 2.0, 3.0, 0.0, 2.0, 3.0, 3.0, 3.0, -1.0, 2.0, 0.0, 1.0, 0.0, 1.0, 2.0, 1.0, 2.0, 3.0, 0.0, -1.0, 0.0, 2.0, -1.0, 0.0, 1.0, 96679.0, 519.0
0.0, 0.0, 2.0, 0.0, 3.0, 1.0, 1.0, -1.0, 3.0, 1.0, 0.0, 0.0, 2.0, 2.0, -1.0, -1.0, -1.0, -1.0, -1.0, 0.0, 2.0, -1.0, 0.0, 0.0, 1.0, 1.0, 2.0, 1.0, 1.0, 2.0, 1.0, -1.0, -1.0, -1.0, 2.0, -1.0, -1.0, 2.0, 1.0, 0.0, -1.0, -1.0, -1.0, 2.0, 1.0, 1.0, -1.0, 0.0, 0.0, 3.0, 97235.0, 473.0
0.0, 0.0, 2.0, 0.0, 3.0, 1.0, 1.0, -1.0, 3.0, 1.0, 0.0, 0.0, 2.0, 2.0, -1.0, -1.0, -1.0, -1.0, -1.0, 0.0, 2.0, -1.0, 0.0, 0.0, 1.0, 1.0, 2.0, 1.0, 1.0, 2.0, 1.0, -1.0, -1.0, -1.0, 2.0, -1.0, -1.0, 2.0, 1.0, 0.0, -1.0, -1.0, -1.0, 2.0, 1.0, 1.0, -1.0, 0.0, 0.0, 3.0, 97235.0, 473.0
0.0, 0.0, 2.0, 0.0, 3.0, 1.0, 1.0, -1.0, 3.0, 1.0, 0.0, 0.0, 2.0, 2.0, -1.0, -1.0, -1.0, -1.0, -1.0, 0.0, 2.0, -1.0, 0.0, 0.0, 1.0, 1.0, 2.0, 1.0, 1.0, 2.0, 1.0, -1.0, -1.0, -1.0, 2.0, -1.0, -1.0, 2.0, 1.0, 0.0, -1.0, -1.0, -1.0, 2.0, 1.0, 1.0, -1.0, 0.0, 0.0, 3.0, 97235.0, 473.0
0.0, 0.0, 2.0, 0.0, 3.0, 1.0, 1.0, -1.0, 3.0, 1.0, 0.0, 0.0, 2.0, 2.0, -1.0, -1.0, -1.0, -1.0, -1.0, 0.0, 2.0, -1.0, 0.0, 0.0, 1.0, 1.0, 2.0, 1.0, 1.0, 2.0, 1.0, -1.0, -1.0, -1.0, 2.0, -1.0, -1.0, 2.0, 1.0, 0.0, -1.0, -1.0, -1.0, 2.0, 1.0, 1.0, -1.0, 0.0, 0.0, 3.0, 97235.0, 473.0
1.0, 1.0, 3.0, 2.0, -1.0, -1.0, 3.0, -1.0, 2.0, 2.0, 2.0, 0.0, 0.0, 2.0, -1.0, 0.0, 0.0, 1.0, -1.0, 1.0, 2.0, 2.0, 1.0, 0.0, 0.0, 3.0, 3.0, 0.0, 1.0, 1.0, 0.0, 2.0, 3.0, -1.0, 2.0, 2.0, 1.0, -1.0, -1.0, -1.0, 1.0, 1.0, -1.0, 1.0, -1.0, 0.0, 0.0, 0.0, -1.0, 2.0, 96649.0, 522.0
2.0, -1.0, -1.0, 1.0, 1.0, 2.0, -1.0, -1.0, 0.0, 3.0, 0.0, 1.0, 2.0, 0.0, 2.0, 2.0, 2.0, 1.0, 1.0, 3.0, -1.0, -1.0, -1.0, -1.0, -1.0, 0.0, 1.0, 2.0, 1.0, 1.0, 2.0, 3.0, -1.0, 0.0, -1.0, 1.0, -1.0, 0.0, 2.0, 0.0, 0.0, -1.0, 3.0, 2.0, 0.0, 1.0, 1.0, 3.0, 0.0, 2.0, 96790.0, 507.0
2.0, -1.0, -1.0, 1.0, 1.0, 2.0, -1.0, -1.0, 0.0, 3.0, 0.0, 1.0, 2.0, 0.0, 2.0, 2.0, 2.0, 1.0, 1.0, 3.0, -1.0, -1.0, -1.0, -1.0, -1.0, 0.0, 1.0, 2.0, 1.0, 1.0, 2.0, 3.0, -1.0, 0.0, -1.0, 1.0, -1.0, 0.0, 2.0, 0.0, 0.0, -1.0, 3.0, 2.0, 0.0, 1.0, 1.0, 3.0, 0.0, 2.0, 96790.0, 507.0
2.0, -1.0, -1.0, 1.0, 1.0, 2.0, -1.0, -1.0, 0.0, 3.0, 0.0, 1.0, 2.0, 0.0, 2.0, 2.0, 2.0, 1.0, 1.0, 3.0, -1.0, -1.0, -1.0, -1.0, -1.0, 0.0, 1.0, 2.0, 1.0, 1.0, 2.0, 3.0, -1.0, 0.0, -1.0, 1.0, -1.0, 0.0, 2.0, 0.0, 0.0, -1.0, 3.0, 2.0, 0.0, 1.0, 1.0, 3.0, 0.0, 2.0, 96790.0, 507.0
2.0, -1.0, -1.0, 1.0, 1.0, 2.0, -1.0, -1.0, 0.0, 3.0, 0.0, 1.0, 2.0, 0.0, 2.0, 2.0, 2.0, 1.0, 1.0, 3.0, -1.0, -1.0, -1.0, -1.0, -1.0, 0.0, 1.0, 2.0, 1.0, 1.0, 2.0, 3.0, -1.0, 0.0, -1.0, 1.0, -1.0, 0.0, 2.0, 0.0, 0.0, -1.0, 3.0, 2.0, 0.0, 1.0, 1.0, 3.0, 0.0, 2.0, 96790.0, 507.0
2.0, -1.0, -1.0, 1.0, 1.0, 2.0, -1.0, -1.0, 0.0, 3.0, 0.0, 1.0, 2.0, 0.0, 2.0, 2.0, 2.0, 1.0, 1.0, 3.0, -1.0, -1.0, -1.0, -1.0, -1.0, 0.0, 1.0, 2.0, 1.0, 1.0, 2.0, 3.0, -1.0, 0.0, -1.0, 1.0, -1.0, 0.0, 2.0, 0.0, 0.0, -1.0, 3.0, 2.0, 0.0, 1.0, 1.0, 3.0, 0.0, 2.0, 96790.0, 507.0
2.0, -1.0, -1.0, 1.0, 1.0, 2.0, -1.0, -1.0, 0.0, 3.0, 0.0, 1.0, 2.0, 0.0, 2.0, 2.0, 2.0, 1.0, 1.0, 3.0, -1.0, -1.0, -1.0, -1.0, -1.0, 0.0, 1.0, 2.0, 1.0, 1.0, 2.0, 3.0, -1.0, 0.0, -1.0, 1.0, -1.0, 0.0, 2.0, 0.0, 0.0, -1.0, 3.0, 2.0, 0.0, 1.0, 1.0, 3.0, 0.0, 2.0, 96790.0, 507.0
2.0, -1.0, -1.0, 1.0, 1.0, 2.0, -1.0, -1.0, 0.0, 3.0, 0.0, 1.0, 2.0, 0.0, 2.0, 2.0, 2.0, 1.0, 1.0, 3.0, -1.0, -1.0, -1.0, -1.0, -1.0, 0.0, 1.0, 2.0, 1.0, 1.0, 2.0, 3.0, -1.0, 0.0, -1.0, 1.0, -1.0, 0.0, 2.0, 0.0, 0.0, -1.0, 3.0, 2.0, 0.0, 1.0, 1.0, 3.0, 0.0, 2.0, 96790.0, 507.0
2.0, -1.0, -1.0, 1.0, 1.0, 2.0, -1.0, -1.0, 0.0, 3.0, 0.0, 1.0, 2.0, 0.0, 2.0, 2.0, 2.0, 1.0, 1.0, 3.0, -1.0, -1.0, -1.0, -1.0, -1.0, 0.0, 1.0, 2.0, 1.0, 1.0, 2.0, 3.0, -1.0, 0.0, -1.0, 1.0, -1.0, 0.0, 2.0, 0.0, 0.0, -1.0, 3.0, 2.0, 0.0, 1.0, 1.0, 3.0, 0.0, 2.0, 96790.0, 507.0
2.0, -1.0, -1.0, 1.0, 1.0, 2.0, -1.0, -1.0, 0.0, 3.0, 0.0, 1.0, 2.0, 0.0, 2.0, 2.0, 2.0, 1.0, 1.0, 3.0, -1.0, -1.0, -1.0, -1.0, -1.0, 0.0, 1.0, 2.0, 1.0, 1.0, 2.0, 3.0, -1.0, 0.0, -1.0, 1.0, -1.0, 0.0, 2.0, 0.0, 0.0, -1.0, 3.0, 2.0, 0.0, 1.0, 1.0, 3.0, 0.0, 2.0, 96790.0, 507.0
2.0, -1.0, -1.0, 1.0, 1.0, 2.0, -1.0, -1.0, 0.0, 3.0, 0.0, 1.0, 2.0, 0.0, 2.0, 2.0, 2.0, 1.0, 1.0, 3.0, -1.0, -1.0, -1.0, -1.0, -1.0, 0.0, 1.0, 2.0, 1.0, 1.0, 2.0, 3.0, -1.0, 0.0, -1.0, 1.0, -1.0, 0.0, 2.0, 0.0, 0.0, -1.0, 3.0, 2.0, 0.0, 1.0, 1.0, 3.0, 0.0, 2.0, 96790.0, 507.0
2.0, -1.0, -1.0, 1.0, 1.0, 2.0, -1.0, -1.0, 0.0, 3.0, 0.0, 1.0, 2.0, 0.0, 2.0, 2.0, 2.0, 1.0, 1.0, 3.0, -1.0, -1.0, -1.0, -1.0, -1.0, 0.0, 1.0, 2.0, 1.0, 1.0, 2.0, 3.0, -1.0, 0.0, -1.0, 1.0, -1.0, 0.0, 2.0, 0.0, 0.0, -1.0, 3.0, 2.0, 0.0, 1.0, 1.0, 3.0, 0.0, 2.0, 96790.0, 507.0
2.0, -1.0, -1.0, 1.0, 1.0, 2.0, -1.0, -1.0, 0.0, 3.0, 0.0, 1.0, 2.0, 0.0, 2.0, 2.0, 2.0, 1.0, 1.0, 3.0, -1.0, -1.0, -1.0, -1.0, -1.0, 0.0, 1.0, 2.0, 1.0, 1.0, 2.0, 3.0, -1.0, 0.0, -1.0, 1.0, -1.0, 0.0, 2.0, 0.0, 0.0, -1.0, 3.0, 2.0, 0.0, 1.0, 1.0, 3.0, 0.0, 2.0, 96790.0, 507.0
0.0, 2.0, 1.0, -1.0, 2.0, 0.0, 2.0, 0.0, 0.0, 2.0, 2.0, 2.0, 1.0, -1.0, 0.0, 2.0, 0.0, 0.0, -1.0, 2.0, -1.0, -1.0, 1.0, -1.0, 1.0, 0.0, 3.0, 2.0, 0.0, 0.0, 2.0, 1.0, 1.0, 1.0, -1.0, 3.0, 1.0, 1.0, 1.0, -1.0, 0.0, 1.0, 1.0, 3.0, 2.0, 2.0, 0.0, 2.0, -1.0, 1.0, 96129.0, 568.0
2.0, 0.0, 2.0, 1.0, 2.0, 2.0, 0.0, 0.0, 2.0, 1.0, 2.0, -1.0, 1.0, -1.0, 2.0, 3.0, 1.0, 2.0, 1.0, 1.0, 1.0, -1.0, 0.0, 0.0, 0.0, 2.0, 0.0, 0.0, 3.0, 0.0, -1.0, 2.0, 0.0, 3.0, -1.0, 1.0, 0.0, 1.0, 3.0, 3.0, 2.0, 0.0, 0.0, 1.0, -1.0, 2.0, 0.0, -1.0, 1.0, 1.0, 96109.0, 587.0
2.0, 0.0, 2.0, 1.0, 2.0, 2.0, 0.0, 0.0, 2.0, 1.0, 2.0, -1.0, 1.0, -1.0, 2.0, 3.0, 1.0, 2.0, 1.0, 1.0, 1.0, -1.0, 0.0, 0.0, 0.0, 2.0, 0.0, 0.0, 3.0, 0.0, -1.0, 2.0, 0.0, 3.0, -1.0, 1.0, 0.0, 1.0, 3.0, 3.0, 2.0, 0.0, 0.0, 1.0, -1.0, 2.0, 0.0, -1.0, 1.0, 1.0, 96109.0, 587.0
-1.0, 0.0, 0.0, -1.0, 1.0, -1.0, 0.0, 0.0, 3.0, 1.0, 1.0, 1.0, 3.0, 1.0, 0.0, -1.0, 1.0, 3.0, 0.0, 2.0, 2.0, 0.0, 1.0, -1.0, 2.0, 0.0, -1.0, -1.0, 3.0, 0.0, 2.0, 1.0, 2.0, 2.0, 2.0, 2.0, -1.0, 1.0, 1.0, -1.0, -1.0, 2.0, 2.0, -1.0, 0.0, 0.0, 1.0, 2.0, 0.0, 1.0, 96345.0, 551.0
0.0, 1.0, 1.0, -1.0, 0.0, 3.0, -1.0, 1.0, 0.0, 2.0, 3.0, 2.0, -1.0, 0.0, 1.0, 0.0, -1.0, 2.0, 2.0, 0.0, 0.0, 2.0, 3.0, 2.0, 0.0, -1.0, 0.0, 1.0, -1.0, 1.0, -1.0, -1.0, 1.0, 2.0, 3.0, -1.0, 2.0, 0.0, -1.0, -1.0, 0.0, 1.0, -1.0, -1.0, 1.0, 0.0, 1.0, 3.0, 1.0, 2.0, 96732.0, 518.0
0.0, 1.0, 2.0, -1.0, 1.0, 2.0, 1.0, 1.0, 1.0, 1.0, 2.0, -1.0, 3.0, -1.0, -1.0, 3.0, 1.0, -1.0, 2.0, -1.0, 2.0, -1.0, 0.0, 1.0, 1.0, 2.0, 2.0, 3.0, 0.0, 2.0, 3.0, 3.0, 3.0, -1.0, 2.0, 0.0, 1.0, 0.0, 1.0, 2.0, 1.0, 2.0, 3.0, 0.0, -1.0, 0.0, 2.0, -1.0, 0.0, 1.0, 96623.0, 532.0
0.0, 1.0, 2.0, -1.0, 1.0, 2.0, 1.0, 1.0, 1.0, 1.0, 2.0, -1.0, 3.0, -1.0, -1.0, 3.0, 1.0, -1.0, 2.0, -1.0, 2.0, -1.0, 0.0, 1.0, 1.0, 2.0, 2.0, 3.0, 0.0, 2.0, 3.0, 3.0, 3.0, -1.0, 2.0, 0.0, 1.0, 0.0, 1.0, 2.0, 1.0, 2.0, 3.0, 0.0, -1.0, 0.0, 2.0, -1.0, 0.0, 1.0, 96623.0, 532.0
0.0, 1.0, 2.0, -1.0, 1.0, 2.0, 1.0, 1.0, 1.0, 1.0, 2.0, -1.0, 3.0, -1.0, -1.0, 3.0, 1.0, -1.0, 2.0, -1.0, 2.0, -1.0, 0.0, 1.0, 1.0, 2.0, 2.0, 3.0, 0.0, 2.0, 3.0, 3.0, 3.0, -1.0, 2.0, 0.0, 1.0, 0.0, 1.0, 2.0, 1.0, 2.0, 3.0, 0.0, -1.0, 0.0, 2.0, -1.0, 0.0, 1.0, 96623.0, 532.0
0.0, 1.0, 2.0, -1.0, 1.0, 2.0, 1.0, 1.0, 1.0, 1.0, 2.0, -1.0, 3.0, -1.0, -1.0, 3.0, 1.0, -1.0, 2.0, -1.0, 2.0, -1.0, 0.0, 1.0, 1.0, 2.0, 2.0, 3.0, 0.0, 2.0, 3.0, 3.0, 3.0, -1.0, 2.0, 0.0, 1.0, 0.0, 1.0, 2.0, 1.0, 2.0, 3.0, 0.0, -1.0, 0.0, 2.0, -1.0, 0.0, 1.0, 96623.0, 532.0
2.0, 1.0, 0.0, 0.0, -1.0, 1.0, 0.0, 2.0, 2.0, -1.0, 1.0, 0.0, 2.0, 3.0, 2.0, -1.0, 0.0, -1.0, 3.0, 2.0, 2.0, 1.0, -1.0, -1.0, -1.0, 2.0, 1.0, 1.0, 1.0, 2.0, 0.0, -1.0, 1.0, 1.0, 0.0, 0.0, 1.0, 2.0, 1.0, 1.0, 0.0, 0.0, -1.0, 1.0, -1.0, 0.0, -1.0, 0.0, 3.0, 2.0, 96489.0, 542.0
1.0, 1.0, 1.0, 2.0, -1.0, 3.0, 3.0, -1.0, 2.0, 2.0, 2.0, 0.0, 0.0, 2.0, -1.0, 0.0, 0.0, 1.0, -1.0, 1.0, 2.0, 2.0, 1.0, 0.0, 0.0, 3.0, 3.0, 0.0, 1.0, 1.0, 0.0, 2.0, 3.0, -1.0, 2.0, 2.0, 1.0, -1.0, -1.0, -1.0, 1.0, 1.0, -1.0, 1.0, -1.0, 2.0, 0.0, 0.0, -1.0, 2.0, 96603.0, 533.0
0.0, 0.0, 2.0, 0.0, 3.0, 1.0, 1.0, -1.0, 3.0, 1.0, 0.0, 0.0, 2.0, 2.0, -1.0, 0.0, -1.0, -1.0, -1.0, 0.0, 2.0, -1.0, 0.0, 0.0, 1.0, 1.0, 2.0, 1.0, 1.0, 2.0, 1.0, -1.0, -1.0, -1.0, 2.0, -1.0, -1.0, 2.0, 1.0, 0.0, -1.0, -1.0, -1.0, 2.0, 1.0, 1.0, -1.0, 0.0, 0.0, 3.0, 97091.0, 487.0
0.0, 0.0, 2.0, 0.0, 3.0, 1.0, 1.0, -1.0, 3.0, 1.0, 0.0, 0.0, 2.0, 2.0, -1.0, 0.0, -1.0, -1.0, -1.0, 0.0, 2.0, -1.0, 0.0, 0.0, 1.0, 1.0, 2.0, 1.0, 1.0, 2.0, 1.0, -1.0, -1.0, -1.0, 2.0, -1.0, -1.0, 2.0, 1.0, 0.0, -1.0, -1.0, -1.0, 2.0, 1.0, 1.0, -1.0, 0.0, 0.0, 3.0, 97091.0, 487.0
-1.0, -1.0, 0.0, -1.0, 0.0, 1.0, 2.0, 3.0, -1.0, 1.0, -1.0, -1.0, 1.0, 0.0, 1.0, 3.0, 2.0, 3.0, -1.0, 2.0, 1.0, 3.0, -1.0, 1.0, 2.0, -1.0, 3.0, 0.0, 1.0, 0.0, 0.0, 2.0, 2.0, 2.0, 1.0, 3.0, 1.0, -1.0, 1.0, 2.0, -1.0, -1.0, -1.0, -1.0, 1.0, -1.0, 2.0, 1.0, 2.0, 2.0, 97279.0, 475.0
-1.0, -1.0, 0.0, -1.0, 0.0, 1.0, 2.0, 3.0, -1.0, 1.0, -1.0, -1.0, 1.0, 0.0, 1.0, 3.0, 2.0, 3.0, -1.0, 2.0, 1.0, 3.0, -1.0, 1.0, 2.0, -1.0, 3.0, 0.0, 1.0, 0.0, 0.0, 2.0, 2.0, 2.0, 1.0, 3.0, 1.0, -1.0, 1.0, 2.0, -1.0, -1.0, -1.0, -1.0, 1.0, -1.0, 2.0, 1.0, 2.0, 2.0, 97279.0, 475.0
1.0, 1.0, 0.0, 3.0, 1.0, -1.0, 0.0, 0.0, 2.0, 1.0, 0.0, 0.0, 1.0, 2.0, 2.0, 1.0, 3.0, 0.0, 2.0, 1.0, 3.0, 0.0, 0.0, 2.0, -1.0, 1.0, 2.0, 3.0, 1.0, 2.0, 2.0, 0.0, 3.0, 2.0, 0.0, 2.0, 3.0, 0.0, 3.0, 3.0, 1.0, 0.0, -1.0, 1.0, 1.0, -1.0, 1.0, 2.0, 2.0, 0.0, 95904.0, 644.0
2.0, 1.0, -1.0, -1.0, -1.0, 1.0, 1.0, 2.0, -1.0, -1.0, 0.0, 0.0, 1.0, 2.0, 2.0, -1.0, 0.0, 0.0, 1.0, 0.0, 1.0, 0.0, -1.0, 0.0, -1.0, 1.0, 0.0, -1.0, -1.0, 3.0, 0.0, 2.0, 1.0, 1.0, 2.0, 3.0, 1.0, 2.0, 1.0, 2.0, 0.0, -1.0, -1.0, 0.0, 1.0, 0.0, 3.0, 3.0, 2.0, 0.0, 96662.0, 527.0
2.0, 1.0, -1.0, -1.0, -1.0, 1.0, 1.0, 2.0, -1.0, -1.0, 0.0, 0.0, 1.0, 2.0, 2.0, -1.0, 0.0, 0.0, 1.0, 0.0, 1.0, 0.0, -1.0, 0.0, -1.0, 1.0, 0.0, -1.0, -1.0, 3.0, 0.0, 2.0, 1.0, 1.0, 2.0, 3.0, 1.0, 2.0, 1.0, 2.0, 0.0, -1.0, -1.0, 0.0, 1.0, 0.0, 3.0, 3.0, 2.0, 0.0, 96662.0, 527.0
2.0, 1.0, -1.0, -1.0, -1.0, 1.0, 1.0, 2.0, -1.0, -1.0, 0.0, 0.0, 1.0, 2.0, 2.0, -1.0, 0.0, 0.0, 1.0, 0.0, 1.0, 0.0, -1.0, 0.0, -1.0, 1.0, 0.0, -1.0, -1.0, 3.0, 0.0, 2.0, 1.0, 1.0, 2.0, 3.0, 1.0, 2.0, 1.0, 2.0, 0.0, -1.0, -1.0, 0.0, 1.0, 0.0, 3.0, 3.0, 2.0, 0.0, 96662.0, 527.0
2.0, 1.0, -1.0, -1.0, -1.0, 1.0, 1.0, 2.0, -1.0, -1.0, 0.0, 0.0, 1.0, 2.0, 2.0, -1.0, 0.0, 0.0, 1.0, 0.0, 1.0, 0.0, -1.0, 0.0, -1.0, 1.0, 0.0, -1.0, -1.0, 3.0, 0.0, 2.0, 1.0, 1.0, 2.0, 3.0, 1.0, 2.0, 1.0, 2.0, 0.0, -1.0, -1.0, 0.0, 1.0, 0.0, 3.0, 3.0, 2.0, 0.0, 96662.0, 527.0
2.0, 1.0, -1.0, -1.0, -1.0, 1.0, 1.0, 2.0, -1.0, -1.0, 0.0, 0.0, 1.0, 2.0, 2.0, -1.0, 0.0, 0.0, 1.0, 0.0, 1.0, 0.0, -1.0, 0.0, -1.0, 1.0, 0.0, -1.0, -1.0, 3.0, 0.0, 2.0, 1.0, 1.0, 2.0, 3.0, 1.0, 2.0, 1.0, 2.0, 0.0, -1.0, -1.0, 0.0, 1.0, 0.0, 3.0, 3.0, 2.0, 0.0, 96662.0, 527.0
2.0, 1.0, -1.0, -1.0, -1.0, 1.0, 1.0, 2.0, -1.0, -1.0, 0.0, 0.0, 1.0, 2.0, 2.0, -1.0, 0.0, 0.0, 1.0, 0.0, 1.0, 0.0, -1.0, 0.0, -1.0, 1.0, 0.0, -1.0, -1.0, 3.0, 0.0, 2.0, 1.0, 1.0, 2.0, 3.0, 1.0, 2.0, 1.0, 2.0, 0.0, -1.0, -1.0, 0.0, 1.0, 0.0, 3.0, 3.0, 2.0, 0.0, 96662.0, 527.0
2.0, 1.0, -1.0, -1.0, -1.0, 1.0, 1.0, 2.0, -1.0, -1.0, 0.0, 0.0, 1.0, 2.0, 2.0, -1.0, 0.0, 0.0, 1.0, 0.0, 1.0, 0.0, -1.0, 0.0, -1.0, 1.0, 0.0, -1.0, -1.0, 3.0, 0.0, 2.0, 1.0, 1.0, 2.0, 3.0, 1.0, 2.0, 1.0, 2.0, 0.0, -1.0, -1.0, 0.0, 1.0, 0.0, 3.0, 3.0, 2.0, 0.0, 96662.0, 527.0
1.0, 1.0, 0.0, -1.0, -1.0, 2.0, 3.0, 3.0, -1.0, 0.0, 2.0, 1.0, 1.0, 2.0, 2.0, -1.0, -1.0, 2.0, 3.0, 2.0, 1.0, 0.0, 0.0, -1.0, -1.0, 0.0, -1.0, 3.0, 1.0, 3.0, -1.0, 1.0, 0.0, 1.0, 2.0, 2.0, 3.0, 3.0, 2.0, -1.0, 0.0, 2.0, 1.0, 0.0, -1.0, 1.0, 1.0, -1.0, 0.0, 2.0, 96684.0, 526.0
2.0, -1.0, -1.0, 1.0, 1.0, 2.0, -1.0, -1.0, 0.0, 3.0, 0.0, 1.0, 2.0, 0.0, 2.0, 2.0, 2.0, 1.0, 1.0, 3.0, -1.0, -1.0, -1.0, -1.0, -1.0, 0.0, 1.0, 2.0, 1.0, 1.0, 3.0, 3.0, -1.0, 0.0, -1.0, 1.0, -1.0, 0.0, 2.0, 0.0, 0.0, -1.0, 3.0, 2.0, 0.0, 1.0, 1.0, 3.0, 0.0, 2.0, 96816.0, 507.0
2.0, -1.0, -1.0, 1.0, 1.0, 2.0, -1.0, -1.0, 0.0, 3.0, 0.0, 1.0, 2.0, 0.0, 2.0, 2.0, 2.0, 1.0, 1.0, 3.0, -1.0, -1.0, -1.0, -1.0, -1.0, 0.0, 1.0, 2.0, 1.0, 1.0, 3.0, 3.0, -1.0, 0.0, -1.0, 1.0, -1.0, 0.0, 2.0, 0.0, 0.0, -1.0, 3.0, 2.0, 0.0, 1.0, 1.0, 3.0, 0.0, 2.0, 96816.0, 507.0
2.0, -1.0, -1.0, 1.0, 1.0, 2.0, -1.0, -1.0, 0.0, 3.0, 0.0, 1.0, 2.0, 0.0, 2.0, 2.0, 2.0, 1.0, 1.0, 3.0, -1.0, -1.0, -1.0, -1.0, -1.0, 0.0, 1.0, 2.0, 1.0, 1.0, 3.0, 3.0, -1.0, 0.0, -1.0, 1.0, -1.0, 0.0, 2.0, 0.0, 0.0, -1.0, 3.0, 2.0, 0.0, 1.0, 1.0, 3.0, 0.0, 2.0, 96816.0, 507.0
2.0, 1.0, -1.0, -1.0, -1.0, 1.0, 1.0, 2.0, -1.0, -1.0, 0.0, 0.0, 1.0, 2.0, 2.0, -1.0, 0.0, 0.0, 1.0, 0.0, 1.0, 0.0, -1.0, 0.0, -1.0, 1.0, 0.0, -1.0, -1.0, 3.0, 0.0, 2.0, 1.0, 1.0, 2.0, 3.0, 1.0, 2.0, 1.0, 2.0, 0.0, -1.0, -1.0, 0.0, 1.0, -1.0, 3.0, 3.0, 2.0, 0.0, 96790.0, 515.0
2.0, 1.0, -1.0, -1.0, -1.0, 1.0, 1.0, 2.0, -1.0, -1.0, 0.0, 0.0, 1.0, 2.0, 2.0, -1.0, 0.0, 0.0, 1.0, 0.0, 1.0, 0.0, -1.0, 0.0, -1.0, 1.0, 0.0, -1.0, -1.0, 3.0, 0.0, 2.0, 1.0, 1.0, 2.0, 3.0, 1.0, 2.0, 1.0, 2.0, 0.0, -1.0, -1.0, 0.0, 1.0, -1.0, 3.0, 3.0, 2.0, 0.0, 96790.0, 515.0
2.0, 1.0, -1.0, -1.0, -1.0, 1.0, 1.0, 2.0, -1.0, -1.0, 0.0, 0.0, 1.0, 2.0, 2.0, -1.0, 0.0, 0.0, 1.0, 0.0, 1.0, 0.0, -1.0, 0.0, -1.0, 1.0, 0.0, -1.0, -1.0, 3.0, 0.0, 2.0, 1.0, 1.0, 2.0, 3.0, 1.0, 2.0, 1.0, 2.0, 0.0, -1.0, -1.0, 0.0, 1.0, -1.0, 3.0, 3.0, 2.0, 0.0, 96790.0, 515.0
2.0, 1.0, -1.0, -1.0, -1.0, 1.0, 1.0, 2.0, -1.0, -1.0, 0.0, 0.0, 1.0, 2.0, 2.0, -1.0, 0.0, 0.0, 1.0, 0.0, 1.0, 0.0, -1.0, 0.0, -1.0, 1.0, 0.0, -1.0, -1.0, 3.0, 0.0, 2.0, 1.0, 1.0, 2.0, 3.0, 1.0, 2.0, 1.0, 2.0, 0.0, -1.0, -1.0, 0.0, 1.0, -1.0, 3.0, 3.0, 2.0, 0.0, 96790.0, 515.0
2.0, 1.0, -1.0, -1.0, -1.0, 1.0, 1.0, 2.0, -1.0, -1.0, 0.0, 0.0, 1.0, 2.0, 2.0, -1.0, 0.0, 0.0, 1.0, 0.0, 1.0, 0.0, -1.0, 0.0, -1.0, 1.0, 0.0, -1.0, -1.0, 3.0, 0.0, 2.0, 1.0, 1.0, 2.0, 3.0, 1.0, 2.0, 1.0, 2.0, 0.0, -1.0, -1.0, 0.0, 1.0, -1.0, 3.0, 3.0, 2.0, 0.0, 96790.0, 515.0
2.0, 1.0, -1.0, -1.0, -1.0, 1.0, 1.0, 2.0, -1.0, -1.0, 0.0, 0.0, 1.0, 2.0, 2.0, -1.0, 0.0, 0.0, 1.0, 0.0, 1.0, 0.0, -1.0, 0.0, -1.0, 1.0, 0.0, -1.0, -1.0, 3.0, 0.0, 2.0, 1.0, 1.0, 2.0, 3.0, 1.0, 2.0, 1.0, 2.0, 0.0, -1.0, -1.0, 0.0, 1.0, -1.0, 3.0, 3.0, 2.0, 0.0, 96790.0, 515.0
2.0, 1.0, -1.0, -1.0, -1.0, 1.0, 1.0, 2.0, -1.0, -1.0, 0.0, 0.0, 1.0, 2.0, 2.0, -1.0, 0.0, 0.0, 1.0, 0.0, 1.0, 0.0, -1.0, 0.0, -1.0, 1.0, 0.0, -1.0, -1.0, 3.0, 0.0, 2.0, 1.0, 1.0, 2.0, 3.0, 1.0, 2.0, 1.0, 2.0, 0.0, -1.0, -1.0, 0.0, 1.0, -1.0, 3.0, 3.0, 2.0, 0.0, 96790.0, 515.0
2.0, 1.0, -1.0, -1.0, -1.0, 1.0, 1.0, 2.0, -1.0, -1.0, 0.0, 0.0, 1.0, 2.0, 2.0, -1.0, 0.0, 0.0, 1.0, 0.0, 1.0, 0.0, -1.0, 0.0, -1.0, 1.0, 0.0, -1.0, -1.0, 3.0, 0.0, 2.0, 1.0, 1.0, 2.0, 3.0, 1.0, 2.0, 1.0, 2.0, 0.0, -1.0, -1.0, 0.0, 1.0, -1.0, 3.0, 3.0, 2.0, 0.0, 96790.0, 515.0
0.0, 0.0, 0.0, -1.0, 1.0, -1.0, 0.0, 0.0, 3.0, 1.0, 1.0, 1.0, 2.0, 1.0, 0.0, -1.0, 1.0, 3.0, 0.0, 2.0, 2.0, 0.0, 1.0, -1.0, 2.0, 0.0, -1.0, -1.0, 3.0, 0.0, 2.0, 1.0, 2.0, 2.0, 2.0, 2.0, 2.0, 1.0, 1.0, -1.0, -1.0, 2.0, 2.0, -1.0, 0.0, 0.0, 1.0, 2.0, 0.0, 1.0, 96177.0, 579.0
0.0, 2.0, 1.0, -1.0, 2.0, 0.0, 2.0, 0.0, 0.0, 2.0, 2.0, 2.0, 1.0, -1.0, 0.0, 2.0, 0.0, 0.0, -1.0, 2.0, -1.0, -1.0, 1.0, -1.0, 1.0, -1.0, 3.0, 2.0, 0.0, 0.0, 3.0, 1.0, 1.0, 1.0, -1.0, 3.0, 1.0, 1.0, 2.0, -1.0, 0.0, 1.0, 1.0, 3.0, 2.0, 2.0, 0.0, 1.0, -1.0, -1.0, 96413.0, 543.0
0.0, 0.0, 2.0, 0.0, 3.0, 1.0, 1.0, -1.0, 3.0, 1.0, 0.0, 3.0, 2.0, 2.0, -1.0, 0.0, -1.0, -1.0, -1.0, 0.0, 2.0, -1.0, 0.0, 0.0, 1.0, 1.0, 2.0, 1.0, 1.0, 2.0, 1.0, -1.0, -1.0, -1.0, 2.0, -1.0, -1.0, 2.0, 1.0, 0.0, -1.0, -1.0, -1.0, 2.0, 1.0, 1.0, -1.0, 0.0, 0.0, 3.0, 97151.0, 487.0
2.0, -1.0, -1.0, 1.0, 1.0, 2.0, -1.0, -1.0, 0.0, 3.0, 0.0, 1.0, 3.0, 0.0, 2.0, 2.0, 2.0, 1.0, 1.0, 3.0, -1.0, -1.0, -1.0, -1.0, -1.0, 0.0, 1.0, 2.0, 1.0, 1.0, 3.0, 3.0, -1.0, 0.0, -1.0, 1.0, -1.0, 0.0, 2.0, 0.0, 0.0, -1.0, 3.0, 2.0, 0.0, 1.0, 1.0, 3.0, 0.0, 2.0, 96839.0, 507.0
-1.0, -1.0, 0.0, -1.0, 0.0, 1.0, 2.0, 3.0, -1.0, 1.0, -1.0, 1.0, 1.0, 0.0, 1.0, 0.0, 2.0, 3.0, -1.0, 2.0, 1.0, 3.0, -1.0, 1.0, 2.0, -1.0, 3.0, 0.0, 1.0, 0.0, 0.0, 2.0, 3.0, 2.0, 1.0, 3.0, 1.0, -1.0, 1.0, 2.0, -1.0, -1.0, -1.0, -1.0, 1.0, -1.0, 2.0, 1.0, 2.0, 2.0, 97149.0, 492.0
