-1.0, -1.0, -1.0, 1.0, 2.0, 0.0, -1.0, 0.0, 1.0, 0.0, 2.0, 3.0, 2.0, 2.0, 0.0, 0.0, -1.0, 1.0, -1.0, 1.0, 0.0, 1.0, 0.0, 2.0, 2.0, 1.0, 0.0, 0.0, 0.0, 2.0, 2.0, 2.0, -1.0, -1.0, 1.0, 0.0, 0.0, 1.0, 2.0, 0.0, 1.0, 1.0, 2.0, 1.0, 2.0, -1.0, -1.0, 3.0, 3.0, -1.0, 96192.0, 546.0
-1.0, -1.0, -1.0, 1.0, 2.0, 0.0, -1.0, 0.0, 1.0, -1.0, 2.0, 3.0, 2.0, 2.0, 0.0, 0.0, -1.0, 1.0, -1.0, 1.0, 0.0, 1.0, 0.0, 2.0, 2.0, 1.0, 0.0, 0.0, 0.0, 2.0, 2.0, 2.0, -1.0, -1.0, 1.0, 0.0, 0.0, 1.0, 2.0, 0.0, 1.0, 1.0, 2.0, -1.0, 2.0, -1.0, -1.0, 3.0, 3.0, -1.0, 96468.0, 513.0
1.0, 0.0, 0.0, -1.0, 1.0, -1.0, 1.0, 2.0, 0.0, -1.0, -1.0, 2.0, 0.0, 0.0, 1.0, 3.0, 2.0, 2.0, 0.0, 1.0, 1.0, 0.0, 2.0, 1.0, 3.0, -1.0, 2.0, 3.0, 2.0, -1.0, 0.0, 1.0, 2.0, -1.0, 2.0, 0.0, 1.0, 2.0, 1.0, 0.0, -1.0, 2.0, 0.0, 0.0, -1.0, 0.0, 2.0, 2.0, 0.0, -1.0, 95932.0, 556.0
0.0, 3.0, -1.0, -1.0, -1.0, 2.0, 2.0, 2.0, 1.0, -1.0, 2.0, -1.0, 1.0, 0.0, 1.0, 2.0, 0.0, -1.0, 1.0, -1.0, -1.0, 2.0, 0.0, -1.0, -1.0, 1.0, 2.0, 0.0, 1.0, -1.0, 0.0, 3.0, 1.0, 1.0, 0.0, 2.0, 1.0, 1.0, 2.0, 0.0, 0.0, 0.0, 3.0, 2.0, -1.0, 1.0, 0.0, 0.0, -1.0, 3.0, 96344.0, 517.0
-1.0, -1.0, -1.0, 1.0, 2.0, 0.0, -1.0, 0.0, 1.0, -1.0, 2.0, 3.0, 2.0, 2.0, 0.0, 0.0, -1.0, 1.0, -1.0, 1.0, 0.0, 1.0, 0.0, 2.0, 2.0, 1.0, 0.0, 0.0, 0.0, 2.0, 2.0, 2.0, -1.0, -1.0, 1.0, 0.0, 0.0, 1.0, 2.0, 0.0, 1.0, 1.0, 2.0, -1.0, 2.0, -1.0, -1.0, 3.0, 3.0, -1.0, 96468.0, 513.0
1.0, 0.0, 0.0, -1.0, 1.0, -1.0, 1.0, 2.0, 0.0, -1.0, -1.0, 2.0, 0.0, 0.0, 1.0, 3.0, 2.0, 2.0, 0.0, 1.0, 1.0, 0.0, 2.0, 1.0, 3.0, -1.0, 2.0, 3.0, 2.0, -1.0, 0.0, 1.0, 2.0, -1.0, 2.0, 0.0, 1.0, 2.0, 1.0, 0.0, -1.0, 2.0, 0.0, 0.0, -1.0, 0.0, 2.0, 2.0, 0.0, -1.0, 95932.0, 556.0
2.0, 1.0, 0.0, 0.0, 1.0, 0.0, 2.0, 0.0, 3.0, 1.0, -1.0, -1.0, 2.0, 0.0, 0.0, 2.0, 1.0, 3.0, -1.0, 0.0, 2.0, 2.0, 3.0, 0.0, 1.0, 2.0, -1.0, 0.0, 0.0, 1.0, 3.0, 0.0, 2.0, 2.0, -1.0, 1.0, 1.0, 1.0, 2.0, -1.0, -1.0, 2.0, 0.0, 1.0, 0.0, -1.0, 2.0, 0.0, 1.0, 2.0, 95885.0, 582.0
2.0, 1.0, -1.0, 0.0, 1.0, 0.0, 2.0, 0.0, 3.0, 1.0, -1.0, -1.0, 2.0, 0.0, 0.0, 2.0, 1.0, 3.0, -1.0, 0.0, 2.0, -1.0, 3.0, 0.0, 2.0, 2.0, -1.0, 0.0, 0.0, 1.0, 3.0, 0.0, 2.0, 2.0, -1.0, 1.0, 1.0, 1.0, 2.0, -1.0, -1.0, 2.0, 0.0, 1.0, 0.0, -1.0, 2.0, 0.0, 1.0, 2.0, 96088.0, 555.0
-1.0, -1.0, -1.0, 1.0, 2.0, 0.0, -1.0, 0.0, 1.0, 0.0, 2.0, 3.0, 2.0, 2.0, 0.0, 0.0, -1.0, 1.0, -1.0, 1.0, 0.0, 1.0, 0.0, 2.0, 2.0, 1.0, 0.0, 0.0, 0.0, 2.0, 2.0, 2.0, -1.0, -1.0, 1.0, 0.0, 0.0, 1.0, 2.0, 0.0, 1.0, 1.0, 2.0, 1.0, 2.0, -1.0, -1.0, 3.0, 3.0, -1.0, 96192.0, 546.0
0.0, 3.0, 2.0, 1.0, 0.0, 1.0, 2.0, 3.0, 3.0, 2.0, 3.0, -1.0, 0.0, 2.0, -1.0, 2.0, -1.0, 1.0, 1.0, 0.0, -1.0, 1.0, 1.0, 0.0, 0.0, 3.0, 0.0, 2.0, 3.0, -1.0, 0.0, 1.0, 1.0, 2.0, -1.0, 1.0, 0.0, 0.0, 1.0, 2.0, 0.0, 1.0, 2.0, 2.0, -1.0, 1.0, 2.0, 2.0, 0.0, -1.0, 95801.0, 594.0
1.0, 0.0, 0.0, -1.0, 1.0, -1.0, 1.0, 2.0, 0.0, -1.0, -1.0, 2.0, 0.0, 0.0, 1.0, 3.0, 2.0, 2.0, 0.0, 1.0, 1.0, 0.0, 2.0, 1.0, 3.0, -1.0, 2.0, 3.0, 2.0, -1.0, 0.0, 1.0, 2.0, -1.0, 2.0, 0.0, 1.0, 2.0, 1.0, 0.0, -1.0, 2.0, 0.0, 0.0, -1.0, 0.0, 2.0, 2.0, 0.0, -1.0, 95932.0, 556.0
0.0, 3.0, -1.0, -1.0, -1.0, 2.0, 2.0, 2.0, 1.0, -1.0, 2.0, -1.0, 1.0, 0.0, 1.0, 2.0, 0.0, -1.0, 1.0, -1.0, -1.0, 2.0, 0.0, -1.0, -1.0, 1.0, 2.0, 0.0, 1.0, -1.0, 0.0, 3.0, 1.0, 1.0, 0.0, 2.0, 1.0, 1.0, 2.0, 0.0, 0.0, 0.0, 3.0, 2.0, -1.0, 1.0, 0.0, 0.0, -1.0, 3.0, 96344.0, 517.0
-1.0, -1.0, -1.0, 1.0, 2.0, 0.0, -1.0, 0.0, 1.0, -1.0, 2.0, 3.0, 2.0, 2.0, 0.0, 0.0, -1.0, 1.0, -1.0, 1.0, 0.0, 1.0, 0.0, 2.0, 2.0, 1.0, 0.0, 0.0, 0.0, 2.0, 2.0, 2.0, -1.0, -1.0, 1.0, 0.0, 0.0, 1.0, 2.0, 0.0, 1.0, 1.0, 2.0, -1.0, 2.0, -1.0, -1.0, 3.0, 3.0, -1.0, 96468.0, 513.0
1.0, 0.0, 0.0, -1.0, 1.0, -1.0, 1.0, 2.0, 0.0, -1.0, -1.0, 2.0, 0.0, 0.0, 1.0, 3.0, 2.0, 2.0, 0.0, 1.0, 1.0, 0.0, 2.0, 1.0, 3.0, -1.0, 2.0, 3.0, 2.0, -1.0, 0.0, 1.0, 2.0, -1.0, 2.0, 0.0, 1.0, 2.0, 1.0, 0.0, -1.0, 2.0, 0.0, 0.0, -1.0, 0.0, 2.0, 2.0, 0.0, -1.0, 95932.0, 556.0
2.0, 1.0, 0.0, 0.0, 1.0, 0.0, 2.0, 0.0, 3.0, 1.0, -1.0, -1.0, 2.0, 0.0, 0.0, 2.0, 1.0, 3.0, -1.0, 0.0, 2.0, 2.0, 3.0, 0.0, 1.0, 2.0, -1.0, 0.0, 0.0, 1.0, 3.0, 0.0, 2.0, 2.0, -1.0, 1.0, 1.0, 1.0, 2.0, -1.0, -1.0, 2.0, 0.0, 1.0, 0.0, -1.0, 2.0, 0.0, 1.0, 2.0, 95885.0, 582.0
2.0, 1.0, -1.0, 0.0, 1.0, 0.0, 2.0, 0.0, 3.0, 1.0, -1.0, -1.0, 2.0, 0.0, 0.0, 2.0, 1.0, 3.0, -1.0, 0.0, 2.0, -1.0, 3.0, 0.0, 2.0, 2.0, -1.0, 0.0, 0.0, 1.0, 3.0, 0.0, 2.0, 2.0, -1.0, 1.0, 1.0, 1.0, 2.0, -1.0, -1.0, 2.0, 0.0, 1.0, 0.0, -1.0, 2.0, 0.0, 1.0, 2.0, 96088.0, 555.0
2.0, 2.0, 3.0, 0.0, 3.0, 0.0, 0.0, 0.0, 3.0, 1.0, -1.0, 3.0, 0.0, 2.0, 2.0, 0.0, 1.0, 2.0, 1.0, 2.0, 3.0, 3.0, 3.0, 0.0, 1.0, 1.0, -1.0, 0.0, 0.0, 0.0, 1.0, 3.0, 0.0, 0.0, 2.0, 1.0, 1.0, 0.0, 1.0, 3.0, -1.0, 1.0, 2.0, 2.0, -1.0, 1.0, -1.0, 0.0, -1.0, 2.0, 95750.0, 620.0
2.0, 1.0, 0.0, 0.0, 1.0, 0.0, 2.0, 0.0, 3.0, 1.0, -1.0, -1.0, 2.0, 0.0, 0.0, 2.0, 1.0, 3.0, -1.0, 0.0, 2.0, -1.0, 1.0, 0.0, 1.0, 2.0, -1.0, 0.0, 0.0, 1.0, 3.0, 0.0, 2.0, 2.0, -1.0, 1.0, 1.0, 1.0, 2.0, -1.0, -1.0, 2.0, 0.0, 1.0, 0.0, -1.0, 2.0, 0.0, 1.0, 2.0, 95898.0, 572.0
3.0, 0.0, -1.0, 1.0, 0.0, 2.0, 1.0, 1.0, 2.0, 2.0, -1.0, 2.0, -1.0, 2.0, 0.0, 1.0, 3.0, 1.0, 2.0, 0.0, -1.0, 1.0, -1.0, 0.0, -1.0, 2.0, -1.0, 2.0, 0.0, 1.0, 0.0, -1.0, 2.0, 2.0, 2.0, 1.0, -1.0, 1.0, -1.0, 0.0, -1.0, 0.0, 2.0, 0.0, 3.0, 2.0, 0.0, 0.0, 0.0, -1.0, 96261.0, 541.0
-1.0, -1.0, -1.0, 1.0, 2.0, 0.0, -1.0, 0.0, 1.0, 0.0, 2.0, 3.0, 2.0, 2.0, 0.0, 0.0, -1.0, 1.0, -1.0, 1.0, 0.0, 1.0, 0.0, 2.0, 2.0, 1.0, 0.0, 0.0, 0.0, 2.0, 2.0, 2.0, -1.0, -1.0, 1.0, 0.0, 0.0, 1.0, 2.0, 0.0, 1.0, 1.0, 2.0, 1.0, 2.0, -1.0, -1.0, 3.0, 3.0, -1.0, 96192.0, 546.0
1.0, 0.0, 0.0, -1.0, 1.0, -1.0, 1.0, 2.0, 0.0, -1.0, -1.0, 2.0, 0.0, 0.0, 1.0, 3.0, 2.0, 2.0, 0.0, 1.0, 1.0, 0.0, 2.0, 1.0, 3.0, -1.0, 2.0, 3.0, 2.0, -1.0, 0.0, 1.0, 2.0, -1.0, 2.0, 0.0, 1.0, 2.0, 1.0, 0.0, -1.0, 2.0, 0.0, 0.0, -1.0, 0.0, 2.0, 2.0, 0.0, -1.0, 95932.0, 556.0
0.0, 3.0, -1.0, -1.0, -1.0, 2.0, 2.0, 2.0, 1.0, -1.0, 2.0, -1.0, 1.0, 0.0, 1.0, 2.0, 0.0, -1.0, 1.0, -1.0, -1.0, 2.0, 0.0, -1.0, -1.0, 1.0, 2.0, 0.0, 1.0, 2.0, 0.0, 3.0, 1.0, 1.0, 0.0, 2.0, 1.0, 1.0, 2.0, 0.0, 0.0, 0.0, 3.0, 2.0, -1.0, 1.0, 0.0, 0.0, -1.0, 3.0, 96275.0, 534.0
-1.0, -1.0, -1.0, 1.0, 2.0, 0.0, -1.0, 0.0, 1.0, -1.0, 2.0, 3.0, 2.0, 2.0, 0.0, 0.0, -1.0, 1.0, -1.0, 1.0, 0.0, 1.0, 0.0, 2.0, 2.0, 1.0, 0.0, 0.0, 0.0, 2.0, 2.0, 2.0, -1.0, -1.0, 1.0, 0.0, 0.0, 1.0, 2.0, 0.0, 1.0, 1.0, 2.0, -1.0, 2.0, -1.0, -1.0, 3.0, 3.0, -1.0, 96468.0, 513.0
1.0, 0.0, 0.0, -1.0, 1.0, -1.0, 1.0, 2.0, 0.0, -1.0, -1.0, 2.0, 0.0, 0.0, 1.0, 3.0, 2.0, 2.0, 0.0, 1.0, 1.0, 0.0, 2.0, 1.0, 3.0, -1.0, 2.0, 3.0, 2.0, -1.0, 0.0, 1.0, 2.0, -1.0, 2.0, 0.0, 1.0, 2.0, 1.0, 0.0, -1.0, 2.0, 0.0, 0.0, -1.0, 0.0, 2.0, 2.0, 0.0, -1.0, 95932.0, 556.0
2.0, 1.0, -1.0, 0.0, 1.0, 0.0, 2.0, 0.0, 3.0, 1.0, -1.0, -1.0, 2.0, 0.0, 0.0, 2.0, 1.0, 3.0, -1.0, 0.0, 2.0, -1.0, 3.0, 0.0, 2.0, 2.0, -1.0, 0.0, 0.0, 1.0, 3.0, 0.0, 2.0, 2.0, -1.0, 1.0, 1.0, 1.0, 2.0, -1.0, -1.0, 2.0, 0.0, 1.0, 0.0, -1.0, 2.0, 0.0, 1.0, 2.0, 96088.0, 555.0
-1.0, -1.0, -1.0, 1.0, 2.0, 0.0, -1.0, 0.0, 1.0, 0.0, 2.0, 3.0, 2.0, 2.0, 0.0, 0.0, -1.0, 1.0, -1.0, 1.0, 0.0, 1.0, 0.0, 2.0, 2.0, 1.0, 0.0, 0.0, 0.0, 2.0, 2.0, 2.0, -1.0, -1.0, 1.0, 0.0, 0.0, 1.0, 2.0, 0.0, 1.0, 1.0, 2.0, 1.0, 2.0, -1.0, -1.0, 3.0, 3.0, -1.0, 96192.0, 546.0
0.0, 3.0, 2.0, 1.0, 0.0, 1.0, 2.0, 3.0, 3.0, 2.0, 3.0, -1.0, 0.0, 2.0, -1.0, 2.0, -1.0, 1.0, 1.0, 0.0, -1.0, 1.0, 1.0, 0.0, 0.0, 3.0, 0.0, 2.0, 3.0, -1.0, 0.0, 1.0, 1.0, 2.0, -1.0, 1.0, 0.0, 0.0, 1.0, 2.0, 0.0, 1.0, 2.0, 2.0, -1.0, 1.0, 2.0, 2.0, 0.0, -1.0, 95801.0, 594.0
1.0, 0.0, 0.0, -1.0, 1.0, -1.0, 1.0, 2.0, 0.0, -1.0, -1.0, 2.0, 0.0, 0.0, 1.0, 3.0, 2.0, 2.0, 0.0, 1.0, 1.0, 0.0, 2.0, 1.0, 3.0, -1.0, 2.0, 3.0, 2.0, -1.0, 0.0, 1.0, 2.0, -1.0, 2.0, 0.0, 1.0, 2.0, 1.0, 0.0, -1.0, 2.0, 0.0, 0.0, -1.0, 0.0, 2.0, 2.0, 0.0, -1.0, 95932.0, 556.0
0.0, 3.0, -1.0, -1.0, -1.0, 2.0, 2.0, 2.0, 1.0, -1.0, 2.0, -1.0, 1.0, 0.0, 1.0, 2.0, 0.0, -1.0, 1.0, -1.0, -1.0, 2.0, 0.0, -1.0, -1.0, 1.0, 2.0, 0.0, 1.0, -1.0, 0.0, 3.0, 1.0, 1.0, 0.0, 2.0, 1.0, 1.0, 2.0, 0.0, 0.0, 0.0, 3.0, 2.0, -1.0, 1.0, 0.0, 0.0, -1.0, 3.0, 96344.0, 517.0
-1.0, -1.0, -1.0, 1.0, 2.0, 0.0, -1.0, 0.0, 1.0, -1.0, 2.0, 3.0, 2.0, 2.0, 0.0, 0.0, -1.0, 1.0, -1.0, 1.0, 0.0, 1.0, 0.0, 2.0, 2.0, 1.0, 0.0, 0.0, 0.0, 2.0, 2.0, 2.0, -1.0, -1.0, 1.0, 0.0, 0.0, 1.0, 2.0, 0.0, 1.0, 1.0, 2.0, -1.0, 2.0, -1.0, -1.0, 3.0, 3.0, -1.0, 96468.0, 513.0
1.0, -1.0, -1.0, -1.0, 0.0, 0.0, -1.0, 3.0, 1.0, -1.0, 2.0, 0.0, 2.0, 0.0, -1.0, 3.0, 2.0, -1.0, 0.0, -1.0, 1.0, 2.0, 1.0, -1.0, 1.0, 3.0, 2.0, -1.0, 2.0, 2.0, 0.0, -1.0, 0.0, -1.0, -1.0, 0.0, 1.0, 2.0, 1.0, 2.0, 0.0, -1.0, -1.0, 0.0, -1.0, 2.0, 0.0, 1.0, 1.0, 3.0, 96509.0, 490.0
0.0, -1.0, 3.0, 2.0, 0.0, 0.0, 0.0, 0.0, 1.0, 3.0, -1.0, 1.0, 0.0, 2.0, 1.0, 1.0, -1.0, 0.0, 3.0, 3.0, 0.0, 2.0, -1.0, -1.0, 0.0, 1.0, -1.0, 1.0, 2.0, -1.0, 3.0, -1.0, 2.0, 1.0, 3.0, -1.0, 2.0, 0.0, 0.0, -1.0, 2.0, 0.0, 3.0, 2.0, -1.0, 1.0, 1.0, 2.0, 1.0, 1.0, 96153.0, 549.0
2.0, 2.0, -1.0, 0.0, 3.0, 0.0, 0.0, 0.0, 3.0, 1.0, -1.0, 3.0, 0.0, 2.0, 2.0, 0.0, 1.0, 2.0, 1.0, 2.0, 3.0, 3.0, 3.0, 0.0, 1.0, 1.0, -1.0, 0.0, 0.0, 0.0, 1.0, 3.0, 0.0, 0.0, 2.0, 1.0, 1.0, 0.0, 1.0, 3.0, -1.0, 1.0, 2.0, 2.0, -1.0, 1.0, -1.0, 0.0, -1.0, 2.0, 95786.0, 603.0
2.0, 1.0, 0.0, 0.0, 1.0, 0.0, 2.0, 0.0, 3.0, 1.0, -1.0, -1.0, 2.0, 0.0, 0.0, 2.0, 1.0, 3.0, -1.0, 0.0, 2.0, -1.0, 1.0, 0.0, 1.0, 2.0, -1.0, 0.0, 0.0, 1.0, 3.0, 0.0, 2.0, 2.0, -1.0, 1.0, 1.0, 1.0, 2.0, -1.0, -1.0, 2.0, 0.0, 1.0, 0.0, -1.0, 2.0, 0.0, 1.0, 2.0, 95898.0, 572.0
1.0, -1.0, -1.0, 1.0, 0.0, 0.0, -1.0, 3.0, 2.0, -1.0, 2.0, 0.0, 2.0, 1.0, -1.0, 3.0, -1.0, -1.0, 0.0, -1.0, 1.0, 2.0, 1.0, -1.0, 1.0, 3.0, 2.0, -1.0, 2.0, 2.0, 0.0, -1.0, 0.0, -1.0, -1.0, 0.0, 1.0, 2.0, 1.0, 2.0, 0.0, -1.0, -1.0, 0.0, 3.0, 2.0, 0.0, 1.0, 1.0, 3.0, 96505.0, 500.0
0.0, -1.0, 3.0, 2.0, 0.0, 1.0, 0.0, 0.0, 1.0, 3.0, -1.0, 1.0, 0.0, 2.0, -1.0, 1.0, -1.0, 0.0, 3.0, 3.0, 0.0, 2.0, -1.0, -1.0, 0.0, 1.0, -1.0, 1.0, 2.0, -1.0, -1.0, -1.0, 2.0, 1.0, 3.0, -1.0, 2.0, 0.0, 0.0, -1.0, 1.0, 0.0, 3.0, 2.0, -1.0, 1.0, 1.0, 2.0, -1.0, 3.0, 96499.0, 514.0
-1.0, -1.0, -1.0, 1.0, 2.0, 0.0, -1.0, 0.0, 1.0, -1.0, 2.0, 3.0, 2.0, 2.0, 0.0, 0.0, -1.0, 1.0, -1.0, -1.0, 0.0, 1.0, 0.0, 2.0, 2.0, 1.0, 0.0, 0.0, 0.0, 2.0, 2.0, 2.0, -1.0, -1.0, 1.0, 0.0, 0.0, 1.0, 2.0, 0.0, 1.0, 1.0, 2.0, -1.0, 2.0, -1.0, -1.0, 3.0, 3.0, -1.0, 96557.0, 495.0
-1.0, -1.0, -1.0, 1.0, 2.0, 0.0, -1.0, 0.0, 1.0, -1.0, 2.0, 3.0, 2.0, 2.0, 0.0, 0.0, -1.0, 1.0, -1.0, -1.0, 0.0, 1.0, 0.0, 2.0, 2.0, 1.0, 0.0, 0.0, 0.0, 2.0, 2.0, 2.0, -1.0, -1.0, 1.0, 0.0, 0.0, 1.0, 2.0, 0.0, 1.0, 1.0, 2.0, -1.0, 2.0, -1.0, -1.0, 3.0, 3.0, -1.0, 96557.0, 495.0
0.0, -1.0, 3.0, 2.0, 0.0, 1.0, 0.0, 0.0, 1.0, 3.0, -1.0, 1.0, 0.0, 2.0, 1.0, 1.0, -1.0, 0.0, 3.0, 3.0, 0.0, 2.0, -1.0, -1.0, 0.0, 1.0, -1.0, 1.0, 2.0, -1.0, 3.0, -1.0, 2.0, 2.0, 3.0, -1.0, 2.0, 0.0, 0.0, -1.0, 2.0, 0.0, 3.0, 1.0, -1.0, 1.0, 1.0, 2.0, 1.0, 1.0, 96171.0, 549.0
1.0, -1.0, -1.0, -1.0, 0.0, 0.0, -1.0, 3.0, 1.0, -1.0, 2.0, 0.0, 2.0, 1.0, -1.0, 3.0, 2.0, -1.0, 0.0, -1.0, 1.0, 2.0, 1.0, -1.0, 1.0, 3.0, 2.0, -1.0, 2.0, 2.0, 0.0, -1.0, 0.0, -1.0, -1.0, 0.0, 1.0, 2.0, 1.0, 2.0, 0.0, -1.0, -1.0, 0.0, 3.0, 2.0, 0.0, 1.0, 1.0, 3.0, 96519.0, 506.0
1.0, -1.0, -1.0, -1.0, 0.0, 0.0, -1.0, 3.0, 1.0, -1.0, 2.0, 0.0, 2.0, 1.0, -1.0, 3.0, 2.0, -1.0, 0.0, -1.0, 1.0, 2.0, 1.0, -1.0, 1.0, 3.0, 2.0, -1.0, 2.0, 2.0, 0.0, -1.0, 0.0, -1.0, -1.0, 0.0, 1.0, 2.0, 1.0, 2.0, 0.0, -1.0, -1.0, 0.0, 3.0, 2.0, 0.0, 1.0, 1.0, 3.0, 96519.0, 506.0
1.0, -1.0, -1.0, -1.0, 0.0, 0.0, -1.0, 3.0, 1.0, -1.0, 2.0, 0.0, 2.0, 1.0, -1.0, 3.0, 2.0, -1.0, 0.0, -1.0, 1.0, 2.0, 1.0, -1.0, 1.0, 3.0, 2.0, -1.0, 2.0, 2.0, 0.0, -1.0, 0.0, -1.0, -1.0, 0.0, 1.0, 2.0, 1.0, 2.0, 0.0, -1.0, -1.0, 0.0, 3.0, 2.0, 0.0, 1.0, 1.0, 3.0, 96519.0, 506.0
1.0, -1.0, -1.0, -1.0, 0.0, 0.0, -1.0, 3.0, 1.0, -1.0, 2.0, 0.0, 2.0, 1.0, -1.0, 3.0, 2.0, -1.0, 0.0, -1.0, 1.0, 2.0, 1.0, -1.0, 1.0, 3.0, 2.0, -1.0, 2.0, 2.0, 0.0, -1.0, 0.0, -1.0, -1.0, 0.0, 1.0, 2.0, 1.0, 2.0, 0.0, -1.0, -1.0, 0.0, 3.0, 2.0, 0.0, 1.0, 1.0, 3.0, 96519.0, 506.0
1.0, -1.0, -1.0, -1.0, 0.0, 0.0, -1.0, 3.0, 1.0, -1.0, 2.0, 0.0, 2.0, 1.0, -1.0, 3.0, 2.0, -1.0, 0.0, -1.0, 1.0, 2.0, 1.0, -1.0, 1.0, 3.0, 2.0, -1.0, 2.0, 2.0, 0.0, -1.0, 0.0, -1.0, -1.0, 0.0, 1.0, 2.0, 1.0, 2.0, 0.0, -1.0, -1.0, 0.0, 3.0, 2.0, 0.0, 1.0, 1.0, 3.0, 96519.0, 506.0
1.0, -1.0, -1.0, -1.0, 0.0, 0.0, -1.0, 3.0, 1.0, -1.0, 2.0, 0.0, 2.0, 1.0, -1.0, 3.0, 2.0, -1.0, 0.0, -1.0, 1.0, 2.0, 1.0, -1.0, 1.0, 3.0, 2.0, -1.0, 2.0, 2.0, 0.0, -1.0, 0.0, -1.0, -1.0, 0.0, 1.0, 2.0, 1.0, 2.0, 0.0, -1.0, -1.0, 0.0, 3.0, 2.0, 0.0, 1.0, 1.0, 3.0, 96519.0, 506.0
-1.0, -1.0, -1.0, 1.0, 2.0, 0.0, -1.0, 0.0, 1.0, -1.0, 2.0, 3.0, 2.0, 2.0, 0.0, 0.0, -1.0, 1.0, -1.0, 1.0, 0.0, 1.0, 0.0, -1.0, 2.0, 1.0, 0.0, 0.0, 0.0, 2.0, 2.0, 2.0, -1.0, -1.0, 1.0, 0.0, 0.0, 1.0, 2.0, 0.0, 1.0, 1.0, 2.0, -1.0, 3.0, -1.0, -1.0, 3.0, 3.0, -1.0, 96596.0, 502.0
3.0, -1.0, 0.0, 0.0, 2.0, 2.0, 1.0, 3.0, 1.0, 1.0, 1.0, 3.0, 0.0, 1.0, 3.0, 1.0, -1.0, -1.0, 0.0, -1.0, 3.0, 2.0, 2.0, 0.0, 2.0, -1.0, 1.0, 1.0, 3.0, 0.0, -1.0, 0.0, -1.0, 3.0, 2.0, 3.0, 0.0, 0.0, 1.0, 1.0, -1.0, 0.0, 1.0, 3.0, 3.0, 0.0, 1.0, 2.0, 0.0, 0.0, 95897.0, 586.0
3.0, -1.0, 0.0, 0.0, 2.0, 2.0, 1.0, 3.0, 1.0, 1.0, 1.0, 3.0, 0.0, 1.0, 3.0, 1.0, -1.0, -1.0, 0.0, -1.0, 3.0, 2.0, 2.0, 0.0, 2.0, -1.0, 1.0, 1.0, 3.0, 0.0, -1.0, 0.0, -1.0, 3.0, 2.0, 3.0, 0.0, 0.0, 1.0, 1.0, -1.0, 0.0, 1.0, 3.0, 3.0, 0.0, 1.0, 2.0, 0.0, 0.0, 95897.0, 586.0
3.0, -1.0, 0.0, 0.0, 2.0, 2.0, 1.0, 3.0, 1.0, 1.0, 1.0, 3.0, 0.0, 1.0, 3.0, 1.0, -1.0, -1.0, 0.0, -1.0, 3.0, 2.0, 2.0, 0.0, 2.0, -1.0, 1.0, 1.0, 3.0, 0.0, -1.0, 0.0, -1.0, 3.0, 2.0, 3.0, 0.0, 0.0, 1.0, 1.0, -1.0, 0.0, 1.0, 3.0, 3.0, 0.0, 1.0, 2.0, 0.0, 0.0, 95897.0, 586.0
3.0, -1.0, 0.0, 0.0, 2.0, 2.0, 1.0, 3.0, 1.0, 1.0, 1.0, 3.0, 0.0, 1.0, 3.0, 1.0, -1.0, -1.0, 0.0, -1.0, 3.0, 2.0, 2.0, 0.0, 2.0, -1.0, 1.0, 1.0, 3.0, 0.0, -1.0, 0.0, -1.0, 3.0, 2.0, 3.0, 0.0, 0.0, 1.0, 1.0, -1.0, 0.0, 1.0, 3.0, 3.0, 0.0, 1.0, 2.0, 0.0, 0.0, 95897.0, 586.0
3.0, -1.0, 0.0, 0.0, 2.0, 2.0, 1.0, 3.0, 1.0, 1.0, 1.0, 3.0, 0.0, 1.0, 3.0, 1.0, -1.0, -1.0, 0.0, -1.0, 3.0, 2.0, 2.0, 0.0, 2.0, -1.0, 1.0, 1.0, 3.0, 0.0, -1.0, 0.0, -1.0, 3.0, 2.0, 3.0, 0.0, 0.0, 1.0, 1.0, -1.0, 0.0, 1.0, 3.0, 3.0, 0.0, 1.0, 2.0, 0.0, 0.0, 95897.0, 586.0
3.0, -1.0, 0.0, 0.0, 2.0, 2.0, 1.0, 3.0, 1.0, 1.0, 1.0, 3.0, 0.0, 1.0, 3.0, 1.0, -1.0, -1.0, 0.0, -1.0, 3.0, 2.0, 2.0, 0.0, 2.0, -1.0, 1.0, 1.0, 3.0, 0.0, -1.0, 0.0, -1.0, 3.0, 2.0, 3.0, 0.0, 0.0, 1.0, 1.0, -1.0, 0.0, 1.0, 3.0, 3.0, 0.0, 1.0, 2.0, 0.0, 0.0, 95897.0, 586.0
0.0, -1.0, 3.0, 2.0, 0.0, 1.0, 0.0, 0.0, 1.0, 3.0, -1.0, 1.0, 0.0, 2.0, 1.0, 1.0, -1.0, 0.0, 3.0, 3.0, 0.0, 2.0, -1.0, -1.0, 0.0, 1.0, -1.0, 1.0, 2.0, -1.0, 3.0, -1.0, 2.0, 1.0, 3.0, -1.0, 2.0, 0.0, 0.0, -1.0, 2.0, 0.0, 3.0, 2.0, -1.0, 1.0, 1.0, 2.0, 1.0, 1.0, 96184.0, 549.0
0.0, -1.0, 3.0, 2.0, 0.0, 1.0, 0.0, 0.0, 1.0, 3.0, -1.0, 1.0, 0.0, 2.0, 1.0, 1.0, -1.0, 0.0, 3.0, 3.0, 0.0, 2.0, -1.0, -1.0, 0.0, 1.0, -1.0, 1.0, 2.0, -1.0, 3.0, -1.0, 2.0, 1.0, 3.0, -1.0, 2.0, 0.0, 0.0, -1.0, 2.0, 0.0, 3.0, 2.0, -1.0, 1.0, 1.0, 2.0, 1.0, 1.0, 96184.0, 549.0
1.0, -1.0, -1.0, -1.0, 0.0, 0.0, -1.0, 3.0, 1.0, -1.0, 2.0, 0.0, 2.0, 1.0, -1.0, 3.0, 3.0, -1.0, 0.0, -1.0, 1.0, 2.0, 1.0, -1.0, 1.0, 3.0, 2.0, -1.0, 2.0, 2.0, 0.0, -1.0, 0.0, -1.0, -1.0, 0.0, 1.0, 2.0, 1.0, 2.0, 0.0, -1.0, -1.0, 0.0, 3.0, 2.0, 0.0, 1.0, 1.0, 3.0, 96543.0, 506.0
1.0, -1.0, -1.0, -1.0, 0.0, 0.0, -1.0, 3.0, 2.0, -1.0, 2.0, 0.0, 2.0, 1.0, -1.0, 3.0, 2.0, -1.0, 0.0, -1.0, 1.0, 2.0, 1.0, -1.0, 1.0, 3.0, 2.0, -1.0, 2.0, 2.0, 0.0, -1.0, 0.0, -1.0, -1.0, 0.0, 1.0, 2.0, 1.0, 2.0, 0.0, -1.0, -1.0, 0.0, 3.0, 2.0, 0.0, 1.0, 1.0, 3.0, 96546.0, 506.0
0.0, 3.0, 2.0, 1.0, 0.0, 1.0, 2.0, 3.0, 3.0, 2.0, 3.0, -1.0, 1.0, 2.0, -1.0, 2.0, -1.0, 1.0, 1.0, 0.0, -1.0, 1.0, 1.0, 0.0, 0.0, 3.0, 0.0, 2.0, 3.0, -1.0, 0.0, 1.0, 1.0, 2.0, -1.0, 1.0, 0.0, 0.0, 1.0, 2.0, 0.0, 1.0, 2.0, 2.0, -1.0, 1.0, 2.0, 2.0, 0.0, -1.0, 95821.0, 594.0
0.0, 3.0, 2.0, 1.0, 0.0, 1.0, 2.0, 3.0, 3.0, 2.0, 3.0, -1.0, 1.0, 2.0, -1.0, 2.0, -1.0, 1.0, 1.0, 0.0, -1.0, 1.0, 1.0, 0.0, 0.0, 3.0, 0.0, 2.0, 3.0, -1.0, 0.0, 1.0, 1.0, 2.0, -1.0, 1.0, 0.0, 0.0, 1.0, 2.0, 0.0, 1.0, 2.0, 2.0, -1.0, 1.0, 2.0, 2.0, 0.0, -1.0, 95821.0, 594.0
0.0, 3.0, 2.0, 1.0, 0.0, 1.0, 2.0, 3.0, 3.0, 2.0, 3.0, -1.0, 1.0, 2.0, -1.0, 2.0, -1.0, 1.0, 1.0, 0.0, -1.0, 1.0, 1.0, 0.0, 0.0, 3.0, 0.0, 2.0, 3.0, -1.0, 0.0, 1.0, 1.0, 2.0, -1.0, 1.0, 0.0, 0.0, 1.0, 2.0, 0.0, 1.0, 2.0, 2.0, -1.0, 1.0, 2.0, 2.0, 0.0, -1.0, 95821.0, 594.0
0.0, 3.0, 2.0, 1.0, 0.0, 1.0, 2.0, 3.0, 3.0, 2.0, 3.0, -1.0, 1.0, 2.0, -1.0, 2.0, -1.0, 1.0, 1.0, 0.0, -1.0, 1.0, 1.0, 0.0, 0.0, 3.0, 0.0, 2.0, 3.0, -1.0, 0.0, 1.0, 1.0, 2.0, -1.0, 1.0, 0.0, 0.0, 1.0, 2.0, 0.0, 1.0, 2.0, 2.0, -1.0, 1.0, 2.0, 2.0, 0.0, -1.0, 95821.0, 594.0
0.0, 3.0, 2.0, 1.0, 0.0, 1.0, 2.0, 3.0, 3.0, 2.0, 3.0, -1.0, 1.0, 2.0, -1.0, 2.0, -1.0, 1.0, 1.0, 0.0, -1.0, 1.0, 1.0, 0.0, 0.0, 3.0, 0.0, 2.0, 3.0, -1.0, 0.0, 1.0, 1.0, 2.0, -1.0, 1.0, 0.0, 0.0, 1.0, 2.0, 0.0, 1.0, 2.0, 2.0, -1.0, 1.0, 2.0, 2.0, 0.0, -1.0, 95821.0, 594.0
3.0, -1.0, 0.0, 0.0, 2.0, 2.0, 1.0, 3.0, 1.0, 1.0, 1.0, 3.0, 0.0, 1.0, 3.0, 1.0, -1.0, -1.0, 0.0, -1.0, 3.0, 2.0, 2.0, 0.0, 2.0, 0.0, 1.0, 1.0, 3.0, 0.0, -1.0, 0.0, -1.0, 3.0, 2.0, 3.0, 0.0, 0.0, 1.0, 1.0, -1.0, 0.0, 1.0, 3.0, 3.0, 0.0, 1.0, 2.0, 0.0, 0.0, 95805.0, 601.0
0.0, 3.0, 2.0, 1.0, 0.0, 1.0, 2.0, 3.0, 3.0, 2.0, 3.0, -1.0, 1.0, 2.0, -1.0, 2.0, -1.0, 1.0, 1.0, 0.0, -1.0, 1.0, 1.0, 0.0, 0.0, 3.0, 0.0, 2.0, 3.0, -1.0, 0.0, 1.0, 1.0, 2.0, -1.0, 1.0, 0.0, 0.0, 1.0, 2.0, 0.0, 1.0, 2.0, 2.0, -1.0, 1.0, 2.0, 2.0, 0.0, -1.0, 95821.0, 594.0
0.0, 3.0, 2.0, 1.0, 0.0, 1.0, 2.0, 3.0, 3.0, 2.0, 3.0, -1.0, 1.0, 2.0, -1.0, 2.0, -1.0, 1.0, 1.0, 0.0, -1.0, 1.0, 1.0, 0.0, 0.0, 3.0, 0.0, 2.0, 3.0, -1.0, 0.0, 1.0, 1.0, 2.0, -1.0, 1.0, 0.0, 0.0, 1.0, 2.0, 0.0, 1.0, 2.0, 2.0, -1.0, 1.0, 2.0, 2.0, 0.0, -1.0, 95821.0, 594.0
0.0, 3.0, 2.0, 1.0, 0.0, 1.0, 2.0, 3.0, 3.0, 2.0, 3.0, -1.0, 1.0, 2.0, -1.0, 2.0, -1.0, 1.0, 1.0, 0.0, -1.0, 1.0, 1.0, 0.0, 0.0, 3.0, 0.0, 2.0, 3.0, -1.0, 0.0, 1.0, 1.0, 2.0, -1.0, 1.0, 0.0, 0.0, 1.0, 2.0, 0.0, 1.0, 2.0, 2.0, -1.0, 1.0, 2.0, 2.0, 0.0, -1.0, 95821.0, 594.0
0.0, 3.0, 2.0, 1.0, 0.0, 1.0, 2.0, 3.0, 3.0, 2.0, 3.0, -1.0, 1.0, 2.0, -1.0, 2.0, -1.0, 1.0, 1.0, 0.0, -1.0, 1.0, 1.0, 0.0, 0.0, 3.0, 0.0, 2.0, 3.0, -1.0, 0.0, 1.0, 1.0, 2.0, -1.0, 1.0, 0.0, 0.0, 1.0, 2.0, 0.0, 1.0, 2.0, 2.0, -1.0, 1.0, 2.0, 2.0, 0.0, -1.0, 95821.0, 594.0
0.0, 3.0, 2.0, 1.0, 0.0, 1.0, 2.0, 3.0, 3.0, 2.0, 3.0, -1.0, 1.0, 2.0, -1.0, 2.0, -1.0, 1.0, 1.0, 0.0, -1.0, 1.0, 1.0, 0.0, 0.0, 3.0, 0.0, 2.0, 3.0, -1.0, 0.0, 1.0, 1.0, 2.0, -1.0, 1.0, 0.0, 0.0, 1.0, 2.0, 0.0, 1.0, 2.0, 2.0, -1.0, 1.0, 2.0, 2.0, 0.0, -1.0, 95821.0, 594.0
3.0, -1.0, 0.0, 0.0, 2.0, 2.0, 1.0, 3.0, 1.0, 1.0, 1.0, 3.0, 0.0, 1.0, 3.0, 1.0, -1.0, -1.0, 0.0, -1.0, 3.0, 2.0, 2.0, 0.0, 2.0, 0.0, 1.0, 1.0, 3.0, 0.0, -1.0, 0.0, -1.0, 3.0, 2.0, 3.0, 0.0, 0.0, 1.0, 1.0, -1.0, 0.0, 1.0, 3.0, 3.0, 0.0, 1.0, 2.0, 0.0, 0.0, 95805.0, 601.0
0.0, 3.0, -1.0, -1.0, -1.0, 2.0, 2.0, 2.0, 1.0, -1.0, 2.0, -1.0, 1.0, 0.0, 1.0, 2.0, 0.0, -1.0, 1.0, -1.0, -1.0, 2.0, 0.0, -1.0, -1.0, 1.0, 2.0, 0.0, 1.0, -1.0, 0.0, 3.0, 2.0, 1.0, 0.0, 2.0, 1.0, 1.0, 2.0, 0.0, 0.0, 0.0, 3.0, 2.0, -1.0, 1.0, 0.0, 0.0, -1.0, 3.0, 96381.0, 517.0
0.0, 3.0, -1.0, -1.0, -1.0, 2.0, 2.0, 2.0, 1.0, -1.0, 2.0, -1.0, 1.0, 0.0, 1.0, 2.0, 0.0, -1.0, 1.0, -1.0, -1.0, 2.0, 0.0, -1.0, -1.0, 1.0, 2.0, 0.0, 1.0, -1.0, 0.0, 3.0, 2.0, 1.0, 0.0, 2.0, 1.0, 1.0, 2.0, 0.0, 0.0, 0.0, 3.0, 2.0, -1.0, 1.0, 0.0, 0.0, -1.0, 3.0, 96381.0, 517.0
0.0, 3.0, -1.0, -1.0, -1.0, 2.0, 2.0, 2.0, 1.0, -1.0, 2.0, -1.0, 1.0, 0.0, 1.0, 2.0, 0.0, -1.0, 1.0, -1.0, -1.0, 2.0, 0.0, -1.0, -1.0, 1.0, 2.0, 0.0, 1.0, -1.0, 0.0, 3.0, 2.0, 1.0, 0.0, 2.0, 1.0, 1.0, 2.0, 0.0, 0.0, 0.0, 3.0, 2.0, -1.0, 1.0, 0.0, 0.0, -1.0, 3.0, 96381.0, 517.0
0.0, 3.0, -1.0, -1.0, -1.0, 2.0, 2.0, 2.0, 1.0, -1.0, 2.0, -1.0, 1.0, 0.0, 1.0, 2.0, 0.0, -1.0, 1.0, -1.0, -1.0, 2.0, 0.0, -1.0, -1.0, 1.0, 2.0, 0.0, 1.0, -1.0, 0.0, 3.0, 2.0, 1.0, 0.0, 2.0, 1.0, 1.0, 2.0, 0.0, 0.0, 0.0, 3.0, 2.0, -1.0, 1.0, 0.0, 0.0, -1.0, 3.0, 96381.0, 517.0
0.0, 3.0, -1.0, -1.0, -1.0, 2.0, 2.0, 2.0, 1.0, -1.0, 2.0, -1.0, 1.0, 0.0, 1.0, 2.0, 0.0, -1.0, 1.0, -1.0, -1.0, 2.0, 0.0, -1.0, -1.0, 1.0, 2.0, 0.0, 1.0, -1.0, 0.0, 3.0, 2.0, 1.0, 0.0, 2.0, 1.0, 1.0, 2.0, 0.0, 0.0, 0.0, 3.0, 2.0, -1.0, 1.0, 0.0, 0.0, -1.0, 3.0, 96381.0, 517.0
