-1.0, 1.0, -1.0, -1.0, 2.0, 0.0, -1.0, -1.0, 2.0, 0.0, -1.0, 1.0, 3.0, 2.0, 0.0, 1.0, 3.0, 3.0, 0.0, 1.0, 1.0, 2.0, -1.0, 1.0, -1.0, 0.0, -1.0, -1.0, 2.0, 0.0, 3.0, 0.0, -1.0, 2.0, -1.0, 3.0, 1.0, 3.0, 2.0, 0.0, 1.0, -1.0, 2.0, 0.0, 1.0, 2.0, 0.0, -1.0, -1.0, 2.0, 477.0, 99555.0
-1.0, 1.0, -1.0, -1.0, 2.0, 0.0, -1.0, -1.0, 2.0, 0.0, -1.0, 1.0, 3.0, 2.0, 0.0, 1.0, 3.0, 3.0, 0.0, 1.0, 1.0, 3.0, -1.0, 1.0, -1.0, 0.0, -1.0, -1.0, 2.0, 0.0, 3.0, 0.0, -1.0, 2.0, -1.0, 3.0, 1.0, 2.0, 2.0, 0.0, 1.0, -1.0, 2.0, 0.0, 1.0, 2.0, 0.0, -1.0, -1.0, 2.0, 477.0, 99555.0
-1.0, 1.0, -1.0, -1.0, 2.0, 0.0, -1.0, -1.0, 2.0, 0.0, -1.0, 1.0, 3.0, 2.0, 0.0, 1.0, 3.0, 3.0, 0.0, 1.0, 1.0, 2.0, -1.0, 1.0, -1.0, 0.0, -1.0, -1.0, 2.0, 0.0, 3.0, 0.0, -1.0, 2.0, -1.0, 3.0, 1.0, 3.0, 2.0, 0.0, 1.0, -1.0, 2.0, 0.0, 1.0, 2.0, 0.0, -1.0, -1.0, 2.0, 477.0, 99555.0
-1.0, 1.0, -1.0, -1.0, 2.0, 0.0, -1.0, -1.0, 2.0, 0.0, -1.0, 1.0, 3.0, 2.0, 0.0, 1.0, 3.0, 3.0, 0.0, 1.0, 1.0, 3.0, -1.0, 1.0, -1.0, 0.0, -1.0, -1.0, 2.0, 0.0, 3.0, 0.0, -1.0, 2.0, -1.0, 3.0, 1.0, 2.0, 2.0, 0.0, 1.0, -1.0, 2.0, 0.0, 1.0, 2.0, 0.0, -1.0, -1.0, 2.0, 477.0, 99555.0
0.0, 2.0, -1.0, 0.0, 2.0, -1.0, 2.0, 2.0, 2.0, -1.0, -1.0, 3.0, 0.0, 1.0, 1.0, 3.0, -1.0, 0.0, 2.0, 0.0, 2.0, 1.0, -1.0, 1.0, 0.0, 1.0, 0.0, -1.0, 1.0, 1.0, 2.0, 3.0, 0.0, 2.0, 1.0, 2.0, 3.0, -1.0, 2.0, 3.0, 0.0, 1.0, -1.0, 1.0, 3.0, 0.0, 0.0, 3.0, -1.0, 1.0, 555.0, 99471.0
1.0, 1.0, -1.0, 1.0, 1.0, 2.0, 0.0, 0.0, 2.0, -1.0, 2.0, 0.0, 2.0, 0.0, 3.0, -1.0, -1.0, 0.0, 3.0, 3.0, 3.0, 0.0, 3.0, 3.0, 2.0, 3.0, 0.0, 2.0, 2.0, 3.0, -1.0, 0.0, -1.0, 3.0, -1.0, 1.0, 2.0, 0.0, 0.0, 2.0, 1.0, 2.0, -1.0, 3.0, 1.0, 1.0, 1.0, 1.0, 3.0, 0.0, 567.0, 99463.0
1.0, 1.0, -1.0, 1.0, 1.0, 2.0, 0.0, 0.0, 2.0, -1.0, 2.0, 0.0, 2.0, 0.0, 3.0, -1.0, -1.0, 0.0, 3.0, 3.0, 3.0, 0.0, 3.0, 3.0, 2.0, 3.0, 0.0, 2.0, 2.0, 3.0, -1.0, 0.0, -1.0, 3.0, -1.0, 1.0, 2.0, 0.0, 0.0, 2.0, 1.0, 2.0, -1.0, 3.0, 1.0, 1.0, 1.0, 1.0, 3.0, 0.0, 567.0, 99463.0
1.0, 1.0, -1.0, 1.0, 1.0, 2.0, 0.0, 0.0, 2.0, -1.0, 2.0, 0.0, 2.0, 0.0, 3.0, -1.0, -1.0, 0.0, 3.0, 3.0, 3.0, 0.0, 3.0, 3.0, 2.0, 3.0, 0.0, 2.0, 2.0, 3.0, -1.0, 0.0, -1.0, 3.0, -1.0, 1.0, 2.0, 0.0, 0.0, 2.0, 1.0, 2.0, -1.0, 3.0, 1.0, 1.0, 1.0, 1.0, 3.0, 0.0, 567.0, 99463.0
-1.0, 3.0, 3.0, 0.0, 1.0, 1.0, 3.0, 2.0, 3.0, -1.0, -1.0, 2.0, -1.0, 0.0, -1.0, 1.0, 3.0, 2.0, 1.0, 2.0, 0.0, -1.0, 0.0, 1.0, 2.0, 1.0, 0.0, 2.0, 1.0, 3.0, 0.0, -1.0, 0.0, 1.0, 2.0, 1.0, 3.0, 1.0, 1.0, 3.0, 0.0, -1.0, -1.0, 3.0, 0.0, -1.0, 2.0, 0.0, -1.0, 2.0, 541.0, 99488.0
-1.0, 3.0, 3.0, 0.0, 1.0, 1.0, 3.0, 2.0, 3.0, -1.0, -1.0, 2.0, -1.0, 0.0, -1.0, 1.0, 3.0, 2.0, 1.0, 2.0, 0.0, -1.0, 0.0, 1.0, 2.0, 1.0, 0.0, 2.0, 1.0, 3.0, 0.0, -1.0, 0.0, 1.0, 2.0, 1.0, 3.0, 1.0, 1.0, 3.0, 0.0, -1.0, -1.0, 3.0, 0.0, -1.0, 2.0, 0.0, -1.0, 2.0, 541.0, 99488.0
-1.0, 3.0, 3.0, 0.0, 1.0, 1.0, 3.0, 2.0, 3.0, -1.0, -1.0, 2.0, -1.0, 0.0, -1.0, 1.0, 3.0, 2.0, 1.0, 2.0, 0.0, -1.0, 0.0, 1.0, 2.0, 1.0, 0.0, 2.0, 1.0, 3.0, 0.0, -1.0, 0.0, 1.0, 2.0, 1.0, 3.0, 1.0, 1.0, 3.0, 0.0, -1.0, -1.0, 3.0, 0.0, -1.0, 2.0, 0.0, -1.0, 2.0, 541.0, 99488.0
-1.0, 3.0, 3.0, 0.0, 1.0, 1.0, 3.0, 2.0, 3.0, -1.0, -1.0, 2.0, -1.0, 0.0, -1.0, 1.0, 3.0, 2.0, 1.0, 2.0, 0.0, -1.0, 0.0, 1.0, 2.0, 1.0, 0.0, 2.0, 1.0, 3.0, 0.0, -1.0, 0.0, 1.0, 2.0, 1.0, 3.0, 1.0, 1.0, 3.0, 0.0, -1.0, -1.0, 3.0, 0.0, -1.0, 2.0, 0.0, -1.0, 2.0, 541.0, 99488.0
-1.0, 0.0, -1.0, 3.0, 3.0, 3.0, 1.0, 2.0, 2.0, 0.0, 3.0, -1.0, 3.0, -1.0, -1.0, 2.0, -1.0, 2.0, 0.0, 3.0, 0.0, -1.0, 0.0, 1.0, 3.0, 1.0, 0.0, 2.0, -1.0, 0.0, -1.0, 2.0, 1.0, 0.0, 0.0, 3.0, 2.0, 1.0, 0.0, 2.0, 0.0, 1.0, 2.0, 3.0, 1.0, 3.0, 2.0, -1.0, 1.0, 1.0, 549.0, 99481.0
-1.0, 0.0, -1.0, 3.0, 3.0, 3.0, 1.0, 2.0, 2.0, 0.0, 3.0, -1.0, 3.0, -1.0, -1.0, 2.0, -1.0, 2.0, 0.0, 3.0, 0.0, -1.0, 0.0, 1.0, 3.0, 1.0, 0.0, 2.0, -1.0, 0.0, -1.0, 2.0, 1.0, 0.0, 0.0, 3.0, 2.0, 1.0, 0.0, 2.0, 0.0, 1.0, 2.0, 3.0, 1.0, 3.0, 2.0, -1.0, 1.0, 1.0, 549.0, 99481.0
-1.0, 0.0, -1.0, 3.0, 3.0, 3.0, 1.0, 2.0, 2.0, 0.0, 3.0, -1.0, 3.0, -1.0, -1.0, 2.0, -1.0, 2.0, 0.0, 3.0, 0.0, -1.0, 0.0, 1.0, 3.0, 1.0, 0.0, 2.0, -1.0, 0.0, -1.0, 2.0, 1.0, 0.0, 0.0, 3.0, 2.0, 1.0, 0.0, 2.0, 0.0, 1.0, 2.0, 3.0, 1.0, 3.0, 2.0, -1.0, 1.0, 1.0, 549.0, 99481.0
-1.0, 0.0, -1.0, 3.0, 3.0, 3.0, 1.0, 2.0, 2.0, 0.0, 3.0, -1.0, 3.0, -1.0, -1.0, 2.0, -1.0, 2.0, 0.0, 3.0, 0.0, -1.0, 0.0, 1.0, 3.0, 1.0, 0.0, 2.0, -1.0, 0.0, -1.0, 2.0, 1.0, 0.0, 0.0, 3.0, 2.0, 1.0, 0.0, 2.0, 0.0, 1.0, 2.0, 3.0, 1.0, 3.0, 2.0, -1.0, 1.0, 1.0, 549.0, 99481.0
2.0, 1.0, 0.0, -1.0, 3.0, 0.0, 1.0, 3.0, 1.0, 3.0, -1.0, 0.0, 0.0, 0.0, 3.0, 3.0, 2.0, -1.0, -1.0, 1.0, 3.0, -1.0, 0.0, 2.0, 1.0, 1.0, 2.0, -1.0, -1.0, 2.0, -1.0, -1.0, 1.0, 0.0, 0.0, -1.0, -1.0, 2.0, -1.0, 1.0, 1.0, -1.0, 2.0, 2.0, 0.0, 0.0, -1.0, 2.0, 0.0, 1.0, 492.0, 99543.0
1.0, 3.0, -1.0, -1.0, 0.0, 0.0, 1.0, -1.0, 2.0, -1.0, -1.0, 0.0, 0.0, 3.0, -1.0, 1.0, 3.0, 1.0, 1.0, 0.0, 1.0, 2.0, 2.0, 1.0, 2.0, 3.0, 2.0, 2.0, -1.0, -1.0, 3.0, 3.0, 1.0, 0.0, 0.0, -1.0, 3.0, 1.0, -1.0, 2.0, 1.0, 0.0, 2.0, 3.0, -1.0, 1.0, -1.0, 0.0, 2.0, 0.0, 518.0, 99520.0
1.0, 3.0, -1.0, -1.0, 0.0, 0.0, 1.0, -1.0, 2.0, -1.0, -1.0, 0.0, 0.0, 3.0, -1.0, 1.0, 3.0, 1.0, 1.0, 0.0, 1.0, 2.0, 2.0, 1.0, 2.0, 3.0, 2.0, 2.0, -1.0, -1.0, 3.0, 3.0, 1.0, 0.0, 0.0, -1.0, 3.0, 1.0, -1.0, 2.0, 1.0, 0.0, 2.0, 3.0, -1.0, 1.0, -1.0, 0.0, 2.0, 0.0, 518.0, 99520.0
0.0, 1.0, -1.0, 1.0, -1.0, 2.0, 2.0, -1.0, 2.0, 2.0, -1.0, 2.0, 1.0, -1.0, -1.0, 1.0, 2.0, 1.0, 1.0, -1.0, 3.0, 1.0, 3.0, 1.0, -1.0, 0.0, 0.0, 3.0, 0.0, 2.0, 3.0, -1.0, -1.0, 0.0, -1.0, 0.0, 3.0, -1.0, 3.0, 3.0, 1.0, -1.0, 3.0, 0.0, 2.0, 2.0, 0.0, 3.0, -1.0, 0.0, 491.0, 99548.0
0.0, 1.0, -1.0, 1.0, -1.0, 2.0, 2.0, -1.0, 2.0, 2.0, -1.0, 2.0, 1.0, -1.0, -1.0, 1.0, 2.0, 1.0, 1.0, -1.0, 3.0, 1.0, 3.0, 1.0, -1.0, 0.0, 0.0, 3.0, 0.0, 2.0, 3.0, -1.0, -1.0, 0.0, -1.0, 0.0, 3.0, -1.0, 3.0, 3.0, 1.0, -1.0, 3.0, 0.0, 2.0, 2.0, 0.0, 3.0, -1.0, 0.0, 491.0, 99548.0
0.0, 1.0, -1.0, 1.0, -1.0, 2.0, 2.0, -1.0, 2.0, 2.0, -1.0, 2.0, 1.0, -1.0, -1.0, 1.0, 1.0, 1.0, 1.0, -1.0, 3.0, 1.0, 3.0, 1.0, -1.0, 0.0, 0.0, 3.0, 0.0, 2.0, 3.0, -1.0, -1.0, 0.0, -1.0, 0.0, 3.0, -1.0, 3.0, 3.0, 1.0, -1.0, 3.0, 0.0, 2.0, 2.0, 0.0, 3.0, -1.0, 0.0, 491.0, 99548.0
2.0, 1.0, 0.0, -1.0, 3.0, 0.0, 1.0, 3.0, 1.0, 3.0, -1.0, 0.0, 0.0, 0.0, 3.0, 3.0, 2.0, -1.0, -1.0, 1.0, 3.0, -1.0, 0.0, 2.0, 1.0, 1.0, 2.0, -1.0, -1.0, 2.0, -1.0, -1.0, 1.0, 0.0, 0.0, -1.0, -1.0, 2.0, -1.0, 1.0, 1.0, -1.0, -1.0, 2.0, 0.0, 0.0, -1.0, 2.0, 0.0, 1.0, 478.0, 99555.0
3.0, 3.0, 1.0, 0.0, 1.0, 0.0, 1.0, -1.0, 2.0, 3.0, -1.0, 2.0, 2.0, -1.0, 3.0, 0.0, 1.0, 3.0, 1.0, -1.0, 1.0, -1.0, 3.0, 3.0, 3.0, 0.0, 0.0, 1.0, 2.0, 2.0, -1.0, -1.0, 2.0, 1.0, 0.0, 0.0, 2.0, 2.0, 2.0, 0.0, 3.0, 2.0, -1.0, -1.0, 0.0, 0.0, 3.0, 2.0, 1.0, 1.0, 558.0, 99477.0
3.0, 3.0, 1.0, 0.0, 1.0, 0.0, 1.0, -1.0, 2.0, 3.0, -1.0, 2.0, 2.0, -1.0, 3.0, 0.0, 1.0, 3.0, 1.0, -1.0, 1.0, -1.0, 3.0, 3.0, 3.0, 0.0, 0.0, 1.0, 2.0, 2.0, -1.0, -1.0, 2.0, 1.0, 0.0, 0.0, 2.0, 2.0, 2.0, 0.0, 3.0, 2.0, -1.0, -1.0, 0.0, 0.0, 3.0, 2.0, 1.0, 1.0, 558.0, 99477.0
0.0, 2.0, -1.0, -1.0, 0.0, 1.0, 2.0, 2.0, 1.0, 1.0, 1.0, 1.0, 0.0, 0.0, 0.0, -1.0, 1.0, 0.0, 3.0, -1.0, 2.0, -1.0, 3.0, -1.0, 0.0, 0.0, -1.0, 1.0, 1.0, -1.0, -1.0, 0.0, 2.0, 1.0, 3.0, 0.0, -1.0, 3.0, 3.0, 2.0, 0.0, 2.0, 2.0, 1.0, 2.0, 3.0, -1.0, 2.0, 3.0, -1.0, 524.0, 99513.0
0.0, 2.0, -1.0, -1.0, 0.0, 1.0, 2.0, 2.0, 1.0, 1.0, 1.0, 1.0, 0.0, 0.0, 0.0, -1.0, 1.0, 0.0, 3.0, -1.0, 2.0, -1.0, 3.0, -1.0, 0.0, 0.0, -1.0, 1.0, 1.0, -1.0, -1.0, 0.0, 2.0, 1.0, 3.0, 0.0, -1.0, 3.0, 3.0, 2.0, 0.0, 2.0, 2.0, 1.0, 2.0, 3.0, -1.0, 2.0, 3.0, -1.0, 524.0, 99513.0
0.0, 1.0, -1.0, 1.0, -1.0, 2.0, 2.0, -1.0, 2.0, 2.0, -1.0, 2.0, 1.0, -1.0, 2.0, 1.0, 2.0, 1.0, 1.0, -1.0, 3.0, 1.0, 3.0, 1.0, -1.0, 0.0, 0.0, 3.0, 0.0, 2.0, 3.0, -1.0, 2.0, 0.0, -1.0, 0.0, 3.0, -1.0, 3.0, 3.0, -1.0, -1.0, 3.0, 0.0, 2.0, 2.0, 0.0, 3.0, -1.0, 0.0, 509.0, 99533.0
2.0, 1.0, 0.0, -1.0, 3.0, 0.0, 1.0, 3.0, 1.0, 3.0, -1.0, 0.0, 0.0, 0.0, 3.0, 3.0, 2.0, -1.0, -1.0, 1.0, 3.0, 2.0, 0.0, 2.0, 1.0, 1.0, 2.0, -1.0, -1.0, 2.0, -1.0, -1.0, 1.0, 0.0, 0.0, -1.0, -1.0, 2.0, -1.0, 1.0, 1.0, -1.0, 2.0, 2.0, 0.0, 0.0, -1.0, 2.0, 0.0, 1.0, 506.0, 99536.0
-1.0, 0.0, 0.0, 2.0, 2.0, 3.0, 0.0, 1.0, 1.0, 2.0, -1.0, 2.0, 1.0, 2.0, 3.0, 2.0, 3.0, -1.0, 3.0, -1.0, 3.0, 0.0, 0.0, 3.0, 1.0, 0.0, 1.0, -1.0, 0.0, -1.0, -1.0, 2.0, 2.0, 3.0, 2.0, 0.0, -1.0, 1.0, -1.0, -1.0, 3.0, 0.0, 1.0, -1.0, 1.0, 1.0, 0.0, 3.0, 2.0, 1.0, 541.0, 99495.0
-1.0, 0.0, 0.0, 2.0, 2.0, 3.0, 0.0, 1.0, 1.0, 2.0, -1.0, 2.0, 1.0, 2.0, 3.0, 2.0, 3.0, -1.0, 3.0, -1.0, 3.0, 0.0, 0.0, 1.0, 1.0, 0.0, 1.0, -1.0, 0.0, -1.0, -1.0, 2.0, 2.0, 3.0, 2.0, 0.0, -1.0, 1.0, -1.0, -1.0, 3.0, 0.0, 1.0, -1.0, 1.0, 1.0, 0.0, 3.0, 2.0, 1.0, 541.0, 99495.0
-1.0, 0.0, 0.0, 2.0, 1.0, 3.0, 0.0, 1.0, 1.0, 2.0, -1.0, 2.0, 1.0, 2.0, 3.0, 2.0, 3.0, -1.0, 3.0, -1.0, 3.0, 0.0, 0.0, 3.0, 1.0, 0.0, 1.0, -1.0, 0.0, -1.0, -1.0, 2.0, 2.0, 3.0, 2.0, 0.0, -1.0, 1.0, -1.0, -1.0, 3.0, 0.0, 1.0, -1.0, 1.0, 1.0, 0.0, 3.0, 2.0, 1.0, 541.0, 99495.0
-1.0, 3.0, 0.0, 2.0, 2.0, 1.0, 0.0, -1.0, 1.0, 1.0, -1.0, 2.0, -1.0, 3.0, 0.0, -1.0, 2.0, 2.0, 1.0, 2.0, 1.0, 3.0, 3.0, 0.0, 1.0, 0.0, 3.0, -1.0, 0.0, 2.0, -1.0, -1.0, 0.0, 1.0, 1.0, 2.0, 3.0, -1.0, 1.0, 2.0, 3.0, 3.0, -1.0, 0.0, 1.0, 2.0, 2.0, 0.0, 3.0, 1.0, 548.0, 99489.0
-1.0, -1.0, -1.0, 0.0, 0.0, 2.0, 2.0, 2.0, -1.0, 0.0, -1.0, 1.0, 2.0, 3.0, 2.0, 3.0, 2.0, -1.0, -1.0, 0.0, 1.0, 2.0, 2.0, 1.0, 1.0, -1.0, -1.0, 2.0, 3.0, -1.0, -1.0, 0.0, 1.0, 2.0, 0.0, 3.0, 0.0, -1.0, 1.0, -1.0, 0.0, 1.0, 2.0, 3.0, -1.0, 0.0, 1.0, 0.0, 3.0, 1.0, 502.0, 99545.0
-1.0, -1.0, -1.0, 0.0, 0.0, 2.0, 2.0, 2.0, -1.0, 0.0, -1.0, 1.0, 2.0, 3.0, 2.0, 3.0, 2.0, -1.0, -1.0, 0.0, 1.0, 2.0, 2.0, 1.0, 1.0, -1.0, -1.0, 2.0, 3.0, -1.0, -1.0, 0.0, 1.0, 2.0, 0.0, 3.0, 0.0, -1.0, 1.0, -1.0, 0.0, 1.0, 2.0, 3.0, -1.0, 0.0, 1.0, 0.0, 3.0, 1.0, 502.0, 99545.0
-1.0, -1.0, -1.0, 0.0, 0.0, 2.0, 2.0, 2.0, -1.0, 0.0, -1.0, 1.0, 2.0, 3.0, 2.0, 3.0, 2.0, -1.0, -1.0, 0.0, 1.0, 2.0, 2.0, 1.0, 1.0, -1.0, -1.0, 2.0, 3.0, -1.0, -1.0, 0.0, 1.0, 2.0, 0.0, 3.0, 0.0, -1.0, 1.0, -1.0, 0.0, 1.0, 2.0, 3.0, -1.0, 0.0, 1.0, 0.0, 3.0, 1.0, 502.0, 99545.0
-1.0, -1.0, -1.0, 0.0, 0.0, 2.0, 2.0, 2.0, -1.0, 0.0, -1.0, 1.0, 2.0, 3.0, 2.0, 3.0, 2.0, -1.0, -1.0, 0.0, 1.0, 2.0, 2.0, 1.0, 1.0, -1.0, -1.0, 2.0, 3.0, -1.0, -1.0, 0.0, 1.0, 2.0, 0.0, 3.0, 0.0, -1.0, 1.0, -1.0, 0.0, 1.0, 2.0, 3.0, -1.0, 0.0, 1.0, 0.0, 3.0, 1.0, 502.0, 99545.0
-1.0, 0.0, 3.0, 0.0, 3.0, 1.0, 1.0, 1.0, -1.0, -1.0, 1.0, 2.0, 2.0, -1.0, 0.0, 0.0, -1.0, 0.0, -1.0, 3.0, 0.0, 3.0, 2.0, 2.0, 1.0, 3.0, 3.0, 0.0, 3.0, 1.0, -1.0, -1.0, 2.0, 1.0, 3.0, 2.0, 0.0, 2.0, 2.0, 1.0, 3.0, -1.0, 0.0, 1.0, 2.0, 0.0, -1.0, -1.0, 2.0, 0.0, 534.0, 99501.0
-1.0, 0.0, 3.0, 0.0, 3.0, 1.0, 1.0, 1.0, -1.0, -1.0, 1.0, 2.0, 2.0, -1.0, 0.0, 0.0, -1.0, 0.0, -1.0, 3.0, 0.0, 2.0, 2.0, 2.0, 1.0, 3.0, 3.0, 0.0, 3.0, 1.0, -1.0, -1.0, 2.0, 1.0, 3.0, 2.0, 0.0, 3.0, 2.0, 1.0, 3.0, -1.0, 0.0, 1.0, 2.0, 0.0, -1.0, -1.0, 2.0, 0.0, 534.0, 99501.0
-1.0, 0.0, 3.0, 0.0, 3.0, 1.0, 1.0, 1.0, -1.0, -1.0, 1.0, 2.0, 2.0, -1.0, 0.0, 0.0, -1.0, 0.0, -1.0, 3.0, 0.0, 3.0, 2.0, 2.0, 1.0, 3.0, 3.0, 0.0, 3.0, 1.0, -1.0, -1.0, 2.0, 1.0, 3.0, 2.0, 0.0, 2.0, 2.0, 1.0, 3.0, -1.0, 0.0, 1.0, 2.0, 0.0, -1.0, -1.0, 2.0, 0.0, 534.0, 99501.0
-1.0, 0.0, 3.0, 0.0, 3.0, 1.0, 1.0, 1.0, -1.0, -1.0, 1.0, 2.0, 2.0, -1.0, 0.0, 0.0, -1.0, 0.0, -1.0, 3.0, 0.0, 2.0, 2.0, 2.0, 1.0, 3.0, 3.0, 0.0, 3.0, 1.0, -1.0, -1.0, 2.0, 1.0, 3.0, 2.0, 0.0, 3.0, 2.0, 1.0, 3.0, -1.0, 0.0, 1.0, 2.0, 0.0, -1.0, -1.0, 2.0, 0.0, 534.0, 99501.0
1.0, 0.0, 2.0, -1.0, 0.0, 2.0, 2.0, 1.0, -1.0, -1.0, -1.0, 2.0, -1.0, 0.0, -1.0, 3.0, 2.0, 3.0, 3.0, 1.0, -1.0, 0.0, -1.0, -1.0, 0.0, 2.0, 0.0, -1.0, 1.0, 1.0, 0.0, -1.0, 0.0, 3.0, 3.0, 2.0, -1.0, 2.0, 2.0, 0.0, 3.0, 1.0, 3.0, 3.0, 0.0, 3.0, 2.0, -1.0, 1.0, 1.0, 516.0, 99526.0
3.0, 0.0, 0.0, 2.0, 2.0, -1.0, -1.0, 2.0, 1.0, 1.0, 1.0, 3.0, 2.0, 3.0, -1.0, 0.0, -1.0, 0.0, 2.0, -1.0, 3.0, -1.0, 0.0, 2.0, 0.0, -1.0, 2.0, 3.0, 1.0, -1.0, 2.0, 0.0, 3.0, 0.0, 0.0, -1.0, 1.0, -1.0, -1.0, 1.0, 1.0, 2.0, -1.0, 1.0, -1.0, -1.0, 2.0, 1.0, 3.0, -1.0, 486.0, 99562.0
3.0, 0.0, 0.0, 2.0, 2.0, -1.0, -1.0, 2.0, 1.0, 1.0, 1.0, 3.0, 2.0, 3.0, -1.0, 0.0, -1.0, 0.0, 2.0, -1.0, 3.0, -1.0, 0.0, 2.0, 0.0, -1.0, 2.0, 3.0, 1.0, -1.0, 2.0, 0.0, 3.0, 0.0, 0.0, -1.0, 1.0, -1.0, -1.0, 1.0, 1.0, 2.0, -1.0, 1.0, -1.0, -1.0, 2.0, 1.0, 3.0, -1.0, 486.0, 99562.0
1.0, 3.0, -1.0, -1.0, 0.0, 0.0, 1.0, -1.0, 2.0, -1.0, -1.0, 0.0, 0.0, 3.0, -1.0, 1.0, 3.0, 1.0, 1.0, 0.0, 1.0, 2.0, 2.0, 1.0, 2.0, 3.0, 2.0, 2.0, -1.0, -1.0, 3.0, 3.0, 1.0, 0.0, 0.0, -1.0, 3.0, 1.0, -1.0, 2.0, 1.0, 0.0, 2.0, 3.0, 2.0, 1.0, -1.0, 0.0, 2.0, 0.0, 536.0, 99501.0
-1.0, 0.0, 2.0, -1.0, -1.0, 0.0, 2.0, 2.0, -1.0, 3.0, 3.0, 3.0, -1.0, 1.0, 1.0, -1.0, 1.0, 1.0, -1.0, 1.0, -1.0, 1.0, 3.0, -1.0, 1.0, 3.0, 2.0, 0.0, 2.0, -1.0, 2.0, 0.0, 1.0, 2.0, 1.0, 0.0, 2.0, 0.0, 2.0, 1.0, 1.0, -1.0, 0.0, 0.0, -1.0, 0.0, 0.0, -1.0, -1.0, 3.0, 498.0, 99555.0
