-1.0, 1.0, -1.0, -1.0, 2.0, 0.0, -1.0, -1.0, 2.0, 0.0, -1.0, 1.0, 3.0, 2.0, 0.0, 1.0, 3.0, 3.0, 0.0, 1.0, 1.0, 2.0, -1.0, 1.0, -1.0, 0.0, -1.0, -1.0, 2.0, 0.0, 3.0, 0.0, -1.0, 2.0, -1.0, 3.0, 1.0, 3.0, 2.0, 0.0, 1.0, -1.0, 2.0, 0.0, 1.0, 2.0, 0.0, -1.0, -1.0, 2.0, 477.0, 99555.0
-1.0, 1.0, -1.0, -1.0, 2.0, 0.0, -1.0, -1.0, 2.0, 0.0, -1.0, 1.0, 3.0, 2.0, 0.0, 1.0, 3.0, 3.0, 0.0, 1.0, 1.0, 3.0, -1.0, 1.0, -1.0, 0.0, -1.0, -1.0, 2.0, 0.0, 3.0, 0.0, -1.0, 2.0, -1.0, 3.0, 1.0, 2.0, 2.0, 0.0, 1.0, -1.0, 2.0, 0.0, 1.0, 2.0, 0.0, -1.0, -1.0, 2.0, 477.0, 99555.0
-1.0, 1.0, -1.0, -1.0, 2.0, 0.0, -1.0, -1.0, 2.0, 0.0, -1.0, 1.0, 3.0, 2.0, 0.0, 1.0, 3.0, 3.0, 0.0, 1.0, 1.0, 2.0, -1.0, 1.0, -1.0, 0.0, -1.0, -1.0, 2.0, 0.0, 3.0, 0.0, -1.0, 2.0, -1.0, 3.0, 1.0, 3.0, 2.0, 0.0, 1.0, -1.0, 2.0, 0.0, 1.0, 2.0, 0.0, -1.0, -1.0, 2.0, 477.0, 99555.0
-1.0, 1.0, -1.0, -1.0, 2.0, 0.0, -1.0, -1.0, 2.0, 0.0, -1.0, 1.0, 3.0, 2.0, 0.0, 1.0, 3.0, 3.0, 0.0, 1.0, 1.0, 3.0, -1.0, 1.0, -1.0, 0.0, -1.0, -1.0, 2.0, 0.0, 3.0, 0.0, -1.0, 2.0, -1.0, 3.0, 1.0, 2.0, 2.0, 0.0, 1.0, -1.0, 2.0, 0.0, 1.0, 2.0, 0.0, -1.0, -1.0, 2.0, 477.0, 99555.0
-1.0, 1.0, -1.0, -1.0, 2.0, 0.0, -1.0, -1.0, 2.0, 0.0, -1.0, 1.0, 3.0, 2.0, 0.0, 1.0, 3.0, 3.0, 0.0, 1.0, 1.0, 2.0, -1.0, 1.0, -1.0, 0.0, -1.0, -1.0, 2.0, 0.0, 3.0, 0.0, -1.0, 2.0, -1.0, 3.0, 1.0, 3.0, 2.0, 0.0, 1.0, -1.0, 2.0, 0.0, 1.0, 2.0, 0.0, -1.0, -1.0, 2.0, 477.0, 99555.0
-1.0, 1.0, -1.0, -1.0, 2.0, 0.0, -1.0, -1.0, 2.0, 0.0, -1.0, 1.0, 3.0, 2.0, 0.0, 1.0, 3.0, 3.0, 0.0, 1.0, 1.0, 3.0, -1.0, 1.0, -1.0, 0.0, -1.0, -1.0, 2.0, 0.0, 3.0, 0.0, -1.0, 2.0, -1.0, 3.0, 1.0, 2.0, 2.0, 0.0, 1.0, -1.0, 2.0, 0.0, 1.0, 2.0, 0.0, -1.0, -1.0, 2.0, 477.0, 99555.0
-1.0, 1.0, -1.0, -1.0, 2.0, 0.0, -1.0, -1.0, 2.0, 0.0, -1.0, 1.0, 3.0, 2.0, 0.0, 1.0, 3.0, 3.0, 0.0, 1.0, 1.0, 2.0, -1.0, 1.0, -1.0, 0.0, -1.0, -1.0, 2.0, 0.0, 3.0, 0.0, -1.0, 2.0, -1.0, 3.0, 1.0, 3.0, 2.0, 0.0, 1.0, -1.0, 2.0, 0.0, 1.0, 2.0, 0.0, -1.0, -1.0, 2.0, 477.0, 99555.0
-1.0, 1.0, -1.0, -1.0, 2.0, 0.0, -1.0, -1.0, 2.0, 0.0, -1.0, 1.0, 3.0, 2.0, 0.0, 1.0, 3.0, 3.0, 0.0, 1.0, 1.0, 3.0, -1.0, 1.0, -1.0, 0.0, -1.0, -1.0, 2.0, 0.0, 3.0, 0.0, -1.0, 2.0, -1.0, 3.0, 1.0, 2.0, 2.0, 0.0, 1.0, -1.0, 2.0, 0.0, 1.0, 2.0, 0.0, -1.0, -1.0, 2.0, 477.0, 99555.0
0.0, 2.0, -1.0, 0.0, 2.0, -1.0, 2.0, 2.0, 2.0, -1.0, -1.0, 3.0, 0.0, 1.0, 1.0, 3.0, -1.0, 0.0, 2.0, 0.0, 2.0, 1.0, -1.0, 1.0, 0.0, 1.0, 0.0, -1.0, 1.0, 1.0, 2.0, 3.0, 0.0, 2.0, 1.0, 2.0, 3.0, -1.0, 2.0, 3.0, 0.0, 1.0, -1.0, 1.0, 3.0, 0.0, 0.0, 3.0, -1.0, 1.0, 555.0, 99471.0
0.0, 2.0, -1.0, 0.0, 2.0, -1.0, 2.0, 2.0, 2.0, -1.0, -1.0, 3.0, 0.0, 1.0, 1.0, 3.0, -1.0, 0.0, 2.0, 0.0, 2.0, 1.0, -1.0, 1.0, 0.0, 1.0, 0.0, -1.0, 1.0, 1.0, 2.0, 3.0, 0.0, 2.0, 1.0, 2.0, 3.0, -1.0, 2.0, 3.0, 0.0, 1.0, -1.0, 1.0, 3.0, 0.0, 0.0, 3.0, -1.0, 1.0, 555.0, 99471.0
1.0, 1.0, -1.0, 1.0, 1.0, 2.0, 0.0, 0.0, 2.0, -1.0, 2.0, 0.0, 2.0, 0.0, 3.0, -1.0, -1.0, 0.0, 3.0, 3.0, 3.0, 0.0, 3.0, 3.0, 2.0, 3.0, 0.0, 2.0, 2.0, 3.0, -1.0, 0.0, -1.0, 3.0, -1.0, 1.0, 2.0, 0.0, 0.0, 2.0, 1.0, 2.0, -1.0, 3.0, 1.0, 1.0, 1.0, 1.0, 3.0, 0.0, 567.0, 99463.0
1.0, 1.0, -1.0, 1.0, 1.0, 2.0, 0.0, 0.0, 2.0, -1.0, 2.0, 0.0, 2.0, 0.0, 3.0, -1.0, -1.0, 0.0, 3.0, 3.0, 3.0, 0.0, 3.0, 3.0, 2.0, 3.0, 0.0, 2.0, 2.0, 3.0, -1.0, 0.0, -1.0, 3.0, -1.0, 1.0, 2.0, 0.0, 0.0, 2.0, 1.0, 2.0, -1.0, 3.0, 1.0, 1.0, 1.0, 1.0, 3.0, 0.0, 567.0, 99463.0
1.0, 1.0, -1.0, 1.0, 1.0, 2.0, 0.0, 0.0, 2.0, -1.0, 2.0, 0.0, 2.0, 0.0, 3.0, -1.0, -1.0, 0.0, 3.0, 3.0, 3.0, 0.0, 3.0, 3.0, 2.0, 3.0, 0.0, 2.0, 2.0, 3.0, -1.0, 0.0, -1.0, 3.0, -1.0, 1.0, 2.0, 0.0, 0.0, 2.0, 1.0, 2.0, -1.0, 3.0, 1.0, 1.0, 1.0, 1.0, 3.0, 0.0, 567.0, 99463.0
1.0, 1.0, -1.0, 1.0, 1.0, 2.0, 0.0, 0.0, 2.0, -1.0, 2.0, 0.0, 2.0, 0.0, 3.0, -1.0, -1.0, 0.0, 3.0, 3.0, 3.0, 0.0, 3.0, 3.0, 2.0, 3.0, 0.0, 2.0, 2.0, 3.0, -1.0, 0.0, -1.0, 3.0, -1.0, 1.0, 2.0, 0.0, 0.0, 2.0, 1.0, 2.0, -1.0, 3.0, 1.0, 1.0, 1.0, 1.0, 3.0, 0.0, 567.0, 99463.0
1.0, 1.0, -1.0, 1.0, 1.0, 2.0, 0.0, 0.0, 2.0, -1.0, 2.0, 0.0, 2.0, 0.0, 3.0, -1.0, -1.0, 0.0, 3.0, 3.0, 3.0, 0.0, 3.0, 3.0, 2.0, 3.0, 0.0, 2.0, 2.0, 3.0, -1.0, 0.0, -1.0, 3.0, -1.0, 1.0, 2.0, 0.0, 0.0, 2.0, 1.0, 2.0, -1.0, 3.0, 1.0, 1.0, 1.0, 1.0, 3.0, 0.0, 567.0, 99463.0
-1.0, 0.0, -1.0, 3.0, 3.0, 3.0, 1.0, 2.0, 2.0, 0.0, 3.0, -1.0, 3.0, -1.0, -1.0, 2.0, -1.0, 2.0, 0.0, 3.0, 0.0, -1.0, 0.0, 1.0, 3.0, 1.0, 0.0, 2.0, -1.0, 0.0, -1.0, 2.0, 1.0, 0.0, 0.0, 3.0, 2.0, 1.0, 0.0, 2.0, 0.0, 1.0, 2.0, 3.0, 1.0, 3.0, 2.0, -1.0, 1.0, 1.0, 549.0, 99481.0
-1.0, 0.0, -1.0, 3.0, 3.0, 3.0, 1.0, 2.0, 2.0, 0.0, 3.0, -1.0, 3.0, -1.0, -1.0, 2.0, -1.0, 2.0, 0.0, 3.0, 0.0, -1.0, 0.0, 1.0, 3.0, 1.0, 0.0, 2.0, -1.0, 0.0, -1.0, 2.0, 1.0, 0.0, 0.0, 3.0, 2.0, 1.0, 0.0, 2.0, 0.0, 1.0, 2.0, 3.0, 1.0, 3.0, 2.0, -1.0, 1.0, 1.0, 549.0, 99481.0
-1.0, 0.0, -1.0, 3.0, 3.0, 3.0, 1.0, 2.0, 2.0, 0.0, 3.0, -1.0, 3.0, -1.0, -1.0, 2.0, -1.0, 2.0, 0.0, 3.0, 0.0, -1.0, 0.0, 1.0, 3.0, 1.0, 0.0, 2.0, -1.0, 0.0, -1.0, 2.0, 1.0, 0.0, 0.0, 3.0, 2.0, 1.0, 0.0, 2.0, 0.0, 1.0, 2.0, 3.0, 1.0, 3.0, 2.0, -1.0, 1.0, 1.0, 549.0, 99481.0
-1.0, 0.0, -1.0, 3.0, 3.0, 3.0, 1.0, 2.0, 2.0, 0.0, 3.0, -1.0, 3.0, -1.0, -1.0, 2.0, -1.0, 2.0, 0.0, 3.0, 0.0, -1.0, 0.0, 1.0, 3.0, 1.0, 0.0, 2.0, -1.0, 0.0, -1.0, 2.0, 1.0, 0.0, 0.0, 3.0, 2.0, 1.0, 0.0, 2.0, 0.0, 1.0, 2.0, 3.0, 1.0, 3.0, 2.0, -1.0, 1.0, 1.0, 549.0, 99481.0
-1.0, 0.0, -1.0, 3.0, 3.0, 3.0, 1.0, 2.0, 2.0, 0.0, 3.0, -1.0, 3.0, -1.0, -1.0, 2.0, -1.0, 2.0, 0.0, 3.0, 0.0, -1.0, 0.0, 1.0, 3.0, 1.0, 0.0, 2.0, -1.0, 0.0, -1.0, 2.0, 1.0, 0.0, 0.0, 3.0, 2.0, 1.0, 0.0, 2.0, 0.0, 1.0, 2.0, 3.0, 1.0, 3.0, 2.0, -1.0, 1.0, 1.0, 549.0, 99481.0
-1.0, 0.0, -1.0, 3.0, 3.0, 3.0, 1.0, 2.0, 2.0, 0.0, 3.0, -1.0, 3.0, -1.0, -1.0, 2.0, -1.0, 2.0, 0.0, 3.0, 0.0, -1.0, 0.0, 1.0, 3.0, 1.0, 0.0, 2.0, -1.0, 0.0, -1.0, 2.0, 1.0, 0.0, 0.0, 3.0, 2.0, 1.0, 0.0, 2.0, 0.0, 1.0, 2.0, 3.0, 1.0, 3.0, 2.0, -1.0, 1.0, 1.0, 549.0, 99481.0
-1.0, 0.0, -1.0, 3.0, 3.0, 3.0, 1.0, 2.0, 2.0, 0.0, 3.0, -1.0, 3.0, -1.0, -1.0, 2.0, -1.0, 2.0, 0.0, 3.0, 0.0, -1.0, 0.0, 1.0, 3.0, 1.0, 0.0, 2.0, -1.0, 0.0, -1.0, 2.0, 1.0, 0.0, 0.0, 3.0, 2.0, 1.0, 0.0, 2.0, 0.0, 1.0, 2.0, 3.0, 1.0, 3.0, 2.0, -1.0, 1.0, 1.0, 549.0, 99481.0
-1.0, 0.0, -1.0, 3.0, 3.0, 3.0, 1.0, 2.0, 2.0, 0.0, 3.0, -1.0, 3.0, -1.0, -1.0, 2.0, -1.0, 2.0, 0.0, 3.0, 0.0, -1.0, 0.0, 1.0, 3.0, 1.0, 0.0, 2.0, -1.0, 0.0, -1.0, 2.0, 1.0, 0.0, 0.0, 3.0, 2.0, 1.0, 0.0, 2.0, 0.0, 1.0, 2.0, 3.0, 1.0, 3.0, 2.0, -1.0, 1.0, 1.0, 549.0, 99481.0
2.0, 1.0, 0.0, -1.0, 3.0, 0.0, 1.0, 3.0, 1.0, 3.0, -1.0, 0.0, 0.0, 0.0, 3.0, 3.0, 2.0, -1.0, -1.0, 1.0, 3.0, -1.0, 0.0, 2.0, 1.0, 1.0, 2.0, -1.0, -1.0, 2.0, -1.0, -1.0, 1.0, 0.0, 0.0, -1.0, -1.0, 2.0, -1.0, 1.0, 1.0, -1.0, 2.0, 2.0, 0.0, 0.0, -1.0, 2.0, 0.0, 1.0, 492.0, 99543.0
0.0, 1.0, -1.0, 1.0, -1.0, 2.0, 2.0, -1.0, 2.0, 2.0, -1.0, 2.0, 1.0, -1.0, -1.0, 1.0, 2.0, 1.0, 1.0, -1.0, 3.0, 1.0, 3.0, 1.0, -1.0, 0.0, 0.0, 3.0, 0.0, 2.0, 3.0, -1.0, -1.0, 0.0, -1.0, 0.0, 3.0, -1.0, 3.0, 3.0, 1.0, -1.0, 3.0, 0.0, 2.0, 2.0, 0.0, 3.0, -1.0, 0.0, 491.0, 99548.0
0.0, 1.0, -1.0, 1.0, -1.0, 2.0, 2.0, -1.0, 2.0, 2.0, -1.0, 2.0, 1.0, -1.0, -1.0, 1.0, 2.0, 1.0, 1.0, -1.0, 3.0, 1.0, 3.0, 1.0, -1.0, 0.0, 0.0, 3.0, 0.0, 2.0, 3.0, -1.0, -1.0, 0.0, -1.0, 0.0, 3.0, -1.0, 3.0, 3.0, 1.0, -1.0, 3.0, 0.0, 2.0, 2.0, 0.0, 3.0, -1.0, 0.0, 491.0, 99548.0
0.0, 1.0, -1.0, 1.0, -1.0, 2.0, 2.0, -1.0, 2.0, 2.0, -1.0, 2.0, 1.0, -1.0, -1.0, 1.0, 1.0, 1.0, 1.0, -1.0, 3.0, 1.0, 3.0, 1.0, -1.0, 0.0, 0.0, 3.0, 0.0, 2.0, 3.0, -1.0, -1.0, 0.0, -1.0, 0.0, 3.0, -1.0, 3.0, 3.0, 1.0, -1.0, 3.0, 0.0, 2.0, 2.0, 0.0, 3.0, -1.0, 0.0, 491.0, 99548.0
0.0, 1.0, -1.0, 1.0, -1.0, 2.0, 2.0, -1.0, 2.0, 2.0, -1.0, 2.0, 1.0, -1.0, -1.0, 1.0, 2.0, 1.0, 1.0, -1.0, 3.0, 1.0, 3.0, 1.0, -1.0, 0.0, 2.0, 3.0, 0.0, 2.0, 3.0, -1.0, -1.0, 0.0, -1.0, 0.0, 3.0, -1.0, 3.0, 3.0, 1.0, -1.0, 3.0, 0.0, 2.0, 2.0, 0.0, 3.0, -1.0, 0.0, 491.0, 99548.0
0.0, 1.0, -1.0, 1.0, -1.0, 2.0, 2.0, -1.0, 2.0, 2.0, -1.0, 2.0, 1.0, -1.0, -1.0, 1.0, 2.0, 1.0, 1.0, -1.0, 3.0, 1.0, 3.0, 1.0, -1.0, 0.0, 0.0, 3.0, 0.0, 2.0, 3.0, -1.0, -1.0, 0.0, -1.0, 0.0, 3.0, -1.0, 3.0, 3.0, 1.0, -1.0, 3.0, 0.0, 2.0, 2.0, 0.0, 3.0, -1.0, 0.0, 491.0, 99548.0
0.0, 1.0, -1.0, 1.0, -1.0, 2.0, 2.0, -1.0, 2.0, 2.0, -1.0, 2.0, 1.0, -1.0, -1.0, 1.0, 1.0, 1.0, 1.0, -1.0, 3.0, 1.0, 3.0, 1.0, -1.0, 0.0, 0.0, 3.0, 0.0, 2.0, 3.0, -1.0, -1.0, 0.0, -1.0, 0.0, 3.0, -1.0, 3.0, 3.0, 1.0, -1.0, 3.0, 0.0, 2.0, 2.0, 0.0, 3.0, -1.0, 0.0, 491.0, 99548.0
2.0, 1.0, 0.0, -1.0, 3.0, 0.0, 1.0, 3.0, 1.0, 3.0, -1.0, 0.0, 0.0, 0.0, 3.0, 3.0, 2.0, -1.0, -1.0, 1.0, 3.0, -1.0, 0.0, 2.0, 1.0, 1.0, 2.0, -1.0, -1.0, 2.0, -1.0, -1.0, 1.0, 0.0, 0.0, -1.0, -1.0, 2.0, -1.0, 1.0, 1.0, -1.0, -1.0, 2.0, 0.0, 0.0, -1.0, 2.0, 0.0, 1.0, 478.0, 99555.0
2.0, 1.0, 0.0, -1.0, 3.0, 0.0, 1.0, 3.0, 1.0, 3.0, -1.0, 0.0, 0.0, 0.0, 3.0, 3.0, 2.0, -1.0, -1.0, 1.0, 3.0, -1.0, 0.0, 2.0, 1.0, 1.0, 2.0, -1.0, -1.0, 2.0, -1.0, -1.0, 1.0, 0.0, 0.0, -1.0, -1.0, 2.0, -1.0, 1.0, 1.0, -1.0, -1.0, 2.0, 0.0, 0.0, -1.0, 2.0, 0.0, 1.0, 478.0, 99555.0
1.0, 1.0, -1.0, 1.0, 1.0, 2.0, 0.0, 0.0, 2.0, -1.0, 2.0, 0.0, 2.0, 0.0, 3.0, -1.0, -1.0, 0.0, 3.0, 3.0, 3.0, 0.0, 3.0, 3.0, 2.0, 3.0, 0.0, 2.0, 2.0, -1.0, -1.0, 0.0, -1.0, 3.0, -1.0, 1.0, 2.0, 0.0, 0.0, 2.0, 1.0, 2.0, -1.0, 3.0, 1.0, 1.0, 1.0, 1.0, 3.0, 0.0, 556.0, 99472.0
3.0, 0.0, 0.0, 2.0, 2.0, -1.0, -1.0, 2.0, 1.0, 1.0, 1.0, 3.0, 2.0, 3.0, -1.0, 0.0, -1.0, 0.0, 2.0, -1.0, 0.0, -1.0, 0.0, 2.0, 0.0, -1.0, 2.0, 3.0, 1.0, -1.0, 2.0, 0.0, 3.0, 0.0, 0.0, -1.0, 1.0, 1.0, -1.0, 1.0, 1.0, 2.0, -1.0, 1.0, -1.0, -1.0, 2.0, 1.0, 3.0, -1.0, 499.0, 99552.0
-1.0, -1.0, -1.0, 0.0, 0.0, 2.0, 2.0, 2.0, 1.0, 0.0, -1.0, 1.0, 2.0, 3.0, 2.0, 3.0, 2.0, -1.0, -1.0, 0.0, 1.0, 2.0, 2.0, 1.0, 1.0, -1.0, -1.0, 2.0, 3.0, -1.0, -1.0, 0.0, 1.0, 2.0, 0.0, 3.0, 0.0, -1.0, 1.0, -1.0, 0.0, 1.0, 2.0, 3.0, -1.0, 0.0, 1.0, 0.0, 3.0, 1.0, 515.0, 99529.0
-1.0, 3.0, 3.0, 0.0, 1.0, 1.0, 3.0, 2.0, 3.0, -1.0, -1.0, 2.0, -1.0, 0.0, -1.0, 1.0, 3.0, 2.0, 1.0, 2.0, 0.0, -1.0, 0.0, 1.0, 2.0, 1.0, 0.0, 2.0, 1.0, 3.0, 0.0, -1.0, 0.0, 1.0, 2.0, 1.0, 3.0, 1.0, 1.0, 3.0, 0.0, -1.0, -1.0, 3.0, 0.0, -1.0, 2.0, 0.0, -1.0, 2.0, 541.0, 99488.0
-1.0, 3.0, 3.0, 0.0, 1.0, 1.0, 3.0, 2.0, 3.0, -1.0, -1.0, 2.0, -1.0, 0.0, -1.0, 1.0, 3.0, 2.0, 1.0, 2.0, 0.0, -1.0, 0.0, 1.0, 2.0, 1.0, 0.0, 2.0, 1.0, 3.0, 0.0, -1.0, 0.0, 1.0, 2.0, 1.0, 3.0, 1.0, 1.0, 3.0, 0.0, -1.0, -1.0, 3.0, 0.0, -1.0, 2.0, 0.0, -1.0, 2.0, 541.0, 99488.0
0.0, 2.0, -1.0, -1.0, 0.0, 1.0, 2.0, 2.0, 1.0, 1.0, 1.0, 1.0, 0.0, 0.0, 0.0, -1.0, 1.0, 0.0, 3.0, -1.0, 2.0, -1.0, 3.0, -1.0, 0.0, 0.0, -1.0, 1.0, 1.0, -1.0, -1.0, 0.0, 2.0, 1.0, 3.0, 0.0, -1.0, 3.0, 3.0, 2.0, 0.0, 2.0, 2.0, 1.0, 2.0, 3.0, -1.0, 2.0, 3.0, 1.0, 535.0, 99497.0
0.0, 1.0, -1.0, 1.0, -1.0, 2.0, 2.0, -1.0, 2.0, 2.0, -1.0, 2.0, 1.0, -1.0, 2.0, 1.0, 2.0, 1.0, 1.0, -1.0, 3.0, 1.0, 3.0, 1.0, -1.0, 0.0, 0.0, 3.0, 0.0, 2.0, 3.0, -1.0, 2.0, 0.0, -1.0, 0.0, 3.0, -1.0, 3.0, 3.0, -1.0, -1.0, 3.0, 0.0, 2.0, 2.0, 0.0, 3.0, -1.0, 0.0, 509.0, 99533.0
-1.0, 0.0, 3.0, 0.0, 3.0, 1.0, 1.0, 1.0, -1.0, -1.0, 1.0, 2.0, 2.0, -1.0, 0.0, 0.0, -1.0, 0.0, -1.0, 3.0, 0.0, 3.0, 2.0, 2.0, 1.0, 3.0, 3.0, 0.0, 3.0, 1.0, -1.0, -1.0, 2.0, 1.0, 3.0, 2.0, 0.0, 2.0, 2.0, 1.0, 3.0, -1.0, 0.0, 1.0, 2.0, 0.0, -1.0, -1.0, 2.0, 0.0, 534.0, 99501.0
-1.0, -1.0, -1.0, 0.0, 0.0, 2.0, 2.0, 2.0, -1.0, 0.0, -1.0, 1.0, 2.0, 3.0, 2.0, 3.0, 2.0, -1.0, -1.0, 0.0, 1.0, 2.0, 2.0, 1.0, 1.0, -1.0, -1.0, 2.0, 3.0, -1.0, -1.0, 0.0, 1.0, 2.0, 0.0, 3.0, 0.0, -1.0, 1.0, -1.0, 0.0, 1.0, 2.0, 3.0, -1.0, 0.0, 1.0, 0.0, 3.0, 1.0, 502.0, 99545.0
-1.0, -1.0, -1.0, 0.0, 0.0, 2.0, 2.0, 2.0, -1.0, 0.0, -1.0, 1.0, 2.0, 3.0, 2.0, 3.0, 2.0, -1.0, -1.0, 0.0, 1.0, 2.0, 2.0, 1.0, 1.0, -1.0, -1.0, 2.0, 3.0, -1.0, -1.0, 0.0, 1.0, 2.0, 0.0, 3.0, 0.0, -1.0, 1.0, -1.0, 0.0, 1.0, 2.0, 3.0, -1.0, 0.0, 1.0, 0.0, 3.0, 1.0, 502.0, 99545.0
2.0, 1.0, 0.0, -1.0, 3.0, 0.0, 1.0, 3.0, 1.0, 3.0, -1.0, 0.0, 0.0, 0.0, 3.0, 3.0, 2.0, -1.0, -1.0, 1.0, 3.0, 2.0, 0.0, 2.0, 1.0, 1.0, 2.0, -1.0, -1.0, 2.0, -1.0, -1.0, 1.0, 0.0, 0.0, -1.0, -1.0, 2.0, -1.0, 1.0, 1.0, -1.0, 2.0, 2.0, 0.0, 0.0, -1.0, 2.0, 0.0, 1.0, 506.0, 99536.0
2.0, 1.0, 0.0, -1.0, 3.0, 0.0, 1.0, 3.0, 1.0, 3.0, -1.0, 0.0, 0.0, 0.0, 3.0, 3.0, 2.0, -1.0, -1.0, 1.0, 3.0, 2.0, 0.0, 2.0, 1.0, 1.0, 2.0, -1.0, -1.0, 2.0, -1.0, -1.0, 1.0, 0.0, 0.0, -1.0, -1.0, 2.0, -1.0, 1.0, 1.0, -1.0, 2.0, 2.0, 0.0, 0.0, -1.0, 2.0, 0.0, 1.0, 506.0, 99536.0
-1.0, 0.0, 3.0, 0.0, 3.0, 1.0, 1.0, 1.0, -1.0, -1.0, 1.0, 2.0, 2.0, -1.0, 0.0, 0.0, -1.0, 0.0, -1.0, 3.0, 0.0, 2.0, 2.0, 2.0, 1.0, 3.0, 3.0, 0.0, 3.0, 1.0, -1.0, -1.0, 2.0, 1.0, 3.0, 2.0, 0.0, 3.0, 2.0, 1.0, 3.0, -1.0, 0.0, 1.0, 2.0, 0.0, -1.0, -1.0, 2.0, 0.0, 534.0, 99501.0
-1.0, 3.0, 3.0, 0.0, 1.0, 1.0, 3.0, 2.0, 3.0, -1.0, -1.0, 2.0, -1.0, 0.0, -1.0, 1.0, 3.0, 2.0, 1.0, 2.0, 0.0, -1.0, 0.0, 1.0, 2.0, 1.0, 0.0, 2.0, 1.0, 3.0, 0.0, -1.0, 0.0, 1.0, 2.0, 1.0, 3.0, 1.0, 1.0, 3.0, 0.0, -1.0, -1.0, 3.0, 0.0, -1.0, 2.0, 0.0, -1.0, 2.0, 541.0, 99488.0
-1.0, 3.0, 3.0, 0.0, 1.0, 1.0, 3.0, 2.0, 3.0, -1.0, -1.0, 2.0, -1.0, 0.0, -1.0, 1.0, 3.0, 2.0, 1.0, 2.0, 0.0, -1.0, 0.0, 1.0, 2.0, 1.0, 0.0, 2.0, 1.0, 3.0, 0.0, -1.0, 0.0, 1.0, 2.0, 1.0, 3.0, 1.0, 1.0, 3.0, 0.0, -1.0, -1.0, 3.0, 0.0, -1.0, 2.0, 0.0, -1.0, 2.0, 541.0, 99488.0
-1.0, 3.0, 3.0, 0.0, 1.0, 1.0, 3.0, 2.0, 3.0, -1.0, -1.0, 2.0, -1.0, 0.0, -1.0, 1.0, 3.0, 2.0, 1.0, 2.0, 0.0, -1.0, 0.0, 1.0, 2.0, 1.0, 0.0, 2.0, 1.0, 3.0, 0.0, -1.0, 0.0, 1.0, 2.0, 1.0, 3.0, 1.0, 1.0, 3.0, 0.0, -1.0, -1.0, 3.0, 0.0, -1.0, 2.0, 0.0, -1.0, 2.0, 541.0, 99488.0
-1.0, 3.0, 3.0, 0.0, 1.0, 1.0, 3.0, 2.0, 3.0, -1.0, -1.0, 2.0, -1.0, 0.0, -1.0, 1.0, 3.0, 2.0, 1.0, 2.0, 0.0, -1.0, 0.0, 1.0, 2.0, 1.0, 0.0, 2.0, 1.0, 3.0, 0.0, -1.0, 0.0, 1.0, 2.0, 1.0, 3.0, 1.0, 1.0, 3.0, 0.0, -1.0, -1.0, 3.0, 0.0, -1.0, 2.0, 0.0, -1.0, 2.0, 541.0, 99488.0
