0.152717943734, 0.996687924176, 90.8829233744, 0.651258454984, 11.1837480484, 1.34854772164, 0.666220046612, 2.31399016483, 5.42271732315, 0.00245884466699, 0.0
0.152717943734, 0.996687924176, 90.8829233744, 0.651258454984, 11.1837480484, 1.34854772164, 0.666220046612, 2.31399016483, 5.42271732315, 0.00317988773167, 0.166666666667
0.127559867714, 0.947131509252, 83.2882281694, 0.481482587988, 28.0869078029, 1.18294405755, 0.919930129275, 2.38498068856, 4.04030311204, 0.00405098578844, 0.0
0.130665090506, 1.09939202328, 82.3332639927, 0.403767666859, 28.0869078029, 1.2115106091, 0.547301630006, 4.13795230386, 6.67908568208, 0.00383145584397, 0.1
0.152717943734, 0.996687924176, 90.8829233744, 0.651258454984, 11.1837480484, 1.34854772164, 0.666220046612, 2.31399016483, 5.42271732315, 0.00339839069807, 0.181818181818
0.172005911764, 0.996687924176, 93.005845748, 0.651258454984, 11.1837480484, 1.34854772164, 0.712481673884, 1.44192989388, 5.42271732315, 0.00374130663672, 0.4
0.130665090506, 0.996687924176, 90.8829233744, 0.541467685978, 67.1996108046, 1.2115106091, 0.666220046612, 0.651925030584, 5.42271732315, 0.00420809235387, 0.0
0.127559867714, 0.947131509252, 83.2882281694, 0.481482587988, 28.0869078029, 1.18294405755, 0.919930129275, 2.38498068856, 4.04030311204, 0.00481976923734, 0.0
0.309467548559, 1.25838750047, 90.0667221714, 0.588028005896, 46.6681535476, 1.02081443394, 1.990399746, 2.44050453527, 1.757235075, 0.00462833691958, 0.115384615385
0.348013384619, 1.09453930516, 90.8829233744, 0.651258454984, 11.1837480484, 1.34854772164, 0.712481673884, 2.31399016483, 5.42271732315, 0.0054721476106, 0.0
0.127559867714, 0.92294888093, 82.4359800757, 0.525751464997, 36.2829907057, 1.2115106091, 1.51043058428, 0.782048422418, 17.1142865869, 0.00567336373166, 0.0
0.127559867714, 0.92294888093, 82.4359800757, 0.525751464997, 36.2829907057, 1.17908512186, 1.63334779845, 0.782048422418, 14.574234792, 0.00580524527268, 0.0
0.127559867714, 1.20277005865, 81.1056888907, 0.485871047958, 28.0869078029, 1.17908512186, 1.85648619612, 4.13795230386, 19.1901038427, 0.005826073394, 0.0344827586207
0.127559867714, 1.09939202328, 83.2882281694, 0.651258454984, 28.0869078029, 1.2115106091, 0.712481673884, 4.13795230386, 4.19821370885, 0.00591471510811, 0.0
0.127559867714, 0.942278693798, 90.8829233744, 0.651258454984, 4.16392776479, 1.16693895561, 1.78535890469, 2.31399016483, 5.42271732315, 0.00610968296079, 0.0
0.130665090506, 1.09939202328, 82.3332639927, 0.642749659751, 82.3475050496, 1.11615772409, 1.85648619612, 0.139043229585, 4.85177718897, 0.00640154850151, 0.0
0.127559867714, 1.20277005865, 81.1056888907, 0.525751464997, 36.2829907057, 1.17908512186, 1.85648619612, 4.13795230386, 19.1901038427, 0.00617388232086, 0.0487804878049
0.130665090506, 1.09939202328, 83.2882281694, 0.642749659751, 82.3475050496, 1.2115106091, 1.85648619612, 4.13795230386, 4.85177718897, 0.00614743732351, 0.08
0.130665090506, 1.09939202328, 82.3332639927, 0.642749659751, 82.3475050496, 1.2115106091, 1.85648619612, 0.139043229585, 4.85177718897, 0.00654189546013, 0.0
0.152717943734, 0.996687924176, 90.8829233744, 0.651258454984, 11.1837480484, 1.34854772164, 0.666220046612, 2.31399016483, 3.44837775178, 0.00608175033675, 0.285714285714
0.127559867714, 1.20277005865, 81.1056888907, 0.525751464997, 28.0869078029, 1.17908512186, 1.85648619612, 4.13795230386, 19.1901038427, 0.00655528877611, 0.0
0.127559867714, 1.23585371668, 85.2896218358, 0.642749659751, 36.2829907057, 1.34854772164, 1.51043058428, 0.860309108758, 9.26228583774, 0.0067845866821, 0.0
0.127559867714, 0.996687924176, 82.4359800757, 0.642749659751, 36.2829907057, 1.2115106091, 1.51043058428, 0.782048422418, 8.91441334361, 0.00669759389682, 0.0357142857143
0.152717943734, 0.996687924176, 90.8829233744, 0.651258454984, 11.1837480484, 1.34854772164, 0.666220046612, 2.31399016483, 5.42271732315, 0.00693241317637, 0.0
0.127559867714, 0.92294888093, 82.4359800757, 0.642749659751, 36.2829907057, 1.2115106091, 1.51043058428, 0.782048422418, 8.91441334361, 0.00694232689756, 0.0
0.172005911764, 0.996687924176, 90.8829233744, 0.651258454984, 87.3757620381, 1.17707268325, 0.666220046612, 2.31399016483, 5.42271732315, 0.00733297167999, 0.0
0.172005911764, 1.01442630168, 90.8829233744, 0.651258454984, 11.1837480484, 1.34854772164, 0.712481673884, 2.31399016483, 5.42271732315, 0.00746040901092, 0.0
0.130665090506, 1.09939202328, 82.3332639927, 0.542017220924, 28.0869078029, 1.2115106091, 1.74321419449, 1.92691727773, 4.85177718897, 0.00731079320734, 0.0512820512821
0.127559867714, 0.92294888093, 82.4359800757, 0.525751464997, 36.2829907057, 1.2115106091, 1.51043058428, 0.782048422418, 14.574234792, 0.00762626351037, 0.0
0.127559867714, 0.947131509252, 80.1443995407, 0.481482587988, 11.1837480484, 1.18294405755, 0.509819341673, 2.38498068856, 4.04030311204, 0.00838958355943, 0.0
0.127559867714, 1.09939202328, 83.2882281694, 0.651258454984, 28.0869078029, 1.16693895561, 0.712481673884, 4.13795230386, 4.19821370885, 0.00681552234865, 0.285714285714
0.127559867714, 0.996687924176, 90.8829233744, 0.651258454984, 4.16392776479, 1.34854772164, 0.54193714336, 2.31399016483, 5.42271732315, 0.00847833796653, 0.0
0.172005911764, 1.09453930516, 82.4359800757, 0.642749659751, 11.1837480484, 1.16527589699, 1.53245456834, 2.31399016483, 5.42271732315, 0.0078179498895, 0.0384615384615
0.127559867714, 0.92294888093, 82.4359800757, 0.651258454984, 36.2829907057, 1.2115106091, 0.807663033021, 0.782048422418, 14.574234792, 0.00727817575445, 0.235294117647
0.172005911764, 1.08585679026, 81.1056888907, 0.651258454984, 28.0869078029, 1.34854772164, 0.712481673884, 1.13168270054, 5.42271732315, 0.008500847375, 0.0
0.108155861341, 1.09939202328, 83.2882281694, 0.490471493442, 82.3475050496, 1.2115106091, 0.547301630006, 4.13795230386, 6.67908568208, 0.00868612881773, 0.0
0.127559867714, 0.84455479243, 91.2437307805, 0.485871047958, 0.826574013584, 2.03366827914, 1.51043058428, 0.782048422418, 16.9117638301, 0.00920219653899, 0.0
0.102176721081, 0.84455479243, 93.005845748, 0.485871047958, 18.7306549969, 2.36088821989, 0.636194742818, 0.782048422418, 5.70766543691, 0.00769047158769, 0.125
0.172005911764, 1.01442630168, 83.8314022055, 0.651258454984, 50.6040668753, 1.34854772164, 0.712481673884, 2.31399016483, 5.42271732315, 0.00939855147497, 0.0
0.127559867714, 0.92294888093, 82.4359800757, 0.5249155734, 36.2829907057, 1.17908512186, 1.63334779845, 0.782048422418, 14.574234792, 0.00936416519236, 0.0196078431373
0.127559867714, 1.09939202328, 83.2882281694, 0.490471493442, 28.0869078029, 1.2115106091, 0.712481673884, 4.13795230386, 4.19821370885, 0.00944229115288, 0.0
0.172005911764, 0.996687924176, 90.8829233744, 0.541467685978, 75.4452596813, 1.34854772164, 0.666220046612, 0.24970008775, 5.42271732315, 0.00831341588897, 0.166666666667
0.127559867714, 0.858449566142, 82.4359800757, 0.651258454984, 5.66790260282, 1.2115106091, 0.712481673884, 0.782048422418, 14.574234792, 0.00955194475386, 0.0
0.130665090506, 0.996687924176, 90.8829233744, 0.541467685978, 75.4452596813, 1.2115106091, 0.666220046612, 0.651925030584, 5.42271732315, 0.00841841438424, 0.142857142857
0.127559867714, 0.996687924176, 90.8829233744, 0.651258454984, 4.16392776479, 1.34854772164, 0.666220046612, 2.31399016483, 5.42271732315, 0.00763599860424, 0.333333333333
0.122278988568, 0.84455479243, 91.2325894433, 0.604985423364, 36.2829907057, 1.2115106091, 1.51043058428, 2.31399016483, 9.26228583774, 0.00990020676664, 0.0
0.102176721081, 0.842768705169, 93.005845748, 0.485871047958, 0.682366137984, 2.36088821989, 1.51043058428, 0.782048422418, 8.90647902177, 0.0099251882621, 0.0
0.130665090506, 1.09939202328, 83.2882281694, 0.490471493442, 28.0869078029, 1.2115106091, 0.547301630006, 4.13795230386, 6.67908568208, 0.00880831269126, 0.111111111111
0.130665090506, 1.09939202328, 82.3332639927, 0.642749659751, 82.3475050496, 1.2115106091, 1.85648619612, 4.13795230386, 4.85177718897, 0.00895831809952, 0.106382978723
0.130665090506, 0.92294888093, 82.4359800757, 0.642749659751, 63.9504572338, 1.34854772164, 1.51043058428, 0.782048422418, 1.62205243047, 0.0079174746038, 0.5
0.172005911764, 1.01442630168, 93.7598058656, 0.490471493442, 85.4325875168, 1.34854772164, 0.712481673884, 0.862109650083, 5.42271732315, 0.00999997971821, 0.0
0.172005911764, 1.01442630168, 93.3257468695, 0.651258454984, 85.4325875168, 1.34854772164, 0.712481673884, 2.31399016483, 5.42271732315, 0.00869514386245, 0.125
0.152717943734, 0.993473269484, 93.9770347694, 0.651258454984, 66.1722386168, 1.34854772164, 1.63080657662, 0.450997712617, 17.1142865869, 0.0101591115382, 0.0
0.172005911764, 1.01442630168, 93.3257468695, 0.651258454984, 85.4325875168, 1.34854772164, 0.712481673884, 2.31399016483, 6.23746492536, 0.0101623401564, 0.0
0.130665090506, 1.09939202328, 83.2882281694, 0.490471493442, 28.0869078029, 1.2115106091, 0.547301630006, 4.13795230386, 5.468251457, 0.0104375272953, 0.0
0.172005911764, 0.999628380116, 90.8829233744, 0.529652206595, 11.1837480484, 1.2115106091, 0.0919258614548, 4.13795230386, 5.42271732315, 0.00971223871858, 0.0833333333333
0.411689996071, 1.09271806374, 87.7377861381, 0.691766530643, 9.0312265397, 1.34854772164, 0.987081811751, 0.139043229585, 18.4719494344, 0.0104576793198, 0.0
0.172005911764, 0.996687924176, 82.3332639927, 0.651258454984, 42.9198619468, 1.17707268325, 0.666220046612, 2.31399016483, 5.42271732315, 0.00872676476708, 0.235294117647
0.127559867714, 0.92294888093, 82.4359800757, 0.642749659751, 36.2829907057, 1.2115106091, 1.51043058428, 0.782048422418, 9.26228583774, 0.00898322055293, 0.166666666667
0.152717943734, 1.05985956768, 90.0667221714, 0.479302874533, 11.1837480484, 1.34854772164, 1.51043058428, 2.33031892133, 5.42271732315, 0.00986651304369, 0.0833333333333
0.104619135758, 0.947131509252, 83.2882281694, 0.481482587988, 28.0869078029, 1.2115106091, 1.85648619612, 1.40385306162, 1.54281747201, 0.0085706413825, 0.564102564103
0.172005911764, 1.01442630168, 93.7598058656, 0.490471493442, 93.2401238581, 1.34854772164, 0.712481673884, 0.862109650083, 5.42271732315, 0.00869424016031, 0.285714285714
0.172005911764, 1.08585679026, 83.2882281694, 0.490471493442, 82.3475050496, 1.2115106091, 0.547301630006, 4.13795230386, 6.67908568208, 0.0104681613118, 0.0
0.152717943734, 0.996687924176, 90.8829233744, 0.651258454984, 11.1837480484, 1.34854772164, 0.666220046612, 2.31399016483, 5.42271732315, 0.00904781748967, 0.230769230769
0.120114825596, 0.92294888093, 80.4609052824, 0.642749659751, 63.9504572338, 1.34854772164, 1.51043058428, 0.782048422418, 11.5067856252, 0.0105071422578, 0.0
0.172005911764, 0.996687924176, 93.3413531809, 0.651258454984, 96.0520014408, 1.17707268325, 0.666220046612, 2.31399016483, 5.42271732315, 0.0108363595892, 0.0
0.172005911764, 0.877617375208, 90.8829233744, 0.651258454984, 87.3757620381, 1.17707268325, 0.553482352972, 0.782048422418, 5.42271732315, 0.00888994217456, 0.5
0.102176721081, 0.84455479243, 93.005845748, 0.485871047958, 0.682366137984, 2.36088821989, 1.51043058428, 0.782048422418, 8.90647902177, 0.0108095098437, 0.025641025641
0.152717943734, 0.996687924176, 92.3041539842, 0.651258454984, 11.1837480484, 1.34854772164, 0.666220046612, 2.31399016483, 5.42271732315, 0.0112691925518, 0.0
0.127559867714, 0.92294888093, 82.4359800757, 0.642749659751, 63.9504572338, 1.34854772164, 1.51043058428, 0.782048422418, 9.26228583774, 0.0101096371828, 0.0833333333333
0.127559867714, 0.92294888093, 82.4359800757, 0.642749659751, 36.2829907057, 1.17707268325, 1.94491795789, 0.782048422418, 9.26228583774, 0.00958248529416, 0.15
0.127559867714, 1.02983378732, 91.2325894433, 0.604985423364, 36.2829907057, 1.2115106091, 1.51043058428, 2.31399016483, 9.26228583774, 0.0114746255934, 0.0
0.266751657778, 0.996687924176, 90.8829233744, 0.651258454984, 87.3757620381, 1.17707268325, 0.666220046612, 2.31399016483, 5.42271732315, 0.0116377974892, 0.0
0.127559867714, 1.19775337079, 82.4359800757, 0.642749659751, 11.1837480484, 1.34854772164, 1.51043058428, 0.782048422418, 3.213095595, 0.0117051255439, 0.0
0.152717943734, 0.993473269484, 93.9770347694, 0.651258454984, 11.1837480484, 1.34854772164, 1.63080657662, 2.33031892133, 17.1142865869, 0.0117314398415, 0.0
0.172005911764, 0.996687924176, 90.8829233744, 0.651258454984, 11.1837480484, 1.34854772164, 0.666220046612, 2.31399016483, 5.42271732315, 0.0117705961019, 0.0
0.130665090506, 0.996687924176, 90.8829233744, 0.541467685978, 75.4452596813, 1.2115106091, 0.666220046612, 0.651925030584, 5.42271732315, 0.0096879907483, 0.263157894737
0.172005911764, 0.996687924176, 90.8829233744, 0.651258454984, 87.3757620381, 1.17707268325, 0.666220046612, 2.31399016483, 5.42271732315, 0.0120481084629, 0.0
0.127559867714, 0.84455479243, 91.2437307805, 0.485871047958, 11.1837480484, 2.03366827914, 1.51043058428, 0.782048422418, 16.9117638301, 0.0122394207908, 0.0
0.127559867714, 1.17656038029, 85.2896218358, 0.642749659751, 36.2829907057, 1.34854772164, 1.51043058428, 0.860309108758, 9.26228583774, 0.011408162684, 0.0606060606061
0.172005911764, 1.09453930516, 80.0728480828, 0.651258454984, 11.1837480484, 1.34854772164, 0.712481673884, 2.31399016483, 5.42271732315, 0.012247191039, 0.0
0.127559867714, 0.858449566142, 82.4359800757, 0.651258454984, 5.66790260282, 1.2115106091, 0.712481673884, 0.782048422418, 14.574234792, 0.0125190971321, 0.0
0.127559867714, 0.92294888093, 82.4359800757, 0.642749659751, 54.2151872667, 2.36088821989, 1.51043058428, 0.782048422418, 1.13063872761, 0.0132755292471, 0.0
0.172005911764, 0.877617375208, 90.8829233744, 0.651258454984, 87.3757620381, 1.14684113164, 0.553482352972, 0.782048422418, 5.42271732315, 0.0133803985155, 0.0
0.127559867714, 1.18772661173, 81.1056888907, 0.485871047958, 28.0869078029, 1.94011156361, 1.85648619612, 4.13795230386, 19.1901038427, 0.0135322609618, 0.0
0.127559867714, 0.92294888093, 82.4359800757, 0.62162196206, 63.9504572338, 1.34854772164, 1.51043058428, 0.782048422418, 6.27856048166, 0.0103972676467, 0.189189189189
0.127559867714, 0.92294888093, 82.4359800757, 0.642749659751, 54.2151872667, 2.36088821989, 1.51043058428, 0.782048422418, 1.06697616289, 0.0137063684798, 0.0
0.127559867714, 1.02983378732, 93.005845748, 0.604985423364, 36.2829907057, 2.36088821989, 1.51043058428, 0.782048422418, 9.26228583774, 0.0137474488, 0.0
0.127559867714, 0.84455479243, 93.005845748, 0.485871047958, 18.7306549969, 1.2115106091, 1.51043058428, 0.782048422418, 9.26228583774, 0.0108314889923, 0.148936170213
0.127559867714, 0.84455479243, 93.005845748, 0.485871047958, 18.7306549969, 2.36088821989, 1.51043058428, 0.782048422418, 9.26228583774, 0.0140300141842, 0.0
0.411689996071, 1.09271806374, 92.621950298, 0.525751464997, 5.29888914825, 1.34854772164, 0.272014173181, 0.139043229585, 14.574234792, 0.0140774808156, 0.0
0.127559867714, 0.899163300339, 82.4359800757, 0.651258454984, 11.1837480484, 1.17908512186, 1.63334779845, 0.782048422418, 14.574234792, 0.0113161496538, 0.131578947368
0.127559867714, 0.942278693798, 90.8829233744, 0.651258454984, 4.16392776479, 1.16693895561, 0.666220046612, 2.31399016483, 5.42271732315, 0.0142023750703, 0.0
0.309467548559, 1.25838750047, 90.0667221714, 0.588028005896, 46.6681535476, 1.02081443394, 1.990399746, 2.44050453527, 2.44604179937, 0.0144794810121, 0.0
0.127559867714, 1.02983378732, 91.2325894433, 0.604985423364, 36.2829907057, 1.2115106091, 1.51043058428, 2.31399016483, 9.26228583774, 0.0115986035802, 0.127272727273
0.127559867714, 0.947131509252, 80.1443995407, 0.481482587988, 11.1837480484, 1.18294405755, 0.666220046612, 2.38498068856, 4.04030311204, 0.0102021758899, 0.533333333333
0.127559867714, 0.92294888093, 82.4359800757, 0.642749659751, 36.2829907057, 2.36088821989, 1.51043058428, 0.782048422418, 1.13063872761, 0.0144891511317, 0.0
0.127559867714, 0.84455479243, 91.2437307805, 0.485871047958, 11.1837480484, 1.34854772164, 1.51043058428, 0.782048422418, 16.9117638301, 0.0127416585815, 0.08
0.309467548559, 1.02380506845, 90.0667221714, 0.642749659751, 46.6681535476, 1.2115106091, 1.8390427944, 2.44050453527, 2.44604179937, 0.0151171158693, 0.0
0.127559867714, 1.18772661173, 81.1056888907, 0.485871047958, 28.0869078029, 2.36088821989, 1.85648619612, 4.13795230386, 19.1901038427, 0.0152365580581, 0.0
