0.152717943734, 0.996687924176, 90.8829233744, 0.651258454984, 11.1837480484, 1.34854772164, 0.666220046612, 2.31399016483, 5.42271732315, 0.00245884466699, 0.0
0.152717943734, 0.996687924176, 90.8829233744, 0.651258454984, 11.1837480484, 1.34854772164, 0.666220046612, 2.31399016483, 5.42271732315, 0.00317988773167, 0.166666666667
0.127559867714, 0.947131509252, 83.2882281694, 0.481482587988, 28.0869078029, 1.18294405755, 0.919930129275, 2.38498068856, 4.04030311204, 0.00405098578844, 0.0
0.152717943734, 0.996687924176, 90.8829233744, 0.651258454984, 11.1837480484, 1.34854772164, 0.666220046612, 2.31399016483, 5.42271732315, 0.00339839069807, 0.181818181818
0.348013384619, 1.09453930516, 90.8829233744, 0.651258454984, 11.1837480484, 1.34854772164, 0.712481673884, 2.31399016483, 5.42271732315, 0.0054721476106, 0.0
0.172005911764, 0.996687924176, 93.005845748, 0.651258454984, 11.1837480484, 1.34854772164, 0.712481673884, 1.44192989388, 5.42271732315, 0.00374130663672, 0.4
0.127559867714, 0.92294888093, 82.4359800757, 0.525751464997, 36.2829907057, 1.17908512186, 1.63334779845, 0.782048422418, 14.574234792, 0.00580524527268, 0.0
0.127559867714, 0.92294888093, 82.4359800757, 0.642749659751, 36.2829907057, 1.2115106091, 1.51043058428, 0.782048422418, 8.91441334361, 0.00694232689756, 0.0
0.172005911764, 0.996687924176, 90.8829233744, 0.651258454984, 87.3757620381, 1.17707268325, 0.666220046612, 2.31399016483, 5.42271732315, 0.00733297167999, 0.0
0.152717943734, 0.996687924176, 90.8829233744, 0.651258454984, 11.1837480484, 1.34854772164, 0.666220046612, 2.31399016483, 3.44837775178, 0.00608175033675, 0.285714285714
0.127559867714, 0.92294888093, 82.4359800757, 0.525751464997, 36.2829907057, 1.2115106091, 1.51043058428, 0.782048422418, 14.574234792, 0.00762626351037, 0.0
0.172005911764, 1.08585679026, 81.1056888907, 0.651258454984, 28.0869078029, 1.34854772164, 0.712481673884, 1.13168270054, 5.42271732315, 0.008500847375, 0.0
0.172005911764, 0.996687924176, 90.8829233744, 0.541467685978, 75.4452596813, 1.34854772164, 0.666220046612, 0.24970008775, 5.42271732315, 0.00831341588897, 0.166666666667
0.108155861341, 1.09939202328, 83.2882281694, 0.490471493442, 82.3475050496, 1.2115106091, 0.547301630006, 4.13795230386, 6.67908568208, 0.00868612881773, 0.0
0.127559867714, 0.996687924176, 90.8829233744, 0.651258454984, 4.16392776479, 1.34854772164, 0.666220046612, 2.31399016483, 5.42271732315, 0.00763599860424, 0.333333333333
0.172005911764, 1.01442630168, 93.3257468695, 0.651258454984, 85.4325875168, 1.34854772164, 0.712481673884, 2.31399016483, 5.42271732315, 0.00869514386245, 0.125
0.130665090506, 1.09939202328, 83.2882281694, 0.490471493442, 28.0869078029, 1.2115106091, 0.547301630006, 4.13795230386, 6.67908568208, 0.00880831269126, 0.111111111111
0.172005911764, 1.01442630168, 83.8314022055, 0.651258454984, 50.6040668753, 1.34854772164, 0.712481673884, 2.31399016483, 5.42271732315, 0.00939855147497, 0.0
0.130665090506, 0.92294888093, 82.4359800757, 0.642749659751, 63.9504572338, 1.34854772164, 1.51043058428, 0.782048422418, 1.62205243047, 0.0079174746038, 0.5
0.127559867714, 0.92294888093, 82.4359800757, 0.642749659751, 63.9504572338, 1.34854772164, 1.51043058428, 0.782048422418, 9.26228583774, 0.0101096371828, 0.0833333333333
0.130665090506, 1.09939202328, 83.2882281694, 0.490471493442, 28.0869078029, 1.2115106091, 0.547301630006, 4.13795230386, 5.468251457, 0.0104375272953, 0.0
0.120114825596, 0.92294888093, 80.4609052824, 0.642749659751, 63.9504572338, 1.34854772164, 1.51043058428, 0.782048422418, 11.5067856252, 0.0105071422578, 0.0
0.172005911764, 0.996687924176, 82.3332639927, 0.651258454984, 42.9198619468, 1.17707268325, 0.666220046612, 2.31399016483, 5.42271732315, 0.00872676476708, 0.235294117647
0.127559867714, 0.92294888093, 82.4359800757, 0.642749659751, 36.2829907057, 1.2115106091, 1.51043058428, 0.782048422418, 9.26228583774, 0.00898322055293, 0.166666666667
0.102176721081, 0.84455479243, 93.005845748, 0.485871047958, 0.682366137984, 2.36088821989, 1.51043058428, 0.782048422418, 8.90647902177, 0.0108095098437, 0.025641025641
0.127559867714, 0.84455479243, 91.2437307805, 0.485871047958, 11.1837480484, 2.03366827914, 1.51043058428, 0.782048422418, 16.9117638301, 0.0122394207908, 0.0
0.152717943734, 0.996687924176, 90.8829233744, 0.651258454984, 11.1837480484, 1.34854772164, 0.666220046612, 2.31399016483, 5.42271732315, 0.00904781748967, 0.230769230769
0.127559867714, 1.17656038029, 85.2896218358, 0.642749659751, 36.2829907057, 1.34854772164, 1.51043058428, 0.860309108758, 9.26228583774, 0.011408162684, 0.0606060606061
0.172005911764, 1.09453930516, 80.0728480828, 0.651258454984, 11.1837480484, 1.34854772164, 0.712481673884, 2.31399016483, 5.42271732315, 0.012247191039, 0.0
0.127559867714, 0.92294888093, 82.4359800757, 0.642749659751, 54.2151872667, 2.36088821989, 1.51043058428, 0.782048422418, 1.13063872761, 0.0132755292471, 0.0
0.130665090506, 0.996687924176, 90.8829233744, 0.541467685978, 75.4452596813, 1.2115106091, 0.666220046612, 0.651925030584, 5.42271732315, 0.0096879907483, 0.263157894737
0.127559867714, 0.84455479243, 93.005845748, 0.485871047958, 18.7306549969, 1.2115106091, 1.51043058428, 0.782048422418, 9.26228583774, 0.0108314889923, 0.148936170213
0.127559867714, 0.899163300339, 82.4359800757, 0.651258454984, 11.1837480484, 1.17908512186, 1.63334779845, 0.782048422418, 14.574234792, 0.0113161496538, 0.131578947368
0.127559867714, 1.18772661173, 81.1056888907, 0.485871047958, 28.0869078029, 1.94011156361, 1.85648619612, 4.13795230386, 19.1901038427, 0.0135322609618, 0.0
0.127559867714, 1.02983378732, 93.005845748, 0.604985423364, 36.2829907057, 2.36088821989, 1.51043058428, 0.782048422418, 9.26228583774, 0.0137474488, 0.0
0.172005911764, 0.999628380116, 90.8829233744, 0.529652206595, 11.1837480484, 1.2115106091, 0.0919258614548, 4.13795230386, 5.42271732315, 0.0123901790248, 0.1
0.127559867714, 0.84455479243, 93.005845748, 0.485871047958, 18.7306549969, 2.36088821989, 1.51043058428, 0.782048422418, 9.26228583774, 0.0140300141842, 0.0
0.411689996071, 1.09271806374, 92.621950298, 0.525751464997, 5.29888914825, 1.34854772164, 0.272014173181, 0.139043229585, 14.574234792, 0.0140774808156, 0.0
0.309467548559, 1.02380506845, 90.0667221714, 0.642749659751, 88.1977473887, 1.2115106091, 0.38015634157, 2.44050453527, 2.44604179937, 0.0132397103158, 0.142857142857
0.309467548559, 1.25838750047, 90.0667221714, 0.588028005896, 46.6681535476, 1.02081443394, 1.990399746, 2.44050453527, 2.44604179937, 0.0144794810121, 0.0
0.104619135758, 0.947131509252, 83.2882281694, 0.481482587988, 28.0869078029, 2.36088821989, 1.85648619612, 2.38498068856, 1.54281747201, 0.0139142916006, 0.0952380952381
0.127559867714, 0.92294888093, 82.4359800757, 0.642749659751, 36.2829907057, 2.36088821989, 1.51043058428, 0.782048422418, 1.13063872761, 0.0144891511317, 0.0
0.152717943734, 0.993473269484, 90.0667221714, 0.651258454984, 11.1837480484, 1.34854772164, 1.63080657662, 2.33031892133, 5.42271732315, 0.0112935777696, 0.289473684211
0.127559867714, 0.92294888093, 82.4359800757, 0.525751464997, 36.2829907057, 1.2115106091, 1.51043058428, 0.782048422418, 14.574234792, 0.0141507479471, 0.078431372549
0.309467548559, 1.02380506845, 90.0667221714, 0.642749659751, 46.6681535476, 1.2115106091, 1.8390427944, 2.44050453527, 2.44604179937, 0.0151171158693, 0.0
0.119635138778, 0.97609987062, 93.3257468695, 0.651258454984, 85.4325875168, 1.34854772164, 0.651115853409, 1.66156677585, 3.09076041512, 0.0131651613304, 0.166666666667
0.127559867714, 1.18772661173, 81.1056888907, 0.485871047958, 28.0869078029, 2.36088821989, 1.85648619612, 4.13795230386, 19.1901038427, 0.0150803598333, 0.0263157894737
0.428707466518, 1.09271806374, 82.3332639927, 0.642749659751, 42.9198619468, 1.01749183173, 1.85648619612, 4.13795230386, 9.34176776337, 0.0145488955984, 0.0322580645161
0.127559867714, 1.18772661173, 81.1056888907, 0.485871047958, 28.0869078029, 2.36088821989, 1.85648619612, 4.13795230386, 19.1901038427, 0.0152365580581, 0.0
0.172005911764, 1.08585679026, 81.1056888907, 0.651258454984, 11.1837480484, 1.34854772164, 0.712481673884, 1.13168270054, 4.63639012099, 0.0117752323367, 0.333333333333
0.152717943734, 0.993473269484, 90.0667221714, 0.651258454984, 11.1837480484, 1.34854772164, 1.63080657662, 2.33031892133, 5.42271732315, 0.0147552223191, 0.0350877192982
0.152717943734, 0.84455479243, 93.9770347694, 0.529652206595, 27.2187227127, 2.37772746112, 0.712481673884, 0.96658722667, 17.1142865869, 0.0153981686961, 0.0
0.172005911764, 1.01442630168, 93.3257468695, 0.651258454984, 85.4325875168, 1.34854772164, 0.712481673884, 2.31399016483, 5.42271732315, 0.0115169395481, 0.533333333333
0.130665090506, 1.09939202328, 82.3332639927, 0.642749659751, 82.3475050496, 1.2115106091, 1.85648619612, 4.13795230386, 4.85177718897, 0.0120632952397, 0.454545454545
0.172005911764, 1.09758414389, 90.8829233744, 0.651258454984, 11.1837480484, 1.34854772164, 0.712481673884, 2.31399016483, 5.42271732315, 0.0157281999867, 0.0
0.127559867714, 1.09939202328, 83.2882281694, 0.490471493442, 28.0869078029, 1.2115106091, 0.547301630006, 4.13795230386, 5.468251457, 0.0122023328714, 0.611111111111
0.348013384619, 1.09453930516, 90.8829233744, 0.651258454984, 11.1837480484, 1.34854772164, 0.712481673884, 2.31399016483, 5.42271732315, 0.016616732475, 0.0
0.152717943734, 0.996687924176, 90.8829233744, 0.660340673882, 11.1837480484, 1.34854772164, 0.666220046612, 2.31399016483, 5.42271732315, 0.0128973242364, 0.307692307692
0.127559867714, 1.01141157308, 93.005845748, 0.485871047958, 18.7306549969, 2.36088821989, 1.51043058428, 0.782048422418, 9.26228583774, 0.0172929960612, 0.0
0.127559867714, 1.25385668496, 93.005845748, 0.485871047958, 36.2829907057, 2.36088821989, 1.51043058428, 0.782048422418, 9.26228583774, 0.0174221830214, 0.0
0.172005911764, 1.09453930516, 90.8829233744, 0.651258454984, 11.1837480484, 1.34854772164, 0.712481673884, 2.31399016483, 13.4687302121, 0.0174898533852, 0.0
0.172005911764, 0.996687924176, 90.8829233744, 0.651258454984, 11.1837480484, 1.34854772164, 0.666220046612, 2.31399016483, 5.42271732315, 0.0131559599652, 0.533333333333
0.348013384619, 1.09453930516, 90.8829233744, 0.672603339698, 11.1837480484, 1.34854772164, 0.712481673884, 0.782048422418, 5.42271732315, 0.0179643557434, 0.0
0.102176721081, 0.84455479243, 93.005845748, 0.485871047958, 18.7306549969, 3.08727109352, 1.76460755093, 0.782048422418, 9.26228583774, 0.0151847490488, 0.107142857143
0.152717943734, 0.996687924176, 90.8829233744, 0.527503468329, 28.0869078029, 1.34854772164, 0.666220046612, 2.31399016483, 1.96822897343, 0.0135147760948, 0.347826086957
0.309467548559, 1.01000808631, 90.0667221714, 0.588028005896, 46.6681535476, 2.00164439046, 1.96595231722, 4.44400873529, 2.44604179937, 0.0182198517943, 0.015873015873
0.411689996071, 1.09271806374, 89.9066628199, 0.691766530643, 9.0312265397, 1.34854772164, 0.987081811751, 0.139043229585, 18.4719494344, 0.0190226779708, 0.0
0.130665090506, 1.09939202328, 82.3332639927, 0.642749659751, 82.3475050496, 1.2115106091, 1.85648619612, 4.13795230386, 4.85177718897, 0.0135319343675, 0.37037037037
0.172005911764, 1.01442630168, 90.8829233744, 0.651258454984, 11.1837480484, 1.34854772164, 0.712481673884, 2.31399016483, 5.42271732315, 0.0133946881082, 0.461538461538
0.127559867714, 0.84455479243, 91.2437307805, 0.485871047958, 0.826574013584, 2.03366827914, 1.51043058428, 0.782048422418, 16.9117638301, 0.0191505202104, 0.0
0.102176721081, 0.84455479243, 93.005845748, 0.485871047958, 18.7306549969, 2.36088821989, 1.51043058428, 0.782048422418, 9.26228583774, 0.0162385561039, 0.0925925925926
0.127559867714, 1.25954022536, 88.8943231356, 0.481482587988, 28.0869078029, 2.36088821989, 0.919930129275, 4.13795230386, 1.54281747201, 0.0134882685033, 0.588235294118
0.428707466518, 0.92294888093, 82.3332639927, 0.642749659751, 93.1949310355, 1.2115106091, 1.85648619612, 4.13795230386, 17.6270075585, 0.0193300792802, 0.0
0.348013384619, 1.09453930516, 90.8829233744, 0.672603339698, 11.1837480484, 1.34854772164, 0.712481673884, 0.782048422418, 5.42271732315, 0.0193675228045, 0.0
0.152717943734, 1.01442630168, 93.9770347694, 0.529652206595, 27.2187227127, 4.55476801092, 0.712481673884, 0.96658722667, 17.1142865869, 0.0196030559075, 0.0
0.172005911764, 0.996687924176, 90.8829233744, 0.651258454984, 87.3757620381, 1.17707268325, 0.666220046612, 0.782048422418, 5.42271732315, 0.0189157025328, 0.0416666666667
0.172005911764, 0.94262058548, 93.9770347694, 0.529652206595, 27.2187227127, 4.55476801092, 0.712481673884, 0.96658722667, 1.49135052603, 0.0198941939571, 0.0
0.127559867714, 0.84455479243, 91.2437307805, 0.490471493442, 28.0869078029, 2.03366827914, 1.51043058428, 0.782048422418, 16.9117638301, 0.0168764305369, 0.106060606061
0.428707466518, 0.962371628583, 82.3332639927, 0.630427732852, 93.1949310355, 1.2115106091, 1.85648619612, 4.69528590929, 17.6270075585, 0.0199845926294, 0.0
0.130665090506, 1.09939202328, 83.2882281694, 0.490471493442, 28.0869078029, 1.2115106091, 0.919930129275, 0.697494760422, 4.52952003992, 0.015010542628, 0.181818181818
0.428707466518, 1.09271806374, 82.3332639927, 0.642749659751, 42.9198619468, 1.01749183173, 1.85648619612, 4.13795230386, 9.34176776337, 0.020258994177, 0.0
0.127559867714, 1.17656038029, 85.2896218358, 0.691678354243, 39.9258700451, 3.42847223095, 1.52807555371, 2.75058530162, 13.4739241085, 0.0207179951351, 0.0
0.127559867714, 0.840689977256, 82.4359800757, 0.525751464997, 36.2829907057, 1.2115106091, 1.51043058428, 2.31399016483, 14.574234792, 0.014173435183, 0.389830508475
0.428707466518, 0.914785654939, 82.3332639927, 0.642749659751, 39.9258700451, 1.06266122895, 1.45436962221, 4.13795230386, 17.6270075585, 0.0208539645668, 0.0
0.428707466518, 1.0019500899, 82.3332639927, 0.642749659751, 42.9198619468, 1.01749183173, 1.6096883861, 4.13795230386, 18.6673121799, 0.02122923229, 0.0
0.172005911764, 0.996687924176, 90.8829233744, 0.651258454984, 11.1837480484, 1.34854772164, 0.666220046612, 2.31399016483, 5.42271732315, 0.0150353063124, 0.28
0.428707466518, 0.92294888093, 82.319546771, 0.642749659751, 33.2081122751, 1.2115106091, 1.85648619612, 4.13795230386, 4.85177718897, 0.0226786654286, 0.0
0.428707466518, 0.92294888093, 82.3332639927, 0.642749659751, 42.9198619468, 1.2115106091, 1.85648619612, 4.13795230386, 4.85177718897, 0.022847304476, 0.0
0.411689996071, 1.0019500899, 93.1640474809, 0.61316335247, 33.2081122751, 1.34854772164, 0.987081811751, 1.58712090646, 9.0325160818, 0.0228665244455, 0.0
0.127559867714, 0.964305805632, 83.2882281694, 0.481482587988, 50.2082235161, 2.36088821989, 0.919930129275, 2.38498068856, 1.54281747201, 0.0181441266106, 0.111111111111
0.428707466518, 0.999628380116, 82.3332639927, 0.630427732852, 93.1949310355, 1.2115106091, 1.85648619612, 4.13795230386, 17.6270075585, 0.0243976235168, 0.0
0.127559867714, 0.92294888093, 82.4359800757, 0.642749659751, 28.0869078029, 1.2115106091, 1.51043058428, 0.782048422418, 9.26228583774, 0.015682877477, 0.189655172414
0.152717943734, 1.01442630168, 93.9770347694, 0.529652206595, 27.2187227127, 4.55476801092, 0.712481673884, 0.96658722667, 17.1142865869, 0.0246320924938, 0.0
0.428707466518, 0.84455479243, 82.3332639927, 0.642749659751, 44.5982206045, 1.2115106091, 1.51043058428, 0.782048422418, 18.2685780803, 0.0247276239097, 0.0
0.127559867714, 1.02983378732, 91.2325894433, 0.604985423364, 36.2829907057, 1.2115106091, 1.51043058428, 0.299928937926, 9.26228583774, 0.0150635377009, 0.386363636364
0.172005911764, 1.09453930516, 90.8829233744, 0.651258454984, 11.1837480484, 1.34854772164, 0.712481673884, 2.31399016483, 5.42271732315, 0.014917765749, 0.473684210526
0.452563156275, 0.92294888093, 82.4359800757, 0.525751464997, 36.2829907057, 1.18828321744, 1.51043058428, 0.782048422418, 14.574234792, 0.0248290351366, 0.0
0.411689996071, 1.25551249215, 93.0044288704, 0.690824613166, 72.0863391973, 1.34854772164, 1.52750383712, 0.311908339779, 7.37367551794, 0.0266764887712, 0.0
0.172005911764, 0.996687924176, 90.8829233744, 0.651258454984, 87.3757620381, 1.17707268325, 0.666220046612, 2.31399016483, 5.42271732315, 0.0164319523766, 0.2
0.309467548559, 1.01000808631, 90.0667221714, 0.588028005896, 46.6681535476, 2.00164439046, 1.96595231722, 4.44400873529, 2.44604179937, 0.0237292049485, 0.03125
