5.23333580772, 1.10441186962, 0.831719295474, 1.17601759323, 4.70806199413, 0.868058815547, 4.90194493159, 1.21248531016, 1.13763049804, 2.61360734807, 3.47454102816, 1.1799939817, 2.78882264514, 0.969466315739, 0.813788625572, 1.25145234737, 1.12280583608, 0.943085479516, 4.47424888308, 0.978922193412, 0.979152598781, 281.52907618, 1.19975328055, 1.52761051373, 1.20604985528, 1.08985044644, 1.04636337882, 10.1362290426, 40.5552812674
4.90426011957, 1.42684621794, 1.02383715071, 1.20464764147, 2.73857645273, 0.819114501629, 1.47214097193, 1.07278312124, 0.959542769329, 1.72121736424, 6.59278458393, 0.915018300036, 3.27487750795, 1.14677574384, 0.79130105943, 1.33207130405, 1.16772967813, 1.13695467941, 7.39846499532, 1.06296207387, 0.790417035379, 316.357026874, 0.914786215729, 3.53199820215, 1.10605403287, 4.3429685016, 1.28328907955, 8.27972855193, 48.0020109514
4.78224023534, 1.03461344617, 0.772527677282, 1.10645540422, 4.94583392646, 0.717257022261, 4.30233685074, 0.857153666203, 1.12206150294, 2.59834167939, 1.71446954141, 1.05557866865, 2.39222884348, 1.01672964959, 0.862596995615, 1.41129800896, 1.10428756376, 0.872423107827, 9.33862939763, 1.00551323598, 0.809839043935, 124.472802326, 1.10131618938, 4.90942388544, 1.17196991554, 3.42469289618, 1.1536818112, 7.22176467619, 185.393714351
4.16762437662, 1.11210531198, 1.61570134833, 1.11841493231, 5.66659448786, 1.13062788335, 5.63125378937, 1.00899807817, 0.991580455967, 2.20469674779, 2.22259597328, 1.15944375967, 4.3521897068, 1.13028607282, 0.902002664318, 1.60008585743, 1.050293566, 1.00814687375, 6.32634758999, 1.05668369396, 0.973616314579, 12.54887296, 1.04706054687, 2.47921336984, 0.967552201672, 4.46606061557, 0.993575549342, 7.59914252664, 249.32299487
3.63615283986, 1.15643586899, 0.817268050351, 0.812596487219, 6.6373610778, 0.843604218416, 3.86625129689, 0.82333634236, 0.953183059614, 5.91381537963, 4.67641208359, 1.21607394536, 2.50676376841, 0.930545890848, 0.921763322599, 1.33553121975, 1.08053199154, 1.088324205, 5.00643657003, 0.914544573716, 0.92545781974, 145.474491722, 0.896068431922, 4.92026816466, 1.10346155066, 3.45501378057, 1.23445554248, 15.7162632596, 73.1197996632
4.82327341338, 1.30453528448, 1.71884463049, 1.2054176062, 4.30900123988, 1.11919681661, 3.70166489186, 1.18350371975, 1.06212083039, 6.19084515582, 4.33129509757, 1.16270579996, 4.47947349012, 1.09175755225, 0.956461731799, 1.05905663657, 1.03839376319, 0.815030628308, 6.82866247889, 1.02486579728, 0.92649871639, 58.2958911657, 0.91407013789, 5.29196822455, 1.18764199016, 3.49599548722, 1.14089209961, 10.3727291239, 167.863020468
4.07084712532, 1.05815651544, 1.17658751959, 0.872162306118, 3.21467811037, 0.78024234204, 1.74984481514, 1.20416273986, 1.1269384604, 1.45165753156, 3.43638865947, 0.934138807299, 2.37620646912, 1.04061258477, 0.891402875094, 1.41452050297, 1.09674775842, 1.06505394601, 4.48731894472, 0.957972520519, 0.83210967178, 404.554500188, 1.1516483146, 1.11746665532, 1.09185482541, 2.79198755602, 1.2449878805, 23.6883723081, 164.385861879
3.93014004673, 1.30435338596, 1.63001575098, 1.01351029821, 2.54523982648, 0.744686161519, 4.43268691157, 0.867782900017, 0.982705830712, 2.81785402834, 3.9578571761, 0.96806688675, 3.38882123884, 0.907137382895, 0.804695200763, 1.20013835127, 1.16555773606, 1.05408623838, 3.75025685068, 1.18124804505, 0.957577555169, 86.2732545001, 0.87935882465, 1.97399064983, 1.01129597464, 3.13162104409, 1.1502958168, 8.53659926556, 524.404304336
3.55032033926, 1.34230640452, 0.967904776423, 1.05570812726, 3.51485495421, 0.747871605721, 1.45014890732, 1.2571916652, 0.905412690855, 2.51502465514, 6.71926566139, 1.04444890651, 2.19030390364, 1.07913544363, 0.980175589599, 1.60674384222, 1.00727392678, 1.11116061367, 8.7092067166, 1.03548361849, 0.761104809077, 125.593673273, 1.14770670656, 2.65641596808, 0.963392024894, 4.05608680464, 1.27856316901, 18.0206035004, 220.302984578
2.55344655722, 1.02556331219, 0.752454177437, 0.949748373083, 1.43062119498, 0.810496952695, 4.58188398928, 1.23308651407, 0.934943984524, 4.00407002413, 7.40342292312, 1.03673166819, 2.99069000604, 1.21687948027, 0.962190236778, 1.4022288196, 1.15068067041, 1.17531667698, 3.64762159778, 0.926609063405, 0.949202878166, 156.570130876, 0.984698117497, 4.25746635574, 0.982537568997, 1.5406600973, 1.10016899414, 10.1948009027, 1709.66846371
3.24728375991, 1.03005668462, 1.57380200457, 1.1885339943, 6.66966706762, 1.16878437462, 3.13490130249, 0.939704078792, 1.00526997206, 4.42000933707, 4.40191661937, 0.836348267698, 1.8696632451, 0.911588569417, 0.880913871841, 1.51756673999, 1.02839480545, 0.836816544977, 7.7258408519, 0.977722046893, 0.862244787861, 256.103608757, 0.972140429135, 1.07653331568, 0.975026798293, 3.89663468978, 1.23301257061, 15.2669987457, 313.665301577
1.38593893126, 1.23141044555, 1.66049871184, 1.05049032399, 2.15855838171, 1.00256035624, 4.57682768689, 1.24486665521, 1.09156929597, 2.30401090097, 6.84239393115, 1.099166894, 2.4631780839, 1.26096488298, 1.08631422528, 1.40774689475, 1.16105293879, 1.0082969693, 7.24709415012, 0.979548837529, 0.997157077137, 406.741950715, 1.05010667102, 1.61626396665, 1.15483444841, 5.44734985968, 1.03578559361, 12.5717998366, 340.230587254
4.14742589198, 1.07435551876, 1.66099839469, 1.17101386639, 2.3420332749, 1.03649685261, 4.98644929623, 1.13181065319, 0.960866021351, 5.40020518567, 2.92460678616, 0.822246808177, 2.08247371149, 1.13902331856, 0.947705862657, 1.60294361476, 1.04883078934, 1.11385746206, 7.50892741691, 1.06726069734, 0.993638900859, 371.00161969, 1.1796505505, 5.37086451499, 1.00588722799, 4.22057248786, 1.23333580306, 12.203169005, 1567.14388707
2.55344655722, 1.02556331219, 0.730943978995, 0.847357702265, 1.43062119498, 0.810496952695, 5.59526560133, 1.23308651407, 0.934943984524, 4.00407002413, 6.33289265331, 1.04617513657, 2.99069000604, 1.21687948027, 0.953783216905, 1.37623953998, 1.14247936751, 1.17531667698, 3.68487004643, 0.926609063405, 0.949202878166, 156.570130876, 0.984698117497, 5.02779400349, 0.982537568997, 1.5406600973, 1.10016899414, 13.8221726581, 863.157567153
1.83418432252, 1.11732458856, 1.56001365403, 1.20451308672, 6.97002949467, 0.881733879429, 5.47863321359, 1.03154558332, 1.00129445617, 4.64547886936, 2.614698304, 0.893735708758, 3.06965760758, 0.924767098146, 0.844567472143, 1.44678348164, 1.01017632087, 0.961928615649, 5.68021212082, 1.13353046056, 0.837176248634, 363.005432667, 0.911881104576, 2.46797773785, 1.22250686507, 3.23707915907, 0.873980985376, 14.3945618986, 1422.20817751
4.90426011957, 1.42684621794, 1.02383715071, 1.20464764147, 2.73857645273, 1.09057380457, 1.47214097193, 1.07278312124, 0.959542769329, 1.72121736424, 7.33888962544, 0.915018300036, 3.27487750795, 1.14677574384, 0.79130105943, 1.33207130405, 1.16772967813, 1.13695467941, 5.8533769093, 1.06296207387, 0.790417035379, 316.357026874, 0.868747811083, 3.53199820215, 1.10605403287, 4.3429685016, 1.28967170607, 12.7903520871, 1789.7833485
2.33321003777, 1.06950314578, 0.885694934895, 0.881035666659, 2.06545396255, 1.03906637813, 4.97029505903, 0.911093133444, 1.01159656248, 1.55696363853, 5.69288624954, 0.935103109838, 2.48575781625, 1.03489777067, 0.96148351861, 1.57789151569, 1.1052965156, 1.19492566338, 3.07335348063, 1.08121937501, 0.775492665576, 76.0352960034, 1.18607103163, 5.83156536698, 1.10101987242, 3.53288721973, 1.28700729082, 19.4431016518, 454.619146545
3.19329211931, 1.42633740449, 1.04631837929, 1.10797775379, 4.36683604839, 0.900489385929, 1.47214097193, 1.06644878701, 1.13484455714, 3.0047811304, 6.79373078463, 1.05306300078, 4.48960161057, 1.27426342281, 0.858822709532, 1.04181954233, 1.08021244245, 0.848771731578, 4.48172072458, 0.97740895225, 0.842778811966, 156.205695393, 1.04288743326, 2.51138568278, 0.994485993453, 2.0962419772, 1.02371609271, 15.4675291376, 1305.08002756
3.10434117062, 1.25454555677, 0.88988535592, 1.1635563789, 5.5307111032, 0.930138771143, 2.15438238814, 1.25593942343, 1.06547832436, 3.3448769484, 1.76813392133, 0.910840108652, 4.66630065088, 0.990202711909, 1.01562826873, 1.02913154987, 1.13668709415, 0.960625687157, 6.39796561049, 0.991214429029, 0.836539400815, 345.926487055, 1.10250021734, 5.97562070776, 1.2142217031, 1.21093843398, 0.976802788716, 15.8065268153, 643.791538988
4.71482482127, 1.27241182614, 0.974879257028, 1.06506309766, 2.34340995556, 1.04372965314, 1.24573773086, 1.2039372757, 1.13162220627, 4.11360232896, 6.84291362159, 1.03706171296, 3.85740571297, 0.880378739241, 1.07595140114, 1.29516562302, 1.15751689417, 1.09470169682, 7.89528455708, 1.15549434833, 0.857576276428, 351.080114298, 0.92239781261, 5.17177086812, 1.22388897803, 2.39161509477, 1.29738839054, 16.4531437849, 583.340274558
5.06417397771, 1.19334294997, 0.76643537534, 1.17081141177, 5.42608504583, 1.14796118514, 4.16669256261, 1.06627966326, 0.944988166992, 5.60856196797, 3.83098498074, 1.02000992721, 1.86744225671, 0.814846323483, 0.930832319764, 1.42085376898, 1.09194172248, 1.20090033834, 8.31070053297, 0.98871736051, 0.971588802954, 288.553069124, 1.0079759845, 3.60195458291, 1.09202489717, 2.97825662315, 0.881315279703, 13.2483059035, 10562.5999015
3.93014004673, 1.30435338596, 1.63001575098, 1.01351029821, 2.54523982648, 0.744686161519, 4.43268691157, 0.867782900017, 0.982705830712, 2.81785402834, 3.9578571761, 0.96806688675, 3.38882123884, 0.907137382895, 0.804695200763, 1.41129800896, 1.16555773606, 1.07989369477, 3.75025685068, 1.18124804505, 0.957577555169, 86.2732545001, 0.87935882465, 1.97399064983, 1.01129597464, 3.86234891709, 0.995368099873, 13.7150247318, 1915.0605283
3.0131561605, 1.35659599042, 1.33754151433, 1.19030206859, 4.20372217606, 0.771781054625, 1.86349019713, 0.824807127308, 0.979489026767, 2.38643994197, 3.6182575383, 0.813623688097, 4.79942958124, 1.02691915531, 0.883787817567, 1.36979033145, 1.05041176998, 0.939245210817, 6.29890080377, 1.07390434984, 0.946148643473, 243.6488065, 1.09347956983, 4.34623433077, 1.23765785732, 4.67129564585, 1.06942781129, 19.9781002607, 466.467963463
4.62387157269, 1.42053521975, 1.12201470081, 1.16102287911, 2.39438151269, 1.09382278811, 2.88020073103, 0.847896349077, 0.987392299623, 3.51327706097, 6.456392238, 0.920270289937, 3.82666965121, 1.14290490304, 0.790847880229, 1.06318273059, 1.08279851643, 1.0532047446, 6.41085026795, 1.16970587181, 0.989760356447, 275.055918096, 1.09163989751, 2.75587281566, 1.18640474697, 4.25993048901, 0.922277789254, 14.3448259673, 1788.46686763
3.19329211931, 1.33460841627, 1.12843691152, 1.10797775379, 4.36683604839, 0.900489385929, 1.47214097193, 1.06644878701, 1.01834511655, 2.58834575726, 6.79373078463, 1.03805051204, 5.0677197787, 1.27426342281, 0.858822709532, 1.04181954233, 1.0083356811, 0.810503362755, 4.48172072458, 0.97740895225, 0.842778811966, 156.205695393, 0.929741766727, 2.51138568278, 0.994485993453, 3.0201338011, 1.02371609271, 16.5405951219, 648.140694245
3.63615283986, 1.15643586899, 0.817268050351, 0.812596487219, 6.6373610778, 0.843604218416, 3.86625129689, 0.82333634236, 0.953183059614, 5.91381537963, 4.67641208359, 1.21607394536, 2.50676376841, 0.930545890848, 0.921763322599, 1.33553121975, 1.08053199154, 1.088324205, 5.00643657003, 0.914544573716, 0.956264448103, 145.474491722, 0.858630281419, 5.40917146626, 1.10346155066, 1.22644462635, 1.23445554248, 16.0818217159, 1154.9983655
2.08345294703, 1.35454191908, 1.37512333345, 1.2118565498, 6.53192586097, 1.07778536759, 1.39169845282, 1.24591916129, 1.08808579473, 5.89152372719, 5.32351062054, 0.974573610445, 3.3024106146, 0.85132450612, 1.05012842667, 1.17933613794, 1.13313017739, 1.19657772393, 5.56346912661, 1.15215692056, 0.854374781055, 68.8789335523, 1.12835548607, 3.26906452832, 1.17192665761, 1.95050447707, 1.2287732084, 38.6924379491, 495.788462148
3.10434117062, 1.25454555677, 0.88988535592, 1.1635563789, 5.5307111032, 0.930138771143, 2.15438238814, 1.25593942343, 1.13162220627, 3.3448769484, 1.76813392133, 0.922397293935, 4.66630065088, 0.990202711909, 1.01562826873, 1.02913154987, 1.13668709415, 0.960625687157, 6.39796561049, 0.991214429029, 0.836539400815, 345.926487055, 1.10250021734, 5.97562070776, 1.2142217031, 1.21093843398, 0.976802788716, 32.8433437735, 526.145075814
3.25406712296, 1.42810547921, 1.25789581717, 1.19536633243, 3.16309193625, 0.821015012508, 2.01308181021, 0.900027927622, 1.09108322944, 5.49001942031, 6.48398270128, 1.0291968382, 4.81692642657, 0.889688315917, 0.998777253264, 1.55866516148, 1.14102877662, 1.00174937103, 3.0677408409, 1.08287951434, 0.975603074697, 368.102111808, 1.12199807359, 2.73294631751, 1.21882039626, 3.67474169725, 1.14549671549, 17.155993984, 899.349771508
2.33321003777, 1.06950314578, 1.07885255487, 0.924794168059, 2.06545396255, 1.03906637813, 3.34047184019, 0.911093133444, 0.92071554444, 1.55696363853, 5.69288624954, 1.19148843438, 2.99069000604, 1.03489777067, 0.96148351861, 1.61698834063, 1.03586382742, 1.19492566338, 3.07335348063, 1.08121937501, 0.775492665576, 12.4823674215, 1.18607103163, 5.83156536698, 1.10101987242, 3.53288721973, 0.964294004664, 14.8361052134, 2624.07498278
1.75091888106, 1.35659599042, 1.42692971174, 1.19030206859, 4.20372217606, 0.771781054625, 1.86349019713, 0.824807127308, 0.979489026767, 2.11150548065, 3.6182575383, 0.811956937951, 4.79942958124, 0.837961089286, 0.883787817567, 1.36979033145, 1.0099681751, 0.939245210817, 6.29890080377, 1.07390434984, 0.946148643473, 181.689299599, 1.09347956983, 4.34623433077, 1.23765785732, 4.67129564585, 1.06942781129, 15.2996162237, 2334.20870804
3.13512557991, 1.2123638233, 0.919115714702, 1.09177714295, 6.01578349079, 0.80492852135, 1.56390727921, 1.24591916129, 0.906145811882, 3.36138588081, 2.70684583379, 0.835034850296, 3.61628650175, 0.960791106914, 1.02081534306, 1.35277258533, 1.03939867546, 1.13559992756, 8.95250606671, 1.18297204799, 0.850790514628, 126.321307492, 1.09840786705, 5.0035804967, 1.22516678386, 1.93337129848, 1.2287732084, 21.3720559753, 680.750694229
5.11126529806, 1.38326312082, 1.25789581717, 1.19536633243, 3.16309193625, 0.821015012508, 2.01308181021, 0.900027927622, 1.09108322944, 5.49001942031, 6.48398270128, 1.07664258617, 4.81692642657, 0.889688315917, 1.07273466488, 1.55866516148, 1.14102877662, 1.00174937103, 3.0677408409, 1.08287951434, 0.975603074697, 368.102111808, 1.12199807359, 2.73294631751, 1.21882039626, 3.67474169725, 1.14549671549, 15.2842289789, 5761.50685744
4.71482482127, 1.27241182614, 0.844980148541, 1.06506309766, 2.34340995556, 1.04372965314, 1.24573773086, 1.16746778447, 1.12629507234, 4.11360232896, 6.84291362159, 1.03706171296, 3.85740571297, 0.880378739241, 1.07595140114, 1.33781621093, 1.02048124315, 1.09470169682, 7.89528455708, 1.15549434833, 0.77851232772, 389.858451488, 0.92239781261, 5.17177086812, 1.22388897803, 2.39161509477, 1.27111709113, 20.8134119238, 890.879668803
4.62387157269, 1.42053521975, 1.04723848951, 1.16102287911, 2.39438151269, 1.09382278811, 2.88020073103, 0.847896349077, 0.987392299623, 3.51327706097, 7.47513312121, 0.920270289937, 3.3024106146, 1.14290490304, 0.790847880229, 1.06318273059, 1.08279851643, 1.0532047446, 9.75403655551, 1.17606356409, 0.989760356447, 275.055918096, 1.12835548607, 2.75587281566, 1.18640474697, 4.25993048901, 0.922277789254, 15.5868152098, 5448.72226001
5.06417397771, 1.15996637921, 1.2934453552, 0.979574464125, 3.07848296478, 0.792577387509, 3.25237896453, 0.948803582779, 1.09744013283, 1.33500739684, 5.69227007723, 1.15938916931, 4.88902411818, 1.25539611817, 0.839902733923, 1.10716379553, 1.08580177333, 0.818076843434, 9.69907263303, 0.925757514203, 0.825193910157, 11.5621363058, 1.07314685007, 2.0339882344, 1.09202489717, 3.99394712052, 1.04843821406, 20.0011376517, 1248.21034745
3.10434117062, 1.25454555677, 0.88988535592, 1.1635563789, 5.5307111032, 0.930138771143, 2.15438238814, 1.15037312012, 1.06547832436, 3.3448769484, 1.76813392133, 0.910840108652, 3.95035164903, 0.859141512147, 1.01562826873, 1.02913154987, 1.04829165346, 0.960625687157, 6.39796561049, 0.991214429029, 0.824292439244, 345.926487055, 1.10250021734, 4.82704271004, 1.22994134477, 1.21093843398, 1.06521973348, 16.7635774953, 1780.43264795
4.18626127832, 1.22216688587, 1.20385252519, 1.12854620027, 5.74674505798, 0.852584703661, 2.71394487628, 1.04988381934, 1.0888950372, 3.10200529987, 3.01945324284, 0.988580425137, 3.85532542974, 1.18731941475, 0.928900560984, 1.28224926369, 1.00666932209, 1.19575709227, 7.88858309037, 1.00138459567, 0.908403286724, 94.2183380608, 0.95564604866, 1.19337574331, 1.11533492737, 2.62954101778, 1.006179789, 18.8564005931, 1620.0027748
1.70512616963, 1.19334294997, 0.906873582891, 1.17081141177, 5.42608504583, 1.14796118514, 4.16669256261, 1.06627966326, 0.944988166992, 5.60856196797, 3.83098498074, 1.02000992721, 1.86744225671, 0.814846323483, 0.930832319764, 1.42085376898, 1.09194172248, 1.20090033834, 8.31070053297, 0.98871736051, 0.971588802954, 288.553069124, 1.0079759845, 3.60195458291, 1.01845078959, 2.97825662315, 0.881315279703, 20.9809972918, 1249.14267058
3.63615283986, 1.15643586899, 0.817268050351, 1.2054176062, 4.04698249559, 0.843604218416, 3.86625129689, 0.82333634236, 0.953183059614, 5.91381537963, 4.67641208359, 1.21607394536, 2.50676376841, 1.09175755225, 0.921763322599, 1.33553121975, 1.08053199154, 1.088324205, 5.00643657003, 0.914544573716, 0.92545781974, 145.474491722, 0.896068431922, 4.92026816466, 1.10346155066, 3.45501378057, 1.23445554248, 16.4343340411, 3258.5004796
1.01413305669, 1.12960933873, 0.831719295474, 1.19307553792, 4.31123692162, 1.18153425725, 1.43975719132, 0.856234250644, 0.951031257556, 3.5129512673, 2.1864672666, 1.20338029624, 1.80702567023, 1.15377683019, 0.79801166114, 1.29248959568, 1.13420510439, 0.885772521938, 9.60067787309, 0.99233561134, 0.926575533414, 209.304894773, 0.886125681473, 5.59832966472, 1.07588357846, 4.3463764598, 1.19831005608, 16.1507034668, 8660.64212856
5.06417397771, 1.15996637921, 1.2934453552, 0.979574464125, 3.07848296478, 0.792577387509, 3.25237896453, 0.978051677275, 1.09744013283, 1.33500739684, 5.69227007723, 1.15938916931, 4.88902411818, 1.22324532374, 0.839902733923, 1.12040895384, 1.08580177333, 0.829054984414, 9.69907263303, 0.925757514203, 0.825193910157, 11.5621363058, 1.07314685007, 2.7650998741, 1.09202489717, 3.99394712052, 1.04843821406, 22.1505949057, 1274.99960783
4.75399836378, 1.30153914327, 1.09482445808, 0.889541565512, 2.40684719827, 1.0326030888, 4.1233085446, 1.21225367485, 0.951624307017, 2.8896531371, 6.51289272684, 1.0981699076, 3.79400681756, 0.822878104745, 0.913436827856, 1.42927056916, 1.04232110255, 1.01558764043, 8.92991244175, 1.10596419873, 0.780227402037, 133.039083823, 1.0541519799, 4.09009139948, 1.10232660058, 1.50357588152, 0.887014969434, 18.7971692094, 1827.73462733
3.10434117062, 1.25454555677, 0.88988535592, 1.1635563789, 5.5307111032, 0.930138771143, 2.15438238814, 1.15037312012, 1.06547832436, 3.3448769484, 1.76813392133, 0.910840108652, 4.66630065088, 0.990202711909, 1.01562826873, 1.02913154987, 1.13668709415, 0.960625687157, 6.39796561049, 0.991214429029, 0.836539400815, 345.926487055, 1.10250021734, 4.82704271004, 1.22994134477, 1.21093843398, 1.06521973348, 16.7988304093, 2962.50178685
2.20019760581, 1.30553459365, 1.54941951195, 1.20075471619, 6.79362831822, 0.972522285597, 3.3527571051, 1.06142815018, 0.92553209187, 5.69847342891, 2.55670614193, 1.13273979604, 2.09314239734, 1.01326004367, 1.04131809781, 1.15593793943, 1.00932837442, 0.858292834828, 9.55449600461, 1.04971400231, 0.886863165577, 307.515917091, 0.986746518176, 2.04130596872, 1.21664746714, 3.15993770218, 1.11701749927, 18.1108501236, 2151.57673071
4.16762437662, 1.11210531198, 1.61570134833, 1.11841493231, 5.66659448786, 0.720727038173, 5.63125378937, 1.00899807817, 0.991580455967, 4.46766890097, 5.81588570738, 1.15944375967, 4.34935107522, 1.17809518652, 0.902002664318, 1.60008585743, 1.050293566, 1.00814687375, 6.32634758999, 1.05668369396, 0.973616314579, 12.54887296, 1.04706054687, 4.74886326194, 0.967552201672, 4.46606061557, 0.993575549342, 24.1518835034, 1378.13792173
4.78145182501, 1.18939905677, 1.61995682349, 0.829714324231, 2.92943621166, 1.13062788335, 3.1303233627, 1.19874675619, 1.08569209871, 2.20469674779, 2.22259597328, 1.05175812286, 3.44590539519, 0.963531068117, 0.835495862113, 1.0353789575, 1.04663478123, 1.203517004, 7.74526962096, 1.14753349511, 0.772018797689, 390.001422301, 0.868188772579, 2.47921336984, 1.23236467278, 4.68286640189, 0.984572422175, 22.6030219496, 1522.70520872
3.0131561605, 1.35659599042, 1.42692971174, 1.19030206859, 4.20372217606, 0.771781054625, 1.86349019713, 0.824807127308, 0.979489026767, 2.11150548065, 3.6182575383, 0.811956937951, 4.79942958124, 0.940101637348, 0.883787817567, 1.36979033145, 1.0099681751, 0.939245210817, 6.29890080377, 1.07390434984, 0.946148643473, 243.6488065, 1.09347956983, 4.34623433077, 1.23765785732, 4.67129564585, 1.06942781129, 36.4298186287, 1386.28645896
2.58135547313, 1.05004376339, 1.09331181014, 1.013416393, 5.811612847, 0.856564980471, 5.7883330576, 0.847619516441, 1.11980582192, 5.31145904797, 5.23680305057, 1.15234525945, 1.80265034197, 0.953314024995, 0.993997478841, 1.26177236156, 1.03898619168, 1.04643241795, 4.40236247472, 1.07931601483, 0.838222231903, 407.287881296, 1.11755923211, 1.03487179578, 1.10558756216, 3.29192125511, 0.93950443196, 30.4775068491, 1422.73229537
2.01681362569, 1.03074301938, 1.34890534673, 1.06236390055, 6.23916963956, 0.761403478902, 5.02218388066, 0.862774581524, 1.12946969545, 2.85522111373, 2.2836872733, 0.960933410726, 3.82599795053, 0.890592390152, 0.801498664905, 1.45993169082, 1.1268308999, 0.993829085332, 8.10874590766, 1.04925564316, 0.871211901347, 80.3165110143, 0.957408094856, 5.96614380218, 1.11681071651, 3.99394712052, 0.998378064555, 28.7572861895, 1455.88470337
4.59677368073, 1.24580742541, 1.64888554299, 0.909776755929, 5.13211617854, 0.957416880416, 2.09062194682, 0.984222624464, 1.12307770548, 4.24894950204, 4.67641208359, 0.98551341633, 2.52407497762, 0.810784007288, 1.0105371868, 1.05242234859, 1.03645721629, 1.0640141885, 6.15306738366, 0.931181044434, 0.832512323061, 379.460923682, 0.877734340127, 2.50770181061, 1.17126851899, 2.56507212057, 1.02249264914, 29.3928950493, 1493.73826054
2.52875135115, 1.27956124491, 1.34300865309, 1.14388056436, 3.87944427117, 1.06443817049, 5.49987600412, 0.830931946218, 1.08136235517, 5.83838364212, 3.00105013351, 1.14513254417, 4.09822878251, 1.19065514004, 0.898704279296, 1.10076593641, 1.04782231294, 0.860017382535, 3.78265195597, 1.00668900648, 0.976018827361, 181.689299599, 1.06401669318, 1.45141014212, 1.16336931164, 1.4872649998, 0.940672530574, 17.3804623122, 6947.27551935
2.55344655722, 1.02556331219, 0.752454177437, 0.949748373083, 1.43062119498, 0.810496952695, 4.58188398928, 1.23308651407, 0.934943984524, 4.00407002413, 7.40342292312, 1.04617513657, 2.99069000604, 1.21687948027, 0.962190236778, 1.4022288196, 1.15068067041, 1.17531667698, 3.64762159778, 0.926609063405, 0.949202878166, 156.570130876, 0.984698117497, 4.25746635574, 0.982537568997, 1.5406600973, 1.10016899414, 29.6264205171, 1558.98319936
4.62387157269, 1.42053521975, 1.38189552978, 0.891251320815, 2.16984716338, 1.05773613311, 3.5980421193, 0.847896349077, 0.987392299623, 3.51327706097, 5.98747098691, 0.920270289937, 3.82666965121, 1.01252380988, 0.790847880229, 1.06318273059, 1.08279851643, 1.0532047446, 6.41085026795, 1.16970587181, 0.861248417668, 275.055918096, 1.02632437364, 2.75587281566, 1.18640474697, 4.48087223703, 0.922277789254, 18.6674494794, 4321.92713293
4.90426011957, 1.42684621794, 1.02383715071, 1.20464764147, 2.73857645273, 0.819114501629, 1.47214097193, 1.21248531016, 0.959542769329, 1.72121736424, 6.59278458393, 0.915018300036, 3.27487750795, 1.14677574384, 0.79130105943, 1.41326420006, 1.13689587071, 1.13695467941, 7.39846499532, 1.06296207387, 0.790417035379, 316.357026874, 0.914786215729, 3.53199820215, 1.10605403287, 4.3429685016, 1.28328907955, 18.2678622712, 5308.53179792
5.93038157171, 1.17831802158, 1.16581858015, 1.02767856259, 2.72716303013, 1.17891857743, 3.9928528672, 1.12544100869, 1.04323654252, 2.80779738442, 7.68862822352, 0.837298785365, 1.6467051733, 0.911790027694, 0.922876709696, 1.19289410182, 1.12267506142, 1.11116061367, 3.20226502126, 0.978950886546, 0.979244271621, 39.0728903475, 1.00529547149, 4.24066896463, 0.974206840425, 4.41628781958, 1.22322783057, 20.0552019916, 1875.87833718
1.72320252889, 1.12652174385, 1.66858656951, 0.950845555724, 1.94366116812, 0.761499707561, 3.88458646412, 1.21701218191, 0.962141824761, 3.61265762765, 2.63463896025, 1.04095415156, 5.0677197787, 1.13961623994, 1.0498275044, 1.33781621093, 1.09310333232, 0.826428814345, 8.50952955572, 0.940351310416, 0.861872115471, 393.11790439, 0.929741766727, 5.22396778382, 1.07807715447, 4.05548419057, 1.06987756366, 20.8044446297, 1874.90720477
3.55032033926, 1.34230640452, 0.967904776423, 1.13871604439, 3.51485495421, 0.786069104505, 1.45014890732, 1.25705431166, 0.905412690855, 2.51502465514, 6.71926566139, 1.04444890651, 2.19030390364, 0.953314024995, 0.980175589599, 1.60674384222, 1.00727392678, 1.14164887906, 8.7092067166, 1.03548361849, 0.761104809077, 125.593673273, 1.14770670656, 2.65641596808, 1.10558756216, 4.05608680464, 1.27856316901, 19.1559588683, 2767.40763745
3.55032033926, 1.34230640452, 0.967904776423, 1.13871604439, 3.51485495421, 0.747871605721, 1.45014890732, 1.25705431166, 0.905412690855, 2.51502465514, 6.71926566139, 1.04444890651, 2.19030390364, 1.07913544363, 0.980175589599, 1.60674384222, 1.00727392678, 1.14164887906, 8.7092067166, 1.03548361849, 0.761104809077, 125.593673273, 1.14770670656, 2.65641596808, 0.963392024894, 4.05608680464, 1.27856316901, 27.2699854221, 1694.37289255
5.06417397771, 1.23667223804, 1.2934453552, 0.979574464125, 3.07848296478, 0.792577387509, 3.25237896453, 0.891073236585, 1.09744013283, 1.33500739684, 5.69227007723, 1.15938916931, 4.88902411818, 1.25539611817, 0.839902733923, 1.02273699025, 1.08580177333, 0.818076843434, 9.69907263303, 0.925757514203, 0.788222039571, 11.5621363058, 1.07314685007, 1.77500085404, 1.09202489717, 3.99394712052, 1.04843821406, 20.6137324446, 1934.23858998
5.73103933091, 1.35509124725, 1.70628573951, 0.950491063871, 2.29870738822, 1.09239739019, 3.18540705818, 0.938786076805, 1.07219121406, 5.18784265495, 7.29110578235, 1.04853171981, 4.80709055667, 0.821266300694, 0.780626650052, 1.33723293546, 1.06802742883, 1.22436442836, 7.6227546523, 0.916004585089, 0.773011793893, 118.445707233, 1.01101626543, 1.82039419821, 0.992595864409, 5.35102724438, 0.958899819555, 35.4152687169, 1599.24698314
5.47703467158, 1.29913633606, 1.00203202909, 1.19914503132, 1.62180448299, 1.09699304964, 5.00076540111, 1.00034684871, 1.01125521892, 5.90250933531, 3.4160232232, 0.895303166312, 3.91916546164, 0.940101637348, 0.808187437444, 1.4429135304, 1.16600652432, 1.22209299639, 4.32983817536, 1.18403833354, 0.990910122695, 204.979742926, 1.11048010546, 4.29838922054, 0.981546420029, 2.0962419772, 1.15467973373, 18.963908508, 4614.20344826
2.20019760581, 1.30553459365, 1.54941951195, 1.20075471619, 6.79362831822, 0.972522285597, 4.70641917075, 1.06142815018, 0.983528554845, 5.69847342891, 2.55670614193, 1.13273979604, 2.09314239734, 1.01326004367, 1.04131809781, 1.15593793943, 1.00932837442, 0.871620146461, 9.55449600461, 1.04971400231, 0.886863165577, 307.515917091, 0.986746518176, 2.04130596872, 1.21664746714, 3.15993770218, 1.11701749927, 31.4077971864, 1687.52537979
5.93038157171, 1.17831802158, 1.16581858015, 1.02767856259, 2.72716303013, 1.17891857743, 3.9928528672, 1.12544100869, 1.04323654252, 2.80779738442, 4.84249630406, 0.837298785365, 1.6467051733, 0.911790027694, 0.922876709696, 1.19289410182, 1.12267506142, 1.07759108226, 4.17918336216, 0.978950886546, 0.979244271621, 39.0728903475, 1.00529547149, 4.24066896463, 0.974206840425, 4.41628781958, 1.22322783057, 19.9333463769, 3923.78522801
3.0131561605, 1.35659599042, 1.33754151433, 1.19030206859, 3.74202469344, 0.771781054625, 1.86349019713, 0.824807127308, 0.979489026767, 2.38643994197, 3.6182575383, 0.813623688097, 4.79942958124, 1.02691915531, 0.883787817567, 1.36979033145, 1.05041176998, 0.939245210817, 6.29890080377, 1.07390434984, 0.946148643473, 243.6488065, 1.09347956983, 4.34623433077, 1.23765785732, 4.67129564585, 1.06942781129, 29.6957607028, 1724.40882494
3.57614937303, 1.35454191908, 1.37512333345, 1.10301465453, 6.53192586097, 1.06610049733, 2.15593789061, 0.98367112262, 1.08808579473, 5.89152372719, 5.32351062054, 0.908186000919, 4.13226985734, 0.877004340132, 0.803434583158, 1.618880374, 1.13313017739, 1.16057808715, 5.56346912661, 1.15215692056, 0.854374781055, 289.166178323, 1.12835548607, 5.62870139147, 1.17192665761, 1.35120532191, 1.2287732084, 19.5672524865, 5205.03571778
5.47703467158, 1.29913633606, 1.00203202909, 1.19914503132, 1.62180448299, 1.0250224038, 5.00076540111, 1.00034684871, 1.01125521892, 5.90250933531, 3.4160232232, 0.895303166312, 3.91916546164, 0.940101637348, 0.808187437444, 1.4429135304, 1.16600652432, 1.22209299639, 3.85002206122, 1.18403833354, 0.990910122695, 204.979742926, 1.11048010546, 4.29838922054, 1.01527977814, 1.02356445337, 1.15467973373, 24.4823157245, 1799.45744273
2.58135547313, 1.05004376339, 1.09331181014, 1.013416393, 5.811612847, 0.856564980471, 5.7883330576, 0.847619516441, 1.11980582192, 5.31145904797, 5.23680305057, 1.15234525945, 1.80265034197, 0.953314024995, 0.993997478841, 1.26177236156, 1.03898619168, 1.04643241795, 4.40236247472, 1.07931601483, 0.838222231903, 407.287881296, 1.11755923211, 1.03487179578, 1.10558756216, 3.29192125511, 0.93950443196, 20.6560472766, 2773.84921243
3.63615283986, 1.0718192373, 0.817268050351, 0.812596487219, 6.6373610778, 0.843604218416, 4.28212316193, 0.82333634236, 0.953183059614, 5.91381537963, 5.65581957088, 1.21607394536, 2.50676376841, 0.930545890848, 0.921763322599, 1.33553121975, 1.08053199154, 1.17107004407, 5.00643657003, 0.914544573716, 0.92545781974, 145.474491722, 0.896068431922, 4.92026816466, 1.10346155066, 3.45501378057, 1.23445554248, 21.5689951055, 2035.98512259
5.73103933091, 1.35509124725, 1.70628573951, 0.950491063871, 2.29870738822, 1.09239739019, 3.18540705818, 0.938786076805, 1.07219121406, 2.80779738442, 7.29110578235, 1.04853171981, 4.80709055667, 0.821266300694, 0.780626650052, 1.33723293546, 1.06802742883, 1.22436442836, 7.6227546523, 0.916004585089, 0.773011793893, 118.445707233, 1.01101626543, 1.82039419821, 0.992595864409, 5.35102724438, 0.958899819555, 19.4280835277, 10215.5945783
3.19329211931, 1.33460841627, 1.12843691152, 1.10797775379, 4.36683604839, 0.900489385929, 1.47214097193, 1.06644878701, 1.01834511655, 2.58834575726, 6.79373078463, 1.03805051204, 5.0677197787, 1.27426342281, 0.858822709532, 1.04181954233, 1.0083356811, 0.810503362755, 4.48172072458, 0.97740895225, 0.866230126646, 156.205695393, 0.929741766727, 2.51138568278, 0.994485993453, 3.0201338011, 1.02371609271, 26.4381776321, 1856.78998058
1.99061967279, 1.28533621397, 0.765390133113, 1.13388217233, 2.48349902167, 1.03144545693, 5.38170000717, 1.16877696583, 0.937551749054, 5.29078664267, 6.59556372425, 0.886865492084, 4.49772445291, 0.898681007909, 0.837318973099, 1.35672149081, 1.15751689417, 1.22922594352, 4.0761434751, 1.05053027115, 0.874430293462, 222.978156016, 0.919802468855, 1.0894310065, 0.987131372587, 4.28202747904, 1.11218397146, 20.17284512, 3334.22640788
3.10434117062, 1.25454555677, 0.88988535592, 1.1635563789, 5.5307111032, 0.852584703661, 2.15438238814, 1.15037312012, 1.06547832436, 3.10200529987, 1.76813392133, 0.910840108652, 4.66630065088, 0.990202711909, 1.01562826873, 1.02913154987, 1.13668709415, 0.960625687157, 6.39796561049, 0.991214429029, 0.836539400815, 345.926487055, 1.10250021734, 4.82704271004, 1.22994134477, 1.21093843398, 1.006179789, 19.7278017195, 6357.75144581
2.58135547313, 1.07859345036, 1.09331181014, 1.013416393, 5.811612847, 0.856564980471, 5.7883330576, 0.847619516441, 1.11980582192, 5.31145904797, 5.23680305057, 1.15234525945, 1.80265034197, 0.953314024995, 0.993997478841, 1.26177236156, 1.03898619168, 1.04643241795, 4.40236247472, 1.07931601483, 0.838222231903, 156.570130876, 1.11755923211, 1.03487179578, 1.10558756216, 3.29192125511, 0.928763520089, 23.5068248927, 2035.19603493
4.71482482127, 1.27241182614, 0.844980148541, 1.06506309766, 2.34340995556, 1.04372965314, 1.24573773086, 1.2039372757, 1.12629507234, 4.11360232896, 6.84291362159, 1.03706171296, 3.85740571297, 0.880378739241, 1.07595140114, 1.33781621093, 1.02048124315, 1.09470169682, 7.89528455708, 1.15549434833, 0.77851232772, 351.080114298, 0.92239781261, 5.17177086812, 1.22388897803, 2.39161509477, 1.29738839054, 21.1876640998, 2627.59219779
1.72320252889, 1.12652174385, 1.66858656951, 0.950845555724, 1.94366116812, 0.761499707561, 3.88458646412, 1.21701218191, 0.962141824761, 3.61265762765, 2.63463896025, 1.04095415156, 4.48960161057, 1.13961623994, 1.04506267285, 1.41452050297, 1.03428928426, 0.826428814345, 8.50952955572, 0.940351310416, 0.861872115471, 393.11790439, 1.14416295599, 5.22396778382, 1.07807715447, 2.0962419772, 1.06987756366, 20.5093678579, 4018.18589335
5.01630704097, 1.20261551387, 1.38844926132, 0.896382463405, 5.29807778865, 1.0542980292, 4.55100568134, 1.18983706368, 1.04591492045, 3.35048251095, 3.31319603883, 1.21461284658, 1.45164076046, 1.12158837853, 0.878195974747, 1.50908784271, 1.0083356811, 0.939253269123, 7.89164841225, 0.991610372159, 0.800676156463, 319.509395319, 1.04181231867, 1.21829726124, 0.978831524735, 3.64991650826, 0.890501896762, 20.6495328198, 3351.55313557
5.47703467158, 1.29913633606, 1.00203202909, 1.19914503132, 1.62180448299, 1.0250224038, 5.29857916718, 0.946094368724, 0.913882914389, 5.90250933531, 3.4160232232, 0.895303166312, 3.91916546164, 1.02691915531, 0.808187437444, 1.4429135304, 1.16600652432, 1.17165495561, 3.85002206122, 1.18403833354, 0.990910122695, 96.6815374962, 1.11048010546, 4.29838922054, 1.0034557157, 2.19449910132, 0.950588308821, 20.451143985, 4594.22488951
4.07084712532, 1.05815651544, 1.17658751959, 0.872162306118, 3.21467811037, 0.78024234204, 1.74984481514, 1.20416273986, 1.1269384604, 1.45165753156, 3.43638865947, 0.934138807299, 2.37620646912, 1.04061258477, 0.891402875094, 1.41452050297, 1.09674775842, 1.06505394601, 7.08619993757, 0.957972520519, 0.836707626028, 404.554500188, 1.1516483146, 1.11746665532, 1.09185482541, 2.79198755602, 1.27230971085, 20.6496499788, 3673.91243241
3.19329211931, 1.42633740449, 1.12843691152, 1.10797775379, 4.36683604839, 0.900489385929, 1.47214097193, 1.06644878701, 1.01834511655, 3.0047811304, 6.79373078463, 1.03805051204, 5.0677197787, 1.27426342281, 0.858822709532, 1.04181954233, 1.08021244245, 0.848771731578, 4.48172072458, 0.97740895225, 0.842778811966, 156.205695393, 0.929741766727, 2.51138568278, 0.994485993453, 4.05548419057, 1.02371609271, 30.7904944847, 1822.03336024
1.72320252889, 1.12652174385, 1.66858656951, 0.950845555724, 1.94366116812, 0.761499707561, 3.88458646412, 1.21701218191, 0.962141824761, 3.61265762765, 2.63463896025, 1.04095415156, 4.48960161057, 1.13961623994, 1.04506267285, 1.33781621093, 1.03428928426, 0.826428814345, 8.50952955572, 0.940351310416, 0.861872115471, 393.11790439, 1.04288743326, 5.22396778382, 1.07807715447, 2.0962419772, 1.06987756366, 19.8814112066, 11064.332358
4.95038323963, 1.39256409428, 1.52780836501, 0.81385663853, 3.96972155878, 1.13318020377, 4.57995509302, 1.00323602474, 1.07972335782, 2.66290708757, 6.88266609942, 0.87255051467, 3.60027956071, 0.985967460775, 0.980636576936, 1.17237201176, 1.08445162173, 0.8149245151, 9.65036773558, 1.06239321639, 0.823600231582, 56.4548554568, 1.13103125992, 3.24363859845, 1.17349208999, 2.42246977094, 1.05308904824, 25.2641832878, 2006.64978912
1.70512616963, 1.19334294997, 0.906873582891, 1.17081141177, 5.42608504583, 1.14796118514, 4.16669256261, 1.06627966326, 0.944988166992, 3.10200529987, 3.83098498074, 0.980095123984, 1.86744225671, 0.810407300368, 0.930832319764, 1.42085376898, 1.09194172248, 1.20090033834, 8.31070053297, 0.98871736051, 0.971588802954, 288.553069124, 1.0079759845, 3.60195458291, 1.01845078959, 2.97825662315, 0.881315279703, 55.25985359, 1824.51217585
5.06417397771, 1.15996637921, 1.2934453552, 0.979574464125, 3.07848296478, 0.792577387509, 3.25237896453, 0.978051677275, 1.09744013283, 1.33500739684, 5.69227007723, 1.15938916931, 4.88902411818, 1.22324532374, 0.839902733923, 1.12040895384, 1.08580177333, 0.829054984414, 9.69907263303, 0.925757514203, 0.825193910157, 11.5621363058, 1.07134068524, 2.7650998741, 1.09202489717, 3.99394712052, 1.04843821406, 39.4994518407, 1863.26969276
3.63615283986, 1.25063889729, 0.817268050351, 0.812596487219, 6.6373610778, 0.843604218416, 3.86625129689, 0.82333634236, 0.953183059614, 5.91381537963, 2.53774209595, 1.2183206074, 2.50676376841, 0.930545890848, 0.921763322599, 1.33553121975, 1.08053199154, 1.088324205, 5.00643657003, 0.985028287061, 0.92545781974, 145.474491722, 0.896068431922, 4.92026816466, 1.10346155066, 3.45501378057, 1.14089209961, 32.6288040928, 1910.55384156
5.01630704097, 1.20261551387, 1.38844926132, 0.986264824925, 6.44564375678, 1.0542980292, 4.55100568134, 0.881999410416, 1.04591492045, 3.35048251095, 3.31319603883, 1.21461284658, 2.05428936567, 1.12158837853, 0.878195974747, 1.50908784271, 1.0083356811, 0.939253269123, 7.89164841225, 0.991610372159, 0.800676156463, 319.509395319, 1.04181231867, 1.3204890554, 0.978831524735, 2.33171331793, 1.20357735989, 20.5477224315, 8657.53414585
5.1804684655, 1.29913633606, 1.00203202909, 1.19914503132, 1.9259234567, 0.724022109887, 4.74431006209, 1.00034684871, 1.02113364149, 6.18479286411, 1.6987542343, 0.895303166312, 4.1960075203, 1.02691915531, 0.808187437444, 1.4429135304, 1.16600652432, 0.99656538689, 8.90213819965, 1.1531389802, 0.996440469186, 204.979742926, 0.975563222658, 4.29838922054, 1.01527977814, 1.02356445337, 1.06860171174, 25.8334452155, 2600.67477518
4.95038323963, 1.42004663487, 1.52780836501, 0.81385663853, 5.33139171885, 1.13318020377, 4.57995509302, 1.00323602474, 1.07972335782, 2.66290708757, 6.88266609942, 0.87255051467, 3.60027956071, 0.985967460775, 0.849499031456, 1.17237201176, 1.08445162173, 0.826428814345, 9.65036773558, 1.06239321639, 0.823600231582, 56.4548554568, 1.13103125992, 3.24363859845, 1.17349208999, 4.08785819361, 1.00017823166, 22.9472513609, 3031.06732235
5.65687731127, 1.35341659955, 1.52576657111, 0.976178185066, 2.40800401784, 1.15566367755, 1.08584483082, 1.18983706368, 0.930103534161, 3.18841077407, 7.27087601669, 0.852512370273, 1.45164076046, 1.01269205778, 0.836279112451, 1.4654860795, 1.00727392678, 1.14541238292, 4.52132136636, 1.03943240895, 0.79743131093, 363.02127789, 0.938989852276, 1.13630138228, 1.22184567058, 2.61591576764, 1.04620755951, 22.0120648133, 3506.02627627
4.18626127832, 1.22216688587, 1.20385252519, 1.2054176062, 5.74674505798, 0.852584703661, 2.71394487628, 1.04934646992, 1.0888950372, 5.91381537963, 3.01945324284, 0.988580425137, 4.97666431807, 1.18731941475, 0.928900560984, 1.08204826773, 1.00666932209, 1.19575709227, 7.88858309037, 0.914544573716, 0.908403286724, 50.5455438933, 0.95564604866, 1.07525967573, 1.11533492737, 3.62643118961, 1.006179789, 26.7358313502, 2345.20002999
5.01630704097, 1.20261551387, 1.38844926132, 0.986264824925, 5.29807778865, 1.0542980292, 4.55100568134, 0.881999410416, 1.04591492045, 3.35048251095, 3.31319603883, 1.21461284658, 2.05428936567, 1.12158837853, 0.878195974747, 1.50908784271, 1.0083356811, 0.939253269123, 7.89164841225, 0.991610372159, 0.800676156463, 319.509395319, 1.04181231867, 1.3204890554, 0.978831524735, 2.33171331793, 1.20357735989, 20.9307859482, 5142.52727209
2.58135547313, 1.05004376339, 1.09331181014, 1.013416393, 5.811612847, 0.856564980471, 5.7883330576, 0.847619516441, 1.11980582192, 5.31145904797, 5.23680305057, 1.15234525945, 1.80265034197, 1.07913544363, 0.993997478841, 1.26177236156, 1.03898619168, 1.04643241795, 4.40236247472, 1.07931601483, 0.838222231903, 409.91749135, 1.11755923211, 1.03487179578, 0.963392024894, 3.29192125511, 0.93950443196, 32.3349387634, 1953.54623232
5.11126529806, 1.32348480589, 1.25789581717, 1.19536633243, 3.16309193625, 0.821015012508, 2.01308181021, 0.900027927622, 1.09108322944, 5.49001942031, 6.48398270128, 1.07664258617, 4.81692642657, 0.889688315917, 0.998777253264, 1.55866516148, 1.14102877662, 1.00174937103, 3.0677408409, 1.08287951434, 0.975603074697, 368.102111808, 1.12199807359, 2.73294631751, 1.21882039626, 3.67474169725, 1.14549671549, 37.9615553036, 1933.13767786
4.16762437662, 1.11210531198, 1.0271862839, 1.00828811805, 5.66659448786, 0.755052523179, 5.63125378937, 1.00899807817, 0.991580455967, 4.46766890097, 5.81588570738, 0.968250361116, 4.34935107522, 1.17809518652, 0.902002664318, 1.60008585743, 1.050293566, 1.00814687375, 6.32634758999, 1.05668369396, 0.973616314579, 12.54887296, 1.04706054687, 4.74886326194, 0.967552201672, 4.46606061557, 0.993575549342, 28.2942327509, 2524.07720734
4.78224023534, 1.03461344617, 0.772527677282, 1.11841493231, 4.94583392646, 0.717257022261, 4.30233685074, 0.857153666203, 1.12206150294, 2.59834167939, 1.71446954141, 1.05557866865, 2.39222884348, 1.01672964959, 0.862596995615, 1.41129800896, 1.10428756376, 0.872423107827, 9.33862939763, 1.00551323598, 0.809839043935, 124.472802326, 1.10131618938, 4.90942388544, 1.17196991554, 3.42469289618, 0.930126545992, 20.6625377218, 6814.4363785
4.59677368073, 1.24580742541, 1.64888554299, 0.909776755929, 5.13211617854, 0.957416880416, 2.09062194682, 0.984222624464, 1.12307770548, 4.24894950204, 5.42058615965, 0.98551341633, 2.52407497762, 0.810784007288, 1.0105371868, 1.05242234859, 1.03645721629, 1.0640141885, 6.15306738366, 0.931181044434, 0.832512323061, 379.460923682, 0.877734340127, 2.50770181061, 1.17126851899, 2.56507212057, 1.02249264914, 27.9351937609, 2603.71859137
2.01681362569, 1.03074301938, 1.34890534673, 1.06236390055, 6.23916963956, 1.1122620155, 2.07988043925, 0.862774581524, 1.12946969545, 2.85522111373, 2.2836872733, 0.960933410726, 3.82599795053, 0.890592390152, 0.801498664905, 1.45993169082, 1.15267934171, 0.993829085332, 8.10874590766, 1.05137075634, 0.838859541594, 84.9483361172, 0.957408094856, 5.96614380218, 1.11681071651, 4.97280119116, 0.998378064555, 20.6613542443, 7917.64346368
2.55344655722, 1.02556331219, 0.730943978995, 0.806355749757, 1.43062119498, 0.810496952695, 4.99202704192, 1.23308651407, 0.934943984524, 4.00407002413, 6.33289265331, 1.04617513657, 2.99069000604, 1.21687948027, 0.953783216905, 1.11738127153, 1.165140465, 1.17531667698, 3.68487004643, 0.926609063405, 0.949202878166, 156.570130876, 0.984698117497, 4.74419468794, 0.989512470207, 1.5406600973, 1.10016899414, 31.2806505364, 2133.83461454
4.89958113373, 1.42684621794, 1.02383715071, 1.20464764147, 2.73857645273, 0.819114501629, 4.64707954226, 1.22733943282, 0.959542769329, 1.72121736424, 6.59278458393, 0.915018300036, 3.27487750795, 1.14677574384, 0.926458496787, 1.33207130405, 1.16594216802, 1.13695467941, 7.3385468307, 1.02279283091, 0.790417035379, 316.357026874, 0.914786215729, 4.18517001166, 1.10605403287, 4.50034414302, 1.28328907955, 28.2079142051, 2607.90737588
5.66119050768, 1.41255099104, 1.19245718522, 0.921963529315, 4.59212858888, 0.904834555236, 1.28638435119, 1.10887169724, 1.12775267169, 1.52645488773, 2.94740095789, 1.10681192337, 3.65713649101, 1.07991192738, 0.781126463119, 1.10283655945, 1.1167397607, 1.14399090756, 5.25402342721, 1.06668088027, 0.861248417668, 368.564931968, 1.15082167769, 4.16175111593, 0.954149847335, 1.90957215419, 1.02272420726, 20.7897901165, 7549.71773917
