5.20159077018, 1.00000021042, 1.15638322196, 0.986746121194, 4.04089562214, 0.844648717884, 3.11752641239, 1.16386015342, 0.978601001004, 3.08552625881, 4.98293627985, 0.941738912467, 5.0014041655, 1.24300113908, 1.09000014848, 1.05448010342, 1.0189187551, 0.813984142755, 6.08170342917, 1.04535504967, 0.786298457966, 687.205807355, 1.15885967554, 5.09773091652, 1.02761757807, 4.38525017239, 1.21931365171, 15.7877788934, 11.5614267341
3.97825545499, 1.00000047595, 1.54324243113, 1.17671350499, 5.15806522335, 0.841670921472, 3.49259164323, 1.10470864169, 0.949740711126, 1.95246678944, 5.63320175029, 1.0885669102, 4.3730694335, 0.945878086036, 1.09000025457, 1.01484618521, 1.01723638146, 1.01697891219, 3.8225658746, 0.910660196417, 0.855244267766, 195.407035722, 1.07671985211, 5.47583794304, 1.01674382179, 3.17728800428, 1.10865698856, 34.4151003625, 7.65594916951
1.05926735275, 1.00000020321, 1.46046932002, 1.09938376042, 3.04444056859, 0.971888049459, 3.84172739624, 1.20746666148, 0.990426903085, 3.46338602413, 6.16021103347, 0.88234263855, 3.64568469071, 1.12051970141, 1.09000071654, 1.10885805122, 1.03475916453, 0.977675079318, 8.91644157886, 0.975958681412, 0.973702601995, 566.913357551, 1.10140284929, 1.26687131038, 1.03070840485, 2.60507638218, 1.03452925956, 16.739250012, 8.7651261199
3.32223017024, 1.00000080035, 1.37161280351, 0.955730996098, 5.82230425684, 0.73149069112, 5.61012141538, 1.20040090128, 0.957306235217, 2.59056345618, 5.80826085365, 0.937081278549, 2.31044511614, 0.859423450943, 1.09000014927, 1.10822203333, 1.03838130281, 0.850409541347, 9.22542788026, 1.03348266971, 0.804543038495, 667.463294324, 1.19931445317, 4.31309263923, 1.21048633188, 1.55697938376, 0.885232382087, 38.9706979462, 7.86358806555
4.57531335204, 1.00000010223, 1.22734822962, 1.0314991466, 6.26077877811, 0.93145563808, 2.48708138699, 1.12867683108, 0.972369498387, 3.85998465989, 5.57166620411, 1.07018587661, 3.74915274279, 1.16244109166, 1.09000072968, 1.04561500125, 1.02751664073, 0.88881469045, 7.21112791346, 1.14304041108, 0.846059734194, 476.668993076, 0.990427267394, 2.61134688949, 1.21913307506, 2.06393959362, 0.898744889527, 40.0160679607, 7.7872016081
4.87891439408, 1.00000000629, 1.19645050767, 1.10508543047, 4.75026127515, 0.894093319008, 1.69448556422, 1.16252579122, 0.974392266427, 5.72020838503, 5.84402376787, 0.948971063118, 3.85299883693, 0.991679240261, 1.09000099462, 1.05536373053, 1.01961429976, 1.13575364026, 5.91733320261, 1.15577166504, 0.89801701201, 149.144942509, 0.931572836942, 4.3356204854, 1.17994295796, 4.11084104835, 1.27666311587, 21.1094191416, 12.14774675
3.98951828074, 1.00000008258, 1.34368502357, 0.826021876912, 1.81382930047, 0.744953977426, 2.97895127335, 1.12648871317, 0.920026377735, 1.36924632518, 5.13291666665, 1.20702610824, 3.27584062828, 1.14658135118, 1.09000065083, 1.10658577616, 1.01798016674, 0.930666539644, 7.97096313545, 1.14238449639, 0.970416461615, 835.626739484, 1.10471329922, 4.04948128604, 1.15360497231, 1.48314846432, 0.919947103785, 23.6182293667, 9.6767612122
1.80279686194, 1.00000077834, 1.46119891118, 1.02821665787, 4.37952706797, 0.734698458987, 5.05843723206, 1.07180714063, 0.910032683107, 3.92279565511, 6.10236351897, 0.82401019631, 4.87285148677, 1.19105041833, 1.0900001307, 1.10618594339, 1.01531811971, 1.16883986232, 9.970294646, 1.06905021209, 0.839062383566, 148.397178119, 1.09147032135, 2.51592910201, 1.15484915992, 1.09900845086, 0.943133223192, 52.7026323863, 8.69338959385
3.30206710999, 1.00000088279, 1.09507074852, 0.81470905259, 6.39014022428, 0.990628031354, 2.92394888629, 1.00745538711, 0.929170228477, 1.68423471629, 6.11142293893, 1.01120081559, 1.08035193821, 0.858384308767, 1.09000031724, 1.02512699714, 1.04800324599, 0.986867645082, 7.40531712665, 1.06184754577, 0.917790116744, 740.707638525, 0.997389117525, 2.1243355861, 1.16781055543, 1.02992045208, 0.963615923048, 30.2855390852, 10.839440313
1.17805761535, 1.00000072921, 1.1967885585, 1.15830826543, 4.85661056793, 0.798095986787, 5.05843723206, 1.24889396103, 0.952973397265, 6.16287077375, 4.83059124028, 0.880911468272, 4.00592628593, 0.928483376246, 1.0900006144, 1.01311750151, 1.0394019043, 1.1999623111, 4.38463915529, 0.951550795989, 0.85700313637, 624.945006796, 0.943672932835, 4.38214090842, 0.974682927948, 2.55371175838, 1.27185669374, 24.059682013, 13.0098098226
4.52364165835, 1.00000013261, 1.18173306393, 1.10107255744, 2.94801026721, 0.995131498913, 3.06505174595, 1.08261285988, 0.929571301347, 3.17770051298, 5.57172774141, 0.846445073547, 2.16966535523, 1.00640251048, 1.0900007858, 1.07488678489, 1.02727464075, 1.05442203718, 3.79429219872, 1.03302097826, 0.945249716839, 654.399227044, 1.12126507188, 5.70749188918, 0.985377223566, 3.01492496677, 0.988880851622, 78.0138731122, 9.75486108441
1.80279686194, 1.00000077834, 1.46119891118, 1.02821665787, 4.37952706797, 0.734698458987, 4.94537025678, 1.07180714063, 0.910032683107, 3.92279565511, 5.29995860333, 0.82401019631, 4.87285148677, 1.19105041833, 1.09000018395, 1.03663454778, 1.01531811971, 1.16883986232, 9.970294646, 1.06905021209, 0.839062383566, 148.397178119, 1.09147032135, 2.51592910201, 1.15484915992, 1.09900845086, 0.943133223192, 44.0975745865, 11.905022035
1.06784322075, 1.00000037292, 1.31645697179, 0.830610459035, 3.83407592281, 0.928093022151, 3.63028885402, 1.0505730138, 0.920026377735, 2.89300731184, 6.04179064845, 1.19365690875, 3.0676347174, 1.08971168181, 1.09000054535, 1.05142777318, 1.04410923955, 0.836813279386, 8.91579258492, 1.08975048885, 0.905029358738, 547.859946412, 1.09371901998, 2.88937171357, 1.18663642927, 4.35353347801, 1.14874926786, 60.1757416158, 11.0655235268
1.17805761535, 1.00000072921, 1.1967885585, 1.15830826543, 4.85661056793, 0.798095986787, 5.05843723206, 1.24889396103, 0.952973397265, 6.16287077375, 4.83059124028, 0.880911468272, 4.00592628593, 0.983302390494, 1.0900006144, 1.01311750151, 1.0394019043, 1.09502946562, 3.98257399454, 0.951550795989, 0.85700313637, 624.945006796, 0.93175202319, 4.38214090842, 0.951219449846, 2.55371175838, 0.904882424087, 63.4160790369, 10.8656193675
2.37592027437, 1.00000070333, 1.5290487282, 0.899606558445, 5.46910345786, 0.957440542017, 4.94537025678, 1.2062720561, 0.961269777986, 1.50264870797, 5.60186792952, 1.15601613211, 3.99960916139, 0.97468572214, 1.09000076828, 1.09602452674, 1.00034425199, 0.897882159129, 8.15399418847, 1.00990933624, 0.940104010117, 257.912368247, 0.988489890723, 1.34327307914, 1.0688207047, 5.46094815816, 1.28449463219, 26.6935440653, 13.3745435614
5.58647043371, 1.00000016309, 1.2958951583, 1.00633086548, 3.76130107418, 0.949338513038, 4.0736020397, 1.0356672283, 0.995738892977, 2.42713107796, 6.19001718196, 0.985580042312, 4.12219324174, 0.919052958156, 1.09000098042, 1.10885805122, 1.0026097924, 1.19389107095, 4.29302198777, 0.951800475087, 0.859740021932, 390.74091905, 0.954549214511, 4.85703769662, 1.00858836093, 3.11234363293, 1.22904450415, 83.4693712077, 9.82267071445
1.37165753545, 1.00000095166, 1.00652633534, 1.07666704611, 5.81028516693, 0.888666978251, 4.66246667063, 1.14569341515, 0.973768339506, 3.79447353158, 5.32684638764, 0.915474283576, 1.4102024643, 1.08780560396, 1.09000063648, 1.07998169024, 1.0358378807, 1.1659782051, 9.85643528762, 1.08369417442, 0.770890122126, 795.264749163, 1.05745913377, 3.92346792342, 1.08312569759, 4.30914115764, 0.976145398321, 46.9876561302, 12.0236100875
3.98951828074, 1.00000008258, 1.07986009711, 1.03588098816, 1.73642454198, 0.744953977426, 2.97895127335, 1.16398044619, 0.920026377735, 2.89300731184, 5.13291666665, 1.20702610824, 1.84071592288, 1.14658135118, 1.09000046005, 1.05362624547, 1.01798016674, 1.15926340623, 7.97096313545, 1.14238449639, 0.928139221992, 835.626739484, 1.10471329922, 4.04948128604, 1.0300659688, 3.7062421458, 1.06389223492, 67.7121376918, 11.0944713606
5.4310324738, 1.00000064687, 1.71073509315, 0.813321319644, 1.58599357299, 0.761442229331, 2.70393153489, 1.13379298344, 0.941311935943, 5.76857543562, 5.39469363253, 0.991089414453, 1.1560658596, 1.20401592177, 1.09000079618, 1.10564357575, 1.02346873845, 0.993690343583, 7.58929113252, 1.16432206275, 0.846266757885, 491.385476978, 1.10559142074, 4.40158749538, 1.17914910269, 3.69371504843, 1.05178644311, 38.6331874082, 15.6180911489
1.83688225652, 1.00000089091, 1.69402067543, 1.13230774219, 6.20344462526, 0.753753472846, 4.3210474741, 1.05516534709, 0.921619799627, 4.40481967702, 6.02832358941, 1.21611247669, 4.31997296673, 0.997753018143, 1.09000027012, 1.0535884803, 1.04865298925, 0.872327914659, 5.28473065724, 1.0901808968, 0.992906422729, 581.786757976, 0.934441495179, 2.78377505463, 1.00585244976, 3.19625130966, 1.16746533406, 39.5599260947, 14.9556469178
4.87891439408, 1.00000000629, 1.19645050767, 1.10508543047, 4.75026127515, 0.894093319008, 1.69448556422, 1.16252579122, 0.974392266427, 5.72020838503, 5.84402376787, 0.948971063118, 3.85299883693, 0.991679240261, 1.09000099462, 1.05536373053, 1.01961429976, 1.13575364026, 5.91733320261, 1.15577166504, 0.89801701201, 149.144942509, 0.931572836942, 4.3356204854, 1.17994295796, 4.11084104835, 1.27666311587, 90.6482842143, 9.99289730228
5.77737464297, 1.00000046543, 1.03656878069, 0.847024527915, 6.91531580932, 0.891593231088, 1.61969290763, 1.13429756896, 0.994190666564, 4.74575866716, 4.69879238611, 0.996784080992, 3.49309255539, 0.990434910574, 1.09000060744, 1.07614499498, 1.03423497791, 0.901645992767, 3.4582039329, 0.954818638397, 0.889528876633, 476.668993076, 1.137287947, 4.87008014629, 1.23471245618, 3.61196162647, 1.07670339702, 52.2764360878, 12.5935559329
1.37165753545, 1.00000095166, 1.00652633534, 1.07666704611, 5.81028516693, 0.888666978251, 4.66246667063, 1.14569341515, 0.973768339506, 3.79447353158, 5.32684638764, 0.915474283576, 1.4102024643, 1.08780560396, 1.09000063648, 1.07998169024, 1.04680565745, 1.1659782051, 9.85643528762, 1.08369417442, 0.770890122126, 795.264749163, 1.05745913377, 3.92346792342, 1.08312569759, 4.30914115764, 0.976145398321, 52.5169888272, 12.3967004144
3.16114914739, 1.00000086802, 1.71073509315, 1.00986576483, 1.62170543113, 0.761442229331, 2.70393153489, 1.18797157456, 0.909875201787, 5.76857543562, 5.39469363253, 0.991089414453, 1.08035193821, 1.20401592177, 1.09000079618, 1.10760432459, 1.00496505325, 0.993690343583, 4.56221943121, 1.14458557007, 0.846266757885, 491.385476978, 1.10559142074, 4.40158749538, 1.17914910269, 3.69371504843, 1.18730773508, 75.3203139189, 11.3267324118
1.37165753545, 1.0000005104, 1.00652633534, 1.07666704611, 5.81028516693, 0.888666978251, 4.67485840346, 1.14569341515, 0.985336214338, 3.79447353158, 5.32684638764, 0.915474283576, 1.4102024643, 1.08780560396, 1.09000063648, 1.07998169024, 1.04680565745, 1.1659782051, 9.85643528762, 1.08369417442, 0.770890122126, 795.264749163, 1.05745913377, 3.92346792342, 1.08312569759, 4.30914115764, 1.05011162534, 39.1301845525, 15.6503242179
3.72109730825, 1.00000003425, 1.63327026033, 0.809138378669, 4.00445536109, 0.774830741106, 1.8220228386, 1.11297480451, 0.978813460504, 1.39086160581, 4.80239728244, 0.995319790531, 2.92673904246, 0.949933840309, 1.09000039452, 1.09049322714, 1.04841044952, 1.11730457885, 3.02449998448, 1.09868096492, 0.763317291858, 149.605061847, 1.18215084175, 1.54900915385, 1.1141416267, 4.94567617107, 1.218116426, 105.674244497, 10.5418316591
5.69894470713, 1.00000084436, 1.69413947651, 1.10022171537, 3.03496197372, 0.827712595454, 2.3631258892, 1.22306955664, 0.992872699971, 2.28097834934, 6.03031946061, 1.00419710801, 4.43416584747, 1.07241327026, 1.09000067756, 1.02215439857, 1.02354405774, 0.947819649821, 7.59176286385, 0.947400995494, 0.823981866617, 469.689890232, 0.987166628005, 3.89583940447, 0.982738150368, 1.31986277995, 0.927192948795, 63.9167810839, 12.943511642
4.20786124286, 1.00000005385, 1.22575404533, 1.08005357844, 4.37952706797, 0.850827123011, 5.15769663583, 1.09670826179, 0.959256099488, 5.66603716532, 4.81649585938, 0.869767139885, 2.09074569016, 1.20542649549, 1.09000025258, 1.1003656843, 1.02224023563, 0.963535834944, 8.75708523703, 1.18372229555, 0.838460658524, 219.633031029, 1.02906401429, 5.57297754828, 1.18869082831, 5.35818884293, 0.94028556939, 85.8834205894, 11.6300948085
3.43866867395, 1.0000005104, 1.33020844681, 1.03588098816, 6.5438780602, 0.978947366612, 4.12067672015, 1.24811628405, 0.961985984, 2.13409241758, 4.96115697454, 1.03346698104, 1.84071592288, 0.844427533832, 1.09000046005, 1.07544440636, 1.00841266471, 1.21601012771, 8.14438902907, 1.14127760527, 0.975604637288, 399.160825177, 1.1803071893, 3.34981595037, 0.958438491305, 5.45539280897, 1.04449954997, 112.460848738, 11.1510590232
3.98951828074, 1.00000008258, 1.07986009711, 0.826021876912, 1.73642454198, 0.744953977426, 2.97895127335, 1.16398044619, 0.920026377735, 2.89300731184, 5.13291666665, 1.20702610824, 3.27584062828, 1.14658135118, 1.09000004302, 1.05362624547, 1.01798016674, 1.15926340623, 7.97096313545, 1.14238449639, 0.928139221992, 835.626739484, 1.10471329922, 4.04948128604, 1.15404251598, 3.7062421458, 1.06389223492, 67.4691850978, 13.4810325019
5.99802336739, 1.00000018852, 1.73918257289, 1.11318632237, 2.40927375789, 0.881126844444, 1.42434635761, 1.14387917948, 0.909936545005, 2.28097834934, 4.79939991641, 1.16454405337, 1.08521004163, 1.06540672049, 1.09000079075, 1.04731433184, 1.0270713937, 1.07615343102, 8.89862972669, 1.12930625191, 0.998483906166, 702.73199709, 0.961630596632, 5.48192949894, 1.14269771428, 1.49468202352, 1.26671856738, 114.682665006, 11.3622221677
4.20786124286, 1.00000005385, 1.22575404533, 1.08005357844, 4.37952706797, 0.850827123011, 5.15769663583, 1.09670826179, 0.992872699971, 5.66603716532, 4.81649585938, 1.17497497583, 2.09074569016, 0.971321335164, 1.09000033071, 1.1003656843, 1.02224023563, 0.963744203397, 8.75708523703, 1.18372229555, 0.905264032289, 219.633031029, 1.02906401429, 5.57297754828, 1.18869082831, 5.35818884293, 0.94028556939, 77.0532575077, 13.6788878609
3.30206710999, 1.00000088279, 1.09507074852, 0.81470905259, 6.39014022428, 0.990628031354, 2.92394888629, 1.00745538711, 0.929170228477, 1.68423471629, 6.11142293893, 1.01120081559, 1.08035193821, 0.858384308767, 1.09000031724, 1.02512699714, 1.04800324599, 0.986867645082, 7.40531712665, 1.06184754577, 0.917790116744, 740.707638525, 0.997389117525, 2.1243355861, 1.16248021931, 1.02992045208, 0.963615923048, 74.4144102618, 18.9203574181
5.6400461123, 1.00000027175, 1.2958951583, 0.885096043828, 3.76130107418, 0.949338513038, 2.83926239808, 1.13148550823, 0.995738892977, 2.42713107796, 6.19001718196, 0.927823560084, 4.12219324174, 1.02138503869, 1.09000096851, 1.00530904262, 1.0026097924, 1.19389107095, 5.89990816309, 0.951800475087, 0.859740021932, 55.273406088, 0.97638315389, 4.70003471295, 1.00858836093, 3.11234363293, 0.927636976052, 115.515874921, 11.3623746349
3.73212743192, 1.0000003993, 1.17426796472, 1.11828232641, 4.87873480816, 0.720324313056, 3.68854353962, 1.11001684725, 0.902584965321, 6.09106786689, 5.97519526739, 1.14466176062, 3.95560785511, 0.851823230829, 1.09000016939, 1.09765111807, 1.04390650301, 0.925200850951, 8.6144022257, 1.00834887637, 0.954947299702, 250.472008459, 1.11307865794, 5.37736952307, 1.05874586706, 3.26204965385, 1.13326085741, 78.0591520172, 13.9578083764
5.69894470713, 1.00000084436, 1.69413947651, 1.10022171537, 3.03496197372, 0.827712595454, 2.3631258892, 1.22229366599, 0.992872699971, 2.28097834934, 6.03031946061, 1.00419710801, 4.43416584747, 1.07241327026, 1.09000090976, 1.02215439857, 1.04634183903, 0.947819649821, 7.59176286385, 0.947400995494, 0.964627559246, 469.689890232, 1.03260820575, 3.89583940447, 0.982738150368, 1.31986277995, 0.927192948795, 120.976558332, 13.0855716596
4.87891439408, 1.00000000629, 1.19645050767, 1.10508543047, 4.75026127515, 0.894093319008, 1.69448556422, 1.22986409311, 0.974392266427, 5.72020838503, 5.84402376787, 0.948971063118, 3.85299883693, 0.991679240261, 1.09000099462, 1.08792628063, 1.01961429976, 1.13575364026, 5.16849988376, 1.14304041108, 0.89801701201, 476.668993076, 0.931572836942, 4.3356204854, 1.17994295796, 4.11084104835, 1.27666311587, 132.777279174, 11.7153337707
5.16622154768, 1.00000042195, 1.18173306393, 1.07268445171, 2.94801026721, 0.995131498913, 3.06505174595, 1.11937375002, 0.918044152089, 2.82381680911, 5.57172774141, 0.95625849889, 2.16966535523, 1.00640251048, 1.0900007858, 1.07426332334, 1.0266863038, 1.19564090989, 4.99448047426, 1.03302097826, 0.945249716839, 914.716260488, 1.13215793154, 5.70749188918, 0.985377223566, 3.01492496677, 0.988880851622, 79.8438651912, 13.974720039
3.73212743192, 1.0000003993, 1.17426796472, 1.11828232641, 5.89378593028, 0.720324313056, 4.8739171103, 1.18920812426, 0.902584965321, 5.87540105419, 5.97519526739, 1.14694262368, 2.90177156237, 0.922206827052, 1.09000016939, 1.09765111807, 1.04228311187, 0.925200850951, 8.34877219634, 0.956475163979, 0.984004909002, 250.472008459, 1.13468590145, 5.89563181088, 1.05874586706, 3.26204965385, 1.13326085741, 124.747519244, 13.1485985231
1.80279686194, 1.00000048004, 1.60363815829, 1.03118500093, 4.87873480816, 0.734698458987, 1.84418586115, 1.11001684725, 0.910032683107, 1.62690050799, 5.29995860333, 0.839997907116, 3.95560785511, 1.19105041833, 1.09000018395, 1.06959870344, 1.01092267042, 1.09502946562, 9.970294646, 1.02122551374, 0.839062383566, 148.397178119, 1.19204018199, 2.51592910201, 1.12225664982, 1.15842122489, 0.943133223192, 141.865413474, 11.7627249967
2.37592027437, 1.00000070333, 1.5290487282, 0.899606558445, 5.46910345786, 0.957440542017, 4.94537025678, 1.2062720561, 0.954365547945, 1.57612136118, 5.60186792952, 1.15601613211, 3.99960916139, 0.97468572214, 1.09000076828, 1.09602452674, 1.00034425199, 1.16883986232, 8.15399418847, 1.00990933624, 0.940104010117, 257.912368247, 0.988489890723, 1.34327307914, 1.0688207047, 5.46094815816, 1.28449463219, 88.4303562698, 14.9486121933
3.22036905243, 1.00000080035, 1.37161280351, 0.955730996098, 5.82230425684, 0.730793554782, 2.70827061562, 1.07640148544, 0.957306235217, 2.75267155971, 5.80826085365, 0.923724559363, 2.31044511614, 0.859423450943, 1.09000014927, 1.10822203333, 1.03838130281, 0.998202193244, 9.70928599785, 1.03348266971, 0.804543038495, 667.463294324, 1.19931445317, 4.31309263923, 1.09258954335, 1.55697938376, 0.891564860446, 138.839031852, 13.8389837522
4.23381087324, 1.00000010223, 1.22734822962, 1.0314991466, 6.26077877811, 0.950810718279, 2.48708138699, 1.12867683108, 0.972369498387, 3.85998465989, 5.57166620411, 1.07018587661, 3.74915274279, 1.16244109166, 1.09000019771, 1.02481672181, 1.01540889207, 0.88881469045, 7.21112791346, 1.14304041108, 0.846059734194, 476.668993076, 0.990427267394, 5.94647036494, 1.21913307506, 2.42201143155, 0.898744889527, 141.241005441, 13.7556500426
3.72109730825, 1.00000003425, 1.70403501076, 0.806329589546, 4.00445536109, 0.767873818101, 1.38260423701, 1.19979432451, 0.978813460504, 1.40070790799, 5.30654711976, 1.02958614639, 2.92673904246, 0.949933840309, 1.09000039452, 1.09794268834, 1.04841044952, 1.11730457885, 8.99502264392, 1.0057528546, 0.780410768281, 260.909627137, 1.18215084175, 1.54900915385, 1.1784152414, 4.94567617107, 1.218116426, 175.16079372, 12.4709412598
1.37165753545, 1.00000095166, 1.00652633534, 1.08673487001, 5.81028516693, 0.888666978251, 5.85764130949, 1.14569341515, 0.973768339506, 5.82489454744, 6.02734592973, 0.915474283576, 1.4102024643, 1.08780560396, 1.09000063648, 1.04227795923, 1.0358378807, 1.1659782051, 9.85643528762, 1.15139209596, 0.770890122126, 795.264749163, 1.05745913377, 3.92346792342, 1.11213732064, 4.88474868966, 0.976145398321, 101.186943351, 14.978211103
3.16114914739, 1.00000045329, 1.71073509315, 1.07666704611, 1.52786155548, 0.761442229331, 2.70393153489, 1.18797157456, 0.909875201787, 5.76857543562, 5.39469363253, 0.991089414453, 1.08035193821, 1.20401592177, 1.09000079618, 1.10760432459, 1.00496505325, 0.993690343583, 4.56221943121, 1.14458557007, 0.846266757885, 491.385476978, 1.10559142074, 4.40158749538, 1.08312569759, 4.70525885928, 1.18730773508, 89.0452249729, 15.0210930271
3.72109730825, 1.00000003425, 1.70403501076, 0.806329589546, 4.00445536109, 0.767873818101, 1.38260423701, 1.19979432451, 0.978813460504, 1.40070790799, 5.30654711976, 1.02958614639, 2.92673904246, 0.949933840309, 1.09000039452, 1.09961705599, 1.04841044952, 1.01188544747, 8.99502264392, 1.0057528546, 0.866360661858, 260.909627137, 1.18215084175, 1.54900915385, 1.1784152414, 4.94567617107, 1.218116426, 149.078363354, 14.4680074247
1.80279686194, 1.00000048004, 1.60363815829, 1.02821665787, 4.37952706797, 0.734698458987, 2.00699701649, 1.09611971419, 0.910032683107, 1.62690050799, 5.29995860333, 0.839997907116, 4.87285148677, 1.19105041833, 1.09000018395, 1.03663454778, 1.01531811971, 1.09502946562, 9.970294646, 1.02122551374, 0.839062383566, 148.397178119, 1.19204018199, 2.51592910201, 1.12225664982, 1.15842122489, 0.943133223192, 180.297423079, 12.7139411256
5.77737464297, 1.00000006532, 1.43652423539, 0.856728932325, 4.97407650499, 0.877622150391, 5.78709093078, 1.04693849818, 0.993648863778, 2.78712954057, 5.32684638764, 0.984363245061, 4.5548114673, 0.957258050825, 1.09000008991, 1.0823575779, 1.00006336097, 0.995324273297, 3.4582039329, 1.06786919173, 0.798927980613, 678.995938488, 1.05745913377, 1.02316712245, 1.18717753142, 4.52370799381, 0.919947103785, 91.2812545568, 19.8581518623
3.72109730825, 1.00000003425, 1.63327026033, 0.809138378669, 4.00445536109, 0.774830741106, 1.8220228386, 1.11297480451, 0.978813460504, 1.39086160581, 4.80239728244, 0.995319790531, 2.92673904246, 0.949933840309, 1.09000039452, 1.09049322714, 1.04841044952, 1.11730457885, 3.02449998448, 1.09868096492, 0.763317291858, 149.605061847, 1.18215084175, 1.54900915385, 1.1141416267, 4.94567617107, 1.218116426, 95.150461877, 15.3194969925
4.87891439408, 1.00000000629, 1.19645050767, 1.11015018744, 4.75026127515, 0.894093319008, 1.69448556422, 1.22986409311, 0.96085541299, 5.72020838503, 5.84402376787, 0.948971063118, 3.85299883693, 0.991679240261, 1.09000040788, 1.08792628063, 1.01961429976, 1.13575364026, 5.16849988376, 1.14304041108, 0.89801701201, 476.668993076, 0.931572836942, 4.3356204854, 1.17994295796, 4.11084104835, 1.27666311587, 92.2413535159, 19.3656816758
3.16114914739, 1.00000064387, 1.71073509315, 1.00986576483, 1.62170543113, 0.761442229331, 2.70393153489, 1.18797157456, 0.909875201787, 5.76857543562, 5.39469363253, 0.991089414453, 1.08035193821, 1.20401592177, 1.09000079618, 1.10760432459, 1.00496505325, 0.993690343583, 4.56221943121, 1.14458557007, 0.846266757885, 491.385476978, 1.10559142074, 4.40158749538, 1.17914910269, 3.69371504843, 1.18730773508, 171.01943778, 14.8882836066
2.60083232551, 1.00000008781, 1.60363815829, 1.02821665787, 4.37952706797, 0.734698458987, 2.42604307954, 1.09611971419, 0.910226551824, 1.62690050799, 5.29995860333, 0.839997907116, 5.02999056991, 1.09178992417, 1.09000018395, 1.03663454778, 1.00111380018, 1.09502946562, 9.970294646, 1.02122551374, 0.96823618532, 148.397178119, 1.16939088515, 2.51592910201, 1.12225664982, 1.15842122489, 0.894629835437, 180.768249284, 12.7996045476
5.4310324738, 1.00000003425, 1.63327026033, 0.809138378669, 3.69034479843, 0.721860497374, 1.8220228386, 1.19979432451, 0.978813460504, 1.39086160581, 5.30654711976, 0.995319790531, 2.92673904246, 0.949933840309, 1.09000039452, 1.09049322714, 1.04841044952, 1.11730457885, 3.02449998448, 1.04535504967, 0.901064768516, 149.605061847, 1.18215084175, 1.54900915385, 1.1141416267, 4.94567617107, 1.218116426, 112.871199336, 15.9122398273
1.80279686194, 1.00000048004, 1.60363815829, 1.02821665787, 4.37952706797, 0.734698458987, 2.42604307954, 1.09611971419, 0.910226551824, 1.62690050799, 5.29995860333, 0.839997907116, 4.87285148677, 1.09178992417, 1.09000018395, 1.03663454778, 1.00111380018, 1.09502946562, 9.970294646, 1.02122551374, 0.839062383566, 148.397178119, 1.16939088515, 2.51592910201, 1.12225664982, 1.15842122489, 0.957732572358, 102.405638261, 19.8065192834
5.69345055072, 1.00000068535, 1.41645755908, 0.999601162889, 3.06063968922, 0.7861969391, 2.65821420623, 1.09868927046, 0.96365016889, 5.82489454744, 5.346075788, 1.10355044261, 2.12139578904, 0.87467010756, 1.09000026185, 1.10658577616, 1.00280835441, 0.929851514812, 3.67335632572, 0.994103921387, 0.830132032272, 808.566479202, 0.948362593744, 3.36305423898, 1.08731376517, 1.57157795521, 1.25947602042, 96.9836502715, 21.6304530819
1.37165753545, 1.00000095166, 1.01894451994, 1.07666704611, 5.81028516693, 0.901259594766, 4.66246667063, 1.23661035879, 0.973768339506, 3.79447353158, 5.32684638764, 0.915474283576, 2.75286465783, 1.08780560396, 1.09000029972, 1.07998169024, 1.0358378807, 1.1659782051, 9.85643528762, 1.08369417442, 0.770890122126, 345.977751202, 1.05745913377, 4.18433122244, 1.08312569759, 4.30914115764, 0.976145398321, 181.171362618, 12.8000630789
5.4310324738, 1.00000086802, 1.71073509315, 0.813321319644, 5.23695919254, 0.761442229331, 2.70393153489, 1.18797157456, 0.941311935943, 5.76857543562, 4.69879238611, 0.991089414453, 1.08035193821, 1.20401592177, 1.09000079618, 1.10760432459, 1.00496505325, 0.901645992767, 7.58929113252, 1.06184754577, 0.846266757885, 136.821098286, 1.10559142074, 4.40158749538, 1.17914910269, 3.69371504843, 0.918908453569, 137.451768029, 16.2440130952
5.69345055072, 1.00000068535, 1.41645755908, 0.999601162889, 3.06063968922, 0.777134998861, 2.65821420623, 1.09868927046, 0.940308801746, 5.82489454744, 5.346075788, 1.10355044261, 2.12139578904, 0.87467010756, 1.09000026185, 1.10658577616, 1.00280835441, 0.929851514812, 3.67335632572, 0.994103921387, 0.925050542482, 830.52170669, 0.948362593744, 3.36305423898, 1.08731376517, 1.57157795521, 1.25947602042, 141.961479999, 16.2104440501
5.23150502334, 1.00000003425, 1.63327026033, 0.809138378669, 3.69034479843, 0.774830741106, 1.8220228386, 1.19979432451, 0.978813460504, 1.39086160581, 5.30654711976, 0.995319790531, 2.92673904246, 0.949933840309, 1.09000039452, 1.09049322714, 1.04841044952, 1.11730457885, 3.02449998448, 1.04535504967, 0.903166442861, 149.605061847, 1.18215084175, 1.54900915385, 1.1141416267, 4.94567617107, 1.218116426, 123.819206383, 16.7937937134
2.65623226888, 1.00000021042, 1.15638322196, 0.986746121194, 4.04089562214, 0.844648717884, 3.11752641239, 1.16386015342, 0.981180728693, 3.08552625881, 4.98293627985, 0.941738912467, 5.0014041655, 1.24300113908, 1.09000014848, 1.05448010342, 1.0189187551, 0.813984142755, 6.08170342917, 1.04535504967, 0.786298457966, 687.205807355, 1.15885967554, 5.09773091652, 1.02761757807, 4.38525017239, 1.21931365171, 103.079953869, 20.3365492463
1.10297863385, 1.00000020321, 1.41851069497, 1.09938376042, 3.04444056859, 0.971888049459, 3.84172739624, 1.20746666148, 0.982337410459, 3.46338602413, 6.16021103347, 0.88234263855, 3.64568469071, 1.12051970141, 1.09000028265, 1.10885805122, 1.03475916453, 0.977675079318, 8.91644157886, 1.15383501658, 0.973702601995, 566.913357551, 1.03913463596, 1.26687131038, 1.03070840485, 2.60507638218, 1.03452925956, 188.82291524, 13.0555748148
5.58647043371, 1.00000016309, 1.2958951583, 1.00633086548, 3.76130107418, 0.949338513038, 2.83926239808, 1.13148550823, 0.995738892977, 2.42713107796, 6.19001718196, 0.838070526903, 4.12219324174, 0.919052958156, 1.09000098042, 1.00530904262, 1.0026097924, 1.19389107095, 4.29302198777, 0.951800475087, 0.859740021932, 390.74091905, 0.954549214511, 4.85703769662, 1.00858836093, 3.11234363293, 1.22904450415, 149.636863475, 17.6264683487
1.17805761535, 1.00000072921, 1.1967885585, 1.15830826543, 4.85661056793, 0.798095986787, 5.05843723206, 1.24889396103, 0.952973397265, 6.16287077375, 4.83059124028, 0.880911468272, 4.00592628593, 0.983302390494, 1.0900006144, 1.01311750151, 1.0394019043, 1.1999623111, 3.98257399454, 0.951550795989, 0.85700313637, 624.945006796, 0.943672932835, 4.38214090842, 0.951219449846, 2.55371175838, 0.904882424087, 175.046894128, 17.5576285938
1.80279686194, 1.00000048004, 1.60363815829, 1.07268445171, 4.37952706797, 0.734698458987, 2.00699701649, 1.09611971419, 0.9142642318, 1.62690050799, 5.29995860333, 0.839997907116, 4.87285148677, 1.19105041833, 1.09000018395, 1.00052207754, 1.01531811971, 1.09502946562, 9.970294646, 1.02122551374, 0.839062383566, 148.397178119, 1.19204018199, 2.51592910201, 1.12225664982, 1.12764162171, 0.943133223192, 126.312474013, 22.1609601214
5.51481784541, 1.00000048405, 1.59933658636, 0.812507950481, 6.36740907091, 0.762814024939, 4.53107762279, 1.25394888376, 0.917722539203, 3.92279565511, 5.65821101662, 0.918651083839, 3.0407922995, 0.945239126539, 1.09000076168, 1.03493060605, 1.02162028775, 0.90337908734, 7.3671749778, 1.1187259908, 0.829720201851, 135.11782149, 1.09147032135, 4.0994781092, 0.950025132125, 2.70303789601, 1.08775040749, 135.254960499, 21.6178881857
1.17805761535, 1.00000008258, 1.07986009711, 0.826021876912, 1.73642454198, 0.744953977426, 2.97895127335, 1.23205975989, 0.920026377735, 2.89300731184, 5.13291666665, 1.20702610824, 3.27584062828, 1.14658135118, 1.09000065083, 1.05362624547, 1.01798016674, 1.15926340623, 7.97096313545, 1.14238449639, 0.954997680668, 835.626739484, 1.10471329922, 4.04948128604, 1.15404251598, 2.55371175838, 0.919947103785, 190.822980765, 15.1294656614
4.52364165835, 1.00000042195, 1.18173306393, 1.10107255744, 2.94801026721, 0.995131498913, 3.06505174595, 1.08261285988, 0.929571301347, 3.17770051298, 5.57172774141, 0.846445073547, 2.16966535523, 1.00640251048, 1.0900007858, 1.07488678489, 1.02727464075, 1.05442203718, 3.79429219872, 1.03302097826, 0.945249716839, 914.716260488, 1.12126507188, 5.70749188918, 0.985377223566, 3.01492496677, 0.988880851622, 219.715125035, 13.8132998264
5.69894470713, 1.00000090668, 1.69413947651, 0.884262664559, 3.03496197372, 0.827712595454, 1.75593313839, 1.23862309031, 0.901741464159, 4.82212886229, 6.05099144607, 1.00419710801, 4.43416584747, 1.07241327026, 1.09000067756, 1.02215439857, 1.03373498696, 0.947819649821, 7.59176286385, 0.947400995494, 0.80894266107, 469.689890232, 1.01026609523, 3.89583940447, 0.982738150368, 1.49859967428, 0.879569965183, 164.181658715, 17.7538700019
1.37165753545, 1.00000095166, 1.01894451994, 1.07666704611, 5.81028516693, 0.888666978251, 4.66246667063, 1.14569341515, 0.973768339506, 3.79447353158, 5.32684638764, 0.915474283576, 1.4102024643, 1.08780560396, 1.09000063648, 1.07998169024, 1.0358378807, 1.1659782051, 9.85643528762, 1.08369417442, 0.770890122126, 795.264749163, 1.05745913377, 4.18433122244, 1.08312569759, 4.30914115764, 0.976145398321, 149.574314325, 23.4552308351
5.20159077018, 1.00000021042, 1.01225502168, 0.986746121194, 4.04089562214, 0.844648717884, 2.32277904671, 1.16386015342, 0.978601001004, 3.08552625881, 4.98293627985, 0.941738912467, 5.0014041655, 1.24300113908, 1.09000014848, 1.05448010342, 1.0189187551, 0.813984142755, 6.08170342917, 1.04535504967, 0.786298457966, 687.205807355, 1.15885967554, 5.09773091652, 1.02761757807, 4.38525017239, 1.21931365171, 150.66549033, 23.2941681723
4.20786124286, 1.00000019176, 1.22575404533, 1.08005357844, 4.37952706797, 0.850827123011, 5.15769663583, 1.09670826179, 0.992872699971, 5.66603716532, 4.81649585938, 1.17497497583, 2.09074569016, 0.971321335164, 1.09000033071, 1.1003656843, 1.02224023563, 1.15926340623, 9.59696253304, 1.18372229555, 0.905264032289, 219.633031029, 1.02906401429, 5.89681015895, 1.11973174636, 5.35818884293, 0.94028556939, 218.069471174, 15.5708582503
1.80279686194, 1.00000077834, 1.46119891118, 0.964988896504, 4.37952706797, 0.734698458987, 5.49104502791, 1.07180714063, 0.910032683107, 3.92279565511, 5.29995860333, 0.82401019631, 4.87285148677, 1.19105041833, 1.09000018395, 1.03663454778, 1.01531811971, 1.16883986232, 9.970294646, 1.06905021209, 0.803508146463, 148.397178119, 1.09147032135, 2.51592910201, 1.15484915992, 1.09900845086, 0.943133223192, 242.423753964, 14.3662860659
5.20159077018, 1.00000021042, 1.01225502168, 0.986746121194, 4.04089562214, 0.844648717884, 2.32277904671, 1.16386015342, 0.978601001004, 3.08552625881, 4.98293627985, 0.941738912467, 5.0014041655, 1.24300113908, 1.09000012209, 1.05448010342, 1.0189187551, 0.813984142755, 6.08170342917, 1.04535504967, 0.786298457966, 687.205807355, 1.15885967554, 5.09773091652, 1.02761757807, 5.35818884293, 1.21931365171, 255.573758068, 14.0757291946
1.37165753545, 1.00000095166, 1.00652633534, 1.07666704611, 3.76130107418, 0.888666978251, 4.66246667063, 1.14569341515, 0.973768339506, 5.81179176344, 5.32684638764, 0.915474283576, 1.4102024643, 1.08780560396, 1.09000063648, 1.07998169024, 1.0358378807, 1.1659782051, 4.80618945916, 0.935121371326, 0.770890122126, 795.264749163, 1.05745913377, 3.92346792342, 1.08312569759, 4.30914115764, 0.976145398321, 264.454805058, 13.8143677829
5.69894470713, 1.00000084436, 1.69413947651, 1.10022171537, 3.03496197372, 0.827712595454, 2.3631258892, 1.22306955664, 0.992872699971, 2.28097834934, 6.03031946061, 1.00419710801, 4.43416584747, 1.07241327026, 1.09000067756, 1.02215439857, 1.02354405774, 0.947819649821, 7.59176286385, 0.947400995494, 0.823981866617, 469.689890232, 1.03260820575, 3.89583940447, 0.982738150368, 1.31986277995, 0.927192948795, 172.328785838, 18.5535426007
4.23381087324, 1.00000007633, 1.22734822962, 1.0314991466, 5.83409575858, 0.950810718279, 2.48708138699, 1.12867683108, 0.972369498387, 3.85998465989, 5.57166620411, 1.07018587661, 3.74915274279, 1.16244109166, 1.09000019771, 1.02481672181, 1.01540889207, 0.88881469045, 7.3671749778, 1.1187259908, 0.846059734194, 476.668993076, 0.990427267394, 5.94647036494, 1.21913307506, 2.42201143155, 0.898744889527, 232.357610729, 15.7100163116
3.98951828074, 1.00000008258, 1.07986009711, 0.826021876912, 2.34327266754, 0.744953977426, 2.97895127335, 1.12648871317, 0.920026377735, 2.89300731184, 5.13291666665, 1.20702610824, 3.27584062828, 1.14658135118, 1.09000065083, 1.05362624547, 1.01798016674, 0.963744203397, 7.97096313545, 1.14238449639, 0.954997680668, 835.626739484, 1.10471329922, 4.04948128604, 1.15404251598, 3.7062421458, 0.919947103785, 330.953930498, 14.3171817697
3.72109730825, 1.00000003425, 1.70403501076, 0.806329589546, 4.00445536109, 0.767873818101, 1.38260423701, 1.19979432451, 0.978813460504, 1.40070790799, 6.02670553885, 1.02958614639, 2.92673904246, 0.949933840309, 1.09000039452, 1.09794268834, 1.04841044952, 1.11730457885, 8.99502264392, 1.0057528546, 0.780410768281, 260.909627137, 1.18215084175, 1.54900915385, 1.1784152414, 4.94567617107, 1.218116426, 292.555451345, 14.7058455508
5.69345055072, 1.00000018467, 1.41645755908, 0.999601162889, 3.06063968922, 0.777134998861, 4.25645922376, 1.09868927046, 0.940308801746, 5.82489454744, 5.346075788, 1.10355044261, 2.12139578904, 0.87467010756, 1.09000058314, 1.10658577616, 1.00280835441, 0.929851514812, 3.67335632572, 0.994103921387, 0.925050542482, 830.52170669, 0.948362593744, 3.36305423898, 1.08731376517, 1.18171966163, 1.25947602042, 209.295470187, 18.7928454614
5.4310324738, 1.00000086802, 1.71073509315, 0.813321319644, 1.62170543113, 0.761442229331, 2.70393153489, 1.18797157456, 0.941311935943, 5.76857543562, 5.39469363253, 0.991089414453, 1.08035193821, 1.20401592177, 1.09000079618, 1.10760432459, 1.00496505325, 0.993690343583, 7.58929113252, 1.06184754577, 0.846266757885, 491.385476978, 1.10559142074, 4.40158749538, 1.17914910269, 3.69371504843, 1.07197714645, 176.022929478, 24.5952304817
5.78071439166, 1.00000064687, 1.69413947651, 0.813321319644, 1.542855726, 0.761442229331, 2.70393153489, 1.18797157456, 0.941311935943, 5.76857543562, 5.39469363253, 0.991089414453, 1.34733188617, 1.20401592177, 1.09000079618, 1.10564357575, 1.00803590256, 0.993690343583, 5.35104065705, 1.16432206275, 0.822932693048, 491.385476978, 1.10559142074, 4.40158749538, 1.17914910269, 3.69371504843, 1.17924763912, 181.1454849, 18.8096621351
5.99802336739, 1.00000018852, 1.73918257289, 1.11318632237, 2.40927375789, 0.881126844444, 1.42434635761, 1.14387917948, 0.909936545005, 4.82212886229, 4.79939991641, 1.16454405337, 1.08521004163, 1.06540672049, 1.09000079075, 1.04731433184, 1.03397628034, 1.07615343102, 8.89862972669, 1.12930625191, 0.998483906166, 702.73199709, 0.961630596632, 5.19385133939, 1.14269771428, 1.49468202352, 1.26671856738, 253.499881492, 16.1043502777
3.98951828074, 1.00000008258, 1.07986009711, 0.826021876912, 1.73642454198, 0.744953977426, 2.97895127335, 1.23205975989, 0.920026377735, 2.89300731184, 5.13291666665, 1.20702610824, 3.27584062828, 1.14658135118, 1.09000065083, 1.05362624547, 1.01798016674, 1.15926340623, 7.97096313545, 1.14238449639, 0.954997680668, 835.626739484, 1.10471329922, 4.04948128604, 1.15404251598, 3.7062421458, 0.919947103785, 317.95914451, 15.3171094893
4.57531335204, 1.00000010223, 1.22734822962, 1.0314991466, 6.26077877811, 0.93145563808, 2.48708138699, 1.12867683108, 0.993648863778, 3.85998465989, 5.12984644863, 1.07018587661, 3.74915274279, 1.16244109166, 1.09000072968, 1.04561500125, 1.02484782241, 0.88881469045, 7.21112791346, 1.14304041108, 0.846059734194, 513.728536097, 0.990427267394, 2.61134688949, 1.21913307506, 2.06393959362, 0.875627331593, 217.744821242, 18.8469883856
5.77737464297, 1.00000046543, 1.03656878069, 0.941545465043, 6.91531580932, 0.825785024417, 1.61969290763, 1.13429756896, 0.993648863778, 4.74575866716, 4.69879238611, 0.996784080992, 3.49309255539, 0.990434910574, 1.09000019456, 1.03224137177, 1.01743142667, 0.901645992767, 3.4582039329, 0.954818638397, 0.889528876633, 513.728536097, 1.137287947, 4.87008014629, 1.23471245618, 3.61196162647, 0.963364901771, 183.166295908, 23.8487515647
5.58647043371, 1.00000016309, 1.2958951583, 1.00633086548, 2.06891627189, 0.990114253362, 3.63028885402, 1.0356672283, 0.995738892977, 2.89300731184, 6.19001718196, 0.985580042312, 4.12219324174, 0.919052958156, 1.0900008585, 1.10885805122, 1.02002443516, 1.19389107095, 4.29302198777, 0.951800475087, 0.859740021932, 390.74091905, 0.971541619978, 4.85703769662, 1.12142451565, 4.67462563551, 1.22904450415, 210.969195292, 19.4395460982
1.80279686194, 1.00000048004, 1.60363815829, 1.02821665787, 4.37952706797, 0.734453617201, 2.00699701649, 1.09611971419, 0.910032683107, 1.62690050799, 5.29995860333, 0.839997907116, 4.87285148677, 1.243392651, 1.09000018395, 1.02862496265, 1.04202252891, 1.09502946562, 9.970294646, 1.02122551374, 0.839062383566, 952.095017, 1.19204018199, 5.35634228182, 1.12225664982, 1.10719922363, 0.943133223192, 297.505316019, 16.6761744595
5.78071439166, 1.00000036081, 1.42631731077, 0.813321319644, 5.86019482951, 0.761442229331, 2.70393153489, 1.18797157456, 0.941311935943, 5.76857543562, 5.39469363253, 0.991089414453, 1.34733188617, 1.20401592177, 1.09000079618, 1.10564357575, 1.00803590256, 0.993690343583, 5.35104065705, 1.16432206275, 0.822932693048, 491.385476978, 1.10559142074, 4.40158749538, 1.16229633706, 3.61876490259, 1.28472075035, 260.722070947, 16.8190890947
2.37592027437, 1.00000070333, 1.5290487282, 0.899606558445, 5.46910345786, 0.957440542017, 4.94537025678, 1.2062720561, 0.954365547945, 1.57612136118, 4.92277705159, 1.15601613211, 3.99960916139, 0.97468572214, 1.09000076828, 1.10564357575, 1.00034425199, 1.16883986232, 8.15399418847, 0.926612032469, 0.940104010117, 257.912368247, 0.988489890723, 1.34327307914, 1.0688207047, 5.46094815816, 1.09482003527, 408.34056316, 15.3471241066
5.20159077018, 1.00000021042, 1.01225502168, 0.986746121194, 4.04089562214, 0.844648717884, 2.32277904671, 1.16386015342, 0.978601001004, 5.31009111759, 5.84185610532, 0.941738912467, 5.0014041655, 1.24300113908, 1.09000012209, 1.06167362557, 1.0189187551, 0.813984142755, 6.08170342917, 1.04535504967, 0.786298457966, 687.205807355, 1.15885967554, 5.09773091652, 1.08312569759, 5.35818884293, 1.21931365171, 319.870409245, 16.4776903566
5.69894470713, 1.00000090668, 1.69413947651, 0.884262664559, 3.03496197372, 0.827712595454, 2.3631258892, 1.22306955664, 0.901741464159, 2.28097834934, 6.03031946061, 1.00419710801, 4.43416584747, 1.07241327026, 1.09000067756, 1.02215439857, 1.03373498696, 0.947819649821, 7.59176286385, 0.947400995494, 0.823981866617, 469.689890232, 1.01026609523, 3.89583940447, 0.982738150368, 1.31986277995, 0.91438516195, 378.481134056, 15.4979894554
4.83643296294, 1.00000065778, 1.70403501076, 0.806329589546, 2.86404547719, 0.767873818101, 1.01479829665, 1.03392254533, 0.978813460504, 1.40070790799, 5.30654711976, 1.02958614639, 3.96618364156, 0.949933840309, 1.09000039452, 1.09794268834, 1.04841044952, 1.11730457885, 8.99502264392, 1.0057528546, 0.780410768281, 260.909627137, 1.18215084175, 1.54900915385, 1.1274857542, 5.1389446927, 1.218116426, 326.265463252, 15.5727555648
4.57531335204, 1.00000010223, 1.22734822962, 1.0314991466, 6.26077877811, 0.93145563808, 2.48708138699, 1.12867683108, 0.994190666564, 3.85998465989, 5.57166620411, 1.07018587661, 3.74915274279, 1.16244109166, 1.09000072968, 1.04561500125, 1.02484782241, 0.88881469045, 7.21112791346, 1.14304041108, 0.846059734194, 476.668993076, 0.990427267394, 2.61134688949, 1.21913307506, 2.06393959362, 0.875627331593, 228.709065226, 19.4131419373
1.51913469444, 1.00000096163, 1.66404900903, 0.919637965732, 6.9212401796, 0.745375266369, 3.8617466681, 1.00172253889, 0.978332458376, 4.85200784423, 5.72061323258, 1.10676743796, 2.01602912089, 0.90778371686, 1.09000006324, 1.07189748888, 1.04830282717, 1.03418930163, 8.73697335922, 1.06018221684, 0.773780396156, 564.827828817, 1.0173037614, 2.15507818719, 1.11395739936, 1.57315305155, 1.06956686625, 230.625704445, 19.0366134252
5.64264945272, 1.00000064687, 1.71342667697, 0.813321319644, 1.62170543113, 0.761442229331, 2.70393153489, 1.18797157456, 0.941311935943, 5.76857543562, 5.39469363253, 0.991089414453, 1.29160280272, 1.20401592177, 1.09000079618, 1.10564357575, 1.00803590256, 0.993690343583, 7.58929113252, 1.16432206275, 0.846266757885, 491.385476978, 1.10559142074, 4.40158749538, 1.17914910269, 3.69371504843, 1.07197714645, 186.185806388, 26.0725374427
1.80279686194, 1.00000048004, 1.60363815829, 0.889293661881, 4.87873480816, 0.839279065003, 1.84418586115, 1.11001684725, 0.910032683107, 1.62690050799, 5.29995860333, 0.839997907116, 2.31044511614, 1.19105041833, 1.09000018395, 1.06959870344, 1.01092267042, 1.09502946562, 9.970294646, 1.15378490584, 0.839062383566, 148.397178119, 1.19204018199, 2.51592910201, 1.12225664982, 1.15842122489, 0.891564860446, 186.770459037, 24.0678145511
1.37165753545, 1.00000095166, 1.00652633534, 1.08673487001, 5.81028516693, 0.888666978251, 4.66246667063, 1.14569341515, 0.973768339506, 3.79447353158, 6.02734592973, 0.915474283576, 1.4102024643, 1.08780560396, 1.09000063648, 1.04227795923, 1.0358378807, 1.1659782051, 9.85643528762, 1.15139209596, 0.770890122126, 795.264749163, 1.05745913377, 3.92346792342, 1.11213732064, 4.88474868966, 0.976145398321, 396.685261357, 15.9534130296
5.51481784541, 1.00000048405, 1.59933658636, 0.812507950481, 6.36740907091, 0.762814024939, 4.53107762279, 1.25394888376, 0.917722539203, 3.92279565511, 5.65821101662, 0.918651083839, 3.0407922995, 0.945239126539, 1.09000076168, 1.03493060605, 1.02162028775, 0.947819649821, 7.3671749778, 1.1187259908, 0.829720201851, 135.11782149, 1.09147032135, 4.0994781092, 0.950025132125, 2.70303789601, 1.08775040749, 209.161033207, 24.752617489
5.58647043371, 1.00000016309, 1.2958951583, 1.00633086548, 2.06891627189, 0.990114253362, 3.63028885402, 1.0356672283, 0.995738892977, 2.89300731184, 6.19001718196, 0.985580042312, 4.22159573659, 0.811667388959, 1.0900008585, 1.10976483452, 1.02002443516, 1.19389107095, 4.29302198777, 0.951800475087, 0.859740021932, 390.74091905, 0.971541619978, 4.85703769662, 1.12142451565, 4.67462563551, 1.22904450415, 378.406920991, 18.6865585175
