4.88940651645, 1.02275818741, 1.34561387354, 0.868925524585, 2.83000029324, 0.882019211761, 1.60032179774, 1.26000019035, 1.14000003999, 1.86920230043, 1.7905868215, 1.02728392818, 3.04000013446, 1.05587846926, 0.815942996405, 1.00000089996, 1.00000065985, 1.09191199296, 3.81102671856, 0.956933953893, 1.000000735, 109.002775587, 1.0300750413, 3.28176271158, 1.03290249187, 3.29000025461, 1.0000008428, 8.89810319731, 5.99199888024
4.54896362731, 1.00930293415, 1.69802386849, 0.876056640181, 2.83000040366, 1.02428884559, 3.86924664776, 1.26000089717, 1.14000088991, 2.89036400399, 2.91945637977, 1.04245869288, 3.04000035231, 1.01620024121, 0.997780606645, 1.00000076494, 1.0000008446, 1.10089952574, 8.75749564309, 0.946361518999, 1.00000010797, 94.3006411556, 0.902062712809, 1.81405150811, 0.977168481487, 3.29000025505, 1.00000002081, 14.9061766851, 5.94621645801
3.42393868603, 1.09400189895, 1.44123389899, 0.919567973985, 2.83000050714, 1.17650274234, 3.62814155682, 1.26000090233, 1.14000053204, 2.50821538711, 2.70041515275, 0.892032316948, 3.04000098587, 1.00615648105, 0.85932429109, 1.0000000454, 1.00000018738, 1.03125195744, 6.78910650702, 0.9845203565, 1.00000045663, 117.495880233, 1.020771632, 1.16322051058, 0.978353044728, 3.2900001154, 1.00000024287, 17.5080630173, 7.44282820536
2.20299956117, 1.03560130542, 1.52088808343, 0.816056635369, 2.83000047865, 0.969783007075, 3.49471644118, 1.26000003286, 1.14000099896, 2.02898731326, 3.03989301505, 1.03588023955, 3.04000082691, 1.00607661497, 1.05320257086, 1.00000085659, 1.00000067372, 1.02442812294, 4.17625854753, 0.994298970761, 1.00000041117, 109.002775587, 0.865956200671, 1.91351237346, 1.03115477817, 3.29000035758, 1.0000008428, 32.289078371, 7.14812809826
1.93203350386, 1.08640368482, 1.51323819669, 0.887253474265, 2.83000034762, 0.862797595722, 2.3341353732, 1.26000061315, 1.14000032094, 1.54807639069, 2.76984469344, 0.991563563258, 3.04000037034, 1.04840633265, 1.07232400828, 1.00000034882, 1.00000024131, 1.07333004525, 6.13168660004, 0.986067687906, 1.00000088901, 93.2877668825, 0.95042103197, 1.77334366969, 1.04450140219, 3.29000017532, 1.00000075132, 23.6247095155, 8.12551409022
2.9403978193, 1.09349852391, 1.72002605833, 0.992253967682, 2.83000059549, 0.98641177471, 5.58399681255, 1.26000007359, 1.14000028967, 2.95856784852, 3.01065632964, 0.993722424342, 3.04000009886, 1.05600412351, 1.08932157314, 1.00000007983, 1.00000097781, 1.0514017103, 7.36463423797, 0.99124123226, 1.0000008445, 111.623105254, 1.04989056083, 2.4669845061, 1.06524842122, 3.29000038653, 1.00000003279, 23.2120934922, 13.2283918646
5.80688557036, 1.09349852391, 1.62421255251, 0.992253967682, 2.83000006097, 0.93345759684, 3.67022703448, 1.26000085361, 1.14000006875, 1.50571774002, 1.88017041206, 0.925989037166, 3.04000070855, 1.10540537773, 0.873051331766, 1.00000024309, 1.00000097781, 1.05543033653, 8.44815943154, 0.984254806956, 1.00000075998, 76.7565957131, 1.04989056083, 2.43575787356, 0.956378639985, 3.29000099561, 1.00000013387, 30.1993210823, 10.4001550296
2.72329607855, 1.02963021131, 1.38992148095, 0.861573153243, 2.83000079374, 0.913093290675, 1.13416143162, 1.26000000773, 1.14000000434, 2.07120630074, 2.49710145742, 1.07827005042, 3.04000091268, 1.07834878062, 0.94622211237, 1.00000055469, 1.00000053111, 1.10253841338, 3.88769588154, 0.929906087258, 1.0000009597, 103.814927667, 0.843043483596, 2.61530741048, 0.977168481487, 3.29000065367, 1.00000036289, 63.9884245296, 9.05391135568
5.8477012793, 1.03637982549, 1.49310965396, 0.926828398123, 2.83000008558, 1.13106098816, 4.01999040451, 1.26000016215, 1.14000088133, 2.90324460037, 2.79502686063, 0.911959106643, 3.04000055435, 1.11455588524, 1.03194010031, 1.00000057102, 1.00000087437, 1.07153149627, 5.6206539487, 0.929058050644, 1.00000012172, 75.774794935, 0.841241830379, 4.75390541192, 1.06202843503, 3.29000086217, 1.00000012578, 42.1205424208, 9.3860349882
1.83938265905, 1.02563340382, 1.49878281488, 0.890615734529, 2.83000098764, 1.15957696602, 4.29820354965, 1.260000721, 1.1400007924, 3.2359699134, 2.81719765108, 0.958589452279, 3.04000063882, 1.00570571179, 0.79174132596, 1.00000098609, 1.00000026243, 1.09380114362, 5.42155085338, 0.944987914901, 1.00000032883, 93.3551489405, 0.992107241985, 2.74448359055, 0.964921985704, 3.29000003538, 1.00000005304, 35.2542945714, 11.1645257997
3.10900076828, 1.01401986909, 1.60538761859, 0.968127010879, 2.83000005483, 0.982440896448, 5.19138773364, 1.26000001021, 1.1400009521, 1.93304615097, 2.80985295161, 0.898916048387, 3.04000029151, 1.02715269355, 0.850488165789, 1.00000023291, 1.00000088664, 1.10300493588, 3.29392785618, 0.933668484872, 1.00000030211, 94.4240811951, 1.04606437831, 4.06632499102, 1.04927254655, 3.29000022312, 1.00000030151, 31.9470301331, 14.7082111081
2.72329607855, 1.02963021131, 1.38992148095, 0.861573153243, 2.83000079374, 0.913093290675, 3.67022703448, 1.26000029272, 1.14000005255, 2.07120630074, 2.49710145742, 1.07827005042, 3.0400009399, 1.07834878062, 0.94622211237, 1.00000055469, 1.00000053111, 1.10253841338, 3.88769588154, 0.929906087258, 1.0000009597, 103.814927667, 0.843043483596, 2.61530741048, 0.965438486181, 3.29000007559, 1.00000036289, 47.5703062442, 9.83325167563
4.54896362731, 1.00930293415, 1.60232671858, 0.876056640181, 2.83000040366, 1.02428884559, 5.21463737074, 1.26000089717, 1.14000068559, 2.89036400399, 2.91945637977, 1.04245869288, 3.04000035231, 1.01620024121, 0.997780606645, 1.00000091426, 1.0000008446, 1.10089952574, 8.75749564309, 0.946361518999, 1.00000010797, 94.3006411556, 0.902062712809, 1.81405150811, 0.977168481487, 3.29000025505, 1.00000002081, 85.7144435561, 9.73890237754
3.47043372645, 1.03527157257, 1.39721595277, 0.939235103511, 2.83000082803, 0.976007600967, 5.85001256118, 1.26000090283, 1.14000079558, 2.25900193052, 1.77515442149, 0.989862387754, 3.04000020314, 1.04651664025, 0.857453244726, 1.0000002548, 1.00000059176, 1.08586929164, 6.13554949942, 0.935127351111, 1.00000062278, 107.878206838, 0.92600845932, 4.75390541192, 0.98357929929, 3.2900001613, 1.00000047525, 39.6149951207, 11.4915960035
1.19521684298, 1.04608655855, 1.34002345333, 0.828417709892, 2.83000092066, 1.12267238471, 2.13353247799, 1.26000069299, 1.14000008923, 1.61546330479, 1.57930927399, 0.988574394515, 3.04000019702, 1.06228196153, 0.950310735745, 1.00000050123, 1.0000003881, 1.02442812294, 9.85742803966, 0.914128595933, 1.00000003712, 103.548529526, 1.05229713057, 1.91351237346, 0.950542743302, 3.29000026448, 1.00000084047, 32.8142030382, 14.7510789644
1.93203350386, 1.08640368482, 1.51323819669, 0.887253474265, 2.83000034762, 0.98641177471, 2.3341353732, 1.26000061315, 1.14000032094, 1.54807639069, 2.76984469344, 0.991563563258, 3.04000037034, 1.04840633265, 1.07232400828, 1.0000001019, 1.00000024131, 1.07333004525, 6.13168660004, 0.986067687906, 1.00000088901, 93.2877668825, 0.95042103197, 2.67333555308, 1.04450140219, 3.29000017532, 1.00000075132, 79.563084943, 9.94072359817
4.0593919249, 1.07600145962, 1.37839541952, 0.857594502949, 2.83000060987, 0.867615091295, 5.31267300837, 1.2600002873, 1.14000039269, 3.61653791934, 1.80487776046, 1.05664883726, 3.04000079364, 1.05984377164, 0.960615459363, 1.00000084556, 1.00000077559, 1.05752198318, 4.745757892, 0.940009046827, 1.00000083738, 101.288216505, 0.842015369844, 3.49923690748, 0.967681642339, 3.29000058, 1.00000016618, 57.8623059, 10.6312466352
1.39353557674, 1.10287555016, 1.52088808343, 0.816056635369, 2.8300002591, 0.927536851347, 3.49471644118, 1.26000014706, 1.14000099896, 2.02898731326, 3.03989301505, 1.03588023955, 3.04000062072, 1.00607661497, 1.00276245857, 1.00000085659, 1.00000067372, 1.02442812294, 4.17625854753, 0.994298970761, 1.00000031965, 109.002775587, 0.902236908982, 1.91351237346, 1.03115477817, 3.29000004575, 1.0000008428, 42.731216451, 15.3920913121
4.88940651645, 1.02275818741, 1.34561387354, 0.801793420663, 2.83000029324, 0.927536851347, 1.60032179774, 1.26000058566, 1.14000003999, 2.27913723861, 1.7905868215, 1.0984956965, 3.04000031105, 1.05587846926, 0.815942996405, 1.00000014066, 1.00000065985, 1.09191199296, 8.1630683522, 0.991640315094, 1.000000735, 98.3546149249, 0.902236908982, 3.28176271158, 1.03290249187, 3.29000025461, 1.0000002576, 85.8723735886, 10.0349902209
3.42393868603, 1.09400189895, 1.41571732134, 0.919567973985, 2.83000028152, 1.17650274234, 3.62814155682, 1.26000090233, 1.14000053204, 2.50821538711, 2.70041515275, 0.892032316948, 3.04000098587, 1.03319407183, 0.822489349004, 1.0000000454, 1.0000001122, 1.03125195744, 6.78910650702, 0.9845203565, 1.00000045663, 117.495880233, 1.020771632, 1.16322051058, 1.03742534094, 3.2900001154, 1.00000024287, 58.536866464, 10.7646055849
2.19943985545, 1.13059259306, 1.40452828022, 0.828417709892, 2.83000041323, 1.1377005761, 5.97194247203, 1.26000091277, 1.14000047596, 2.63177797595, 1.58500392301, 1.09286055203, 3.04000055586, 1.08029833391, 1.04156366977, 1.00000049618, 1.00000069832, 1.02914480028, 8.65276734819, 0.959197578264, 1.00000053449, 114.60315174, 1.00989943969, 2.88488561304, 0.951483244652, 3.29000078073, 1.00000056557, 50.4740996499, 16.3331795313
2.96018646077, 1.10167003054, 1.35007833978, 0.985989806004, 2.83000064734, 0.978676687344, 5.24142063703, 1.26000068918, 1.14000043127, 2.05038541494, 2.46490369824, 0.892029203901, 3.04000021949, 1.01421304513, 0.851222943084, 1.00000033833, 1.00000055667, 1.00028093581, 8.27572761981, 0.94220298744, 1.00000090591, 90.947404305, 0.945345635764, 5.02084826089, 1.00170249233, 3.29000047142, 1.00000096592, 86.5119582802, 10.3745195768
2.72329607855, 1.02963021131, 1.38992148095, 0.824721861882, 2.83000017123, 1.09318971994, 1.13416143162, 1.26000000505, 1.14000005255, 2.07120630074, 2.49710145742, 1.07827005042, 3.04000082641, 1.07834878062, 0.94622211237, 1.00000055469, 1.00000053111, 1.10253841338, 3.88769588154, 0.929906087258, 1.0000009597, 103.814927667, 0.842555589955, 2.61530741048, 0.977168481487, 3.29000007559, 1.00000036289, 67.9911735985, 11.0993037896
1.19521684298, 1.1028543882, 1.34006368921, 0.828417709892, 2.83000098428, 1.12267238471, 2.13353247799, 1.26000091277, 1.14000068201, 2.1346210056, 1.57930927399, 0.988574394515, 3.04000019702, 1.06228196153, 0.950310735745, 1.00000057896, 1.0000003881, 1.02442812294, 9.44954084873, 0.915632512262, 1.00000003712, 103.548529526, 1.05229713057, 1.91351237346, 0.951149093995, 3.29000026448, 1.0000008428, 56.2337455579, 17.9986578499
5.8477012793, 1.03637982549, 1.49310965396, 0.926828398123, 2.83000008558, 1.13106098816, 4.01999040451, 1.26000016215, 1.14000088133, 2.90324460037, 2.79502686063, 0.992382735743, 3.04000055435, 1.11455588524, 1.0271655274, 1.00000057102, 1.00000087437, 1.07153149627, 5.6206539487, 0.929058050644, 1.00000012172, 75.774794935, 0.841241830379, 4.75390541192, 1.06202843503, 3.29000086217, 1.00000012578, 87.9686405833, 10.4636289022
1.5602932454, 1.1028543882, 1.34050242125, 0.828417709892, 2.83000098428, 1.12267238471, 2.13353247799, 1.26000091277, 1.14000034491, 2.1346210056, 1.57930927399, 0.99802886871, 3.04000019702, 1.06228196153, 0.808093879973, 1.00000057896, 1.0000003881, 1.02810550162, 8.23953134318, 0.915632512262, 1.00000003712, 103.548529526, 1.05229713057, 1.16031416395, 0.951149093995, 3.29000022201, 1.00000011164, 76.4824169816, 11.2043950109
4.83832825403, 1.07120308902, 1.4477152001, 0.822188495618, 2.83000051566, 0.898837523286, 2.62846833009, 1.26000082693, 1.14000079743, 3.66694991439, 3.03989301505, 0.898319897836, 3.04000078041, 1.00848155655, 0.942773408851, 1.00000042635, 1.00000067372, 1.02739236312, 3.9095137965, 0.978948184888, 1.00000060986, 85.7535079111, 1.06193601529, 2.76633212599, 0.969743450369, 3.29000095195, 1.00000006678, 72.6046257394, 19.1242342684
3.42393868603, 1.09400189895, 1.41571732134, 0.909847989945, 2.83000050714, 1.17745238495, 3.62814155682, 1.26000090233, 1.14000053204, 2.50821538711, 2.63752444423, 0.880197325635, 3.04000099152, 1.06381263109, 0.85932429109, 1.0000000454, 1.0000001122, 1.03125195744, 9.49606200094, 0.9845203565, 1.00000062754, 117.495880233, 1.03385578007, 1.16322051058, 0.978353044728, 3.2900001154, 1.00000024287, 75.9988285496, 18.8614156996
4.96699956482, 1.04740983256, 1.46791781364, 0.89178953084, 2.83000091614, 1.07489617564, 3.86924664776, 1.26000093005, 1.1400006516, 2.96773516062, 1.87535937518, 0.921561679304, 3.04000087123, 1.08123281459, 0.896644187459, 1.00000013513, 1.00000007665, 1.01256581295, 4.34929421135, 0.939490587887, 1.00000072323, 122.161527268, 1.04958231701, 1.85918674495, 1.03718734738, 3.29000051721, 1.00000005379, 79.8463523477, 13.5877017291
3.96995502707, 1.09523443708, 1.69772800675, 0.936556417757, 2.83000079584, 1.12303916963, 1.85826214113, 1.26000067853, 1.14000057737, 1.96110810922, 2.45056612308, 0.937005996059, 3.04000075776, 1.06528586209, 0.835168378789, 1.00000085549, 1.00000080344, 1.08020931822, 5.41946067751, 0.95486857383, 1.0000002086, 80.4691307855, 0.901689992164, 4.87818605853, 1.06446468414, 3.29000074069, 1.00000020252, 82.8040031661, 11.3528562105
2.72329607855, 1.02963021131, 1.38992148095, 0.861573153243, 2.83000079374, 0.913093290675, 3.67022703448, 1.26000029272, 1.14000005255, 2.23251114186, 2.49710145742, 1.07827005042, 3.0400009399, 1.07834878062, 0.94622211237, 1.00000055469, 1.00000053111, 1.0862810286, 3.88769588154, 0.994298970761, 1.0000009597, 103.814927667, 0.843043483596, 2.61530741048, 0.965438486181, 3.29000007559, 1.00000036289, 78.3204960385, 14.0757889927
2.06332810802, 1.06755383203, 1.47828621113, 0.850891757021, 2.83000027199, 0.988586639093, 5.64279317579, 1.2600001198, 1.14000079515, 1.51972361541, 1.78622059986, 0.941465116152, 3.04000047199, 1.02949033152, 0.877541395167, 1.00000080882, 1.00000091989, 1.06650008199, 5.03053588454, 0.963788144239, 1.00000070602, 79.7391023103, 0.93742071656, 4.18507243514, 0.982281487336, 3.29000095257, 1.00000021921, 136.575180783, 11.5419282812
4.10313510613, 1.07938471002, 1.50134667257, 0.971763911326, 2.83000041323, 0.928591320793, 5.97194247203, 1.26000030441, 1.14000046223, 3.44556569433, 2.60300396934, 1.03195778869, 3.04000082641, 1.09930619072, 1.02312267161, 1.00000022087, 1.0000007393, 1.05298286135, 4.86239711986, 0.960856578633, 1.00000050044, 84.1270417558, 0.91139251166, 4.88403927975, 1.01698920774, 3.29000026043, 1.00000040429, 93.2544748724, 11.7437561151
3.42393868603, 1.09400189895, 1.41571732134, 0.955944157859, 2.83000050714, 1.17650274234, 3.62814155682, 1.26000090233, 1.14000054499, 2.50821538711, 2.70041515275, 0.892032316948, 3.04000098587, 1.00615648105, 1.0824767549, 1.00000006568, 1.0000001122, 1.03125195744, 6.78910650702, 0.9845203565, 1.00000045663, 117.495880233, 1.020771632, 1.16322051058, 0.978353044728, 3.2900002883, 1.00000024287, 132.847774142, 11.6698121626
1.39353557674, 1.10287555016, 1.52088808343, 0.816056635369, 2.8300002591, 0.927536851347, 3.49471644118, 1.26000014706, 1.14000099896, 2.02898731326, 3.03989301505, 1.03588023955, 3.04000018739, 1.04425098007, 1.00276245857, 1.0000009979, 1.00000067372, 1.02442812294, 4.17625854753, 0.994298970761, 1.00000031965, 109.002775587, 0.902236908982, 1.91351237346, 1.03115477817, 3.29000004575, 1.0000008428, 91.0040447507, 12.1470031306
5.25932320073, 1.02275818741, 1.34561387354, 0.895709499764, 2.83000040366, 0.883034292227, 1.60032179774, 1.26000020956, 1.14000003999, 2.27913723861, 1.7905868215, 1.0984956965, 3.04000015373, 1.05155843571, 0.815942996405, 1.00000089996, 1.00000065985, 1.09191199296, 4.62605525402, 0.956933953893, 1.000000735, 80.2110951221, 1.0300750413, 3.28176271158, 1.02927020191, 3.29000038653, 1.00000091673, 78.594634242, 18.6544693398
2.19943985545, 1.13059259306, 1.40452828022, 0.828417709892, 2.83000017123, 1.16384986249, 2.6067408714, 1.26000091277, 1.14000047596, 2.63177797595, 2.02173726174, 1.09286055203, 3.04000055586, 1.08029833391, 1.04156366977, 1.00000049618, 1.00000069832, 1.02914480028, 9.1602505223, 0.959197578264, 1.00000053449, 114.60315174, 1.00989943969, 2.88488561304, 0.951483244652, 3.29000078073, 1.00000056557, 85.6399905336, 14.2435851862
2.04729386237, 1.05624451157, 1.38653937643, 0.965645916329, 2.83000093318, 1.07520126793, 5.11615781721, 1.26000058566, 1.14000092977, 2.96569669806, 1.90240272268, 0.88476590045, 3.04000065816, 1.09250161579, 0.95861725226, 1.00000014066, 1.00000054807, 1.00369057863, 7.62259372537, 0.957805393186, 1.00000029751, 112.74710191, 1.08305476874, 4.45152267229, 0.99876434537, 3.2900008391, 1.00000078449, 110.668551022, 12.215914322
4.88940651645, 1.02275818741, 1.34561387354, 0.868925524585, 2.83000029324, 0.927536851347, 1.60032179774, 1.26000019035, 1.14000003999, 2.27913723861, 1.7905868215, 1.0984956965, 3.04000031105, 1.05587846926, 0.815942996405, 1.00000089996, 1.00000065985, 1.09191199296, 8.1630683522, 0.994298970761, 1.000000735, 98.3546149249, 0.902236908982, 3.28176271158, 1.03290249187, 3.29000025461, 1.00000091673, 100.67721109, 12.8070403678
1.39353557674, 1.10287555016, 1.56065686667, 0.816056635369, 2.8300002591, 0.927536851347, 3.49471644118, 1.26000014706, 1.14000099896, 2.27913723861, 3.03989301505, 1.03588023955, 3.04000062072, 1.00607661497, 1.00276245857, 1.00000085659, 1.00000067372, 1.02442812294, 4.17625854753, 0.994298970761, 1.00000031965, 109.002775587, 0.902236908982, 1.91351237346, 1.03115477817, 3.29000004575, 1.0000008428, 102.967604004, 12.4125507882
5.80688557036, 1.04997536803, 1.62421255251, 0.953398049755, 2.83000006097, 0.93345759684, 3.67022703448, 1.26000085361, 1.14000006875, 1.50571774002, 1.88017041206, 0.925989037166, 3.04000070855, 1.00568858511, 0.873051331766, 1.00000024309, 1.00000077107, 1.05543033653, 8.44815943154, 0.921515171145, 1.00000075998, 76.7565957131, 1.04989056083, 2.43575787356, 0.956378639985, 3.29000088484, 1.00000013387, 90.4200066242, 21.289244449
4.88940651645, 1.02275818741, 1.34561387354, 0.868925524585, 2.83000008885, 0.927536851347, 1.60032179774, 1.26000019035, 1.14000002281, 2.27913723861, 1.7905868215, 1.0984956965, 3.04000031105, 1.05587846926, 0.815942996405, 1.00000089996, 1.00000065985, 1.09191199296, 3.81102671856, 0.954467146261, 1.000000735, 80.2110951221, 0.902236908982, 3.28176271158, 1.03290249187, 3.29000025461, 1.00000091673, 97.9741773276, 20.0763654687
2.9403978193, 1.09349852391, 1.72002605833, 0.992253967682, 2.83000059549, 0.98641177471, 5.58399681255, 1.26000018189, 1.14000028967, 2.95856784852, 3.01065632964, 0.960135581745, 3.04000009886, 1.05600412351, 1.08932157314, 1.00000007983, 1.00000097781, 1.0514017103, 7.36463423797, 0.984254806956, 1.0000008445, 111.623105254, 0.917025149848, 2.4669845061, 1.06524842122, 3.29000038653, 1.00000003279, 100.018966998, 19.6485473876
4.49325286784, 1.03527157257, 1.34561387354, 0.867993062333, 2.8300008455, 1.00585855602, 4.27171187534, 1.2600005913, 1.14000066619, 2.53612856929, 1.74738533998, 1.04693040096, 3.04000055176, 1.04445587718, 0.887944876457, 1.00000084843, 1.00000067291, 1.00761192272, 5.6268567759, 0.999239840089, 1.000000735, 122.644650464, 1.01203479661, 5.86888563017, 1.00310333624, 3.29000084485, 1.00000090952, 161.611042507, 12.3910440567
5.25932320073, 1.02275818741, 1.34561387354, 0.868925524585, 2.83000040366, 0.883034292227, 1.60032179774, 1.26000019035, 1.14000003999, 2.27913723861, 1.7905868215, 1.0984956965, 3.04000015373, 1.05155843571, 0.815942996405, 1.00000089996, 1.00000065985, 1.09191199296, 4.62605525402, 0.956933953893, 1.000000735, 80.2110951221, 1.0300750413, 3.28176271158, 1.02927020191, 3.29000007823, 1.00000091673, 185.630642596, 12.298930751
5.13074743844, 1.11656024688, 1.34263099953, 0.973689775534, 2.83000062199, 1.09318971994, 4.62021190822, 1.26000028468, 1.14000077394, 1.91213631951, 2.60625378773, 1.09926097341, 3.04000082641, 1.0656836232, 0.875821218862, 1.00000030805, 1.00000003603, 1.05298286135, 6.91948683118, 0.973494669461, 1.00000016014, 122.386019916, 0.929141673454, 5.53026109005, 0.955331250029, 3.29000062762, 1.00000016452, 114.456144413, 12.7825788498
5.66845355068, 1.13982948612, 1.41781613294, 0.913657558026, 2.83000099695, 0.989544870845, 5.78871006026, 1.26000015044, 1.14000008166, 1.38225442505, 2.79868348249, 0.940503964684, 3.04000080385, 1.10566215194, 1.07875699915, 1.0000007888, 1.0000008446, 1.03780641427, 9.1602505223, 0.952050836801, 1.00000087158, 84.9457044533, 1.01831149244, 3.28176271158, 1.05559994271, 3.29000047895, 1.00000034001, 112.592960727, 20.2655443419
4.54896362731, 1.00771380996, 1.69802386849, 0.876056640181, 2.83000040366, 1.02428884559, 1.73130229511, 1.26000094213, 1.14000088991, 2.73418037899, 2.91945637977, 1.04245869288, 3.04000035231, 1.01620024121, 0.997780606645, 1.00000076494, 1.0000008446, 1.10089952574, 8.75749564309, 0.946361518999, 1.00000018815, 94.3006411556, 0.902062712809, 1.81405150811, 1.06784818193, 3.29000006167, 1.00000002081, 169.99385493, 12.5474113713
2.72329607855, 1.02963021131, 1.38992148095, 0.861573153243, 2.83000079374, 0.913093290675, 1.13416143162, 1.26000000773, 1.14000005255, 2.07120630074, 2.49710145742, 1.07827005042, 3.0400009399, 1.07834878062, 0.94622211237, 1.00000055469, 1.00000053111, 1.10253841338, 3.88769588154, 0.929906087258, 1.0000009597, 103.814927667, 0.843043483596, 2.61530741048, 0.977168481487, 3.29000007559, 1.00000036289, 178.978230263, 12.5004892958
5.16623514864, 1.01615144514, 1.3859645896, 0.874920223097, 2.83000006214, 0.894316769416, 5.92893942136, 1.26000051283, 1.14000083532, 3.10821406695, 2.03256607826, 0.95542591627, 3.04000080911, 1.03651163208, 0.996268678132, 1.00000029821, 1.00000019238, 1.09533438629, 9.53932748913, 0.962420256536, 1.00000041758, 85.0248761185, 0.873067778151, 2.01064935307, 1.01412973282, 3.29000000562, 1.00000093018, 125.585216732, 13.4597048128
2.20299956117, 1.03560130542, 1.52088808343, 0.816056635369, 2.8300002591, 0.969783007075, 3.49471644118, 1.26000003286, 1.14000068248, 2.02898731326, 3.03989301505, 0.977630106711, 3.04000004779, 1.00777113132, 1.05320257086, 1.00000080882, 1.00000067372, 1.02442812294, 4.17625854753, 0.994298970761, 1.00000031965, 109.002775587, 0.90867913807, 1.91351237346, 1.03115477817, 3.29000035758, 1.0000008428, 117.525226589, 16.3985750755
4.54155797698, 1.13779928016, 1.62091481698, 0.920519296285, 2.83000049563, 0.881210457083, 5.86806771964, 1.26000097991, 1.14000039878, 2.331790243, 1.56624757189, 1.02699759332, 3.04000096963, 1.02422814062, 1.00306469337, 1.00000054575, 1.00000069988, 1.09148359035, 7.62918010516, 0.916757812798, 1.0000009292, 77.8886291459, 1.01386485864, 3.78176071251, 1.0524567933, 3.29000046142, 1.00000042046, 120.721621569, 13.5858589748
3.42393868603, 1.12802979799, 1.41571732134, 0.919269947318, 2.83000016816, 1.17650274234, 5.20835146937, 1.26000090233, 1.14000006875, 2.50821538711, 2.70041515275, 0.892032316948, 3.04000070855, 1.00615648105, 0.85932429109, 1.0000000454, 1.0000001122, 1.03125195744, 6.78910650702, 0.9845203565, 1.00000045663, 117.495880233, 1.020771632, 1.16322051058, 0.978353044728, 3.2900001154, 1.00000024287, 172.593115554, 13.038032024
2.04729386237, 1.01383173231, 1.49059005768, 0.804505343785, 2.83000097691, 1.07520126793, 5.44229298193, 1.26000085781, 1.14000090599, 3.49280909413, 2.05895602699, 0.88476590045, 3.04000096878, 1.02297982966, 0.802973948511, 1.0000000778, 1.00000054807, 1.00369057863, 6.76629451998, 0.957805393186, 1.00000056652, 118.211723716, 1.08305476874, 1.86949486043, 1.02196272779, 3.2900008391, 1.00000078449, 176.658866433, 12.6682343562
2.76196435651, 1.04062760631, 1.66574687582, 0.887253474265, 2.83000034034, 1.07726196688, 1.46017488851, 1.26000060648, 1.14000070832, 1.61546330479, 1.60945618295, 0.973462997112, 3.04000071546, 1.10816374648, 0.832390716004, 1.00000093286, 1.00000021674, 1.07333004525, 5.28858632537, 0.965057560145, 1.00000036298, 124.553992734, 1.02113114605, 1.87220726233, 0.990090151833, 3.29000070065, 1.0000002207, 205.855587091, 12.5186471099
1.02423596977, 1.08377726065, 1.69772800675, 0.808006364502, 2.83000091321, 0.911274327737, 1.02984142022, 1.26000064794, 1.14000089681, 2.58748678798, 1.77274108018, 0.958481815854, 3.04000096978, 1.0327511471, 0.802973948511, 1.00000011323, 1.00000004301, 1.03244835864, 7.35247341438, 0.995735410785, 1.00000043609, 78.5563558118, 0.848669103919, 2.72720552307, 0.970546807469, 3.29000053533, 1.00000019589, 119.522702083, 22.3392039882
2.72329607855, 1.02963021131, 1.38992148095, 0.861573153243, 2.83000079374, 0.913093290675, 1.13416143162, 1.26000000773, 1.14000000434, 2.07120630074, 2.78930330094, 1.07827005042, 3.04000091268, 1.07834878062, 0.94622211237, 1.00000055469, 1.00000053111, 1.10253841338, 3.88769588154, 0.929906087258, 1.0000009597, 103.814927667, 0.843043483596, 2.61530741048, 0.977168481487, 3.29000065367, 1.00000036289, 126.254797363, 16.274606985
2.04729386237, 1.13779928016, 1.62091481698, 0.920519296285, 2.83000049563, 0.863062432737, 5.86806771964, 1.26000097991, 1.14000039878, 2.331790243, 2.05895602699, 1.02699759332, 3.04000096963, 1.07239331642, 1.04122255644, 1.00000054575, 1.00000054807, 1.09148359035, 7.62918010516, 0.916757812798, 1.0000009292, 77.8886291459, 1.01386485864, 3.78176071251, 1.06070162082, 3.29000046142, 1.00000042046, 134.018792918, 14.1654342363
5.85690175336, 1.07910340439, 1.64929881674, 0.905126568559, 2.8300002669, 1.18840105134, 5.10136229653, 1.26000076956, 1.14000029076, 3.52934218407, 2.06895881354, 0.984944020658, 3.04000032735, 1.09109323445, 0.997521472565, 1.00000080175, 1.0000007103, 1.07230090815, 6.50551806191, 0.92330463795, 1.00000016205, 92.4435486739, 1.07800350453, 2.29336294333, 1.00838967393, 3.29000093164, 1.00000027027, 209.545979393, 13.371700306
1.19521684298, 1.04608655855, 1.34002345333, 0.828417709892, 2.83000098428, 1.12267238471, 2.13353247799, 1.26000091277, 1.14000008923, 2.1346210056, 1.57930927399, 0.988574394515, 3.04000019702, 1.06228196153, 0.950310735745, 1.00000057896, 1.0000003881, 1.02442812294, 9.44954084873, 0.915632512262, 1.00000003712, 103.548529526, 1.05229713057, 1.91351237346, 0.951149093995, 3.29000026448, 1.00000084047, 129.176855762, 24.2540678608
2.76196435651, 1.04062760631, 1.66574687582, 0.918158205987, 2.83000034034, 1.07726196688, 1.46017488851, 1.26000060648, 1.14000070832, 1.61546330479, 1.60945618295, 0.973462997112, 3.04000071546, 1.10816374648, 0.832390716004, 1.00000093286, 1.00000021674, 1.03997859703, 5.28858632537, 0.965057560145, 1.00000036298, 124.553992734, 1.02113114605, 1.87220726233, 0.990090151833, 3.29000070065, 1.0000002207, 134.887509832, 15.901341313
5.80704002227, 1.08650715468, 1.49878281488, 0.968702269676, 2.83000070665, 1.11997196516, 2.6665481992, 1.26000050715, 1.14000035278, 2.08736494293, 1.58142594698, 0.956700637571, 3.04000077904, 1.0280451485, 0.998529214751, 1.000000161, 1.00000079551, 1.09997417336, 8.1630683522, 0.957646222558, 1.00000040315, 114.910935518, 1.07942735003, 2.30903004334, 0.973067187689, 3.29000065185, 1.00000090339, 153.966340288, 14.237644266
2.34869018112, 1.07390410522, 1.51323819669, 0.887253474265, 2.83000034762, 0.955556929634, 3.12692827002, 1.26000061315, 1.14000007586, 1.54807639069, 2.76984469344, 0.991563563258, 3.04000092578, 1.04840633265, 1.08976782518, 1.00000034882, 1.00000024131, 1.07333004525, 6.13168660004, 0.990014766318, 1.00000088901, 93.2877668825, 0.95042103197, 3.40479966498, 1.06613412935, 3.29000017532, 1.0000003173, 263.01818409, 13.9178380704
4.49325286784, 1.03527157257, 1.37733555722, 0.923942422748, 2.8300008455, 1.00585855602, 4.27171187534, 1.2600005913, 1.14000066619, 2.53612856929, 1.74738533998, 1.04693040096, 3.04000055176, 1.01538696242, 0.887944876457, 1.00000084843, 1.00000067291, 1.00761192272, 5.6268567759, 0.999239840089, 1.00000077784, 119.623732945, 1.01203479661, 1.63138608582, 1.00310333624, 3.29000084485, 1.00000090952, 240.240481618, 14.1235307535
4.88940651645, 1.02275818741, 1.34561387354, 0.868925524585, 2.83000029324, 0.883034292227, 1.60032179774, 1.26000019035, 1.14000003999, 2.27913723861, 1.7905868215, 1.0984956965, 3.04000015373, 1.05155843571, 0.815942996405, 1.00000089996, 1.00000065985, 1.09191199296, 4.62605525402, 0.956933953893, 1.000000735, 80.2110951221, 1.0300750413, 3.28176271158, 1.03290249187, 3.29000025461, 1.00000091673, 135.105010529, 22.76103721
4.96699956482, 1.04740983256, 1.69772800675, 0.89178953084, 2.83000091614, 1.07489617564, 3.9074373559, 1.26000093005, 1.14000071028, 2.96773516062, 1.87535937518, 0.921561679304, 3.04000087123, 1.08123281459, 0.835168378789, 1.00000013513, 1.00000007665, 1.01256581295, 4.34929421135, 0.939490587887, 1.00000072323, 122.161527268, 1.04958231701, 1.85918674495, 1.03718734738, 3.29000051721, 1.00000005379, 165.392806599, 17.2390937156
4.88940651645, 1.07689708321, 1.34561387354, 0.868925524585, 2.83000040372, 0.882019211761, 1.60032179774, 1.26000056196, 1.14000003999, 2.27913723861, 1.7905868215, 1.09872053743, 3.04000015373, 1.05587846926, 0.812747178831, 1.00000089996, 1.00000065985, 1.09191199296, 4.62605525402, 0.956933953893, 1.000000735, 79.4385796682, 1.0300750413, 3.28176271158, 1.03290249187, 3.29000025461, 1.00000091673, 167.986808646, 14.2663192122
1.83938265905, 1.02563340382, 1.43218054834, 0.890615734529, 2.83000096338, 1.15957696602, 4.29820354965, 1.26000083556, 1.1400005823, 3.2359699134, 2.78903940695, 0.958589452279, 3.04000063882, 1.00183852422, 0.79174132596, 1.00000099749, 1.00000026243, 1.09380114362, 5.42155085338, 0.938815493041, 1.00000032883, 93.3551489405, 1.02903151385, 2.74448359055, 0.964921985704, 3.29000003538, 1.00000005304, 289.059484162, 13.9798250672
4.54896362731, 1.03560130542, 1.69802386849, 0.876056640181, 2.83000040366, 1.02428884559, 3.62276175118, 1.26000089717, 1.14000088991, 2.89036400399, 2.91945637977, 1.04245869288, 3.04000035231, 1.01620024121, 0.997780606645, 1.00000076494, 1.0000008446, 1.10089952574, 8.75749564309, 0.946361518999, 1.00000010797, 94.3006411556, 0.902062712809, 1.81405150811, 0.977168481487, 3.29000006167, 1.00000002081, 166.213378278, 23.5341508196
2.04729386237, 1.05624451157, 1.49059005768, 0.965645916329, 2.83000093318, 1.07520126793, 5.11615781721, 1.26000058566, 1.14000090599, 2.96569669806, 1.90240272268, 0.88476590045, 3.04000065816, 1.09250161579, 0.95861725226, 1.00000015466, 1.00000054807, 1.00369057863, 7.62259372537, 0.957805393186, 1.00000029751, 112.74710191, 1.08305476874, 4.45152267229, 0.99876434537, 3.2900008391, 1.00000078449, 180.462148312, 15.4811942988
2.19943985545, 1.13897008236, 1.40452828022, 0.861573153243, 2.83000079374, 1.04758760347, 2.6067408714, 1.26000091277, 1.14000047596, 3.42946965569, 2.02173726174, 1.09286055203, 3.04000055586, 1.08029833391, 1.0790519209, 1.00000049618, 1.00000069832, 1.02914480028, 9.1602505223, 0.959197578264, 1.00000040438, 101.012577188, 1.0481215832, 3.6440091514, 0.951483244652, 3.29000078073, 1.00000011164, 246.976189908, 14.3409429876
2.1714644002, 1.05931131791, 1.38653937643, 0.943407788855, 2.83000088772, 0.930402309258, 4.55799577554, 1.26000094921, 1.14000051628, 1.33077121834, 3.05509075342, 1.03205568397, 3.04000051693, 1.07779782005, 0.795532429033, 1.00000014066, 1.00000050026, 1.03485644183, 7.37902252009, 0.94295903767, 1.00000099556, 120.236381498, 1.08863178488, 3.73294039737, 1.03548928799, 3.29000027235, 1.00000098627, 187.89123695, 14.9766129819
2.56462893185, 1.01594237413, 1.36974836341, 0.800476376379, 2.83000096642, 1.18681680241, 5.5742165187, 1.26000033834, 1.14000065625, 3.29851902519, 2.32915790942, 0.992680841368, 3.04000058262, 1.05094554964, 1.04748567721, 1.00000078032, 1.00000041129, 1.0891697963, 8.05153769926, 0.988373395838, 1.00000035417, 114.00417552, 0.879380800264, 5.68069983855, 0.956328493546, 3.29000052392, 1.00000029995, 172.433038898, 23.0239350571
4.83832825403, 1.07120308902, 1.4477152001, 0.822188495618, 2.8300002591, 0.915729571901, 1.26114245609, 1.26000082693, 1.14000079743, 3.58636323746, 2.32869176626, 0.927230324515, 3.04000024922, 1.00848155655, 0.972047250821, 1.0000006546, 1.00000067372, 1.07071565757, 5.31630175361, 0.973354721962, 1.00000056652, 85.7535079111, 1.06193601529, 2.76633212599, 0.99769241428, 3.29000095195, 1.00000006678, 173.816172005, 18.0195396493
1.54781470248, 1.05578788629, 1.35666418819, 0.823863699894, 2.83000078626, 1.1890936514, 1.73130229511, 1.26000049099, 1.1400003422, 2.81135506105, 2.98264041712, 0.968787971019, 3.04000017623, 1.05738385869, 0.791276552078, 1.00000061798, 1.00000049308, 1.00379777863, 5.37596038959, 0.976491386702, 1.00000093078, 75.0642534806, 0.921576850654, 1.93737916634, 1.01581056582, 3.29000079533, 1.00000020763, 306.690215864, 14.3011527958
2.04729386237, 1.01383173231, 1.49059005768, 0.804505343785, 2.83000093318, 1.07520126793, 5.44229298193, 1.26000058566, 1.14000090599, 3.49280909413, 2.05895602699, 0.88476590045, 3.04000065816, 1.02297982966, 0.802973948511, 1.0000000778, 1.00000054807, 1.00369057863, 6.76629451998, 0.957805393186, 1.00000029751, 118.211723716, 1.08305476874, 1.86949486043, 0.99876434537, 3.2900008391, 1.00000078449, 182.638592173, 17.9270124951
5.80688557036, 1.12802979799, 1.62421255251, 0.821659883685, 2.83000006097, 0.93345759684, 3.67022703448, 1.26000085361, 1.14000006875, 1.50571774002, 1.68710975938, 1.07827005042, 3.04000070855, 1.00568858511, 0.873051331766, 1.00000024309, 1.00000077107, 1.01871985002, 8.44815943154, 0.921515171145, 1.00000075998, 76.7565957131, 1.04989056083, 2.43575787356, 0.956378639985, 3.29000007559, 1.00000018997, 187.611957066, 17.8561163639
2.34869018112, 1.07390410522, 1.51323819669, 0.887253474265, 2.83000034762, 0.955556929634, 3.12692827002, 1.26000061315, 1.14000007586, 1.54807639069, 2.76984469344, 0.991563563258, 3.04000092578, 1.04840633265, 1.08976782518, 1.00000034882, 1.00000024131, 1.07333004525, 6.13168660004, 0.990014766318, 1.00000088901, 93.2877668825, 0.95042103197, 3.40479966498, 1.06613412935, 3.29000017532, 1.0000003173, 305.017473801, 14.6082848548
3.42393868603, 1.09400189895, 1.41571732134, 0.919567973985, 2.83000050714, 1.17650274234, 3.62814155682, 1.26000090233, 1.14000053204, 2.50821538711, 2.70041515275, 0.892032316948, 3.04000098587, 1.00615648105, 0.85932429109, 1.0000000454, 1.0000001122, 1.03125195744, 6.78910650702, 0.9845203565, 1.00000045663, 117.495880233, 1.020771632, 1.16322051058, 0.978353044728, 3.2900001154, 1.00000024287, 223.616126264, 16.3677865462
4.91967066531, 1.04717400326, 1.69142757888, 0.967174541123, 2.83000042663, 0.885872362679, 2.3346675666, 1.26000011333, 1.14000063446, 3.70572733254, 1.58829773711, 0.974714453785, 3.04000033742, 1.02927668573, 0.841766252659, 1.00000006568, 1.00000065431, 1.06957734155, 7.16588675362, 0.912815418317, 1.0000002256, 109.619427333, 0.886637491701, 1.62717940834, 0.954553400728, 3.29000007823, 1.00000058031, 251.489060265, 15.459341081
5.13074743844, 1.11656024688, 1.34263099953, 0.973689775534, 2.83000077532, 1.09318971994, 4.62021190822, 1.26000028468, 1.14000059332, 1.91213631951, 2.60625378773, 1.09961311859, 3.04000082641, 1.0656836232, 0.875821218862, 1.00000030805, 1.00000003603, 1.05298286135, 6.91948683118, 0.973494669461, 1.00000016014, 122.386019916, 0.951091398823, 5.53026109005, 1.01805473679, 3.29000062762, 1.00000016452, 231.418063151, 15.7771535176
5.16623514864, 1.01615144514, 1.3859645896, 0.874920223097, 2.83000006214, 0.894316769416, 5.92893942136, 1.26000051283, 1.14000083532, 3.10821406695, 2.03256607826, 0.95542591627, 3.04000080911, 1.03651163208, 0.996268678132, 1.00000029821, 1.00000032423, 1.09533438629, 9.53932748913, 0.962420256536, 1.00000041758, 85.0248761185, 0.873067778151, 2.01064935307, 1.01412973282, 3.29000000562, 1.00000080565, 294.893564484, 15.2205882938
1.07529013914, 1.03560130542, 1.52088808343, 0.816056635369, 2.83000047865, 0.969783007075, 5.19138773364, 1.26000003286, 1.14000099896, 2.02898731326, 3.03989301505, 1.03588023955, 3.04000082691, 1.00607661497, 1.05320257086, 1.00000085659, 1.00000067372, 1.02442812294, 3.29392785618, 0.994298970761, 1.00000041117, 109.002775587, 0.865956200671, 1.91351237346, 1.03115477817, 3.29000074346, 1.0000008428, 225.824569641, 15.816853226
5.37529578022, 1.05991550241, 1.37733555722, 0.868886685445, 2.83000029727, 0.958662257765, 3.88779020897, 1.26000053934, 1.14000036299, 3.56427343218, 2.87386440883, 1.00470870083, 3.04000003655, 1.02230768275, 0.838704796245, 1.00000006659, 1.00000096389, 1.08926871176, 9.69264928664, 0.929512276441, 1.00000002122, 83.7501197979, 0.969535804548, 1.58340159468, 0.966375417205, 3.29000078682, 1.00000019904, 174.794252196, 23.5155360968
5.25932320073, 1.02275818741, 1.34561387354, 0.868925524585, 2.83000002455, 0.883034292227, 1.60032179774, 1.26000002584, 1.14000003999, 2.27913723861, 1.7905868215, 0.984525364077, 3.04000015373, 1.05155843571, 0.815942996405, 1.00000089996, 1.00000065985, 1.09191199296, 4.62605525402, 0.918753194043, 1.000000735, 80.2110951221, 1.06168868021, 3.28176271158, 1.02927020191, 3.29000007823, 1.00000091673, 188.339903966, 17.8639176319
3.4397778205, 1.07983653052, 1.59775936548, 0.944194470753, 2.83000044026, 0.980633260914, 2.14158896906, 1.26000004039, 1.14000003999, 1.95908522925, 1.7138596752, 1.00385464734, 3.04000096035, 1.02252793141, 0.873114005948, 1.00000041341, 1.00000006382, 1.00239606407, 3.54620014929, 0.954707596253, 1.00000031067, 104.982693497, 1.02113114605, 2.43936694411, 1.04840347173, 3.29000021778, 1.00000039635, 187.650679927, 18.288900219
2.04729386237, 1.05624451157, 1.38653937643, 0.965645916329, 2.83000029324, 1.07520126793, 5.11615781721, 1.26000058566, 1.14000092977, 2.96569669806, 1.90240272268, 0.884754863643, 3.04000065816, 1.09250161579, 0.95861725226, 1.00000014066, 1.00000054807, 1.00369057863, 7.62259372537, 0.957805393186, 1.00000029751, 112.74710191, 1.08305476874, 4.45152267229, 0.99876434537, 3.2900008391, 1.00000078449, 312.755467321, 14.7308061547
2.83413821848, 1.12782659211, 1.63698331682, 0.867480231816, 2.83000043245, 1.18339150793, 4.78306141959, 1.26000041825, 1.140000077, 1.56746009918, 2.20990828249, 0.961253911672, 3.0400002105, 1.10246288107, 1.0261203043, 1.00000018661, 1.00000036111, 1.1039515166, 4.12440071828, 0.944932153436, 1.00000067743, 105.299675998, 1.02156420835, 3.47183789508, 0.981521192934, 3.29000084165, 1.00000030189, 326.621674652, 14.6575514217
2.85222385724, 1.04740983256, 1.51323819669, 0.89178953084, 2.83000091614, 1.07489617564, 3.86924664776, 1.26000093005, 1.14000057737, 2.96773516062, 1.85931820932, 0.882158476069, 3.04000087123, 1.08123281459, 0.896644187459, 1.00000013513, 1.00000007665, 1.01256581295, 3.23398054177, 0.939490587887, 1.0000002086, 122.818144729, 1.00246066687, 1.85918674495, 1.06613412935, 3.29000051721, 1.00000005379, 312.270169898, 15.2512841534
5.90630168123, 1.03976627828, 1.57873201896, 0.91038137737, 2.83000091321, 1.13566319643, 2.05246072429, 1.26000064794, 1.14000054423, 2.05579643953, 1.97551562817, 0.89435918846, 3.04000015603, 1.04225964065, 0.958547476293, 1.00000082822, 1.00000027737, 1.033426763, 7.00133922255, 0.962357301775, 1.00000032236, 121.178499875, 0.86896705378, 3.16082973928, 0.99021409959, 3.2900001283, 1.00000022177, 231.87370347, 16.1108511345
2.1714644002, 1.05931131791, 1.49059005768, 0.943407788855, 2.83000088772, 0.930402309258, 4.55799577554, 1.26000094921, 1.14000051628, 1.33077121834, 3.05509075342, 1.03205568397, 3.04000021336, 1.07642016171, 0.795532429033, 1.00000014066, 1.00000001116, 1.00369057863, 7.37902252009, 0.94295903767, 1.00000099852, 120.236381498, 1.08863178488, 3.73294039737, 1.03548928799, 3.29000027235, 1.00000098627, 272.729777429, 16.0087051391
5.80704002227, 1.08650715468, 1.43218054834, 0.965527514067, 2.83000070665, 1.11997196516, 2.6665481992, 1.26000050715, 1.14000035278, 2.08736494293, 1.58142594698, 0.956700637571, 3.04000077904, 1.03065883885, 0.998529214751, 1.000000161, 1.00000079551, 1.09997417336, 8.1630683522, 0.957646222558, 1.00000040315, 114.910935518, 1.07942735003, 2.30903004334, 0.987942102019, 3.29000065185, 1.00000090339, 176.656516402, 23.9490595678
1.83938265905, 1.02563340382, 1.49878281488, 0.890615734529, 2.83000098764, 1.15957696602, 4.29820354965, 1.26000083556, 1.1400005823, 3.2359699134, 2.81719765108, 0.958589452279, 3.04000063882, 1.00570571179, 0.79174132596, 1.00000098609, 1.00000026243, 1.09380114362, 5.42155085338, 0.938815493041, 1.00000032883, 93.3551489405, 1.02903151385, 2.74448359055, 0.964921985704, 3.29000003538, 1.00000005304, 194.516451095, 18.6440171258
2.19943985545, 1.13521467802, 1.40452828022, 0.861573153243, 2.83000079374, 1.04758760347, 2.6067408714, 1.26000038833, 1.14000047596, 3.42946965569, 2.02173726174, 1.09286055203, 3.04000055586, 1.08029833391, 1.0790519209, 1.00000049618, 1.00000069832, 1.02914480028, 9.1602505223, 0.959197578264, 1.00000040438, 101.012577188, 1.02311720636, 3.6440091514, 0.951483244652, 3.29000078073, 1.00000011164, 367.135536428, 15.2082891849
3.42393868603, 1.09400189895, 1.41571732134, 0.909847989945, 2.83000050714, 1.17745238495, 3.62814155682, 1.26000090233, 1.14000053204, 2.50821538711, 2.63752444423, 0.880197325635, 3.04000099152, 1.02971659139, 0.85932429109, 1.0000000454, 1.0000001122, 1.03125195744, 9.49606200094, 0.9845203565, 1.00000062754, 117.495880233, 1.03385578007, 1.16322051058, 1.05342136347, 3.29000095257, 1.00000024287, 318.516852233, 15.4038820112
5.16623514864, 1.01615144514, 1.38992148095, 0.81098321229, 2.83000006214, 0.913093290675, 5.92893942136, 1.26000051283, 1.14000083532, 3.10821406695, 1.84115399711, 0.95542591627, 3.04000080911, 1.03651163208, 0.996268678132, 1.00000029821, 1.00000019238, 1.09533438629, 9.53932748913, 0.98307860336, 1.00000041758, 85.0248761185, 0.873067778151, 2.01064935307, 0.997325764591, 3.29000000562, 1.00000093018, 237.921466022, 16.488995891
1.5602932454, 1.1028543882, 1.34050242125, 0.828417709892, 2.83000078156, 1.12267238471, 1.76950234639, 1.26000091277, 1.14000034491, 2.1346210056, 1.57930927399, 0.99802886871, 3.04000055935, 1.06228196153, 0.808093879973, 1.00000057896, 1.0000003881, 1.02810550162, 8.23953134318, 0.913934465526, 1.00000003712, 103.548529526, 1.05229713057, 1.16031416395, 0.978353044728, 3.29000022201, 1.00000005773, 237.068174829, 16.6005234314
2.1714644002, 1.05931131791, 1.38653937643, 0.936908126088, 2.83000088772, 0.930402309258, 4.55799577554, 1.26000094921, 1.14000051628, 1.33077121834, 3.05509075342, 1.08291896794, 3.04000051693, 1.08477027129, 0.828398692086, 1.00000014066, 1.00000050026, 1.03485644183, 7.37902252009, 0.94295903767, 1.00000099556, 120.236381498, 1.08863178488, 3.73294039737, 1.04175479513, 3.2900001483, 1.00000098627, 299.791509655, 16.1802249519
4.15970007875, 1.01474095632, 1.46881128316, 0.914465072854, 2.83000008885, 0.862137324174, 2.84701330935, 1.26000095562, 1.140000248, 1.41503725731, 2.86635969434, 0.907854500279, 3.04000043238, 1.08588935864, 0.804655827395, 1.00000065446, 1.00000041441, 1.03133033085, 3.55234345477, 0.954467146261, 1.00000029128, 122.04094612, 1.05992986599, 2.76633212599, 1.00143884115, 3.29000075563, 1.00000071769, 179.735412458, 24.2425396703
3.19791376717, 1.11325011288, 1.45636810056, 0.810678464144, 2.83000052592, 0.923488219209, 1.22031826981, 1.26000021369, 1.140000019, 2.94267938651, 2.83331432036, 0.902774800516, 3.04000055666, 1.05224655865, 0.793932360177, 1.00000044725, 1.00000053111, 1.07450709948, 7.71614061026, 0.960660474234, 1.00000059661, 114.938504541, 1.02698289721, 1.39472600694, 1.05395599523, 3.29000014757, 1.00000069407, 388.395517556, 15.3651103908
