0.733901393436, 0.865782758737, 2.02482582852, 0.624611552137, 93.9477644162, 27.8680082881, 0.383669860295, 2.1120642877, 1.31367115071, 0.0, 1.0
0.892954768937, 0.924603573262, 2.02482582852, 0.6807089701, 35.5951676413, 28.4321805947, 0.702354967862, 4.8416243514, 1.31367115071, 0.0, 1.0
0.456138131383, 0.94880231034, 2.51185174685, 0.640312870706, 38.6766746015, 27.8680082881, 0.371223359436, 3.55213540943, 5.10137565413, 17.7810635784, 0.0
0.120499460026, 0.866327310357, 2.02482582852, 0.611621185347, 58.0741723289, 1.11032518654, 0.312835160468, 1.87400479415, 1.31367115071, 44.9068409815, 0.000123111727894
0.424700511986, 0.850402819597, 2.2876334806, 0.57884924813, 55.5076992266, 1.11032518654, 0.312835160468, 4.85237783462, 1.31367115071, 23.8095117844, 0.0258050817398
0.733901393436, 0.865782758737, 2.02482582852, 0.624611552137, 36.1788040119, 27.8680082881, 0.371223359436, 2.1120642877, 1.31367115071, 78.5567865797, 0.0
0.120499460026, 0.865782758737, 2.02482582852, 0.622795754864, 43.9580940956, 1.0334559613, 0.222723212744, 4.85237783462, 1.31367115071, 52.3711910531, 0.00185337069416
0.120499460026, 0.865782758737, 2.02482582852, 0.626571370361, 43.9580940956, 1.11032518654, 0.312835160468, 4.85237783462, 1.31367115071, 48.3186584121, 0.00700875313873
0.120499460026, 0.865782758737, 2.2876334806, 0.626571370361, 43.9580940956, 1.11032518654, 0.312835160468, 4.85237783462, 1.31367115071, 75.0459128319, 0.0013870879469
0.424700511986, 0.865782758737, 2.43317465568, 0.626571370361, 33.0968580707, 1.11032518654, 0.312835160468, 4.85237783462, 1.31367115071, 47.5120237018, 0.0304179479913
0.733901393436, 0.865782758737, 2.02482582852, 0.626571370361, 43.9580940956, 1.11032518654, 0.312835160468, 4.60327030821, 8.77983117689, 32.9248309161, 0.0672612867232
0.120499460026, 0.865782758737, 2.02482582852, 0.671971953609, 43.9580940956, 1.01841794892, 0.312835160468, 4.85237783462, 1.31367115071, 81.8299860205, 0.000953003885737
0.120499460026, 0.865782758737, 2.02482582852, 0.602307696123, 39.9037967208, 1.03140485779, 0.0725526882583, 4.87989770993, 1.31367115071, 66.7999885882, 0.00275982332545
0.10041885936, 0.854191299806, 2.02482582852, 0.519612721393, 43.9580940956, 1.02930717441, 0.312835160468, 4.98891425491, 1.31367115071, 62.1480843551, 0.00503507420795
0.120499460026, 0.865782758737, 2.02482582852, 0.626571370361, 74.3532628221, 1.11032518654, 0.856491206191, 0.988073737831, 1.26510757272, 73.1715422699, 0.00241164636805
0.120499460026, 0.865782758737, 2.02482582852, 0.626571370361, 39.9037967208, 1.02960999111, 0.222723212744, 4.85237783462, 1.31367115071, 65.9983887251, 0.00388526941204
0.120499460026, 0.865782758737, 2.02482582852, 0.602307696123, 39.9037967208, 1.03140485779, 0.0725526882583, 4.85237783462, 1.31367115071, 52.1373910931, 0.0159060686654
0.120499460026, 0.865782758737, 2.02482582852, 0.626571370361, 74.3532628221, 1.11032518654, 0.312835160468, 4.85237783462, 1.31367115071, 55.9041682273, 0.00915241033008
0.108640156406, 0.865782758737, 2.02482582852, 0.626571370361, 43.9580940956, 1.11032518654, 0.195101454027, 4.85237783462, 1.31367115071, 57.2342302223, 0.00735084757786
0.108640156406, 0.865782758737, 2.1555098237, 0.626571370361, 59.9409590897, 1.03485195358, 0.312835160468, 0.00760013904122, 1.31367115071, 77.6625869916, 0.0017235647878
0.120499460026, 0.854191299806, 2.02482582852, 0.626571370361, 43.9580940956, 26.2518818332, 0.312835160468, 4.85237783462, 1.16136230866, 48.1491110046, 0.196519329907
0.733901393436, 0.865782758737, 2.02482582852, 0.626571370361, 93.9477644162, 27.8680082881, 0.621828433059, 0.00492996840001, 8.77983117689, 36.5831454623, 0.752558006866
0.120499460026, 0.865782758737, 2.00049553051, 0.626571370361, 47.5150298839, 1.11032518654, 0.312835160468, 0.784016893096, 1.31367115071, 85.5127672513, 0.00149664893748
0.120499460026, 0.865782758737, 2.02482582852, 0.602307696123, 39.9037967208, 1.03140485779, 0.0725526882583, 4.85237783462, 1.31367115071, 124.069845471, 0.000983423379753
0.120499460026, 0.865782758737, 2.02482582852, 0.626571370361, 43.9580940956, 1.0334559613, 0.222723212744, 4.85237783462, 1.31367115071, 69.8282547375, 0.00351074007856
0.120499460026, 0.854191299806, 2.01381255301, 0.687918583528, 43.9580940956, 1.11032518654, 0.312835160468, 4.85237783462, 1.31367115071, 76.6315790329, 0.00331926270808
0.120499460026, 0.865782758737, 2.02482582852, 0.602307696123, 39.9037967208, 1.03140485779, 0.0725526882583, 4.85237783462, 1.31367115071, 66.1653886966, 0.00422606834484
0.892954768937, 0.865782758737, 2.02482582852, 0.581463445666, 29.4703357554, 1.0334559613, 0.702354967862, 4.8416243514, 1.31367115071, 53.1727909162, 0.0238448629725
0.120499460026, 0.854191299806, 2.02482582852, 0.626571370361, 36.3331805435, 1.11032518654, 0.312835160468, 4.85237783462, 1.31367115071, 57.5101676122, 0.0078221627514
0.120499460026, 0.854191299806, 2.02482582852, 0.687918583528, 43.9580940956, 1.11032518654, 0.312835160468, 4.85237783462, 1.31367115071, 78.2261957306, 0.0020743294912
0.120499460026, 0.865782758737, 2.02482582852, 0.626571370361, 43.9580940956, 1.01345426638, 0.312835160468, 4.85237783462, 1.31367115071, 81.8659552451, 0.00193106447001
0.892954768937, 0.865782758737, 2.02482582852, 0.6807089701, 35.5951676413, 28.4321805947, 0.702354967862, 4.8416243514, 1.31367115071, 49.0044716283, 0.236964899084
0.120499460026, 0.865782758737, 2.00049553051, 0.626571370361, 50.7569568784, 1.11032518654, 0.312835160468, 4.85237783462, 1.31367115071, 89.1088514647, 0.00167342470118
0.120499460026, 0.865782758737, 2.02482582852, 0.626571370361, 43.9580940956, 1.0334559613, 0.222723212744, 4.85237783462, 1.31367115071, 88.4431848907, 0.00169105751306
0.120499460026, 0.865782758737, 3.80165789734, 0.626571370361, 60.3692931248, 1.11032518654, 0.312835160468, 0.784016893096, 1.31367115071, 183.93939935, 0.00159281775849
0.120499460026, 0.834844133304, 2.02482582852, 0.590372416434, 39.9037967208, 1.17172218238, 0.798259993491, 4.85237783462, 1.31367115071, 75.7169676821, 0.00475604531141
0.120499460026, 0.899492114132, 2.02482582852, 0.622795754864, 43.9580940956, 1.0334559613, 0.371223359436, 4.85237783462, 1.31367115071, 68.9548870335, 0.00602410322139
0.120499460026, 0.865782758737, 2.1555098237, 0.626571370361, 43.9580940956, 1.11032518654, 0.312835160468, 1.10311190059, 1.31367115071, 69.5453109501, 0.00524689672906
0.456138131383, 0.94880231034, 2.15405635384, 0.6807089701, 69.0257842986, 13.7212326313, 0.185890827087, 4.2642449294, 17.1787492618, 57.2742580447, 0.178887740717
0.120499460026, 0.865782758737, 2.02482582852, 0.626571370361, 43.9580940956, 1.11032518654, 0.312835160468, 1.10311190059, 1.31367115071, 60.3871896837, 0.0137919486376
0.108640156406, 0.864198642782, 2.1555098237, 0.626571370361, 59.9409590897, 1.03485195358, 0.312835160468, 0.00760013904122, 1.31367115071, 62.8597880092, 0.00790762715011
0.120499460026, 0.865782758737, 2.02482582852, 0.681255874267, 43.9580940956, 1.11032518654, 0.312835160468, 4.85237783462, 1.31367115071, 61.307545082, 0.00903063681298
0.108640156406, 0.865782758737, 2.02482582852, 0.626571370361, 43.9580940956, 1.11032518654, 0.195101454027, 4.85237783462, 1.31367115071, 60.9215895924, 0.00999448757641
0.34669977077, 0.865782758737, 2.02482582852, 0.6807089701, 60.3692931248, 13.7212326313, 0.761501410068, 2.22782526476, 1.31367115071, 58.5167900032, 0.128233913897
0.120499460026, 0.865782758737, 2.02482582852, 0.622795754864, 74.3532628221, 1.11032518654, 0.312835160468, 4.85237783462, 1.31367115071, 78.5567865797, 0.00422503631424
0.107620702425, 0.865782758737, 2.02482582852, 0.622795754864, 43.9580940956, 1.0334559613, 0.371223359436, 4.85237783462, 1.31367115071, 84.1679856211, 0.00413566859942
0.120499460026, 0.865782758737, 2.02482582852, 0.626571370361, 43.9580940956, 1.11032518654, 0.312835160468, 4.85237783462, 19.4205291759, 86.4570636511, 0.00294377672721
0.326997197987, 0.865782758737, 2.02482582852, 0.626571370361, 35.6241800989, 1.07992605638, 0.362295251931, 3.05196013301, 1.31367115071, 85.1031854613, 0.00298336197386
0.456138131383, 1.02487026058, 2.27846533919, 0.640312870706, 36.3331805435, 27.8680082881, 0.371223359436, 3.55213540943, 5.10137565413, 54.2380700949, 0.517180654974
0.677649915145, 0.94880231034, 2.15405635384, 0.6807089701, 43.9580940956, 13.7212326313, 0.185890827087, 2.97390450693, 17.1787492618, 54.7840729123, 0.361748856258
0.120499460026, 0.887392262959, 2.51185174685, 0.580616202944, 97.577792077, 1.17321834835, 0.362295251931, 0.0490267591219, 1.31367115071, 101.430563129, 0.00202412164522
0.120499460026, 0.865782758737, 2.02482582852, 0.626571370361, 43.9580940956, 1.01345426638, 0.312835160468, 4.85237783462, 1.31367115071, 110.620781102, 0.00183082824014
0.326997197987, 1.03388336375, 2.2876334806, 0.525757407775, 60.3692931248, 1.12737772801, 0.856491206191, 2.27396294049, 19.4205291759, 89.2054382995, 0.00247000198098
0.120499460026, 0.865782758737, 2.00049553051, 0.626571370361, 60.3692931248, 1.11032518654, 0.312835160468, 0.784016893096, 1.31367115071, 70.6436641434, 0.00592380957525
0.120499460026, 0.865782758737, 2.00049553051, 0.626571370361, 23.3066709043, 1.11032518654, 0.312835160468, 4.85237783462, 1.31367115071, 74.7100918134, 0.00577967758525
0.120499460026, 0.865782758737, 2.02482582852, 0.626571370361, 43.9580940956, 1.0334559613, 0.222723212744, 4.85237783462, 1.31367115071, 69.5788681134, 0.00746274026152
0.326997197987, 0.924603573262, 2.02482582852, 0.616204499371, 20.0549966129, 1.17321834835, 0.362295251931, 3.55213540943, 7.72461416225, 60.3955762605, 0.0621661431223
0.456138131383, 0.866327310357, 2.02482582852, 0.611621185347, 38.6766746015, 1.11032518654, 0.312835160468, 1.87400479415, 1.31367115071, 60.6554206312, 0.0556402186298
0.120499460026, 0.820607598016, 2.02482582852, 0.626571370361, 74.3532628221, 1.11032518654, 0.362295251931, 4.89136594183, 1.23858073912, 64.9643126711, 0.00797409349276
0.120499460026, 0.899492114132, 2.02482582852, 0.622795754864, 43.9580940956, 1.0334559613, 0.371223359436, 4.85237783462, 1.31367115071, 63.2086464474, 0.00803080977572
0.34669977077, 0.865782758737, 2.02482582852, 0.6807089701, 60.3692931248, 1.17321834835, 0.0725526882583, 4.41366272478, 1.02987500721, 62.7628140979, 0.0306308970829
0.892954768937, 0.865782758737, 2.02482582852, 0.6807089701, 35.5951676413, 28.4321805947, 0.702354967862, 4.8416243514, 1.31367115071, 59.852789775, 0.214208211318
0.120499460026, 0.865782758737, 2.02482582852, 0.626571370361, 74.3532628221, 1.11032518654, 0.312835160468, 4.94733630541, 1.06253889268, 80.3260921047, 0.00539876457612
0.120499460026, 0.865782758737, 2.02482582852, 0.626571370361, 43.9580940956, 1.01345426638, 0.312835160468, 4.85237783462, 1.31367115071, 81.8819415672, 0.0047666454369
0.120499460026, 0.865782758737, 2.02482582852, 0.626571370361, 7.19443610867, 1.11032518654, 0.312835160468, 4.94733630541, 1.06253889268, 84.4556258613, 0.00471439342283
0.107620702425, 0.865782758737, 2.02482582852, 0.622795754864, 73.0781737887, 1.0334559613, 0.371223359436, 4.85237783462, 1.31367115071, 86.3784579707, 0.00455583078767
0.456138131383, 1.02487026058, 2.27846533919, 0.640312870706, 36.3331805435, 27.8680082881, 0.371223359436, 3.55213540943, 5.10137565413, 55.8816479766, 0.573221936815
0.892954768937, 0.865782758737, 2.02482582852, 0.6807089701, 35.5951676413, 22.4159224845, 0.306034380356, 3.55213540943, 1.31367115071, 57.5667457211, 0.362419766088
0.120499460026, 0.865782758737, 2.02482582852, 0.626571370361, 43.9580940956, 1.02960999111, 0.222723212744, 4.85237783462, 1.31367115071, 101.511691749, 0.00243153380636
0.120499460026, 0.834844133304, 2.02482582852, 0.682588535755, 39.9037967208, 1.17172218238, 0.798259993491, 1.64049007329, 1.31367115071, 111.402305925, 0.00228391634286
0.108640156406, 0.865782758737, 2.02482582852, 0.626571370361, 43.9580940956, 1.11032518654, 0.195101454027, 4.85237783462, 1.31367115071, 112.847447388, 0.00185300579997
0.120499460026, 0.854191299806, 2.01542265806, 0.626571370361, 43.9580940956, 1.11032518654, 0.312835160468, 4.85237783462, 1.31367115071, 95.5579209346, 0.0025946281933
0.126363652188, 0.901146694583, 2.02482582852, 0.626571370361, 43.9580940956, 1.11032518654, 0.312835160468, 4.85237783462, 1.31367115071, 92.366839984, 0.0036902102739
0.120499460026, 0.820607598016, 2.02482582852, 0.626571370361, 74.3532628221, 1.11032518654, 0.312835160468, 4.85237783462, 1.23858073912, 94.9036376614, 0.00333439594944
0.120499460026, 0.865782758737, 2.02482582852, 0.602307696123, 39.9037967208, 1.01376004608, 0.312835160468, 4.98891425491, 1.31367115071, 90.0129846226, 0.00401608339657
0.120499460026, 0.854191299806, 2.01381255301, 0.687918583528, 43.9580940956, 1.11032518654, 0.223429923601, 4.85237783462, 1.31367115071, 77.8186430799, 0.00586408104116
0.120499460026, 0.865782758737, 2.02482582852, 0.626571370361, 9.82345412284, 1.11032518654, 0.312835160468, 4.85237783462, 1.31367115071, 76.6863868992, 0.00615659018411
0.120499460026, 0.866327310357, 2.02482582852, 0.487749448733, 43.9580940956, 1.11032518654, 0.312835160468, 2.14302059731, 1.31367115071, 73.2854696573, 0.00751019723172
0.34669977077, 0.865782758737, 2.02482582852, 0.6807089701, 60.3692931248, 13.7212326313, 0.0725526882583, 4.38048050528, 1.31367115071, 60.9215895924, 0.170296500438
0.120499460026, 0.865782758737, 2.02482582852, 0.626571370361, 74.3532628221, 1.11032518654, 0.312835160468, 4.85237783462, 1.31367115071, 64.1279890446, 0.0124766790831
0.120499460026, 0.865782758737, 2.01786397739, 0.586538757142, 43.9580940956, 1.15461966894, 0.588967322716, 4.85237783462, 1.31367115071, 65.8906824479, 0.00831210198119
0.120499460026, 0.854191299806, 2.02482582852, 0.626571370361, 36.3331805435, 1.11032518654, 0.312835160468, 4.85237783462, 1.31367115071, 64.4670427266, 0.0111243016094
0.120499460026, 0.865782758737, 2.02482582852, 0.626571370361, 43.9580940956, 1.0334559613, 0.222723212744, 4.85237783462, 1.31367115071, 65.4639888164, 0.0094335771349
0.118019797721, 0.901146694583, 2.02482582852, 0.626571370361, 43.9580940956, 1.11032518654, 0.312835160468, 4.85237783462, 1.31367115071, 64.1043219662, 0.0136491095902
0.111630117599, 0.865782758737, 2.02482582852, 0.626571370361, 29.4703357554, 1.11032518654, 0.312835160468, 4.85237783462, 1.31367115071, 65.7757220965, 0.00936267847778
0.892954768937, 0.865782758737, 2.27846533919, 0.581463445666, 26.8506876155, 1.0334559613, 0.0725526882583, 4.8416243514, 1.31367115071, 63.8749216213, 0.0599218374546
0.126363652188, 0.99303584183, 2.02204027587, 0.580616202944, 14.6845229202, 10.7704712728, 0.371223359436, 1.24378437774, 4.01078553995, 63.5175584241, 0.0699238291296
0.326997197987, 1.03388336375, 2.01431180476, 0.525757407775, 60.3692931248, 1.12737772801, 0.856491206191, 2.27396294049, 19.4205291759, 63.9977743101, 0.0582010384021
0.120499460026, 0.865782758737, 2.01786397739, 0.593732295612, 43.9580940956, 1.11032518654, 0.222723212744, 2.14302059731, 1.02427277728, 81.3124418461, 0.00567727324307
0.120499460026, 0.865782758737, 2.43317465568, 0.626571370361, 33.0968580707, 1.11032518654, 0.312835160468, 4.85237783462, 1.31367115071, 82.59782582, 0.00535434791604
0.120499460026, 0.865782758737, 2.02482582852, 0.622795754864, 43.9580940956, 1.0334559613, 0.371223359436, 4.85237783462, 1.31367115071, 86.0383853016, 0.00508570975888
0.109962890215, 0.865782758737, 2.02482582852, 0.622795754864, 43.9580940956, 1.0334559613, 0.222723212744, 4.85237783462, 1.31367115071, 89.6622846825, 0.0047968992275
0.120499460026, 0.836990762267, 2.02482582852, 0.687918583528, 43.9580940956, 1.11032518654, 0.312835160468, 4.99482237181, 1.31367115071, 113.022102113, 0.00198548360721
0.120499460026, 0.866327310357, 2.02482582852, 0.487749448733, 43.9580940956, 1.11032518654, 0.312835160468, 2.14302059731, 1.1248368724, 102.452698409, 0.00271115880662
0.120499460026, 0.865782758737, 2.02482582852, 0.586538757142, 43.9580940956, 1.17321834835, 0.371223359436, 4.85237783462, 1.31367115071, 106.051661883, 0.0026736298914
0.120499460026, 0.854191299806, 3.01826598948, 0.626571370361, 43.9580940956, 1.11032518654, 0.312835160468, 0.00492996840001, 1.31367115071, 101.750968998, 0.00319533149735
0.120499460026, 0.865782758737, 2.02482582852, 0.626571370361, 74.3532628221, 1.11032518654, 0.856491206191, 0.988073737831, 1.26510757272, 98.2741881581, 0.00339386214699
0.892954768937, 0.865782758737, 2.02482582852, 0.6807089701, 35.5951676413, 28.4321805947, 0.702354967862, 4.8416243514, 1.31367115071, 61.2555895354, 0.346252590879
0.112728114526, 0.887392262959, 2.51185174685, 0.580616202944, 60.3692931248, 1.17321834835, 0.362295251931, 0.0490267591219, 1.31367115071, 122.732258849, 0.00212638647787
0.120499460026, 0.865782758737, 2.02482582852, 0.602307696123, 39.9037967208, 1.11032518654, 0.0725526882583, 4.85237783462, 1.31367115071, 65.4639888164, 0.0118275311061
