0.456138131383, 0.94880231034, 2.51185174685, 0.640312870706, 38.6766746015, 27.8680082881, 0.371223359436, 3.55213540943, 5.10137565413, 17.7810635784, 0.0
0.456138131383, 1.02487026058, 2.27846533919, 0.640312870706, 36.3331805435, 27.8680082881, 0.371223359436, 3.55213540943, 5.10137565413, 54.2380700949, 0.517180654974
0.326997197987, 1.03388336375, 2.1555098237, 0.540276025295, 93.9477644162, 1.17321834835, 0.533731453408, 1.10311190059, 22.4062099798, 92.5878045757, 0.0127773467278
0.677649915145, 0.94880231034, 2.15405635384, 0.6807089701, 43.9580940956, 13.7212326313, 0.185890827087, 2.97390450693, 17.1787492618, 54.7840729123, 0.361748856258
0.120499460026, 0.865782758737, 2.02482582852, 0.626571370361, 43.9580940956, 1.11032518654, 0.312835160468, 4.85237783462, 1.31367115071, 103.929164854, 0.00758553394942
0.326997197987, 0.829542665697, 2.59586785224, 0.406637234899, 60.3692931248, 1.17321834835, 0.856491206191, 2.27396294049, 19.4205291759, 87.9153779828, 0.0181554316849
0.126363652188, 0.99303584183, 2.02204027587, 0.580616202944, 14.6845229202, 10.7704712728, 0.371223359436, 1.24378437774, 4.01078553995, 63.5175584241, 0.0699238291296
0.120499460026, 0.865782758737, 2.02482582852, 0.626571370361, 43.9580940956, 1.11032518654, 0.312835160468, 4.85237783462, 1.31367115071, 131.629377513, 0.00402938733539
0.326095890383, 0.94880231034, 2.18081498624, 0.417929396582, 60.3692931248, 1.17321834835, 0.798259993491, 2.27396294049, 43.4222435353, 76.0161282112, 0.0273661842889
0.275660375871, 0.99303584183, 2.51185174685, 0.580616202944, 33.0336590857, 1.17321834835, 0.371223359436, 4.38048050528, 40.0868419932, 113.905232102, 0.0179093814927
0.126363652188, 0.99303584183, 2.51185174685, 0.580616202944, 33.0336590857, 1.11032518654, 0.669661251735, 0.193092609635, 33.7750159065, 117.843638498, 0.0157696509073
0.326997197987, 0.99303584183, 2.1555098237, 0.504807851175, 60.3692931248, 1.17321834835, 0.371223359436, 4.38048050528, 36.2765949615, 121.972012817, 0.0136953429605
0.326997197987, 1.03388336375, 2.1555098237, 0.440835615907, 60.3692931248, 1.17321834835, 0.533731453408, 0.565147076579, 22.4062099798, 106.258487131, 0.0184616573455
0.326997197987, 0.986238296023, 2.1555098237, 0.616204499371, 60.3692931248, 2.72923843761, 0.362295251931, 1.10311190059, 7.72461416225, 74.640687856, 0.0778780187569
0.34669977077, 0.865782758737, 2.02482582852, 0.6807089701, 60.3692931248, 13.7212326313, 0.0725526882583, 4.38048050528, 1.31367115071, 73.6469874185, 0.178168536742
0.733901393436, 0.865782758737, 2.02482582852, 0.626571370361, 93.9477644162, 27.8680082881, 0.621828433059, 0.00492996840001, 8.77983117689, 70.1176954695, 0.359326884257
0.892954768937, 0.865782758737, 2.02482582852, 0.6807089701, 35.5951676413, 28.4321805947, 0.702354967862, 4.8416243514, 1.31367115071, 70.8079879035, 0.295870171581
0.126363652188, 0.94880231034, 2.37763917076, 0.580616202944, 33.0336590857, 1.17321834835, 0.371223359436, 0.643545419995, 41.8778905141, 150.958981799, 0.0065022131913
0.126363652188, 0.94880231034, 2.37763917076, 0.580616202944, 33.0336590857, 1.17321834835, 0.348729601775, 4.08737658743, 43.954432417, 188.577267673, 0.00601008669517
0.22614636344, 0.94880231034, 2.01797100897, 0.417929396582, 60.3692931248, 1.11032518654, 1.15443627133, 4.8416243514, 1.31367115071, 135.114655041, 0.013316434441
0.126363652188, 0.99303584183, 2.37763917076, 0.580616202944, 33.0336590857, 1.17321834835, 0.371223359436, 1.10311190059, 41.8778905141, 191.166526989, 0.0051232689376
0.120499460026, 0.865782758737, 2.02482582852, 0.6807089701, 39.9037967208, 1.17321834835, 1.15443627133, 4.85237783462, 1.31367115071, 146.681885504, 0.00976293744149
0.275660375871, 1.03388336375, 2.51185174685, 0.580616202944, 33.0336590857, 1.17321834835, 0.362295251931, 1.10311190059, 40.1706091214, 195.797952482, 0.00467603853662
0.893873284841, 0.988485103754, 2.02482582852, 0.434524175596, 50.7569568784, 1.11032518654, 0.533731453408, 2.19421957993, 22.4062099798, 85.99380834, 0.0703779832
0.18759123191, 0.87303001411, 2.02482582852, 0.45020260568, 50.7569568784, 18.4509551556, 0.533731453408, 3.55213540943, 6.13009249134, 95.2813129, 0.0648212671759
0.326997197987, 1.03388336375, 2.59586785224, 0.616204499371, 20.0549966129, 1.17321834835, 0.362295251931, 1.10311190059, 7.72461416225, 103.35407829, 0.0351496543153
0.892954768937, 0.865782758737, 2.02482582852, 0.581463445666, 35.5951676413, 1.0334559613, 0.702354967862, 4.8416243514, 1.31367115071, 88.9478959156, 0.0682821100695
0.275660375871, 1.03388336375, 2.51185174685, 0.580616202944, 33.0336590857, 1.17321834835, 0.362295251931, 1.10311190059, 40.1706091214, 125.50975993, 0.0173801892902
0.326997197987, 0.99303584183, 2.1555098237, 0.434485227728, 33.0336590857, 1.11032518654, 0.669661251735, 0.193092609635, 41.8778905141, 120.292389667, 0.0202947669838
0.326997197987, 1.03388336375, 2.1555098237, 0.580616202944, 60.3692931248, 1.17321834835, 0.362295251931, 1.0364216076, 22.4062099798, 106.957556125, 0.0278901719816
0.326095890383, 0.865782758737, 2.18081498624, 0.417929396582, 8.04659376414, 1.17321834835, 0.798259993491, 2.27396294049, 43.4222435353, 116.252380743, 0.0253526533336
0.395211641739, 0.87303001411, 2.02482582852, 0.45020260568, 50.7569568784, 18.4509551556, 0.533731453408, 3.55213540943, 6.13009249134, 82.9300315981, 0.15018098853
0.763632796323, 1.11683763636, 2.02482582852, 0.504807851175, 73.7409339418, 16.7986133491, 0.352567778488, 2.22782526476, 1.09853206572, 74.4538441024, 0.232652922225
0.34669977077, 0.865782758737, 2.02482582852, 0.6807089701, 60.3692931248, 13.7212326313, 0.0725526882583, 4.8416243514, 1.31367115071, 75.1900671548, 0.2003083326
0.892954768937, 0.865782758737, 2.02482582852, 0.6807089701, 60.3692931248, 13.7212326313, 0.982115584749, 1.18268765923, 1.31367115071, 70.7244879177, 0.406680863145
0.112728114526, 0.99303584183, 2.37763917076, 0.589604427656, 33.0336590857, 1.17321834835, 0.371223359436, 1.24378437774, 41.8778905141, 189.166631015, 0.0078348238072
0.126363652188, 0.99303584183, 2.51185174685, 0.580616202944, 33.0336590857, 1.11032518654, 0.669661251735, 0.193092609635, 41.8778905141, 135.237580001, 0.0139201795893
0.275660375871, 0.99303584183, 4.47062443798, 0.580616202944, 33.0336590857, 1.11032518654, 0.371223359436, 4.38048050528, 1.31367115071, 167.228569274, 0.0101301275827
0.126363652188, 1.18936768403, 3.8701129312, 0.589604427656, 33.0336590857, 1.12737772801, 0.798259993491, 1.24378437774, 3.01813349187, 150.172388465, 0.0114933330506
0.326997197987, 1.03388336375, 2.02482582852, 0.440835615907, 74.7510707904, 1.17321834835, 0.702354967862, 1.10311190059, 36.2765949615, 148.248141951, 0.0133660552497
0.126363652188, 0.829932890291, 4.7510392122, 0.599511786575, 16.4758091985, 1.0334559613, 2.6517860993, 0.784016893096, 22.3221256551, 491.309840864, 0.0059470654017
0.120499460026, 0.865782758737, 3.80165789734, 0.626571370361, 60.3692931248, 1.11032518654, 0.312835160468, 4.85237783462, 1.31367115071, 210.56220715, 0.00624369777207
0.154743955879, 0.94880231034, 2.51185174685, 0.417929396582, 92.2552488965, 7.82733718261, 0.378844662712, 3.49077083542, 10.9847269391, 105.155965138, 0.0400665624504
0.126363652188, 0.99303584183, 2.02204027587, 0.580616202944, 14.6845229202, 10.7704712728, 0.371223359436, 1.24378437774, 4.01078553995, 96.5808056607, 0.119007864779
0.164817748757, 0.87303001411, 2.02482582852, 0.422325920146, 50.7569568784, 18.4509551556, 0.533731453408, 3.55213540943, 6.13009249134, 89.9879066277, 0.145805455881
0.326997197987, 1.13943174266, 2.1555098237, 0.616204499371, 8.04659376414, 2.72923843761, 0.362295251931, 1.10311190059, 7.72461416225, 97.5599967198, 0.0819372621095
0.126363652188, 1.03388336375, 2.1555098237, 0.504807851175, 60.3692931248, 1.12737772801, 0.362295251931, 1.10311190059, 36.2765949615, 134.204676249, 0.0175498186714
0.326997197987, 0.829542665697, 2.2876334806, 0.526994515781, 60.3692931248, 1.17321834835, 0.856491206191, 2.27396294049, 19.4205291759, 119.617417928, 0.0278509685077
0.437117881544, 0.865782758737, 2.02482582852, 0.440835615907, 35.5951676413, 1.13067010844, 1.15443627133, 4.8416243514, 1.28041594863, 132.50262985, 0.0262469556231
0.118623464208, 0.865782758737, 2.02482582852, 0.422325920146, 99.484516251, 18.4509551556, 0.533731453408, 3.62715296194, 5.10137565413, 88.7774650541, 0.182222843084
0.892954768937, 0.865782758737, 2.02482582852, 0.6807089701, 35.5951676413, 22.4159224845, 0.306034380356, 4.8416243514, 1.31367115071, 75.0030271868, 0.390880691514
0.395211641739, 0.87303001411, 2.02482582852, 0.45020260568, 50.7569568784, 18.4509551556, 0.533731453408, 3.55213540943, 1.69896537737, 77.6600377326, 0.254072744616
0.163286171929, 1.02457319511, 2.51185174685, 0.571365489269, 60.3692931248, 1.17321834835, 0.621828433059, 2.27396294049, 43.4222435353, 195.289970419, 0.0102515382103
0.228760580116, 0.87303001411, 3.37866198595, 0.431420476121, 50.7569568784, 1.17321834835, 0.533731453408, 2.19421957993, 22.4062099798, 156.66301617, 0.0120874521409
0.126363652188, 0.99303584183, 2.37763917076, 0.580616202944, 33.0336590857, 1.17321834835, 0.371223359436, 1.10311190059, 41.8778905141, 179.598501254, 0.011751874283
0.112728114526, 1.03388336375, 2.51185174685, 0.504807851175, 60.3692931248, 1.17321834835, 0.362295251931, 0.987043732215, 22.4062099798, 154.602806383, 0.0151385190435
0.164538747884, 1.05395820411, 4.47062443798, 0.422325920146, 74.7510707904, 1.11032518654, 1.53001999093, 3.55213540943, 1.31367115071, 366.248469024, 0.00627493137142
0.275660375871, 1.02732550306, 2.51185174685, 0.580616202944, 33.0336590857, 1.17321834835, 0.371223359436, 4.38048050528, 7.72461416225, 105.184181577, 0.044087679116
0.892954768937, 0.865782758737, 2.02482582852, 0.671971953609, 50.7569568784, 1.01841794892, 0.702354967862, 4.8416243514, 1.31367115071, 115.964780189, 0.0431899219652
0.22614636344, 0.94880231034, 2.01797100897, 0.417929396582, 60.3692931248, 1.17321834835, 1.15443627133, 4.8416243514, 1.31367115071, 117.218396917, 0.0408370991636
0.164817748757, 0.87303001411, 2.02482582852, 0.422325920146, 99.484516251, 18.4509551556, 0.533731453408, 3.62715296194, 6.13009249134, 97.4868988467, 0.161104584409
0.423729369748, 0.94880231034, 2.02482582852, 0.526994515781, 60.3692931248, 1.17321834835, 0.0881876381103, 2.27396294049, 26.9602185419, 104.538303561, 0.103714762091
0.326997197987, 0.829542665697, 2.2876334806, 0.406637234899, 60.3692931248, 1.17321834835, 0.856491206191, 2.27396294049, 19.4205291759, 101.796863829, 0.104346674267
0.148630204932, 0.865782758737, 2.18081498624, 0.417929396582, 8.04659376414, 1.17321834835, 0.798259993491, 2.27396294049, 43.4222435353, 142.173050464, 0.0192271053077
0.326095890383, 0.852498665704, 2.18081498624, 0.636982599502, 60.3692931248, 1.17321834835, 0.798259993491, 1.87400479415, 7.72461416225, 126.475495416, 0.0298851858442
0.18759123191, 0.87303001411, 2.02482582852, 0.546688299285, 50.7569568784, 18.4509551556, 0.533731453408, 3.55213540943, 6.13009249134, 89.5743592627, 0.235659049514
0.733901393436, 0.865782758737, 2.02482582852, 0.579420224816, 74.7510707904, 27.8680082881, 0.621828433059, 3.55213540943, 5.10137565413, 90.9346049674, 0.229802884074
0.733901393436, 0.865782758737, 2.02482582852, 0.579420224816, 74.7510707904, 27.8680082881, 0.621828433059, 3.55213540943, 16.6657363584, 86.5846548852, 0.459390247584
0.733901393436, 1.14335555079, 2.00820174703, 0.579420224816, 73.7409339418, 27.8680082881, 0.371223359436, 3.29096836929, 5.10137565413, 85.0321960467, 0.466790898252
0.733901393436, 1.10775938605, 2.00820174703, 0.579420224816, 73.7409339418, 9.7427259594, 0.371223359436, 3.29096836929, 5.10137565413, 87.6688878284, 0.425587283498
0.326997197987, 0.94880231034, 2.59586785224, 0.417929396582, 60.3692931248, 1.02475166791, 1.95190650116, 2.43098876695, 28.5331589057, 281.881104002, 0.010645222534
0.120499460026, 0.865782758737, 3.80165789734, 0.626571370361, 60.3692931248, 1.11032518654, 0.312835160468, 4.85237783462, 1.31367115071, 157.293541499, 0.0134504140934
0.228760580116, 0.87303001411, 3.37866198595, 0.431420476121, 50.7569568784, 1.11032518654, 0.533731453408, 2.19421957993, 22.4062099798, 165.45891092, 0.0124296246836
0.122530843719, 0.99303584183, 2.37763917076, 0.589604427656, 33.0336590857, 1.17321834835, 0.371223359436, 1.24378437774, 41.8778905141, 202.67853323, 0.0121288436525
0.126363652188, 0.829932890291, 4.7510392122, 0.599511786575, 16.4758091985, 1.0334559613, 2.6517860993, 0.784016893096, 22.3221256551, 458.536400961, 0.00696789584879
0.143203370473, 0.865782758737, 2.18081498624, 0.417929396582, 60.3692931248, 1.17321834835, 3.6638040321, 2.27396294049, 43.4222435353, 373.797396546, 0.00967763794418
0.892954768937, 0.865782758737, 2.02482582852, 0.581463445666, 50.7569568784, 1.01841794892, 0.702354967862, 4.8416243514, 1.31367115071, 106.756658685, 0.0600922638636
0.326997197987, 0.986238296023, 2.1555098237, 0.640312870706, 60.3692931248, 2.72923843761, 0.362295251931, 0.00760013904122, 7.72461416225, 109.598304974, 0.0594023786192
0.326997197987, 1.03388336375, 2.1555098237, 0.504807851175, 93.9477644162, 1.17321834835, 0.533731453408, 1.10311190059, 22.4062099798, 106.258487131, 0.0781730297438
0.437117881544, 0.865782758737, 2.18081498624, 0.417929396582, 88.1199090702, 1.17321834835, 0.798259993491, 2.27396294049, 43.4222435353, 123.417706054, 0.041905227589
0.326997197987, 1.03388336375, 2.1555098237, 0.504807851175, 60.3692931248, 1.17321834835, 0.362295251931, 1.10311190059, 22.4062099798, 122.019315365, 0.0488713619376
0.326095890383, 1.03388336375, 2.1555098237, 0.440835615907, 60.3692931248, 1.17321834835, 0.362295251931, 4.54499214485, 43.4222435353, 122.241134974, 0.044517513627
0.126363652188, 0.99303584183, 2.27666078224, 0.580616202944, 33.0336590857, 10.7704712728, 0.371223359436, 1.24378437774, 41.8778905141, 102.913282423, 0.137095953815
0.35725764809, 1.12936576686, 3.4412997776, 0.616204499371, 8.14012611369, 47.3235946086, 0.153178653128, 2.81433991524, 7.72461416225, 89.9947475069, 0.578105387744
0.277001712214, 1.05395820411, 4.47062443798, 0.626571370361, 82.7630670434, 1.01859113877, 2.6517860993, 1.42291306508, 30.6579873111, 641.214600644, 0.0108147610268
0.228760580116, 0.846447718825, 4.47062443798, 0.434524175596, 72.1392608123, 1.11032518654, 0.533731453408, 3.55213540943, 22.4062099798, 354.055981343, 0.0121936583105
0.683519269722, 0.865782758737, 2.04530555829, 0.6807089701, 35.5951676413, 28.4321805947, 0.362295251931, 4.8416243514, 1.31367115071, 93.3949825109, 0.304553113833
0.277001712214, 1.05395820411, 4.47062443798, 0.626571370361, 63.6977073798, 1.11032518654, 1.03551439188, 1.42291306508, 30.6579873111, 468.455724968, 0.0110810448567
0.326095890383, 1.03912073474, 2.02482582852, 0.440835615907, 35.5951676413, 1.13067010844, 1.15443627133, 4.8416243514, 1.05554724547, 170.0912859, 0.0124603980086
0.619553319124, 1.07262574774, 2.1555098237, 0.504807851175, 36.3921262748, 7.82733718261, 0.362295251931, 1.71416730242, 11.5646344304, 105.887920357, 0.153207444888
0.619553319124, 0.829542665697, 2.10117107171, 0.504807851175, 36.3921262748, 16.7986133491, 0.362295251931, 1.18268765923, 11.5646344304, 94.9854388292, 0.283682174256
0.892954768937, 0.865782758737, 2.02482582852, 0.434524175596, 35.5951676413, 1.0334559613, 0.702354967862, 4.8416243514, 1.31367115071, 107.815181581, 0.10544475587
0.29136599477, 0.99303584183, 2.02482582852, 0.540276025295, 25.7312972495, 2.82198707936, 0.298177485031, 4.8416243514, 33.5184700794, 114.105538765, 0.0679478359069
0.154743955879, 0.94880231034, 2.51185174685, 0.417929396582, 92.2552488965, 7.82733718261, 0.378844662712, 3.49077083542, 10.9847269391, 109.021993268, 0.0924157206001
0.326997197987, 1.03388336375, 2.02482582852, 0.504807851175, 60.3692931248, 1.17321834835, 0.702354967862, 0.653364429266, 36.2765949615, 122.437582068, 0.0533431672278
0.126363652188, 0.829932890291, 4.7510392122, 0.599511786575, 60.3692931248, 1.0334559613, 0.910481149567, 2.11811597837, 8.59140267664, 144.188795479, 0.0232043638484
0.437117881544, 1.03912073474, 2.02482582852, 0.504807851175, 35.5951676413, 1.13067010844, 1.15443627133, 4.8416243514, 1.05554724547, 133.588778979, 0.0339635865905
0.437117881544, 1.03388336375, 2.1555098237, 0.504807851175, 60.3692931248, 1.17321834835, 0.362295251931, 1.10311190059, 43.4222435353, 157.167173539, 0.0198164762047
0.326095890383, 1.03912073474, 2.02482582852, 0.440835615907, 35.5951676413, 1.13067010844, 1.15443627133, 4.8416243514, 1.31367115071, 166.020797205, 0.0189357427572
0.326997197987, 1.03388336375, 2.1555098237, 0.504807851175, 93.9477644162, 1.17321834835, 0.533731453408, 1.10311190059, 22.4062099798, 148.202626787, 0.0217596111031
