2.34361807843, 1.04693580544, 1.45880285054, 0.964594101196, 2.83000095818, 1.08253433908, 1.91670241631, 1.26000080292, 1.14000085922, 2.00377109315, 1.92506353661, 1.00771298304, 3.04000078533, 1.00183322403, 0.906872598297, 1.00000088128, 1.0000002975, 1.10748853654, 6.34891159693, 0.910760505083, 1.00000030184, 123.82647893, 0.883443502361, 5.30396767402, 1.0658594119, 3.29000000576, 1.00000059603, 7.60489890934, 31.7179621061
5.18137792478, 1.01992115093, 1.55836463449, 0.95421101076, 2.83000093242, 1.03002010954, 2.01103277874, 1.26000004322, 1.1400000949, 2.30952767842, 2.40427613268, 0.90724434946, 3.04000068053, 1.00612035591, 0.928154838461, 1.00000058518, 1.00000003607, 1.0615134477, 5.73478922723, 0.97845152153, 1.00000023159, 111.003929381, 1.02479551496, 2.45475199142, 1.03237231811, 3.29000088478, 1.0000000044, 12.1791633712, 15.8903285736
2.90812944674, 1.00193490617, 1.40003496581, 0.995816755251, 2.83000057139, 1.15551399155, 2.65856593635, 1.26000077202, 1.14000000651, 3.69557044345, 1.66595776261, 1.06382934261, 3.04000048065, 1.04260233444, 0.957190861077, 1.00000019887, 1.00000082009, 1.00870438787, 8.21330033235, 0.939443289653, 1.00000028951, 119.243417928, 1.03251201775, 1.2298177753, 1.0115849607, 3.29000070189, 1.00000085061, 9.78058652983, 59.8091188725
3.88420217798, 1.13437923301, 1.50098209979, 0.886265000061, 2.83000017304, 1.15551399155, 5.31402110274, 1.26000045214, 1.14000094477, 3.61905928839, 2.11801384482, 1.06382934261, 3.04000048065, 1.04260233444, 1.01274100416, 1.00000085514, 1.00000077888, 1.08330800664, 8.68553952949, 0.917056673942, 1.000000028, 81.4614398566, 1.05165202146, 5.31679318174, 0.978944707248, 3.29000086256, 1.00000004422, 8.61071375812, 91.4325250737
2.90812944674, 1.00193490617, 1.40003496581, 0.995816755251, 2.83000057139, 1.03662988625, 2.65856593635, 1.26000077202, 1.14000000651, 3.69557044345, 1.66595776261, 1.06341892728, 3.0400004594, 1.09366189799, 0.887407887782, 1.00000019887, 1.00000082009, 1.00870438787, 8.21330033235, 0.939443289653, 1.00000028951, 119.243417928, 1.03251201775, 1.2298177753, 1.0115849607, 3.29000070189, 1.00000085061, 7.93404532704, 216.604588267
2.2492674093, 1.00959136325, 1.67774223258, 0.831908672461, 2.83000044507, 1.06264070005, 2.76758590121, 1.26000084485, 1.14000059993, 1.67234577904, 2.9099224907, 0.896974622229, 3.04000091516, 1.09560345858, 0.805540437784, 1.00000091722, 1.00000039129, 1.09339521636, 8.7309011376, 0.954665799713, 1.00000019879, 108.924525405, 0.951469100738, 4.74311105745, 0.96208441896, 3.29000060555, 1.00000055715, 9.32622063515, 392.848439078
2.34361807843, 1.04693580544, 1.45880285054, 0.973741261223, 2.83000095818, 1.08253433908, 1.91670241631, 1.26000080292, 1.14000085922, 2.00377109315, 2.24912090953, 1.00771298304, 3.04000078533, 1.00183322403, 0.906872598297, 1.00000088128, 1.0000002975, 1.10748853654, 6.34891159693, 0.931413701226, 1.00000009022, 123.82647893, 0.908418804359, 5.30396767402, 1.0658594119, 3.29000000576, 1.00000013607, 9.35632015851, 370.849215006
2.6609571532, 1.09702970287, 1.38078802916, 0.825929768208, 2.83000018081, 1.11260862685, 4.92235842226, 1.26000048814, 1.14000088734, 3.52826676952, 2.04858096887, 0.980087233088, 3.04000072731, 1.02823833971, 0.934695307178, 1.00000062783, 1.00000048399, 1.06963110467, 9.0681484098, 0.986861823355, 1.00000085802, 118.296862699, 0.975087477212, 2.90149236768, 0.991227404373, 3.29000094943, 1.00000066478, 10.8872041507, 135.786014599
3.99237199637, 1.07071544134, 1.47415393577, 0.823978929457, 2.83000060823, 1.11688196927, 5.5046838299, 1.26000005025, 1.14000009205, 3.65373158523, 2.93382436868, 1.02176732588, 3.04000006422, 1.00951257447, 1.06759923162, 1.00000032274, 1.00000094421, 1.10905548752, 7.21359033107, 0.964452268928, 1.00000007711, 86.4597136698, 0.941087880194, 2.4253203481, 1.02212588681, 3.29000037879, 1.00000015112, 16.1213097115, 112.893006978
1.92695592598, 1.02159703157, 1.47709263882, 0.811561466788, 2.83000006066, 0.93199777081, 2.96591537415, 1.26000003961, 1.14000074016, 2.60530513589, 1.60236558323, 0.979532098263, 3.04000063576, 1.11485084877, 1.08986354951, 1.00000042964, 1.00000054491, 1.10119363876, 3.40954699986, 0.978179775276, 1.00000037338, 83.6553641107, 1.02969376479, 2.47544143834, 0.988922518705, 3.29000049193, 1.00000012655, 10.7396574689, 286.545080874
1.36366392676, 1.04212281159, 1.35106488185, 0.898791257868, 2.83000022364, 0.968233094326, 5.05772422844, 1.26000093581, 1.14000020526, 3.17811867088, 3.04067518165, 0.980653788481, 3.04000085797, 1.06630628118, 1.06364928161, 1.00000038808, 1.00000086741, 1.02771863206, 4.61235546657, 0.956384222913, 1.00000067789, 113.639798, 0.844399418192, 4.133698643, 0.987319744545, 3.2900002632, 1.00000035741, 18.3128735257, 120.839705519
3.9194269182, 1.11702108501, 1.60056733806, 0.919950661544, 2.83000097712, 0.922381462614, 2.19752998678, 1.26000095356, 1.14000019219, 1.24910613854, 2.13110222974, 0.890228894018, 3.04000055719, 1.03046677784, 1.01223002847, 1.00000029018, 1.00000076971, 1.0353891655, 8.64799627162, 0.988295727731, 1.00000053891, 93.8957217972, 0.863813155211, 1.15613817219, 1.00099540558, 3.29000014576, 1.00000059808, 14.00940395, 143.654038782
5.31671541673, 1.01903487442, 1.40381125479, 0.995485460114, 2.83000090749, 1.1013944972, 2.35713490956, 1.26000034757, 1.14000069421, 2.70397204906, 1.84790637837, 1.07640735046, 3.0400003436, 1.03039249433, 0.978598374912, 1.00000097924, 1.00000021266, 1.06766215389, 7.7880855791, 0.963194034151, 1.00000053891, 78.0723612525, 1.03069111924, 3.07438972635, 1.06719853047, 3.29000064341, 1.00000085062, 14.3859521983, 176.478315111
5.61789035704, 1.03760846785, 1.65709094974, 0.874163569592, 2.83000019064, 1.13009291199, 4.56929653775, 1.26000040112, 1.14000000645, 1.85771162592, 2.81528286734, 0.899538065952, 3.04000014478, 1.04457263826, 0.901084004084, 1.00000091139, 1.00000025237, 1.00278959824, 6.71125830039, 0.973725396848, 1.00000068198, 113.589850207, 1.03069111924, 5.82999659521, 0.958081686792, 3.29000084488, 1.00000021086, 14.7267858682, 162.395683799
5.61789035704, 1.00441036368, 1.65709094974, 0.874163569592, 2.83000019064, 1.13009291199, 4.56929653775, 1.26000040112, 1.14000000645, 1.85771162592, 3.09485063505, 0.899538065952, 3.04000014478, 1.04457263826, 0.901084004084, 1.00000091139, 1.0000006039, 1.00155935636, 6.71125830039, 0.973725396848, 1.00000068198, 113.589850207, 1.03069111924, 5.82999659521, 1.0658594119, 3.29000084488, 1.00000021086, 10.3415991322, 1293.62316494
5.61789035704, 1.04480762033, 1.50346044913, 0.874163569592, 2.83000019064, 1.13009291199, 5.21413112621, 1.26000065396, 1.14000064127, 2.55168156557, 2.81528286734, 0.954466792692, 3.0400001732, 1.10698815218, 0.901084004084, 1.00000091139, 1.0000002975, 1.04401395173, 6.71125830039, 0.949969202332, 1.00000054861, 87.2381604389, 0.903384567437, 4.53221850318, 0.955663615996, 3.29000096543, 1.00000021086, 12.0203143937, 322.074247512
2.2492674093, 1.00959136325, 1.67774223258, 0.831908672461, 2.83000044507, 1.06264070005, 2.76758590121, 1.26000084485, 1.14000059993, 1.67234577904, 2.9099224907, 0.896974622229, 3.04000091516, 1.09560345858, 0.805540437784, 1.00000091722, 1.00000003085, 1.09339521636, 8.7309011376, 0.954665799713, 1.00000019879, 99.5030683678, 0.951469100738, 4.74311105745, 0.96208441896, 3.29000060555, 1.00000055715, 12.8600362187, 230.692928791
5.31671541673, 1.01903487442, 1.58896626886, 0.983307824466, 2.830000792, 1.1013944972, 2.35713490956, 1.26000034757, 1.14000002008, 2.70397204906, 2.47339638274, 1.07640735046, 3.0400003436, 1.04812762541, 0.978598374912, 1.00000095173, 1.00000021266, 1.09339521636, 6.42363700646, 0.975722316308, 1.00000006596, 78.6544999846, 0.895147357907, 1.04943359371, 1.04840967713, 3.29000064341, 1.00000072101, 10.8133243556, 552.611954894
3.9194269182, 1.07071544134, 1.60056733806, 0.919950661544, 2.83000097712, 0.922381462614, 2.19752998678, 1.26000095356, 1.14000019219, 2.14719815085, 2.13110222974, 0.890228894018, 3.04000055719, 1.03046677784, 1.01223002847, 1.00000029018, 1.00000076971, 1.0353891655, 8.64799627162, 0.988295727731, 1.00000053891, 93.8957217972, 0.863813155211, 1.12821037088, 1.00099540558, 3.29000014576, 1.00000059808, 10.9902588604, 398.449871417
1.88087647556, 1.11567498529, 1.43094955599, 0.839949104542, 2.83000076797, 0.899150441858, 5.53209779072, 1.26000003886, 1.14000017791, 2.90753091641, 2.55042776268, 0.975962659696, 3.04000000503, 1.0978802361, 1.04452873359, 1.00000004413, 1.00000039129, 1.03162132862, 9.26110285659, 0.911975990484, 1.00000016184, 85.1302737702, 0.901213991923, 3.19642605687, 1.02910681166, 3.29000091189, 1.0000007009, 12.2323742989, 356.189744187
4.92580123551, 1.12157292912, 1.34667168233, 0.966879129777, 2.83000084493, 1.14530352747, 2.77363405319, 1.26000082503, 1.14000050948, 2.68456490997, 3.08785608467, 1.0763123352, 3.04000040309, 1.01506786544, 0.969560983211, 1.00000003392, 1.00000024505, 1.02836393921, 4.98436903029, 0.983539210509, 1.00000056189, 123.76922398, 1.03136839902, 4.9483569267, 1.00072279456, 3.29000046797, 1.00000082984, 17.3690082554, 181.913672507
5.31671541673, 1.01903487442, 1.40381125479, 0.977991087546, 2.83000090749, 1.1013944972, 2.35713490956, 1.26000034757, 1.14000069421, 2.70397204906, 1.84790637837, 1.07640735046, 3.0400003436, 1.03039249433, 0.978598374912, 1.00000097924, 1.00000021266, 1.06766215389, 7.7880855791, 0.963194034151, 1.00000053891, 78.0723612525, 1.03069111924, 3.07438972635, 1.06719853047, 3.29000064341, 1.00000085062, 13.5495717869, 342.172744489
1.36366392676, 1.03922606303, 1.35106488185, 0.898791257868, 2.83000022364, 0.968233094326, 5.05772422844, 1.26000093581, 1.14000020526, 3.17811867088, 3.04067518165, 0.980653788481, 3.04000085797, 1.06630628118, 1.06364928161, 1.00000038808, 1.00000086741, 1.02771863206, 4.61235546657, 0.956384222913, 1.00000067789, 106.610743815, 0.844399418192, 4.133698643, 0.987319744545, 3.2900002632, 1.00000035741, 11.3074376417, 645.183272668
5.61789035704, 1.03760846785, 1.65709094974, 0.874163569592, 2.83000019064, 1.13009291199, 4.56929653775, 1.26000040112, 1.14000000645, 1.85771162592, 2.81528286734, 0.899538065952, 3.0400001732, 1.09560345858, 0.901084004084, 1.00000091139, 1.00000025237, 1.00119383515, 6.71125830039, 0.973725396848, 1.00000019879, 89.8979194556, 1.03069111924, 5.98494439075, 0.958081686792, 3.29000096543, 1.00000021086, 11.3913496562, 559.130969787
5.31671541673, 1.01903487442, 1.40381125479, 0.995485460114, 2.83000090749, 1.1013944972, 2.35713490956, 1.26000034757, 1.14000070166, 2.70397204906, 1.84790637837, 1.07640735046, 3.0400003436, 1.03039249433, 0.978598374912, 1.00000097924, 1.00000021266, 1.06766215389, 7.7880855791, 0.963194034151, 1.00000053891, 79.16474661, 0.895147357907, 3.07438972635, 1.04840967713, 3.29000064341, 1.00000085062, 11.9552563382, 564.654787981
2.51187031853, 1.04346445753, 1.50346044913, 0.890389000542, 2.83000061145, 1.1086538814, 1.81956643972, 1.26000077202, 1.14000001328, 1.38211945356, 1.66595776261, 0.980087233088, 3.0400004594, 1.02015865158, 0.971067560908, 1.00000062875, 1.00000077858, 1.04401395173, 8.64872922077, 0.962655337611, 1.00000001317, 119.216886615, 0.961190569907, 1.67496046094, 1.04371533655, 3.29000098647, 1.00000046031, 20.2627683639, 280.402566547
2.90812944674, 1.00193490617, 1.40003496581, 0.995816755251, 2.83000057139, 1.03662988625, 2.65856593635, 1.26000077202, 1.14000000651, 3.69557044345, 1.66595776261, 1.06341892728, 3.0400004594, 1.09366189799, 0.887407887782, 1.00000019887, 1.0000002975, 1.00870438787, 8.21330033235, 0.93017666077, 1.00000028951, 119.243417928, 1.03251201775, 1.2298177753, 1.0115849607, 3.29000070189, 1.00000085061, 20.3481154856, 238.16543459
4.92580123551, 1.09326896197, 1.34667168233, 0.966879129777, 2.83000053448, 1.14530352747, 1.93778306385, 1.26000082503, 1.14000050948, 2.68456490997, 2.27505490279, 1.0763123352, 3.04000032772, 1.01506786544, 1.06895693913, 1.00000099562, 1.00000024505, 1.07017135195, 3.57982662704, 0.983539210509, 1.00000056189, 123.76922398, 1.03136839902, 4.9483569267, 1.00072279456, 3.29000046797, 1.00000082984, 12.5727928678, 456.967528515
4.92580123551, 1.09326896197, 1.36249289362, 0.966879129777, 2.83000084493, 1.14530352747, 2.77363405319, 1.26000082503, 1.14000050948, 2.68456490997, 3.08785608467, 1.0763123352, 3.04000040309, 1.00676968197, 0.903684992702, 1.00000003392, 1.00000070076, 1.09339521636, 3.57982662704, 0.988845466019, 1.00000056189, 78.6544999846, 1.03136839902, 4.9483569267, 1.00072279456, 3.29000046797, 1.00000034064, 11.6011366581, 1596.86376899
3.74439989952, 1.11702108501, 1.60056733806, 0.919950661544, 2.83000097712, 0.926655768268, 2.19752998678, 1.26000095356, 1.14000019219, 1.24910613854, 2.13110222974, 0.890228894018, 3.04000045442, 1.03046677784, 1.01223002847, 1.00000029018, 1.00000076971, 1.0353891655, 8.64799627162, 0.988295727731, 1.00000053891, 93.8957217972, 0.85756353808, 1.15613817219, 1.00099540558, 3.29000014576, 1.00000059808, 17.5171830273, 309.582503826
5.18137792478, 1.03554699224, 1.54873917006, 0.95421101076, 2.83000093242, 1.00730793996, 2.01103277874, 1.26000004322, 1.14000050798, 2.30952767842, 2.40427613268, 0.90724434946, 3.04000068053, 1.04728945503, 0.928154838461, 1.00000058518, 1.00000003607, 1.05503961332, 5.73478922723, 0.97845152153, 1.00000023159, 85.9830817183, 1.02479551496, 2.45475199142, 0.980537856261, 3.29000088478, 1.0000000044, 27.3674778249, 265.857797828
2.90812944674, 1.00193490617, 1.40003496581, 0.995816755251, 2.83000057139, 1.03662988625, 2.65856593635, 1.26000077202, 1.14000000651, 3.69557044345, 1.66595776261, 1.06341892728, 3.0400004594, 1.09366189799, 0.887407887782, 1.00000019887, 1.0000002975, 1.00870438787, 8.21330033235, 0.93017666077, 1.00000028951, 119.243417928, 1.03251201775, 1.2298177753, 1.0115849607, 3.29000070189, 1.00000085061, 20.5683908681, 275.021552467
2.6609571532, 1.09702970287, 1.38078802916, 0.825929768208, 2.83000018081, 1.11260862685, 4.70372859803, 1.26000048814, 1.14000053128, 1.96509638817, 2.04858096887, 0.980087233088, 3.04000077613, 1.02823833971, 0.934695307178, 1.00000062783, 1.00000048399, 1.06963110467, 9.0681484098, 0.986861823355, 1.00000085802, 118.296862699, 0.975087477212, 3.53462827645, 0.991227404373, 3.29000094943, 1.00000032237, 12.8039552975, 514.503230556
1.55914150852, 1.12157292912, 1.34222642688, 0.807777219651, 2.83000075201, 0.995207313, 2.46902378694, 1.26000028733, 1.14000075238, 3.52826676952, 1.68392929117, 0.910819300093, 3.04000024037, 1.03320669127, 1.03269197535, 1.00000062875, 1.00000076603, 1.02836393921, 4.98436903029, 0.918583866691, 1.00000088972, 95.6703014363, 1.01682448973, 4.86258941875, 1.02290638702, 3.29000038552, 1.00000013607, 12.2197511762, 661.083174469
2.51187031853, 1.04346445753, 1.50346044913, 0.895704710562, 2.83000061145, 1.1086538814, 1.81956643972, 1.26000077202, 1.14000001328, 1.38211945356, 1.66595776261, 0.96047350847, 3.0400004594, 1.02015865158, 0.971067560908, 1.00000062875, 1.00000077858, 1.04401395173, 8.64872922077, 0.962655337611, 1.00000001317, 119.216886615, 0.961190569907, 1.67496046094, 1.04371533655, 3.29000098647, 1.00000015482, 15.6142602657, 391.094655704
2.46602371933, 1.11567498529, 1.43094955599, 0.839949104542, 2.83000076797, 0.899150441858, 5.53209779072, 1.26000003886, 1.14000017791, 2.97205669161, 2.13110222974, 0.975962659696, 3.04000000503, 1.0978802361, 1.04452873359, 1.00000004413, 1.00000039129, 1.03162132862, 9.26110285659, 0.911975990484, 1.00000016184, 85.1302737702, 0.901213991923, 3.19642605687, 1.02910681166, 3.29000091189, 1.00000051202, 25.3750319925, 325.435721775
2.74713318943, 1.00193490617, 1.40003496581, 0.995816755251, 2.83000057139, 1.05840792839, 3.62346168579, 1.26000083945, 1.14000044124, 3.69557044345, 3.07448931989, 0.97670509118, 3.04000068948, 1.03157116421, 0.969560983211, 1.00000019887, 1.00000082009, 1.09582193957, 8.77942034678, 0.939443289653, 1.00000028951, 119.243417928, 1.03251201775, 1.2298177753, 1.00845796219, 3.2900009548, 1.00000033284, 14.4648261004, 459.071043409
1.74180598296, 1.08218005693, 1.70437089884, 0.827440052864, 2.83000001985, 0.972617792893, 2.74874614712, 1.26000072077, 1.14000022247, 1.62485926493, 2.36744384488, 0.934946709721, 3.0400005986, 1.10118989035, 0.910453656918, 1.00000080014, 1.00000039008, 1.06379284742, 3.661627665, 0.930703978022, 1.00000046665, 100.218235015, 0.863813155211, 1.58670618064, 1.05078108498, 3.29000033916, 1.0000007544, 12.6413843662, 850.191275272
4.92580123551, 1.12157292912, 1.34667168233, 0.966879129777, 2.83000084493, 1.14530352747, 2.55605998965, 1.26000082503, 1.14000050948, 2.68456490997, 3.08785608467, 1.0763123352, 3.04000040309, 1.01506786544, 0.969560983211, 1.00000003392, 1.00000024505, 1.02836393921, 4.98436903029, 0.983539210509, 1.00000056189, 123.76922398, 1.07422362452, 4.48351070512, 1.00072279456, 3.29000046797, 1.00000082984, 29.2215365735, 329.1493107
5.85730009006, 1.12165625874, 1.47415393577, 0.823978929457, 2.83000060823, 1.11688196927, 5.5046838299, 1.26000008621, 1.1400000022, 3.65373158523, 2.93382436868, 1.02176732588, 3.04000008059, 1.04407214008, 1.06759923162, 1.00000087836, 1.00000095842, 1.10948301547, 8.723260112, 0.964452268928, 1.0000003526, 86.4597136698, 0.941087880194, 2.4253203481, 0.9559805922, 3.29000037879, 1.00000056568, 12.2855728907, 1758.59079574
1.62223416154, 1.11036184251, 1.55338532801, 0.945219625457, 2.83000078122, 0.930880720453, 1.88408344695, 1.26000011908, 1.14000053744, 1.3618616561, 2.96941997471, 1.09914863336, 3.04000050555, 1.04905136381, 0.976669122301, 1.00000059477, 1.00000053992, 1.0562285374, 7.64101161695, 0.992381462441, 1.00000051833, 82.4280627219, 1.02791109737, 3.33130087991, 0.966395035771, 3.29000091118, 1.0000007552, 12.3307728013, 2133.80961079
4.92580123551, 1.09326896197, 1.34667168233, 0.966879129777, 2.83000053448, 1.14530352747, 3.63200336818, 1.26000082503, 1.14000050948, 2.68456490997, 3.08785608467, 1.0763123352, 3.04000032772, 1.01506786544, 1.06305457531, 1.00000099562, 1.00000024505, 1.07017135195, 3.57982662704, 0.983539210509, 1.00000056189, 123.76922398, 1.03136839902, 4.9483569267, 1.00072279456, 3.29000046797, 1.00000082984, 14.5606880932, 519.413278473
3.9194269182, 1.11702108501, 1.37475193836, 0.919950661544, 2.83000097712, 0.922381462614, 2.19752998678, 1.26000095356, 1.14000019219, 1.24910613854, 2.13110222974, 0.890228894018, 3.04000055719, 1.03046677784, 1.03258865689, 1.00000029018, 1.00000076971, 1.0353891655, 8.64799627162, 0.988295727731, 1.00000053891, 93.8957217972, 0.863813155211, 1.15613817219, 1.00099540558, 3.29000014576, 1.00000059808, 13.0083132895, 757.700637602
5.31671541673, 1.01903487442, 1.40381125479, 0.983307824466, 2.83000090749, 1.1013944972, 2.35713490956, 1.26000034757, 1.1400006314, 2.70397204906, 1.86389151002, 1.07640735046, 3.0400003436, 1.04812762541, 0.978598374912, 1.00000095173, 1.00000021266, 1.09339521636, 7.7880855791, 0.953595346157, 1.00000006997, 78.6544999846, 0.895147357907, 3.07438972635, 1.04840967713, 3.29000064341, 1.00000072101, 14.5952773489, 525.704463366
2.2492674093, 1.00959136325, 1.67774223258, 0.831908672461, 2.83000044507, 1.06264070005, 1.91670241631, 1.26000084485, 1.14000059993, 1.67234577904, 2.9099224907, 0.896974622229, 3.04000091516, 1.09560345858, 0.805540437784, 1.00000091722, 1.00000039129, 1.09339521636, 5.74806353362, 0.954665799713, 1.00000056822, 108.924525405, 0.951469100738, 4.74311105745, 0.960570630559, 3.29000060555, 1.00000055715, 16.658595144, 490.555290613
5.31671541673, 1.01903487442, 1.40381125479, 0.983307824466, 2.83000090749, 1.1013944972, 2.35713490956, 1.26000034757, 1.1400006314, 2.70397204906, 1.84790637837, 1.07640735046, 3.0400003436, 1.04812762541, 0.978598374912, 1.00000095173, 1.00000021266, 1.09339521636, 7.7880855791, 0.953595346157, 1.00000006997, 78.6544999846, 0.895147357907, 3.07438972635, 1.04840967713, 3.29000064341, 1.00000072101, 13.8647238034, 717.355605299
4.92580123551, 1.09326896197, 1.36249289362, 0.966879129777, 2.83000084493, 1.14530352747, 2.77363405319, 1.26000082503, 1.14000050948, 2.68456490997, 3.08785608467, 1.0763123352, 3.04000040309, 1.01506786544, 0.903684992702, 1.00000003392, 1.00000024505, 1.00671921269, 3.57982662704, 0.983539210509, 1.00000056189, 123.76922398, 1.03136839902, 4.9483569267, 1.00072279456, 3.29000046797, 1.00000082984, 14.2143962645, 652.832080148
1.34919143793, 1.11771945391, 1.34019177806, 0.997516588076, 2.83000075266, 0.901807382434, 1.28239605141, 1.2600003328, 1.14000018389, 1.95831564113, 1.77752167443, 1.04969239367, 3.04000028955, 1.11561255679, 0.928154838461, 1.00000051475, 1.00000076603, 1.09523965387, 9.88834323702, 0.945526495532, 1.00000091661, 90.0199718789, 0.845249997101, 1.10916060398, 1.01892128737, 3.29000046494, 1.00000053018, 22.3184813092, 391.629349814
3.61835853121, 1.11702108501, 1.37475193836, 0.919950661544, 2.83000097712, 0.922381462614, 2.19752998678, 1.26000098526, 1.14000019219, 2.70397204906, 2.13110222974, 0.890228894018, 3.0400003436, 1.03046677784, 1.03258865689, 1.0000002686, 1.00000076971, 1.0353891655, 8.64799627162, 0.988295727731, 1.00000053891, 93.8957217972, 0.863813155211, 3.07438972635, 1.00099540558, 3.29000014576, 1.00000072101, 18.4046574359, 422.411929991
5.61789035704, 1.03760846785, 1.65709094974, 0.874163569592, 2.83000019064, 1.13009291199, 5.21413112621, 1.26000040112, 1.14000064127, 2.55168156557, 2.81528286734, 0.899538065952, 3.0400001732, 1.10698815218, 0.901084004084, 1.00000091139, 1.0000002975, 1.00119383515, 6.71125830039, 0.949969202332, 1.00000054861, 87.2381604389, 0.903384567437, 5.30925962274, 0.955663615996, 3.29000096543, 1.00000021086, 13.5040643467, 928.908482305
1.55914150852, 1.04346445753, 1.50346044913, 0.895704710562, 2.83000061145, 1.1086538814, 1.81956643972, 1.26000077202, 1.14000001328, 1.38211945356, 1.66595776261, 0.96047350847, 3.0400004594, 1.02015865158, 0.971067560908, 1.00000062875, 1.0000009354, 1.04401395173, 8.64872922077, 0.962655337611, 1.00000001317, 119.216886615, 0.961190569907, 4.20796725062, 1.04111276161, 3.29000098647, 1.00000060882, 13.1834663933, 1535.48020085
2.51187031853, 1.13532425819, 1.57617776431, 0.814070777236, 2.83000009697, 1.05076404664, 5.68644967907, 1.26000082076, 1.14000080303, 1.6127128088, 1.58213555497, 1.01218452384, 3.04000096402, 1.04542289144, 0.851834808635, 1.00000049454, 1.00000076479, 1.04842428381, 9.20203738506, 0.956130554032, 1.00000092674, 100.44179142, 0.843290884984, 1.06612288267, 1.03096994591, 3.29000036931, 1.00000070506, 13.6286500778, 1110.36398247
3.88758750638, 1.0757376174, 1.61839087293, 0.945821726164, 2.8300001951, 1.1111831283, 3.47823700092, 1.26000070335, 1.14000008574, 1.42619666107, 3.00577212594, 0.907231553263, 3.04000036655, 1.11965574159, 0.832274212468, 1.00000061298, 1.00000012504, 1.08940555255, 5.02930265902, 0.98185806699, 1.00000002277, 105.775898874, 0.956591117565, 5.6061715856, 1.0199680735, 3.29000074133, 1.00000093428, 14.0937542818, 798.244467066
5.31671541673, 1.01903487442, 1.40381125479, 0.983307824466, 2.83000090749, 1.1013944972, 2.35713490956, 1.26000034757, 1.1400006314, 2.70397204906, 1.86389151002, 1.07640735046, 3.0400003436, 1.04812762541, 0.978598374912, 1.00000095173, 1.00000021266, 1.09339521636, 7.7880855791, 0.953595346157, 1.00000006997, 78.6544999846, 0.895147357907, 3.07438972635, 1.04840967713, 3.29000058043, 1.00000072101, 13.7619191721, 1127.67199283
1.34919143793, 1.11771945391, 1.34019177806, 0.997516588076, 2.83000075266, 0.901807382434, 1.28239605141, 1.2600003328, 1.14000018389, 1.95831564113, 1.77752167443, 1.00479414496, 3.04000028955, 1.10832439047, 0.928154838461, 1.00000051475, 1.00000076603, 1.09523965387, 9.81785542808, 0.945526495532, 1.00000051051, 90.0199718789, 0.845249997101, 1.29965434269, 1.01892128737, 3.29000046494, 1.00000031219, 13.541580753, 1737.99404838
4.44469548474, 1.11171544465, 1.34222642688, 0.826145286321, 2.83000050608, 0.995207313, 2.46902378694, 1.2600009039, 1.14000092139, 3.52826676952, 2.13110222974, 0.983856762983, 3.04000024037, 1.03320669127, 0.983118547435, 1.00000003807, 1.00000026655, 1.00397694783, 4.98436903029, 0.918583866691, 1.0000003496, 91.113749469, 0.955679126911, 4.86258941875, 0.992568029854, 3.29000038552, 1.00000036081, 16.4261442889, 555.131147286
1.92695592598, 1.02159703157, 1.47709263882, 0.811561466788, 2.83000006066, 0.93199777081, 2.96591537415, 1.26000003961, 1.14000074016, 2.60530513589, 2.38425921369, 0.979532098263, 3.04000063576, 1.11485084877, 1.08986354951, 1.00000042964, 1.00000054491, 1.07471928865, 3.40954699986, 0.978179775276, 1.00000037338, 83.6553641107, 1.02969376479, 2.64305010354, 0.988922518705, 3.29000049193, 1.00000012655, 14.7720023339, 641.069392309
5.85730009006, 1.12165625874, 1.47415393577, 0.81064534878, 2.83000060823, 1.11688196927, 5.5046838299, 1.26000013394, 1.1400000022, 3.65373158523, 2.93382436868, 1.05537312361, 3.04000008059, 1.04407214008, 1.06759923162, 1.00000092617, 1.00000095842, 1.10948301547, 8.723260112, 0.964452268928, 1.00000032781, 78.6544999846, 0.941087880194, 1.10240767009, 0.9559805922, 3.29000037879, 1.00000056568, 15.5301968308, 632.643410278
1.74180598296, 1.08218005693, 1.70437089884, 0.827440052864, 2.83000001985, 0.897906019931, 1.27166683871, 1.26000072077, 1.14000022247, 1.62485926493, 2.22479956248, 0.934946709721, 3.0400005986, 1.10118989035, 0.848564606283, 1.00000080014, 1.00000039008, 1.06379284742, 3.661627665, 0.930703978022, 1.00000046665, 100.218235015, 0.876182966134, 1.58670618064, 1.05078108498, 3.29000033916, 1.0000007544, 23.434514109, 459.843986782
5.18137792478, 1.03554699224, 1.54873917006, 0.95421101076, 2.83000093242, 1.00730793996, 2.01103277874, 1.26000004322, 1.14000050798, 2.30952767842, 2.40427613268, 0.90724434946, 3.04000068053, 1.04728945503, 0.928154838461, 1.00000058518, 1.00000003607, 1.0615134477, 5.73478922723, 0.97845152153, 1.00000023159, 111.003929381, 1.02479551496, 2.45475199142, 1.03237231811, 3.29000088478, 1.0000000044, 21.9810491744, 496.458255753
2.51187031853, 1.02829208684, 1.57617776431, 0.966879129777, 2.83000009697, 1.05076404664, 5.68644967907, 1.26000082503, 1.14000080303, 1.6127128088, 1.58213555497, 1.0061933968, 3.04000096402, 1.01448872477, 0.851834808635, 1.00000020774, 1.00000076479, 1.04842428381, 9.20203738506, 0.956130554032, 1.00000093226, 87.9399574337, 0.843290884984, 1.06612288267, 1.03096994591, 3.29000068494, 1.00000070506, 24.5399504315, 471.567618823
2.90812944674, 1.00193490617, 1.40003496581, 0.995816755251, 2.83000000484, 1.15551399155, 3.62346168579, 1.26000077202, 1.14000000651, 3.69839837476, 1.66595776261, 0.97670509118, 3.04000068948, 1.04260233444, 0.969560983211, 1.00000019887, 1.00000082009, 1.00870438787, 9.23772515057, 0.939443289653, 1.00000028951, 119.243417928, 0.885240258843, 1.2298177753, 1.0115849607, 3.29000070189, 1.00000033284, 14.7683255198, 721.660459078
5.85730009006, 1.12165625874, 1.47415393577, 0.823978929457, 2.83000060823, 1.11688196927, 4.75807455124, 1.26000008621, 1.1400000022, 3.65373158523, 3.07448931989, 1.02176732588, 3.04000008059, 1.04407214008, 1.06759923162, 1.00000087836, 1.00000095842, 1.10948301547, 8.723260112, 0.964452268928, 1.0000003526, 86.4597136698, 0.941087880194, 2.4253203481, 1.00845796219, 3.29000037879, 1.00000056568, 15.1655364037, 699.911940004
2.10411062853, 1.01992115093, 1.55836463449, 0.933219876154, 2.83000091125, 1.15246814013, 1.30082795299, 1.26000091144, 1.14000041489, 2.39809140393, 2.91452116086, 1.06340645266, 3.04000010035, 1.07384791202, 0.874823175439, 1.00000068684, 1.00000037809, 1.09467909427, 3.71303171153, 0.914538913311, 1.00000026425, 119.811235248, 0.865982216383, 1.7752812857, 1.00641446626, 3.29000099674, 1.00000069304, 20.4661962327, 542.379099831
2.90812944674, 1.00193490617, 1.34361267704, 0.916042892239, 2.83000057139, 0.993612192312, 2.65856593635, 1.26000077202, 1.14000009205, 3.69557044345, 1.99876749898, 1.05510775653, 3.0400004594, 1.09366189799, 0.901084004084, 1.00000032307, 1.00000049458, 1.00870438787, 8.21330033235, 0.939443289653, 1.00000044499, 103.626519339, 1.03251201775, 1.2298177753, 1.0115849607, 3.29000070189, 1.00000085061, 17.9109316203, 614.647139448
2.90812944674, 1.00193490617, 1.40003496581, 0.995816755251, 2.83000057139, 1.15551399155, 3.62346168579, 1.26000077202, 1.14000000651, 3.69557044345, 1.66595776261, 0.97670509118, 3.04000068948, 1.04260233444, 0.969560983211, 1.00000019887, 1.00000082009, 1.00870438787, 8.21330033235, 0.939443289653, 1.00000028951, 119.243417928, 1.03251201775, 1.2298177753, 1.0115849607, 3.29000070189, 1.00000033284, 15.5546217542, 701.372718834
4.01229085562, 1.11582008107, 1.39659092133, 0.843601892789, 2.8300000738, 0.975636731098, 2.9663573262, 1.26000022148, 1.14000008411, 1.98012398556, 1.96346625128, 1.09108418972, 3.04000037315, 1.05225228872, 0.980848825324, 1.00000039045, 1.00000085232, 1.08233700568, 8.77629103585, 0.910729320825, 1.00000074089, 79.7792446661, 0.885240258843, 1.80174072496, 1.03838368783, 3.29000002133, 1.00000003378, 16.0591336535, 689.951273071
5.18137792478, 1.03554699224, 1.54873917006, 0.95421101076, 2.83000093242, 1.00730793996, 2.01103277874, 1.26000004322, 1.14000050798, 2.30952767842, 2.40427613268, 0.978994021301, 3.04000068053, 1.04728945503, 0.928154838461, 1.00000058518, 1.00000003607, 1.05503961332, 5.73478922723, 0.97845152153, 1.00000023159, 85.9830817183, 1.02479551496, 2.45475199142, 0.980537856261, 3.29000088478, 1.0000000044, 14.05171809, 2338.19257761
1.34919143793, 1.01992115093, 1.34019177806, 0.997516588076, 2.83000009417, 0.901807382434, 1.28239605141, 1.26000087072, 1.14000018389, 1.95831564113, 1.77752167443, 1.00479414496, 3.04000028955, 1.10832439047, 0.928154838461, 1.00000051475, 1.00000076603, 1.09523965387, 9.81785542808, 0.945526495532, 1.00000051051, 90.0199718789, 0.845249997101, 2.03440634381, 1.01892128737, 3.29000046494, 1.00000031219, 14.0548768315, 3052.19199857
3.38268022092, 1.12157292912, 1.34222642688, 0.926669718323, 2.83000095818, 0.995207313, 2.46902378694, 1.26000026215, 1.14000075238, 3.52826676952, 1.68392929117, 0.902835739948, 3.04000024037, 1.01068083194, 1.03269197535, 1.00000088128, 1.0000002975, 1.00397694783, 4.98436903029, 0.918583866691, 1.00000030184, 79.552115507, 0.903384567437, 4.86258941875, 0.992568029854, 3.29000038552, 1.00000013607, 15.9461664221, 711.25521415
2.2492674093, 1.00959136325, 1.67774223258, 0.831908672461, 2.83000044507, 1.06264070005, 2.76758590121, 1.26000084485, 1.14000059993, 1.92262833675, 2.9099224907, 0.896974622229, 3.04000091516, 1.09560345858, 0.805540437784, 1.00000091722, 1.00000003085, 1.09339521636, 8.7309011376, 0.954665799713, 1.00000019879, 99.5030683678, 0.951469100738, 4.74311105745, 0.96208441896, 3.29000060555, 1.00000055715, 23.2890169938, 558.24819206
1.92695592598, 1.02159703157, 1.47709263882, 0.811561466788, 2.83000006066, 0.93199777081, 2.96591537415, 1.26000003961, 1.14000074016, 2.86125767988, 2.67478618938, 0.979532098263, 3.04000063576, 1.10042912422, 1.08986354951, 1.00000014862, 1.00000054491, 1.07471928865, 3.40954699986, 0.978179775276, 1.00000037338, 83.6553641107, 1.02969376479, 2.64305010354, 0.989578906464, 3.29000049193, 1.00000004807, 14.87829882, 964.223579994
5.31671541673, 1.01903487442, 1.34222642688, 0.995485460114, 2.83000090749, 1.1013944972, 3.44675032353, 1.26000034757, 1.1400006314, 2.70397204906, 1.84790637837, 1.07640735046, 3.0400003436, 1.07486342266, 0.978598374912, 1.00000097924, 1.00000021266, 1.06766215389, 7.7880855791, 0.953595346157, 1.00000053891, 79.16474661, 0.895147357907, 3.07438972635, 1.04840967713, 3.29000064341, 1.00000085062, 17.0560373283, 696.96860456
2.34361807843, 1.05953920104, 1.45880285054, 0.964594101196, 2.83000095818, 1.08253433908, 4.93825065313, 1.26000080292, 1.14000085922, 2.00377109315, 1.92506353661, 1.00771298304, 3.04000078533, 1.00183322403, 0.906872598297, 1.00000088128, 1.0000002975, 1.10748853654, 6.34891159693, 0.910760505083, 1.00000030184, 119.234753222, 0.883443502361, 5.30396767402, 1.0658594119, 3.29000000576, 1.00000036826, 15.1357850567, 1466.40917463
2.51187031853, 1.02829208684, 1.57617776431, 0.966879129777, 2.83000009697, 1.05076404664, 5.68644967907, 1.26000082503, 1.14000080303, 1.6127128088, 1.58213555497, 1.0061933968, 3.04000096402, 1.01448872477, 0.851834808635, 1.00000020774, 1.00000076479, 1.04842428381, 9.20203738506, 0.956130554032, 1.00000093226, 87.9399574337, 0.843290884984, 1.06612288267, 1.03096994591, 3.29000063033, 1.00000070506, 15.0653384657, 1481.44824565
5.31671541673, 1.01903487442, 1.34222642688, 0.997516588076, 2.83000090749, 1.06869080021, 3.44675032353, 1.26000034757, 1.1400006314, 2.70397204906, 1.84790637837, 1.08455455561, 3.0400003436, 1.09257130906, 0.928154838461, 1.00000097924, 1.00000021266, 1.06766215389, 7.7880855791, 0.953595346157, 1.00000053891, 79.16474661, 0.845249997101, 3.07438972635, 1.04840967713, 3.29000064341, 1.00000085062, 15.2190588763, 1175.88424854
1.34919143793, 1.04807778867, 1.36824761656, 0.997516588076, 2.83000078372, 0.901807382434, 3.3312227461, 1.26000043498, 1.14000018389, 1.95831564113, 1.77752167443, 0.962360096311, 3.0400002633, 1.10832439047, 0.928154838461, 1.00000051475, 1.00000076603, 1.09523965387, 8.78577373614, 0.945526495532, 1.00000051051, 90.0199718789, 0.845249997101, 2.03440634381, 1.01892128737, 3.29000046494, 1.00000031219, 23.2897096644, 638.293029974
2.90812944674, 1.00193490617, 1.34361267704, 0.916042892239, 2.83000057139, 0.952954467911, 2.65856593635, 1.26000077202, 1.14000009205, 3.69557044345, 1.66595776261, 1.05510775653, 3.0400004594, 1.09366189799, 0.887407887782, 1.00000032307, 1.00000049458, 1.00870438787, 8.21330033235, 0.939443289653, 1.00000044499, 103.626519339, 1.03251201775, 1.2298177753, 1.0115849607, 3.29000070189, 1.00000085061, 20.1474369561, 701.298805349
5.61789035704, 1.03760846785, 1.65709094974, 0.874163569592, 2.83000019064, 1.13009291199, 5.21413112621, 1.26000040112, 1.14000064127, 2.55168156557, 2.81528286734, 0.899538065952, 3.0400001732, 1.09560345858, 0.901084004084, 1.00000091139, 1.00000025237, 1.00119383515, 6.71125830039, 0.973725396848, 1.00000054861, 87.2381604389, 0.903384567437, 5.30925962274, 0.958081686792, 3.29000096543, 1.00000021086, 28.7026982984, 631.676719119
2.25844453939, 1.08574868913, 1.36208412436, 0.836537044286, 2.83000082296, 1.10470826311, 1.27711835243, 1.26000049495, 1.14000071572, 1.27430804667, 1.89870514068, 0.946215823741, 3.04000083381, 1.10259579277, 1.05894091842, 1.00000078049, 1.00000032246, 1.00059255499, 9.7015580991, 0.938853430235, 1.00000039846, 89.3393633005, 0.970550376763, 1.04031586263, 1.01126448322, 3.29000011389, 1.00000012965, 14.7833240353, 2849.01018808
4.60187491751, 1.03554699224, 1.40003496581, 0.824962734056, 2.83000043459, 0.853872350608, 5.86536362076, 1.26000062425, 1.14000099757, 1.66573732708, 3.03863273075, 0.90724434946, 3.04000026136, 1.09774441223, 0.982885280924, 1.00000051475, 1.0000009632, 1.03072622542, 7.46058137029, 0.974650190097, 1.00000028951, 107.350696352, 0.968461187145, 5.23237309689, 1.04791751372, 3.29000019459, 1.00000069691, 19.7343974026, 710.892388376
3.38268022092, 1.12157292912, 1.34222642688, 0.807777219651, 2.83000075201, 0.995207313, 2.46902378694, 1.26000028733, 1.14000075238, 3.52826676952, 1.68392929117, 0.983856762983, 3.04000024037, 1.03320669127, 1.03269197535, 1.00000005913, 1.00000026655, 1.00397694783, 4.98436903029, 0.918583866691, 1.00000054861, 91.113749469, 0.903384567437, 4.86258941875, 0.992568029854, 3.29000038552, 1.00000013607, 16.2031982166, 1009.99369056
3.99237199637, 1.07071544134, 1.47415393577, 0.823978929457, 2.83000060823, 1.11688196927, 5.5046838299, 1.26000005025, 1.14000009205, 1.89943721341, 2.93382436868, 1.02176732588, 3.04000006422, 1.00951257447, 1.06759923162, 1.00000032274, 1.00000094421, 1.10905548752, 7.21359033107, 0.938490191324, 1.00000007711, 86.4597136698, 0.941087880194, 2.4253203481, 1.02212588681, 3.29000037879, 1.00000015112, 15.6839293304, 1301.8089831
3.99237199637, 1.11702108501, 1.61695299107, 0.823978929457, 2.83000060823, 1.11688196927, 5.5046838299, 1.26000001603, 1.14000009205, 2.07656257304, 3.1119688491, 1.02176732588, 3.04000006422, 1.00951257447, 1.06759923162, 1.00000032274, 1.00000095375, 1.10905548752, 7.21359033107, 0.964452268928, 1.00000007711, 86.4597136698, 0.941087880194, 2.4253203481, 1.02212588681, 3.29000037879, 1.00000015112, 27.3788947011, 642.981854604
5.31671541673, 1.01903487442, 1.40381125479, 0.983307824466, 2.83000090749, 1.1013944972, 2.35713490956, 1.26000034757, 1.1400006314, 2.70397204906, 1.84790637837, 1.08638693214, 3.0400003436, 1.04812762541, 0.99950725446, 1.00000095173, 1.00000021266, 1.09339521636, 7.7880855791, 0.953595346157, 1.00000006997, 78.6544999846, 0.895147357907, 3.07438972635, 1.04840967713, 3.29000064341, 1.00000072101, 14.9620396166, 3616.83711014
2.4627134219, 1.03922606303, 1.35106488185, 0.862076268936, 2.83000022364, 0.968233094326, 5.05772422844, 1.26000093581, 1.14000033163, 3.17811867088, 3.04067518165, 0.980653788481, 3.0400000069, 1.06630628118, 1.06364928161, 1.00000075268, 1.00000085906, 1.06724156848, 4.61235546657, 0.956384222913, 1.00000067789, 106.610743815, 0.874021713074, 4.133698643, 1.03217097506, 3.2900002632, 1.00000049275, 17.6362613731, 864.411169547
4.92580123551, 1.11751431693, 1.34667168233, 0.966879129777, 2.83000053448, 1.0880433859, 3.74886693811, 1.26000082503, 1.14000050948, 2.85642473487, 3.08785608467, 1.0027208118, 3.04000032772, 1.01506786544, 0.969560983211, 1.00000003392, 1.00000024505, 1.00671921269, 3.57982662704, 0.983539210509, 1.00000056189, 123.76922398, 1.03136839902, 3.95829677538, 1.01891681512, 3.29000046797, 1.00000061116, 17.5486968002, 957.227343809
5.18137792478, 1.11358313887, 1.54873917006, 0.95421101076, 2.83000093242, 1.00730793996, 2.01103277874, 1.26000004322, 1.14000050798, 2.30952767842, 2.40427613268, 0.985126991674, 3.04000068053, 1.04728945503, 1.01144398691, 1.00000058518, 1.00000003607, 1.10780588583, 5.73478922723, 0.97845152153, 1.00000023159, 111.003929381, 1.02479551496, 2.45475199142, 1.03237231811, 3.29000020012, 1.0000000044, 16.5243911721, 1208.24843961
4.92580123551, 1.12157292912, 1.34667168233, 0.966879129777, 2.83000084493, 1.15044137029, 2.77363405319, 1.26000082503, 1.14000050948, 2.47387697037, 2.47339638274, 1.0763123352, 3.04000040309, 1.01506786544, 0.969560983211, 1.00000003392, 1.00000024505, 1.02836393921, 4.98436903029, 0.983539210509, 1.00000028367, 123.76922398, 1.03136839902, 5.32594089869, 1.00072279456, 3.29000046797, 1.00000082984, 15.9553174576, 1562.11566417
3.38268022092, 1.12157292912, 1.40381125479, 0.807777219651, 2.83000075201, 0.995207313, 3.35511825938, 1.26000028733, 1.14000075238, 3.52826676952, 1.68392929117, 0.972040473861, 3.04000024037, 1.03632525993, 1.04806226714, 1.00000005913, 1.00000076603, 1.02836393921, 4.98436903029, 0.918583866691, 1.00000054861, 95.6703014363, 0.903384567437, 4.86258941875, 0.992568029854, 3.29000038552, 1.00000013607, 16.2611296321, 1328.87350293
1.74180598296, 1.08218005693, 1.70437089884, 0.827440052864, 2.83000001985, 0.897906019931, 1.27166683871, 1.26000072077, 1.14000022247, 1.62485926493, 2.22479956248, 0.934946709721, 3.0400005986, 1.10118989035, 0.848564606283, 1.00000080014, 1.00000039008, 1.06379284742, 5.73478922723, 0.930703978022, 1.00000089819, 100.218235015, 0.876182966134, 1.58670618064, 1.05078108498, 3.29000033916, 1.0000007544, 27.4808031272, 684.000456881
2.2492674093, 1.00959136325, 1.67774223258, 0.831908672461, 2.83000044507, 0.967317902739, 1.91670241631, 1.26000084485, 1.14000051771, 1.67234577904, 2.9099224907, 0.896974622229, 3.04000091516, 1.09560345858, 0.805540437784, 1.00000091722, 1.00000039129, 1.09339521636, 5.74806353362, 0.954665799713, 1.00000056822, 108.924525405, 0.951469100738, 4.74311105745, 0.960570630559, 3.29000060555, 1.00000055715, 16.1453764437, 1530.8310299
2.6609571532, 1.09702970287, 1.38078802916, 0.825929768208, 2.83000018081, 1.11260862685, 4.70372859803, 1.26000048814, 1.14000053128, 1.96509638817, 2.04858096887, 0.980087233088, 3.04000072731, 1.02823833971, 0.934695307178, 1.00000062783, 1.00000048399, 1.06963110467, 9.0681484098, 0.986861823355, 1.00000085802, 118.296862699, 0.975087477212, 3.53462827645, 0.991227404373, 3.29000094943, 1.00000066478, 15.5145877609, 4868.44328955
1.36366392676, 1.07061787501, 1.35106488185, 0.880976910684, 2.83000022364, 0.968233094326, 5.05772422844, 1.26000093581, 1.14000020526, 3.17811867088, 3.06533133068, 0.980653788481, 3.04000085797, 1.04812762541, 1.06364928161, 1.00000038808, 1.00000086741, 1.02771863206, 4.61235546657, 0.956384222913, 1.00000067789, 106.610743815, 0.844399418192, 4.133698643, 0.987319744545, 3.2900002632, 1.00000035741, 15.6861564262, 2058.29367501
2.90812944674, 1.00193490617, 1.40003496581, 0.995816755251, 2.83000057139, 1.15551399155, 2.65856593635, 1.26000077202, 1.14000000651, 3.69557044345, 1.66595776261, 0.97670509118, 3.04000068948, 1.04260233444, 0.957190861077, 1.00000019887, 1.00000082009, 1.00870438787, 8.21330033235, 0.939443289653, 1.00000028951, 119.243417928, 1.03251201775, 1.2298177753, 1.0115849607, 3.29000070189, 1.00000074562, 18.767801442, 928.051088998
1.74180598296, 1.01903487442, 1.70437089884, 0.827440052864, 2.83000001985, 0.897906019931, 1.27166683871, 1.26000072077, 1.14000022247, 1.62485926493, 2.22479956248, 0.934946709721, 3.04000086685, 1.10118989035, 0.848564606283, 1.00000080014, 1.00000039008, 1.06379284742, 3.661627665, 0.930703978022, 1.00000046665, 78.6544999846, 0.914896617467, 1.15490026312, 1.05078108498, 3.29000033916, 1.0000007544, 20.5108896428, 731.198397359
1.23903665082, 1.11771945391, 1.34019177806, 0.997695029566, 2.83000075266, 0.901807382434, 1.28239605141, 1.26000072077, 1.14000022247, 1.72250359445, 1.77752167443, 1.00479414496, 3.04000028955, 1.10118989035, 0.928154838461, 1.00000051475, 1.00000076603, 1.09523965387, 9.81785542808, 0.945526495532, 1.00000051051, 90.0199718789, 0.845249997101, 1.29965434269, 1.02325002537, 3.29000046494, 1.00000031219, 15.9341483721, 2064.39387285
4.60187491751, 1.03554699224, 1.40003496581, 0.824962734056, 2.83000043459, 0.853872350608, 5.86536362076, 1.26000062425, 1.14000099161, 1.66573732708, 3.03863273075, 0.90724434946, 3.04000026136, 1.09774441223, 0.982885280924, 1.00000011332, 1.0000009632, 1.03072622542, 7.46058137029, 0.971142503464, 1.00000028951, 107.350696352, 0.968461187145, 5.23237309689, 1.04791751372, 3.29000019459, 1.00000069691, 17.1720076243, 1278.65824176
5.61789035704, 1.12235072288, 1.65709094974, 0.874163569592, 2.83000019064, 1.13009291199, 4.56929653775, 1.26000040112, 1.14000000645, 1.85771162592, 2.81528286734, 1.02555983574, 3.04000014478, 1.09560345858, 0.901084004084, 1.00000091722, 1.00000025237, 1.00278959824, 6.71125830039, 0.973725396848, 1.00000068198, 113.589850207, 1.03069111924, 5.82999659521, 0.958081686792, 3.29000084488, 1.00000021086, 21.1197456145, 767.101609995
5.85730009006, 1.12165625874, 1.47415393577, 0.81064534878, 2.83000060823, 1.11688196927, 5.5046838299, 1.26000006455, 1.1400000022, 3.65373158523, 2.93382436868, 1.05537312361, 3.04000008059, 1.04407214008, 1.06759923162, 1.00000092617, 1.00000095842, 1.10948301547, 8.723260112, 0.964452268928, 1.00000032781, 78.6544999846, 0.941087880194, 1.10240767009, 0.9559805922, 3.29000037879, 1.00000056568, 19.4131082443, 997.573382369
