0.114931362922, 0.840883081792, 5.26773338515, 0.830532677835, 86.2122607473, 4.64346714654, 0.595128829888, 1.25098669675, 19.6008603789, 0.00040090172596, 0.0
0.101952114421, 0.83288739852, 6.08302020007, 0.831780912097, 87.0266882317, 1.54475475177, 0.903408547808, 0.573664036593, 12.7795071964, 0.000907647769083, 0.0
0.12975048119, 0.838450765608, 2.11704624976, 0.942370318159, 86.7456653756, 1.14186248089, 0.595128829888, 0.979173924584, 11.7372524151, 0.0013722242818, 0.0
0.101360022305, 0.840883081792, 2.13592410827, 0.722660502841, 90.5706885596, 1.31580219745, 0.213106429961, 1.49123887473, 19.9621323372, 0.001474359036, 0.0
0.119571809161, 0.840883081792, 3.8153972062, 0.722660502841, 90.5706885596, 1.38406944034, 0.213106429961, 1.49123887473, 19.9621323372, 0.00160607734814, 0.0
0.101952114421, 0.995492874393, 2.92573542557, 0.929563226459, 99.5924625196, 2.26265533495, 0.0293563074858, 4.6476125582, 11.0770680427, 0.00188744526489, 0.0
0.100688783951, 0.981289056227, 2.13592410827, 0.85807321538, 94.3488474589, 1.0315830677, 1.74599649812, 1.49123887473, 12.9862787818, 0.00221512716006, 0.0
0.101952114421, 0.83288739852, 2.13592410827, 0.64538893933, 91.0830962379, 1.16071322958, 0.172950704142, 1.37486471041, 19.423462933, 0.00227855752892, 0.0
0.114443019212, 1.01264079746, 5.24580880978, 0.892401414128, 86.2122607473, 1.49753109009, 0.505495623411, 4.6476125582, 19.4978642707, 0.00240533855235, 0.0
0.141635449612, 0.840883081792, 2.24463750357, 0.85873206081, 90.5706885596, 1.22112361964, 0.595128829888, 0.726735750826, 19.9955862929, 0.00270329133292, 0.0
0.152373238838, 1.02560696962, 3.8153972062, 0.716138349129, 94.3889484712, 1.06536887495, 0.683069366852, 4.53680257296, 14.8106180237, 0.00282564953157, 0.0
0.101324743017, 0.83288739852, 6.08302020007, 0.831780912097, 87.0266882317, 2.29208779397, 0.903408547808, 0.573664036593, 12.7795071964, 0.00284399993469, 0.0
0.100688783951, 0.981289056227, 2.13592410827, 0.89808937396, 94.3488474589, 1.0315830677, 1.74599649812, 1.49123887473, 12.9862787818, 0.00291537531065, 0.0
0.114443019212, 1.01264079746, 5.24580880978, 0.876371035454, 94.3889484712, 1.06536887495, 0.748119392331, 3.48053291921, 19.5425648752, 0.00307241609508, 0.0
0.141635449612, 0.840883081792, 2.24463750357, 0.85873206081, 90.5706885596, 1.22112361964, 0.595128829888, 0.726735750826, 19.9955862929, 0.0031061255406, 0.0
0.101952114421, 0.821729775705, 5.26773338515, 0.942370318159, 91.0830962379, 1.14186248089, 0.595128829888, 1.25098669675, 14.0488941961, 0.00316059727699, 0.0
0.114443019212, 0.935186808999, 6.95152759662, 0.892401414128, 94.3889484712, 1.06536887495, 1.34328198325, 3.48053291921, 19.5425648752, 0.00322199715513, 0.0
0.134245812922, 0.926963626288, 3.23939292599, 0.783784255844, 81.046638793, 2.40839618826, 0.874140857321, 4.66235977826, 15.0195526951, 0.00325369690946, 0.0
0.125799934144, 0.840883081792, 2.12259865508, 0.65746925227, 99.0095558187, 1.38406944034, 0.758091212266, 2.3516670673, 14.7379497491, 0.00339900170175, 0.0
0.101505036796, 0.840883081792, 2.11704624976, 0.775787549874, 90.5706885596, 1.38406944034, 0.595128829888, 0.979173924584, 19.9621323372, 0.00345803266524, 0.0
0.114443019212, 0.926963626288, 3.23939292599, 0.783784255844, 94.3889484712, 1.06536887495, 1.34328198325, 4.66235977826, 19.5425648752, 0.00373179795575, 0.0
0.101703853068, 0.873925067723, 2.13592410827, 0.64538893933, 90.5706885596, 1.03611839401, 0.251878748052, 0.214134403896, 12.7795071964, 0.00347610651246, 0.416666666667
0.141635449612, 0.840883081792, 2.24463750357, 0.85873206081, 86.9356800365, 1.22112361964, 0.595128829888, 1.12362183121, 18.0896786025, 0.00350137651255, 0.142857142857
0.141635449612, 0.840883081792, 2.73812624258, 0.722660502841, 90.5706885596, 1.38406944034, 0.213106429961, 1.12362183121, 19.9955862929, 0.003837472918, 0.0
0.100331661951, 1.02064365187, 2.53606403039, 0.945844909211, 98.7694864931, 1.49753109009, 0.213106429961, 3.48053291921, 11.0770680427, 0.00385487047809, 0.0
0.119571809161, 0.840883081792, 3.8153972062, 0.722660502841, 90.5706885596, 1.38406944034, 0.213106429961, 1.49123887473, 19.9621323372, 0.00387097481696, 0.0
0.12975048119, 0.840883081792, 5.689925176, 0.844334979147, 82.0127790643, 1.14186248089, 0.595128829888, 0.979173924584, 14.2240955642, 0.00389160271647, 0.0
0.101703853068, 0.825518213622, 2.13592410827, 0.64538893933, 90.5706885596, 1.03611839401, 0.251878748052, 0.214134403896, 12.7795071964, 0.00392040690561, 0.0
0.114931362922, 1.07254577858, 5.29413398676, 0.830532677835, 89.9805094781, 2.06058025704, 1.74599649812, 3.20384582355, 10.0231399011, 0.00393376085495, 0.0
0.100688783951, 0.981289056227, 2.13592410827, 0.85807321538, 94.3488474589, 1.38406944034, 0.213106429961, 1.49123887473, 12.9862787818, 0.00396665718867, 0.0
0.100331661951, 1.02064365187, 2.53606403039, 0.945844909211, 98.7694864931, 1.49753109009, 1.99215916823, 3.48053291921, 11.0770680427, 0.00398569478379, 0.0
0.141635449612, 0.840883081792, 2.24463750357, 0.85873206081, 90.5706885596, 1.22112361964, 0.595128829888, 1.12362183121, 19.9955862929, 0.00396903461003, 0.25
0.152373238838, 1.02560696962, 3.8153972062, 0.660530497811, 94.3889484712, 1.03181371881, 0.683069366852, 4.53680257296, 14.8106180237, 0.00426975414381, 0.0
0.114443019212, 1.01264079746, 6.01940010616, 0.764941476287, 86.2122607473, 1.49753109009, 1.99215916823, 3.20384582355, 12.3374850608, 0.00435471740291, 0.0
0.101360022305, 0.840883081792, 2.13592410827, 0.722660502841, 90.5706885596, 1.31580219745, 0.213106429961, 1.49123887473, 19.9621323372, 0.00428100356675, 0.272727272727
0.101952114421, 0.83288739852, 2.13592410827, 0.64538893933, 91.0830962379, 1.16071322958, 0.213106429961, 1.37486471041, 19.423462933, 0.00436775062562, 0.0
0.134329883334, 0.935186808999, 5.56126035097, 0.673490599372, 98.9973470944, 2.61172846161, 0.570863042081, 3.32086382546, 12.8062828073, 0.00439227666481, 0.272727272727
0.120227055068, 1.02560696962, 7.42625778805, 0.652107040776, 90.35008859, 1.13213632454, 1.98416476455, 4.48415213313, 13.1053595814, 0.00440103894824, 0.0
0.114443019212, 0.9072098448, 2.37641846023, 0.904554132205, 89.5723341749, 1.48860353306, 1.98239434004, 3.48053291921, 19.5425648752, 0.00443287402079, 0.0
0.101952114421, 0.83288739852, 6.18490708771, 0.831780912097, 87.0266882317, 1.32083426459, 1.12052903884, 0.573664036593, 12.7795071964, 0.00444133191619, 0.0
0.114443019212, 1.21833402072, 5.24580880978, 0.617874524613, 82.9899009664, 1.04087046463, 1.49616776732, 2.28188427689, 19.423462933, 0.00453286491525, 0.0
0.114443019212, 1.01264079746, 6.95152759662, 0.892401414128, 94.3889484712, 1.06536887495, 1.98239434004, 3.48053291921, 19.5425648752, 0.00455045920549, 0.0
0.152373238838, 1.02560696962, 3.8153972062, 0.660530497811, 94.4124355469, 1.03181371881, 0.595128829888, 4.59122585423, 19.9955862929, 0.00458312449808, 0.0
0.134329883334, 0.935186808999, 5.56126035097, 0.673490599372, 98.9973470944, 2.61172846161, 0.570863042081, 4.48415213313, 12.8062828073, 0.00462994354042, 0.0
0.12975048119, 0.840883081792, 5.689925176, 0.844334979147, 86.7456653756, 1.14186248089, 0.595128829888, 0.979173924584, 19.9621323372, 0.00463849638393, 0.0
0.101952114421, 0.83288739852, 3.99961668049, 0.831780912097, 87.0266882317, 1.32083426459, 1.12052903884, 0.573664036593, 12.7795071964, 0.00468736361668, 0.0
0.152373238838, 1.02560696962, 4.49575807129, 0.777222524274, 88.2954938954, 1.48860353306, 0.302214318479, 4.16906662314, 13.7943446812, 0.00473918781497, 0.0
0.152373238838, 0.935186808999, 2.70181603291, 0.660530497811, 94.4124355469, 1.03181371881, 0.595128829888, 4.59122585423, 19.9955862929, 0.00475085145816, 0.0
0.141635449612, 1.08090131674, 2.13592410827, 0.876371035454, 96.5499788737, 1.38406944034, 0.200721546421, 4.14575569412, 11.8158336878, 0.00476437921971, 0.0
0.114443019212, 1.01264079746, 6.01940010616, 0.892401414128, 86.2122607473, 1.49753109009, 1.99215916823, 3.48053291921, 15.2791680948, 0.00476850780757, 0.0
0.152373238838, 0.977949376463, 6.09778764631, 0.674950742425, 98.6390840436, 1.48860353306, 0.965094958572, 3.78230791597, 13.7943446812, 0.00479050441177, 0.0
0.101360022305, 0.840883081792, 6.43704385622, 0.722660502841, 90.5706885596, 1.31580219745, 0.213106429961, 1.49123887473, 19.9621323372, 0.00479552657424, 0.0909090909091
0.153619898294, 0.995492874393, 7.32841393596, 0.929745333141, 91.7193312005, 2.22068737436, 0.177204723495, 4.14575569412, 17.7559957103, 0.00481372253463, 0.0
0.114443019212, 1.01264079746, 2.53030818742, 0.81673274379, 83.5364570767, 1.49753109009, 1.43917816162, 3.48053291921, 19.5425648752, 0.00483388193763, 0.0
0.114443019212, 1.01264079746, 6.01940010616, 0.892401414128, 86.2122607473, 1.49753109009, 1.83316660181, 3.48053291921, 15.2791680948, 0.00483894620067, 0.0
0.101952114421, 1.12982408411, 6.18490708771, 0.831780912097, 83.5871239239, 1.32083426459, 1.12052903884, 0.573664036593, 12.7795071964, 0.00489045397516, 0.0
0.108717406175, 1.14670870601, 2.53030818742, 0.948251328047, 99.3782051935, 1.61612996216, 1.428812887, 1.70057494604, 19.9621323372, 0.00492081909482, 0.0
0.101505036796, 0.840883081792, 2.11704624976, 0.65746925227, 81.3846669503, 1.38406944034, 0.595128829888, 0.979173924584, 19.9621323372, 0.00494370820323, 0.0
0.101952114421, 0.840883081792, 2.11704624976, 0.844334979147, 90.5706885596, 1.14186248089, 0.595128829888, 0.979173924584, 19.9621323372, 0.0049609771173, 0.0
0.147674385451, 1.12526461467, 7.55733021329, 0.76427433692, 83.5403586809, 1.7714550394, 0.0338975412642, 1.54740204996, 15.050494768, 0.00496693669751, 0.0
0.10150802267, 1.01264079746, 5.24580880978, 0.876371035454, 94.3889484712, 1.06536887495, 0.748119392331, 3.48053291921, 16.3713220931, 0.00503178287906, 0.0
0.114443019212, 1.01264079746, 2.53030818742, 0.892401414128, 83.5364570767, 1.49753109009, 1.43917816162, 3.99949649395, 19.5425648752, 0.00510307207474, 0.0
0.114443019212, 1.21833402072, 5.24580880978, 0.617874524613, 82.9899009664, 1.04087046463, 1.12052903884, 2.28188427689, 19.423462933, 0.00515137510834, 0.146341463415
0.100688783951, 0.981289056227, 2.13592410827, 0.85807321538, 94.3488474589, 1.0315830677, 1.74599649812, 1.49123887473, 12.9862787818, 0.00516505081818, 0.0
0.101952114421, 0.85851702903, 6.08302020007, 0.831780912097, 87.0266882317, 1.48860353306, 1.12052903884, 2.76345589266, 12.7795071964, 0.00518236555641, 0.0
0.101952114421, 0.820341449832, 2.13592410827, 0.712999111542, 91.0830962379, 1.08001212462, 1.428812887, 1.37486471041, 19.7630174863, 0.00518993314609, 0.0
0.152373238838, 1.02560696962, 3.8153972062, 0.716138349129, 94.3889484712, 1.06536887495, 0.683069366852, 4.53680257296, 14.8106180237, 0.00519737310131, 0.0
0.114443019212, 1.01264079746, 2.53030818742, 0.892401414128, 84.5501248275, 1.49753109009, 1.99522432213, 0.691143312102, 19.4978642707, 0.00521612173534, 0.0
0.114443019212, 1.09560437202, 6.01940010616, 0.876371035454, 98.3822392841, 1.49753109009, 1.99215916823, 3.48053291921, 11.8158336878, 0.00524951411959, 0.0
0.14017043067, 1.06148775175, 2.53030818742, 0.803712552752, 99.7203450273, 1.61612996216, 1.1422378715, 0.295347485184, 16.9425900323, 0.00525824681852, 0.0
0.114443019212, 1.01264079746, 6.95152759662, 0.892401414128, 99.3921662966, 1.06536887495, 1.98239434004, 3.48053291921, 19.5425648752, 0.00529573680571, 0.0
0.114931362922, 0.840883081792, 5.26773338515, 0.830532677835, 86.2122607473, 1.43813374132, 0.595128829888, 1.25098669675, 19.9621323372, 0.00530281782546, 0.0
0.141635449612, 0.840883081792, 2.16059590416, 0.722660502841, 84.4039528809, 1.38406944034, 0.595128829888, 1.12362183121, 18.0896786025, 0.00534818739507, 0.0
0.114443019212, 1.01264079746, 2.53030818742, 0.917197850792, 86.2122607473, 1.49753109009, 1.99215916823, 3.48053291921, 17.8550951872, 0.00534972765001, 0.0
0.114443019212, 1.01264079746, 5.24580880978, 0.892401414128, 86.2122607473, 1.49753109009, 1.99215916823, 3.48053291921, 19.4978642707, 0.00537662791633, 0.0
0.114931362922, 0.840883081792, 2.11704624976, 0.844334979147, 90.5706885596, 1.14186248089, 0.595128829888, 0.979173924584, 19.9621323372, 0.00538838877044, 0.0
0.114443019212, 1.01264079746, 5.24580880978, 0.892401414128, 86.2122607473, 1.49753109009, 1.99215916823, 3.48053291921, 19.4978642707, 0.00540918476422, 0.0
0.117622207988, 1.2175199523, 2.53030818742, 0.702273458866, 94.9223746267, 1.13213632454, 1.49616776732, 0.691143312102, 17.8550951872, 0.00541971028246, 0.0
0.117622207988, 0.82905139166, 6.18490708771, 0.831780912097, 87.0266882317, 1.32083426459, 1.12052903884, 0.573664036593, 15.050494768, 0.0054370211892, 0.0
0.101952114421, 0.82905139166, 6.18490708771, 0.831780912097, 91.4190895202, 1.25225392065, 1.12052903884, 0.573664036593, 16.6277105531, 0.0055016341101, 0.0
0.100688783951, 0.981289056227, 7.67955263573, 0.85807321538, 94.3488474589, 1.0315830677, 1.97480473547, 1.49123887473, 13.692678044, 0.00546955320076, 0.117647058824
0.100331661951, 1.02064365187, 2.53606403039, 0.924890256737, 96.6266309211, 1.49753109009, 0.505495623411, 1.54740204996, 11.0770680427, 0.00551721988964, 0.0
0.120227055068, 0.995401982281, 6.17079449416, 0.654581359144, 90.4679313152, 1.48860353306, 1.49616776732, 2.53714553696, 13.9388667922, 0.00554453203441, 0.0
0.114931362922, 0.995401982281, 2.11704624976, 0.830532677835, 90.5706885596, 1.38406944034, 0.595128829888, 0.979173924584, 15.2791680948, 0.00563454325863, 0.2
0.117622207988, 1.12526461467, 7.55733021329, 0.76427433692, 83.5403586809, 1.7714550394, 0.177204723495, 1.54740204996, 15.050494768, 0.00555241571253, 0.230769230769
0.100331661951, 1.02064365187, 2.53606403039, 0.924890256737, 96.6266309211, 1.49753109009, 0.505495623411, 4.6476125582, 11.0770680427, 0.00576855860166, 0.0
0.101952114421, 1.01264079746, 5.24580880978, 0.795544981497, 94.3889484712, 1.06536887495, 0.748119392331, 3.48053291921, 19.5425648752, 0.00558826144891, 0.416666666667
0.100688783951, 0.954685074822, 2.53030818742, 0.85807321538, 94.3488474589, 1.0315830677, 1.74599649812, 1.49123887473, 12.9862787818, 0.00574535281062, 0.276595744681
0.117622207988, 0.85851702903, 7.55733021329, 0.76427433692, 83.5403586809, 1.7714550394, 0.177204723495, 1.54740204996, 15.050494768, 0.00585526793105, 0.0
0.100331661951, 1.02064365187, 2.53606403039, 0.945844909211, 96.6266309211, 1.49753109009, 1.99215916823, 3.48053291921, 11.0770680427, 0.00583675122683, 0.147058823529
0.114443019212, 1.21833402072, 5.24580880978, 0.617874524613, 82.9899009664, 1.04087046463, 1.49616776732, 2.28188427689, 14.4103834724, 0.00586899494581, 0.0
0.101952114421, 0.82905139166, 6.18490708771, 0.831780912097, 87.0266882317, 1.32083426459, 1.12052903884, 0.573664036593, 15.413998253, 0.00587589746477, 0.0
0.100331661951, 1.01264079746, 6.01940010616, 0.892401414128, 86.2122607473, 1.49753109009, 1.99215916823, 3.20384582355, 12.3374850608, 0.00589385310674, 0.0
0.120227055068, 0.83288739852, 7.42625778805, 0.652107040776, 89.3764881148, 1.1171296685, 1.98239434004, 4.48415213313, 13.1053595814, 0.00590037930549, 0.030303030303
0.114931362922, 0.840883081792, 2.11704624976, 0.844334979147, 90.5706885596, 1.14186248089, 0.595128829888, 0.979173924584, 19.9621323372, 0.00601449644274, 0.0
0.101952114421, 0.832160403687, 2.13592410827, 0.864184420456, 87.0266882317, 1.16071322958, 0.161251473207, 1.37486471041, 17.7369405413, 0.00599771244393, 0.611111111111
0.12975048119, 0.840883081792, 2.11704624976, 0.844334979147, 86.7456653756, 1.14186248089, 0.595128829888, 0.979173924584, 19.9621323372, 0.00600513803359, 0.1
0.101952114421, 0.83288739852, 6.18490708771, 0.831780912097, 83.5871239239, 1.32083426459, 1.12052903884, 0.573664036593, 12.7795071964, 0.00604757496267, 0.0
0.12975048119, 1.12982408411, 5.26773338515, 0.942370318159, 86.7456653756, 1.54475475177, 1.93517993568, 1.25098669675, 11.7372524151, 0.00610288498346, 0.0
0.114443019212, 0.977949376463, 6.01940010616, 0.892401414128, 86.2122607473, 1.48860353306, 1.99215916823, 3.48053291921, 19.1625472108, 0.00616072501508, 0.0
