1,2,3,0,0,1,1,1,1,1,-1,0,-1,1,2,3,1,1,-1,-1,1,3,2,-1,-1,-1,-1,0,1,2,-1,2,-1,-1,3,-1,0,0,-1,2,2,2,3,3,0,-1,0,2,0,-1,97116,509
2,2,-1,1,-1,0,3,3,0,-1,3,2,-1,1,0,2,2,2,3,1,-1,-1,-1,0,-1,3,0,0,1,-1,0,2,3,0,3,2,0,0,2,1,-1,1,-1,2,-1,1,3,-1,3,0,97076,530
-1,0,2,3,0,3,-1,-1,0,2,2,-1,2,1,-1,0,2,0,3,2,0,3,0,1,-1,-1,1,3,2,1,1,-1,3,-1,1,1,0,1,2,2,0,1,1,0,-1,-1,0,2,-1,3,96882,558
-1,-1,0,-1,-1,1,1,2,0,-1,-1,3,0,2,0,3,1,3,2,3,2,0,1,2,1,0,3,1,0,0,-1,-1,3,1,2,1,2,0,3,2,1,3,1,0,-1,0,-1,2,2,-1,96741,551
3,-1,-1,0,1,0,0,1,0,-1,1,2,2,1,-1,2,-1,3,1,2,2,2,1,3,3,1,-1,0,0,2,2,0,1,0,-1,2,0,2,-1,3,-1,3,3,1,3,1,3,-1,1,0,96883,563
1,0,0,-1,0,0,3,-1,0,3,2,2,3,0,1,3,2,2,1,0,3,3,0,-1,-1,1,-1,3,2,1,3,2,2,1,-1,1,0,3,-1,3,1,3,2,1,1,2,-1,0,2,0,96651,600
0,1,0,2,3,-1,3,2,1,0,0,1,-1,-1,2,0,2,0,-1,3,2,1,3,2,3,-1,2,-1,3,2,0,3,1,1,2,-1,-1,1,3,-1,1,1,1,0,1,0,2,0,3,2,96660,596
-1,3,3,1,-1,3,2,-1,2,2,-1,3,1,2,3,2,1,1,0,0,2,-1,3,1,1,2,1,3,-1,0,3,-1,-1,0,-1,2,0,-1,0,1,1,2,0,2,0,1,3,1,3,3,96840,580
0,-1,2,3,0,2,3,1,1,0,2,-1,1,1,2,0,-1,2,-1,0,0,3,-1,1,-1,1,1,-1,-1,0,1,1,0,1,3,3,2,2,2,-1,0,0,1,-1,3,3,-1,-1,1,2,96888,550
0,1,-1,-1,1,0,3,3,2,2,2,1,3,-1,0,3,1,2,2,-1,3,0,3,0,-1,3,1,0,3,1,3,0,1,-1,1,1,-1,-1,0,-1,2,2,2,0,3,1,2,0,0,2,96821,581
1,3,-1,0,2,1,2,-1,3,3,-1,2,2,2,-1,0,1,2,-1,1,2,3,2,0,0,2,-1,2,0,0,0,3,3,0,1,0,0,2,-1,1,3,3,0,1,1,-1,1,2,-1,-1,96599,577
2,0,0,2,1,0,3,0,1,-1,3,0,2,0,1,0,3,2,3,-1,-1,3,3,-1,3,1,0,1,2,3,1,-1,1,2,2,1,-1,1,-1,-1,2,2,-1,3,3,1,2,1,-1,1,97041,578
1,1,0,3,1,-1,3,1,1,3,3,0,-1,0,2,-1,2,3,-1,1,-1,2,0,-1,3,2,-1,1,3,2,1,2,0,3,0,1,1,2,3,-1,2,1,2,0,-1,2,3,-1,-1,-1,97112,557
-1,2,3,-1,3,0,3,0,1,1,3,3,0,2,-1,1,2,-1,-1,0,-1,0,3,1,-1,3,2,1,0,1,2,1,-1,0,2,1,2,3,2,2,0,1,-1,0,-1,1,3,3,0,0,96770,569
-1,1,-1,-1,2,2,3,1,0,-1,0,0,3,3,2,0,1,2,2,2,0,0,-1,-1,2,2,3,1,1,1,0,3,0,1,-1,-1,0,3,2,1,0,1,1,-1,2,3,-1,3,1,1,96711,579
3,2,1,-1,0,0,2,3,3,-1,-1,0,3,3,-1,3,-1,2,0,1,0,1,3,1,3,0,0,3,2,1,-1,-1,1,1,1,1,-1,1,2,-1,2,3,0,0,2,0,1,0,2,2,96657,582
1,0,2,3,1,3,-1,-1,0,3,-1,1,1,2,-1,0,3,1,3,0,1,2,1,0,0,0,1,2,3,2,1,2,1,3,2,-1,3,0,-1,2,-1,3,0,1,2,2,0,2,-1,-1,96728,599
1,0,3,-1,2,1,0,0,0,3,-1,3,3,1,1,-1,2,2,-1,0,3,2,2,0,-1,2,3,1,2,1,-1,2,0,3,1,1,-1,0,0,2,2,0,2,3,3,0,1,-1,1,3,96703,587
0,3,2,0,1,3,2,-1,1,3,-1,3,3,0,-1,1,2,-1,3,3,1,1,3,-1,-1,3,2,3,2,1,1,0,-1,1,2,1,2,3,-1,0,0,2,1,-1,2,2,1,2,-1,0,96830,581
3,1,-1,0,3,2,3,2,2,2,-1,1,1,1,0,1,3,0,2,0,-1,-1,3,-1,1,2,2,-1,1,0,2,0,-1,-1,3,2,-1,0,0,-1,-1,3,-1,2,-1,0,3,1,1,2,97288,540
2,3,1,3,2,3,2,0,-1,1,1,3,0,-1,3,1,2,0,1,0,1,3,1,-1,1,0,3,2,3,1,2,0,0,3,3,-1,2,0,-1,0,2,-1,-1,1,3,2,0,2,-1,-1,97004,607
-1,1,2,2,2,-1,0,0,1,-1,-1,3,1,0,2,3,1,1,1,2,3,-1,-1,0,3,3,0,0,1,-1,0,3,-1,1,2,-1,3,3,3,0,1,3,-1,1,0,0,2,2,1,2,96844,571
0,3,-1,3,1,3,-1,0,-1,1,-1,3,1,1,1,0,2,2,0,2,1,-1,2,2,1,0,2,3,0,-1,2,1,0,1,-1,0,3,3,2,-1,2,3,1,0,-1,0,0,2,-1,1,96784,571
2,1,3,0,2,1,1,-1,-1,2,2,2,-1,-1,2,1,3,0,3,1,-1,0,2,-1,1,3,-1,2,1,-1,3,1,0,3,0,0,1,2,0,3,-1,1,2,3,0,3,0,3,3,-1,96951,593
1,1,2,2,0,0,3,1,3,0,0,-1,2,-1,-1,1,2,3,0,1,0,1,2,1,0,2,-1,-1,-1,1,0,-1,-1,2,3,1,3,-1,2,-1,2,3,-1,1,2,2,3,0,3,0,96954,574
-1,1,-1,3,1,2,1,0,2,3,2,2,0,0,0,-1,0,3,1,3,0,-1,-1,2,-1,1,0,2,3,0,-1,3,1,-1,3,1,-1,1,3,0,0,3,1,3,0,2,3,1,2,1,96784,580
0,1,1,2,-1,2,-1,0,-1,3,-1,1,3,3,3,0,2,0,3,0,3,0,2,3,2,2,1,3,2,1,2,1,-1,2,0,3,-1,1,0,1,0,-1,1,2,3,1,0,1,3,2,96598,622
-1,2,1,-1,-1,3,1,2,0,2,3,3,1,3,1,1,3,0,0,0,1,0,3,2,2,2,-1,0,2,3,3,2,1,1,3,-1,0,-1,0,0,-1,1,1,0,2,1,2,3,-1,0,96636,606
3,0,0,0,2,-1,-1,2,1,1,-1,3,1,3,-1,1,-1,1,2,2,3,1,2,-1,1,3,0,0,1,2,2,3,2,-1,0,0,1,2,2,3,-1,0,3,-1,0,-1,3,-1,0,-1,97076,566
-1,1,1,0,0,0,2,2,-1,-1,2,3,1,2,3,0,1,3,-1,3,2,2,3,0,-1,3,2,3,2,1,-1,1,-1,3,1,2,3,3,-1,-1,3,0,1,2,1,1,2,0,0,0,96662,580
0,-1,1,2,0,1,-1,-1,1,3,-1,-1,0,0,3,1,2,0,-1,1,3,1,2,3,3,2,-1,3,3,3,-1,0,1,2,1,0,0,1,-1,2,-1,2,2,2,2,2,0,3,0,1,96838,566
3,3,1,-1,2,3,1,0,-1,2,1,0,-1,3,1,0,-1,-1,3,3,0,0,-1,0,3,3,2,0,-1,0,-1,1,2,-1,-1,1,2,2,1,3,0,3,-1,1,0,-1,0,2,1,-1,97013,556
0,-1,0,3,0,3,1,3,0,2,-1,3,0,0,2,1,1,-1,3,3,2,-1,2,3,1,0,0,3,-1,0,0,2,1,3,-1,-1,2,-1,3,1,3,1,-1,-1,-1,0,1,1,2,-1,97268,555
-1,0,1,2,-1,3,2,0,0,0,3,2,-1,-1,-1,1,1,2,1,3,-1,0,2,2,0,3,2,2,0,1,0,-1,-1,-1,1,2,2,-1,3,1,3,1,0,0,0,-1,-1,3,3,1,96829,557
2,2,-1,3,3,1,-1,0,1,-1,3,-1,2,1,0,0,0,1,0,1,2,3,2,0,-1,-1,3,0,1,2,-1,1,1,3,-1,2,0,0,2,2,-1,-1,-1,-1,2,1,0,2,-1,0,96997,529
3,0,-1,2,1,2,3,-1,-1,0,3,1,-1,2,2,-1,1,1,1,1,1,2,-1,-1,0,-1,-1,3,3,0,2,1,0,-1,1,-1,2,-1,3,-1,0,3,3,1,0,2,-1,0,-1,0,97050,518
1,0,0,2,-1,2,3,2,0,2,-1,3,3,1,1,-1,0,3,1,0,2,3,2,2,2,-1,3,3,0,1,-1,2,-1,2,0,0,3,3,1,-1,0,0,3,1,3,1,2,0,1,1,96401,615
2,3,-1,-1,1,1,-1,0,3,2,-1,0,-1,3,1,3,-1,0,-1,3,0,0,1,0,1,2,0,0,2,3,1,3,3,1,2,0,1,2,-1,0,0,2,-1,2,2,1,2,0,3,1,96658,574
-1,1,0,2,2,2,1,0,1,2,0,1,1,1,0,-1,-1,1,-1,2,0,0,3,0,3,-1,3,2,-1,-1,-1,1,3,3,1,2,0,0,2,-1,-1,1,2,0,1,-1,2,3,3,0,96706,555
-1,1,3,3,-1,2,3,0,1,1,1,2,-1,-1,0,-1,2,-1,3,0,1,0,3,1,0,3,3,0,-1,-1,2,0,1,0,-1,2,0,1,2,1,3,2,0,0,-1,1,1,3,2,2,96612,575
3,1,-1,1,0,0,0,1,1,0,-1,3,-1,3,-1,3,0,2,1,3,1,-1,1,0,-1,2,1,-1,3,2,2,1,0,2,-1,2,0,-1,1,0,2,2,2,0,0,2,2,3,3,1,96776,588
-1,1,-1,2,-1,1,-1,1,1,1,1,3,3,3,3,2,2,0,0,1,1,-1,1,0,2,0,2,2,2,3,-1,0,3,1,2,0,0,-1,-1,3,-1,3,2,3,0,0,2,0,-1,3,96855,566
1,-1,3,-1,-1,-1,2,3,2,3,-1,3,0,2,2,3,0,1,3,2,0,1,3,1,0,1,-1,0,0,2,2,2,0,1,1,2,-1,0,3,1,-1,1,2,0,-1,-1,-1,2,0,-1,96866,543
2,3,1,3,-1,1,-1,-1,-1,-1,-1,1,1,1,0,3,3,1,2,0,1,3,2,-1,0,1,2,2,-1,1,0,0,0,2,1,-1,-1,0,3,-1,0,0,-1,0,-1,-1,-1,-1,2,3,97025,504
-1,-1,0,1,1,3,2,0,3,2,1,0,2,3,1,-1,0,3,0,-1,2,3,2,3,3,0,1,2,0,1,0,-1,1,0,1,-1,-1,2,-1,2,1,3,-1,3,2,1,2,1,0,2,96839,582
0,-1,0,0,2,3,0,0,-1,2,3,3,1,2,1,1,3,-1,-1,1,3,1,1,2,-1,0,2,1,1,-1,3,2,0,3,1,0,-1,3,2,3,1,3,1,2,2,2,-1,2,0,-1,96828,580
-1,-1,1,1,2,1,2,2,3,3,0,1,2,0,0,0,0,2,0,0,-1,-1,3,1,3,2,3,1,-1,-1,0,-1,1,1,2,-1,3,1,-1,-1,3,2,0,2,-1,1,1,-1,2,2,96885,551
-1,0,-1,2,1,0,-1,2,0,0,0,0,3,2,1,-1,1,-1,-1,2,-1,3,1,3,1,1,1,0,0,2,-1,2,0,3,2,-1,-1,0,-1,3,2,0,1,3,3,2,1,-1,1,3,96867,537
1,1,3,1,1,3,2,3,0,3,0,-1,3,1,3,1,0,3,-1,2,0,2,0,1,-1,1,0,2,0,-1,2,3,-1,3,2,1,2,3,-1,2,0,2,0,0,2,1,-1,1,2,0,96518,607
3,0,1,1,1,1,3,0,2,-1,2,-1,0,-1,2,-1,-1,3,-1,-1,3,2,1,2,1,0,-1,-1,2,0,1,2,0,0,0,2,2,-1,1,0,-1,-1,0,1,3,-1,2,3,0,1,97070,526
1,0,0,1,3,1,0,0,-1,3,0,0,3,2,0,2,0,0,-1,1,-1,2,2,3,2,3,3,3,-1,-1,-1,1,1,0,-1,2,-1,-1,1,3,-1,1,1,-1,2,-1,3,1,1,3,96963,559
0,-1,0,1,2,3,0,0,2,1,-1,1,0,2,3,3,2,0,-1,3,-1,0,1,-1,1,2,-1,0,-1,2,3,2,1,0,2,0,1,-1,1,2,1,3,1,3,2,0,3,0,-1,2,96710,588
1,1,0,1,-1,3,2,2,-1,3,3,2,1,0,1,0,1,-1,0,0,-1,2,-1,-1,-1,0,1,2,2,2,1,2,3,3,0,0,3,2,-1,0,1,2,-1,3,3,2,1,0,-1,2,96794,588
-1,-1,2,2,1,2,-1,3,1,2,0,0,1,0,0,1,0,-1,2,3,-1,0,2,0,-1,1,3,-1,-1,3,-1,2,1,1,1,1,2,3,-1,0,1,1,1,0,2,-1,2,0,3,3,96659,563
0,3,-1,1,-1,0,2,3,1,2,0,3,2,3,3,0,0,3,1,2,1,2,2,1,-1,2,3,3,0,0,-1,-1,1,1,-1,-1,3,0,1,0,-1,2,2,1,1,2,0,3,2,1,96776,610
-1,0,-1,-1,1,1,0,0,-1,2,0,2,1,3,0,1,1,2,2,-1,0,3,0,-1,3,3,3,1,0,-1,2,3,2,2,1,1,2,3,2,1,-1,3,0,1,0,0,1,-1,2,0,96749,593
1,-1,1,-1,-1,0,2,0,-1,-1,0,1,0,0,2,-1,-1,0,2,1,1,3,2,-1,0,3,2,1,0,0,2,2,-1,3,1,0,2,2,3,3,-1,1,1,0,1,-1,1,3,2,2,96790,560
1,2,3,2,0,3,3,-1,1,0,2,-1,0,-1,0,0,0,1,-1,2,1,2,-1,2,-1,-1,1,3,1,1,1,2,2,0,2,-1,1,1,-1,-1,1,-1,2,3,3,-1,0,0,0,-1,96920,547
1,-1,1,3,1,2,1,2,2,3,3,1,0,-1,3,0,2,1,-1,-1,0,2,2,0,0,0,-1,0,1,3,-1,2,-1,1,-1,1,0,3,2,1,1,3,2,3,1,2,0,0,2,3,96623,591
1,0,0,1,1,3,2,-1,3,-1,1,3,3,-1,0,2,3,3,3,2,1,1,3,1,2,-1,-1,2,0,2,1,0,-1,0,1,-1,0,0,2,-1,1,0,3,0,2,1,0,2,3,2,96364,605
-1,1,-1,1,1,2,2,2,0,0,0,-1,2,3,2,2,2,3,3,-1,-1,0,1,2,0,-1,3,-1,1,1,-1,2,1,0,-1,2,0,1,1,0,3,3,-1,2,2,1,-1,-1,0,1,97034,549
0,-1,2,0,-1,2,2,1,2,3,3,2,3,1,1,2,-1,1,0,1,0,0,2,-1,2,3,-1,1,3,-1,-1,0,-1,0,2,3,0,3,1,0,2,1,1,0,3,3,-1,1,3,3,96655,581
1,1,1,0,2,3,0,-1,-1,1,2,3,1,0,0,3,3,2,-1,3,0,3,-1,1,0,3,0,1,3,1,2,-1,2,2,0,2,2,2,0,1,2,3,2,-1,3,0,-1,3,1,1,96698,631
1,3,2,0,-1,2,-1,-1,1,2,-1,3,1,0,3,-1,3,0,1,0,0,0,2,2,2,1,1,3,3,2,1,1,1,3,3,-1,0,3,1,2,0,-1,0,0,-1,2,3,2,2,1,96705,610
-1,1,3,2,-1,2,2,0,2,3,3,2,1,1,-1,0,3,1,0,3,0,1,2,2,2,-1,3,2,1,-1,0,0,1,2,0,-1,1,1,-1,0,-1,3,0,2,2,1,-1,0,-1,3,96690,573
-1,0,-1,1,2,3,3,-1,2,1,2,0,3,-1,1,-1,3,1,0,-1,2,0,3,1,1,0,2,0,0,1,0,3,3,3,0,1,1,-1,-1,0,2,1,2,-1,1,2,3,3,2,2,96727,583
2,1,0,3,3,0,1,1,1,1,-1,-1,0,0,3,3,3,0,-1,1,2,3,2,1,-1,2,3,2,2,0,2,2,-1,1,-1,0,3,3,-1,2,2,1,2,0,1,2,0,0,3,-1,96746,601
0,-1,2,1,1,2,2,1,-1,1,-1,2,-1,3,2,-1,-1,3,3,1,2,0,2,2,0,3,3,3,0,-1,-1,2,0,-1,1,0,-1,2,1,0,2,2,-1,0,-1,1,0,-1,1,1,97091,526
3,-1,1,0,0,2,2,2,1,0,0,2,2,3,2,-1,-1,0,-1,3,2,1,2,-1,3,0,2,1,-1,-1,0,1,1,3,-1,0,0,1,1,2,3,1,1,1,2,0,-1,2,-1,0,96895,563
0,-1,3,2,0,3,-1,1,-1,-1,2,2,0,2,0,-1,-1,1,3,1,2,2,0,0,1,1,3,0,3,-1,-1,-1,2,0,1,3,1,1,3,2,3,0,1,1,0,2,-1,2,0,0,96583,559
1,3,2,0,0,2,-1,1,-1,1,0,3,1,0,-1,1,0,2,3,3,0,2,1,0,-1,0,3,1,3,3,-1,2,2,2,-1,2,-1,2,-1,-1,-1,2,2,3,-1,2,1,1,0,0,96959,561
0,1,0,1,0,2,0,3,1,2,2,3,0,-1,-1,-1,1,2,1,3,1,0,2,0,3,3,3,1,0,0,1,3,-1,0,-1,2,3,-1,3,2,1,2,0,-1,-1,2,-1,-1,2,1,96685,573
1,0,-1,3,3,3,1,1,1,3,-1,3,1,-1,0,-1,-1,0,2,1,3,1,2,-1,2,0,3,0,1,1,0,2,1,1,-1,2,-1,0,3,0,3,2,-1,3,0,0,2,0,3,2,96892,578
0,3,0,2,2,3,2,0,-1,-1,-1,2,-1,0,1,0,3,2,1,0,0,1,3,1,3,-1,2,1,2,1,0,0,1,-1,2,-1,1,0,1,-1,3,3,1,3,3,1,-1,-1,2,0,96616,583
3,2,-1,3,1,3,-1,-1,0,1,0,0,0,1,-1,-1,-1,2,2,3,0,-1,0,1,2,-1,-1,1,0,-1,-1,2,-1,3,2,3,1,0,3,2,0,0,1,0,2,1,-1,2,0,2,96762,512
0,-1,1,-1,0,3,-1,1,0,2,-1,1,3,2,0,0,3,-1,2,3,0,-1,2,-1,1,3,2,0,-1,1,2,3,1,-1,2,0,0,0,2,-1,3,2,1,0,1,1,1,2,3,0,96724,576
0,3,-1,2,1,1,-1,-1,-1,0,1,3,0,3,2,1,1,-1,1,0,1,3,2,0,-1,2,1,2,-1,0,1,3,0,0,0,-1,0,3,2,-1,-1,2,2,-1,2,1,2,2,-1,0,96837,562
3,-1,1,-1,0,-1,2,2,-1,1,0,1,3,3,0,-1,-1,2,2,2,3,1,2,3,-1,-1,0,2,-1,1,1,1,0,0,0,0,0,2,3,-1,-1,3,1,1,2,1,0,1,0,3,96881,555
