0.5002273619, 0.935284789392, 2.12557024292, 0.21204618679, 0.112111550279, 43.5588404643, 2.59111607864, 1.51170069679, 31.5780800455, 237.1922187, 0.422332802686
0.5002273619, 0.935284789392, 2.12557024292, 0.375916703839, 39.5573471368, 44.8050984977, 2.59111607864, 1.51170069679, 31.5780800455, 278.566566312, 0.368272864232
0.525636249036, 0.987809382291, 2.03022810087, 0.21204618679, 37.730318204, 44.8050984977, 2.46675557793, 1.08206631639, 21.094007363, 249.854736483, 0.406158176616
0.592172209348, 0.935284789392, 2.12557024292, 0.407382209387, 47.9999079634, 44.8050984977, 2.43455677314, 1.51170069679, 20.5527144652, 206.358622994, 0.446955376281
0.5002273619, 0.835794413307, 2.12557024292, 0.375916703839, 47.9999079634, 43.5588404643, 2.59111607864, 1.33487403654, 31.5780800455, 254.279410504, 0.384898637605
0.5002273619, 0.972413227721, 2.03000833371, 0.499369901798, 49.7260968534, 43.5588404643, 2.98725751321, 2.32951843006, 22.6985952852, 232.86084551, 0.433164832418
0.506161512388, 0.876664400312, 2.12557024292, 0.271803908899, 22.2696198463, 41.1460397174, 2.27973230882, 1.12936119734, 26.6871195687, 297.770626395, 0.348889933985
0.566278758765, 0.824301857358, 2.05592062647, 0.217012118936, 48.0177017699, 46.6262997246, 2.59111607864, 1.8188251479, 23.4720398122, 264.348033341, 0.378252819772
0.525636249036, 1.00329912605, 2.13168112113, 0.211831269531, 37.730318204, 44.8050984977, 2.263028668, 1.08206631639, 21.094007363, 244.428625458, 0.42905316138
0.5002273619, 0.935284789392, 2.12557024292, 0.21204618679, 46.894415317, 43.5588404643, 2.59111607864, 1.51170069679, 31.4089903679, 246.602302018, 0.428331890412
0.5002273619, 0.935284789392, 2.12557024292, 0.375916703839, 47.9999079634, 43.4774619168, 2.59111607864, 1.51170069679, 31.5780800455, 253.177132292, 0.421929686075
0.5002273619, 0.935284789392, 2.12557024292, 0.217012118936, 49.7260968534, 44.8050984977, 2.59111607864, 1.51170069679, 31.5780800455, 251.251017969, 0.427743233602
0.5002273619, 0.876664400312, 2.05592062647, 0.27563363994, 37.5258222489, 47.9939160927, 2.7457810803, 1.51170069679, 23.9367862945, 222.253143056, 0.574790759037
0.5002273619, 0.935284789392, 2.12557024292, 0.21204618679, 45.9768641181, 43.5588404643, 2.59111607864, 1.51170069679, 31.5780800455, 232.805398818, 0.448539305999
0.566278758765, 0.853414511578, 2.05592062647, 0.217012118936, 45.9768641181, 46.6262997246, 2.43455677314, 1.8188251479, 23.4720398122, 223.37978736, 0.45213913252
0.505299208576, 0.841878521063, 2.03709111981, 0.304366328172, 22.1532120507, 42.8188986407, 2.07692798812, 1.72650839388, 39.1463449382, 254.397201309, 0.418664408443
0.525636249036, 0.862933451999, 2.03000833371, 0.203898993188, 26.6222103526, 43.5588404643, 2.59111607864, 1.08206631639, 20.4109949606, 254.525559537, 0.397146221535
0.525636249036, 0.987809382291, 2.31061651445, 0.21204618679, 37.730318204, 44.8050984977, 2.46675557793, 1.08206631639, 21.094007363, 238.296410993, 0.436724459844
0.505299208576, 0.966667235665, 2.03709111981, 0.304366328172, 22.1532120507, 42.8188986407, 2.46675557793, 1.72650839388, 39.1463449382, 350.891131059, 0.357729652883
0.506161512388, 0.876664400312, 2.32666242613, 0.271803908899, 22.2696198463, 41.1460397174, 2.27973230882, 1.12936119734, 26.6871195687, 343.805896165, 0.368740234011
0.5002273619, 0.935284789392, 2.12557024292, 0.375916703839, 47.9999079634, 43.5588404643, 2.59111607864, 1.51170069679, 31.5780800455, 323.166196897, 0.374364929237
0.500165746317, 0.935284789392, 2.12557024292, 0.21204618679, 0.112111550279, 43.5588404643, 2.59111607864, 1.51170069679, 31.5780800455, 315.112315246, 0.391260252636
0.697721687565, 0.887688458099, 2.03709111981, 0.304366328172, 22.1532120507, 42.8188986407, 2.02288394804, 1.72650839388, 39.1463449382, 244.741604894, 0.42974601208
0.566278758765, 1.09483082025, 2.05592062647, 0.217012118936, 0.112111550279, 46.6262997246, 2.43455677314, 1.8188251479, 23.4720398122, 225.522010406, 0.49139915682
0.525636249036, 0.841878521063, 2.11740701618, 0.21204618679, 23.8904028654, 44.8050984977, 2.02288394804, 1.12936119734, 21.094007363, 230.732049842, 0.466158702626
0.5002273619, 0.935284789392, 2.12557024292, 0.375916703839, 39.5573471368, 43.5588404643, 2.59111607864, 1.51170069679, 31.5780800455, 293.464343814, 0.398964689325
0.506161512388, 0.876664400312, 2.05592062647, 0.27563363994, 37.5258222489, 47.9939160927, 2.7457810803, 1.51170069679, 37.9119737301, 264.110102445, 0.409087021205
0.505299208576, 0.841878521063, 2.03709111981, 0.304366328172, 45.9768641181, 42.8188986407, 2.07692798812, 1.72650839388, 39.1463449382, 260.428384395, 0.413573348208
0.5002273619, 0.935284789392, 2.12557024292, 0.375916703839, 39.5573471368, 43.2242737087, 2.59111607864, 1.51170069679, 31.5780800455, 267.288678428, 0.402785801583
0.646722259528, 0.935284789392, 2.12557024292, 0.375916703839, 49.5208104834, 40.8151699772, 2.59111607864, 1.51170069679, 22.0547889816, 240.361410865, 0.463157721861
0.502686005128, 0.947575200729, 4.68862272812, 0.336976316427, 29.8011075637, 40.152713461, 2.43455677314, 1.26807382342, 41.8419090475, 752.079347738, 0.37424465521
0.50120550008, 0.846129563922, 2.86106397747, 0.27834954273, 0.0598234958428, 46.8662798303, 2.07692798812, 1.72650839388, 32.5621716725, 367.779563255, 0.376908123301
0.525636249036, 0.987809382291, 2.11740701618, 0.21204618679, 37.730318204, 44.8050984977, 2.46675557793, 1.08206631639, 21.094007363, 255.984224528, 0.430003614922
0.5002273619, 0.835794413307, 2.12557024292, 0.401009783246, 47.9999079634, 43.5588404643, 2.59111607864, 1.33487403654, 31.5780800455, 255.203471258, 0.432602850172
0.525636249036, 0.841878521063, 2.31061651445, 0.21204618679, 37.730318204, 44.8050984977, 2.46675557793, 1.08206631639, 21.094007363, 247.823934341, 0.441128431548
0.5002273619, 0.972413227721, 2.03000833371, 0.499369901798, 49.7260968534, 43.5588404643, 2.98725751321, 2.32951843006, 22.6985952852, 229.519285976, 0.563883394049
0.525636249036, 0.835794413307, 2.12557024292, 0.228893645467, 37.730318204, 44.8050984977, 2.59111607864, 1.08206631639, 31.5780800455, 233.430773812, 0.477609706263
0.646722259528, 0.935284789392, 2.12557024292, 0.375916703839, 42.2253546139, 46.6262997246, 2.59111607864, 1.17108625631, 22.0547889816, 232.382498825, 0.508912663506
0.525636249036, 1.00329912605, 2.19592162144, 0.21204618679, 37.730318204, 44.8050984977, 2.77761487366, 1.08206631639, 21.094007363, 262.783884319, 0.425497990114
0.5002273619, 0.935284789392, 2.12557024292, 0.375916703839, 39.5573471368, 43.5588404643, 2.59111607864, 1.97136765065, 31.5780800455, 322.176599728, 0.406919066866
0.506161512388, 0.876664400312, 2.05592062647, 0.266314792937, 37.5258222489, 47.513364813, 3.00693791503, 1.51170069679, 32.4893686066, 351.808380537, 0.405570325953
0.5002273619, 0.935284789392, 2.12557024292, 0.21204618679, 0.112111550279, 43.5588404643, 2.59111607864, 1.51170069679, 31.5780800455, 276.886500521, 0.416660254435
0.518134676545, 0.876664400312, 2.32666242613, 0.27834954273, 37.5258222489, 41.1460397174, 3.31292527079, 1.51170069679, 32.4893686066, 314.171457575, 0.408955270987
0.5002273619, 0.935284789392, 2.12557024292, 0.375916703839, 47.9999079634, 43.5588404643, 2.59111607864, 1.51170069679, 31.5780800455, 287.049839195, 0.409964084265
0.5002273619, 0.987809382291, 2.31061651445, 0.211669024185, 37.730318204, 44.8050984977, 2.46675557793, 1.08206631639, 31.5780800455, 370.174936225, 0.395569824366
0.50120550008, 0.846129563922, 2.86106397747, 0.27834954273, 0.0598234958428, 40.7698625346, 2.07692798812, 1.72650839388, 32.5621716725, 369.114392605, 0.401933522223
0.506161512388, 1.1392222312, 2.98065390099, 0.266314792937, 22.2696198463, 44.4059969724, 2.263028668, 1.57063693201, 26.6871195687, 428.142485129, 0.383790747283
0.505299208576, 0.846129563922, 2.82807171847, 0.304366328172, 22.1532120507, 46.8662798303, 2.07692798812, 1.72650839388, 32.5621716725, 393.744575388, 0.391256078626
0.525636249036, 0.841878521063, 2.11740701618, 0.21204618679, 23.8904028654, 44.8050984977, 2.02288394804, 1.08206631639, 21.094007363, 262.071025022, 0.432480679102
0.754764642661, 0.876664400312, 2.32666242613, 0.223040387868, 37.5258222489, 41.1460397174, 2.46675557793, 1.12936119734, 26.6871195687, 258.902373398, 0.437953293641
0.525636249036, 0.935284789392, 2.32666242613, 0.21204618679, 37.730318204, 44.8050984977, 2.46675557793, 1.08206631639, 21.094007363, 254.160770739, 0.449997138811
0.5002273619, 1.08185649144, 2.12557024292, 0.21204618679, 39.5573471368, 43.2242737087, 2.59111607864, 1.51170069679, 31.5780800455, 258.026507803, 0.448770482734
0.525636249036, 1.00329912605, 2.19592162144, 0.21204618679, 37.730318204, 44.8050984977, 2.46675557793, 1.08206631639, 20.4109949606, 248.718047755, 0.458050516267
0.506161512388, 0.876664400312, 2.0505889604, 0.27563363994, 37.5258222489, 47.513364813, 2.46675557793, 1.33487403654, 31.8641926238, 254.148482167, 0.456628218333
0.5002273619, 0.935284789392, 2.03709111981, 0.266314792937, 47.9999079634, 42.8188986407, 2.59111607864, 3.12817360357, 39.1463449382, 240.501738161, 0.489174310893
0.505299208576, 0.841878521063, 2.03709111981, 0.304366328172, 22.1532120507, 42.8188986407, 2.02288394804, 1.72650839388, 39.1463449382, 247.879371234, 0.483170302636
0.646722259528, 0.935284789392, 2.12557024292, 0.375916703839, 49.5208104834, 42.1943918855, 2.59111607864, 1.08206631639, 22.0547889816, 233.547352736, 0.490239495563
0.500072547273, 0.835794413307, 2.12557024292, 0.46266933119, 47.9999079634, 44.064545357, 2.59111607864, 1.33487403654, 31.5780800455, 233.24380339, 0.55262853146
0.592222429475, 0.987841750383, 2.25248092784, 0.20541927003, 23.8893408864, 42.1259978688, 2.27973230882, 1.64788868888, 29.0264179338, 271.97245815, 0.431945638211
0.5002273619, 0.876664400312, 2.05592062647, 0.27563363994, 22.1532120507, 47.9939160927, 2.7457810803, 1.51170069679, 23.9367862945, 272.212405685, 0.426719751273
0.525636249036, 0.987809382291, 2.31061651445, 0.375916703839, 37.730318204, 44.8050984977, 2.46675557793, 1.08206631639, 21.094007363, 332.530461592, 0.408836571916
0.506161512388, 0.876664400312, 2.12557024292, 0.271803908899, 22.2696198463, 43.5588404643, 2.27973230882, 1.12936119734, 26.6871195687, 278.047233342, 0.424004895375
0.506161512388, 0.876664400312, 2.32666242613, 0.27563363994, 37.5258222489, 47.513364813, 2.46675557793, 1.51170069679, 31.8641926238, 319.575282033, 0.412833000578
0.525636249036, 1.00329912605, 2.13168112113, 0.211831269531, 10.3194387227, 44.8050984977, 2.263028668, 1.08206631639, 21.094007363, 288.068220686, 0.420938566729
0.5002273619, 0.935284789392, 2.12557024292, 0.375916703839, 39.5573471368, 44.8050984977, 2.43455677314, 1.51170069679, 31.5780800455, 290.650226971, 0.4145276142
0.5002273619, 0.835794413307, 2.12557024292, 0.375916703839, 47.9999079634, 43.5588404643, 3.16912144905, 1.33487403654, 31.5780800455, 371.318932249, 0.406587235653
0.502686005128, 0.947575200729, 4.68862272812, 0.336976316427, 29.8011075637, 40.152713461, 2.28497363691, 1.26807382342, 41.8419090475, 757.78274106, 0.390584530224
0.50120550008, 1.08317888053, 5.04142959584, 0.27834954273, 0.0598234958428, 41.1460397174, 2.96043260402, 1.8188251479, 29.7583915485, 893.506821935, 0.386309033698
0.505299208576, 0.846129563922, 2.86106397747, 0.304366328172, 22.1532120507, 46.8662798303, 2.07692798812, 1.72650839388, 32.5621716725, 456.553890995, 0.399799403667
0.506161512388, 0.987809382291, 2.98065390099, 0.21204618679, 13.166385898, 44.4059969724, 2.46675557793, 1.57063693201, 26.6871195687, 502.117983314, 0.391351091918
0.5002273619, 0.935284789392, 2.12557024292, 0.217012118936, 39.5573471368, 44.8050984977, 2.59111607864, 1.51170069679, 31.5780800455, 263.914187906, 0.433006596141
0.525636249036, 0.935284789392, 2.32666242613, 0.27834954273, 37.730318204, 41.1460397174, 2.46675557793, 1.08206631639, 21.094007363, 259.135813295, 0.443702172608
0.500088316918, 0.935284789392, 2.12557024292, 0.217012118936, 39.5573471368, 40.5928481865, 2.0347485658, 2.32951843006, 24.8129928845, 249.007311396, 0.47722197344
0.525636249036, 0.935284789392, 2.12557024292, 0.208276199856, 37.730318204, 43.5588404643, 2.59111607864, 1.51170069679, 31.4089903679, 253.849505578, 0.458447081409
0.506161512388, 0.876664400312, 2.32666242613, 0.27563363994, 37.5258222489, 47.513364813, 2.27973230882, 1.51170069679, 31.8641926238, 253.415039856, 0.472504605542
0.5002273619, 0.835794413307, 2.12557024292, 0.375916703839, 47.9999079634, 43.5588404643, 2.59111607864, 1.33487403654, 31.5780800455, 236.867152925, 0.493620293423
0.5002273619, 0.835794413307, 2.12557024292, 0.375916703839, 49.7260968534, 43.5588404643, 2.98725751321, 0.579606931367, 31.5780800455, 236.620050546, 0.577991874143
0.518134676545, 0.876664400312, 2.32666242613, 0.27834954273, 37.5258222489, 41.1460397174, 3.31292527079, 1.51170069679, 32.4893686066, 361.226858126, 0.409757809918
0.506161512388, 1.03341492713, 2.32666242613, 0.271803908899, 37.5258222489, 41.1460397174, 2.27973230882, 1.12936119734, 26.6871195687, 352.027415955, 0.412639334047
0.566278758765, 1.13661120315, 2.31061651445, 0.222284144772, 37.730318204, 44.8050984977, 2.46675557793, 1.8188251479, 21.6814008272, 352.945897449, 0.409977470056
0.506161512388, 0.876664400312, 2.32666242613, 0.271803908899, 37.5258222489, 43.5588404643, 2.27973230882, 1.12936119734, 26.6871195687, 283.991215901, 0.424596369071
0.525636249036, 0.987809382291, 2.32666242613, 0.21204618679, 37.730318204, 44.8050984977, 2.46675557793, 1.08206631639, 23.6564414678, 280.626093679, 0.427013077699
0.505299208576, 0.846129563922, 2.82807171847, 0.304366328172, 22.1532120507, 46.8662798303, 2.07692798812, 1.72650839388, 32.5621716725, 322.973459962, 0.41368628482
0.506161512388, 0.876664400312, 2.32666242613, 0.27563363994, 37.5258222489, 45.2767267482, 2.46675557793, 1.51170069679, 32.5621716725, 311.419015332, 0.415325007467
0.505299208576, 0.966667235665, 2.11740701618, 0.304366328172, 22.1532120507, 42.8188986407, 2.46675557793, 1.72650839388, 39.1463449382, 294.573218085, 0.417845540916
0.5002273619, 1.1392222312, 2.98065390099, 0.266314792937, 22.2696198463, 44.4059969724, 2.263028668, 1.57063693201, 26.6871195687, 486.472422331, 0.404750171645
0.584875540648, 0.876664400312, 2.98065390099, 0.266314792937, 22.2696198463, 44.4059969724, 3.45680684578, 1.57063693201, 36.2127226244, 475.893189537, 0.407108658359
0.525636249036, 1.00329912605, 5.48594262562, 0.21204618679, 26.6222103526, 44.8050984977, 2.59111607864, 1.08206631639, 20.4109949606, 667.940099927, 0.395405125126
0.506161512388, 1.1392222312, 2.98065390099, 0.266314792937, 13.166385898, 44.4059969724, 2.46675557793, 1.57063693201, 26.6871195687, 502.692255342, 0.404168438612
0.506161512388, 1.1392222312, 2.98065390099, 0.266314792937, 22.2696198463, 44.4059969724, 2.263028668, 1.57063693201, 31.8641926238, 582.403272758, 0.402620458592
0.5002273619, 0.899079528864, 2.03022810087, 0.21204618679, 46.894415317, 44.8050984977, 2.46675557793, 1.08206631639, 21.094007363, 237.618515419, 0.50242143561
0.5002273619, 0.987809382291, 2.31061651445, 0.211669024185, 37.730318204, 44.8050984977, 2.46675557793, 1.08206631639, 31.5780800455, 407.973390443, 0.409761076693
0.525636249036, 0.966667235665, 2.11740701618, 0.21204618679, 23.8904028654, 44.8050984977, 2.46675557793, 1.08206631639, 21.094007363, 249.8942109, 0.479024789953
0.506161512388, 0.876664400312, 2.25296514572, 0.271803908899, 37.6378420149, 43.5588404643, 2.27973230882, 1.12936119734, 36.2127226244, 264.432549771, 0.434767145329
0.505299208576, 0.846129563922, 2.82807171847, 0.304366328172, 22.1532120507, 46.8662798303, 2.07692798812, 1.72650839388, 32.5621716725, 396.007336568, 0.413482024671
0.525636249036, 1.00329912605, 2.19592162144, 0.375916703839, 37.730318204, 40.8151699772, 2.46675557793, 1.08206631639, 20.4109949606, 352.851875923, 0.414791257081
0.5002273619, 0.835794413307, 2.07325649629, 0.375916703839, 47.9999079634, 43.5588404643, 2.59111607864, 1.33487403654, 31.5780800455, 260.644220089, 0.45836688285
0.500088316918, 0.935284789392, 2.12557024292, 0.217012118936, 47.9999079634, 40.5928481865, 2.0347485658, 2.32951843006, 20.5527144652, 254.045617514, 0.46042220623
0.525636249036, 0.987809382291, 2.31061651445, 0.21204618679, 49.0030811168, 43.5588404643, 2.46675557793, 1.08206631639, 21.0336691078, 306.206237414, 0.421653708602
0.811159808372, 1.00329912605, 2.31061651445, 0.210278713863, 49.5208104834, 44.8050984977, 2.46675557793, 1.08206631639, 21.0336691078, 243.099468899, 0.494147354203
