0.104845607442, 0.824587484112, 7.99888878327, 0.519807470926, 87.1327602574, 3.38504837504, 0.06447447748, 1.80809545221, 6.42507323377, 0.0206714345463, 0.454545454545
0.104845607442, 0.824587484112, 5.37540065154, 0.519807470926, 87.1327602574, 6.51446790127, 0.06447447748, 1.80809545221, 6.42507323377, 0.0223137171849, 0.0
0.650408238318, 1.13387886458, 5.77760934711, 0.489281210343, 52.9487745027, 11.9528915374, 0.644690463637, 1.58453262229, 19.4911874326, 0.0988203660422, 0.0
0.151847066474, 0.970882552625, 2.1196467173, 0.424916495736, 3.76074457218, 5.98785738062, 2.51858454728, 2.04228495981, 6.59277439534, 0.0476377725791, 0.0230769230769
0.302583273272, 1.13959552205, 9.62169044524, 0.58063035152, 94.6417995392, 1.15998943243, 3.20523988584, 0.446237371083, 34.8881796634, 0.0351104203291, 0.157323688969
0.174395983042, 1.17595648574, 4.86215022876, 0.670487760206, 79.5929752342, 5.02388673576, 3.81523594303, 0.550997514148, 22.2962760851, 0.0647271899538, 0.0620347394541
0.895378431572, 1.14131869073, 2.25004935748, 0.545793803926, 97.9554881997, 2.78636470766, 2.70744227004, 4.47863704072, 15.1177237262, 0.124269137451, 0.00724637681159
0.571891013276, 0.880468557699, 2.02429526675, 0.447119373495, 81.9247136953, 3.12721920373, 0.526158812722, 4.41606528961, 7.25992781601, 0.125587095325, 0.0
0.458082117353, 1.18628574075, 3.69189754444, 0.555437720542, 49.271810116, 1.9612217937, 2.50036050756, 1.26218336521, 33.3349596761, 0.0586010768095, 0.166666666667
0.221577520989, 0.825657043841, 6.16049463422, 0.54258742369, 88.3595110211, 3.03232711651, 3.10651342455, 2.1047606602, 42.5360845528, 0.0566786065777, 0.283255086072
0.293400785756, 0.872817529091, 4.04052808144, 0.619935878051, 56.7020180479, 22.8740216111, 0.355975815148, 2.86502265038, 20.4879287152, 0.15460087554, 0.0
0.180107398439, 1.15041772889, 6.01030725656, 0.478722137771, 38.6234382137, 7.55723578531, 0.702785031376, 3.84738525995, 3.60202765795, 0.0623412761206, 0.333333333333
0.293050089372, 0.967590768774, 5.14531610056, 0.618900638972, 1.26269464109, 1.66199319306, 0.536352122851, 1.43031118181, 24.1574392869, 0.0602073862336, 0.541666666667
0.221577520989, 1.1783509383, 6.93166752306, 0.403384040996, 79.4554906507, 3.03232711651, 1.26400219963, 1.59459429613, 20.3080411446, 0.0611844007638, 0.617283950617
0.351029340056, 1.11013183579, 8.14996478333, 0.440983764453, 66.1492056827, 7.30855851934, 3.70001200231, 3.76647438334, 21.3408670077, 0.135172638119, 0.0213903743316
0.148030981949, 1.1369145815, 9.30235709042, 0.573828989305, 4.59806976612, 23.5842101072, 0.402635099222, 4.80652049579, 25.8008151283, 0.0949932321803, 0.181818181818
0.107146517764, 0.913328900982, 8.84335161083, 0.669827846527, 57.6706624403, 34.1581766933, 1.45711709705, 1.8182306704, 28.7886700551, 0.179705922531, 0.0
0.302583273272, 1.13959552205, 9.62169044524, 0.58063035152, 94.6417995392, 2.78234689908, 3.20523988584, 0.446237371083, 2.34759755214, 0.0679339393595, 0.423566878981
0.458082117353, 1.18628574075, 3.69189754444, 0.555437720542, 72.7910142458, 1.9612217937, 2.50036050756, 1.26218336521, 33.3349596761, 0.0669013987117, 0.52719665272
0.157466026231, 0.965550175437, 9.17896059671, 0.525899580625, 6.72894177581, 30.7643070322, 2.61858455276, 2.96426147571, 17.3444822441, 0.213345169356, 0.0
0.178550438564, 0.8720902849, 7.33546320704, 0.520489864957, 98.8951840849, 24.7652342676, 3.53884665481, 2.84830876831, 12.668531939, 0.179820492429, 0.00719424460432
0.434228666611, 1.04503830474, 4.59543476726, 0.538214027846, 35.6389266325, 7.29288027741, 3.12859965774, 4.21664053367, 4.85846384668, 0.144029515951, 0.0441988950276
0.465666416439, 0.883955165468, 2.16761623089, 0.656094781772, 99.0800611149, 13.1219197698, 2.46133818024, 3.70636521335, 18.6636454704, 0.234982928524, 0.0
0.217733916186, 1.10767312687, 4.43947248556, 0.553943060307, 93.2917372508, 18.5754765049, 2.0936169139, 4.35390554873, 24.4403238722, 0.213650147733, 0.00657894736842
0.418794207425, 1.08065368066, 2.02429526675, 0.447119373495, 47.5552478127, 3.12721920373, 0.526158812722, 4.41606528961, 7.25992781601, 0.111503245415, 0.318181818182
0.164056668801, 0.945508888369, 8.97584552165, 0.541376027158, 86.9475538783, 16.6130248004, 0.760808546255, 2.6524885293, 29.6639502473, 0.117445062331, 0.363636363636
0.465666416439, 0.90568041636, 2.16761623089, 0.656094781772, 80.4573985022, 13.1219197698, 1.44157584765, 3.83091234551, 16.1366844611, 0.249748620636, 0.0
0.418594494566, 1.0426558298, 2.81756702466, 0.599574520433, 63.2596516799, 2.86020953578, 2.49782023869, 3.45708684459, 43.2347522351, 0.119081666358, 0.417777777778
0.292862514807, 0.970882552625, 2.1196467173, 0.489195241066, 6.96809807241, 5.98785738062, 1.88190561119, 2.04228495981, 6.59277439534, 0.129811331446, 0.185185185185
0.465273657018, 1.06257570174, 7.21162365095, 0.64114169549, 57.7306206396, 14.725926971, 1.03013564374, 2.526104548, 8.72763404326, 0.251004626156, 0.0
0.353720556925, 0.851781915158, 8.36922708777, 0.570505924638, 50.5234554177, 8.96262401702, 1.5517618239, 1.86696325865, 18.3726219363, 0.130584163384, 0.26
0.179560750831, 0.934934087512, 3.50476392566, 0.560200489266, 52.3165420728, 35.6271060592, 2.94414705362, 0.714129349754, 23.2151501436, 0.259045524745, 0.0
0.710864310884, 1.1421016589, 4.15099534534, 0.651942803064, 15.6991962835, 43.9864756408, 0.917332588719, 1.12735079659, 4.39246552219, 0.126393217475, 0.333333333333
0.174395983042, 1.17595648574, 4.86215022876, 0.670487760206, 79.5929752342, 20.1364158888, 3.81523594303, 0.550997514148, 22.2962760851, 0.181582403981, 0.0530120481928
0.755047262182, 0.913109060159, 8.08578887525, 0.570471239353, 91.8097046291, 19.2343931499, 0.643335502501, 1.0669245838, 43.5978868189, 0.27214361603, 0.0
0.259387171511, 1.11013183579, 8.14996478333, 0.440983764453, 66.1492056827, 7.30855851934, 3.70001200231, 3.76647438334, 21.3408670077, 0.139983355567, 0.309904153355
0.212399056247, 0.841133503015, 6.16049463422, 0.54258742369, 88.3595110211, 16.6238339295, 3.10651342455, 2.1047606602, 42.5360845528, 0.202443064509, 0.0577427821522
0.178571385898, 0.880468557699, 3.43900639996, 0.480664566016, 5.82431221206, 5.32961271989, 0.0805418329393, 4.47708674854, 37.3386753071, 0.127842294758, 0.666666666667
0.650408238318, 1.13387886458, 5.77760934711, 0.413979936752, 52.9487745027, 11.9528915374, 0.644690463637, 1.58453262229, 19.4911874326, 0.283143397495, 0.0
0.180107398439, 1.15041772889, 3.15725054505, 0.503494031843, 38.6234382137, 7.55723578531, 0.702785031376, 3.84738525995, 3.60202765795, 0.134217361211, 0.478260869565
0.418594494566, 1.0426558298, 5.10794612289, 0.599574520433, 63.2596516799, 2.86020953578, 2.49782023869, 3.45708684459, 43.2347522351, 0.134296238461, 0.494845360825
0.568614192337, 1.04485284148, 8.07660011162, 0.430103283888, 6.31154806005, 18.4679010097, 1.64978398562, 3.96482539063, 22.6697638468, 0.36664752379, 0.0
0.880675055278, 0.967590768774, 5.14531610056, 0.618900638972, 1.26269464109, 1.66199319306, 0.536352122851, 1.43031118181, 24.1574392869, 0.136330957866, 0.466666666667
0.277103758182, 0.904488430325, 8.45856625569, 0.565002400576, 37.3007144862, 25.6021697632, 0.625869854886, 2.67258168415, 25.3897624844, 0.382069898446, 0.0
0.238994569608, 1.13124739277, 3.6773906918, 0.501300587159, 94.5044285109, 45.0937160882, 3.50880943305, 0.795714870607, 42.9601271811, 0.382909257164, 0.0
0.293400785756, 0.872817529091, 4.04052808144, 0.619935878051, 56.7020180479, 22.8740216111, 0.355975815148, 2.86502265038, 20.4879287152, 0.194665759726, 0.214285714286
0.716156649521, 1.14314382398, 6.30231829923, 0.571566666881, 38.2446775436, 18.6830993209, 1.46603192239, 1.81749662237, 31.5724853233, 0.389295482764, 0.0
0.226078631754, 1.11263758472, 6.45437202349, 0.512771047967, 12.869660118, 45.3823866562, 2.3415709432, 4.14430767206, 10.3109040832, 0.312558591523, 0.0169491525424
0.108762633656, 0.945508888369, 8.97584552165, 0.532325285613, 68.1390201491, 16.6130248004, 0.760808546255, 2.6524885293, 29.6639502473, 0.165709865917, 0.46511627907
0.387418742762, 1.11954214806, 3.41582542659, 0.635801173101, 34.9740739358, 28.4828280749, 1.09031939369, 4.57290866642, 9.95899580684, 0.391026234331, 0.0
0.493551623374, 1.06634189963, 9.93638658143, 0.684049779937, 65.3863545295, 33.796299306, 0.860058513908, 3.02008334792, 26.3434628843, 0.393498777744, 0.0
0.307976619617, 1.17035692662, 2.72597408344, 0.449194858997, 58.7589309755, 37.9013217316, 2.22462041351, 1.55512372348, 24.6591447766, 0.39764794751, 0.0
0.405550218209, 1.03705332229, 2.20152606815, 0.639940241639, 42.1067303979, 12.0135104096, 1.83504360282, 2.13645740054, 41.5024317013, 0.232849788287, 0.210526315789
0.612873847559, 0.838034829578, 5.47632535372, 0.560174850748, 35.2681006988, 23.5394091466, 1.46603192239, 4.49895381073, 17.8243893327, 0.368031888897, 0.0217391304348
0.790640790996, 1.03801363998, 2.16487013901, 0.525001578431, 36.8327608076, 22.4610327623, 2.57405198942, 3.49681831272, 22.3298420263, 0.418613444116, 0.0
0.264625454548, 0.833599233672, 2.0815498374, 0.613459581062, 53.517896576, 12.6814649828, 3.99191989158, 1.79501489202, 24.2560781503, 0.185401090284, 0.434426229508
0.617766795135, 1.00170869462, 6.2076422125, 0.553190030572, 39.160215679, 25.33298752, 2.79160171209, 0.429765760234, 15.5471568766, 0.424678901543, 0.0
0.790640790996, 1.03801363998, 2.16487013901, 0.525001578431, 36.8327608076, 22.4610327623, 2.57405198942, 3.49681831272, 22.3298420263, 0.453290730825, 0.0
0.217733916186, 0.98645143844, 4.43947248556, 0.553943060307, 93.2917372508, 18.5754765049, 1.9569235814, 4.35390554873, 24.4403238722, 0.246394099942, 0.25
0.405550218209, 1.03705332229, 2.20152606815, 0.423194899602, 42.1067303979, 46.6840335124, 1.83504360282, 2.13645740054, 41.5024317013, 0.457792667379, 0.0
0.101936845912, 1.1861185226, 7.00227286487, 0.415307491892, 63.9384717464, 20.2850916193, 2.88713037162, 4.32426477081, 17.5628054199, 0.207253098915, 0.493392070485
0.398491273315, 1.15584923284, 8.38482397042, 0.652903924468, 11.4017081896, 28.9320810679, 3.24036740315, 2.89396208548, 15.0762996345, 0.379746807842, 0.0458015267176
0.489379632372, 1.08593037389, 7.76217719388, 0.607534456992, 61.0063085866, 43.1861053204, 1.73407012999, 2.09621951069, 41.1469011192, 0.459160157791, 0.0
0.353599502492, 0.999551180078, 2.44645012817, 0.576062789082, 8.58292711435, 20.4664832313, 3.00648213796, 4.93044570055, 12.709833273, 0.304954557667, 0.0809628008753
0.538632103886, 1.18485349004, 9.51980843101, 0.449511194412, 72.2369568647, 22.0541912476, 0.0467932159931, 0.491415329479, 17.8056283443, 0.466421124904, 0.0
0.349597613523, 1.18041144765, 5.5844635695, 0.478828569204, 71.5182758372, 47.1802379963, 0.595528979163, 4.68142831924, 31.4196045209, 0.478559824453, 0.0
0.617766795135, 1.00170869462, 6.2076422125, 0.553190030572, 39.160215679, 25.33298752, 2.79160171209, 0.994827805283, 15.5471568766, 0.410310158133, 0.018691588785
0.880374523617, 0.885278576748, 3.15725054505, 0.678698306883, 65.4187732675, 40.919362048, 0.210959863597, 2.33860717558, 22.806113517, 0.481349427692, 0.0
0.257623741894, 0.937438036466, 2.97322919543, 0.572758451618, 33.740201748, 21.4819869857, 1.10850428668, 0.133328744353, 24.7889870114, 0.338602479183, 0.133333333333
0.178550438564, 0.8720902849, 7.33546320704, 0.520489864957, 98.8951840849, 24.7652342676, 3.53884665481, 2.84830876831, 12.668531939, 0.254279781937, 0.251937984496
0.489379632372, 1.08593037389, 8.43302308619, 0.607534456992, 61.0063085866, 43.1861053204, 1.73407012999, 2.09621951069, 41.1469011192, 0.495680121089, 0.0
0.607120285321, 0.900958944838, 5.73814462647, 0.639940241639, 60.4869840876, 12.0135104096, 3.03754368173, 0.849013142896, 28.8643860903, 0.358419920232, 0.151260504202
0.394787974119, 0.976298555669, 9.16339840337, 0.573828989305, 60.1205552332, 22.6334113186, 0.402635099222, 4.80652049579, 25.8008151283, 0.339191563576, 0.153846153846
0.707122855985, 0.828466552455, 7.17860320901, 0.574903608915, 32.6222151461, 39.8911188493, 3.58548115919, 0.423445045413, 15.020751859, 0.524971217101, 0.0
0.563973798969, 1.0842185512, 8.15439088704, 0.559745909383, 99.8425329488, 49.339836053, 3.85967993745, 0.988976383624, 34.8881796634, 0.561562026643, 0.0
0.49093235456, 0.932430162166, 4.42013596439, 0.606886710213, 44.9268390631, 41.653836449, 2.30751409355, 0.0423585508717, 38.3937989407, 0.567584160131, 0.0
0.387418742762, 1.11954214806, 3.41582542659, 0.635801173101, 44.7463677079, 28.4828280749, 1.09031939369, 4.57290866642, 10.1558865078, 0.396930746048, 0.0322580645161
0.663762996298, 1.0820256067, 4.30650802428, 0.577581287887, 18.1704705958, 33.6410189633, 3.74864684422, 4.12813461939, 5.48101201618, 0.436605711455, 0.019305019305
0.844213700545, 0.933903707071, 3.90504478406, 0.575208138698, 60.5896859753, 34.1078513554, 0.507890932898, 0.741672896515, 33.1348406676, 0.614875296727, 0.0
0.821921800842, 0.931294529751, 3.32850630119, 0.427225767021, 23.1105587096, 39.7493882952, 2.2709640712, 1.98543878481, 34.7973099179, 0.627996717902, 0.0
0.60503277105, 0.868799812598, 8.6060543495, 0.673257897531, 70.3492791165, 33.1688932908, 0.387403908754, 2.91046762443, 13.1337081683, 0.650726508741, 0.0
0.805263376144, 1.03295007836, 2.90998864469, 0.656882235393, 1.93610261436, 49.5407378319, 2.62665428335, 3.05256284481, 23.622622692, 0.656323089384, 0.0
0.644194815291, 1.08065368066, 3.43900639996, 0.480664566016, 5.82431221206, 5.32961271989, 0.182399098251, 4.47708674854, 37.3386753071, 0.247782756709, 0.611111111111
0.166938871629, 1.1710895702, 6.96697336243, 0.670496202867, 61.8027027367, 38.7912732778, 3.27120083576, 3.3025401134, 28.2461738753, 0.355915151957, 0.167202572347
0.759933840388, 1.00456420905, 4.75247699056, 0.658003657313, 1.48623920352, 12.1395324286, 3.93747487281, 1.12735079659, 2.20598334334, 0.320646358045, 0.206451612903
0.179560750831, 0.934934087512, 3.50476392566, 0.623113099015, 52.3165420728, 35.6271060592, 2.94414705362, 0.714129349754, 30.8262844827, 0.353908361555, 0.184210526316
0.612873847559, 0.838034829578, 5.47632535372, 0.560174850748, 35.2681006988, 23.5394091466, 1.24836449856, 4.49895381073, 17.8243893327, 0.442364341449, 0.0222222222222
0.107146517764, 0.913328900982, 8.84335161083, 0.669827846527, 57.6706624403, 45.1439072517, 1.45711709705, 1.8182306704, 8.24768809055, 0.310949419849, 0.266666666667
0.821921800842, 0.931294529751, 3.32850630119, 0.463344920954, 23.1105587096, 39.7493882952, 3.11397669736, 1.98543878481, 34.7973099179, 0.567303867671, 0.0173410404624
0.895378431572, 1.14131869073, 2.25004935748, 0.545793803926, 18.1704705958, 2.78636470766, 2.70744227004, 4.12813461939, 15.1177237262, 0.256921238914, 0.488549618321
0.166938871629, 1.1710895702, 6.96697336243, 0.670496202867, 61.8027027367, 38.7912732778, 3.27120083576, 3.3025401134, 28.2461738753, 0.339067256014, 0.235188509874
0.148028062843, 1.1885927329, 7.02786397379, 0.486855958209, 88.5538115597, 35.0826463416, 0.779472660765, 1.29801230282, 28.9800455745, 0.307131467954, 0.294117647059
0.212399056247, 1.1783509383, 3.25560961441, 0.403384040996, 79.4554906507, 16.6238339295, 1.26400219963, 1.59459429613, 20.3080411446, 0.263794419877, 0.575342465753
0.312089071693, 1.14352720243, 6.70803729675, 0.608337211894, 26.0366327425, 7.29288027741, 0.917884940282, 2.98123836252, 21.931561601, 0.283067312756, 0.444444444444
0.353720556925, 0.851781915158, 8.36922708777, 0.570505924638, 50.5234554177, 8.96262401702, 1.5517618239, 1.86696325865, 18.3726219363, 0.267252330188, 0.578313253012
0.594811208956, 0.980261725449, 4.16600449443, 0.51187771128, 20.1691488768, 7.984017024, 3.32632500356, 2.26844468453, 10.0556567133, 0.301047638684, 0.417119565217
0.594811208956, 0.980261725449, 4.16600449443, 0.51187771128, 20.1691488768, 7.984017024, 3.32632500356, 2.26844468453, 18.292206889, 0.306727854974, 0.404225352113
0.148028062843, 1.1885927329, 7.02786397379, 0.486855958209, 88.5538115597, 35.0826463416, 0.779472660765, 1.29801230282, 28.9800455745, 0.406131749561, 0.142857142857
0.232391032972, 1.0643131362, 8.44053254239, 0.560200489266, 34.7197506292, 46.0578430972, 2.46640653534, 1.22516261306, 23.2151501436, 0.400771048118, 0.144
0.38903938192, 1.00456420905, 4.75247699056, 0.687429958815, 1.48623920352, 12.1395324286, 3.93747487281, 3.54200768267, 2.20598334334, 0.2940968636, 0.573616018846
