2.0, -1.0, 3.0, -1.0, -1.0, 0.0, -1.0, 1.0, 2.0, 0.0, 3.0, 0.0, 1.0, 2.0, 2.0, -1.0, 2.0, 2.0, -1.0, 1.0, 1.0, 0.0, -1.0, 1.0, 1.0, 0.0, 2.0, 3.0, -1.0, 0.0, -1.0, -1.0, 3.0, -1.0, -1.0, 2.0, -1.0, -1.0, 0.0, -1.0, -1.0, 0.0, 2.0, 0.0, 2.0, -1.0, 0.0, 1.0, 3.0, -1.0, 464.0, 99600.0
-1.0, 3.0, 0.0, 1.0, -1.0, 0.0, 1.0, 0.0, 3.0, -1.0, 1.0, 2.0, 1.0, 1.0, 1.0, 0.0, 0.0, -1.0, 0.0, 1.0, 2.0, 3.0, 3.0, -1.0, 2.0, 1.0, 0.0, 0.0, 1.0, 0.0, 2.0, 2.0, 3.0, 3.0, 3.0, 2.0, -1.0, 1.0, -1.0, 0.0, -1.0, 3.0, -1.0, -1.0, 0.0, 2.0, 1.0, 2.0, 3.0, -1.0, 552.0, 99507.0
2.0, 3.0, 0.0, 1.0, -1.0, 0.0, 1.0, 2.0, 3.0, -1.0, 1.0, 2.0, 1.0, 1.0, 1.0, 0.0, 0.0, -1.0, 0.0, 1.0, 2.0, 3.0, 3.0, -1.0, 2.0, 1.0, -1.0, 0.0, 1.0, 0.0, 2.0, 2.0, 3.0, -1.0, -1.0, 2.0, -1.0, 1.0, -1.0, 0.0, -1.0, 3.0, -1.0, -1.0, 1.0, 2.0, 1.0, 2.0, -1.0, -1.0, 513.0, 99537.0
2.0, -1.0, 3.0, -1.0, -1.0, 0.0, -1.0, 1.0, 2.0, 0.0, 3.0, 0.0, 1.0, 2.0, 2.0, -1.0, 2.0, 2.0, -1.0, 1.0, 1.0, 0.0, -1.0, 1.0, 1.0, 0.0, 2.0, 3.0, -1.0, 0.0, -1.0, -1.0, 3.0, -1.0, -1.0, 2.0, -1.0, -1.0, 0.0, -1.0, -1.0, 0.0, 2.0, 0.0, 2.0, -1.0, 0.0, 1.0, 3.0, -1.0, 464.0, 99600.0
-1.0, 2.0, 0.0, 1.0, -1.0, 0.0, 1.0, 0.0, 3.0, -1.0, 1.0, 2.0, 1.0, 1.0, 1.0, 0.0, 0.0, -1.0, 0.0, 1.0, 2.0, 3.0, 3.0, -1.0, 2.0, 1.0, 0.0, 0.0, 1.0, 0.0, 2.0, 2.0, 3.0, 3.0, 3.0, 2.0, -1.0, 1.0, -1.0, 0.0, -1.0, 3.0, -1.0, -1.0, 0.0, 2.0, 1.0, 2.0, 3.0, -1.0, 552.0, 99507.0
2.0, -1.0, 0.0, 3.0, 2.0, -1.0, -1.0, 3.0, 1.0, -1.0, 2.0, 2.0, 1.0, 1.0, 1.0, 1.0, -1.0, 0.0, 3.0, 1.0, 0.0, -1.0, 2.0, 3.0, 3.0, 3.0, 2.0, 3.0, 1.0, 2.0, -1.0, -1.0, 1.0, -1.0, -1.0, 2.0, 0.0, 0.0, 2.0, 1.0, -1.0, 1.0, -1.0, -1.0, -1.0, -1.0, 1.0, 3.0, 0.0, 2.0, 497.0, 99578.0
-1.0, 3.0, 0.0, 1.0, -1.0, 0.0, 1.0, 0.0, 3.0, -1.0, 1.0, 2.0, 1.0, 1.0, 1.0, 0.0, 0.0, -1.0, 0.0, 1.0, 2.0, 3.0, 3.0, -1.0, 2.0, 1.0, 0.0, 0.0, 1.0, 0.0, 2.0, 2.0, 3.0, 3.0, 3.0, 2.0, -1.0, 1.0, -1.0, 0.0, -1.0, 3.0, -1.0, -1.0, 0.0, 2.0, 1.0, 2.0, 3.0, -1.0, 552.0, 99507.0
2.0, 3.0, 0.0, 1.0, -1.0, 0.0, 1.0, 2.0, 3.0, -1.0, 1.0, 2.0, 1.0, 1.0, 1.0, 0.0, 0.0, -1.0, 0.0, 1.0, 2.0, 3.0, 3.0, -1.0, 2.0, 1.0, -1.0, 0.0, 1.0, 0.0, 2.0, 2.0, 3.0, -1.0, -1.0, 2.0, -1.0, 1.0, -1.0, 0.0, -1.0, 3.0, -1.0, -1.0, 1.0, 2.0, 1.0, 2.0, -1.0, -1.0, 513.0, 99537.0
2.0, -1.0, 0.0, 3.0, 2.0, -1.0, -1.0, 3.0, 1.0, -1.0, 2.0, 2.0, 1.0, 1.0, 1.0, 1.0, -1.0, 0.0, 3.0, 1.0, 0.0, -1.0, 2.0, 3.0, 3.0, 3.0, 2.0, 3.0, 1.0, 2.0, -1.0, -1.0, 1.0, -1.0, -1.0, 2.0, 0.0, 0.0, 2.0, 1.0, -1.0, 1.0, -1.0, -1.0, -1.0, -1.0, 1.0, 3.0, 0.0, 2.0, 497.0, 99578.0
2.0, -1.0, 3.0, -1.0, 2.0, 0.0, -1.0, 1.0, 3.0, 0.0, 3.0, 0.0, 1.0, 2.0, 1.0, -1.0, 2.0, 2.0, -1.0, 1.0, 1.0, 0.0, -1.0, 1.0, 1.0, 0.0, 2.0, 3.0, -1.0, 0.0, -1.0, -1.0, 3.0, 2.0, -1.0, 2.0, -1.0, -1.0, 0.0, -1.0, -1.0, 0.0, 2.0, 0.0, 2.0, -1.0, 0.0, 1.0, 0.0, -1.0, 490.0, 99586.0
2.0, -1.0, 3.0, -1.0, -1.0, 0.0, -1.0, 1.0, 2.0, 0.0, -1.0, 0.0, 1.0, 2.0, 2.0, -1.0, 2.0, 2.0, -1.0, 1.0, 1.0, 0.0, -1.0, 1.0, 1.0, 0.0, 2.0, 3.0, -1.0, 0.0, -1.0, -1.0, 3.0, -1.0, -1.0, 2.0, -1.0, -1.0, 0.0, -1.0, -1.0, 0.0, 2.0, 0.0, 2.0, -1.0, 0.0, 1.0, 3.0, -1.0, 454.0, 99606.0
-1.0, 2.0, 0.0, 1.0, -1.0, 0.0, 1.0, 0.0, 3.0, -1.0, 1.0, 2.0, 1.0, 1.0, 1.0, 0.0, 0.0, -1.0, 0.0, 1.0, 2.0, 3.0, 3.0, -1.0, 2.0, 1.0, 0.0, 0.0, 1.0, 0.0, 2.0, -1.0, 3.0, 3.0, 3.0, 2.0, -1.0, 1.0, -1.0, 0.0, -1.0, 3.0, -1.0, -1.0, 0.0, 2.0, 1.0, 2.0, 3.0, -1.0, 535.0, 99520.0
2.0, -1.0, 0.0, 3.0, 2.0, -1.0, -1.0, 3.0, 1.0, -1.0, 2.0, 2.0, 1.0, 1.0, 1.0, 1.0, -1.0, 0.0, 3.0, 1.0, 0.0, -1.0, 2.0, 3.0, 3.0, 3.0, 2.0, 3.0, 1.0, 2.0, -1.0, -1.0, 1.0, -1.0, -1.0, 2.0, 0.0, 0.0, 2.0, 1.0, -1.0, 1.0, -1.0, -1.0, -1.0, -1.0, 1.0, 3.0, 0.0, 2.0, 497.0, 99578.0
2.0, -1.0, 3.0, -1.0, -1.0, 0.0, -1.0, 1.0, 2.0, 0.0, 3.0, 0.0, 1.0, 2.0, 2.0, -1.0, 2.0, 2.0, -1.0, 1.0, 1.0, 0.0, -1.0, 1.0, 1.0, 0.0, 2.0, 3.0, -1.0, 0.0, -1.0, -1.0, 3.0, -1.0, -1.0, 2.0, -1.0, -1.0, 0.0, -1.0, -1.0, 0.0, 2.0, 0.0, 2.0, -1.0, 0.0, 1.0, 3.0, -1.0, 464.0, 99600.0
-1.0, 3.0, 1.0, 3.0, 1.0, -1.0, 3.0, 3.0, 2.0, 2.0, -1.0, 2.0, 0.0, 2.0, 1.0, -1.0, 0.0, 2.0, 0.0, 2.0, 0.0, -1.0, 2.0, 3.0, -1.0, 3.0, 1.0, 3.0, -1.0, 1.0, 2.0, -1.0, -1.0, 2.0, 0.0, -1.0, 0.0, -1.0, -1.0, 1.0, 0.0, -1.0, 1.0, 0.0, 1.0, -1.0, 0.0, 0.0, 3.0, -1.0, 506.0, 99575.0
2.0, -1.0, 3.0, -1.0, -1.0, 0.0, -1.0, 1.0, 3.0, -1.0, 3.0, 0.0, 1.0, 2.0, -1.0, -1.0, 2.0, 2.0, -1.0, 1.0, 1.0, 0.0, -1.0, 2.0, 1.0, 0.0, 2.0, 3.0, -1.0, 0.0, -1.0, -1.0, 3.0, 2.0, -1.0, 2.0, -1.0, -1.0, 0.0, -1.0, -1.0, 0.0, 2.0, 0.0, 2.0, -1.0, 0.0, 1.0, 3.0, 1.0, 459.0, 99601.0
-1.0, 3.0, 0.0, 1.0, -1.0, 0.0, 1.0, 0.0, 3.0, -1.0, 1.0, 2.0, 1.0, 1.0, 1.0, 0.0, 0.0, -1.0, 0.0, 1.0, 2.0, 3.0, 3.0, -1.0, 2.0, 1.0, 0.0, 0.0, 1.0, 0.0, 2.0, 2.0, 3.0, 3.0, 3.0, 2.0, -1.0, 1.0, -1.0, 0.0, -1.0, 3.0, -1.0, -1.0, 0.0, 2.0, 1.0, 2.0, 3.0, -1.0, 552.0, 99507.0
-1.0, 0.0, 0.0, 1.0, -1.0, -1.0, 1.0, -1.0, 1.0, 2.0, 1.0, -1.0, 2.0, 1.0, 0.0, 2.0, -1.0, 1.0, 3.0, 2.0, -1.0, 1.0, 3.0, -1.0, 2.0, 0.0, -1.0, 3.0, 2.0, 3.0, 2.0, 0.0, 1.0, 0.0, 3.0, 3.0, 0.0, 1.0, -1.0, -1.0, -1.0, 1.0, 2.0, 2.0, 0.0, 1.0, -1.0, -1.0, 0.0, -1.0, 499.0, 99576.0
2.0, -1.0, 0.0, 3.0, 2.0, -1.0, -1.0, 3.0, 1.0, -1.0, 2.0, 2.0, 1.0, 1.0, 1.0, 1.0, -1.0, 0.0, 3.0, 1.0, 0.0, -1.0, 2.0, 3.0, 3.0, 3.0, 2.0, 3.0, 1.0, 2.0, -1.0, -1.0, 1.0, -1.0, -1.0, 2.0, 0.0, 0.0, 2.0, 1.0, -1.0, 3.0, -1.0, -1.0, -1.0, -1.0, 1.0, 3.0, 0.0, 2.0, 497.0, 99578.0
-1.0, 0.0, 2.0, 1.0, -1.0, -1.0, 1.0, -1.0, 1.0, 2.0, 1.0, -1.0, 2.0, 1.0, 0.0, 2.0, -1.0, 1.0, 3.0, 2.0, -1.0, 1.0, 3.0, -1.0, 2.0, 0.0, -1.0, 3.0, 2.0, 3.0, 2.0, 0.0, 1.0, 0.0, 3.0, 3.0, 0.0, 1.0, -1.0, -1.0, -1.0, 1.0, 2.0, 2.0, 0.0, 1.0, -1.0, -1.0, 0.0, -1.0, 499.0, 99576.0
2.0, -1.0, 3.0, -1.0, -1.0, -1.0, 3.0, 1.0, 2.0, 0.0, 3.0, 0.0, 1.0, 2.0, 2.0, -1.0, 2.0, 2.0, -1.0, 1.0, 1.0, 0.0, -1.0, 1.0, 1.0, 0.0, 2.0, 3.0, -1.0, 0.0, -1.0, -1.0, 3.0, -1.0, -1.0, 2.0, -1.0, -1.0, 0.0, -1.0, -1.0, 0.0, 2.0, 0.0, 2.0, -1.0, 0.0, 1.0, 3.0, -1.0, 464.0, 99600.0
2.0, -1.0, 3.0, -1.0, -1.0, 0.0, -1.0, 1.0, 3.0, -1.0, 3.0, 0.0, 1.0, 2.0, -1.0, -1.0, 2.0, 2.0, -1.0, 1.0, 1.0, 0.0, -1.0, 2.0, 1.0, 0.0, 2.0, 3.0, -1.0, 0.0, -1.0, -1.0, 3.0, 2.0, -1.0, 2.0, -1.0, -1.0, 0.0, -1.0, -1.0, 0.0, 2.0, 0.0, 2.0, -1.0, 0.0, 1.0, 3.0, 1.0, 459.0, 99601.0
-1.0, 0.0, 2.0, 1.0, -1.0, -1.0, 1.0, -1.0, 1.0, 2.0, 1.0, -1.0, 2.0, 1.0, 0.0, 2.0, 1.0, 1.0, 3.0, 2.0, -1.0, 1.0, 3.0, -1.0, 2.0, 0.0, -1.0, 3.0, 2.0, 3.0, 2.0, 0.0, 1.0, 0.0, 3.0, 3.0, 0.0, 2.0, -1.0, -1.0, -1.0, 1.0, 2.0, 2.0, 0.0, 1.0, -1.0, -1.0, 0.0, -1.0, 510.0, 99560.0
-1.0, 3.0, 1.0, 3.0, 1.0, -1.0, 0.0, 3.0, 2.0, 2.0, -1.0, 2.0, 0.0, 2.0, 1.0, -1.0, 0.0, 2.0, 0.0, 2.0, 2.0, -1.0, 3.0, 3.0, -1.0, 3.0, 1.0, 3.0, -1.0, 1.0, 2.0, -1.0, -1.0, 2.0, 0.0, -1.0, 0.0, -1.0, -1.0, 1.0, 0.0, -1.0, 1.0, 0.0, 1.0, -1.0, 0.0, 0.0, 3.0, -1.0, 506.0, 99575.0
2.0, -1.0, 3.0, -1.0, -1.0, 0.0, -1.0, 1.0, 3.0, 0.0, 3.0, 0.0, 1.0, 2.0, 2.0, -1.0, 2.0, 2.0, -1.0, 1.0, 1.0, 0.0, -1.0, 1.0, 1.0, 0.0, 2.0, 3.0, -1.0, 0.0, -1.0, -1.0, 3.0, 2.0, -1.0, 2.0, -1.0, -1.0, 0.0, -1.0, -1.0, 0.0, 2.0, 0.0, 2.0, -1.0, 0.0, 1.0, 3.0, -1.0, 476.0, 99597.0
-1.0, 3.0, 1.0, 3.0, 1.0, -1.0, 3.0, 3.0, 2.0, 2.0, -1.0, 2.0, 0.0, 2.0, 1.0, -1.0, 0.0, 2.0, 0.0, 2.0, 0.0, -1.0, 2.0, 3.0, -1.0, 3.0, 1.0, 3.0, -1.0, 1.0, 2.0, -1.0, -1.0, 2.0, 0.0, -1.0, 0.0, -1.0, -1.0, 1.0, 0.0, -1.0, 1.0, 0.0, 1.0, -1.0, 0.0, 0.0, 3.0, -1.0, 506.0, 99575.0
2.0, -1.0, 3.0, -1.0, -1.0, 0.0, -1.0, 1.0, 3.0, -1.0, 3.0, 0.0, 1.0, 2.0, -1.0, -1.0, 2.0, 2.0, -1.0, 1.0, 1.0, 0.0, -1.0, 2.0, 1.0, 0.0, 0.0, 3.0, -1.0, 0.0, -1.0, -1.0, 3.0, 2.0, -1.0, 2.0, -1.0, -1.0, 0.0, -1.0, -1.0, 0.0, 2.0, 0.0, 2.0, -1.0, 0.0, 1.0, 3.0, 1.0, 459.0, 99601.0
-1.0, 3.0, 0.0, 1.0, -1.0, 0.0, 1.0, 0.0, 3.0, -1.0, 1.0, 2.0, 1.0, 1.0, 1.0, 0.0, 0.0, -1.0, 0.0, 1.0, 2.0, 3.0, 3.0, -1.0, 2.0, 1.0, 0.0, 0.0, 1.0, 0.0, 2.0, 2.0, 3.0, 3.0, 3.0, 2.0, -1.0, 1.0, -1.0, 0.0, -1.0, 3.0, -1.0, -1.0, 0.0, 2.0, 1.0, 2.0, 3.0, -1.0, 552.0, 99507.0
2.0, -1.0, 3.0, -1.0, -1.0, 0.0, -1.0, 1.0, 3.0, 0.0, 3.0, 0.0, 1.0, 2.0, 2.0, -1.0, 2.0, 2.0, -1.0, 1.0, 1.0, 0.0, -1.0, 1.0, 0.0, 0.0, 2.0, 3.0, -1.0, 0.0, -1.0, -1.0, 3.0, 2.0, -1.0, 2.0, -1.0, -1.0, 0.0, -1.0, -1.0, 0.0, 2.0, 0.0, 2.0, -1.0, 0.0, 1.0, 3.0, -1.0, 476.0, 99597.0
-1.0, 0.0, 2.0, 1.0, -1.0, -1.0, 1.0, -1.0, 1.0, 2.0, 1.0, -1.0, 2.0, 1.0, 0.0, 2.0, -1.0, 1.0, 3.0, 2.0, -1.0, 1.0, 3.0, -1.0, 2.0, 0.0, -1.0, 3.0, 2.0, 3.0, 2.0, 0.0, 1.0, 0.0, 3.0, 3.0, 0.0, 1.0, -1.0, -1.0, -1.0, 1.0, 2.0, 2.0, 0.0, 1.0, -1.0, -1.0, 0.0, -1.0, 499.0, 99576.0
2.0, -1.0, 3.0, -1.0, -1.0, 0.0, -1.0, 2.0, 3.0, 0.0, 3.0, 0.0, 1.0, 2.0, 2.0, -1.0, 2.0, 2.0, -1.0, 1.0, 1.0, 0.0, -1.0, 1.0, 1.0, 0.0, 2.0, 3.0, -1.0, 0.0, -1.0, -1.0, 3.0, 2.0, -1.0, 2.0, -1.0, -1.0, 0.0, -1.0, -1.0, 0.0, 2.0, 0.0, 2.0, -1.0, 0.0, 1.0, 3.0, -1.0, 476.0, 99597.0
2.0, 3.0, 0.0, 1.0, -1.0, 0.0, 1.0, 2.0, 3.0, -1.0, 1.0, 2.0, 1.0, 1.0, 1.0, 0.0, 0.0, -1.0, 0.0, 1.0, 2.0, 3.0, 3.0, -1.0, 2.0, 1.0, -1.0, 0.0, 1.0, 0.0, 2.0, 2.0, 3.0, -1.0, -1.0, 2.0, -1.0, 1.0, -1.0, 0.0, -1.0, 3.0, -1.0, -1.0, 1.0, 2.0, 1.0, 2.0, -1.0, -1.0, 513.0, 99537.0
2.0, -1.0, 3.0, -1.0, 2.0, 0.0, -1.0, 1.0, 3.0, 0.0, 3.0, 0.0, 1.0, 2.0, 1.0, -1.0, 2.0, 2.0, -1.0, 1.0, 1.0, 0.0, -1.0, 1.0, 1.0, 0.0, 2.0, 3.0, -1.0, 0.0, -1.0, -1.0, 3.0, 2.0, -1.0, 2.0, -1.0, -1.0, 0.0, -1.0, -1.0, 0.0, 2.0, 0.0, 2.0, -1.0, 0.0, 1.0, 0.0, -1.0, 490.0, 99586.0
2.0, -1.0, 3.0, -1.0, -1.0, 0.0, -1.0, 1.0, 2.0, 0.0, -1.0, 0.0, 1.0, 2.0, 2.0, -1.0, 2.0, 2.0, -1.0, 1.0, 1.0, 0.0, -1.0, 1.0, 1.0, 0.0, 2.0, 3.0, -1.0, 0.0, -1.0, -1.0, 3.0, -1.0, -1.0, 2.0, -1.0, -1.0, 0.0, -1.0, -1.0, 0.0, 2.0, 0.0, 2.0, -1.0, 0.0, 1.0, 3.0, -1.0, 454.0, 99606.0
2.0, 0.0, 0.0, 0.0, 2.0, -1.0, -1.0, 3.0, 2.0, -1.0, 2.0, 2.0, 1.0, 3.0, 1.0, 1.0, 3.0, 0.0, 3.0, 1.0, 0.0, -1.0, 2.0, 0.0, 3.0, 3.0, 2.0, 3.0, 0.0, 1.0, 2.0, -1.0, 1.0, -1.0, -1.0, 2.0, 0.0, 0.0, 1.0, 1.0, 1.0, 0.0, -1.0, 0.0, -1.0, 2.0, 1.0, 3.0, 0.0, 2.0, 584.0, 99493.0
2.0, -1.0, 3.0, -1.0, -1.0, 0.0, -1.0, 1.0, 3.0, -1.0, 3.0, 0.0, 1.0, 2.0, -1.0, -1.0, 2.0, 2.0, -1.0, 1.0, 1.0, 0.0, -1.0, 2.0, 0.0, 0.0, 2.0, 3.0, -1.0, 0.0, -1.0, -1.0, 3.0, 2.0, -1.0, 2.0, -1.0, -1.0, 0.0, -1.0, -1.0, 0.0, 2.0, 0.0, 2.0, -1.0, 0.0, 1.0, 3.0, 1.0, 459.0, 99601.0
-1.0, 0.0, 2.0, 1.0, -1.0, -1.0, 1.0, -1.0, 1.0, 2.0, 1.0, -1.0, 2.0, 1.0, 0.0, 2.0, -1.0, 1.0, 3.0, 2.0, -1.0, 1.0, 3.0, -1.0, 2.0, 0.0, -1.0, 3.0, 2.0, 3.0, 2.0, 0.0, 1.0, 0.0, 3.0, 3.0, 0.0, 1.0, -1.0, -1.0, -1.0, 1.0, 2.0, 2.0, 0.0, 1.0, -1.0, -1.0, 0.0, -1.0, 499.0, 99576.0
