0.0, 3.0, -1.0, -1.0, -1.0, 2.0, 2.0, 2.0, 1.0, -1.0, 2.0, -1.0, 1.0, 0.0, 1.0, 2.0, 0.0, -1.0, 1.0, -1.0, -1.0, 2.0, 0.0, 1.0, -1.0, 1.0, 2.0, 0.0, 0.0, -1.0, 0.0, 3.0, 2.0, 1.0, 0.0, 2.0, 2.0, 1.0, 2.0, 0.0, 1.0, 0.0, 3.0, 2.0, -1.0, 1.0, 0.0, 0.0, -1.0, 3.0, 96264.0, 528.0
1.0, 0.0, 0.0, -1.0, 1.0, -1.0, 1.0, 2.0, 0.0, -1.0, -1.0, -1.0, 1.0, 0.0, 1.0, 3.0, 2.0, 2.0, 0.0, 1.0, 1.0, 0.0, 2.0, 1.0, 3.0, -1.0, 2.0, 3.0, 2.0, -1.0, 0.0, 1.0, 2.0, -1.0, 2.0, 0.0, 1.0, 2.0, 1.0, 0.0, -1.0, 2.0, 2.0, 0.0, -1.0, 0.0, 2.0, 2.0, 0.0, -1.0, 96071.0, 537.0
0.0, 3.0, -1.0, -1.0, -1.0, 2.0, 2.0, 2.0, 1.0, -1.0, 2.0, -1.0, 1.0, 0.0, 1.0, 2.0, 0.0, -1.0, 1.0, -1.0, -1.0, 2.0, 0.0, 1.0, -1.0, 1.0, 2.0, 0.0, 0.0, -1.0, 0.0, 3.0, 2.0, 1.0, 0.0, 2.0, 2.0, 1.0, 2.0, 0.0, 1.0, 0.0, 3.0, 2.0, -1.0, 1.0, 0.0, 0.0, -1.0, 3.0, 96264.0, 528.0
0.0, 3.0, -1.0, -1.0, -1.0, 2.0, 2.0, 2.0, 1.0, -1.0, 2.0, -1.0, 1.0, 0.0, 1.0, 2.0, 0.0, -1.0, 1.0, -1.0, -1.0, 2.0, 0.0, 1.0, -1.0, 1.0, 2.0, 0.0, 0.0, -1.0, 0.0, 3.0, 2.0, 1.0, 0.0, 2.0, 2.0, 1.0, 2.0, 0.0, 1.0, 0.0, -1.0, 2.0, -1.0, 1.0, 0.0, 0.0, -1.0, 3.0, 96288.0, 517.0
1.0, 0.0, 0.0, -1.0, 1.0, -1.0, 1.0, 2.0, 0.0, -1.0, -1.0, -1.0, 1.0, 0.0, 1.0, 3.0, 2.0, 2.0, 0.0, 1.0, 1.0, 0.0, 2.0, 1.0, 3.0, -1.0, 2.0, 3.0, 2.0, -1.0, 0.0, 1.0, 2.0, -1.0, 2.0, 0.0, 1.0, 2.0, 1.0, 0.0, -1.0, 2.0, 2.0, 0.0, -1.0, 0.0, 2.0, 2.0, 0.0, -1.0, 96071.0, 537.0
0.0, 3.0, 2.0, 1.0, 0.0, 1.0, 2.0, 3.0, 3.0, 2.0, 3.0, -1.0, 1.0, 2.0, 0.0, 2.0, -1.0, 2.0, 1.0, 0.0, -1.0, 1.0, 1.0, 0.0, 0.0, 3.0, 0.0, 1.0, 2.0, -1.0, 0.0, 1.0, 1.0, 2.0, 1.0, 1.0, 0.0, 0.0, 1.0, 2.0, 0.0, 1.0, 2.0, 2.0, -1.0, 1.0, 2.0, 2.0, 0.0, -1.0, 95546.0, 618.0
0.0, 3.0, -1.0, -1.0, -1.0, 2.0, 2.0, 2.0, 1.0, -1.0, 2.0, -1.0, 2.0, 0.0, -1.0, 2.0, 0.0, -1.0, 1.0, -1.0, -1.0, 2.0, 1.0, -1.0, -1.0, 1.0, 2.0, 0.0, 1.0, -1.0, 0.0, 3.0, 2.0, -1.0, 0.0, 2.0, 1.0, 1.0, 2.0, 0.0, 0.0, 0.0, -1.0, 2.0, -1.0, 1.0, 0.0, 0.0, -1.0, 3.0, 96630.0, 479.0
0.0, 3.0, -1.0, -1.0, -1.0, 2.0, 2.0, 2.0, 1.0, -1.0, 2.0, -1.0, 1.0, 0.0, 1.0, 2.0, 0.0, -1.0, 1.0, -1.0, -1.0, 2.0, 0.0, 1.0, -1.0, 1.0, 2.0, 0.0, 0.0, -1.0, 0.0, 3.0, 2.0, 1.0, 0.0, 2.0, 2.0, 1.0, 2.0, 0.0, 1.0, 0.0, 3.0, 2.0, -1.0, 1.0, 0.0, 0.0, -1.0, 3.0, 96264.0, 528.0
0.0, 3.0, -1.0, -1.0, -1.0, 2.0, 2.0, 2.0, 1.0, -1.0, 2.0, -1.0, 1.0, 0.0, 1.0, 2.0, 0.0, -1.0, 1.0, -1.0, -1.0, 2.0, 0.0, -1.0, -1.0, 1.0, 0.0, 0.0, 1.0, -1.0, 0.0, 3.0, 2.0, 1.0, 0.0, 2.0, 1.0, 1.0, 2.0, 0.0, 0.0, 0.0, 3.0, 2.0, -1.0, 1.0, 0.0, 0.0, -1.0, -1.0, 96409.0, 503.0
0.0, 3.0, -1.0, -1.0, -1.0, 2.0, 2.0, 2.0, 1.0, -1.0, 2.0, -1.0, 1.0, 0.0, 1.0, 2.0, 0.0, -1.0, 1.0, -1.0, -1.0, 2.0, 0.0, 1.0, -1.0, 1.0, 2.0, 0.0, 0.0, -1.0, 0.0, 3.0, 2.0, 1.0, 0.0, 2.0, 2.0, 1.0, 2.0, 0.0, 1.0, 0.0, 3.0, 2.0, -1.0, 1.0, 0.0, 0.0, -1.0, 3.0, 96264.0, 528.0
1.0, 0.0, 0.0, -1.0, 1.0, -1.0, 1.0, 2.0, 0.0, -1.0, -1.0, -1.0, 1.0, 0.0, 1.0, 3.0, 2.0, 2.0, 0.0, 1.0, 1.0, 0.0, 2.0, 1.0, 3.0, -1.0, 2.0, 3.0, 2.0, -1.0, 0.0, 1.0, 2.0, -1.0, 2.0, 0.0, 1.0, 2.0, 1.0, 0.0, -1.0, 2.0, 2.0, 0.0, -1.0, 0.0, 2.0, 2.0, 0.0, -1.0, 96071.0, 537.0
0.0, 3.0, -1.0, -1.0, -1.0, 2.0, 2.0, 2.0, 1.0, -1.0, 2.0, -1.0, 1.0, 0.0, 1.0, 2.0, 0.0, -1.0, 1.0, -1.0, -1.0, 2.0, 0.0, 1.0, -1.0, 1.0, 2.0, 0.0, 0.0, -1.0, 0.0, 3.0, 2.0, 1.0, 0.0, 2.0, 2.0, 1.0, 2.0, 0.0, 1.0, 0.0, 3.0, 2.0, -1.0, 1.0, 0.0, 0.0, -1.0, 3.0, 96264.0, 528.0
0.0, 3.0, -1.0, -1.0, -1.0, 2.0, 2.0, 2.0, 1.0, -1.0, 2.0, -1.0, 1.0, 0.0, 1.0, 2.0, 0.0, -1.0, 1.0, -1.0, -1.0, 2.0, 0.0, 1.0, -1.0, 1.0, 2.0, 0.0, 0.0, -1.0, 0.0, 3.0, 2.0, 1.0, 0.0, 2.0, 2.0, 1.0, 2.0, 0.0, 1.0, 0.0, -1.0, 2.0, -1.0, 1.0, 0.0, 0.0, -1.0, 3.0, 96288.0, 517.0
1.0, 0.0, 0.0, -1.0, 1.0, -1.0, 1.0, 2.0, 0.0, -1.0, -1.0, -1.0, 1.0, 0.0, 1.0, 3.0, 2.0, 2.0, 0.0, 1.0, 1.0, 0.0, 2.0, 1.0, 3.0, 3.0, 2.0, 3.0, 2.0, -1.0, 0.0, 1.0, 2.0, -1.0, 2.0, 0.0, 1.0, 2.0, 1.0, 0.0, -1.0, 2.0, 2.0, 0.0, -1.0, 0.0, 2.0, 2.0, 0.0, -1.0, 96036.0, 552.0
0.0, 3.0, 2.0, 1.0, 0.0, 1.0, 2.0, 3.0, 3.0, 2.0, 3.0, -1.0, 1.0, 2.0, 0.0, 2.0, -1.0, 2.0, 1.0, 0.0, -1.0, 1.0, 1.0, 0.0, 0.0, -1.0, 0.0, 1.0, 2.0, -1.0, 0.0, 1.0, 1.0, 2.0, 1.0, 1.0, 0.0, 0.0, 1.0, 2.0, 0.0, 1.0, 2.0, 2.0, -1.0, 1.0, 2.0, 2.0, 0.0, -1.0, 95581.0, 603.0
0.0, 3.0, -1.0, -1.0, -1.0, 2.0, 2.0, 2.0, 1.0, -1.0, 2.0, -1.0, 2.0, 0.0, -1.0, 2.0, 0.0, -1.0, 1.0, -1.0, -1.0, 2.0, 1.0, -1.0, 0.0, 1.0, 2.0, 0.0, 1.0, -1.0, 0.0, 3.0, 2.0, -1.0, 0.0, 2.0, 1.0, 1.0, 2.0, 0.0, 0.0, 0.0, -1.0, 2.0, -1.0, 1.0, 0.0, 0.0, -1.0, 3.0, 96481.0, 492.0
0.0, 3.0, -1.0, -1.0, -1.0, 2.0, 2.0, 2.0, 1.0, -1.0, 2.0, -1.0, 1.0, 0.0, 1.0, 2.0, 0.0, -1.0, 1.0, -1.0, -1.0, 2.0, 0.0, 1.0, -1.0, 1.0, 2.0, 0.0, 0.0, -1.0, 0.0, 3.0, 2.0, 1.0, 0.0, 2.0, 2.0, 1.0, 2.0, 0.0, 1.0, 0.0, 3.0, 2.0, -1.0, 1.0, 0.0, 0.0, -1.0, 3.0, 96264.0, 528.0
-1.0, -1.0, -1.0, 1.0, 2.0, 0.0, -1.0, 2.0, 1.0, 0.0, 2.0, 3.0, 2.0, 2.0, 0.0, 0.0, -1.0, 1.0, -1.0, 1.0, 0.0, 1.0, 0.0, 2.0, 2.0, 1.0, 0.0, 0.0, 0.0, 2.0, 2.0, 2.0, -1.0, -1.0, 1.0, 0.0, 1.0, 0.0, 2.0, 0.0, 1.0, 0.0, 2.0, 1.0, -1.0, -1.0, -1.0, 3.0, 3.0, -1.0, 96208.0, 530.0
0.0, 3.0, -1.0, -1.0, -1.0, 2.0, 2.0, 2.0, 1.0, -1.0, 2.0, -1.0, 1.0, 0.0, 1.0, 2.0, 0.0, -1.0, 1.0, -1.0, -1.0, 2.0, 0.0, -1.0, -1.0, 1.0, 0.0, 0.0, 1.0, -1.0, 0.0, 3.0, 2.0, 1.0, 0.0, 2.0, 1.0, 1.0, 2.0, 0.0, 0.0, 0.0, 3.0, 2.0, -1.0, 1.0, 0.0, 0.0, -1.0, -1.0, 96409.0, 503.0
1.0, -1.0, -1.0, -1.0, 0.0, 0.0, -1.0, 3.0, 1.0, -1.0, 2.0, 0.0, 2.0, 1.0, -1.0, 3.0, 2.0, -1.0, 0.0, -1.0, 1.0, 2.0, 1.0, -1.0, -1.0, 3.0, 2.0, -1.0, 3.0, 2.0, 0.0, -1.0, 0.0, -1.0, -1.0, 0.0, 1.0, 2.0, 1.0, 2.0, 0.0, -1.0, -1.0, 0.0, -1.0, 2.0, 0.0, 0.0, -1.0, 3.0, 96759.0, 467.0
0.0, 3.0, -1.0, -1.0, -1.0, 2.0, 2.0, 2.0, 1.0, -1.0, 2.0, -1.0, 1.0, 0.0, -1.0, 2.0, 0.0, -1.0, 1.0, -1.0, -1.0, 2.0, 1.0, -1.0, -1.0, 1.0, 2.0, 0.0, 1.0, -1.0, 0.0, 3.0, 2.0, -1.0, 0.0, 2.0, 1.0, 1.0, 2.0, 0.0, 0.0, 0.0, -1.0, 2.0, -1.0, 1.0, 2.0, 0.0, -1.0, 3.0, 96658.0, 479.0
0.0, 3.0, -1.0, -1.0, -1.0, 2.0, 2.0, 2.0, 1.0, -1.0, 2.0, -1.0, 1.0, 0.0, -1.0, 2.0, 0.0, -1.0, 1.0, -1.0, -1.0, 2.0, 1.0, -1.0, -1.0, 1.0, 2.0, 0.0, 1.0, -1.0, 0.0, 3.0, 2.0, -1.0, 0.0, 2.0, 1.0, 1.0, 2.0, 0.0, 0.0, 0.0, -1.0, 2.0, -1.0, 1.0, 2.0, 0.0, -1.0, 3.0, 96658.0, 479.0
0.0, 3.0, 2.0, 1.0, 0.0, 1.0, 2.0, 3.0, 3.0, 2.0, 3.0, -1.0, 1.0, 2.0, 0.0, 2.0, -1.0, 2.0, 1.0, 0.0, -1.0, 1.0, 1.0, 0.0, 0.0, 3.0, 0.0, 1.0, 3.0, -1.0, 0.0, 1.0, 1.0, 2.0, 1.0, 1.0, 0.0, 0.0, 1.0, 2.0, 0.0, 1.0, 2.0, 2.0, -1.0, 1.0, 2.0, 2.0, 0.0, -1.0, 95568.0, 618.0
0.0, 3.0, 2.0, 1.0, 0.0, 1.0, 2.0, 3.0, 3.0, 2.0, 3.0, -1.0, 1.0, 2.0, 0.0, 2.0, -1.0, 2.0, 1.0, 0.0, -1.0, 1.0, 1.0, 0.0, 0.0, 3.0, 0.0, 1.0, 3.0, -1.0, 0.0, 1.0, 1.0, 2.0, 1.0, 1.0, 0.0, 0.0, 1.0, 2.0, 0.0, 1.0, 2.0, 2.0, -1.0, 1.0, 2.0, 2.0, 0.0, -1.0, 95568.0, 618.0
0.0, 3.0, 2.0, 1.0, 0.0, 1.0, 2.0, 3.0, 3.0, 2.0, 3.0, -1.0, 1.0, 2.0, 0.0, 2.0, -1.0, 2.0, 1.0, 0.0, -1.0, 1.0, 1.0, 0.0, 0.0, 3.0, 0.0, 1.0, 3.0, -1.0, 0.0, 1.0, 1.0, 2.0, 1.0, 1.0, 0.0, 0.0, 1.0, 2.0, 0.0, 1.0, 2.0, 2.0, -1.0, 1.0, 2.0, 2.0, 0.0, -1.0, 95568.0, 618.0
0.0, 3.0, 2.0, 1.0, 0.0, 1.0, 2.0, 3.0, 3.0, 2.0, 3.0, -1.0, 1.0, 2.0, 0.0, 2.0, -1.0, 2.0, 1.0, 0.0, -1.0, 1.0, 1.0, 0.0, 0.0, 3.0, 0.0, 1.0, 3.0, -1.0, 0.0, 1.0, 1.0, 2.0, 1.0, 1.0, 0.0, 0.0, 1.0, 2.0, 0.0, 1.0, 2.0, 2.0, -1.0, 1.0, 2.0, 2.0, 0.0, -1.0, 95568.0, 618.0
0.0, 3.0, 2.0, 1.0, 0.0, 1.0, 2.0, 3.0, 3.0, 2.0, 3.0, -1.0, 1.0, 2.0, 0.0, 2.0, -1.0, 2.0, 1.0, 0.0, -1.0, 1.0, 1.0, 0.0, 0.0, 3.0, 0.0, 1.0, 3.0, -1.0, 0.0, 1.0, 1.0, 2.0, 1.0, 1.0, 0.0, 0.0, 1.0, 2.0, 0.0, 1.0, 2.0, 2.0, -1.0, 1.0, 2.0, 2.0, 0.0, -1.0, 95568.0, 618.0
0.0, 3.0, 2.0, 1.0, 0.0, 1.0, 2.0, 3.0, 3.0, 2.0, 3.0, -1.0, 1.0, 2.0, 0.0, 2.0, -1.0, 2.0, 1.0, 0.0, -1.0, 1.0, 1.0, 0.0, 0.0, 3.0, 0.0, 1.0, 3.0, -1.0, 0.0, 1.0, 1.0, 2.0, 1.0, 1.0, 0.0, 0.0, 1.0, 2.0, 0.0, 1.0, 2.0, 2.0, -1.0, 1.0, 2.0, 2.0, 0.0, -1.0, 95568.0, 618.0
0.0, 3.0, 2.0, 1.0, 0.0, 1.0, 2.0, 3.0, 3.0, 2.0, 3.0, -1.0, 1.0, 2.0, 0.0, 2.0, -1.0, 2.0, 1.0, 0.0, -1.0, 1.0, 1.0, 0.0, 0.0, 3.0, 0.0, 1.0, 3.0, -1.0, 0.0, 1.0, 1.0, 2.0, 1.0, 1.0, 0.0, 0.0, 1.0, 2.0, 0.0, 1.0, 2.0, 2.0, -1.0, 1.0, 2.0, 2.0, 0.0, -1.0, 95568.0, 618.0
0.0, 3.0, 2.0, 1.0, 0.0, 1.0, 2.0, 3.0, 3.0, 2.0, 3.0, -1.0, 1.0, 2.0, 0.0, 2.0, -1.0, 2.0, 1.0, 0.0, -1.0, 1.0, 1.0, 0.0, 0.0, 3.0, 0.0, 1.0, 3.0, -1.0, 0.0, 1.0, 1.0, 2.0, 1.0, 1.0, 0.0, 0.0, 1.0, 2.0, 0.0, 1.0, 2.0, 2.0, -1.0, 1.0, 2.0, 2.0, 0.0, -1.0, 95568.0, 618.0
1.0, -1.0, -1.0, -1.0, 0.0, 0.0, -1.0, 3.0, 1.0, -1.0, 2.0, 0.0, 2.0, 1.0, -1.0, 3.0, 2.0, -1.0, 0.0, -1.0, 1.0, 2.0, 1.0, -1.0, -1.0, 3.0, 2.0, -1.0, 3.0, 2.0, 0.0, -1.0, 0.0, -1.0, -1.0, 0.0, 1.0, 2.0, 1.0, 2.0, 0.0, -1.0, -1.0, 0.0, 3.0, 2.0, 0.0, 0.0, -1.0, 3.0, 96749.0, 483.0
1.0, -1.0, -1.0, -1.0, 0.0, 0.0, -1.0, 3.0, 1.0, -1.0, 2.0, 0.0, 2.0, 1.0, -1.0, 3.0, 2.0, -1.0, 0.0, -1.0, 1.0, 2.0, 1.0, -1.0, -1.0, 3.0, 2.0, -1.0, 3.0, 2.0, 0.0, -1.0, 0.0, -1.0, -1.0, 0.0, 1.0, 2.0, 1.0, 2.0, 0.0, -1.0, -1.0, 0.0, 3.0, 2.0, 0.0, 0.0, -1.0, 3.0, 96749.0, 483.0
1.0, -1.0, -1.0, -1.0, 0.0, 0.0, -1.0, 3.0, 1.0, -1.0, 2.0, 0.0, 2.0, 1.0, -1.0, 3.0, 2.0, -1.0, 0.0, -1.0, 1.0, 2.0, 1.0, -1.0, -1.0, 3.0, 2.0, -1.0, 3.0, 2.0, 0.0, -1.0, 0.0, -1.0, -1.0, 0.0, 1.0, 2.0, 1.0, 2.0, 0.0, -1.0, -1.0, 0.0, 3.0, 2.0, 0.0, 0.0, -1.0, 3.0, 96749.0, 483.0
-1.0, -1.0, -1.0, 1.0, 2.0, 0.0, -1.0, 0.0, 1.0, 0.0, 2.0, 3.0, 2.0, 2.0, 0.0, 0.0, -1.0, 1.0, -1.0, 1.0, 0.0, 1.0, 0.0, 2.0, 2.0, 1.0, 0.0, 0.0, 0.0, 2.0, 2.0, 2.0, -1.0, -1.0, 1.0, 0.0, 1.0, 0.0, 2.0, 0.0, 1.0, 1.0, 2.0, 1.0, -1.0, -1.0, -1.0, 3.0, 3.0, -1.0, 96218.0, 530.0
-1.0, -1.0, -1.0, 1.0, 2.0, 0.0, -1.0, 0.0, 1.0, 0.0, 2.0, 3.0, 2.0, 2.0, 0.0, 0.0, -1.0, 1.0, -1.0, 1.0, 0.0, 1.0, 0.0, 2.0, 2.0, 1.0, 0.0, 0.0, 0.0, 2.0, 2.0, 2.0, -1.0, -1.0, 1.0, 0.0, 0.0, 1.0, 2.0, 0.0, 1.0, 0.0, 2.0, 1.0, 2.0, -1.0, -1.0, 3.0, 3.0, -1.0, 96158.0, 546.0
-1.0, -1.0, -1.0, 1.0, 2.0, 0.0, -1.0, 0.0, 1.0, 0.0, 2.0, 3.0, 2.0, 2.0, 0.0, 0.0, -1.0, 1.0, -1.0, 1.0, 0.0, 1.0, 0.0, 2.0, 2.0, 1.0, 0.0, 0.0, 0.0, 2.0, 2.0, 2.0, -1.0, -1.0, 1.0, 0.0, 0.0, 1.0, 2.0, 0.0, 1.0, 0.0, 2.0, 1.0, 2.0, -1.0, -1.0, 3.0, 3.0, -1.0, 96158.0, 546.0
-1.0, -1.0, -1.0, 1.0, 2.0, 0.0, -1.0, 0.0, 1.0, 0.0, 2.0, 3.0, 2.0, 2.0, 0.0, 0.0, -1.0, 1.0, -1.0, 1.0, 0.0, 1.0, 0.0, 2.0, 2.0, 1.0, 0.0, 0.0, 0.0, 2.0, 2.0, 2.0, -1.0, -1.0, 1.0, 0.0, 0.0, 1.0, 2.0, 0.0, 1.0, 1.0, 2.0, 1.0, 2.0, -1.0, -1.0, 3.0, 3.0, -1.0, 96192.0, 546.0
-1.0, -1.0, -1.0, 1.0, 2.0, 0.0, -1.0, 0.0, 1.0, 0.0, 2.0, 3.0, 2.0, 2.0, 0.0, 0.0, -1.0, 1.0, -1.0, 1.0, 0.0, 1.0, 0.0, 2.0, 2.0, 1.0, 0.0, 0.0, 0.0, 2.0, 2.0, 2.0, -1.0, -1.0, 1.0, 0.0, 0.0, 1.0, 2.0, 0.0, 1.0, 1.0, 2.0, 1.0, 2.0, -1.0, -1.0, 3.0, 3.0, -1.0, 96192.0, 546.0
0.0, 3.0, -1.0, -1.0, -1.0, 2.0, 2.0, 2.0, 1.0, -1.0, 2.0, -1.0, 1.0, 0.0, 1.0, 2.0, 0.0, -1.0, 1.0, -1.0, -1.0, 2.0, 0.0, 1.0, -1.0, 1.0, 2.0, 0.0, 1.0, -1.0, 0.0, 3.0, 2.0, 1.0, 0.0, 2.0, 2.0, 1.0, 2.0, 0.0, 1.0, 0.0, 3.0, 2.0, -1.0, 1.0, 0.0, 0.0, -1.0, 3.0, 96286.0, 528.0
0.0, 3.0, -1.0, -1.0, -1.0, 2.0, 2.0, 2.0, 1.0, -1.0, 2.0, -1.0, 1.0, 0.0, 1.0, 2.0, 0.0, -1.0, 1.0, -1.0, -1.0, 2.0, 0.0, 1.0, -1.0, 1.0, 2.0, 0.0, 1.0, -1.0, 0.0, 3.0, 2.0, 1.0, 0.0, 2.0, 2.0, 1.0, 2.0, 0.0, 1.0, 0.0, 3.0, 2.0, -1.0, 1.0, 0.0, 0.0, -1.0, 3.0, 96286.0, 528.0
0.0, 3.0, -1.0, -1.0, -1.0, 2.0, 2.0, 2.0, 1.0, -1.0, 2.0, -1.0, 1.0, 0.0, 1.0, 2.0, 0.0, -1.0, 1.0, -1.0, -1.0, 2.0, 0.0, 1.0, -1.0, 1.0, 2.0, 0.0, 1.0, -1.0, 0.0, 3.0, 2.0, 1.0, 0.0, 2.0, 2.0, 1.0, 2.0, 0.0, 1.0, 0.0, 3.0, 2.0, -1.0, 1.0, 0.0, 0.0, -1.0, 3.0, 96286.0, 528.0
0.0, 3.0, -1.0, -1.0, -1.0, 2.0, 2.0, 2.0, 1.0, -1.0, 2.0, -1.0, 1.0, 0.0, 1.0, 2.0, 0.0, -1.0, 1.0, -1.0, -1.0, 2.0, 0.0, 1.0, -1.0, 1.0, 2.0, 0.0, 1.0, -1.0, 0.0, 3.0, 2.0, 1.0, 0.0, 2.0, 2.0, 1.0, 2.0, 0.0, 1.0, 0.0, 3.0, 2.0, -1.0, 1.0, 0.0, 0.0, -1.0, 3.0, 96286.0, 528.0
0.0, 3.0, -1.0, -1.0, 0.0, 2.0, 2.0, 2.0, 1.0, -1.0, 2.0, -1.0, 1.0, 0.0, 1.0, 2.0, 0.0, -1.0, 1.0, -1.0, -1.0, 2.0, 1.0, -1.0, -1.0, 1.0, 2.0, 0.0, 1.0, -1.0, 0.0, 3.0, 2.0, 1.0, 0.0, 2.0, 1.0, 1.0, 2.0, 0.0, 0.0, 0.0, 3.0, 2.0, -1.0, 1.0, 0.0, 0.0, -1.0, 3.0, 96232.0, 535.0
0.0, 3.0, -1.0, -1.0, 0.0, 2.0, 2.0, 2.0, 1.0, -1.0, 2.0, -1.0, 1.0, 0.0, 1.0, 2.0, 0.0, -1.0, 1.0, -1.0, -1.0, 2.0, 1.0, -1.0, -1.0, 1.0, 2.0, 0.0, 1.0, -1.0, 0.0, 3.0, 2.0, 1.0, 0.0, 2.0, 1.0, 1.0, 2.0, 0.0, 0.0, 0.0, 3.0, 2.0, -1.0, 1.0, 0.0, 0.0, -1.0, 3.0, 96232.0, 535.0
0.0, 3.0, -1.0, -1.0, 0.0, 2.0, 2.0, 2.0, 1.0, -1.0, 2.0, -1.0, 1.0, 0.0, 1.0, 2.0, 0.0, -1.0, 1.0, -1.0, -1.0, 2.0, 1.0, -1.0, -1.0, 1.0, 2.0, 0.0, 1.0, -1.0, 0.0, 3.0, 2.0, 1.0, 0.0, 2.0, 1.0, 1.0, 2.0, 0.0, 0.0, 0.0, 3.0, 2.0, -1.0, 1.0, 0.0, 0.0, -1.0, 3.0, 96232.0, 535.0
0.0, 3.0, -1.0, -1.0, 0.0, 2.0, 2.0, 2.0, 1.0, -1.0, 2.0, -1.0, 1.0, 0.0, 1.0, 2.0, 0.0, -1.0, 1.0, -1.0, -1.0, 2.0, 1.0, -1.0, -1.0, 1.0, 2.0, 0.0, 1.0, -1.0, 0.0, 3.0, 2.0, 1.0, 0.0, 2.0, 1.0, 1.0, 2.0, 0.0, 0.0, 0.0, 3.0, 2.0, -1.0, 1.0, 0.0, 0.0, -1.0, 3.0, 96232.0, 535.0
0.0, 3.0, -1.0, -1.0, 0.0, 2.0, 2.0, 2.0, 1.0, -1.0, 2.0, -1.0, 1.0, 0.0, 1.0, 2.0, 0.0, -1.0, 1.0, -1.0, -1.0, 2.0, 1.0, -1.0, -1.0, 1.0, 2.0, 0.0, 1.0, -1.0, 0.0, 3.0, 2.0, 1.0, 0.0, 2.0, 1.0, 1.0, 2.0, 0.0, 0.0, 0.0, 3.0, 2.0, -1.0, 1.0, 0.0, 0.0, -1.0, 3.0, 96232.0, 535.0
0.0, 3.0, -1.0, -1.0, 0.0, 2.0, 2.0, 2.0, 1.0, -1.0, 2.0, -1.0, 1.0, 0.0, 1.0, 2.0, 0.0, -1.0, 1.0, -1.0, -1.0, 2.0, 1.0, -1.0, -1.0, 1.0, 2.0, 0.0, 1.0, -1.0, 0.0, 3.0, 2.0, 1.0, 0.0, 2.0, 1.0, 1.0, 2.0, 0.0, 0.0, 0.0, 3.0, 2.0, -1.0, 1.0, 0.0, 0.0, -1.0, 3.0, 96232.0, 535.0
0.0, 3.0, -1.0, -1.0, 0.0, 2.0, 2.0, 2.0, 1.0, -1.0, 2.0, -1.0, 1.0, 0.0, 1.0, 2.0, 0.0, -1.0, 1.0, -1.0, -1.0, 2.0, 1.0, -1.0, -1.0, 1.0, 2.0, 0.0, 1.0, -1.0, 0.0, 3.0, 2.0, 1.0, 0.0, 2.0, 1.0, 1.0, 2.0, 0.0, 0.0, 0.0, 3.0, 2.0, -1.0, 1.0, 0.0, 0.0, -1.0, 3.0, 96232.0, 535.0
0.0, 3.0, -1.0, -1.0, 0.0, 2.0, 2.0, 2.0, 1.0, -1.0, 2.0, -1.0, 1.0, 0.0, 1.0, 2.0, 0.0, -1.0, 1.0, -1.0, -1.0, 2.0, 1.0, -1.0, -1.0, 1.0, 2.0, 0.0, 1.0, -1.0, 0.0, 3.0, 2.0, 1.0, 0.0, 2.0, 1.0, 1.0, 2.0, 0.0, 0.0, 0.0, 3.0, 2.0, -1.0, 1.0, 0.0, 0.0, -1.0, 3.0, 96232.0, 535.0
0.0, 3.0, -1.0, -1.0, 0.0, 2.0, 2.0, 2.0, 1.0, -1.0, 2.0, -1.0, 1.0, 0.0, 1.0, 2.0, 0.0, -1.0, 1.0, -1.0, -1.0, 2.0, 1.0, -1.0, -1.0, 1.0, 2.0, 0.0, 1.0, -1.0, 0.0, 3.0, 2.0, 1.0, 0.0, 2.0, 1.0, 1.0, 2.0, 0.0, 0.0, 0.0, 3.0, 2.0, -1.0, 1.0, 0.0, 0.0, -1.0, 3.0, 96232.0, 535.0
0.0, 3.0, -1.0, -1.0, 0.0, 2.0, 2.0, 2.0, 1.0, -1.0, 2.0, -1.0, 1.0, 0.0, 1.0, 2.0, 0.0, -1.0, 1.0, -1.0, -1.0, 2.0, 1.0, -1.0, -1.0, 1.0, 2.0, 0.0, 1.0, -1.0, 0.0, 3.0, 2.0, 1.0, 0.0, 2.0, 1.0, 1.0, 2.0, 0.0, 0.0, 0.0, 3.0, 2.0, -1.0, 1.0, 0.0, 0.0, -1.0, 3.0, 96232.0, 535.0
0.0, 3.0, -1.0, -1.0, 0.0, 2.0, 2.0, 2.0, 1.0, -1.0, 2.0, -1.0, 1.0, 0.0, 1.0, 2.0, 0.0, -1.0, 1.0, -1.0, -1.0, 2.0, 1.0, -1.0, -1.0, 1.0, 2.0, 0.0, 1.0, -1.0, 0.0, 3.0, 2.0, 1.0, 0.0, 2.0, 1.0, 1.0, 2.0, 0.0, 0.0, 0.0, 3.0, 2.0, -1.0, 1.0, 0.0, 0.0, -1.0, 3.0, 96232.0, 535.0
0.0, 3.0, -1.0, -1.0, 0.0, 2.0, 2.0, 2.0, 1.0, -1.0, 2.0, -1.0, 1.0, 0.0, 1.0, 2.0, 0.0, -1.0, 1.0, -1.0, -1.0, 2.0, 1.0, -1.0, -1.0, 1.0, 2.0, 0.0, 1.0, -1.0, 0.0, 3.0, 2.0, 1.0, 0.0, 2.0, 1.0, 1.0, 2.0, 0.0, 0.0, 0.0, 3.0, 2.0, -1.0, 1.0, 0.0, 0.0, -1.0, 3.0, 96232.0, 535.0
1.0, -1.0, -1.0, -1.0, 0.0, 0.0, -1.0, 3.0, 1.0, -1.0, 2.0, 0.0, 2.0, 1.0, -1.0, 3.0, 2.0, -1.0, 0.0, -1.0, 1.0, 2.0, 1.0, -1.0, 1.0, 3.0, 2.0, -1.0, 2.0, 2.0, 0.0, -1.0, 0.0, -1.0, 0.0, 0.0, 1.0, 2.0, 1.0, 2.0, 0.0, -1.0, -1.0, 0.0, 3.0, 2.0, 0.0, 0.0, 1.0, 3.0, 96329.0, 517.0
1.0, -1.0, -1.0, -1.0, 0.0, 0.0, -1.0, 3.0, 1.0, -1.0, 2.0, 0.0, 2.0, 1.0, -1.0, 3.0, 2.0, -1.0, 0.0, -1.0, 1.0, 2.0, 1.0, -1.0, 1.0, 3.0, 2.0, -1.0, 2.0, 2.0, 0.0, -1.0, 0.0, -1.0, 0.0, 0.0, 1.0, 2.0, 1.0, 2.0, 0.0, -1.0, -1.0, 0.0, 3.0, 2.0, 0.0, 0.0, 1.0, 3.0, 96329.0, 517.0
1.0, -1.0, -1.0, -1.0, 0.0, 0.0, -1.0, 3.0, 1.0, -1.0, 2.0, 0.0, 2.0, 1.0, -1.0, 3.0, 2.0, -1.0, 0.0, -1.0, 1.0, 2.0, 1.0, -1.0, 1.0, 3.0, 2.0, -1.0, 2.0, 2.0, 0.0, -1.0, 0.0, -1.0, 0.0, 0.0, 1.0, 2.0, 1.0, 2.0, 0.0, -1.0, -1.0, 0.0, 3.0, 2.0, 0.0, 0.0, 1.0, 3.0, 96329.0, 517.0
1.0, -1.0, -1.0, -1.0, 0.0, 0.0, -1.0, 3.0, 1.0, -1.0, 2.0, 0.0, 2.0, 1.0, -1.0, 3.0, 2.0, -1.0, 0.0, -1.0, 1.0, 2.0, 1.0, -1.0, 1.0, 3.0, 2.0, -1.0, 2.0, 2.0, 0.0, -1.0, 0.0, -1.0, 0.0, 0.0, 1.0, 2.0, 1.0, 2.0, 0.0, -1.0, -1.0, 0.0, 3.0, 2.0, 0.0, 0.0, 1.0, 3.0, 96329.0, 517.0
0.0, 3.0, -1.0, -1.0, -1.0, 2.0, 2.0, 2.0, 1.0, -1.0, 2.0, -1.0, 1.0, 0.0, 1.0, 2.0, 0.0, -1.0, 1.0, -1.0, -1.0, 2.0, 0.0, -1.0, -1.0, 1.0, 0.0, 0.0, 1.0, -1.0, 0.0, 3.0, 2.0, 1.0, 0.0, 0.0, 1.0, 1.0, 2.0, 2.0, 0.0, 0.0, 3.0, 2.0, -1.0, 1.0, 0.0, 0.0, -1.0, 3.0, 96345.0, 517.0
0.0, 3.0, -1.0, -1.0, -1.0, 0.0, 2.0, 2.0, 1.0, -1.0, 2.0, -1.0, 1.0, 0.0, 1.0, 2.0, 0.0, -1.0, 1.0, -1.0, -1.0, 2.0, 1.0, -1.0, -1.0, 1.0, 2.0, 0.0, 1.0, 2.0, 0.0, 3.0, 2.0, 1.0, 0.0, 2.0, 1.0, 1.0, 2.0, 0.0, 0.0, -1.0, -1.0, 2.0, -1.0, 1.0, 0.0, 0.0, -1.0, 3.0, 96473.0, 511.0
0.0, 3.0, -1.0, -1.0, -1.0, 0.0, 2.0, 2.0, 1.0, -1.0, 2.0, -1.0, 1.0, 0.0, 1.0, 2.0, 0.0, -1.0, 1.0, -1.0, -1.0, 2.0, 1.0, -1.0, -1.0, 1.0, 2.0, 0.0, 1.0, 2.0, 0.0, 3.0, 2.0, 1.0, 0.0, 2.0, 1.0, 1.0, 2.0, 0.0, 0.0, -1.0, -1.0, 2.0, -1.0, 1.0, 0.0, 0.0, -1.0, 3.0, 96473.0, 511.0
0.0, 3.0, -1.0, -1.0, -1.0, 0.0, 2.0, 2.0, 1.0, -1.0, 2.0, -1.0, 1.0, 0.0, 1.0, 2.0, 0.0, -1.0, 1.0, -1.0, -1.0, 2.0, 1.0, -1.0, -1.0, 1.0, 2.0, 0.0, 1.0, 2.0, 0.0, 3.0, 2.0, 1.0, 0.0, 2.0, 1.0, 1.0, 2.0, 0.0, 0.0, -1.0, -1.0, 2.0, -1.0, 1.0, 0.0, 0.0, -1.0, 3.0, 96473.0, 511.0
1.0, -1.0, -1.0, -1.0, -1.0, 0.0, -1.0, 3.0, 1.0, -1.0, 2.0, 0.0, 2.0, 1.0, -1.0, 3.0, 2.0, -1.0, 0.0, -1.0, 1.0, 2.0, 1.0, -1.0, 1.0, 3.0, 0.0, -1.0, 2.0, 2.0, 0.0, -1.0, 0.0, -1.0, 3.0, 0.0, 1.0, 2.0, 0.0, 2.0, 0.0, -1.0, -1.0, 2.0, 3.0, 2.0, 0.0, 1.0, 1.0, 1.0, 96564.0, 499.0
1.0, -1.0, -1.0, -1.0, -1.0, 0.0, -1.0, 3.0, 1.0, -1.0, 2.0, 0.0, 2.0, 1.0, -1.0, 3.0, 2.0, -1.0, 0.0, -1.0, 1.0, 2.0, 1.0, -1.0, 1.0, 3.0, 0.0, -1.0, 2.0, 2.0, 0.0, -1.0, 0.0, -1.0, 3.0, 0.0, 1.0, 2.0, 0.0, 2.0, 0.0, -1.0, -1.0, 2.0, 3.0, 2.0, 0.0, 1.0, 1.0, 1.0, 96564.0, 499.0
1.0, -1.0, -1.0, -1.0, -1.0, 0.0, -1.0, 3.0, 1.0, -1.0, 2.0, 0.0, 2.0, 1.0, -1.0, 3.0, 2.0, -1.0, 0.0, -1.0, 1.0, 2.0, 1.0, -1.0, 1.0, 3.0, 0.0, -1.0, 2.0, 2.0, 0.0, -1.0, 0.0, -1.0, 3.0, 0.0, 1.0, 2.0, 0.0, 2.0, 0.0, -1.0, -1.0, 2.0, 3.0, 2.0, 0.0, 1.0, 1.0, 1.0, 96564.0, 499.0
1.0, -1.0, -1.0, -1.0, -1.0, 0.0, -1.0, 3.0, 1.0, -1.0, 2.0, 0.0, 2.0, 1.0, -1.0, 3.0, 2.0, -1.0, 0.0, -1.0, 1.0, 2.0, 1.0, -1.0, 1.0, 3.0, 0.0, -1.0, 2.0, 2.0, 0.0, -1.0, 0.0, -1.0, 3.0, 0.0, 1.0, 2.0, 0.0, 2.0, 0.0, -1.0, -1.0, 2.0, 3.0, 2.0, 0.0, 1.0, 1.0, 1.0, 96564.0, 499.0
1.0, -1.0, -1.0, -1.0, -1.0, 0.0, -1.0, 3.0, 1.0, -1.0, 2.0, 0.0, 2.0, 1.0, -1.0, 3.0, 2.0, -1.0, 0.0, -1.0, 1.0, 2.0, 1.0, -1.0, 1.0, 3.0, 2.0, -1.0, 2.0, 2.0, 0.0, -1.0, 0.0, -1.0, -1.0, 0.0, 1.0, 2.0, 1.0, 0.0, 0.0, 0.0, -1.0, 0.0, 3.0, 2.0, 0.0, 2.0, 1.0, 3.0, 96519.0, 500.0
0.0, 3.0, -1.0, -1.0, -1.0, 0.0, 2.0, 2.0, 1.0, -1.0, 2.0, 0.0, 1.0, 0.0, 1.0, 2.0, 0.0, -1.0, 1.0, -1.0, -1.0, 2.0, 1.0, -1.0, -1.0, 1.0, 2.0, 0.0, 1.0, 2.0, 0.0, 3.0, 2.0, 1.0, 0.0, 2.0, 1.0, 1.0, 2.0, 0.0, 0.0, 3.0, -1.0, 2.0, -1.0, 1.0, 0.0, 0.0, -1.0, 3.0, 96251.0, 542.0
0.0, 3.0, 2.0, 1.0, 0.0, 1.0, 2.0, 3.0, 3.0, 2.0, 3.0, -1.0, 1.0, 2.0, 0.0, 2.0, -1.0, 2.0, 1.0, 0.0, -1.0, 1.0, 1.0, 0.0, 0.0, 3.0, 0.0, 1.0, 3.0, -1.0, 0.0, 1.0, 1.0, 2.0, 1.0, 1.0, 0.0, 0.0, 1.0, 2.0, -1.0, 2.0, 2.0, 2.0, -1.0, 1.0, 2.0, 2.0, 0.0, -1.0, 95725.0, 599.0
0.0, 3.0, 2.0, 1.0, 0.0, 1.0, 2.0, 3.0, 3.0, 2.0, 3.0, -1.0, 1.0, 2.0, 0.0, 2.0, -1.0, 2.0, 1.0, 0.0, -1.0, 1.0, 1.0, 0.0, 0.0, 3.0, 0.0, 1.0, 3.0, -1.0, 0.0, 1.0, 1.0, 2.0, 1.0, 1.0, 0.0, 0.0, 1.0, 2.0, -1.0, 2.0, 2.0, 2.0, -1.0, 1.0, 2.0, 2.0, 0.0, -1.0, 95725.0, 599.0
0.0, 3.0, 2.0, 1.0, 0.0, 1.0, 2.0, 3.0, 3.0, 2.0, 3.0, -1.0, 1.0, 2.0, 0.0, 2.0, -1.0, 2.0, 1.0, 0.0, -1.0, 1.0, 1.0, 0.0, 0.0, 3.0, 0.0, 1.0, 3.0, -1.0, 0.0, 1.0, 1.0, 2.0, 1.0, 1.0, 0.0, 0.0, 1.0, 2.0, -1.0, 2.0, 2.0, 2.0, -1.0, 1.0, 2.0, 2.0, 0.0, -1.0, 95725.0, 599.0
0.0, 3.0, -1.0, 1.0, 0.0, 1.0, 2.0, 2.0, 3.0, 2.0, 3.0, -1.0, 1.0, 2.0, 0.0, 2.0, -1.0, 1.0, 1.0, 0.0, -1.0, 1.0, 1.0, 0.0, 0.0, 3.0, 0.0, 2.0, 3.0, -1.0, 0.0, 1.0, 1.0, 2.0, -1.0, 1.0, 0.0, 0.0, 1.0, 2.0, 0.0, 1.0, 2.0, 2.0, -1.0, 1.0, 2.0, 2.0, 0.0, -1.0, 95732.0, 590.0
