3.0, -1.0, -1.0, 1.0, 0.0, -1.0, -1.0, 0.0, 2.0, 1.0, -1.0, -1.0, 2.0, 3.0, 0.0, 2.0, -1.0, 2.0, 1.0, 3.0, 2.0, 3.0, 3.0, 1.0, 1.0, 0.0, 1.0, 0.0, 0.0, 0.0, 2.0, -1.0, 1.0, 3.0, -1.0, 0.0, 1.0, -1.0, -1.0, -1.0, 0.0, -1.0, 2.0, 1.0, -1.0, -1.0, 0.0, -1.0, -1.0, -1.0, 470.0, 99617.0
3.0, -1.0, -1.0, 1.0, 0.0, -1.0, -1.0, 0.0, 2.0, 1.0, -1.0, -1.0, 2.0, 3.0, 0.0, 2.0, -1.0, 2.0, 1.0, 3.0, 2.0, 3.0, 3.0, 1.0, 1.0, 0.0, 1.0, 0.0, 0.0, 0.0, 2.0, -1.0, 1.0, 3.0, -1.0, 0.0, 1.0, -1.0, -1.0, -1.0, 0.0, -1.0, 2.0, 1.0, -1.0, -1.0, 0.0, -1.0, -1.0, -1.0, 470.0, 99617.0
-1.0, 1.0, 2.0, 3.0, 2.0, -1.0, -1.0, 3.0, 1.0, -1.0, 2.0, 2.0, 1.0, 3.0, 2.0, 1.0, 3.0, 0.0, 3.0, 1.0, 0.0, -1.0, -1.0, 0.0, 0.0, 3.0, 2.0, 3.0, 1.0, 2.0, -1.0, -1.0, 1.0, -1.0, -1.0, 2.0, 0.0, 0.0, 2.0, 1.0, 1.0, 1.0, -1.0, -1.0, -1.0, -1.0, 1.0, 3.0, 0.0, 2.0, 507.0, 99559.0
0.0, 1.0, 1.0, 1.0, 2.0, 2.0, -1.0, 1.0, 3.0, 2.0, 2.0, 2.0, 2.0, 3.0, 2.0, -1.0, 0.0, 0.0, -1.0, 1.0, 3.0, 3.0, -1.0, 3.0, -1.0, 1.0, 0.0, 0.0, 0.0, 1.0, 0.0, -1.0, 0.0, 3.0, -1.0, -1.0, 3.0, -1.0, -1.0, 0.0, -1.0, -1.0, 1.0, 1.0, 0.0, -1.0, 2.0, 3.0, -1.0, -1.0, 499.0, 99585.0
-1.0, -1.0, -1.0, 1.0, 0.0, 0.0, -1.0, 0.0, 2.0, 1.0, -1.0, -1.0, 2.0, 3.0, 0.0, 2.0, 2.0, 2.0, 1.0, 3.0, 2.0, 3.0, 3.0, 1.0, 1.0, 0.0, 1.0, 0.0, 0.0, 0.0, 2.0, -1.0, 1.0, 3.0, -1.0, 0.0, 1.0, -1.0, -1.0, -1.0, 0.0, -1.0, 2.0, 1.0, -1.0, -1.0, 0.0, -1.0, -1.0, -1.0, 477.0, 99598.0
2.0, 3.0, 0.0, 1.0, 0.0, 0.0, 1.0, 2.0, 3.0, -1.0, 1.0, 2.0, 1.0, 3.0, 1.0, 0.0, 0.0, 0.0, 1.0, 1.0, 2.0, 3.0, 3.0, -1.0, -1.0, 1.0, -1.0, 0.0, 1.0, 0.0, 2.0, 2.0, 3.0, 3.0, 3.0, 2.0, -1.0, 0.0, -1.0, 0.0, -1.0, 3.0, -1.0, -1.0, 1.0, 2.0, 1.0, 2.0, -1.0, -1.0, 561.0, 99513.0
-1.0, 2.0, 2.0, 1.0, 0.0, -1.0, 0.0, 2.0, 2.0, 3.0, 1.0, 2.0, 1.0, 1.0, 1.0, 0.0, -1.0, 2.0, 1.0, 1.0, 3.0, 1.0, -1.0, 0.0, 0.0, 3.0, 0.0, 2.0, 1.0, 3.0, 3.0, -1.0, 3.0, -1.0, -1.0, 2.0, -1.0, 0.0, -1.0, 2.0, 0.0, 1.0, 0.0, 3.0, 3.0, -1.0, 3.0, 2.0, 1.0, 3.0, 577.0, 99505.0
-1.0, 2.0, 2.0, 1.0, 0.0, -1.0, 0.0, 2.0, 2.0, 3.0, 1.0, 2.0, 1.0, 1.0, 1.0, 0.0, -1.0, 2.0, 1.0, 1.0, 3.0, 1.0, -1.0, 0.0, 0.0, 3.0, 0.0, 2.0, 1.0, 3.0, 3.0, -1.0, 3.0, -1.0, -1.0, 2.0, -1.0, 0.0, -1.0, 2.0, 0.0, 1.0, 0.0, 3.0, 3.0, -1.0, 3.0, 2.0, 1.0, 3.0, 577.0, 99505.0
3.0, -1.0, -1.0, 1.0, -1.0, 0.0, -1.0, 0.0, 2.0, 1.0, 2.0, -1.0, 2.0, 3.0, 0.0, 2.0, 2.0, 2.0, 1.0, 3.0, 2.0, 3.0, 3.0, 1.0, 1.0, 0.0, 1.0, 0.0, 0.0, 0.0, 2.0, -1.0, 1.0, 3.0, -1.0, -1.0, 1.0, -1.0, -1.0, -1.0, 0.0, -1.0, 2.0, 1.0, -1.0, -1.0, 0.0, -1.0, -1.0, -1.0, 472.0, 99609.0
3.0, -1.0, -1.0, 1.0, -1.0, 0.0, -1.0, 0.0, 2.0, 1.0, 3.0, -1.0, 2.0, 3.0, 0.0, 2.0, 2.0, 2.0, 1.0, 3.0, 2.0, 3.0, 3.0, 1.0, 1.0, 0.0, 1.0, 0.0, 0.0, 0.0, 2.0, -1.0, 1.0, 3.0, -1.0, -1.0, 1.0, -1.0, -1.0, -1.0, 0.0, -1.0, 2.0, 1.0, -1.0, -1.0, 0.0, -1.0, -1.0, -1.0, 472.0, 99609.0
0.0, 1.0, 1.0, 1.0, 2.0, 2.0, -1.0, 1.0, 3.0, 2.0, 2.0, 2.0, 2.0, 3.0, 2.0, -1.0, 0.0, 1.0, -1.0, 1.0, 3.0, 3.0, -1.0, 3.0, -1.0, 1.0, 0.0, 0.0, 0.0, 1.0, 0.0, -1.0, 0.0, 3.0, -1.0, -1.0, 3.0, -1.0, -1.0, 0.0, -1.0, -1.0, 1.0, 1.0, 0.0, -1.0, 2.0, 3.0, -1.0, -1.0, 499.0, 99585.0
3.0, -1.0, -1.0, 1.0, -1.0, 0.0, -1.0, 0.0, 2.0, 1.0, 0.0, -1.0, 2.0, 3.0, 0.0, 2.0, 2.0, 2.0, 1.0, 3.0, 2.0, 3.0, 3.0, 1.0, 1.0, 0.0, 1.0, 0.0, 0.0, 0.0, 2.0, -1.0, 1.0, 3.0, -1.0, 0.0, 1.0, -1.0, -1.0, -1.0, 0.0, -1.0, 2.0, 1.0, -1.0, -1.0, 0.0, -1.0, -1.0, -1.0, 491.0, 99595.0
0.0, 1.0, 1.0, 1.0, -1.0, 2.0, -1.0, 1.0, 3.0, 2.0, 2.0, 2.0, 2.0, 3.0, 2.0, -1.0, 0.0, 0.0, -1.0, 1.0, 3.0, 3.0, -1.0, 3.0, -1.0, 1.0, 0.0, 0.0, 0.0, 1.0, 0.0, -1.0, 0.0, 3.0, -1.0, -1.0, 3.0, -1.0, -1.0, 0.0, -1.0, -1.0, 1.0, 1.0, 0.0, -1.0, 2.0, 3.0, -1.0, -1.0, 485.0, 99596.0
0.0, 1.0, 1.0, 1.0, -1.0, 2.0, -1.0, 1.0, 3.0, 2.0, 2.0, 2.0, 2.0, 3.0, 1.0, -1.0, 0.0, 0.0, -1.0, 1.0, 3.0, 3.0, -1.0, 3.0, -1.0, 1.0, 0.0, 0.0, 0.0, 1.0, 0.0, -1.0, 0.0, 3.0, -1.0, -1.0, 3.0, -1.0, -1.0, 0.0, -1.0, -1.0, 1.0, 1.0, 0.0, -1.0, 2.0, 3.0, -1.0, -1.0, 485.0, 99596.0
3.0, -1.0, -1.0, 1.0, 0.0, 0.0, -1.0, 0.0, 2.0, 1.0, -1.0, -1.0, 2.0, 3.0, 0.0, 2.0, 2.0, 2.0, 1.0, 3.0, 2.0, 3.0, 3.0, 1.0, 1.0, 0.0, 1.0, 0.0, 0.0, 0.0, 2.0, -1.0, 1.0, 3.0, -1.0, 0.0, 1.0, -1.0, -1.0, -1.0, 0.0, -1.0, 2.0, 1.0, -1.0, -1.0, 0.0, -1.0, -1.0, -1.0, 495.0, 99590.0
3.0, -1.0, -1.0, 1.0, 0.0, 0.0, -1.0, 0.0, 2.0, 1.0, -1.0, -1.0, 2.0, 3.0, 0.0, 2.0, 2.0, 2.0, 1.0, 3.0, 2.0, 3.0, 3.0, 1.0, 1.0, 0.0, 1.0, 0.0, 0.0, 0.0, 2.0, -1.0, 1.0, 3.0, -1.0, 0.0, 1.0, -1.0, -1.0, -1.0, 0.0, -1.0, 2.0, 1.0, -1.0, -1.0, 0.0, -1.0, -1.0, -1.0, 495.0, 99590.0
-1.0, 1.0, -1.0, 2.0, 1.0, 1.0, 1.0, 0.0, 2.0, -1.0, 2.0, 3.0, 0.0, 1.0, 0.0, 3.0, 3.0, -1.0, 0.0, 1.0, 2.0, 2.0, 2.0, 2.0, 0.0, 3.0, -1.0, 1.0, 3.0, 3.0, 3.0, 1.0, -1.0, 1.0, 0.0, 0.0, 1.0, 2.0, 2.0, 3.0, 0.0, 0.0, 0.0, 1.0, -1.0, 3.0, 3.0, 2.0, -1.0, -1.0, 597.0, 99497.0
-1.0, 1.0, -1.0, 2.0, 1.0, 1.0, 1.0, 0.0, 2.0, -1.0, 2.0, 3.0, 0.0, 1.0, 0.0, 3.0, 3.0, -1.0, 0.0, 1.0, 2.0, 2.0, 2.0, 2.0, 0.0, 3.0, -1.0, 1.0, 3.0, 3.0, 3.0, 1.0, -1.0, 1.0, 0.0, 0.0, 1.0, 3.0, 2.0, 3.0, 0.0, 0.0, 0.0, 1.0, -1.0, 3.0, 3.0, 2.0, -1.0, -1.0, 597.0, 99497.0
3.0, -1.0, -1.0, 1.0, -1.0, 0.0, -1.0, 0.0, 2.0, 1.0, 3.0, -1.0, 2.0, 3.0, 0.0, 2.0, 2.0, 2.0, 1.0, 3.0, 2.0, 3.0, 3.0, 1.0, 1.0, 0.0, 1.0, 0.0, 0.0, 0.0, 2.0, -1.0, 1.0, 3.0, -1.0, -1.0, 1.0, -1.0, -1.0, -1.0, 0.0, -1.0, 2.0, 1.0, -1.0, -1.0, 0.0, -1.0, -1.0, -1.0, 472.0, 99609.0
3.0, -1.0, -1.0, 1.0, -1.0, 0.0, -1.0, 0.0, 2.0, 1.0, 2.0, -1.0, 2.0, 3.0, 0.0, 2.0, 2.0, 2.0, 1.0, 3.0, 2.0, 3.0, 3.0, 1.0, 1.0, 0.0, 1.0, 0.0, 0.0, 0.0, 2.0, -1.0, 1.0, 3.0, -1.0, -1.0, 1.0, -1.0, -1.0, -1.0, 0.0, -1.0, 2.0, 1.0, -1.0, -1.0, 0.0, -1.0, -1.0, -1.0, 472.0, 99609.0
3.0, -1.0, -1.0, 1.0, 0.0, 0.0, -1.0, 0.0, 2.0, 1.0, -1.0, -1.0, 2.0, 3.0, 0.0, 2.0, 2.0, 2.0, 1.0, 3.0, 2.0, 3.0, 3.0, 1.0, 1.0, 0.0, 1.0, 0.0, 0.0, 0.0, 2.0, -1.0, 1.0, 3.0, -1.0, 0.0, 1.0, -1.0, -1.0, -1.0, 0.0, -1.0, 2.0, 1.0, -1.0, -1.0, 0.0, -1.0, -1.0, -1.0, 495.0, 99590.0
3.0, -1.0, -1.0, 1.0, 0.0, 0.0, -1.0, 0.0, 2.0, 1.0, -1.0, -1.0, 2.0, 3.0, 0.0, 2.0, 2.0, 2.0, 1.0, 3.0, 2.0, 3.0, 3.0, 1.0, 1.0, 0.0, 1.0, 0.0, 0.0, 0.0, 2.0, -1.0, 1.0, 3.0, -1.0, 0.0, 1.0, -1.0, -1.0, -1.0, 0.0, -1.0, 2.0, 1.0, -1.0, -1.0, 0.0, -1.0, -1.0, -1.0, 495.0, 99590.0
3.0, -1.0, -1.0, 1.0, 0.0, 0.0, -1.0, 0.0, 2.0, 1.0, -1.0, -1.0, 2.0, 3.0, 0.0, 2.0, 2.0, 2.0, 1.0, 3.0, 2.0, 3.0, 3.0, 1.0, 1.0, 0.0, 1.0, 0.0, 0.0, 0.0, 2.0, -1.0, 1.0, 3.0, -1.0, 0.0, 1.0, -1.0, -1.0, -1.0, 0.0, -1.0, 2.0, 1.0, -1.0, -1.0, 0.0, -1.0, -1.0, -1.0, 495.0, 99590.0
3.0, -1.0, -1.0, 1.0, 0.0, 0.0, -1.0, 0.0, 2.0, 1.0, -1.0, -1.0, 2.0, 3.0, 0.0, 2.0, 2.0, 2.0, 1.0, 3.0, 2.0, 3.0, 3.0, 1.0, 1.0, 0.0, 1.0, 0.0, 0.0, 0.0, 2.0, -1.0, 1.0, 3.0, -1.0, 0.0, 1.0, -1.0, -1.0, -1.0, 0.0, -1.0, 2.0, 1.0, -1.0, -1.0, 0.0, -1.0, -1.0, -1.0, 495.0, 99590.0
3.0, -1.0, -1.0, 1.0, 0.0, 0.0, -1.0, 0.0, 2.0, 1.0, -1.0, -1.0, 2.0, 3.0, 0.0, 2.0, 2.0, 2.0, 1.0, 3.0, 2.0, 3.0, 3.0, 1.0, 1.0, 0.0, 1.0, 0.0, 0.0, 0.0, 2.0, -1.0, 1.0, 3.0, -1.0, 0.0, 1.0, -1.0, -1.0, -1.0, 0.0, -1.0, 2.0, 1.0, -1.0, -1.0, 0.0, -1.0, -1.0, -1.0, 495.0, 99590.0
3.0, -1.0, -1.0, 1.0, 0.0, 0.0, -1.0, 0.0, 2.0, 1.0, -1.0, -1.0, 2.0, 3.0, 0.0, 2.0, 2.0, 2.0, 1.0, 3.0, 2.0, 3.0, 3.0, 1.0, 1.0, 0.0, 1.0, 0.0, 0.0, 0.0, 2.0, -1.0, 1.0, 3.0, -1.0, 0.0, 1.0, -1.0, -1.0, -1.0, 0.0, -1.0, 2.0, 1.0, -1.0, -1.0, 0.0, -1.0, -1.0, -1.0, 495.0, 99590.0
3.0, -1.0, -1.0, 1.0, 0.0, 0.0, -1.0, 0.0, 2.0, 1.0, -1.0, -1.0, 2.0, 3.0, 0.0, 2.0, 2.0, 2.0, 1.0, 3.0, 2.0, 3.0, 3.0, 1.0, 1.0, 0.0, 1.0, 0.0, 0.0, 0.0, 2.0, -1.0, 1.0, 3.0, -1.0, 0.0, 1.0, -1.0, -1.0, -1.0, 0.0, -1.0, 2.0, 1.0, -1.0, -1.0, 0.0, -1.0, -1.0, -1.0, 495.0, 99590.0
3.0, -1.0, -1.0, 1.0, 0.0, 0.0, -1.0, 0.0, 2.0, 1.0, -1.0, -1.0, 2.0, 3.0, 0.0, 2.0, 2.0, 2.0, 1.0, 3.0, 2.0, 3.0, 3.0, 1.0, 1.0, 0.0, 1.0, 0.0, 0.0, 0.0, 2.0, -1.0, 1.0, 3.0, -1.0, 0.0, 1.0, -1.0, -1.0, -1.0, 0.0, -1.0, 2.0, 1.0, -1.0, -1.0, 0.0, -1.0, -1.0, -1.0, 495.0, 99590.0
3.0, -1.0, -1.0, 1.0, 0.0, 0.0, -1.0, 0.0, 2.0, 1.0, -1.0, -1.0, 2.0, 3.0, 0.0, 2.0, 2.0, 2.0, 1.0, 3.0, 2.0, 3.0, 3.0, 1.0, 1.0, 0.0, 1.0, 0.0, 0.0, 0.0, 2.0, -1.0, 1.0, 3.0, -1.0, 0.0, 1.0, -1.0, -1.0, -1.0, 0.0, -1.0, 2.0, 1.0, -1.0, -1.0, 0.0, -1.0, -1.0, -1.0, 495.0, 99590.0
3.0, -1.0, -1.0, 1.0, 0.0, 0.0, -1.0, 0.0, 2.0, 1.0, -1.0, -1.0, 2.0, 3.0, 0.0, 2.0, 2.0, 2.0, 1.0, 3.0, 2.0, 3.0, 3.0, 1.0, 1.0, 0.0, 1.0, 0.0, 0.0, 0.0, 2.0, -1.0, 1.0, 3.0, -1.0, 0.0, 1.0, -1.0, -1.0, -1.0, 0.0, -1.0, 2.0, 1.0, -1.0, -1.0, 0.0, -1.0, -1.0, -1.0, 495.0, 99590.0
3.0, -1.0, -1.0, 1.0, 0.0, 0.0, -1.0, 0.0, 2.0, 1.0, -1.0, -1.0, 2.0, 3.0, 0.0, 2.0, 2.0, 2.0, 1.0, 3.0, 2.0, 3.0, 3.0, 1.0, 1.0, 0.0, 1.0, 0.0, 0.0, 0.0, 2.0, -1.0, 1.0, 3.0, -1.0, 0.0, 1.0, -1.0, -1.0, -1.0, 0.0, -1.0, 2.0, 1.0, -1.0, -1.0, 0.0, -1.0, -1.0, -1.0, 495.0, 99590.0
3.0, -1.0, -1.0, 1.0, 0.0, 0.0, -1.0, 0.0, 2.0, 1.0, -1.0, -1.0, 2.0, 3.0, 0.0, 2.0, 2.0, 2.0, 1.0, 3.0, 2.0, 3.0, 3.0, 1.0, 1.0, 0.0, 1.0, 0.0, 0.0, 0.0, 2.0, -1.0, 1.0, 3.0, -1.0, 0.0, 1.0, -1.0, -1.0, -1.0, 0.0, -1.0, 2.0, 1.0, -1.0, -1.0, 0.0, -1.0, -1.0, -1.0, 495.0, 99590.0
3.0, -1.0, -1.0, 1.0, 0.0, 0.0, -1.0, 0.0, 2.0, 1.0, -1.0, -1.0, 2.0, 3.0, 0.0, 2.0, 2.0, 2.0, 1.0, 3.0, 2.0, 3.0, 3.0, 1.0, 1.0, 0.0, 1.0, 0.0, 0.0, 0.0, 2.0, -1.0, 1.0, 3.0, -1.0, 0.0, 1.0, -1.0, -1.0, -1.0, 0.0, -1.0, 2.0, 1.0, -1.0, -1.0, 0.0, -1.0, -1.0, -1.0, 495.0, 99590.0
3.0, -1.0, -1.0, 1.0, 0.0, 0.0, -1.0, 0.0, 2.0, 1.0, -1.0, -1.0, 2.0, 3.0, 0.0, 2.0, 2.0, 2.0, 1.0, 3.0, 2.0, 3.0, 3.0, 1.0, 1.0, 0.0, 1.0, 0.0, 0.0, 0.0, 2.0, -1.0, 1.0, 3.0, -1.0, 0.0, 1.0, -1.0, -1.0, -1.0, 0.0, -1.0, 2.0, 1.0, -1.0, -1.0, 0.0, -1.0, -1.0, -1.0, 495.0, 99590.0
3.0, -1.0, -1.0, 1.0, 0.0, 0.0, -1.0, 0.0, 2.0, 1.0, -1.0, -1.0, 2.0, 3.0, 0.0, 2.0, 2.0, 2.0, 1.0, 3.0, 2.0, 3.0, 3.0, 1.0, 1.0, 0.0, 1.0, 0.0, 0.0, 0.0, 2.0, -1.0, 1.0, 3.0, -1.0, 0.0, 1.0, -1.0, -1.0, -1.0, 0.0, -1.0, 2.0, 1.0, -1.0, -1.0, 0.0, -1.0, -1.0, -1.0, 495.0, 99590.0
3.0, -1.0, -1.0, 1.0, 0.0, 0.0, -1.0, 0.0, 2.0, 1.0, -1.0, -1.0, 2.0, 3.0, 0.0, 2.0, 2.0, 2.0, 1.0, 3.0, 2.0, 3.0, 3.0, 1.0, 1.0, 0.0, 1.0, 0.0, 0.0, 0.0, 2.0, -1.0, 1.0, 3.0, -1.0, 0.0, 1.0, -1.0, -1.0, -1.0, 0.0, -1.0, 2.0, 1.0, -1.0, -1.0, 0.0, -1.0, -1.0, -1.0, 495.0, 99590.0
3.0, -1.0, -1.0, 1.0, 0.0, 0.0, -1.0, 0.0, 2.0, 1.0, -1.0, -1.0, 2.0, 3.0, 0.0, 2.0, 2.0, 2.0, 1.0, 3.0, 2.0, 3.0, 3.0, 1.0, 1.0, 0.0, 1.0, 0.0, 0.0, 0.0, 2.0, -1.0, 1.0, 3.0, -1.0, 0.0, 1.0, -1.0, -1.0, -1.0, 0.0, -1.0, 2.0, 1.0, -1.0, -1.0, 0.0, -1.0, -1.0, -1.0, 495.0, 99590.0
3.0, -1.0, -1.0, 1.0, 0.0, 0.0, -1.0, 0.0, 2.0, 1.0, -1.0, -1.0, 2.0, 3.0, 0.0, 2.0, 2.0, 2.0, 1.0, 3.0, 2.0, 3.0, 3.0, 1.0, 1.0, 0.0, 1.0, 0.0, 0.0, 0.0, 2.0, -1.0, 1.0, 3.0, -1.0, 0.0, 1.0, -1.0, -1.0, -1.0, 0.0, -1.0, 2.0, 1.0, -1.0, -1.0, 0.0, -1.0, -1.0, -1.0, 495.0, 99590.0
3.0, -1.0, -1.0, 1.0, 0.0, 0.0, -1.0, 0.0, 2.0, 1.0, -1.0, -1.0, 2.0, 3.0, 0.0, 2.0, 2.0, 2.0, 1.0, 3.0, 2.0, 3.0, 3.0, 1.0, 1.0, 0.0, 1.0, 0.0, 0.0, 0.0, 2.0, -1.0, 1.0, 3.0, -1.0, 0.0, 1.0, -1.0, -1.0, -1.0, 0.0, -1.0, 2.0, 1.0, -1.0, -1.0, 0.0, -1.0, -1.0, -1.0, 495.0, 99590.0
3.0, -1.0, -1.0, 1.0, 0.0, 0.0, -1.0, 0.0, 2.0, 1.0, -1.0, -1.0, 2.0, 3.0, 0.0, 2.0, 2.0, 2.0, 1.0, 3.0, 2.0, 3.0, 3.0, 1.0, 1.0, 0.0, 1.0, 0.0, 0.0, 0.0, 2.0, -1.0, 1.0, 3.0, -1.0, 0.0, 1.0, -1.0, -1.0, -1.0, 0.0, -1.0, 2.0, 1.0, -1.0, -1.0, 0.0, -1.0, -1.0, -1.0, 495.0, 99590.0
3.0, -1.0, -1.0, 1.0, 0.0, 0.0, -1.0, 0.0, 2.0, 1.0, -1.0, -1.0, 2.0, 3.0, 0.0, 2.0, 2.0, 2.0, 1.0, 3.0, 2.0, 3.0, 3.0, 1.0, 1.0, 0.0, 1.0, 0.0, 0.0, 0.0, 2.0, -1.0, 1.0, 3.0, -1.0, 0.0, 1.0, -1.0, -1.0, -1.0, 0.0, -1.0, 2.0, 1.0, -1.0, -1.0, 0.0, -1.0, -1.0, -1.0, 495.0, 99590.0
3.0, -1.0, -1.0, 1.0, 0.0, 0.0, -1.0, 0.0, 2.0, 1.0, -1.0, -1.0, 2.0, 3.0, 0.0, 2.0, 2.0, 2.0, 1.0, 3.0, 2.0, 3.0, 3.0, 1.0, 1.0, 0.0, 1.0, 0.0, 0.0, 0.0, 2.0, -1.0, 1.0, 3.0, -1.0, 0.0, 1.0, -1.0, -1.0, -1.0, 0.0, -1.0, 2.0, 1.0, -1.0, -1.0, 0.0, -1.0, -1.0, -1.0, 495.0, 99590.0
3.0, -1.0, -1.0, 1.0, 0.0, 0.0, -1.0, 0.0, 2.0, 1.0, -1.0, -1.0, 2.0, 3.0, 0.0, 2.0, 2.0, 2.0, 1.0, 3.0, 2.0, 3.0, 3.0, 1.0, 1.0, 0.0, 1.0, 0.0, 0.0, 0.0, 2.0, -1.0, 1.0, 3.0, -1.0, 0.0, 1.0, -1.0, -1.0, -1.0, 0.0, -1.0, 2.0, 1.0, -1.0, -1.0, 0.0, -1.0, -1.0, -1.0, 495.0, 99590.0
3.0, -1.0, -1.0, 1.0, 0.0, 0.0, -1.0, 0.0, 2.0, 1.0, -1.0, -1.0, 2.0, 3.0, 0.0, 2.0, 2.0, 2.0, 1.0, 3.0, 2.0, 3.0, 3.0, 1.0, 1.0, 0.0, 1.0, 0.0, 0.0, 0.0, 2.0, -1.0, 1.0, 3.0, -1.0, 0.0, 1.0, -1.0, -1.0, -1.0, 0.0, -1.0, 2.0, 1.0, -1.0, -1.0, 0.0, -1.0, -1.0, -1.0, 495.0, 99590.0
3.0, -1.0, -1.0, 1.0, 0.0, 0.0, -1.0, 0.0, 2.0, 1.0, -1.0, -1.0, 2.0, 3.0, 0.0, 2.0, 2.0, 2.0, 1.0, 3.0, 2.0, 3.0, 3.0, 1.0, 1.0, 0.0, 1.0, 0.0, 0.0, 0.0, 2.0, -1.0, 1.0, 3.0, -1.0, 0.0, 1.0, -1.0, -1.0, -1.0, 0.0, -1.0, 2.0, 1.0, -1.0, -1.0, 0.0, -1.0, -1.0, -1.0, 495.0, 99590.0
