0.501041672471, 1.20711758126, 3.88032551064, 0.249376799763, 34.89672588, 40.5274583316, 2.84136276822, 2.66422717191, 36.7327250142, 0.442519896292, 0.0708661417323
0.566076734827, 1.11277227187, 5.69289329003, 0.300874816122, 9.91347988772, 44.3586815058, 2.13953363816, 1.73810558517, 22.4955963765, 0.418674045786, 0.232142857143
0.716711420433, 0.857041750471, 2.00351919749, 0.270317896499, 22.4298398119, 45.2492073813, 2.28836559182, 1.77692590563, 28.6888019687, 0.416665425672, 0.528225806452
0.566352894405, 1.02512466878, 3.50787876212, 0.419088837445, 26.0150059144, 42.4906021412, 2.95804882064, 1.86709373109, 30.1868192462, 0.46928571938, 0.0
0.501041672471, 1.11277227187, 5.69289329003, 0.249376799763, 9.91347988772, 45.5854592274, 2.13953363816, 1.73810558517, 24.9127736398, 0.378498555918, 0.632727272727
0.5580657082, 1.00063125627, 7.57384847883, 0.230703210205, 23.5298025776, 45.3944388019, 3.09032953731, 1.71132839371, 30.0924723813, 0.408443995454, 0.549938347719
0.5580657082, 0.9883456501, 4.11186503734, 0.230703210205, 47.8081838563, 48.692168607, 3.09032953731, 1.42497003578, 38.6144552007, 0.404212364291, 0.676148796499
0.529441229458, 0.930010923434, 5.82236102262, 0.208717168335, 0.174193374781, 44.4921201567, 2.64285232302, 1.80088345648, 28.7254017519, 0.397053481297, 0.682926829268
0.560414736342, 0.930010923434, 6.28924476518, 0.215480868576, 45.239169716, 47.4845698108, 2.09640104171, 1.55549066795, 30.5160355163, 0.399625554475, 0.68115942029
0.529441229458, 0.943688742116, 7.80520170019, 0.241951745094, 15.3223064365, 46.9763090835, 3.20733928896, 1.5869959166, 32.5088722614, 0.410632547763, 0.608979000724
0.560414736342, 1.01316678642, 6.28924476518, 0.478309845864, 28.3906230808, 40.7052074802, 2.52759029531, 1.00582904478, 43.1824711879, 0.415500301843, 0.591121495327
0.5580657082, 1.00063125627, 4.11186503734, 0.230703210205, 23.5298025776, 45.3944388019, 3.09032953731, 1.71132839371, 30.0924723813, 0.410003662361, 0.615311909263
0.5580657082, 1.00063125627, 6.28924476518, 0.230703210205, 47.8081838563, 45.3944388019, 2.92024697742, 1.71132839371, 30.0924723813, 0.413993080887, 0.595890410959
0.503508685185, 1.25808445333, 7.57384847883, 0.399273767342, 19.7018072887, 41.35219088, 3.1685407036, 1.77293165821, 35.273880284, 0.412951999366, 0.614968440036
0.792404658176, 0.821133196195, 5.29940526306, 0.448840962678, 8.82050323183, 45.9579626554, 2.12129433764, 2.8233785082, 35.9317028259, 0.448541188663, 0.127819548872
0.529441229458, 0.980196400411, 6.21456178909, 0.208717168335, 0.174193374781, 44.4921201567, 2.64285232302, 1.80088345648, 28.7254017519, 0.448206019258, 0.160583941606
0.658552054102, 1.02512466878, 5.56098894779, 0.242972683134, 26.0150059144, 46.0918596991, 2.92119669501, 1.86709373109, 30.1868192462, 0.425869718163, 0.385365853659
0.541173405466, 0.911455469525, 4.89560800046, 0.448040706914, 42.0522369195, 42.4826365845, 3.98508898308, 3.50983139689, 35.042039498, 0.475447701982, 0.00564971751412
0.507443451509, 0.911455469525, 3.89066026743, 0.448040706914, 9.91347988772, 42.4826365845, 3.98508898308, 1.73810558517, 22.4955963765, 0.471534117644, 0.0359281437126
0.71791613438, 1.10234020671, 5.03356970735, 0.439857845783, 5.2146343461, 48.6356621057, 3.56840239392, 3.12873436848, 30.8319734926, 0.513582682746, 0.00222222222222
0.503508685185, 0.950920634753, 3.50787876212, 0.419088837445, 33.0383185843, 41.7842634564, 3.78600839609, 1.58969124376, 43.1362695176, 0.515345895442, 0.0
0.566352894405, 0.950920634753, 3.50787876212, 0.419088837445, 33.0383185843, 42.4906021412, 3.78600839609, 1.58969124376, 36.4405587305, 0.418889009259, 0.536363636364
0.560414736342, 0.930010923434, 6.28924476518, 0.208717168335, 0.174193374781, 49.9661627075, 3.24071928397, 1.80088345648, 28.7254017519, 0.415602881969, 0.681138790036
0.560414736342, 0.930010923434, 6.28924476518, 0.241951745094, 0.174193374781, 44.4921201567, 3.88495314809, 1.80088345648, 28.7254017519, 0.436681347894, 0.402618657938
0.501041672471, 1.03457131339, 6.46875158011, 0.249376799763, 34.89672588, 43.1166475505, 2.22673894257, 1.58969124376, 34.50629138, 0.428276416045, 0.406060606061
0.5580657082, 1.00063125627, 6.02212160724, 0.498053448069, 12.0139434075, 45.4480178091, 2.9242692514, 0.392457636514, 33.4106940506, 0.516804008336, 0.0
0.54843915593, 0.972273871135, 2.67485647515, 0.352222518015, 4.2869458753, 42.5714304678, 2.06572747603, 0.843279265757, 31.4220622875, 0.487659756505, 0.0215053763441
0.503508685185, 0.947260297001, 4.11186503734, 0.399273767342, 22.9327045646, 41.35219088, 3.1685407036, 1.77293165821, 35.273880284, 0.491393269541, 0.00576368876081
0.5580657082, 1.00063125627, 4.11186503734, 0.230703210205, 47.8081838563, 49.5654346884, 3.09032953731, 1.71132839371, 30.8319734926, 0.433637302439, 0.436137071651
0.637660837678, 1.01316678642, 7.58384368174, 0.478309845864, 28.3906230808, 40.7052074802, 2.52759029531, 1.00582904478, 43.1824711879, 0.43171594066, 0.466666666667
0.716711420433, 1.02457796208, 2.00351919749, 0.270317896499, 22.4298398119, 45.2492073813, 2.28836559182, 1.77692590563, 28.6888019687, 0.42990762558, 0.481481481481
0.529441229458, 0.873710037654, 2.00351919749, 0.212894735656, 21.0737231186, 45.0928963364, 3.43561161306, 1.21597404514, 31.1449098353, 0.468309954582, 0.227368421053
0.529669312431, 0.873710037654, 5.28652713238, 0.253527269628, 21.0737231186, 45.0928963364, 3.43561161306, 1.21597404514, 31.1449098353, 0.428056880181, 0.547263681592
0.541173405466, 0.911455469525, 3.89066026743, 0.448040706914, 42.0522369195, 42.4826365845, 3.98508898308, 3.50983139689, 35.042039498, 0.524532092165, 0.0
0.560414736342, 0.930010923434, 3.08066120477, 0.208717168335, 0.174193374781, 44.4921201567, 3.88495314809, 1.80088345648, 28.7254017519, 0.430054319342, 0.511746680286
0.507443451509, 0.911455469525, 3.89066026743, 0.448040706914, 9.91347988772, 42.4826365845, 3.98508898308, 1.73810558517, 22.4955963765, 0.476848821369, 0.047619047619
0.507443451509, 0.911455469525, 3.89066026743, 0.448040706914, 9.91347988772, 42.4826365845, 3.98508898308, 1.73810558517, 22.4955963765, 0.423333035854, 0.599824868651
0.560414736342, 0.873710037654, 6.28924476518, 0.260609882781, 0.736036837256, 47.4845698108, 3.88495314809, 1.80088345648, 31.4208683726, 0.423457008863, 0.599615014437
0.5580657082, 1.00063125627, 4.11186503734, 0.230703210205, 47.8081838563, 48.692168607, 3.09032953731, 1.71132839371, 30.8319734926, 0.43541342052, 0.449275362319
0.503508685185, 1.22187319333, 7.57384847883, 0.346561664648, 19.7018072887, 41.35219088, 3.1685407036, 1.77293165821, 41.4366045675, 0.437859541882, 0.411073825503
0.616282869823, 0.943688742116, 7.80520170019, 0.241951745094, 5.2146343461, 46.9763090835, 3.61409857378, 1.5869959166, 30.2299204344, 0.446327746531, 0.402027027027
0.503508685185, 1.22187319333, 7.57384847883, 0.399273767342, 19.7018072887, 41.35219088, 3.1685407036, 1.77293165821, 35.273880284, 0.474292295044, 0.0731707317073
0.716711420433, 1.13706088404, 5.28652713238, 0.270317896499, 22.4298398119, 45.2492073813, 2.28836559182, 1.77692590563, 29.8302571058, 0.422146360899, 0.617142857143
0.530916238904, 0.941068982141, 4.54339788266, 0.419088837445, 33.0383185843, 44.5565110755, 3.02129687556, 1.58969124376, 36.4405587305, 0.421625183099, 0.619367209971
0.501041672471, 1.03457131339, 6.46875158011, 0.249376799763, 34.89672588, 40.5274583316, 2.84136276822, 2.66422717191, 34.50629138, 0.491274955895, 0.0387096774194
0.526928996168, 1.25861917991, 3.89794275494, 0.448040706914, 29.75507306, 46.0698664557, 2.64285232302, 1.69818667715, 21.1875494108, 0.4906898424, 0.043956043956
0.503508685185, 0.908315634669, 5.03356970735, 0.419088837445, 5.2146343461, 41.7842634564, 3.78600839609, 1.10840965827, 30.8319734926, 0.500847266876, 0.0244648318043
0.560414736342, 0.943688742116, 6.28924476518, 0.231556605254, 5.2146343461, 41.5633571118, 3.88495314809, 1.5869959166, 32.5088722614, 0.434741060241, 0.50812567714
0.628066516634, 0.877686582149, 4.82246510042, 0.484252923225, 2.51572287181, 49.0418019894, 2.215641495, 2.10192354454, 27.3554919824, 0.551118632846, 0.0
0.637660837678, 0.930010923434, 7.58384368174, 0.241951745094, 0.174193374781, 44.4921201567, 3.88495314809, 1.80088345648, 28.7254017519, 0.421518759089, 0.650174216028
0.616282869823, 0.873710037654, 2.00351919749, 0.253527269628, 21.0737231186, 45.0928963364, 3.43561161306, 1.21597404514, 31.1449098353, 0.421603300267, 0.675819309123
0.535940501291, 1.1407160133, 6.14777983435, 0.418239440267, 23.5298025776, 42.2593013739, 3.07069350346, 1.32181915189, 25.8136108869, 0.432769334256, 0.534140969163
0.535940501291, 1.1407160133, 3.61259550065, 0.480509686186, 23.5298025776, 45.9288626776, 2.5496174097, 1.99565514756, 32.5100263018, 0.473686365917, 0.131782945736
0.526928996168, 1.25861917991, 3.89794275494, 0.231556605254, 29.75507306, 46.0698664557, 2.64285232302, 1.69818667715, 21.1875494108, 0.453171195832, 0.27868852459
0.772187273068, 1.10234020671, 2.8811730993, 0.263783983068, 33.5565008953, 48.6356621057, 2.26182747144, 1.207146044, 27.9763812155, 0.448866462667, 0.279411764706
0.743379240953, 1.1407160133, 6.15495636635, 0.418239440267, 23.5298025776, 42.2593013739, 3.07069350346, 1.99565514756, 32.5100263018, 0.462254446864, 0.262295081967
0.567211317178, 0.954779394371, 4.83312310793, 0.39380053881, 8.9391729645, 45.6571160663, 2.38924104915, 1.68576998429, 43.7768195504, 0.457178290805, 0.275
0.5580657082, 0.950920634753, 4.11186503734, 0.26765311106, 47.8081838563, 49.5654346884, 3.78600839609, 1.71132839371, 35.1872959229, 0.467805638183, 0.240837696335
0.876385760921, 0.903261057522, 6.77945850645, 0.492717562817, 13.3319654706, 40.4049841194, 2.45441622682, 1.38379503036, 23.0679427242, 0.469477770875, 0.215789473684
0.507443451509, 0.911455469525, 3.89066026743, 0.448040706914, 9.91347988772, 42.4826365845, 3.98508898308, 3.50983139689, 35.042039498, 0.50297557167, 0.0342679127726
0.652963673383, 1.25152761502, 3.97251068749, 0.215638554796, 49.778717642, 43.4191469934, 2.53390631028, 1.73050332261, 41.4366045675, 0.429649283612, 0.568181818182
0.597547556096, 0.950536099756, 5.66716102287, 0.213752854236, 1.3209072906, 43.4179897212, 2.14250830083, 1.48150569277, 41.1124374341, 0.439007163014, 0.453125
0.682046185731, 0.963235501239, 5.69061342036, 0.498053448069, 1.70051053376, 41.8924383734, 2.72291878993, 2.90134219235, 33.4106940506, 0.568874290511, 0.0
0.652963673383, 1.25152761502, 3.97251068749, 0.215638554796, 49.778717642, 42.4031739116, 2.53390631028, 0.164579795929, 41.4366045675, 0.549701372135, 0.00552486187845
0.530916238904, 0.950920634753, 4.54339788266, 0.419088837445, 33.0383185843, 43.1166475505, 3.02129687556, 1.58969124376, 36.4405587305, 0.423585641412, 0.634812286689
0.566352894405, 1.02512466878, 4.11186503734, 0.252236514543, 26.0150059144, 42.4906021412, 2.95804882064, 1.86709373109, 30.1868192462, 0.425846401657, 0.636118598383
0.503508685185, 0.950920634753, 3.50787876212, 0.419088837445, 33.0383185843, 41.35219088, 3.78600839609, 1.58969124376, 43.1362695176, 0.428233637094, 0.605263157895
0.500858792346, 0.897258978234, 2.54761901084, 0.397533340673, 44.2946514983, 44.1882982598, 2.52408521556, 1.207146044, 41.6254604015, 0.579888096917, 0.0
0.560414736342, 0.930010923434, 3.08066120477, 0.208717168335, 0.174193374781, 44.4921201567, 3.88495314809, 1.80088345648, 28.7254017519, 0.428583502924, 0.597297297297
0.530916238904, 0.950920634753, 4.54339788266, 0.419088837445, 33.0383185843, 43.1166475505, 3.02129687556, 1.58969124376, 36.4405587305, 0.514800909845, 0.03125
0.5580657082, 1.00063125627, 4.11186503734, 0.230703210205, 47.8081838563, 43.4179897212, 3.09032953731, 1.71132839371, 30.8319734926, 0.430147279091, 0.581939799331
0.616282869823, 0.943688742116, 2.00351919749, 0.241951745094, 5.2146343461, 46.9763090835, 3.61409857378, 1.21597404514, 30.2299204344, 0.445231362986, 0.439682539683
0.792404658176, 0.821133196195, 5.29940526306, 0.492955193673, 8.82050323183, 45.9579626554, 2.12129433764, 1.86709373109, 35.9317028259, 0.581011848886, 0.0
0.67487705849, 1.10234020671, 5.03356970735, 0.439857845783, 5.2146343461, 48.6356621057, 3.56840239392, 3.12873436848, 30.0924723813, 0.575955923578, 0.0031847133758
0.652235876495, 1.22187319333, 7.57384847883, 0.399273767342, 19.7018072887, 46.642622298, 3.1685407036, 1.77293165821, 35.273880284, 0.584494031505, 0.0
0.560414736342, 0.930010923434, 6.28924476518, 0.215480868576, 0.736036837256, 47.4845698108, 2.09640104171, 1.55549066795, 30.5160355163, 0.426617433179, 0.683246073298
0.582985980757, 1.12745626585, 5.03356970735, 0.387620155865, 15.3223064365, 45.3722447045, 3.20733928896, 1.41419435061, 30.0924723813, 0.428169930322, 0.63706233988
0.535940501291, 1.1407160133, 6.14777983435, 0.418239440267, 23.5298025776, 42.2593013739, 3.07069350346, 1.99565514756, 25.8136108869, 0.458767112977, 0.312127236581
0.5580657082, 1.00063125627, 4.11186503734, 0.214311587713, 47.8081838563, 48.692168607, 3.09032953731, 1.01552022935, 30.8319734926, 0.428112109311, 0.65806927045
0.54843915593, 0.897258978234, 2.67485647515, 0.352222518015, 4.2869458753, 42.5714304678, 2.06572747603, 0.843279265757, 31.4220622875, 0.587415050317, 0.0
0.876385760921, 0.903115744352, 6.77942084236, 0.492717562817, 1.20604280667, 45.2492073813, 3.92253512381, 1.38379503036, 23.0679427242, 0.599909223121, 0.0
0.878555746771, 0.820890546144, 5.70278331132, 0.364298053263, 8.03556234094, 46.1644558339, 2.13953363816, 1.73050332261, 20.2864222124, 0.454783987008, 0.398773006135
0.54843915593, 0.972273871135, 3.48400735949, 0.352222518015, 11.0458308913, 48.4531401619, 2.06572747603, 3.68782321286, 34.8623140775, 0.542317658898, 0.00892857142857
0.566352894405, 0.950920634753, 3.50787876212, 0.419088837445, 29.031887879, 46.0650636874, 2.92119669501, 2.26781595075, 36.4405587305, 0.526685545324, 0.019801980198
0.682046185731, 0.963235501239, 6.02212160724, 0.498053448069, 1.70051053376, 41.8924383734, 2.65272696609, 0.392457636514, 33.4106940506, 0.533333700331, 0.0116279069767
0.876689235552, 0.886721422924, 4.13624067242, 0.46004892057, 45.239169716, 42.2716518072, 3.42529472236, 3.09949353113, 42.9174880141, 0.605426907791, 0.0
0.560414736342, 0.930010923434, 4.11186503734, 0.260609882781, 16.5004576458, 47.4845698108, 3.88495314809, 1.80088345648, 31.4208683726, 0.445599407546, 0.471720818291
0.71791613438, 1.10234020671, 5.03356970735, 0.439857845783, 5.2146343461, 48.6356621057, 3.56840239392, 3.12873436848, 30.8319734926, 0.609721943356, 0.0
0.560414736342, 1.22187319333, 7.57384847883, 0.399273767342, 19.7018072887, 46.642622298, 3.1685407036, 1.77293165821, 35.273880284, 0.448423032813, 0.446494464945
0.535940501291, 1.1407160133, 6.15495636635, 0.480509686186, 23.5298025776, 45.9288626776, 2.5496174097, 1.99565514756, 32.5100263018, 0.465443599164, 0.329113924051
0.560414736342, 0.943688742116, 6.28924476518, 0.231556605254, 5.2146343461, 41.5633571118, 3.88495314809, 1.5869959166, 32.5088722614, 0.462305931293, 0.357030015798
0.680818757635, 1.16156047877, 7.63534881322, 0.275000799811, 33.3404474017, 45.3451105637, 2.67387536711, 4.17913183919, 30.2299204344, 0.546436023321, 0.00909090909091
0.876385760921, 0.903261057522, 6.77945850645, 0.492717562817, 13.3319654706, 40.4049841194, 3.92253512381, 1.38379503036, 23.0679427242, 0.535624454191, 0.014450867052
0.682046185731, 0.963235501239, 6.02212160724, 0.498053448069, 1.70051053376, 41.8924383734, 2.72291878993, 2.90134219235, 33.4106940506, 0.613423658711, 0.0
0.5580657082, 0.9883456501, 4.11186503734, 0.230703210205, 47.8081838563, 48.692168607, 2.87320777206, 1.5869959166, 38.5708901389, 0.614734446918, 0.0
0.777622943124, 1.03233758928, 4.03229400874, 0.471113896443, 35.5760813916, 49.8763199836, 2.65272696609, 4.68736910708, 28.8306378598, 0.622735485978, 0.0
0.5580657082, 1.00063125627, 4.11186503734, 0.230703210205, 47.8081838563, 45.3944388019, 3.09032953731, 1.71132839371, 30.0924723813, 0.459464144568, 0.392694063927
0.652963673383, 1.25152761502, 3.97251068749, 0.215638554796, 49.778717642, 43.4191469934, 2.53390631028, 1.73050332261, 35.273880284, 0.461024536604, 0.387254901961
0.628066516634, 0.877686582149, 4.82246510042, 0.484252923225, 2.51572287181, 49.0418019894, 2.215641495, 2.10192354454, 27.3554919824, 0.625156478299, 0.0
0.560414736342, 0.930010923434, 6.28924476518, 0.210790753646, 0.736036837256, 47.4845698108, 2.09640104171, 1.55549066795, 30.5160355163, 0.434530914524, 0.602305475504
