-1.0, 1.0, -1.0, 2.0, 1.0, 1.0, 1.0, 0.0, 2.0, -1.0, 2.0, 3.0, 0.0, 1.0, 0.0, 3.0, 3.0, -1.0, 0.0, 1.0, 2.0, 2.0, 2.0, 2.0, 0.0, 3.0, -1.0, 1.0, 3.0, 3.0, 3.0, 1.0, -1.0, 1.0, 0.0, 0.0, 1.0, 2.0, 2.0, 3.0, 0.0, 0.0, 0.0, 1.0, -1.0, 3.0, 3.0, 2.0, -1.0, -1.0, 597.0, 99497.0
-1.0, 0.0, 2.0, 1.0, -1.0, -1.0, 1.0, 2.0, 1.0, 2.0, 1.0, -1.0, 2.0, 1.0, 0.0, 2.0, -1.0, 1.0, 3.0, 2.0, -1.0, 1.0, 3.0, -1.0, 2.0, 0.0, -1.0, 3.0, 3.0, 3.0, 2.0, 0.0, 1.0, 0.0, 3.0, 3.0, 0.0, 1.0, 0.0, -1.0, -1.0, 1.0, 2.0, 2.0, 0.0, 1.0, -1.0, -1.0, 0.0, -1.0, 532.0, 99546.0
3.0, -1.0, -1.0, 1.0, 0.0, 0.0, -1.0, 0.0, 2.0, 1.0, -1.0, -1.0, 2.0, 3.0, 0.0, 2.0, 2.0, 2.0, 1.0, 3.0, 2.0, 3.0, 3.0, 1.0, 1.0, 0.0, 1.0, 0.0, 0.0, 0.0, 2.0, -1.0, 1.0, 3.0, -1.0, 0.0, 1.0, -1.0, -1.0, -1.0, 0.0, -1.0, 2.0, 1.0, -1.0, -1.0, 0.0, -1.0, -1.0, -1.0, 495.0, 99590.0
-1.0, 1.0, -1.0, 2.0, 1.0, 1.0, 1.0, 0.0, 2.0, -1.0, 2.0, 3.0, 0.0, 1.0, 0.0, 3.0, 3.0, -1.0, 0.0, 1.0, 2.0, 2.0, 2.0, 2.0, 0.0, 3.0, -1.0, 1.0, 3.0, 3.0, 3.0, 1.0, -1.0, 1.0, 0.0, 0.0, 1.0, 2.0, 2.0, 3.0, 0.0, 0.0, 0.0, 1.0, -1.0, 3.0, 3.0, 2.0, -1.0, -1.0, 597.0, 99497.0
3.0, -1.0, -1.0, 1.0, 0.0, 0.0, -1.0, 0.0, 2.0, 1.0, -1.0, -1.0, 2.0, 3.0, 0.0, 2.0, 2.0, 2.0, 1.0, 3.0, 2.0, 3.0, 3.0, 1.0, 1.0, 0.0, 1.0, 0.0, 0.0, 0.0, 2.0, -1.0, 1.0, 3.0, -1.0, 0.0, 1.0, -1.0, -1.0, -1.0, 0.0, -1.0, 2.0, 1.0, -1.0, -1.0, 0.0, -1.0, -1.0, -1.0, 495.0, 99590.0
-1.0, 0.0, 2.0, 1.0, -1.0, -1.0, 1.0, 2.0, 1.0, 2.0, 1.0, -1.0, 2.0, 1.0, 0.0, 2.0, -1.0, 1.0, 3.0, 2.0, -1.0, 1.0, 3.0, -1.0, 2.0, 0.0, -1.0, 3.0, 0.0, 3.0, 2.0, 0.0, 1.0, 0.0, 3.0, 3.0, 0.0, 1.0, 0.0, -1.0, -1.0, 1.0, 2.0, 2.0, 0.0, 1.0, -1.0, -1.0, 0.0, -1.0, 532.0, 99546.0
-1.0, 3.0, -1.0, 2.0, 1.0, 1.0, 1.0, 0.0, 2.0, -1.0, 2.0, 3.0, 0.0, 1.0, 0.0, 3.0, 3.0, -1.0, 0.0, 1.0, 2.0, 2.0, 2.0, 2.0, 0.0, 3.0, -1.0, 1.0, 3.0, 3.0, 3.0, 1.0, -1.0, 1.0, 0.0, 0.0, 1.0, 2.0, 2.0, 3.0, 0.0, 0.0, 0.0, 1.0, -1.0, 3.0, 3.0, 2.0, -1.0, -1.0, 597.0, 99497.0
-1.0, 0.0, 2.0, 1.0, -1.0, -1.0, 1.0, 2.0, 1.0, 2.0, 1.0, -1.0, 2.0, 1.0, 0.0, 2.0, -1.0, 1.0, 3.0, 2.0, -1.0, 1.0, 3.0, -1.0, 2.0, 0.0, -1.0, 3.0, 3.0, 3.0, 2.0, 0.0, 1.0, 0.0, 3.0, 3.0, -1.0, 1.0, 0.0, -1.0, -1.0, 1.0, 2.0, 2.0, -1.0, 1.0, -1.0, -1.0, 0.0, -1.0, 500.0, 99564.0
3.0, -1.0, -1.0, 1.0, 0.0, 0.0, -1.0, 0.0, 2.0, 1.0, -1.0, -1.0, 2.0, 3.0, 0.0, 2.0, 2.0, 2.0, 1.0, 3.0, 2.0, 3.0, 3.0, 1.0, 1.0, 0.0, 1.0, 0.0, 0.0, 0.0, 2.0, -1.0, 1.0, 3.0, -1.0, 0.0, 1.0, -1.0, -1.0, -1.0, 0.0, -1.0, 2.0, 1.0, -1.0, -1.0, 0.0, -1.0, -1.0, -1.0, 495.0, 99590.0
-1.0, -1.0, -1.0, 1.0, 0.0, -1.0, 0.0, 2.0, 3.0, 3.0, 2.0, 0.0, 0.0, -1.0, 1.0, 3.0, 1.0, 0.0, 1.0, 2.0, -1.0, 0.0, 3.0, 3.0, 3.0, 3.0, -1.0, 2.0, 2.0, 1.0, 2.0, 0.0, 2.0, 0.0, 2.0, 0.0, 1.0, 2.0, -1.0, 2.0, -1.0, 2.0, 3.0, 1.0, 1.0, 1.0, -1.0, 0.0, 1.0, -1.0, 568.0, 99514.0
-1.0, 2.0, 2.0, 2.0, 0.0, -1.0, 0.0, 2.0, 2.0, 3.0, 1.0, 2.0, 1.0, 1.0, 1.0, 0.0, -1.0, 2.0, 1.0, 1.0, 3.0, 1.0, -1.0, 0.0, 0.0, 3.0, 0.0, 2.0, 1.0, 3.0, 3.0, -1.0, 3.0, -1.0, 0.0, 2.0, 1.0, 0.0, -1.0, 2.0, 0.0, 0.0, -1.0, 3.0, 3.0, -1.0, 3.0, 2.0, 1.0, 3.0, 593.0, 99502.0
0.0, -1.0, 2.0, -1.0, 3.0, 3.0, -1.0, 0.0, 0.0, 3.0, 0.0, -1.0, 3.0, -1.0, 3.0, 1.0, 2.0, 2.0, 2.0, 3.0, 1.0, 2.0, 3.0, 0.0, -1.0, 3.0, 0.0, 2.0, 0.0, 1.0, 1.0, 2.0, 1.0, -1.0, 1.0, 1.0, 2.0, 0.0, -1.0, 0.0, -1.0, 2.0, 1.0, 1.0, -1.0, 1.0, 2.0, 3.0, -1.0, 0.0, 570.0, 99515.0
0.0, -1.0, 2.0, -1.0, 3.0, 3.0, -1.0, 0.0, 0.0, 3.0, 0.0, -1.0, 3.0, -1.0, 3.0, 1.0, 2.0, 2.0, 2.0, 3.0, 1.0, 2.0, 3.0, 0.0, -1.0, 3.0, 0.0, 2.0, 0.0, 1.0, 1.0, 2.0, 1.0, -1.0, 1.0, 1.0, 2.0, 0.0, -1.0, 0.0, -1.0, 2.0, 1.0, 1.0, -1.0, 1.0, 2.0, -1.0, -1.0, 0.0, 553.0, 99532.0
-1.0, 1.0, 1.0, -1.0, 1.0, 2.0, 0.0, 0.0, 2.0, -1.0, 0.0, -1.0, -1.0, 2.0, 2.0, 2.0, 0.0, 2.0, -1.0, 2.0, 2.0, 0.0, 0.0, 3.0, -1.0, 2.0, 0.0, 1.0, 3.0, 0.0, 2.0, 3.0, 1.0, 1.0, -1.0, 1.0, 3.0, 1.0, -1.0, -1.0, 2.0, 0.0, -1.0, 0.0, 0.0, 1.0, 1.0, 3.0, 3.0, 1.0, 555.0, 99524.0
-1.0, 0.0, 2.0, 1.0, 1.0, 2.0, -1.0, -1.0, 0.0, 1.0, 0.0, -1.0, 0.0, 2.0, -1.0, 0.0, -1.0, 0.0, 1.0, 0.0, 2.0, -1.0, 2.0, 1.0, 0.0, 3.0, 0.0, 2.0, 2.0, 3.0, 3.0, -1.0, 1.0, 2.0, 0.0, 0.0, 1.0, 3.0, 3.0, 3.0, 2.0, 0.0, -1.0, 1.0, 1.0, 2.0, 2.0, 3.0, 1.0, -1.0, 577.0, 99516.0
3.0, 0.0, 1.0, -1.0, -1.0, -1.0, -1.0, 1.0, -1.0, 1.0, 2.0, -1.0, -1.0, -1.0, 2.0, 0.0, 2.0, 1.0, -1.0, 2.0, -1.0, 2.0, 3.0, 1.0, -1.0, 3.0, 1.0, 1.0, 3.0, 0.0, 1.0, -1.0, 2.0, 2.0, 0.0, 2.0, -1.0, 3.0, 1.0, 0.0, -1.0, 1.0, -1.0, 1.0, 2.0, 0.0, 0.0, 3.0, 3.0, 2.0, 511.0, 99577.0
3.0, 0.0, 1.0, -1.0, -1.0, -1.0, -1.0, 1.0, -1.0, 1.0, 2.0, -1.0, -1.0, -1.0, 2.0, 0.0, 2.0, 1.0, -1.0, 2.0, -1.0, 2.0, 3.0, 1.0, -1.0, 3.0, 1.0, 1.0, 3.0, 0.0, 1.0, -1.0, 2.0, 2.0, 0.0, 2.0, -1.0, 3.0, 1.0, 0.0, -1.0, 1.0, -1.0, 1.0, 2.0, 0.0, 0.0, 3.0, 3.0, 2.0, 511.0, 99577.0
-1.0, 0.0, 2.0, 1.0, -1.0, -1.0, 1.0, 2.0, 1.0, 2.0, 1.0, -1.0, 2.0, 1.0, 0.0, 2.0, -1.0, 1.0, 3.0, 2.0, -1.0, 1.0, 3.0, -1.0, 2.0, 0.0, -1.0, 3.0, 3.0, 3.0, 2.0, 0.0, 1.0, 0.0, 3.0, 3.0, 0.0, 1.0, 0.0, -1.0, -1.0, 1.0, 2.0, 2.0, -1.0, 1.0, -1.0, -1.0, 0.0, -1.0, 514.0, 99558.0
3.0, 3.0, 3.0, -1.0, -1.0, 2.0, 3.0, 3.0, -1.0, 0.0, 1.0, 1.0, 2.0, 0.0, 2.0, 2.0, 3.0, 1.0, -1.0, 3.0, 2.0, 0.0, 0.0, -1.0, 0.0, 1.0, 0.0, 2.0, -1.0, 0.0, 0.0, 2.0, 1.0, 0.0, 3.0, 1.0, -1.0, 2.0, 2.0, 0.0, 1.0, 2.0, -1.0, 2.0, -1.0, -1.0, 1.0, 3.0, -1.0, -1.0, 547.0, 99541.0
3.0, 3.0, 3.0, -1.0, -1.0, 2.0, 3.0, 3.0, -1.0, 0.0, 1.0, 1.0, 2.0, 0.0, 2.0, 2.0, 3.0, 1.0, -1.0, 3.0, 2.0, 0.0, 0.0, -1.0, 0.0, 1.0, 0.0, 2.0, -1.0, 0.0, 0.0, 2.0, 1.0, 0.0, 3.0, 1.0, -1.0, 2.0, 2.0, 0.0, 1.0, 2.0, -1.0, 2.0, -1.0, -1.0, 1.0, 3.0, -1.0, -1.0, 547.0, 99541.0
3.0, 3.0, 3.0, -1.0, -1.0, 2.0, 3.0, 3.0, -1.0, 0.0, 1.0, 1.0, 2.0, 0.0, 3.0, 2.0, 3.0, 1.0, -1.0, 3.0, 2.0, 0.0, 0.0, -1.0, 0.0, 1.0, 0.0, 2.0, -1.0, 0.0, 0.0, 2.0, 1.0, 0.0, 3.0, 1.0, -1.0, 2.0, 2.0, 0.0, 1.0, 2.0, -1.0, 2.0, -1.0, -1.0, 1.0, 3.0, -1.0, -1.0, 547.0, 99541.0
3.0, 2.0, 3.0, 1.0, 1.0, -1.0, 0.0, 3.0, -1.0, 2.0, -1.0, 1.0, 2.0, 0.0, 2.0, -1.0, 0.0, -1.0, 0.0, 2.0, 1.0, 1.0, 0.0, -1.0, 2.0, 3.0, -1.0, 3.0, 3.0, 0.0, 1.0, -1.0, -1.0, 0.0, 0.0, 0.0, 2.0, 1.0, 3.0, 2.0, 1.0, 2.0, 0.0, -1.0, -1.0, -1.0, 1.0, 2.0, 2.0, -1.0, 535.0, 99548.0
0.0, 1.0, 1.0, 1.0, 2.0, 2.0, -1.0, 1.0, 3.0, 2.0, 2.0, 2.0, 2.0, 1.0, 2.0, -1.0, 0.0, 0.0, -1.0, 1.0, 3.0, 3.0, -1.0, 3.0, -1.0, 1.0, 0.0, -1.0, 0.0, 1.0, 0.0, -1.0, 0.0, 3.0, -1.0, -1.0, 3.0, -1.0, 1.0, 0.0, -1.0, -1.0, 1.0, 1.0, 0.0, -1.0, 2.0, 3.0, -1.0, -1.0, 504.0, 99592.0
1.0, 3.0, 0.0, 2.0, -1.0, 1.0, 0.0, 0.0, 2.0, 2.0, 1.0, 1.0, 0.0, 3.0, 2.0, -1.0, -1.0, 1.0, -1.0, 2.0, -1.0, 1.0, 0.0, 0.0, 2.0, 0.0, 2.0, 2.0, -1.0, 0.0, 1.0, 3.0, -1.0, 2.0, -1.0, 2.0, 0.0, -1.0, 3.0, -1.0, 1.0, 0.0, -1.0, -1.0, 1.0, 3.0, -1.0, -1.0, -1.0, 1.0, 509.0, 99600.0
1.0, 3.0, 0.0, 2.0, -1.0, 1.0, 0.0, 0.0, 2.0, 2.0, 1.0, 1.0, 0.0, 3.0, 3.0, -1.0, -1.0, 1.0, -1.0, 2.0, -1.0, 1.0, 0.0, 0.0, 2.0, 0.0, 2.0, 2.0, -1.0, 0.0, 1.0, 3.0, -1.0, 2.0, -1.0, 2.0, 0.0, -1.0, 3.0, -1.0, 1.0, 0.0, -1.0, -1.0, 1.0, 3.0, -1.0, -1.0, -1.0, 1.0, 509.0, 99600.0
1.0, 1.0, 0.0, 1.0, 0.0, 2.0, -1.0, 1.0, -1.0, 3.0, 2.0, -1.0, -1.0, -1.0, 0.0, 3.0, 1.0, 1.0, 2.0, 0.0, 3.0, 3.0, 2.0, 2.0, 0.0, -1.0, -1.0, 2.0, 3.0, 1.0, 2.0, 2.0, 0.0, 0.0, 3.0, 1.0, -1.0, 0.0, -1.0, 2.0, 0.0, 1.0, -1.0, 2.0, -1.0, 3.0, 3.0, -1.0, 1.0, 0.0, 552.0, 99541.0
1.0, 1.0, 0.0, 1.0, 0.0, 2.0, -1.0, 1.0, -1.0, 3.0, 2.0, -1.0, -1.0, -1.0, 0.0, 3.0, 1.0, 1.0, 2.0, 0.0, 3.0, 3.0, 2.0, 2.0, 0.0, -1.0, -1.0, 2.0, 3.0, 1.0, 2.0, 2.0, 0.0, 0.0, 3.0, 1.0, -1.0, 0.0, -1.0, 2.0, 0.0, 1.0, -1.0, 2.0, -1.0, 3.0, 3.0, -1.0, 1.0, 0.0, 552.0, 99541.0
1.0, 3.0, 0.0, 2.0, -1.0, 1.0, 0.0, 0.0, 2.0, 2.0, 1.0, 1.0, 0.0, 3.0, 2.0, -1.0, -1.0, 1.0, -1.0, 2.0, -1.0, 1.0, 0.0, 0.0, 2.0, 0.0, 2.0, 2.0, -1.0, 0.0, 1.0, 3.0, -1.0, 2.0, -1.0, 2.0, 0.0, -1.0, 3.0, -1.0, 1.0, 0.0, -1.0, -1.0, 1.0, 3.0, -1.0, -1.0, -1.0, 1.0, 509.0, 99600.0
1.0, 3.0, 0.0, 2.0, -1.0, 1.0, 0.0, 0.0, 2.0, 2.0, 1.0, 1.0, 0.0, 3.0, 3.0, -1.0, -1.0, 1.0, -1.0, 2.0, -1.0, 1.0, 0.0, 0.0, 2.0, 0.0, 2.0, 2.0, -1.0, 0.0, 1.0, 3.0, -1.0, 2.0, -1.0, 2.0, 0.0, -1.0, 3.0, -1.0, 1.0, 0.0, -1.0, -1.0, 1.0, 3.0, -1.0, -1.0, -1.0, 1.0, 509.0, 99600.0
1.0, 1.0, 0.0, 1.0, 0.0, 2.0, -1.0, 1.0, -1.0, 3.0, 2.0, -1.0, -1.0, -1.0, 0.0, 3.0, 1.0, 1.0, 2.0, 0.0, 3.0, 3.0, 2.0, 2.0, 0.0, -1.0, -1.0, 2.0, 3.0, 1.0, 2.0, 2.0, 0.0, 0.0, 3.0, 1.0, -1.0, 0.0, -1.0, 2.0, 0.0, 1.0, -1.0, 2.0, -1.0, 3.0, 3.0, -1.0, 1.0, 0.0, 552.0, 99541.0
1.0, 1.0, 0.0, 1.0, 0.0, 2.0, -1.0, 1.0, -1.0, 3.0, 2.0, -1.0, -1.0, -1.0, 0.0, 3.0, 1.0, 1.0, 2.0, 0.0, 3.0, 3.0, 2.0, 2.0, 0.0, -1.0, -1.0, 2.0, 3.0, 1.0, 2.0, 2.0, 0.0, 0.0, 3.0, 1.0, -1.0, 0.0, -1.0, 2.0, 0.0, 1.0, -1.0, 2.0, -1.0, 3.0, 3.0, -1.0, 1.0, 0.0, 552.0, 99541.0
3.0, 0.0, 2.0, 0.0, 0.0, 3.0, 2.0, 0.0, 3.0, -1.0, 2.0, 3.0, 1.0, 2.0, 3.0, 3.0, 1.0, -1.0, 0.0, 0.0, -1.0, 3.0, 1.0, 2.0, 0.0, 1.0, 2.0, 2.0, 1.0, 3.0, -1.0, 3.0, 1.0, -1.0, 2.0, 2.0, 1.0, 0.0, 3.0, 0.0, 1.0, 0.0, -1.0, -1.0, 0.0, -1.0, 1.0, 2.0, 1.0, -1.0, 598.0, 99498.0
3.0, 0.0, 2.0, 0.0, 0.0, 3.0, 2.0, 0.0, 3.0, -1.0, 2.0, 3.0, 1.0, 2.0, 3.0, 3.0, 1.0, -1.0, 0.0, 0.0, -1.0, 3.0, 1.0, 2.0, 0.0, 1.0, 2.0, 2.0, 1.0, 3.0, -1.0, 3.0, 1.0, -1.0, 2.0, 2.0, 1.0, 0.0, 3.0, 0.0, 1.0, 0.0, -1.0, -1.0, 0.0, -1.0, 1.0, 2.0, 1.0, -1.0, 598.0, 99498.0
3.0, 0.0, 2.0, 0.0, 0.0, 3.0, 2.0, 0.0, 3.0, -1.0, 2.0, 3.0, 1.0, 2.0, 3.0, 3.0, 1.0, -1.0, 0.0, 0.0, -1.0, 3.0, 1.0, 2.0, 0.0, 1.0, 2.0, 2.0, 1.0, 3.0, -1.0, 3.0, 1.0, -1.0, 2.0, 2.0, 1.0, 0.0, 3.0, 0.0, 1.0, 0.0, -1.0, -1.0, 0.0, -1.0, 1.0, 2.0, 1.0, -1.0, 598.0, 99498.0
