0.70311448969, 1.19187031685, 2.31061651445, 0.222284144772, 37.730318204, 44.8050984977, 2.46675557793, 1.64788868888, 21.094007363, 316.20301773, 0.405236116695
0.569776127342, 0.920089216615, 2.31061651445, 0.40077375221, 44.5337113961, 41.0105032493, 2.23829606369, 1.72650839388, 24.1176472299, 262.065058377, 0.43473711114
0.5002273619, 1.00883106135, 2.72310669646, 0.303627280997, 47.9999079634, 43.0407551128, 2.25926426162, 1.97783511132, 35.4990505323, 418.278042249, 0.388231334443
0.592222429475, 1.01728510747, 2.72310669646, 0.20541927003, 30.8010208498, 44.8448703134, 2.46675557793, 1.92815602216, 35.4990505323, 395.402302363, 0.388963777389
0.5002273619, 0.935284789392, 2.12557024292, 0.471162454013, 47.9999079634, 43.5588404643, 2.77761487366, 2.32951843006, 21.094007363, 222.105575949, 0.507675344669
0.569776127342, 0.963724840941, 2.31061651445, 0.40077375221, 44.5337113961, 40.7824979419, 2.23829606369, 1.72650839388, 24.1176472299, 241.344390522, 0.455245632101
0.564614835393, 0.876664400312, 2.32666242613, 0.301845258826, 12.7324587485, 47.3745259281, 2.5932820844, 1.08206631639, 24.9035702599, 269.166646487, 0.43084383706
0.5002273619, 0.935284789392, 2.12557024292, 0.471162454013, 47.9999079634, 43.5588404643, 2.77761487366, 2.32951843006, 21.094007363, 238.477979417, 0.5424964034
0.70311448969, 0.935284789392, 2.31061651445, 0.222284144772, 47.9999079634, 44.8050984977, 2.46675557793, 1.64788868888, 21.094007363, 249.925828217, 0.463521803712
0.5002273619, 0.935284789392, 2.12557024292, 0.471162454013, 47.9999079634, 43.5588404643, 2.77761487366, 2.32951843006, 31.5780800455, 254.755452954, 0.459174238911
0.592222429475, 1.00883106135, 2.72310669646, 0.20541927003, 30.8010208498, 43.0407551128, 2.27973230882, 1.97783511132, 35.4990505323, 381.974764398, 0.412733276973
0.603289810179, 0.888523232949, 2.15378084434, 0.353255443384, 2.06295508828, 41.7817280745, 3.09083799219, 1.57063693201, 26.0909071715, 377.672350512, 0.42937839692
0.559756215629, 1.1392222312, 5.11162339723, 0.266314792937, 17.766215696, 43.5765698401, 2.263028668, 1.57063693201, 40.8771920165, 977.190869361, 0.394748292028
0.5002273619, 0.935284789392, 2.12557024292, 0.471162454013, 47.9999079634, 43.5588404643, 2.77761487366, 2.32951843006, 31.5780800455, 263.646839985, 0.453584104482
0.506161512388, 1.21734362783, 4.97845895774, 0.27834954273, 22.2696198463, 41.1460397174, 2.92835885099, 1.56960063799, 26.6871195687, 1052.14703094, 0.400368726474
0.680234584907, 0.885357378709, 2.07226452925, 0.360271205819, 24.7535815423, 47.3745259281, 2.5932820844, 1.08206631639, 24.9035702599, 254.278695241, 0.482122937497
0.70311448969, 0.924955790573, 2.31061651445, 0.27834954273, 47.9999079634, 44.8050984977, 2.46675557793, 4.92161975313, 31.5780800455, 244.000218398, 0.561661748248
0.589922169326, 0.825881144064, 5.79399054004, 0.372847728982, 3.20278702764, 45.1376539145, 2.06175170314, 1.92815602216, 23.2026680322, 566.560858806, 0.406004032429
0.803690705977, 0.896631867554, 2.72310669646, 0.347299813784, 30.8010208498, 44.2136358217, 2.51403227685, 1.64788868888, 35.4990505323, 465.08615653, 0.406806162298
0.70311448969, 0.935284789392, 2.31061651445, 0.27834954273, 47.9999079634, 44.8050984977, 2.46675557793, 1.56960063799, 21.094007363, 288.363296962, 0.443608902112
0.505299208576, 0.951131948536, 2.05592062647, 0.304366328172, 1.08192970001, 45.6082575079, 2.70346277534, 0.745792140075, 23.13537504, 244.523600848, 0.571557788347
0.506161512388, 1.08317888053, 5.04142959584, 0.27834954273, 22.2696198463, 41.1460397174, 2.92835885099, 1.56960063799, 26.6871195687, 772.293620851, 0.406565184631
0.592222429475, 0.935284789392, 2.12557024292, 0.487300189437, 30.8010208498, 47.7017411275, 2.77761487366, 0.865750743775, 21.094007363, 245.249219334, 0.646699118832
0.812276636479, 1.09023004935, 4.35320867766, 0.229282027896, 13.642976427, 41.2292965835, 3.50407046187, 1.36547886578, 29.4341595263, 804.657203266, 0.412346269135
0.592222429475, 1.00883106135, 2.72310669646, 0.347299813784, 30.8010208498, 43.0407551128, 2.62892261452, 1.97783511132, 35.4990505323, 509.297478628, 0.415861867663
0.746198486595, 1.19187031685, 2.31061651445, 0.222284144772, 37.730318204, 44.8050984977, 2.27973230882, 1.64788868888, 28.419709181, 422.20232938, 0.430115516063
0.702457119413, 0.896631867554, 2.72310669646, 0.347299813784, 30.8010208498, 44.2136358217, 2.62892261452, 1.64788868888, 35.4990505323, 338.000125079, 0.443135331479
0.603289810179, 0.888523232949, 2.15378084434, 0.353255443384, 2.06295508828, 41.7817280745, 3.09083799219, 1.57063693201, 26.0909071715, 364.742015839, 0.435269902398
0.506161512388, 0.928474774114, 7.87029843144, 0.240720400376, 0.112111550279, 42.1382211384, 3.18024421772, 1.6477424022, 26.0845121822, 1115.15811599, 0.412647309541
0.592222429475, 0.935284789392, 2.12557024292, 0.471162454013, 30.8010208498, 47.7017411275, 2.77761487366, 4.82761780553, 31.5780800455, 250.314280335, 0.572145063689
0.589922169326, 0.820949894055, 3.22450440473, 0.254575231421, 0.264492316138, 49.7431688411, 3.37710528644, 1.51170069679, 32.4893686066, 528.152448569, 0.420244169318
0.680234584907, 0.885357378709, 2.28565392999, 0.490386114271, 24.7535815423, 47.3745259281, 2.5932820844, 4.91538025691, 24.9035702599, 252.378601771, 0.573452371812
0.592222429475, 0.885357378709, 2.07226452925, 0.360271205819, 24.7535815423, 47.3745259281, 2.5932820844, 1.92815602216, 24.9035702599, 252.245806966, 0.619036176767
0.810130436541, 0.82137732687, 3.43528038103, 0.217012118936, 25.0362983275, 46.275931698, 3.37710528644, 1.51170069679, 40.5072664847, 559.243052409, 0.427283091905
0.592222429475, 0.912132842119, 2.72310669646, 0.347299813784, 30.8010208498, 43.0407551128, 2.62892261452, 1.97783511132, 35.4990505323, 375.051236151, 0.435505648613
0.665914199798, 0.84625337962, 5.38336668349, 0.222284144772, 16.4797749489, 46.6527001888, 3.91540020117, 1.50387723622, 33.1900767837, 740.425408129, 0.42273863105
0.519619806944, 1.00883106135, 3.80467806015, 0.20541927003, 11.608599109, 43.0407551128, 2.27973230882, 1.97783511132, 35.4990505323, 741.586061024, 0.425769875125
0.5002273619, 0.935284789392, 2.12557024292, 0.471162454013, 47.9999079634, 43.5588404643, 2.77761487366, 2.32951843006, 31.5780800455, 258.067214278, 0.546891470984
0.566278758765, 0.947575200729, 5.88521393425, 0.200122752526, 37.5258222489, 46.6483312576, 2.37313641341, 1.85657313775, 30.4755855104, 761.485062723, 0.426907727175
0.70311448969, 0.935284789392, 2.31061651445, 0.222284144772, 39.510700006, 44.8050984977, 2.46675557793, 1.64788868888, 31.5780800455, 263.859426633, 0.472844402528
0.506161512388, 1.09023004935, 5.04142959584, 0.27834954273, 13.642976427, 41.2292965835, 3.50407046187, 1.36547886578, 29.4341595263, 965.632989363, 0.423329571619
0.589922169326, 0.825881144064, 3.72840778038, 0.372847728982, 30.3449380643, 46.3533843022, 2.06175170314, 1.92815602216, 23.9565180512, 348.851278096, 0.451359624058
0.566278758765, 0.834568769315, 6.97207647179, 0.336976316427, 27.7969445793, 43.538940077, 3.74442562768, 1.26807382342, 35.8644392394, 927.453383688, 0.428408545388
0.853030904557, 0.910737889988, 2.28565392999, 0.495255369158, 11.6709380758, 46.5530659734, 2.70346277534, 4.91538025691, 27.2299823514, 261.52303191, 0.624334210026
0.680234584907, 1.19187031685, 2.07226452925, 0.360271205819, 37.730318204, 47.3745259281, 2.77761487366, 1.08206631639, 24.9035702599, 315.660321346, 0.463238205283
0.746198486595, 1.19187031685, 2.31061651445, 0.222284144772, 37.730318204, 44.8050984977, 2.27973230882, 1.64788868888, 28.419709181, 404.041125217, 0.437793965541
0.70311448969, 0.935284789392, 2.31061651445, 0.222284144772, 47.9999079634, 44.8050984977, 2.46675557793, 1.64788868888, 21.094007363, 267.734181507, 0.48426325432
0.566278758765, 0.947575200729, 4.11001259771, 0.217916011147, 31.6939630887, 42.0377848524, 3.30292034587, 1.26807382342, 24.6958804751, 702.610197563, 0.434178050396
0.720114106684, 0.912132842119, 2.49612823903, 0.205737360703, 11.800452826, 42.4981598893, 2.59738260527, 1.85657313775, 25.5187939122, 285.300638156, 0.474872220726
0.680234584907, 1.20923889906, 2.07226452925, 0.360271205819, 24.7535815423, 47.3745259281, 2.77761487366, 1.08206631639, 24.9035702599, 392.582651247, 0.444291324806
0.5002273619, 1.00883106135, 2.72310669646, 0.20541927003, 47.9999079634, 43.0407551128, 2.0535449731, 1.97783511132, 35.4990505323, 387.843769535, 0.44777864281
0.589922169326, 0.825881144064, 3.72840778038, 0.372847728982, 3.20278702764, 45.1376539145, 2.06175170314, 1.92815602216, 23.2026680322, 356.702873458, 0.458260499872
0.592222429475, 1.00883106135, 2.72310669646, 0.20541927003, 30.8010208498, 43.0407551128, 2.27973230882, 1.97783511132, 35.4990505323, 389.941983597, 0.449293150084
0.538047935076, 1.09791548447, 3.43528038103, 0.217012118936, 43.0459158103, 44.4839398832, 2.16406372307, 1.12882686045, 24.1176472299, 478.737788465, 0.437258349596
0.810130436541, 0.82137732687, 3.43528038103, 0.218841174919, 1.77088960104, 46.275931698, 3.37710528644, 1.51170069679, 40.5072664847, 503.106210176, 0.435601379756
0.569776127342, 0.920089216615, 6.90379918662, 0.40077375221, 44.5337113961, 41.0105032493, 2.23829606369, 1.72650839388, 24.1176472299, 915.122743446, 0.432232759303
0.5002273619, 0.935284789392, 2.12557024292, 0.471162454013, 47.9999079634, 42.9971124548, 2.77761487366, 2.32951843006, 22.3935977077, 300.207267132, 0.481723810895
0.589922169326, 0.825881144064, 3.72840778038, 0.372847728982, 3.20278702764, 45.1376539145, 2.06175170314, 1.92815602216, 23.2026680322, 372.673067428, 0.459013905645
0.70311448969, 0.935284789392, 2.31061651445, 0.222284144772, 47.9999079634, 46.3533843022, 2.46675557793, 0.688464694119, 26.6871195687, 264.742841951, 0.631735145153
0.5002273619, 0.935284789392, 2.12557024292, 0.471162454013, 47.9999079634, 43.5588404643, 2.77761487366, 2.32951843006, 31.5780800455, 269.742310078, 0.523806239113
0.5002273619, 0.935284789392, 2.12557024292, 0.471162454013, 47.9999079634, 43.5588404643, 2.77761487366, 2.32951843006, 31.5780800455, 279.087718816, 0.519093399693
0.720114106684, 0.912779716785, 2.49612823903, 0.205737360703, 1.82333095449, 42.4981598893, 2.59738260527, 1.85657313775, 25.5187939122, 270.736715169, 0.522874318751
0.720114106684, 1.00883106135, 2.49612823903, 0.205737360703, 11.800452826, 42.4981598893, 2.59738260527, 1.32744951416, 25.5187939122, 280.157782043, 0.512856459774
0.894800982759, 0.82137732687, 4.030824217, 0.254575231421, 11.800452826, 49.7431688411, 3.37710528644, 1.51170069679, 32.4893686066, 554.395258433, 0.437467530626
0.853030904557, 0.82137732687, 4.030824217, 0.254575231421, 11.800452826, 49.7431688411, 2.99541730313, 1.51170069679, 20.3655994554, 365.026920627, 0.460059790533
0.589922169326, 0.825881144064, 5.79399054004, 0.274051338366, 0.264492316138, 45.1376539145, 2.06175170314, 1.92815602216, 22.988076903, 634.954099774, 0.435785843128
0.70311448969, 0.935284789392, 3.43528038103, 0.217012118936, 37.730318204, 44.8050984977, 2.46675557793, 1.64788868888, 21.094007363, 397.070206085, 0.45153389007
0.810130436541, 0.935284789392, 3.43528038103, 0.222284144772, 37.730318204, 44.8050984977, 2.46675557793, 1.64788868888, 21.094007363, 460.228901755, 0.444410037883
0.70311448969, 1.19187031685, 2.31061651445, 0.222284144772, 39.510700006, 44.8050984977, 2.46675557793, 1.64788868888, 31.5780800455, 388.989787983, 0.457202436696
0.702457119413, 0.896631867554, 2.72310669646, 0.347299813784, 30.8010208498, 42.8663474791, 2.62892261452, 1.97783511132, 35.4990505323, 361.982315237, 0.467584519727
0.810130436541, 1.09791548447, 3.43528038103, 0.217012118936, 43.0459158103, 44.4839398832, 2.16406372307, 1.12882686045, 31.0469739678, 567.509070374, 0.438362003174
0.702457119413, 0.896631867554, 2.72310669646, 0.347299813784, 44.5337113961, 42.8663474791, 2.62892261452, 1.4395744441, 43.2342482171, 390.38777013, 0.455979725942
0.810130436541, 1.09791548447, 2.31061651445, 0.220750050775, 47.0255672193, 44.4839398832, 2.16406372307, 1.12882686045, 31.0469739678, 302.710504646, 0.49067568857
0.665914199798, 0.84625337962, 5.38336668349, 0.464324080638, 16.4797749489, 46.6527001888, 3.91540020117, 1.50387723622, 33.1900767837, 700.426760048, 0.442307602737
0.70311448969, 1.19187031685, 2.31061651445, 0.222284144772, 37.730318204, 44.8050984977, 2.46675557793, 1.64788868888, 21.094007363, 277.243084366, 0.568058063772
0.592222429475, 0.935284789392, 2.72310669646, 0.471162454013, 30.8010208498, 43.5588404643, 2.27973230882, 1.97783511132, 22.2614569633, 303.020124665, 0.497338496201
0.741381220831, 1.1392222312, 5.11162339723, 0.266314792937, 17.766215696, 44.4059969724, 2.263028668, 1.57063693201, 40.8771920165, 972.983452797, 0.436693920425
0.538047935076, 1.09791548447, 3.43528038103, 0.217012118936, 43.0459158103, 43.0407551128, 2.16406372307, 1.12882686045, 25.3896127397, 488.666319277, 0.450906951676
0.592222429475, 0.935284789392, 2.12557024292, 0.471162454013, 30.8010208498, 47.7017411275, 2.5932820844, 4.82761780553, 31.5780800455, 271.270196529, 0.626611915729
0.532049747775, 0.869668587455, 6.87638925478, 0.493169582176, 2.78964652849, 42.4981598893, 2.59738260527, 1.91829949877, 37.9748750574, 784.594597845, 0.439871238825
0.592222429475, 0.935284789392, 2.12557024292, 0.471162454013, 30.8010208498, 43.5588404643, 2.77761487366, 4.82761780553, 31.5780800455, 283.413441585, 0.570327699128
0.5002273619, 1.19187031685, 2.12557024292, 0.471162454013, 47.9999079634, 43.5588404643, 2.05419165849, 2.32951843006, 20.340124076, 335.239500213, 0.484887040622
0.566278758765, 0.947575200729, 2.32666242613, 0.271803908899, 25.5966217763, 47.513364813, 2.6084070481, 1.97783511132, 30.4755855104, 314.465507071, 0.509544248037
0.617039446632, 1.13420663621, 2.49612823903, 0.495255369158, 1.82333095449, 42.7989753369, 2.25926426162, 4.71308171919, 20.340124076, 306.989606317, 0.509940260313
0.559756215629, 1.1392222312, 5.11162339723, 0.266314792937, 17.766215696, 44.4059969724, 2.263028668, 1.57063693201, 40.8771920165, 854.876472169, 0.440256405661
0.812276636479, 1.23485808671, 4.35320867766, 0.229282027896, 22.2696198463, 41.1460397174, 2.92835885099, 1.56960063799, 26.6871195687, 879.101249233, 0.440212468982
0.70311448969, 1.19187031685, 2.31061651445, 0.222284144772, 37.730318204, 42.8663474791, 2.46675557793, 1.97783511132, 37.9748750574, 365.252270103, 0.473670828987
0.5002273619, 1.19187031685, 2.12557024292, 0.471162454013, 8.94501162546, 43.5588404643, 2.77761487366, 2.32951843006, 29.800673747, 298.275393512, 0.526801667629
0.592222429475, 0.935284789392, 2.12557024292, 0.471162454013, 30.8010208498, 47.7017411275, 2.5932820844, 4.82761780553, 31.5780800455, 292.697754457, 0.538107062901
0.592222429475, 0.935284789392, 2.12557024292, 0.471162454013, 30.7981217201, 46.7453603792, 2.77761487366, 4.82761780553, 31.5780800455, 286.920233498, 0.563155784618
0.779211252014, 0.961995572369, 2.17564864488, 0.304366328172, 38.3951609473, 41.2551610436, 3.65424087, 1.37106789868, 26.7510299655, 311.899859169, 0.512538815926
0.707972218459, 0.928474774114, 7.56449590643, 0.240720400376, 0.112111550279, 42.1382211384, 3.18024421772, 1.6477424022, 26.0845121822, 1182.29973908, 0.440134878118
0.70311448969, 0.935284789392, 2.31061651445, 0.222284144772, 47.9999079634, 45.1376539145, 2.46675557793, 0.688464694119, 23.2026680322, 283.597940579, 0.597695592775
0.505299208576, 0.91312061228, 2.05592062647, 0.304366328172, 22.1532120507, 45.6082575079, 3.46486909924, 0.745792140075, 23.13537504, 298.557129178, 0.531886682919
0.506161512388, 1.21734362783, 7.87029843144, 0.27834954273, 22.2696198463, 41.1460397174, 2.92835885099, 1.56960063799, 20.2439691329, 1772.65445337, 0.441466416744
0.774449438627, 0.912779716785, 5.88521393425, 0.200179994125, 36.6874204158, 47.7582675778, 3.95774395778, 1.85657313775, 25.5187939122, 1001.1418141, 0.44277684714
0.566278758765, 0.947575200729, 4.11001259771, 0.336976316427, 31.6939630887, 41.0425870043, 3.74442562768, 1.26807382342, 24.6958804751, 679.783897922, 0.444593646519
0.5002273619, 1.19187031685, 2.12557024292, 0.347299813784, 47.9999079634, 43.5588404643, 2.62892261452, 2.32951843006, 20.340124076, 303.427426936, 0.522624733337
0.5002273619, 0.935284789392, 2.12557024292, 0.471162454013, 47.9999079634, 43.5588404643, 2.77761487366, 2.32951843006, 25.5187939122, 313.548810601, 0.517647344045
0.51868707171, 1.0427301788, 2.0494732218, 0.316772537583, 43.9382715329, 43.7511148665, 2.263028668, 3.46868576, 26.0488658799, 307.420724944, 0.522052286666
