2.86817836654, 1.19393524931, 1.10668334146, 1.20726993325, 2.07921664831, 0.979087993929, 4.20560324553, 0.910426362168, 0.98909092554, 5.5517277551, 2.22838429204, 1.09402690542, 4.7302095522, 0.968744632512, 1.09000081732, 1.07141337853, 1.02624346169, 0.814740083362, 3.05359609759, 1.17872313385, 0.848492724461, 239.007855093, 1.14644920348, 1.70283461094, 1.12922762994, 3.70898531764, 0.935431389658, 38.1404261012, 11.6339479366
5.06141197295, 1.0918987153, 1.0196861781, 1.01584145185, 3.23305716523, 0.794419942231, 1.4759282161, 0.899375869276, 0.991339652307, 2.05040027711, 3.80067613529, 0.843776683016, 4.8822754996, 1.14525430261, 1.09000034573, 1.09703423474, 1.00610445094, 1.092561107, 4.13149264424, 0.97306055543, 0.903586135544, 126.855994038, 1.12267155796, 3.05780508684, 0.991495653048, 3.93091488572, 1.04801202815, 45.9345397302, 8.25235003786
2.84275068096, 1.3816085389, 1.02096002545, 1.11862688614, 5.67247744702, 0.848022684774, 2.54328538308, 1.07634116167, 0.964244860806, 5.51097568502, 5.80144015547, 0.858808092341, 2.6435888206, 0.925841926938, 1.0900007246, 1.1082642025, 1.00343142738, 1.07626238221, 3.67859525709, 0.972988846125, 0.985428709202, 153.438297313, 1.17469100903, 3.88002162198, 1.18725632993, 3.46700382793, 0.87024784684, 41.4936889171, 15.3010139875
3.1088499463, 1.21420268709, 1.08125007809, 0.871360772056, 5.3826036315, 0.715098249183, 2.07619124478, 1.01287463256, 0.936778340299, 2.75755932787, 2.02510854029, 0.998847830439, 3.03770186857, 1.12822502411, 1.09000041277, 1.02032832091, 1.04819306202, 1.19658634272, 7.76713342084, 0.943869750518, 0.944139906237, 286.853517997, 0.932556405094, 5.13252408176, 0.962867115231, 3.47054191714, 1.17508295153, 50.9716103559, 8.62929480865
1.2899433649, 1.39598267929, 1.04851229864, 1.02496924162, 5.60123786489, 0.880272608856, 4.54070528644, 0.936187807628, 0.900051156818, 4.81447868568, 2.71492400051, 1.00526197228, 3.83451131018, 1.05988669599, 1.09000021337, 1.00388991362, 1.04229037172, 1.04750229314, 6.07553139082, 0.950616856888, 0.870533978408, 287.897349502, 0.98253706199, 4.21175757712, 1.05170266516, 2.93420851135, 1.17049181964, 47.6679250592, 10.1968111898
3.69991204236, 1.18859385861, 1.11918391652, 1.19117956606, 2.23365185386, 0.730571420841, 3.15714249561, 1.094726284, 0.993456505349, 2.96012468236, 4.23318388901, 0.887862893553, 5.04541032295, 1.28257156699, 1.09000094425, 1.10502351605, 1.03084793507, 1.15645099119, 7.15204919401, 0.959730480864, 0.976629511557, 113.898747475, 1.19880114383, 4.5461567508, 1.11436222768, 2.36455536556, 0.988326477912, 92.3597539411, 10.2924081259
2.5734164636, 1.27948467524, 1.07315605986, 1.20607157964, 5.5925328391, 0.973567599159, 5.5619050043, 0.881526889051, 0.958110570327, 3.14717173257, 4.55399780232, 1.01523949393, 3.80118993596, 0.971595241598, 1.09000028767, 1.01116982667, 1.04602703803, 0.954934593391, 9.81029613129, 0.917129315672, 0.97963285091, 144.085037397, 1.1679257371, 1.90270969537, 1.19591207577, 2.27768247852, 1.22317725702, 47.8510323317, 12.0795225698
1.00207385885, 1.39839747989, 1.04851229864, 1.02496924162, 6.72906595516, 0.880272608856, 4.54070528644, 0.936187807628, 0.900051156818, 4.86762921775, 2.71492400051, 1.00526197228, 3.83451131018, 1.05988669599, 1.09000021337, 1.00388991362, 1.04229037172, 1.04750229314, 6.07553139082, 0.950616856888, 0.870533978408, 287.897349502, 0.98253706199, 4.21175757712, 1.05170266516, 2.93420851135, 1.17049181964, 113.01353344, 11.0887554442
1.17703069837, 1.25324899114, 1.10668334146, 1.20726993325, 1.72874676489, 0.979087993929, 4.20560324553, 0.910426362168, 0.97078558015, 5.5517277551, 2.22838429204, 1.09402690542, 4.7302095522, 0.827250017402, 1.09000081732, 1.07141337853, 1.02624346169, 0.814740083362, 3.05359609759, 1.17872313385, 0.848492724461, 239.007855093, 1.14644920348, 1.70283461094, 1.05170266516, 3.70898531764, 0.935431389658, 55.963778431, 17.1819309332
2.60477370198, 1.06396014833, 0.888859316406, 1.10571320089, 1.92925139161, 0.757510376684, 1.7754082303, 0.982035279959, 0.91565945421, 1.37070347559, 4.78401868185, 1.02088880371, 4.8035650863, 1.11764696953, 1.09000089783, 1.10237698383, 1.02340773244, 1.05351812229, 8.93532343437, 0.992425827352, 0.889835213639, 298.895287645, 0.98844548515, 5.07274261487, 1.11933024285, 1.63318433818, 1.26986042453, 58.9002377702, 17.0996844113
2.60477370198, 1.06396014833, 0.888859316406, 1.08890469729, 1.92925139161, 0.757510376684, 1.7754082303, 0.993883681817, 0.932780649447, 1.37070347559, 5.8146134921, 1.0515020293, 1.60987618954, 1.11764696953, 1.09000089783, 1.02136217755, 1.02340773244, 1.09551745943, 8.93532343437, 0.999038459411, 0.764981177312, 298.895287645, 0.98844548515, 1.58937085664, 1.04278599831, 1.63318433818, 1.26986042453, 72.7835149146, 13.6567637721
2.62912619805, 1.05115364374, 0.789300672966, 1.08576968013, 1.71371647496, 0.92323076415, 2.0353892353, 0.855008270598, 0.925728410343, 4.38688170685, 4.62575500555, 0.820407742397, 2.04993359447, 1.17455948937, 1.09000070446, 1.00974643207, 1.02205066615, 0.825953887138, 6.33613564645, 0.928869793869, 0.954392729901, 275.864369723, 0.951778831402, 5.35575063356, 1.17522044446, 1.59886030684, 1.14966301475, 70.4598344482, 13.8956057873
2.60477370198, 1.06396014833, 0.888859316406, 1.08890469729, 1.92925139161, 0.757510376684, 1.7754082303, 0.982035279959, 0.932780649447, 1.48744578273, 5.8146134921, 1.0515020293, 1.60987618954, 1.11764696953, 1.09000059841, 1.10237698383, 1.02340773244, 1.05351812229, 8.93532343437, 0.964553064596, 0.764981177312, 269.614851789, 0.913173056622, 5.07274261487, 1.01264467365, 1.63318433818, 1.26986042453, 156.552471611, 12.6277034099
2.62912619805, 1.10586627352, 0.789300672966, 1.08576968013, 1.56120068687, 0.92323076415, 2.0353892353, 0.930153410732, 0.925728410343, 4.38688170685, 4.62575500555, 0.820407742397, 2.04993359447, 1.17803933943, 1.09000070446, 1.00974643207, 1.02205066615, 0.825953887138, 4.94610308838, 1.05664211948, 0.954392729901, 275.864369723, 0.951778831402, 5.35575063356, 1.17522044446, 1.59886030684, 1.14966301475, 117.021405543, 13.2099580122
2.56027885663, 1.39649988243, 1.02228984305, 1.17873115294, 1.71371647496, 0.892312360738, 3.95740627265, 0.978391206506, 0.989711099738, 1.52621954807, 4.91808619328, 0.841430068403, 1.81962711845, 1.28292642759, 1.0900001716, 1.06862150708, 1.00920575624, 0.927976129648, 8.71544164062, 1.08943073114, 0.760063213982, 239.007855093, 0.930895957912, 5.32243118772, 1.15909492732, 3.92386021992, 1.27258641915, 69.3912326885, 18.5766677398
5.06141197295, 1.0918987153, 0.794780787254, 1.10571320089, 5.90675102506, 0.816808391917, 1.11376932557, 0.899375869276, 0.991339652307, 2.05040027711, 5.48926113721, 0.853786540536, 4.8035650863, 1.14525430261, 1.09000046385, 1.09703423474, 1.00815168624, 1.05717357971, 5.2104862654, 1.16311974225, 0.81650088949, 285.540284572, 1.18447372269, 3.58841522044, 1.03887351213, 4.02685111468, 1.04801202815, 74.2288737297, 18.2272885494
2.56027885663, 1.39649988243, 1.02228984305, 0.821819763532, 1.71371647496, 0.892312360738, 3.95740627265, 0.978391206506, 0.989711099738, 1.52621954807, 4.91808619328, 0.841430068403, 1.81962711845, 1.28292642759, 1.0900006467, 1.06862150708, 1.00920575624, 0.927976129648, 8.71770750731, 1.08943073114, 0.762102895171, 239.007855093, 0.930895957912, 5.99277539966, 1.05170266516, 3.92386021992, 1.27258641915, 79.2731742675, 14.0024541801
2.69424788035, 1.22523267644, 1.05063215051, 1.19353898651, 2.53261301171, 0.992337028056, 4.01248150137, 1.05221814477, 0.909359769647, 3.73796943955, 2.77585639418, 0.910592020506, 1.99162417705, 1.24862078885, 1.09000006588, 1.01379561381, 1.01397414824, 1.12758031671, 7.21709941751, 1.03602912189, 0.842027045867, 232.749802355, 1.02178092562, 2.93484111507, 1.09572389385, 4.39249615215, 1.2228825494, 174.5301593, 12.7067519127
1.91403276773, 1.12894165394, 0.932336044831, 1.13197088798, 2.00281180368, 0.854756030975, 4.53347047609, 0.971362370143, 0.911632811585, 5.23540500329, 3.79973703513, 1.03981689874, 3.64922821786, 0.958532275888, 1.0900005088, 1.1084641505, 1.03475904537, 1.17655798777, 3.32838682087, 1.15063333652, 0.949201066553, 173.10660634, 1.04489700006, 3.05217626809, 1.15398066187, 2.72579292253, 1.28350068277, 103.78528731, 15.6176132076
2.86817836654, 1.19393524931, 1.10668334146, 1.20726993325, 2.07921664831, 0.979087993929, 4.20560324553, 0.910426362168, 0.98909092554, 5.5517277551, 2.22838429204, 1.09402690542, 4.7302095522, 0.968744632512, 1.09000081732, 1.07141337853, 1.02624346169, 0.814740083362, 3.05359609759, 1.17872313385, 0.848492724461, 239.007855093, 1.14644920348, 1.70283461094, 1.12922762994, 3.70898531764, 0.935431389658, 145.440018516, 14.3150630529
4.49050858568, 1.36219494569, 0.870403094242, 1.19111089263, 4.40403577008, 0.800076271249, 5.35195358293, 0.83628629219, 0.987054127795, 4.26581297096, 3.12108909896, 0.878034038189, 4.65200680254, 1.02957341007, 1.09000081153, 1.05458002766, 1.00323639871, 1.21046744277, 6.01570060546, 1.09964327639, 0.929233383883, 362.010004578, 1.09039904254, 1.44761150785, 1.0326514362, 3.95189980693, 1.11176387428, 87.8327215176, 20.4121077326
2.62912619805, 1.05115364374, 0.789300672966, 1.08576968013, 1.56120068687, 0.92323076415, 2.0353892353, 0.855008270598, 0.925728410343, 4.38688170685, 4.62575500555, 0.820407742397, 2.04993359447, 1.17455948937, 1.09000070446, 1.00974643207, 1.02205066615, 0.825953887138, 6.33613564645, 0.928869793869, 0.954392729901, 275.864369723, 0.951778831402, 5.35575063356, 1.17522044446, 1.59886030684, 1.14966301475, 175.009542833, 12.7753259597
1.38122053704, 1.30912290227, 0.821268352526, 0.934996307161, 3.7962958449, 0.746262389352, 3.03307150499, 0.994189814829, 0.998310438304, 3.38120147492, 2.50459042793, 0.991645479498, 4.87351867582, 0.969769233167, 1.09000013165, 1.02629152755, 1.00902353421, 1.03550317609, 4.96269783264, 1.1714077621, 0.95321089545, 245.989836556, 0.987616856158, 4.60191676944, 1.17166082678, 4.30696508946, 0.984842583288, 105.319689015, 16.1216230643
5.07450253179, 1.10811997484, 0.878555408437, 1.05875025124, 6.59308796369, 0.974523866404, 2.88151101904, 1.00838665664, 0.994911142936, 5.38132947446, 3.26944322591, 0.904556059752, 5.01814207293, 1.16413724396, 1.09000036649, 1.07703695905, 1.00263879826, 0.819191115119, 6.80649449113, 0.941351946172, 0.974193403129, 172.266549997, 1.08705278948, 4.32589442436, 0.973024766466, 2.27693580407, 1.01593154232, 107.549836799, 15.8404429403
1.78053731595, 1.02190195788, 1.10524895492, 0.801593629585, 1.55686299373, 0.720023785751, 5.5619050043, 1.01496832467, 0.966216137433, 4.86928900152, 3.26769027324, 0.943998688514, 2.87188825606, 1.05554392134, 1.09000091806, 1.0369735059, 1.04526902703, 1.00555328186, 6.85948739475, 1.028097928, 0.939275718954, 343.213749432, 1.03053323546, 1.08491257832, 1.0622490317, 3.38034032632, 1.01410911134, 190.90890743, 13.2470761587
5.72146397122, 1.00993264506, 1.0630116106, 1.21290302766, 3.11074361977, 0.742942290625, 2.96773363116, 1.08097161251, 0.977690155379, 1.73826684538, 7.42364667638, 1.05485837074, 1.25594543601, 1.22598177454, 1.09000029308, 1.04363814483, 1.02435035405, 0.93620864773, 5.35426111359, 1.01614459251, 0.895112571101, 52.4215216014, 0.919712647629, 4.14651611372, 1.13294628952, 2.82382694248, 1.22479657218, 115.626818663, 23.0116837453
4.63217361252, 1.4296389966, 1.16024214942, 0.904156296656, 6.02054024973, 0.981725800274, 5.82408379655, 0.927794177503, 0.964138668068, 6.14430809186, 7.18004667966, 0.875755069049, 1.53054131238, 0.962006481421, 1.09000087715, 1.05711756822, 1.0143015664, 1.06809409428, 6.55913629308, 1.15865862043, 0.791973661685, 335.572688774, 1.09574066733, 5.78058440504, 1.08558446234, 3.21423548328, 0.92525869317, 124.00110892, 21.8497328472
2.11749789517, 1.0600395247, 0.904061955274, 1.17582081219, 3.31880679178, 0.873460492176, 1.79791930744, 0.942180050367, 0.933314837717, 2.7958011037, 3.98510723325, 1.0443622977, 1.08545460263, 0.877630550969, 1.09000025322, 1.09809402705, 1.01795788901, 1.09551745943, 8.26672933626, 0.976177652545, 0.796926561961, 328.698067482, 1.17524498693, 3.48750857641, 1.16424155616, 4.3409875898, 1.07815660432, 133.382520049, 17.0476366052
3.29911463512, 1.27948467524, 1.07315605986, 0.916472022465, 4.73326874997, 0.926885685744, 5.07524325755, 1.07588057647, 0.9487901208, 4.14035944606, 2.18074365975, 0.856049897012, 1.72602160571, 0.860024857149, 1.09000055589, 1.01406232312, 1.00975537567, 1.18056650812, 7.98187573291, 1.18059569017, 0.965498765705, 328.698067482, 1.16931342214, 2.51175314114, 1.10602087832, 4.23185667103, 1.28891839681, 210.525720573, 13.2870302821
1.87632738602, 1.31754359982, 0.817278893363, 1.07873968216, 3.28667038622, 0.893981077335, 5.04183814828, 0.858158638947, 0.951078196601, 3.12774546333, 1.59307169047, 0.844787741868, 3.50748275015, 1.00445541524, 1.09000013116, 1.0421125162, 1.00128982995, 1.10353508674, 3.4782783708, 0.988692180121, 0.998366597701, 83.4489103947, 1.18508796211, 4.69024000779, 1.03700754577, 3.32030185434, 0.970148029313, 192.985348117, 15.2681375472
4.9468720227, 1.39864343535, 0.750580695848, 1.13084740698, 4.26367206824, 0.907948372413, 4.83424358561, 0.99953570805, 0.902131427449, 2.42615634997, 5.27367479618, 0.86434809138, 1.10537002161, 1.12454348436, 1.09000039942, 1.09275232473, 1.04777836295, 1.02324322927, 4.991800116, 1.006013399, 0.788132229938, 205.53578295, 1.14040956782, 3.93867757134, 0.98873277202, 5.40777028827, 1.27138556766, 193.93485288, 14.6254502926
2.62912619805, 1.2981315735, 0.789300672966, 1.08576968013, 1.75553998605, 0.92323076415, 2.0353892353, 1.05523133061, 0.925728410343, 4.38688170685, 4.62575500555, 0.817939397579, 2.04993359447, 1.17455948937, 1.09000070446, 1.00974643207, 1.01155975003, 0.825953887138, 4.70192839147, 0.959367008166, 0.954392729901, 275.864369723, 0.951778831402, 5.35575063356, 1.17522044446, 1.59886030684, 1.14966301475, 124.554369805, 22.7725428785
5.03775768707, 1.32002355141, 1.09931874295, 1.1700257408, 6.6556115671, 0.895933554938, 1.43220956209, 1.08264591224, 0.952277678961, 4.51703242269, 7.16562938256, 1.03166223234, 5.01006304716, 0.978803404724, 1.09000057871, 1.00847861255, 1.00822550178, 1.01157326676, 5.9168780055, 0.910200412294, 0.888499597199, 388.63847944, 1.05109102464, 1.3323943769, 1.02172164624, 2.33011357748, 1.24035519887, 171.742298941, 17.7774423122
4.496480879, 1.36219494569, 0.870403094242, 1.19638114715, 1.82859498032, 0.800076271249, 5.35195358293, 0.83628629219, 0.987054127795, 4.26581297096, 3.12108909896, 0.878034038189, 4.65200680254, 1.02957341007, 1.09000081153, 1.05458002766, 1.04030090414, 1.21046744277, 6.01570060546, 1.09964327639, 0.929233383883, 362.010004578, 1.09039904254, 1.44761150785, 1.0326514362, 3.95189980693, 1.11176387428, 135.145493411, 22.4561492937
5.72146397122, 1.0513269408, 0.864827772619, 1.21290302766, 4.90055538772, 0.869800562541, 2.96773363116, 1.08097161251, 0.977690155379, 3.69941533825, 7.42364667638, 1.05485837074, 1.25594543601, 1.22598177454, 1.09000029308, 1.04363814483, 1.02435035405, 0.93620864773, 5.35426111359, 1.01614459251, 0.895112571101, 52.4215216014, 0.919712647629, 4.14651611372, 1.13294628952, 2.82382694248, 1.22912804405, 246.261561197, 13.6338297223
4.74640124608, 1.34737766139, 0.901718264252, 1.0482061059, 2.72871097115, 0.824958422289, 3.32079323595, 0.838615062625, 0.9923668444, 5.5229850137, 6.61838751827, 1.02823200511, 3.20181754246, 1.04387681675, 1.09000012294, 1.00431783524, 1.04030090414, 1.21926636167, 6.3082897567, 1.09530300729, 0.992062181335, 11.3893087554, 1.09039884465, 5.70823179877, 1.09732833275, 1.55288597174, 0.90402048014, 239.241284093, 13.8812625831
4.58403056395, 1.10755835001, 0.753582731104, 1.19933802035, 1.93396372949, 0.75869984636, 2.07937112071, 0.945167655936, 0.984626296532, 2.38552774952, 5.75491612373, 0.96834978064, 1.37879475393, 0.832135195518, 1.09000074585, 1.01093632531, 1.02510165034, 1.15485768107, 3.46016126121, 0.947049714227, 0.913626858709, 86.7413647137, 1.10350375227, 5.33081177593, 1.01120508004, 2.94836922789, 1.27167183999, 221.586336589, 16.3988824748
4.74640124608, 1.34737766139, 0.901718264252, 1.0482061059, 2.72871097115, 0.824958422289, 3.32079323595, 0.838615062625, 0.9923668444, 5.5229850137, 6.61838751827, 1.02823200511, 3.20181754246, 1.04387681675, 1.09000012294, 1.00431783524, 1.04030090414, 1.21926636167, 6.3082897567, 1.09530300729, 0.992062181335, 11.3893087554, 1.0912078415, 5.70823179877, 1.09732833275, 5.4336199444, 0.881665357623, 227.190069179, 15.6825814385
4.14719539592, 1.19273950003, 0.820736425993, 1.05431404812, 1.69841840593, 0.742942290625, 3.06311644819, 0.84181882794, 0.989073930154, 1.33262238935, 3.00370618007, 0.888360397048, 3.19960152104, 1.00143141455, 1.09000017525, 1.00686778917, 1.00116204066, 1.14476911244, 6.30581891403, 1.006013399, 0.959732433485, 157.063762561, 1.10401821584, 5.90009846434, 1.03196773181, 1.05324012613, 1.08644594229, 202.58584536, 18.7018549533
4.63217361252, 1.4296389966, 1.16024214942, 0.904156296656, 5.27147076579, 0.981725800274, 5.82408379655, 0.927794177503, 0.964138668068, 3.95633406094, 5.35124014679, 0.875755069049, 1.53054131238, 0.962006481421, 1.09000087715, 1.05711756822, 1.00648034806, 1.14476911244, 6.55913629308, 1.08569512993, 0.809756262409, 335.572688774, 1.09092169191, 5.78058440504, 1.08558446234, 3.21423548328, 0.92525869317, 208.104813851, 18.6216428154
5.72146397122, 1.00993264506, 0.909731945452, 1.21290302766, 3.11074361977, 0.873460492176, 2.96773363116, 1.08097161251, 0.977690155379, 1.73826684538, 7.42364667638, 1.05485837074, 1.25594543601, 1.22598177454, 1.09000029308, 1.04363814483, 1.02435035405, 0.93620864773, 5.35426111359, 1.01614459251, 0.895112571101, 52.4215216014, 0.919712647629, 4.14651611372, 1.13294628952, 2.82382694248, 1.22479657218, 155.560795605, 22.8065069454
5.06141197295, 1.0918987153, 1.0196861781, 1.08890469729, 3.23305716523, 0.816808391917, 1.11376932557, 0.899375869276, 0.991339652307, 2.05040027711, 3.80067613529, 0.853786540536, 4.4950793766, 1.14525430261, 1.09000046385, 1.09703423474, 1.03488390951, 1.05717357971, 4.13149264424, 1.16986307955, 0.856580652801, 146.340464112, 1.12267155796, 3.58841522044, 1.03887351213, 4.02685111468, 1.04801202815, 282.863909057, 14.3527615601
5.07450253179, 1.25672249601, 0.898814721745, 0.816190682782, 6.59308796369, 0.974523866404, 2.88151101904, 1.00838665664, 0.97078558015, 5.38132947446, 4.75682915109, 0.862440502728, 4.66670893524, 1.16413724396, 1.09000050365, 1.04849845881, 1.00263879826, 0.819191115119, 6.22227922034, 0.955006806807, 0.974193403129, 172.266549997, 0.956848126694, 3.36275586189, 0.973024766466, 1.64587027131, 1.01593154232, 275.174254301, 14.8917734015
2.56027885663, 1.389057988, 1.02228984305, 0.854905313614, 1.71371647496, 0.892312360738, 4.65617608345, 0.978391206506, 0.989711099738, 1.52621954807, 4.91808619328, 0.841430068403, 1.81962711845, 1.28292642759, 1.0900006467, 1.06862150708, 1.00920575624, 0.927976129648, 8.71770750731, 1.08943073114, 0.762102895171, 382.211655127, 1.06916592586, 2.90394574041, 0.97517991282, 3.92386021992, 1.27258641915, 240.297009229, 16.0101033573
2.5734164636, 1.0374241744, 0.898593531171, 1.10887164055, 5.5925328391, 0.973567599159, 4.69452314917, 0.846561322734, 0.958110570327, 3.14717173257, 4.55399780232, 1.01523949393, 3.80118993596, 0.971595241598, 1.09000028767, 1.06327173157, 1.04602703803, 0.954934593391, 9.81029613129, 0.917129315672, 0.97963285091, 172.908166587, 1.1679257371, 2.97331587064, 1.19591207577, 2.27768247852, 1.22317725702, 226.315092516, 19.091234963
2.48023347603, 1.1860589254, 1.05096530013, 1.11265546852, 4.90859876481, 0.979577538308, 2.07948067937, 0.900248736387, 0.902207212843, 3.90302381565, 2.66644413899, 0.933905526326, 3.61191359265, 1.01671360727, 1.09000011646, 1.07957818171, 1.01475849439, 1.03222468457, 5.2282938953, 0.915269937252, 0.791346295168, 49.8847896381, 1.01704611744, 1.47389553465, 1.09545960575, 2.11963892196, 0.881057341234, 174.176476425, 24.5942386357
1.78053731595, 1.02190195788, 1.10524895492, 0.801593629585, 5.22744025386, 0.720023785751, 5.5619050043, 1.01496832467, 0.966216137433, 4.86928900152, 3.26769027324, 0.943998688514, 2.87188825606, 1.05554392134, 1.09000091806, 1.0369735059, 1.04526902703, 1.00555328186, 3.05359609759, 1.028097928, 0.939275718954, 343.213749432, 1.03053323546, 1.08491257832, 1.0622490317, 3.38034032632, 1.01410911134, 197.276532833, 24.5183178229
1.17703069837, 1.19393524931, 1.10668334146, 1.20726993325, 2.07921664831, 0.979087993929, 4.20560324553, 0.910426362168, 0.964071318359, 5.5517277551, 2.22838429204, 1.09402690542, 4.7302095522, 0.827250017402, 1.09000081732, 1.07141337853, 1.02624346169, 0.814740083362, 3.05359609759, 1.17872313385, 0.848492724461, 239.007855093, 1.14644920348, 1.70283461094, 1.05170266516, 3.70898531764, 0.935431389658, 344.482257576, 14.6950384785
5.9887650632, 1.05021443221, 1.14613895125, 0.853656017178, 7.03424565416, 0.864036222382, 4.60515888257, 0.926627511341, 0.916478213152, 2.13979306164, 6.11366920264, 0.89858950352, 1.61684376255, 0.85000407294, 1.09000057385, 1.01646075831, 1.0475485046, 1.17089402071, 5.86523482763, 1.1441782249, 0.979860394361, 107.984094496, 1.09531175675, 1.10490311817, 1.06319099407, 1.28108089126, 1.23730775537, 328.480484459, 15.9481965894
4.58403056395, 1.4292177505, 0.753582731104, 1.21129052958, 1.93396372949, 0.75869984636, 2.07937112071, 0.945167655936, 0.984626296532, 2.38552774952, 6.95814503576, 0.96834978064, 1.07600568867, 0.840862865837, 1.09000046297, 1.01093632531, 1.02510165034, 1.15485768107, 3.46016126121, 0.946163107123, 0.913626858709, 86.7413647137, 1.10350375227, 5.33081177593, 1.01120508004, 2.94836922789, 1.27167183999, 276.074146562, 16.8549159721
2.56027885663, 1.389057988, 1.02228984305, 0.854905313614, 1.71371647496, 0.892312360738, 4.65617608345, 0.978391206506, 0.989711099738, 1.52621954807, 4.91808619328, 0.841430068403, 1.81962711845, 1.28292642759, 1.0900006467, 1.06862150708, 1.00920575624, 0.927976129648, 8.71770750731, 1.08943073114, 0.762102895171, 382.211655127, 0.956848126694, 2.90394574041, 0.97517991282, 3.92386021992, 1.27258641915, 262.477455917, 20.2236734357
3.76654096222, 1.21420268709, 1.08125007809, 0.871360772056, 5.3826036315, 0.715098249183, 2.07619124478, 1.01287463256, 0.969196602815, 5.85237769053, 2.02510854029, 1.07954675898, 3.36359080334, 1.12822502411, 1.09000041277, 1.02032832091, 1.04819306202, 1.19658634272, 7.76713342084, 0.943869750518, 0.944139906237, 286.853517997, 0.932556405094, 5.13252408176, 0.962867115231, 3.47054191714, 1.27395157742, 178.618057241, 25.1377998142
3.1088499463, 1.21420268709, 1.08125007809, 0.871360772056, 5.3826036315, 0.715098249183, 2.07619124478, 1.01287463256, 0.936778340299, 2.75755932787, 2.02510854029, 0.998847830439, 3.03770186857, 1.12822502411, 1.09000041277, 1.02032832091, 1.04819306202, 1.19658634272, 3.05359609759, 0.943869750518, 0.944139906237, 286.853517997, 0.932556405094, 5.13252408176, 0.962867115231, 3.47054191714, 0.935431389658, 202.45399974, 24.5873546195
2.69424788035, 1.22523267644, 1.05063215051, 1.19353898651, 2.53261301171, 0.992337028056, 4.01248150137, 1.05221814477, 0.909359769647, 3.73796943955, 2.77585639418, 0.910592020506, 1.99162417705, 1.24862078885, 1.09000006588, 1.01379561381, 1.01397414824, 1.12758031671, 7.21709941751, 1.03602912189, 0.842027045867, 232.749802355, 1.02178092562, 2.93484111507, 1.09572389385, 4.39249615215, 1.2228825494, 348.403778267, 14.9592803238
2.94437848033, 1.27948467524, 1.07315605986, 0.916472022465, 4.73326874997, 0.926885685744, 5.07524325755, 1.07588057647, 0.9487901208, 4.14035944606, 2.18074365975, 0.856049897012, 1.72602160571, 0.860024857149, 1.09000055589, 1.01406232312, 1.00975537567, 1.18056650812, 7.98187573291, 1.18059569017, 0.965498765705, 328.698067482, 1.16931342214, 2.51175314114, 1.10602087832, 4.24275318577, 1.28891839681, 292.985944858, 17.0905768676
2.60477370198, 1.06396014833, 0.888859316406, 1.08890469729, 1.92925139161, 0.757510376684, 1.7754082303, 0.993883681817, 0.932780649447, 1.37070347559, 5.8146134921, 1.0515020293, 1.60987618954, 1.11764696953, 1.09000089783, 1.02136217755, 1.02340773244, 1.09551745943, 8.93532343437, 0.999038459411, 0.761810594627, 298.895287645, 0.98844548515, 1.58937085664, 1.04278599831, 1.63318433818, 1.26986042453, 200.0249047, 27.1385116892
2.60477370198, 1.16277805913, 0.888859316406, 1.08890469729, 1.92925139161, 0.757510376684, 1.7754082303, 0.982035279959, 0.932780649447, 1.37070347559, 5.8146134921, 1.0515020293, 1.60987618954, 1.11764696953, 1.09000089783, 1.10237698383, 1.02340773244, 1.05351812229, 8.93532343437, 0.992425827352, 0.771445193187, 298.895287645, 0.98844548515, 5.07274261487, 1.04278599831, 1.63318433818, 1.26986042453, 371.786346833, 16.1461422822
2.56591878741, 1.28528855227, 0.755609544278, 1.15025091633, 3.70008901205, 0.720023785751, 3.19672385211, 0.899375869276, 0.951234700687, 4.69740162493, 2.34984634166, 0.92779964569, 1.43598378945, 0.988541247569, 1.09000020152, 1.02040727005, 1.00995595311, 1.05717357971, 8.02399071329, 0.938402766436, 0.988548897768, 353.177600064, 1.03053323546, 5.22657800562, 1.2099060192, 5.4336199444, 0.988930450185, 304.565166813, 17.3660178418
1.00207385885, 1.39839747989, 1.04851229864, 1.02496924162, 6.72906595516, 0.880272608856, 4.54070528644, 0.936187807628, 0.900051156818, 4.86762921775, 4.89221729775, 1.06286658755, 3.83451131018, 1.21043125809, 1.09000021337, 1.00388991362, 1.04229037172, 1.04750229314, 6.07553139082, 1.15903061738, 0.870533978408, 287.897349502, 0.98253706199, 4.21175757712, 1.20956264564, 2.93420851135, 1.22317725702, 298.62861207, 17.9501926468
2.43304482603, 1.19394869624, 1.08880431106, 0.909255380121, 6.6556115671, 0.763952336129, 4.21303654655, 0.95034571646, 0.979231975065, 5.40815584064, 7.58444691644, 0.953317208067, 4.13453900272, 1.19762149807, 1.0900005173, 1.01279192938, 1.00516876553, 0.931566860788, 9.10633551198, 1.03833815916, 0.99918007009, 221.935143023, 1.0873362533, 2.55870805111, 0.977684563301, 1.48272980941, 1.1451926005, 251.092010088, 28.7039662741
5.03775768707, 1.32002355141, 1.03340938031, 1.1700257408, 6.6556115671, 0.895933554938, 1.43220956209, 1.08264591224, 0.952277678961, 4.51703242269, 7.16562938256, 1.03166223234, 4.87292920019, 0.978803404724, 1.09000057871, 1.00847861255, 1.00822550178, 1.01157326676, 5.9168780055, 0.910200412294, 0.888499597199, 388.63847944, 1.05109102464, 1.3323943769, 1.02172164624, 2.33011357748, 1.24035519887, 262.648198468, 28.1159861045
4.74640124608, 1.34737766139, 0.901718264252, 1.0482061059, 2.72871097115, 0.824958422289, 3.32079323595, 0.838615062625, 0.9923668444, 5.5229850137, 6.61838751827, 1.02823200511, 3.20181754246, 1.04387681675, 1.09000012294, 1.00431783524, 1.04030090414, 1.21926636167, 6.3082897567, 1.09530300729, 0.992062181335, 11.3893087554, 1.0912078415, 5.70823179877, 1.09732833275, 1.55288597174, 0.881665357623, 403.346364428, 16.1548222591
3.1088499463, 1.21420268709, 1.09926583409, 0.871360772056, 2.46496348587, 0.715098249183, 2.07619124478, 1.01287463256, 0.969196602815, 5.85237769053, 2.02510854029, 0.998847830439, 3.03770186857, 1.12822502411, 1.09000041277, 1.02032832091, 1.04819306202, 1.19658634272, 7.76713342084, 0.943869750518, 0.96409979249, 286.853517997, 0.932556405094, 5.13252408176, 0.962867115231, 3.47054191714, 1.27395157742, 380.396885638, 16.245215198
2.94437848033, 1.27948467524, 1.07315605986, 0.973613934191, 4.73326874997, 0.926885685744, 5.07524325755, 1.07588057647, 0.9487901208, 4.14035944606, 2.18074365975, 0.856049897012, 1.72602160571, 1.20263648048, 1.09000055589, 1.05065587132, 1.00975537567, 1.18056650812, 7.98187573291, 1.18059569017, 0.9148150858, 141.910028677, 1.16931342214, 2.51175314114, 1.09259102702, 4.24275318577, 1.28891839681, 319.167199586, 17.6846586662
1.17703069837, 1.19393524931, 1.10668334146, 1.20726993325, 2.07921664831, 0.979087993929, 4.20560324553, 0.910426362168, 0.964071318359, 5.5517277551, 2.22838429204, 1.09402690542, 4.7302095522, 0.823033766815, 1.09000081732, 1.07141337853, 1.02624346169, 0.814740083362, 5.6771492492, 1.06353845737, 0.906787564647, 382.211655127, 1.14644920348, 1.70283461094, 1.11297900129, 3.70898531764, 0.900288691493, 309.83361362, 20.7296924368
5.07450253179, 1.10811997484, 0.878555408437, 1.05875025124, 6.59308796369, 0.974523866404, 2.88151101904, 1.00838665664, 0.994911142936, 5.38132947446, 2.29587705875, 0.904556059752, 5.01814207293, 1.16413724396, 1.09000036649, 1.07703695905, 1.00263879826, 0.819191115119, 6.80649449113, 0.955006806807, 0.974193403129, 172.266549997, 1.08705278948, 4.32589442436, 0.973024766466, 1.64587027131, 1.01593154232, 308.210651879, 21.5831011786
2.08303867879, 1.02190195788, 1.10524895492, 0.801593629585, 1.55686299373, 0.892043174173, 5.5619050043, 1.01496832467, 0.966216137433, 4.86928900152, 1.8827421659, 0.944000635585, 2.69128667999, 1.05554392134, 1.09000069952, 1.04091429561, 1.04526902703, 0.940283206647, 6.85948739475, 1.028097928, 0.952522940424, 343.213749432, 1.02747713017, 3.46669597196, 1.0622490317, 2.63588060822, 1.01410911134, 301.673354923, 28.7717514391
3.1088499463, 1.21420268709, 1.08125007809, 0.871360772056, 5.3826036315, 0.715098249183, 2.07619124478, 1.01287463256, 0.969196602815, 5.85237769053, 2.02510854029, 0.998847830439, 3.03770186857, 1.12822502411, 1.09000041277, 1.02032832091, 1.04819306202, 1.19658634272, 7.76713342084, 0.943869750518, 0.944139906237, 286.853517997, 0.932556405094, 5.13252408176, 0.962867115231, 3.47054191714, 1.27395157742, 280.812220205, 29.2846199484
4.14685027393, 1.40473155322, 0.799130597033, 0.805247634722, 2.53261301171, 0.961095847432, 3.4953036777, 0.980475148595, 0.956003728932, 2.77579298637, 7.31056896828, 1.07954675898, 4.52845472437, 0.838875829145, 1.09000080208, 1.00922794494, 1.00764476583, 0.886451842832, 5.83506459856, 1.08545346912, 0.972300113683, 154.741012368, 1.19872329646, 2.61853103041, 1.14258727975, 1.49614719964, 0.988326477912, 290.544831429, 28.9331205513
5.07450253179, 1.25672249601, 0.898814721745, 0.816190682782, 6.59308796369, 0.883317955774, 2.88151101904, 1.00838665664, 0.964071318359, 5.72686010512, 4.75682915109, 0.862440502728, 4.66670893524, 1.16413724396, 1.09000057131, 1.04849845881, 1.00481626106, 0.819191115119, 6.22227922034, 0.955006806807, 0.974193403129, 172.266549997, 0.956848126694, 3.36275586189, 0.966286931585, 1.64587027131, 1.01593154232, 275.523631944, 29.7221343318
4.98097612057, 1.11298194494, 0.909792552025, 1.15237022796, 4.32329894973, 0.742271686886, 5.1326500487, 0.848749723942, 0.966530803776, 5.17416536386, 5.99273428354, 1.01067839576, 1.8967503751, 1.09096905897, 1.09000086861, 1.00686778917, 1.02777328913, 0.812167553028, 5.86593059762, 0.97492201879, 0.877929542994, 67.2636771679, 0.958093019056, 2.97967681401, 0.988342664302, 3.98059926844, 0.994277536502, 388.840519595, 16.9132533016
2.58977023064, 1.27474352501, 1.00912971836, 0.835178713908, 3.04837287469, 0.820770643525, 5.86807316059, 0.853026298989, 0.936803104827, 2.09387980221, 7.02512671932, 1.06998267269, 4.07974003603, 1.26673748941, 1.09000017311, 1.10043743162, 1.0258919194, 1.0337726066, 9.50855631892, 0.933196782486, 0.785244720377, 102.331084083, 0.958307737625, 5.67674888033, 1.04752344122, 4.76767854428, 1.25630453067, 465.470107376, 16.2478137554
2.60477370198, 1.06396014833, 0.888859316406, 1.08890469729, 1.92925139161, 0.757510376684, 1.7754082303, 0.982035279959, 0.932780649447, 1.48744578273, 5.8146134921, 1.0515020293, 1.60987618954, 1.11764696953, 1.09000059841, 1.10237698383, 1.02340773244, 1.05351812229, 8.93532343437, 0.992425827352, 0.764981177312, 298.895287645, 0.98844548515, 5.07274261487, 1.01264467365, 1.63318433818, 1.26986042453, 347.910819725, 17.8021158582
4.14719539592, 1.19273950003, 0.820736425993, 1.05431404812, 1.69841840593, 0.742942290625, 3.06311644819, 0.84181882794, 0.989073930154, 1.33262238935, 3.00370618007, 0.888360397048, 3.19960152104, 1.16958007684, 1.09000011259, 1.00686778917, 1.00116204066, 1.03755887275, 6.30581891403, 1.16023468581, 0.959732433485, 168.100734878, 1.02175991338, 5.68198665731, 1.03196773181, 1.05324012613, 0.952091470437, 315.449959219, 21.2573236809
4.09496544409, 1.42117863192, 0.74287643864, 0.862251322889, 5.15317172741, 0.840736494371, 4.60515888257, 0.926627511341, 0.995782337481, 5.3456688354, 6.15493376896, 1.08726143037, 1.61084252501, 1.19142428266, 1.09000073442, 1.10927927417, 1.03762640368, 1.07223909045, 3.70747987897, 1.10934085209, 0.815918756753, 123.644219762, 0.950651219352, 1.10490311817, 1.10687674341, 3.77613478355, 1.20974205951, 449.816314396, 16.9168143158
2.56027885663, 1.30034359286, 0.832957467313, 0.854905313614, 1.71371647496, 0.892312360738, 5.76750555536, 0.978391206506, 0.989711099738, 1.52621954807, 7.62638970337, 0.900044568968, 3.68833216937, 1.28292642759, 1.0900006467, 1.06862150708, 1.00920575624, 0.927976129648, 8.71770750731, 1.08943073114, 0.762102895171, 382.211655127, 1.06916592586, 2.90394574041, 0.97517991282, 3.92386021992, 1.27282989343, 507.71571354, 16.6721441102
3.59717435609, 1.36219494569, 1.08880431106, 0.833935767376, 6.96142590067, 0.782567232349, 4.21303654655, 0.95034571646, 0.979231975065, 5.81513993217, 7.58444691644, 0.953317208067, 4.13453900272, 1.19762149807, 1.09000016793, 1.01279192938, 1.01195609036, 0.980543962589, 9.10633551198, 1.03833815916, 0.99918007009, 221.935143023, 1.0873362533, 2.55870805111, 0.977684563301, 1.71786188397, 1.1451926005, 398.289747338, 18.2867597958
3.35493392218, 1.41268275078, 0.879842453679, 1.19166004436, 4.60048328666, 0.805438448566, 4.82471321767, 1.06135610484, 0.98293174716, 2.86094774977, 1.58723379667, 0.81305172326, 3.68018290623, 1.23511276084, 1.09000076559, 1.08094251413, 1.0028431983, 1.114428453, 9.12665566775, 0.949938038109, 0.993696069374, 309.129773395, 1.15002897738, 5.01372031608, 1.2097043804, 2.39558455806, 1.29339547692, 317.331646098, 21.5735026763
2.08303867879, 1.12561347972, 0.743143873449, 0.86131357613, 5.91982723793, 0.931880377496, 2.37874298787, 0.951158489119, 0.941789580955, 4.8108256998, 4.05406415148, 1.00184299482, 3.47204326658, 1.27528622621, 1.09000047961, 1.00955222675, 1.0136026352, 1.03679804919, 6.56166248751, 1.04512710568, 0.779940556732, 89.8264444824, 1.17905881876, 3.02177962641, 1.22302976104, 4.31492400814, 1.28677313604, 316.931069078, 28.7519393892
3.46559237919, 1.01339516795, 0.7587913404, 1.0687458077, 6.40138306152, 0.794419942231, 5.90222713393, 1.09046209332, 0.987531982593, 1.50124994559, 3.0581072486, 0.950215975582, 4.8207713837, 1.14853087675, 1.09000010803, 1.10752222055, 1.03982768978, 0.849486778921, 8.83217099111, 1.1715753755, 0.821968039353, 242.119639141, 0.999316919283, 3.7885789169, 1.22035446606, 1.1698894518, 0.994142351016, 509.417595678, 16.6959290292
4.98097612057, 1.11298194494, 0.909792552025, 1.15237022796, 4.32329894973, 0.742271686886, 5.1326500487, 0.848749723942, 0.966530803776, 3.54729971085, 5.99273428354, 0.972357926551, 1.8967503751, 1.24512469627, 1.09000086861, 1.00686778917, 1.02777328913, 0.812167553028, 5.86593059762, 0.97492201879, 0.890660637998, 67.2636771679, 0.958093019056, 2.97967681401, 1.08152334398, 3.98059926844, 0.994277536502, 448.969375858, 18.4333484272
5.03775768707, 1.32002355141, 1.03340938031, 1.1700257408, 6.6556115671, 0.895933554938, 1.43220956209, 1.08264591224, 0.982282365603, 4.51703242269, 7.16562938256, 1.03166223234, 4.87292920019, 1.15695900677, 1.09000057871, 1.00847861255, 1.00822550178, 1.01157326676, 8.93532343437, 0.910200412294, 0.888499597199, 221.935143023, 1.05109102464, 1.3323943769, 1.02172164624, 2.33011357748, 1.22992211743, 431.768739709, 18.6826636789
2.5734164636, 1.27948467524, 1.07315605986, 1.20607157964, 5.5925328391, 0.973567599159, 4.08292538977, 0.846561322734, 0.958110570327, 3.14717173257, 4.55399780232, 1.01523949393, 3.80118993596, 0.971595241598, 1.09000028767, 1.01116982667, 1.04602703803, 0.954934593391, 9.81029613129, 0.917129315672, 0.97963285091, 172.908166587, 1.1679257371, 2.97331587064, 1.19591207577, 2.27768247852, 1.22317725702, 412.149764436, 18.8252468145
5.03775768707, 1.32002355141, 1.03340938031, 1.1700257408, 6.6556115671, 0.895933554938, 1.43220956209, 1.08264591224, 0.982282365603, 4.51703242269, 7.16562938256, 1.03166223234, 4.87292920019, 1.11764696953, 1.09000057871, 1.00847861255, 1.00822550178, 1.01157326676, 8.93532343437, 0.910200412294, 0.888499597199, 388.63847944, 1.05109102464, 1.3323943769, 1.02172164624, 2.33011357748, 1.24035519887, 381.717047642, 22.0935540407
2.94437848033, 1.27948467524, 1.07315605986, 0.973613934191, 4.73326874997, 0.926885685744, 5.07524325755, 1.07588057647, 0.9487901208, 4.14035944606, 2.18074365975, 0.856049897012, 1.72602160571, 1.20263648048, 1.09000055589, 1.01406232312, 1.00975537567, 1.18056650812, 7.98187573291, 1.18059569017, 0.9148150858, 141.910028677, 1.16931342214, 2.51175314114, 1.09259102702, 4.24275318577, 1.28891839681, 354.327429115, 22.5322793362
1.22370901512, 1.2283874114, 0.927371449358, 0.800685653565, 1.92438406151, 0.818123507392, 4.79143074552, 0.89460064875, 0.904590197232, 3.2303776771, 2.53259717138, 0.960588098316, 3.64407007417, 1.27905195442, 1.09000017311, 1.07306959426, 1.00002621489, 1.21795642907, 8.91378063128, 0.912929442501, 0.818804793154, 178.146043527, 0.952262946846, 1.5781317026, 0.960142761277, 4.24227065956, 1.27477750742, 339.332099509, 29.4595637831
5.06141197295, 1.0918987153, 1.0196861781, 1.10571320089, 3.23305716523, 0.816808391917, 1.11376932557, 0.899375869276, 0.991339652307, 2.05040027711, 3.80067613529, 0.853786540536, 4.8035650863, 1.14525430261, 1.09000046385, 1.09703423474, 1.03488390951, 1.05717357971, 4.13149264424, 1.16311974225, 0.856580652801, 126.855994038, 1.12267155796, 3.58841522044, 1.03887351213, 4.02685111468, 1.04801202815, 562.962593554, 17.9887484172
3.29911463512, 1.27948467524, 1.07315605986, 0.916472022465, 5.2364829806, 0.926885685744, 5.07524325755, 1.07588057647, 0.9487901208, 4.14035944606, 2.18074365975, 1.01930700303, 1.72602160571, 0.860024857149, 1.09000055589, 1.01058019163, 1.00975537567, 1.18056650812, 7.26734981995, 1.18304933115, 0.965498765705, 248.377125923, 1.16931342214, 2.51175314114, 1.10602087832, 4.23185667103, 1.28891839681, 586.988379165, 17.3916907255
2.96549132596, 1.00586216641, 0.773962778849, 1.17873115294, 2.1583992897, 0.874306320864, 5.50772928831, 0.985490106531, 0.965709789144, 5.35531195921, 2.07754865852, 0.981671153502, 4.48234743876, 0.882073334555, 1.09000029644, 1.02924508919, 1.0466714184, 1.01574352383, 4.24646235597, 1.13846714634, 0.824684746437, 205.644774634, 1.15402936417, 3.16063239144, 1.15909492732, 1.24386187254, 1.09788126107, 482.88283587, 19.5585618947
4.63217361252, 1.4296389966, 1.16024214942, 0.904156296656, 5.27147076579, 0.981725800274, 5.82408379655, 0.927794177503, 0.964138668068, 1.32573122721, 7.07171308518, 0.875755069049, 1.53054131238, 0.962006481421, 1.09000087715, 1.05711756822, 1.00684533465, 1.06809409428, 9.10633551198, 1.09897437669, 0.809756262409, 335.572688774, 1.04190944434, 5.78058440504, 1.08558446234, 3.21423548328, 0.92525869317, 480.715709995, 20.3951960524
3.59717435609, 1.19394869624, 0.853280050693, 0.833935767376, 6.6556115671, 0.987099993796, 4.21303654655, 0.95034571646, 0.979231975065, 6.12740816936, 1.8827421659, 0.953317208067, 4.08296395669, 1.19762149807, 1.09000023879, 1.05926506511, 1.01195609036, 0.931566860788, 9.10633551198, 1.03833815916, 0.99918007009, 60.2697930916, 1.0873362533, 2.55870805111, 0.961035305734, 1.71786188397, 1.1451926005, 394.166513478, 22.1255948545
2.11749789517, 1.0600395247, 0.904061955274, 1.17582081219, 3.31880679178, 0.873460492176, 1.79791930744, 0.942180050367, 0.933314837717, 2.7958011037, 3.98510723325, 1.0443622977, 1.08545460263, 0.877630550969, 1.09000025322, 1.09809402705, 1.01795788901, 1.09551745943, 8.26672933626, 0.976177652545, 0.796926561961, 328.698067482, 1.17214992513, 3.48750857641, 1.16424155616, 4.3409875898, 1.07797888513, 395.767262572, 22.1126293541
2.56027885663, 1.39649988243, 1.02228984305, 0.854905313614, 1.71371647496, 0.892312360738, 3.95740627265, 0.978391206506, 0.989711099738, 1.52621954807, 4.91808619328, 0.841430068403, 1.81962711845, 1.28292642759, 1.0900006467, 1.06862150708, 1.00920575624, 0.927976129648, 8.71770750731, 1.08943073114, 0.762102895171, 239.007855093, 0.930895957912, 5.32243118772, 1.05170266516, 3.92386021992, 1.27258641915, 381.118842422, 22.8903386029
3.1088499463, 1.21420268709, 1.08125007809, 0.871360772056, 6.65643417152, 0.715098249183, 2.07619124478, 1.01287463256, 0.936778340299, 3.47903362518, 2.02510854029, 0.998847830439, 4.18207224424, 1.12822502411, 1.09000041277, 1.02032832091, 1.04819306202, 1.19658634272, 7.76713342084, 0.943869750518, 0.944139906237, 288.368391342, 0.932556405094, 5.13252408176, 0.962867115231, 3.47054191714, 1.17508295153, 378.36319372, 29.7199151239
2.60477370198, 1.06396014833, 0.888859316406, 1.08890469729, 1.92925139161, 0.757510376684, 1.7754082303, 0.982035279959, 0.932780649447, 1.37070347559, 5.8146134921, 1.02088880371, 4.4950793766, 1.11764696953, 1.09000089783, 1.10237698383, 1.02340773244, 1.05351812229, 8.93532343437, 0.992425827352, 0.764981177312, 298.895287645, 0.98844548515, 5.07274261487, 1.11933024285, 1.63318433818, 1.26986042453, 377.35446754, 30.1744229093
4.14719539592, 1.19273950003, 0.820736425993, 1.05431404812, 1.69841840593, 0.742942290625, 3.06311644819, 0.84181882794, 0.989073930154, 1.33262238935, 3.00370618007, 0.888360397048, 3.19960152104, 1.00143141455, 1.09000081732, 1.00686778917, 1.03897124801, 1.14476911244, 6.30581891403, 1.17872313385, 0.959732433485, 157.063762561, 1.10401821584, 5.90009846434, 1.03196773181, 1.05324012613, 1.08644594229, 581.41357748, 18.0603455667
1.80933642778, 1.41268275078, 0.879842453679, 1.19166004436, 4.60048328666, 0.805438448566, 2.51258347264, 1.06135610484, 0.98293174716, 2.86094774977, 1.58723379667, 0.81305172326, 4.47127207567, 1.23511276084, 1.09000076559, 1.07770620296, 1.0028431983, 1.114428453, 9.12665566775, 0.949938038109, 0.993696069374, 309.129773395, 1.15002897738, 5.00050827499, 1.2097043804, 2.39558455806, 1.29339547692, 389.759696869, 29.2833287261
2.56591878741, 1.28528855227, 0.755609544278, 1.15025091633, 3.70008901205, 0.720023785751, 3.19672385211, 0.926663280172, 0.951234700687, 4.69740162493, 2.34984634166, 0.92779964569, 1.43598378945, 0.988541247569, 1.09000020152, 1.02040727005, 1.00995595311, 1.05717357971, 8.02399071329, 0.938402766436, 0.988548897768, 364.855724736, 1.03053323546, 5.22657800562, 1.2099060192, 5.4336199444, 0.988930450185, 487.919273364, 20.3758055655
3.59717435609, 1.19394869624, 1.08880431106, 0.833935767376, 6.6556115671, 0.763952336129, 4.21303654655, 0.95034571646, 0.979231975065, 5.81513993217, 1.8827421659, 0.953317208067, 4.08296395669, 1.19762149807, 1.0900008223, 1.05926506511, 1.01195609036, 0.931566860788, 9.10633551198, 1.03833815916, 0.99918007009, 60.2697930916, 1.0873362533, 2.55870805111, 0.977684563301, 1.71786188397, 1.1451926005, 416.576962831, 23.0370309093
2.56591878741, 1.28528855227, 0.755609544278, 1.15025091633, 3.70008901205, 0.720023785751, 3.19672385211, 0.849171954857, 0.951234700687, 4.69740162493, 1.91727706825, 0.92779964569, 1.43598378945, 0.988541247569, 1.09000020152, 1.02040727005, 1.00995595311, 1.05717357971, 8.02399071329, 0.938402766436, 0.988548897768, 353.177600064, 1.03053323546, 1.09252858176, 1.15265930273, 5.4597793899, 0.988930450185, 412.350212328, 24.1419552106
