1.0, 2.0, 2.0, 1.0, 0.0, 2.0, 0.0, -1.0, -1.0, 0.0, -1.0, 0.0, 2.0, -1.0, 0.0, 3.0, -1.0, 0.0, 1.0, 1.0, -1.0, 0.0, -1.0, 2.0, -1.0, -1.0, 0.0, 1.0, -1.0, 3.0, 3.0, 0.0, 2.0, 2.0, -1.0, -1.0, -1.0, -1.0, 1.0, 3.0, 3.0, -1.0, 1.0, 2.0, 1.0, -1.0, 3.0, 0.0, 3.0, 0.0, 96723.0, 505.0
1.0, 2.0, 2.0, 1.0, 0.0, 2.0, 0.0, -1.0, -1.0, 0.0, -1.0, 0.0, 2.0, -1.0, 0.0, 3.0, -1.0, 0.0, 1.0, 1.0, -1.0, 0.0, -1.0, 2.0, -1.0, -1.0, 0.0, -1.0, -1.0, 3.0, 2.0, 0.0, 2.0, 2.0, -1.0, -1.0, -1.0, -1.0, 1.0, 3.0, 3.0, -1.0, 1.0, 2.0, 1.0, -1.0, 3.0, 0.0, 3.0, 0.0, 96858.0, 486.0
1.0, 2.0, 2.0, 1.0, 0.0, 2.0, 0.0, -1.0, -1.0, 0.0, -1.0, 0.0, 2.0, -1.0, 0.0, 3.0, -1.0, 0.0, 1.0, 1.0, -1.0, 0.0, -1.0, 2.0, -1.0, -1.0, 0.0, -1.0, -1.0, 3.0, 2.0, 0.0, 2.0, 2.0, -1.0, -1.0, -1.0, -1.0, 1.0, 3.0, 3.0, -1.0, 1.0, 2.0, 1.0, -1.0, 3.0, 0.0, 3.0, 0.0, 96858.0, 486.0
1.0, 2.0, 2.0, 1.0, 0.0, 2.0, 0.0, -1.0, -1.0, 0.0, -1.0, 0.0, 2.0, -1.0, 0.0, 3.0, -1.0, 0.0, 1.0, 1.0, -1.0, 0.0, -1.0, 2.0, -1.0, -1.0, 0.0, 1.0, -1.0, 3.0, 3.0, 0.0, 2.0, 2.0, -1.0, -1.0, -1.0, -1.0, 1.0, 3.0, 3.0, -1.0, 1.0, 2.0, 1.0, -1.0, 3.0, 0.0, 3.0, 0.0, 96723.0, 505.0
1.0, 2.0, 2.0, 1.0, 0.0, 2.0, 0.0, -1.0, -1.0, 0.0, -1.0, 0.0, 2.0, -1.0, 0.0, 3.0, -1.0, 0.0, 1.0, 1.0, -1.0, 0.0, -1.0, 2.0, -1.0, -1.0, 0.0, -1.0, -1.0, 3.0, 2.0, 0.0, 2.0, 2.0, -1.0, -1.0, -1.0, -1.0, 1.0, 3.0, 3.0, -1.0, 1.0, 2.0, 1.0, -1.0, 3.0, 0.0, 3.0, 0.0, 96858.0, 486.0
1.0, 2.0, 2.0, 1.0, 0.0, 2.0, 0.0, -1.0, -1.0, 0.0, -1.0, 0.0, 2.0, -1.0, 0.0, 3.0, -1.0, 0.0, 1.0, 1.0, -1.0, 0.0, -1.0, 2.0, -1.0, -1.0, 0.0, -1.0, -1.0, 3.0, 2.0, 0.0, 2.0, 2.0, -1.0, -1.0, -1.0, -1.0, 1.0, 3.0, 3.0, -1.0, 1.0, 2.0, 1.0, -1.0, 3.0, 0.0, 3.0, 0.0, 96858.0, 486.0
1.0, 0.0, -1.0, 0.0, -1.0, 2.0, -1.0, 1.0, 3.0, 1.0, 2.0, 0.0, 2.0, 1.0, 3.0, 0.0, -1.0, 1.0, 0.0, 2.0, 2.0, 2.0, -1.0, -1.0, 1.0, -1.0, 2.0, -1.0, 0.0, 0.0, 2.0, 3.0, 2.0, -1.0, 1.0, -1.0, 3.0, -1.0, 0.0, 1.0, 1.0, -1.0, -1.0, 1.0, -1.0, 3.0, 0.0, 3.0, 0.0, -1.0, 96620.0, 511.0
2.0, 0.0, -1.0, 3.0, -1.0, 2.0, 1.0, 0.0, -1.0, 0.0, 1.0, 3.0, 0.0, 1.0, 2.0, 3.0, 3.0, 1.0, 0.0, 2.0, 2.0, -1.0, 0.0, -1.0, 1.0, -1.0, 1.0, 0.0, 1.0, -1.0, -1.0, 2.0, -1.0, 3.0, 2.0, 2.0, 0.0, 3.0, 3.0, 0.0, 2.0, -1.0, -1.0, -1.0, -1.0, 2.0, 3.0, 1.0, 1.0, 0.0, 96244.0, 549.0
2.0, 0.0, -1.0, -1.0, -1.0, 2.0, 1.0, 0.0, -1.0, 0.0, 1.0, 0.0, 0.0, 1.0, 2.0, 3.0, 3.0, 1.0, 0.0, 0.0, 2.0, -1.0, 0.0, -1.0, 1.0, -1.0, 1.0, 2.0, 1.0, -1.0, 1.0, 2.0, -1.0, 3.0, 2.0, 2.0, 0.0, 3.0, 3.0, 0.0, 2.0, -1.0, -1.0, -1.0, -1.0, 2.0, 3.0, 1.0, 1.0, 0.0, 96193.0, 555.0
2.0, 0.0, -1.0, 3.0, -1.0, 2.0, 1.0, 0.0, -1.0, 0.0, 1.0, 3.0, 0.0, 1.0, 2.0, 3.0, 3.0, 1.0, 0.0, 2.0, 2.0, -1.0, 0.0, -1.0, 1.0, -1.0, 1.0, 0.0, 1.0, -1.0, 1.0, 2.0, -1.0, 3.0, 2.0, 2.0, 0.0, 3.0, 3.0, 0.0, 2.0, -1.0, -1.0, -1.0, -1.0, 2.0, 3.0, 1.0, 0.0, 0.0, 96164.0, 566.0
