-1.0, 1.0, 0.0, 2.0, 1.0, -1.0, 2.0, 1.0, 2.0, -1.0, -1.0, 0.0, -1.0, 2.0, 0.0, 2.0, 2.0, 2.0, 1.0, 2.0, 1.0, 0.0, 1.0, 3.0, -1.0, 2.0, 3.0, 3.0, 0.0, -1.0, 0.0, -1.0, 0.0, 3.0, 0.0, -1.0, 2.0, 3.0, -1.0, 1.0, 3.0, 1.0, 0.0, 1.0, 1.0, 1.0, -1.0, -1.0, 0.0, 0.0, 95402.0, 542.0
3.0, 3.0, 2.0, -1.0, -1.0, -1.0, 2.0, 2.0, -1.0, 1.0, -1.0, 1.0, -1.0, 1.0, -1.0, -1.0, -1.0, -1.0, -1.0, -1.0, 0.0, -1.0, 1.0, -1.0, -1.0, 3.0, 3.0, -1.0, 2.0, 2.0, -1.0, 2.0, 0.0, 0.0, -1.0, -1.0, 0.0, 2.0, -1.0, 1.0, 0.0, 0.0, -1.0, 0.0, 0.0, 2.0, 0.0, 0.0, 1.0, 0.0, 96519.0, 402.0
1.0, 2.0, 0.0, 2.0, 0.0, 3.0, -1.0, 2.0, -1.0, 3.0, 0.0, 2.0, -1.0, 0.0, -1.0, -1.0, -1.0, 1.0, -1.0, 1.0, 1.0, 0.0, 1.0, 2.0, -1.0, 1.0, 0.0, 2.0, 2.0, -1.0, -1.0, -1.0, -1.0, 1.0, 1.0, 3.0, 3.0, 3.0, 3.0, 0.0, 1.0, -1.0, -1.0, -1.0, -1.0, 1.0, 0.0, 0.0, 0.0, -1.0, 96061.0, 458.0
2.0, -1.0, 2.0, 1.0, 3.0, 0.0, 3.0, 3.0, -1.0, -1.0, 0.0, -1.0, 2.0, 1.0, -1.0, -1.0, 1.0, -1.0, 0.0, 0.0, 2.0, 2.0, 0.0, 2.0, 1.0, 0.0, -1.0, -1.0, 1.0, 1.0, 2.0, 1.0, 1.0, 3.0, 0.0, 2.0, -1.0, 3.0, 0.0, 3.0, 1.0, 0.0, 1.0, 3.0, -1.0, 0.0, -1.0, -1.0, 2.0, 1.0, 95592.0, 518.0
-1.0, 1.0, 0.0, 2.0, 1.0, -1.0, 2.0, 1.0, 2.0, -1.0, -1.0, 0.0, -1.0, 2.0, 0.0, 2.0, 2.0, 2.0, 1.0, 2.0, 1.0, 0.0, 1.0, 3.0, -1.0, 2.0, 3.0, 3.0, 0.0, -1.0, 0.0, -1.0, 0.0, 3.0, 0.0, -1.0, 2.0, 3.0, -1.0, 1.0, 3.0, 1.0, 0.0, 1.0, 1.0, 1.0, -1.0, -1.0, 0.0, 0.0, 95402.0, 542.0
3.0, 3.0, 2.0, -1.0, -1.0, -1.0, 2.0, 2.0, -1.0, 1.0, -1.0, 1.0, -1.0, 1.0, -1.0, -1.0, -1.0, -1.0, -1.0, -1.0, 0.0, -1.0, 1.0, -1.0, -1.0, 3.0, 3.0, -1.0, 2.0, 2.0, -1.0, 2.0, 0.0, 0.0, -1.0, -1.0, 0.0, 2.0, -1.0, 1.0, 0.0, 0.0, -1.0, 0.0, 0.0, 2.0, 0.0, 0.0, 1.0, 0.0, 96519.0, 402.0
2.0, 1.0, 0.0, -1.0, 2.0, 2.0, 3.0, -1.0, 0.0, 2.0, 0.0, -1.0, 2.0, -1.0, 3.0, 0.0, 2.0, 2.0, -1.0, 2.0, 1.0, 3.0, 0.0, -1.0, 1.0, -1.0, -1.0, 0.0, 1.0, -1.0, 1.0, -1.0, -1.0, 1.0, 3.0, 0.0, 3.0, 0.0, 0.0, 1.0, 0.0, 1.0, 1.0, -1.0, 3.0, 2.0, 2.0, -1.0, 1.0, 0.0, 95699.0, 516.0
3.0, 3.0, 2.0, 3.0, -1.0, -1.0, 2.0, 2.0, 3.0, 1.0, -1.0, 1.0, -1.0, 1.0, -1.0, -1.0, -1.0, -1.0, -1.0, -1.0, 0.0, -1.0, 1.0, -1.0, -1.0, 3.0, 3.0, -1.0, 2.0, 1.0, -1.0, 2.0, 0.0, 0.0, -1.0, -1.0, 0.0, 2.0, -1.0, 1.0, 0.0, 0.0, 0.0, 0.0, -1.0, 2.0, 0.0, 0.0, 1.0, 0.0, 96421.0, 437.0
3.0, 3.0, 2.0, 3.0, -1.0, -1.0, 2.0, 2.0, 3.0, 1.0, -1.0, 1.0, -1.0, 1.0, -1.0, -1.0, -1.0, -1.0, -1.0, -1.0, 0.0, -1.0, 1.0, -1.0, -1.0, 3.0, 3.0, -1.0, 2.0, 1.0, -1.0, 2.0, 0.0, 0.0, -1.0, -1.0, 0.0, 2.0, -1.0, 1.0, 0.0, 0.0, 0.0, 0.0, -1.0, 2.0, 0.0, 0.0, 1.0, 0.0, 96421.0, 437.0
3.0, 3.0, 2.0, 3.0, -1.0, -1.0, 2.0, 2.0, 3.0, 1.0, -1.0, 1.0, -1.0, 1.0, -1.0, -1.0, -1.0, -1.0, -1.0, -1.0, 0.0, -1.0, 1.0, -1.0, -1.0, 3.0, 3.0, -1.0, 2.0, 1.0, -1.0, 2.0, 0.0, 0.0, -1.0, -1.0, 0.0, 2.0, -1.0, 1.0, 0.0, 0.0, 0.0, 0.0, -1.0, 2.0, 0.0, 0.0, 1.0, 0.0, 96421.0, 437.0
3.0, 3.0, 2.0, 3.0, -1.0, -1.0, 2.0, 2.0, 3.0, 1.0, -1.0, 1.0, -1.0, 1.0, 3.0, -1.0, -1.0, -1.0, -1.0, -1.0, 0.0, -1.0, 1.0, -1.0, -1.0, 3.0, 3.0, -1.0, 2.0, 2.0, -1.0, 2.0, 0.0, 0.0, -1.0, -1.0, 0.0, 2.0, -1.0, 1.0, 0.0, 0.0, 0.0, 0.0, -1.0, 2.0, 0.0, 0.0, 1.0, 0.0, 96411.0, 451.0
2.0, -1.0, 2.0, 1.0, 3.0, 3.0, 3.0, 3.0, -1.0, -1.0, 0.0, -1.0, 2.0, 1.0, -1.0, -1.0, 1.0, -1.0, 0.0, 0.0, 2.0, 2.0, 0.0, 2.0, 1.0, 0.0, -1.0, -1.0, 1.0, 1.0, 2.0, 1.0, 1.0, 3.0, 0.0, 2.0, -1.0, 3.0, 0.0, 3.0, 1.0, 0.0, 1.0, 3.0, -1.0, 0.0, -1.0, -1.0, 2.0, 1.0, 95652.0, 518.0
-1.0, 1.0, -1.0, 0.0, 1.0, 2.0, 2.0, 0.0, -1.0, 3.0, 0.0, 2.0, -1.0, 0.0, -1.0, 2.0, 2.0, 1.0, 2.0, -1.0, 0.0, -1.0, 1.0, -1.0, 3.0, 1.0, 0.0, 3.0, 3.0, -1.0, 0.0, -1.0, -1.0, 2.0, 2.0, 1.0, 1.0, 1.0, 0.0, 2.0, 0.0, -1.0, -1.0, 1.0, 0.0, 1.0, 1.0, 1.0, 3.0, 2.0, 95612.0, 519.0
-1.0, 1.0, -1.0, 0.0, 1.0, 2.0, 2.0, 0.0, -1.0, 3.0, 0.0, 2.0, -1.0, 0.0, -1.0, 2.0, 2.0, 1.0, 2.0, -1.0, 0.0, -1.0, 1.0, -1.0, 3.0, 1.0, 0.0, 3.0, 3.0, -1.0, 0.0, -1.0, -1.0, 2.0, 2.0, 1.0, 1.0, 1.0, 0.0, 2.0, 0.0, -1.0, -1.0, 1.0, 0.0, 1.0, 1.0, 1.0, 3.0, 2.0, 95612.0, 519.0
3.0, 3.0, 2.0, 3.0, -1.0, -1.0, 2.0, 2.0, 3.0, 1.0, -1.0, 1.0, -1.0, 1.0, -1.0, -1.0, -1.0, -1.0, -1.0, -1.0, 0.0, -1.0, 1.0, -1.0, -1.0, 3.0, 3.0, -1.0, 2.0, 2.0, -1.0, 2.0, 0.0, 0.0, -1.0, -1.0, 0.0, 2.0, -1.0, 1.0, 0.0, 0.0, 0.0, 0.0, -1.0, 2.0, 0.0, 0.0, 1.0, 0.0, 96446.0, 437.0
3.0, 3.0, 2.0, 3.0, -1.0, -1.0, 2.0, 2.0, 3.0, 1.0, -1.0, 1.0, -1.0, 1.0, -1.0, -1.0, -1.0, -1.0, -1.0, -1.0, 0.0, -1.0, 1.0, -1.0, -1.0, 3.0, 3.0, -1.0, 2.0, 2.0, -1.0, 2.0, 0.0, 0.0, -1.0, -1.0, 0.0, 2.0, -1.0, 1.0, 0.0, 0.0, 0.0, 0.0, -1.0, 2.0, 0.0, 0.0, 1.0, 0.0, 96446.0, 437.0
3.0, 3.0, 2.0, 3.0, -1.0, -1.0, 2.0, 2.0, 3.0, 1.0, -1.0, 1.0, -1.0, 1.0, -1.0, -1.0, -1.0, -1.0, -1.0, -1.0, 0.0, -1.0, 1.0, -1.0, -1.0, 3.0, 3.0, -1.0, 2.0, 2.0, -1.0, 2.0, 0.0, 0.0, -1.0, -1.0, 0.0, 2.0, -1.0, 1.0, 0.0, 0.0, 0.0, 0.0, -1.0, 2.0, 0.0, 0.0, 1.0, 0.0, 96446.0, 437.0
1.0, 2.0, 0.0, 2.0, 0.0, 1.0, -1.0, 2.0, -1.0, 3.0, 0.0, 2.0, -1.0, 0.0, -1.0, 2.0, -1.0, 1.0, -1.0, 1.0, 1.0, 0.0, 1.0, 2.0, -1.0, 1.0, 0.0, 2.0, 2.0, -1.0, -1.0, -1.0, -1.0, 1.0, 1.0, 3.0, 3.0, 3.0, 3.0, 0.0, 1.0, -1.0, -1.0, -1.0, -1.0, 1.0, 0.0, 0.0, 0.0, -1.0, 95960.0, 477.0
-1.0, 1.0, 0.0, -1.0, 1.0, -1.0, 2.0, 1.0, 2.0, -1.0, -1.0, 0.0, -1.0, 2.0, 0.0, 2.0, 2.0, 2.0, 1.0, 2.0, 1.0, 0.0, 1.0, 3.0, -1.0, 2.0, 3.0, 3.0, 0.0, -1.0, 0.0, -1.0, 0.0, 3.0, 0.0, -1.0, 2.0, 3.0, -1.0, 1.0, 3.0, 1.0, 0.0, 1.0, 1.0, 1.0, -1.0, -1.0, 0.0, 0.0, 95521.0, 524.0
3.0, 3.0, 2.0, -1.0, -1.0, -1.0, 2.0, 2.0, 3.0, 1.0, -1.0, 1.0, -1.0, 1.0, -1.0, -1.0, -1.0, -1.0, -1.0, -1.0, 0.0, -1.0, 1.0, -1.0, -1.0, 3.0, 3.0, -1.0, 2.0, 2.0, -1.0, 2.0, 0.0, 0.0, -1.0, -1.0, 0.0, 2.0, -1.0, 1.0, 0.0, 0.0, 0.0, 0.0, -1.0, 2.0, 0.0, 0.0, 1.0, 0.0, 96525.0, 419.0
3.0, 3.0, 2.0, -1.0, -1.0, -1.0, 2.0, 2.0, 3.0, 1.0, -1.0, 1.0, -1.0, 1.0, -1.0, -1.0, -1.0, -1.0, -1.0, -1.0, 0.0, -1.0, 1.0, -1.0, -1.0, 3.0, 3.0, -1.0, 2.0, 2.0, -1.0, 2.0, 0.0, 0.0, -1.0, -1.0, 0.0, 2.0, -1.0, 1.0, 0.0, 0.0, 0.0, 0.0, -1.0, 2.0, 0.0, 0.0, 1.0, 0.0, 96525.0, 419.0
3.0, 3.0, 2.0, -1.0, -1.0, -1.0, 2.0, 2.0, -1.0, 1.0, -1.0, 1.0, -1.0, 1.0, -1.0, -1.0, -1.0, -1.0, -1.0, -1.0, 0.0, -1.0, 1.0, -1.0, -1.0, 3.0, 3.0, -1.0, 2.0, 2.0, -1.0, 2.0, 0.0, 0.0, -1.0, -1.0, 0.0, 2.0, -1.0, 1.0, 0.0, 0.0, 0.0, 0.0, -1.0, 2.0, 0.0, 0.0, 1.0, 0.0, 96576.0, 405.0
3.0, 3.0, 2.0, -1.0, -1.0, -1.0, 2.0, 2.0, 3.0, 1.0, -1.0, 1.0, -1.0, 1.0, -1.0, -1.0, -1.0, -1.0, -1.0, -1.0, 0.0, -1.0, 1.0, -1.0, -1.0, 3.0, 3.0, -1.0, 2.0, 2.0, -1.0, 2.0, 0.0, 0.0, -1.0, -1.0, 0.0, 2.0, -1.0, 1.0, 0.0, 0.0, 0.0, 0.0, -1.0, 2.0, 0.0, 0.0, 1.0, 0.0, 96525.0, 419.0
3.0, 3.0, 2.0, -1.0, -1.0, -1.0, 2.0, 2.0, 3.0, 1.0, -1.0, 1.0, -1.0, 1.0, -1.0, -1.0, -1.0, -1.0, -1.0, -1.0, 0.0, -1.0, 1.0, -1.0, -1.0, 3.0, 3.0, -1.0, 2.0, 2.0, -1.0, 2.0, 0.0, 0.0, -1.0, -1.0, 0.0, 2.0, -1.0, 1.0, 0.0, 0.0, 0.0, 0.0, -1.0, 2.0, 0.0, 0.0, 1.0, 0.0, 96525.0, 419.0
3.0, 3.0, 2.0, -1.0, -1.0, -1.0, 2.0, 2.0, 3.0, 1.0, -1.0, 1.0, -1.0, 1.0, -1.0, -1.0, -1.0, -1.0, -1.0, -1.0, 0.0, -1.0, 1.0, -1.0, -1.0, 3.0, 3.0, -1.0, 2.0, 2.0, -1.0, 2.0, 0.0, 0.0, -1.0, -1.0, 0.0, 2.0, -1.0, 1.0, 0.0, 0.0, 0.0, 0.0, -1.0, 2.0, 0.0, 0.0, 1.0, 0.0, 96525.0, 419.0
3.0, 3.0, 2.0, -1.0, -1.0, -1.0, 2.0, 2.0, 3.0, 1.0, -1.0, 1.0, -1.0, 1.0, -1.0, -1.0, -1.0, -1.0, -1.0, -1.0, 0.0, -1.0, 1.0, -1.0, -1.0, 3.0, 3.0, -1.0, 2.0, 2.0, -1.0, 2.0, 0.0, 0.0, -1.0, -1.0, 0.0, 2.0, -1.0, 1.0, 0.0, 0.0, 0.0, 0.0, -1.0, 2.0, 0.0, 0.0, 1.0, 0.0, 96525.0, 419.0
3.0, 3.0, 2.0, -1.0, -1.0, -1.0, 2.0, 2.0, -1.0, 1.0, -1.0, 1.0, -1.0, 1.0, -1.0, -1.0, -1.0, -1.0, -1.0, -1.0, 0.0, -1.0, 1.0, -1.0, -1.0, 3.0, 3.0, -1.0, 2.0, 2.0, -1.0, 2.0, 0.0, 0.0, -1.0, -1.0, 0.0, 2.0, -1.0, 1.0, 0.0, 0.0, 0.0, 0.0, -1.0, 2.0, 0.0, 0.0, 1.0, 0.0, 96576.0, 405.0
3.0, 3.0, 2.0, -1.0, -1.0, -1.0, 2.0, 2.0, 3.0, 1.0, -1.0, 1.0, -1.0, 1.0, -1.0, -1.0, -1.0, -1.0, -1.0, -1.0, 0.0, -1.0, 1.0, -1.0, -1.0, 3.0, 3.0, -1.0, 2.0, 2.0, -1.0, 2.0, 0.0, 0.0, -1.0, -1.0, 0.0, 2.0, -1.0, 1.0, 0.0, 0.0, 0.0, 0.0, -1.0, 2.0, 0.0, 0.0, 1.0, 0.0, 96525.0, 419.0
3.0, 3.0, 2.0, -1.0, -1.0, -1.0, 2.0, 2.0, 3.0, 1.0, -1.0, 1.0, -1.0, 1.0, -1.0, -1.0, -1.0, -1.0, -1.0, -1.0, 0.0, -1.0, 1.0, -1.0, -1.0, 3.0, 3.0, -1.0, 2.0, 2.0, -1.0, 2.0, 0.0, 0.0, -1.0, -1.0, 0.0, 2.0, -1.0, 1.0, 0.0, 0.0, 0.0, 0.0, -1.0, 2.0, 0.0, 0.0, 1.0, 0.0, 96525.0, 419.0
2.0, 1.0, 0.0, -1.0, 2.0, 2.0, 3.0, -1.0, 0.0, 2.0, 0.0, -1.0, 2.0, -1.0, 3.0, 0.0, 2.0, 2.0, -1.0, 2.0, 1.0, 3.0, 1.0, -1.0, 1.0, -1.0, -1.0, 0.0, 1.0, -1.0, 1.0, -1.0, -1.0, 1.0, 3.0, -1.0, 3.0, 0.0, 0.0, 1.0, 0.0, 1.0, 1.0, -1.0, 3.0, 2.0, 2.0, 0.0, 1.0, 0.0, 95620.0, 520.0
2.0, 1.0, 0.0, -1.0, 2.0, 2.0, 3.0, -1.0, 0.0, 2.0, 0.0, -1.0, 2.0, -1.0, 3.0, 0.0, 2.0, 2.0, -1.0, 2.0, 1.0, 3.0, 1.0, -1.0, 1.0, -1.0, -1.0, 0.0, 1.0, -1.0, 1.0, -1.0, -1.0, 1.0, 3.0, -1.0, 3.0, 0.0, 0.0, 1.0, 0.0, 1.0, 1.0, -1.0, 3.0, 2.0, 2.0, 0.0, 1.0, 0.0, 95620.0, 520.0
2.0, -1.0, 2.0, 1.0, 3.0, 3.0, 3.0, 3.0, -1.0, -1.0, 0.0, -1.0, 2.0, 1.0, -1.0, -1.0, 1.0, -1.0, 0.0, 0.0, 2.0, 2.0, 0.0, 2.0, 1.0, 0.0, -1.0, -1.0, 1.0, 2.0, 2.0, 1.0, 1.0, 3.0, 0.0, 2.0, -1.0, 3.0, 0.0, 3.0, 1.0, 0.0, 1.0, 3.0, -1.0, 0.0, -1.0, -1.0, 2.0, 1.0, 95677.0, 518.0
2.0, -1.0, 2.0, 1.0, 3.0, 3.0, 3.0, 3.0, -1.0, -1.0, 0.0, -1.0, 2.0, 1.0, -1.0, -1.0, 1.0, -1.0, 0.0, 0.0, 2.0, 2.0, 0.0, 2.0, 1.0, 0.0, -1.0, -1.0, 1.0, 2.0, 2.0, 1.0, 1.0, 3.0, 0.0, 2.0, -1.0, 3.0, 0.0, 3.0, 1.0, 0.0, 1.0, 3.0, -1.0, 0.0, -1.0, -1.0, 2.0, 1.0, 95677.0, 518.0
1.0, 2.0, 0.0, -1.0, 0.0, 1.0, 1.0, 0.0, 0.0, 2.0, 3.0, 1.0, -1.0, 2.0, 3.0, -1.0, 0.0, 3.0, -1.0, 3.0, 0.0, 0.0, 1.0, -1.0, -1.0, 0.0, 1.0, -1.0, 1.0, 3.0, -1.0, 2.0, 2.0, 2.0, -1.0, 1.0, -1.0, 2.0, -1.0, 0.0, 0.0, 1.0, 3.0, 1.0, 0.0, 2.0, -1.0, 2.0, -1.0, 1.0, 95677.0, 518.0
2.0, -1.0, 2.0, 1.0, 3.0, 3.0, 3.0, 3.0, -1.0, -1.0, 0.0, -1.0, 2.0, 1.0, -1.0, -1.0, 1.0, -1.0, 0.0, 0.0, 2.0, 2.0, 0.0, 2.0, 1.0, 0.0, -1.0, -1.0, 1.0, 2.0, 2.0, 1.0, 1.0, 3.0, 0.0, 2.0, -1.0, 3.0, 0.0, 3.0, 1.0, 0.0, 1.0, 3.0, -1.0, 0.0, -1.0, -1.0, 2.0, 1.0, 95677.0, 518.0
2.0, -1.0, 2.0, 1.0, 3.0, 3.0, 3.0, 3.0, -1.0, -1.0, 0.0, -1.0, 2.0, 1.0, -1.0, -1.0, 1.0, -1.0, 0.0, 0.0, 2.0, 2.0, 0.0, 2.0, 1.0, 0.0, -1.0, -1.0, 1.0, 2.0, 2.0, 1.0, 1.0, 3.0, 0.0, 2.0, -1.0, 3.0, 0.0, 3.0, 1.0, 0.0, 1.0, 3.0, -1.0, 0.0, -1.0, -1.0, 2.0, 1.0, 95677.0, 518.0
1.0, 2.0, 0.0, -1.0, 0.0, 1.0, 1.0, 0.0, 0.0, 2.0, 3.0, 1.0, -1.0, 2.0, 3.0, -1.0, 0.0, 3.0, -1.0, 3.0, 0.0, 0.0, 1.0, -1.0, -1.0, 0.0, 1.0, -1.0, 1.0, 3.0, -1.0, 2.0, 2.0, 2.0, -1.0, 1.0, -1.0, 2.0, -1.0, 0.0, 0.0, 1.0, 3.0, 1.0, 0.0, 2.0, -1.0, 2.0, -1.0, 1.0, 95677.0, 518.0
