2.90158577071, 1.0172686767, 1.38702551745, 1.00000087824, 5.67860281785, 1.18789736321, 3.94685833813, 1.26000093524, 1.0000002174, 6.05943236789, 3.8069616736, 1.05369890494, 3.53925699861, 1.03232932611, 1.06350594467, 1.4104076384, 1.08974920792, 0.919199477294, 4.63540487896, 1.00000078676, 1.0000006384, 115.850007383, 1.04968623538, 4.48081357106, 0.965195539641, 3.63853489227, 0.870000973341, 11.5950482962, 7.70600949917
2.05660568781, 1.33675578832, 1.54385375733, 1.00000045511, 6.89351159194, 1.11323951852, 4.22448391697, 1.2600007691, 1.00000018306, 6.17672737296, 3.90113187397, 1.03660910138, 3.12748491348, 1.0583857725, 1.07550041613, 1.26042448253, 1.09184624531, 1.04998828068, 7.00429569274, 1.00000060723, 1.00000031857, 88.6731128676, 0.929506514915, 1.05646909734, 1.06701504185, 3.5187761026, 0.870000918992, 13.1431811375, 10.9247702725
2.07431366571, 1.13256161805, 1.46781885727, 1.00000003586, 6.32145437419, 1.05402609744, 3.06330429225, 1.26000069458, 1.00000082885, 5.6703715678, 6.36521022037, 1.00201263197, 3.16686661955, 1.00152441075, 1.00674459742, 1.02698701556, 1.06650836984, 1.02380859598, 9.18680605062, 1.00000022333, 1.00000028931, 100.041972176, 1.08899582918, 4.35024295124, 1.05119932748, 4.34626611101, 0.870000058137, 54.5991775043, 10.6250408079
3.83036870114, 1.02597409644, 1.38252001543, 1.0000001917, 5.61140031896, 1.15564953733, 1.41606342961, 1.26000067279, 1.00000048331, 5.76323401456, 5.99220274743, 1.03906085719, 1.44446516374, 1.0706015534, 1.00533636562, 1.58129339601, 1.03872243824, 0.972309985885, 3.68106315963, 1.00000057561, 1.00000029653, 94.4371594913, 0.973005646349, 2.81781589571, 1.02903954336, 3.40690293185, 0.87000000111, 55.0170824821, 8.64539575512
1.56844020695, 1.22590472914, 1.35669132185, 1.00000032175, 6.02418631586, 1.07458085576, 5.96469563514, 1.26000062214, 1.0000003626, 5.27720039638, 7.16645600648, 1.00246372453, 2.16156603759, 1.09699909729, 1.05933310224, 1.48658305173, 1.06753670253, 1.0670896104, 9.28869126537, 1.00000089309, 1.00000011945, 80.0206478191, 0.997238745298, 3.80628915433, 1.00960290073, 4.29479101265, 0.870000632944, 48.8348224193, 11.9889761087
2.05660568781, 1.33675578832, 1.54385375733, 1.00000045511, 6.89351159194, 1.11323951852, 1.24301677573, 1.2600007691, 1.00000018306, 5.42048166607, 3.90113187397, 1.0563610459, 2.22911690285, 1.0583857725, 1.07550041613, 1.26042448253, 1.13397988953, 1.04998828068, 8.33019400209, 1.00000094613, 1.00000045206, 113.429198158, 0.995796126841, 2.60999418768, 1.06701504185, 3.5187761026, 0.870000918992, 18.3030199682, 12.1662159483
1.86765679468, 1.07744900451, 1.68312802282, 1.00000088443, 4.60835243536, 1.08393924105, 3.46940202136, 1.26000076627, 1.00000047858, 5.23411980846, 3.45773415727, 1.03797087141, 1.67150700698, 1.07189846594, 1.01909867058, 1.37910204091, 1.09014043589, 0.955530221049, 8.15044254875, 1.00000056298, 1.00000009895, 111.490669909, 0.985378436291, 1.92877501514, 1.04941613504, 3.66530272797, 0.870000505658, 55.8595619774, 8.78651109976
2.74824798917, 1.35315617152, 1.50373869258, 1.0000000517, 5.63719021108, 1.16362928597, 1.53133031427, 1.26000074513, 1.00000019709, 5.33575312055, 5.82094697763, 1.05702881795, 1.354743544, 1.03818240785, 1.01654609533, 1.29087354936, 1.06473796047, 0.949229298995, 8.33019400209, 1.00000095119, 1.00000050367, 117.974978685, 1.02370172955, 3.87716570468, 1.05256683924, 4.12072504764, 0.870000042198, 55.7179357687, 8.96961967425
2.74824798917, 1.39361477154, 1.50373869258, 1.00000067786, 5.63719021108, 1.1898632287, 1.53133031427, 1.26000074513, 1.00000019709, 5.59468925467, 5.19027588504, 1.06081288967, 2.43048924434, 1.03818240785, 1.01577514981, 1.29087354936, 1.06473796047, 0.949229298995, 4.74109931637, 1.00000095119, 1.00000063289, 117.671323457, 1.06567603828, 4.96712289464, 1.06025499185, 3.39093003655, 0.870000114745, 50.1754212888, 12.1966438198
2.17859339903, 1.21103531425, 1.4588134593, 1.00000001018, 4.50347322375, 1.05869366916, 3.84318114876, 1.2600004825, 1.00000025347, 6.15622087053, 3.68038514096, 1.03885795034, 3.85642308948, 1.0067738125, 1.06808952441, 1.22450345033, 1.10401795294, 0.969359557973, 7.64809181738, 1.00000094833, 1.00000021144, 89.0054901133, 0.967061501588, 5.39347865495, 1.0270706663, 3.50439362945, 0.870000950083, 26.6712029966, 13.9792753791
3.2875386227, 1.42277860627, 1.54024505388, 1.00000069017, 5.11912254683, 1.08223248164, 3.2501400064, 1.26000095098, 1.00000096507, 5.49393441616, 5.73602701821, 1.09915338852, 3.55582658647, 1.10715757609, 1.00179897782, 1.07712105926, 1.16854769846, 1.01442421936, 4.56294490658, 1.0000002265, 1.00000047638, 104.03526291, 1.01814565828, 2.7641333017, 0.982907658308, 3.79003021087, 0.870000217516, 59.3124825866, 10.4067683904
1.56844020695, 1.38104649604, 1.35669132185, 1.00000032175, 6.02418631586, 1.07458085576, 5.96469563514, 1.26000057609, 1.00000019207, 5.62043234429, 7.16645600648, 1.00998459784, 3.76582307045, 1.09699909729, 1.05933310224, 1.48658305173, 1.06753670253, 1.05607594868, 3.35009082538, 1.00000089309, 1.00000011945, 80.0206478191, 0.997238745298, 3.80628915433, 1.00960290073, 4.26744432673, 0.870000632944, 80.740005876, 9.7985252097
2.52576856916, 1.14155260075, 1.47159713356, 1.00000066797, 6.03608084869, 1.12009444687, 4.50756371902, 1.26000099802, 1.00000082754, 5.49166758003, 6.15867333722, 1.08178433297, 3.15428326527, 1.11721492054, 1.00397841066, 1.51035210129, 1.00953620117, 1.09225861807, 8.50208203154, 1.00000043082, 1.00000066757, 84.6394244788, 1.02231581394, 1.63624504151, 0.990703727435, 3.95198027263, 0.870000791216, 55.8328752568, 10.5079267666
2.67435681735, 1.08307758206, 1.47159713356, 1.00000039244, 7.01920782071, 1.0385603198, 4.50756371902, 1.26000099802, 1.00000082754, 5.49166758003, 6.15867333722, 1.08178433297, 3.15428326527, 1.09288548231, 1.00835539512, 1.51035210129, 1.09105515376, 1.09225861807, 8.50208203154, 1.00000032218, 1.00000066757, 84.6394244788, 1.01294093302, 1.63624504151, 0.990703727435, 3.55283220273, 0.870000791216, 51.3034446628, 12.4038233038
4.55122128861, 1.08497648082, 1.36804126952, 1.00000043419, 5.594368403, 1.17144844807, 1.65969124542, 1.26000000964, 1.0000006856, 5.28451589055, 7.0669294759, 1.04661516008, 3.10222350009, 1.02831024933, 1.06855180337, 1.37135171467, 1.10747196483, 1.01954102797, 9.42153132589, 1.00000035336, 1.00000053709, 122.935680649, 0.940682937259, 4.00241204942, 1.03716016772, 3.29175992021, 0.87000001144, 38.4059046299, 15.222979946
2.35398007581, 1.30447962844, 1.47928683017, 1.0000003179, 4.47371535462, 1.02059280216, 2.48247579854, 1.26000060636, 1.00000004169, 6.12082024857, 3.85943444418, 1.05369890494, 3.12882262003, 1.03232932611, 1.06270053161, 1.4104076384, 1.11869459107, 0.994706130358, 5.490793165, 1.00000098934, 1.0000003463, 108.126350508, 0.911241219773, 3.20751519981, 1.00040139433, 3.30479946512, 0.870000043297, 100.195677998, 10.7487064961
3.40029749425, 1.4052107042, 1.64454011627, 1.00000010248, 6.95193882529, 1.15150965909, 1.50981232225, 1.26000099159, 1.00000064986, 5.39347531864, 7.41394245317, 1.00457428452, 3.16670884069, 1.01900801532, 1.00663605959, 1.0502998903, 1.01906695578, 1.07266081166, 4.42104353466, 1.000000591, 1.00000051926, 82.5022565831, 0.956407788641, 3.37346959179, 1.06443948515, 4.04992476272, 0.870000112938, 72.5249747216, 11.4386492591
2.74824798917, 1.32780783019, 1.50373869258, 1.00000073212, 5.63719021108, 1.02059280216, 1.53133031427, 1.26000074513, 1.00000019709, 6.12082024857, 5.19027588504, 1.05702881795, 2.43048924434, 1.03818240785, 1.01654609533, 1.29087354936, 1.06473796047, 0.949229298995, 8.33019400209, 1.00000095119, 1.00000050367, 117.671323457, 1.04338100353, 5.88321490704, 1.06025499185, 3.70270682576, 0.870000114745, 57.3240942281, 17.6238202549
2.362414568, 1.26447503653, 1.42399899437, 1.00000012175, 5.1524665183, 1.01938745475, 2.72017213369, 1.26000074727, 1.0000003458, 5.70425133569, 3.77454686089, 1.02930345041, 1.39242208021, 1.03645911499, 1.02705160185, 1.30679264223, 1.04924558793, 0.944622189531, 5.74663548257, 1.00000015374, 1.00000058625, 115.156909178, 1.04538473233, 3.96108320284, 1.04415485542, 4.3514626463, 0.870000873557, 51.3067011384, 18.1448461994
2.362414568, 1.21331343568, 1.42399899437, 1.00000047185, 5.1524665183, 1.01938745475, 2.17954450284, 1.26000076166, 1.0000003458, 5.29841723173, 3.77454686089, 1.04176367072, 2.09803124988, 1.03645911499, 1.02705160185, 1.30679264223, 1.04924558793, 0.946532476578, 5.74663548257, 1.00000015374, 1.00000058625, 115.156909178, 1.04538473233, 4.9537729633, 1.04415485542, 4.10051798555, 0.870000868287, 133.392451132, 11.1691244142
5.38478314501, 1.21525636224, 1.46609215893, 1.00000016404, 6.54043504199, 1.05309466018, 4.37810269549, 1.26000069458, 1.00000006226, 5.75388297234, 4.4211969586, 1.00172634633, 3.74906369798, 1.09355052325, 1.00068371761, 1.62867662798, 1.13199180331, 0.917871706002, 7.51181633659, 1.00000006126, 1.00000004351, 88.8774788627, 1.03410058771, 4.35024295124, 1.03252855525, 4.15409700401, 0.870000505658, 129.229161683, 11.4722515105
5.7181595005, 1.33401244353, 1.72505654587, 1.00000089318, 6.88881157643, 1.11444487591, 1.02217137797, 1.26000040614, 1.00000027428, 5.59298712395, 4.2050222869, 1.00820064857, 3.4801378626, 1.04526517295, 1.0417350369, 1.45123715741, 1.00299283248, 1.07073362489, 3.03122907059, 1.00000078233, 1.00000041993, 108.569048822, 1.05904126424, 1.35608853347, 1.02747112411, 4.07810765605, 0.870000654964, 74.8413804696, 14.1906172947
3.22921433304, 1.0392292643, 1.36446086692, 1.00000026345, 4.51239474264, 1.06307950323, 4.23342234104, 1.26000029763, 1.00000068265, 5.30580480708, 3.5994268641, 1.02319160516, 3.19517009512, 1.00636248095, 1.0552700121, 1.408538166, 1.16906810205, 1.0393694228, 7.07464614402, 1.00000018729, 1.00000046256, 106.836428079, 1.05093034647, 4.93137667761, 0.981754206966, 4.36970310919, 0.870000674566, 75.1932254231, 11.4975837223
3.9093429308, 1.3456184215, 1.56766615607, 1.00000055032, 4.30439859111, 1.03120599288, 3.39668901563, 1.26000096006, 1.000000588, 5.4717851483, 6.34437872765, 1.06052847929, 2.0070103238, 1.10169645963, 1.05521979742, 1.35583464839, 1.01810805503, 0.923330706843, 8.55449906581, 1.0000008342, 1.00000096162, 122.555527853, 1.07065335943, 4.11718367265, 0.985776280622, 4.32225950803, 0.870000148414, 59.4214389317, 17.9682812983
2.05660568781, 1.33675578832, 1.54385375733, 1.00000045511, 6.89351159194, 1.0543435313, 4.22448391697, 1.26000096378, 1.00000018306, 6.17672737296, 3.90113187397, 1.03660910138, 3.79966228399, 1.0583857725, 1.07550041613, 1.26042448253, 1.09184624531, 1.04998828068, 7.00429569274, 1.00000060723, 1.00000052224, 88.6731128676, 0.929506514915, 1.05646909734, 1.06701504185, 3.5187761026, 0.870000918992, 97.323765894, 12.4827297155
2.01885101927, 1.39741507182, 1.61228079579, 1.00000008817, 5.94781514618, 1.1691381719, 1.13198899115, 1.26000017688, 1.00000044897, 5.47312218369, 3.54070947617, 1.04381083428, 2.18320716711, 1.02407498626, 1.08351503031, 1.59316893193, 1.03576753499, 1.0837125266, 7.41723400667, 1.00000035045, 1.00000058456, 106.577906391, 0.929506514915, 4.34757773131, 1.03494858871, 3.39938701907, 0.870000991991, 75.2180997642, 13.9641394259
1.55468709358, 1.07744900451, 1.67382986823, 1.00000088443, 4.60835243536, 1.08393924105, 3.46940202136, 1.26000076627, 1.00000047858, 5.81256430632, 3.45773415727, 1.03797087141, 3.47833299963, 1.07189846594, 1.01909867058, 1.37910204091, 1.07673879047, 0.927887900031, 3.81573784149, 1.00000056298, 1.00000060516, 111.490669909, 0.985378436291, 3.24031242085, 1.04941613504, 3.66530272797, 0.870000505658, 125.028412047, 11.6713442606
5.09519078684, 1.23817975487, 1.72505654587, 1.00000035942, 6.88881157643, 1.11444487591, 1.02217137797, 1.26000040614, 1.00000034004, 5.59298712395, 4.2050222869, 1.00820064857, 1.03164470846, 1.06501639635, 1.03726355836, 1.59122913095, 1.03143626545, 1.07073362489, 3.14933769958, 1.00000006799, 1.00000049173, 108.569048822, 1.05904126424, 1.29517125282, 0.95945248668, 4.07810765605, 0.870000344234, 112.969847733, 12.8886447809
4.25249429769, 1.39119642021, 1.72391250846, 1.00000059558, 6.86400497623, 1.0803973143, 2.51669823182, 1.26000058239, 1.00000000854, 5.34131653057, 4.31372064936, 1.02959203785, 3.30849300569, 1.11612829278, 1.05392393635, 1.36919192068, 1.10320139091, 1.1058449863, 8.24254090321, 1.00000026787, 1.00000031857, 79.9130310865, 0.974157742314, 1.94704351491, 0.958222275467, 3.79716540162, 0.870000083935, 81.7279451207, 14.0767003854
2.00561045577, 1.12606739905, 1.36492901859, 1.0000001952, 6.59757988061, 1.10412203244, 2.5342809558, 1.26000006673, 1.00000097984, 6.11827469702, 7.05743316402, 1.00503058983, 3.22596656833, 1.05076110108, 1.00824597282, 1.48878334783, 1.04375181832, 0.911938713772, 9.3701959901, 1.00000015844, 1.00000059188, 114.069282548, 0.981075425821, 4.452916998, 0.989706178345, 3.89421817475, 0.870000699492, 79.798910132, 18.725072048
4.34498125234, 1.30431299726, 1.37625851184, 1.0000000517, 5.60210600756, 1.18320045396, 3.08171791291, 1.26000009072, 1.00000050564, 5.25544154159, 5.0687085961, 1.03381734229, 2.57798333789, 1.007395511, 1.01724289667, 1.19332635382, 1.0173818426, 0.911075446053, 5.49161618485, 1.00000029525, 1.00000050162, 88.6731128676, 1.04863109366, 2.68040059598, 1.01092752375, 4.12325382692, 0.870000448356, 129.520042936, 11.9046944409
2.07431366571, 1.33401244353, 1.63826489163, 1.00000012221, 5.44722941735, 1.1372256574, 5.9559571974, 1.26000004746, 1.00000016821, 5.02782228358, 4.64732696108, 1.02959203785, 1.70173931347, 1.02139098268, 1.04532323793, 1.61070044035, 1.08807718768, 0.912284013744, 9.85589561385, 1.00000028485, 1.00000074136, 120.838427598, 0.919820879371, 3.50255143114, 0.957271612128, 3.54307032119, 0.870000119051, 154.0384055, 11.8861039551
2.05660568781, 1.37395407946, 1.54385375733, 1.00000045511, 6.89351159194, 1.11323951852, 1.24301677573, 1.2600007691, 1.00000018306, 6.16976811803, 3.90113187397, 1.03660910138, 2.22911690285, 1.02576410366, 1.07550041613, 1.26042448253, 1.13693002506, 1.07356343765, 7.00429569274, 1.00000065996, 1.00000045206, 113.429198158, 0.929506514915, 4.11718367265, 1.06701504185, 3.5187761026, 0.870000918992, 115.847860344, 13.0794301934
3.48496763613, 1.15210420328, 1.36219742521, 1.0000007135, 6.67445471141, 1.00449897927, 3.52731679834, 1.26000088948, 1.00000016844, 6.16976811803, 4.82374308837, 1.00368217337, 2.71457051262, 1.07557028654, 1.05177243245, 1.10817586397, 1.00430119561, 0.960711567093, 8.9257038324, 1.00000018729, 1.00000022411, 90.7198934496, 1.01102718167, 2.9934703356, 1.05382217901, 3.51449811538, 0.870000926246, 104.212186208, 15.2357708727
2.49661795569, 1.22962713639, 1.38702551745, 1.00000074103, 5.2617759342, 1.08896358556, 1.59346406608, 1.26000055709, 1.00000048621, 5.00124015866, 6.64728751021, 1.00513649243, 3.53925699861, 1.01505039097, 1.01215586845, 1.50947260988, 1.09543212335, 1.05342276276, 5.74579232803, 1.00000021522, 1.00000037118, 86.8375651078, 0.912768136826, 2.1977540743, 1.00178863043, 3.63648471698, 0.870000640852, 91.2248824613, 20.2289001956
2.07431366571, 1.13256161805, 1.69657027545, 1.00000003586, 6.32145437419, 1.05402609744, 3.06330429225, 1.26000099246, 1.0000006301, 5.6703715678, 6.36521022037, 1.00201263197, 2.24829654274, 1.00152441075, 1.0427908622, 1.02698701556, 1.06430561643, 1.02541544115, 3.15048517755, 1.00000022333, 1.00000028931, 113.070675223, 1.08899582918, 1.58410859117, 1.05119932748, 4.34626611101, 0.870000500515, 93.5802328798, 19.8665255759
1.34483749813, 1.35308728328, 1.63272055885, 1.00000028652, 5.84199674608, 1.05551558635, 4.49127591018, 1.26000020089, 1.00000025467, 6.1990718004, 4.95731782254, 1.01242491825, 3.88712714595, 1.02654306491, 1.04417081435, 1.07470409949, 1.15204474871, 1.01765154946, 8.55209128413, 1.00000068841, 1.00000014271, 81.5258953333, 0.926899143747, 2.7641333017, 0.967901113532, 4.16585860607, 0.870000751254, 153.499534833, 12.026566348
2.75380900131, 1.24665939804, 1.46609215893, 1.00000016404, 6.54043504199, 1.1691381719, 4.37810269549, 1.26000069458, 1.00000006226, 5.55744431279, 4.4211969586, 1.01259517145, 3.74906369798, 1.10862508521, 1.00028752854, 1.62867662798, 1.13199180331, 0.917871706002, 7.51181633659, 1.00000006126, 1.00000002046, 90.7198934496, 1.03410058771, 4.35024295124, 1.03252855525, 3.50219323608, 0.870000828487, 116.442346749, 13.3010284214
3.48496763613, 1.15210420328, 1.36219742521, 1.0000007135, 6.3616839322, 1.00449897927, 4.39992221362, 1.26000088948, 1.00000061397, 6.00227622828, 4.82374308837, 1.00424824989, 2.71457051262, 1.07557028654, 1.05177243245, 1.10817586397, 1.02758572, 0.979284296013, 8.9257038324, 1.00000003508, 1.00000022411, 124.709981337, 1.01102718167, 2.9934703356, 1.02497372937, 3.51449811538, 0.87000081592, 109.557389152, 15.916261599
2.74824798917, 1.35315617152, 1.50373869258, 1.00000073212, 5.63719021108, 1.11594895457, 1.53133031427, 1.26000074513, 1.00000019709, 5.33575312055, 5.98316575291, 1.00805549391, 2.22795045174, 1.03818240785, 1.01654609533, 1.29087354936, 1.01635077426, 0.949229298995, 8.33019400209, 1.00000095119, 1.00000021153, 117.671323457, 1.04338100353, 5.88321490704, 1.06393027685, 3.70270682576, 0.870000114745, 102.109119244, 21.8600769723
1.56844020695, 1.38104649604, 1.35669132185, 1.00000032175, 6.02418631586, 1.07458085576, 5.96469563514, 1.26000062214, 1.00000019207, 5.64319922768, 7.16645600648, 1.00246372453, 2.16156603759, 1.09699909729, 1.05933310224, 1.48658305173, 1.06753670253, 1.0670896104, 9.28869126537, 1.00000089309, 1.00000011945, 80.0206478191, 0.997238745298, 3.80628915433, 1.00960290073, 4.29479101265, 0.870000632944, 170.681976004, 12.1746003086
5.03100190884, 1.22590472914, 1.45131389132, 1.00000052907, 4.45356264374, 1.08155866762, 2.23603199615, 1.26000044042, 1.0000003626, 5.16318621202, 5.47095418185, 1.03938700749, 3.10667763248, 1.01915393654, 1.02125195089, 1.53974791005, 1.08235897801, 0.912060188428, 6.08427031989, 1.00000077371, 1.00000024719, 116.946963108, 1.01036294088, 2.53774638466, 1.05324059081, 3.4728588656, 0.87000048506, 165.361074069, 12.5932934775
1.93541414445, 1.34799560761, 1.4566083454, 1.00000067459, 4.74250165635, 1.16766365899, 1.29772041001, 1.2600009922, 1.00000064544, 6.06887043509, 4.47988871429, 1.03453560584, 1.62738128688, 1.08079156358, 1.07020119768, 1.45090328091, 1.11326434972, 0.917093745983, 3.07049389667, 1.00000021134, 1.00000041993, 97.9113197546, 0.947617779959, 3.12919088116, 0.963362872196, 4.09380372793, 0.870000999543, 120.246223706, 13.3172401954
1.34483749813, 1.41247539379, 1.53192827881, 1.00000037899, 4.71810520286, 1.02265993826, 4.78610627011, 1.26000024363, 1.00000063378, 5.23962702936, 5.92265351975, 1.05308649213, 3.96838065872, 1.10341281322, 1.00791970969, 1.049944794, 1.00276088922, 1.06996839264, 6.1740829364, 1.00000019782, 1.00000032038, 97.9113197546, 1.05551128189, 3.14289059794, 0.972276823525, 3.93689053491, 0.870000878187, 117.421027659, 21.4663718313
5.38478314501, 1.21525636224, 1.46609215893, 1.00000016404, 6.54043504199, 1.05309466018, 4.37810269549, 1.26000073544, 1.0000000471, 5.55744431279, 4.4211969586, 1.01259517145, 3.12882262003, 1.09355052325, 1.01859690014, 1.62867662798, 1.13199180331, 0.917871706002, 7.51181633659, 1.00000006126, 1.00000004351, 90.7198934496, 1.03410058771, 4.96753870094, 1.03133122938, 3.40262147975, 0.870000955414, 194.439940398, 12.8025797344
1.86765679468, 1.05777122817, 1.59651252767, 1.00000007504, 6.68218857243, 1.0386534443, 2.53829096637, 1.26000080781, 1.00000043617, 6.05923095858, 5.19748017425, 1.0320142748, 2.92769748761, 1.08466194621, 1.06699412784, 1.55789649181, 1.02769073068, 1.02907396979, 5.73661869164, 1.00000076237, 1.00000046776, 110.11716661, 1.05985314138, 1.92877501514, 1.06916353142, 4.11664300832, 0.870000344462, 128.110711595, 13.3180218217
4.66706714522, 1.09510867658, 1.65199536614, 1.00000093662, 6.44194656417, 1.02663211076, 4.18717966773, 1.26000029763, 1.00000043431, 5.81256430632, 3.94530258247, 1.0498472665, 1.22165823904, 1.02965749148, 1.08537053497, 1.33238043191, 1.04271085694, 1.04796503314, 3.35009082538, 1.00000032664, 1.00000047152, 98.0303030449, 1.01431419551, 1.97610555933, 0.989015344703, 4.22146483487, 0.870000418726, 121.32458707, 13.3373740957
5.38478314501, 1.21525636224, 1.46609215893, 1.00000016404, 6.54043504199, 1.05309466018, 4.37810269549, 1.26000069458, 1.00000006226, 5.55744431279, 4.4211969586, 1.01259517145, 3.74906369798, 1.09355052325, 1.00068371761, 1.62867662798, 1.13199180331, 0.917871706002, 7.51181633659, 1.00000006126, 1.00000004351, 90.7198934496, 1.03410058771, 4.35024295124, 1.03252855525, 3.50219323608, 0.870000625683, 205.656577497, 13.0198162673
3.9093429308, 1.3456184215, 1.56766615607, 1.00000025409, 6.04887296871, 1.03120599288, 3.39668901563, 1.26000096006, 1.000000588, 5.4717851483, 6.13549564274, 1.06052847929, 2.0070103238, 1.10169645963, 1.05521979742, 1.35583464839, 1.01810805503, 0.923330706843, 8.55449906581, 1.00000050275, 1.00000096162, 122.555527853, 1.07065335943, 4.11718367265, 0.985776280622, 4.32225950803, 0.870000148414, 202.43266794, 13.4301032346
2.67435681735, 1.14155260075, 1.47159713356, 1.00000039244, 7.01920782071, 1.0385603198, 4.50756371902, 1.26000099802, 1.00000082754, 5.49166758003, 6.15867333722, 1.08178433297, 3.15428326527, 1.11721492054, 1.04707773963, 1.51035210129, 1.1663623047, 1.09225861807, 8.50208203154, 1.00000043082, 1.00000066757, 84.6394244788, 1.01294093302, 1.63624504151, 0.990703727435, 3.95198027263, 0.870000791216, 122.140053464, 21.7458910403
4.5085335411, 1.16263529387, 1.72557005106, 1.00000031273, 6.56211822608, 1.12009444687, 3.51336377251, 1.26000008678, 1.00000064151, 5.70066498772, 4.20310497742, 1.06095071768, 2.0051704683, 1.03233673287, 1.00397841066, 1.4751678004, 1.00953620117, 0.985238719646, 4.13241789868, 1.00000025721, 1.00000090767, 114.290057653, 1.08550514087, 3.98578202409, 1.06278567149, 3.81613018119, 0.870000598557, 138.95765146, 13.4552486218
2.49661795569, 1.22962713639, 1.38702551745, 1.00000095881, 5.2617759342, 1.08896358556, 1.59346406608, 1.26000055709, 1.00000048621, 5.00124015866, 4.85898028564, 1.00513649243, 3.53925699861, 1.01505039097, 1.01215586845, 1.5326601893, 1.09543212335, 1.05342276276, 5.27537495576, 1.0000003263, 1.00000037118, 86.8375651078, 0.912768136826, 2.1977540743, 1.00178863043, 3.63648471698, 0.870000640852, 123.21549041, 15.6217633845
5.38478314501, 1.21525636224, 1.44273318348, 1.00000016404, 6.54043504199, 1.05309466018, 1.8033191665, 1.26000069458, 1.0000005481, 5.75388297234, 4.4211969586, 1.00818864353, 3.74906369798, 1.09355052325, 1.00068371761, 1.62867662798, 1.13199180331, 1.07382769094, 7.51181633659, 1.00000006126, 1.00000004351, 83.5236627012, 1.03410058771, 4.35024295124, 1.03252855525, 4.15409700401, 0.870000505658, 215.183068781, 13.3666760267
2.23542408834, 1.06498911974, 1.62293817378, 1.00000013666, 4.54901538535, 1.06724895293, 4.52946053677, 1.2600001635, 1.00000074184, 6.05197874494, 3.14270418068, 1.0511178109, 3.68918148104, 1.04111139573, 1.04817776607, 1.37702908849, 1.09536642481, 0.91845830064, 3.61558980028, 1.00000042965, 1.00000052982, 112.009560942, 0.976929907752, 4.2223728513, 0.962916375381, 3.39093003655, 0.870000785646, 141.471475704, 13.7128521258
4.5085335411, 1.16263529387, 1.72557005106, 1.00000031273, 6.56211822608, 1.0385603198, 3.51336377251, 1.26000008678, 1.00000043209, 5.70066498772, 5.67779777348, 1.06095071768, 2.0051704683, 1.03233673287, 1.04707773963, 1.4751678004, 1.1663623047, 0.985238719646, 4.13241789868, 1.00000025721, 1.00000090767, 114.290057653, 1.08550514087, 3.98578202409, 1.06278567149, 3.81613018119, 0.870000598557, 209.882722735, 13.4971020179
1.93541414445, 1.34799560761, 1.4566083454, 1.00000067459, 4.74250165635, 1.16766365899, 1.29772041001, 1.2600009922, 1.00000064544, 6.06990285916, 4.47988871429, 1.03453560584, 1.62738128688, 1.08079156358, 1.02125195089, 1.45090328091, 1.08235897801, 0.917093745983, 3.07049389667, 1.00000021134, 1.00000041993, 97.9113197546, 0.947617779959, 3.12919088116, 0.963362872196, 4.09380372793, 0.870000999543, 134.057318978, 15.8686153591
4.55122128861, 1.08497648082, 1.36804126952, 1.00000043419, 5.594368403, 1.17144844807, 1.115788905, 1.2600000062, 1.00000085364, 5.28451589055, 7.0669294759, 1.04661516008, 3.10222350009, 1.02831024933, 1.06855180337, 1.37135171467, 1.10747196483, 1.01954102797, 9.42153132589, 1.00000035336, 1.00000053709, 122.935680649, 0.940682937259, 4.00241204942, 1.03716016772, 3.29175992021, 0.87000001144, 123.458431032, 22.0456587253
5.38478314501, 1.21525636224, 1.46609215893, 1.00000003144, 5.94781514618, 1.05309466018, 4.37810269549, 1.26000069458, 1.00000006226, 5.75388297234, 4.4211969586, 1.04381083428, 3.74906369798, 1.09355052325, 1.00068371761, 1.62867662798, 1.13199180331, 0.917871706002, 9.46789029056, 1.00000006126, 1.00000004351, 88.8774788627, 1.03410058771, 4.35024295124, 1.03252855525, 4.15409700401, 0.870000878114, 144.609357343, 14.2140722208
1.93541414445, 1.34799560761, 1.42581849904, 1.00000067459, 4.74250165635, 1.16766365899, 1.29772041001, 1.2600009922, 1.00000064544, 6.06887043509, 4.47988871429, 1.03453560584, 1.62738128688, 1.08079156358, 1.02695565036, 1.45090328091, 1.11326434972, 0.917093745983, 3.07049389667, 1.00000021134, 1.00000041993, 97.9113197546, 0.947617779959, 3.12919088116, 0.963362872196, 4.09380372793, 0.870000999543, 147.215188766, 13.9584204364
2.07597579433, 1.33401244353, 1.63826489163, 1.00000012221, 5.44722941735, 1.1372256574, 5.17147417537, 1.26000005602, 1.00000016821, 5.02782228358, 4.64732696108, 1.02959203785, 1.70173931347, 1.02139098268, 1.04532323793, 1.61070044035, 1.08807718768, 0.912284013744, 9.85589561385, 1.00000028485, 1.00000074136, 120.838427598, 0.919820879371, 3.50255143114, 0.966087640899, 3.54307032119, 0.870000224121, 229.469077875, 13.8441590472
4.25249429769, 1.39119642021, 1.70859626531, 1.00000059558, 6.86400497623, 1.0803973143, 3.37129982314, 1.26000058239, 1.00000000854, 5.34131653057, 4.31372064936, 1.0634123993, 3.30849300569, 1.11612829278, 1.05392393635, 1.36919192068, 1.10320139091, 1.1058449863, 8.24254090321, 1.00000026787, 1.00000031857, 79.9130310865, 0.974157742314, 1.94704351491, 0.958222275467, 3.79716540162, 0.870000083935, 143.853262483, 17.4848310328
1.55468709358, 1.07744900451, 1.67382986823, 1.00000088443, 4.60835243536, 1.08393924105, 3.46940202136, 1.26000076627, 1.00000047858, 5.23411980846, 3.45773415727, 1.03797087141, 3.47833299963, 1.07189846594, 1.01909867058, 1.37910204091, 1.00554389708, 0.927887900031, 3.81573784149, 1.00000056298, 1.00000009895, 111.490669909, 0.985378436291, 5.04529482975, 1.04941613504, 3.66530272797, 0.870000505658, 124.234434635, 23.6012844536
4.5085335411, 1.16263529387, 1.72557005106, 1.00000031273, 6.56211822608, 1.14401540878, 3.51336377251, 1.26000008678, 1.00000082773, 5.70066498772, 4.20310497742, 1.06095071768, 2.0051704683, 1.03233673287, 1.00397841066, 1.4751678004, 1.00379628573, 0.985238719646, 3.81436284247, 1.00000025721, 1.00000063289, 114.290057653, 1.08550514087, 3.98578202409, 1.06278567149, 4.06254759764, 0.870000598557, 132.498884038, 22.2891593565
1.51376715908, 1.22590472914, 1.45131389132, 1.00000052907, 4.45356264374, 1.08155866762, 2.23603199615, 1.26000044042, 1.0000003626, 5.16318621202, 5.47095418185, 1.03167256162, 3.10667763248, 1.01915393654, 1.04655252431, 1.53974791005, 1.08235897801, 0.912060188428, 6.08427031989, 1.00000077371, 1.00000024719, 113.070675223, 1.01036294088, 2.53774638466, 1.05324059081, 3.4728588656, 0.87000048506, 149.194430898, 16.3900204173
2.07431366571, 1.13256161805, 1.69657027545, 1.00000003586, 6.32145437419, 1.05402609744, 3.06330429225, 1.26000099246, 1.0000006301, 5.6703715678, 6.36521022037, 1.00201263197, 3.16686661955, 1.00152441075, 1.0427908622, 1.02698701556, 1.06430561643, 1.02541544115, 3.83469853103, 1.00000022333, 1.00000028931, 100.041972176, 1.08899582918, 1.58410859117, 1.05119932748, 4.34626611101, 0.870000058137, 164.546413205, 14.3041589337
2.23542408834, 1.06498911974, 1.62293817378, 1.00000013666, 4.54901538535, 1.11444487591, 4.52946053677, 1.26000008038, 1.00000074184, 6.05197874494, 3.14270418068, 1.0511178109, 3.68918148104, 1.04111139573, 1.04817776607, 1.37702908849, 1.09536642481, 0.91845830064, 3.61558980028, 1.00000042965, 1.00000052982, 112.009560942, 0.976929907752, 4.2223728513, 0.962916375381, 3.39093003655, 0.870000785646, 249.499322851, 14.2060240209
2.07597579433, 1.33401244353, 1.63826489163, 1.00000012221, 5.44722941735, 1.1372256574, 1.28794591662, 1.26000005602, 1.00000016821, 5.02782228358, 4.64732696108, 1.04780343991, 1.70173931347, 1.02139098268, 1.04532323793, 1.61070044035, 1.08807718768, 0.912284013744, 9.85589561385, 1.00000028485, 1.00000074136, 120.838427598, 0.919820879371, 3.50255143114, 0.966087640899, 3.5074251505, 0.870000224121, 250.472861548, 14.0017116389
4.25249429769, 1.39119642021, 1.70859626531, 1.00000059558, 6.86400497623, 1.0803973143, 4.68387140601, 1.26000058239, 1.00000000854, 5.34131653057, 4.31372064936, 1.0634123993, 3.30849300569, 1.11612829278, 1.05392393635, 1.36919192068, 1.10320139091, 1.10853436391, 8.24254090321, 1.00000026787, 1.00000031857, 79.9130310865, 0.974157742314, 1.94704351491, 0.958222275467, 3.79716540162, 0.870000083935, 133.060485078, 22.8285224462
2.74824798917, 1.39361477154, 1.50373869258, 1.00000067786, 5.63719021108, 1.1898632287, 1.53133031427, 1.26000074513, 1.00000019709, 5.59468925467, 5.19027588504, 1.0670496405, 2.43048924434, 1.03818240785, 1.01654609533, 1.29087354936, 1.06473796047, 0.949229298995, 6.50607912968, 1.00000095119, 1.00000063289, 117.671323457, 1.06567603828, 4.96712289464, 1.06025499185, 4.12072504764, 0.870000114745, 136.130921176, 22.320040514
4.95530024692, 1.04429359693, 1.43129931686, 1.00000056827, 6.45448225005, 1.10215354575, 4.37810269549, 1.26000039458, 1.00000098198, 5.47322663379, 5.27152273245, 1.00805549391, 1.10553878994, 1.06533840011, 1.0552700121, 1.2977499957, 1.03677101608, 0.917871706002, 6.27960472603, 1.00000021982, 1.00000078983, 88.8774788627, 1.01147221942, 5.57962691316, 1.01769755708, 3.81316626269, 0.8700002252, 156.061127555, 17.1980157199
4.95530024692, 1.04429359693, 1.43129931686, 1.00000056827, 6.45448225005, 1.10215354575, 1.8033191665, 1.26000039458, 1.00000098198, 5.47322663379, 5.27152273245, 1.00805549391, 1.10553878994, 1.06533840011, 1.0552700121, 1.2977499957, 1.03677101608, 1.07382769094, 6.27960472603, 1.00000021982, 1.00000078983, 83.5236627012, 1.01147221942, 5.57962691316, 1.01769755708, 3.81316626269, 0.8700002252, 195.813929992, 14.6787200406
5.38478314501, 1.21525636224, 1.46609215893, 1.00000016404, 6.54043504199, 1.05309466018, 4.37810269549, 1.26000069458, 1.00000006226, 5.75388297234, 4.4211969586, 1.00818864353, 3.74906369798, 1.09355052325, 1.00068371761, 1.62867662798, 1.13199180331, 0.917871706002, 7.51181633659, 1.00000006126, 1.00000004351, 88.8774788627, 1.03410058771, 4.35024295124, 1.03252855525, 4.15409700401, 0.870000505658, 273.203704158, 14.2065454745
4.66706714522, 1.09510867658, 1.65199536614, 1.00000093662, 6.44194656417, 1.02663211076, 4.18717966773, 1.26000029763, 1.00000043431, 5.81256430632, 3.94530258247, 1.0498472665, 4.02346744845, 1.02965749148, 1.08537053497, 1.33238043191, 1.05217747575, 1.04796503314, 9.28869126537, 1.00000032664, 1.00000047152, 116.436602199, 1.01431419551, 1.97610555933, 0.989015344703, 4.22146483487, 0.870000418726, 256.835067878, 14.4179177701
2.07597579433, 1.33401244353, 1.63826489163, 1.00000012221, 5.44722941735, 1.1372256574, 5.17147417537, 1.2600005007, 1.00000016821, 5.02782228358, 4.64732696108, 1.02959203785, 1.70173931347, 1.02139098268, 1.04532323793, 1.61070044035, 1.08807718768, 0.912284013744, 9.85589561385, 1.00000058041, 1.00000074136, 120.838427598, 0.919820879371, 3.50255143114, 0.966087640899, 3.54307032119, 0.870000224121, 278.273199614, 14.1342308082
1.51376715908, 1.22590472914, 1.45131389132, 1.00000052907, 4.40208976082, 1.08155866762, 2.23603199615, 1.26000058239, 1.0000003626, 5.16318621202, 5.47095418185, 1.03167256162, 3.10667763248, 1.01915393654, 1.04655252431, 1.53974791005, 1.08235897801, 0.912060188428, 9.85598589949, 1.00000077371, 1.00000017811, 113.070675223, 1.01036294088, 2.53774638466, 1.05324059081, 3.6459439421, 0.87000048506, 136.331131633, 23.9835802276
5.7181595005, 1.33401244353, 1.42399899437, 1.00000089318, 6.88881157643, 1.11444487591, 1.02217137797, 1.26000040614, 1.00000027428, 5.70425133569, 4.2050222869, 1.03631031036, 3.4801378626, 1.04526517295, 1.0417350369, 1.45123715741, 1.00299283248, 1.07073362489, 3.03122907059, 1.00000078233, 1.00000028513, 115.156909178, 1.05904126424, 1.35608853347, 1.02747112411, 4.07810765605, 0.870000654964, 136.783094292, 23.0112920642
5.09519078684, 1.23817975487, 1.72505654587, 1.00000089318, 6.88881157643, 1.11444487591, 1.02217137797, 1.26000040614, 1.0000003777, 5.59298712395, 4.2050222869, 1.00820064857, 1.69148056138, 1.06501639635, 1.03726355836, 1.59122913095, 1.13913661794, 1.07073362489, 3.14933769958, 1.00000078233, 1.00000049173, 108.569048822, 1.05904126424, 1.35608853347, 1.02747112411, 4.07810765605, 0.870000569783, 139.937936419, 22.8734940929
1.76820371519, 1.12378673566, 1.63011142723, 1.00000011584, 4.29223756503, 1.06598630378, 4.61599243692, 1.26000023221, 1.00000009189, 5.62503048046, 5.76332277612, 1.08478886503, 1.94328111099, 1.11970207384, 1.03121273078, 1.14568228407, 1.01113504206, 0.9127838126, 5.26372591803, 1.00000055967, 1.00000027684, 76.6135997302, 0.921689317261, 2.37228737228, 0.985056832555, 3.9831140465, 0.870000245015, 158.952694236, 17.3837744623
1.51376715908, 1.22590472914, 1.45131389132, 1.00000052907, 4.45356264374, 1.08155866762, 2.23603199615, 1.26000058239, 1.0000003626, 5.16318621202, 5.47095418185, 1.03167256162, 3.10667763248, 1.01915393654, 1.04655252431, 1.53974791005, 1.08235897801, 0.912060188428, 6.08427031989, 1.00000077371, 1.00000024719, 113.070675223, 1.01036294088, 2.53774638466, 1.05324059081, 3.67239423723, 0.87000048506, 199.584619563, 15.3463711888
4.34498125234, 1.30431299726, 1.37625851184, 1.0000000517, 5.60210600756, 1.18320045396, 4.02446750463, 1.26000009072, 1.00000050564, 5.25544154159, 5.0687085961, 1.08055595437, 2.57798333789, 1.00463480337, 1.04369686801, 1.19332635382, 1.0173818426, 0.911075446053, 5.49161618485, 1.00000029525, 1.00000033264, 88.6731128676, 0.947198472766, 2.68040059598, 1.01092752375, 3.37697263735, 0.870000448356, 311.257896908, 14.8563712578
5.92190122573, 1.26250669413, 1.49946799201, 1.00000000892, 7.0340827195, 1.1573677533, 1.79707152438, 1.26000017107, 1.00000050175, 6.10717333528, 6.82608133554, 1.0538947036, 1.5754670282, 1.02935819313, 1.04817776607, 1.42095201774, 1.08854516364, 1.10714715523, 3.60416004103, 1.00000027734, 1.00000084822, 110.953063172, 0.932448962471, 3.6102301981, 1.02916116067, 3.9603044485, 0.870000833732, 341.673089525, 14.8382481077
2.05660568781, 1.33675578832, 1.54385375733, 1.00000045511, 6.89351159194, 1.11323951852, 1.24301677573, 1.2600007691, 1.00000018306, 5.42048166607, 3.90113187397, 1.03660910138, 2.22911690285, 1.0583857725, 1.07550041613, 1.26042448253, 1.09184624531, 1.04998828068, 7.00429569274, 1.00000060723, 1.00000045206, 113.429198158, 0.929506514915, 1.16865841159, 1.06701504185, 3.5187761026, 0.870000918992, 308.476922137, 15.0419147666
2.49661795569, 1.22962713639, 1.38702551745, 1.00000074103, 5.2617759342, 1.08896358556, 1.59346406608, 1.26000055709, 1.00000048621, 5.00124015866, 4.85898028564, 1.00513649243, 3.53925699861, 1.01505039097, 1.01215586845, 1.50947260988, 1.09543212335, 1.05342276276, 5.27537495576, 1.00000021522, 1.00000037118, 86.8375651078, 0.912768136826, 2.1977540743, 1.00178863043, 3.63648471698, 0.870000640852, 140.901621786, 23.1937866215
2.362414568, 1.26447503653, 1.42399899437, 1.00000012175, 5.1524665183, 1.01938745475, 2.66914429029, 1.26000074727, 1.0000003458, 5.70425133569, 3.77454686089, 1.02930345041, 1.39242208021, 1.03645911499, 1.02705160185, 1.30679264223, 1.09118892732, 0.944622189531, 5.74663548257, 1.00000015374, 1.00000058625, 115.156909178, 1.04538473233, 3.96108320284, 1.04415485542, 4.3514626463, 0.870000043297, 160.677644893, 17.8138283965
4.95530024692, 1.26447503653, 1.42399899437, 1.00000012175, 6.90731823087, 1.17089445452, 2.66914429029, 1.26000074727, 1.0000003458, 5.70425133569, 3.77454686089, 1.00805549391, 1.39242208021, 1.03645911499, 1.02705160185, 1.30679264223, 1.09118892732, 0.944622189531, 5.74663548257, 1.00000015374, 1.00000058625, 115.156909178, 1.04538473233, 3.96108320284, 0.995274555207, 4.3514626463, 0.870000043297, 290.819121237, 15.4725412439
5.96915448431, 1.07356382771, 1.65879994654, 1.0000001537, 4.45477197464, 1.07458085576, 5.31572966091, 1.26000081529, 1.00000096268, 5.44859764406, 6.13271620154, 1.09656661293, 3.69393245847, 1.10098302164, 1.02205844631, 1.37180640056, 1.09105515376, 0.942921194802, 6.43256308347, 1.00000083392, 1.00000038008, 114.087896241, 1.00705794473, 1.52065104206, 0.986989877486, 3.69929336499, 0.870000706401, 203.470825869, 15.4797076794
2.67435681735, 1.14155260075, 1.47159713356, 1.00000039244, 7.01920782071, 1.0385603198, 4.50756371902, 1.26000099802, 1.00000082754, 5.49166758003, 6.15867333722, 1.08178433297, 3.15428326527, 1.11721492054, 1.04707773963, 1.51035210129, 1.1663623047, 1.09225861807, 8.50208203154, 1.00000043082, 1.00000066757, 84.6394244788, 1.01294093302, 1.63624504151, 0.990703727435, 3.95198027263, 0.870000791216, 332.395636363, 14.9504312987
5.31847043564, 1.42879507501, 1.45198179726, 1.00000086965, 4.7941703602, 1.16794726479, 5.31071170053, 1.2600002542, 1.00000093501, 5.89427088101, 5.51638692927, 1.04697961423, 3.27262510609, 1.06233508112, 1.00560072292, 1.38845921765, 1.09105515376, 0.940526521372, 4.86080942323, 1.0000002497, 1.00000082402, 105.28856247, 0.917558335547, 3.82556643847, 1.00329616273, 4.12072504764, 0.870000285626, 323.178935907, 14.9561214415
5.12327108971, 1.23817975487, 1.72505654587, 1.00000089318, 6.88881157643, 1.11444487591, 1.02217137797, 1.26000040614, 1.00000027428, 5.59298712395, 4.2050222869, 1.00820064857, 3.4801378626, 1.04526517295, 1.0417350369, 1.45123715741, 1.13913661794, 1.07073362489, 3.14933769958, 1.00000078233, 1.00000041993, 108.569048822, 1.05904126424, 1.35608853347, 1.02747112411, 4.07810765605, 0.870000654964, 171.446863482, 18.381559459
1.87467539513, 1.02597409644, 1.38252001543, 1.0000001917, 6.91667870126, 1.15564953733, 1.28794591662, 1.26000067279, 1.00000048331, 5.76323401456, 5.99220274743, 1.04650575702, 1.44446516374, 1.0706015534, 1.00533636562, 1.58129339601, 1.07675525679, 0.972309985885, 5.50955981385, 1.00000047058, 1.00000029653, 117.319028503, 0.973005646349, 2.81781589571, 1.02903954336, 3.40690293185, 0.87000000111, 177.781154498, 18.0021238286
1.55468709358, 1.07744900451, 1.67382986823, 1.00000088443, 4.60835243536, 1.08393924105, 3.46940202136, 1.26000076627, 1.00000047858, 5.23411980846, 3.45773415727, 1.03797087141, 2.85306981363, 1.07189846594, 1.01909867058, 1.37910204091, 1.00554389708, 0.911284416705, 3.81573784149, 1.00000056298, 1.00000009895, 111.490669909, 0.985378436291, 1.92877501514, 1.04941613504, 3.66530272797, 0.870000505658, 228.213777695, 15.9165207069
1.76820371519, 1.12378673566, 1.63011142723, 1.00000074609, 4.29223756503, 1.06598630378, 4.61599243692, 1.26000016825, 1.00000009189, 5.62503048046, 5.76332277612, 1.08478886503, 1.94328111099, 1.11970207384, 1.03121273078, 1.14568228407, 1.01113504206, 0.9127838126, 5.26372591803, 1.00000055967, 1.00000027684, 76.6135997302, 0.921689317261, 2.37228737228, 0.985056832555, 3.9831140465, 0.870000114745, 320.430514296, 15.6450830192
1.86765679468, 1.1423732692, 1.4269572811, 1.00000031843, 6.45242025038, 1.0386534443, 2.53829096637, 1.26000018681, 1.00000043617, 6.05923095858, 5.19748017425, 1.0320142748, 2.8311668188, 1.08466194621, 1.06699412784, 1.55789649181, 1.06069535486, 1.02907396979, 5.73661869164, 1.00000076237, 1.00000046776, 104.808630207, 0.969144209382, 1.9721372587, 1.06916353142, 4.11664300832, 0.870000301917, 216.283075839, 16.3302810504
3.83036870114, 1.02597409644, 1.38252001543, 1.0000001917, 5.61140031896, 1.15564953733, 3.1313035769, 1.26000067279, 1.00000048331, 5.76323401456, 5.99220274743, 1.03906085719, 1.44446516374, 1.0706015534, 1.00533636562, 1.58129339601, 1.03872243824, 0.972309985885, 3.68106315963, 1.00000057561, 1.00000029653, 100.041972176, 0.973005646349, 2.81781589571, 1.02903954336, 3.40690293185, 0.87000000111, 340.928101181, 15.2714200233
2.57525112098, 1.22590472914, 1.45131389132, 1.00000052907, 4.40208976082, 1.08155866762, 2.23603199615, 1.26000046961, 1.0000003626, 5.16318621202, 5.92265351975, 1.03167256162, 3.10667763248, 1.01915393654, 1.04655252431, 1.54862625562, 1.08235897801, 1.07608840958, 9.85598589949, 1.00000013718, 1.00000017811, 117.191759052, 1.01036294088, 2.53774638466, 1.05324059081, 3.6459439421, 0.87000048506, 171.645956276, 23.8382454933
1.34483749813, 1.41247539379, 1.53192827881, 1.00000037899, 4.71810520286, 1.02265993826, 4.78610627011, 1.26000024363, 1.00000063378, 5.23962702936, 5.92265351975, 1.05308649213, 3.88712714595, 1.10341281322, 1.00791970969, 1.23061482969, 1.00276088922, 1.06996839264, 6.4563027079, 1.00000019782, 1.00000032038, 97.9113197546, 1.05551128189, 3.14289059794, 0.972276823525, 3.93689053491, 0.870000878187, 176.905155315, 23.5343135506
2.07597579433, 1.04429359693, 1.63826489163, 1.00000000205, 5.44722941735, 1.1372256574, 5.17147417537, 1.26000006131, 1.00000016821, 5.02782228358, 4.64732696108, 1.02959203785, 1.39184979174, 1.02139098268, 1.04532323793, 1.62020180151, 1.08807718768, 0.914929461291, 9.85589561385, 1.00000028485, 1.0000005012, 120.838427598, 0.919820879371, 3.50255143114, 0.966087640899, 3.54307032119, 0.870000224121, 178.106422588, 18.0541222148
2.79529735321, 1.39741507182, 1.61228079579, 1.00000008817, 5.94781514618, 1.1691381719, 1.13198899115, 1.26000076627, 1.00000044897, 5.47312218369, 3.54070947617, 1.04381083428, 2.18320716711, 1.02407498626, 1.08351503031, 1.59316893193, 1.03576753499, 1.0837125266, 7.41723400667, 1.00000035045, 1.00000058456, 106.577906391, 0.929506514915, 2.83010168176, 1.03494858871, 3.39938701907, 0.870000991991, 228.332139084, 15.9782130889
2.67435681735, 1.14155260075, 1.47159713356, 1.00000039244, 7.01920782071, 1.0385603198, 4.50756371902, 1.26000099802, 1.00000082754, 5.2053862804, 6.15867333722, 1.08178433297, 3.15428326527, 1.11721492054, 1.04707773963, 1.51035210129, 1.1663623047, 1.05342276276, 8.50208203154, 1.00000043082, 1.00000066757, 84.6394244788, 1.01294093302, 1.63624504151, 0.996469064556, 3.95198027263, 0.870000791216, 345.295586708, 15.6227547305
1.51376715908, 1.22590472914, 1.45131389132, 1.00000052907, 4.40208976082, 1.08155866762, 2.23603199615, 1.26000046961, 1.0000003626, 5.16318621202, 5.47095418185, 1.03167256162, 3.10667763248, 1.01915393654, 1.04655252431, 1.53974791005, 1.08235897801, 1.07073362489, 9.85598589949, 1.00000013718, 1.00000017811, 117.191759052, 1.01036294088, 2.53774638466, 1.05324059081, 3.6459439421, 0.87000048506, 174.432885957, 24.7736536186
