1.32984113126, 1.11384435577, 0.77717060236, 0.84455826279, 2.96430846266, 0.953815635921, 3.83619898695, 0.859424497466, 0.965865037821, 1.39862780003, 6.01186991142, 0.913014476208, 1.78740821299, 0.925841926938, 1.09000087773, 1.03270709519, 1.02944442873, 1.00066871147, 9.48672857059, 1.11539190098, 0.825113065985, 115.886149584, 0.984847815725, 4.57256088504, 0.981713971411, 4.8796800077, 0.923304670352, 45.3408281225, 9.5705500832
1.32984113126, 1.07434784045, 0.77717060236, 0.84455826279, 2.96430846266, 0.953815635921, 3.83619898695, 0.859424497466, 0.965865037821, 4.29610318696, 6.01186991142, 0.913014476208, 1.78740821299, 0.925841926938, 1.09000087773, 1.03270709519, 1.03475904537, 1.00066871147, 3.32838682087, 1.11539190098, 0.825113065985, 115.886149584, 0.936571597029, 4.57256088504, 0.981713971411, 4.8796800077, 0.923304670352, 37.7025164696, 15.0934688513
2.96549132596, 1.15687434887, 0.773962778849, 0.915254500354, 5.60123786489, 0.856404968635, 1.66708545681, 0.829731654927, 0.915225897866, 2.37024056752, 5.45085761645, 1.0732913932, 2.35120748958, 1.05988669599, 1.09000041653, 1.05262950036, 1.02569784004, 1.05665030779, 7.08400955919, 1.03508569147, 0.808244050113, 245.595872295, 1.01117934512, 3.55925946639, 1.01937412019, 1.92517194705, 1.0789150879, 41.2981300025, 15.5302710828
1.91403276773, 1.12894165394, 0.932336044831, 1.13197088798, 2.00281180368, 0.854756030975, 4.53347047609, 0.971362370143, 0.911632811585, 5.23540500329, 3.79973703513, 1.03981689874, 3.64922821786, 0.958532275888, 1.0900005088, 1.1084641505, 1.03475904537, 1.17655798777, 3.32838682087, 1.15063333652, 0.949201066553, 173.10660634, 1.04489700006, 3.05217626809, 1.15398066187, 2.72579292253, 1.28350068277, 64.1337590182, 11.0401352518
4.09456483125, 1.03619608969, 1.10663008166, 0.984079880786, 5.31728115437, 0.889831543668, 1.50337219695, 0.820487141375, 0.948817324587, 5.87154100705, 3.15038084918, 0.874777563708, 2.90729069917, 0.909839391485, 1.09000017612, 1.03059081385, 1.00948104075, 0.864332870131, 8.33785440554, 1.01908177654, 0.905584050238, 185.908817501, 1.12323286517, 3.73266830028, 1.17059593375, 4.95035335971, 1.13125930522, 66.0519842215, 12.8889846317
1.32984113126, 1.11384435577, 0.77717060236, 0.939304069972, 2.96430846266, 0.953815635921, 4.29166153131, 0.859424497466, 0.965865037821, 1.39862780003, 1.8361588252, 0.827111251726, 1.78740821299, 0.925841926938, 1.09000087773, 1.03270709519, 1.02944442873, 1.00066871147, 9.48672857059, 1.11539190098, 0.825113065985, 115.886149584, 0.984847815725, 3.47622075424, 0.981713971411, 4.8796800077, 1.14142000511, 135.927713376, 11.766576312
4.49050858568, 1.36219494569, 0.797639368996, 1.19111089263, 4.40403577008, 0.800076271249, 5.35195358293, 0.904705360757, 0.996042549312, 4.26581297096, 3.12108909896, 0.878034038189, 4.80318704734, 0.889436380205, 1.09000070343, 1.05458002766, 1.00323639871, 1.21046744277, 6.01570060546, 1.09964327639, 0.884949595446, 362.010004578, 1.18819878836, 1.44761150785, 1.0326514362, 3.95189980693, 1.06662599429, 108.65913999, 12.335238029
2.98439138637, 1.09486205251, 0.898814721745, 1.08956185896, 4.80883094451, 0.871701956131, 3.12678427598, 1.07828082951, 0.999735919038, 3.75187671147, 6.41574148591, 1.01824290991, 2.15303923546, 1.0092820557, 1.09000002648, 1.08212962857, 1.04925047622, 1.03708944153, 9.34882426492, 1.07807378555, 0.942928172304, 78.6152117471, 1.15291135746, 4.01458137678, 0.960694991188, 2.26253723201, 0.996766872223, 142.278647799, 11.8644577039
5.72096790236, 1.19273950003, 0.820736425993, 1.05431404812, 3.55860164876, 0.742942290625, 3.06311644819, 0.84181882794, 0.989073930154, 2.44886106348, 3.00370618007, 0.888360397048, 3.19960152104, 1.16958007684, 1.09000017525, 1.00686778917, 1.00116204066, 1.14476911244, 5.19206596066, 1.15151958894, 0.792422212107, 168.100734878, 1.02175991338, 5.68198665731, 1.03196773181, 1.03804488226, 1.08644594229, 82.6886310511, 13.9881399894
5.79394266614, 1.37443200218, 1.09287614804, 1.19638828817, 2.83566705357, 0.999966931488, 1.22429202891, 0.850039266586, 0.960692447386, 3.26770117941, 6.21534468127, 0.87896943703, 1.16053731432, 1.27443523428, 1.09000038819, 1.09102248153, 1.03705253805, 0.939863919042, 5.47605627936, 1.03567428859, 0.828909692055, 189.818326708, 1.16270034904, 3.19223501526, 1.19618097842, 2.16397585394, 1.04367251571, 91.2058280754, 12.9363395661
1.2899433649, 1.33949657696, 1.03271888191, 1.02496924162, 3.69864786516, 0.880272608856, 4.33344537546, 0.936187807628, 0.900051156818, 4.81447868568, 2.71492400051, 1.00526197228, 3.83451131018, 1.26434386239, 1.09000082315, 1.0020145976, 1.04229037172, 1.04750229314, 6.07553139082, 0.950616856888, 0.824672538877, 147.39248052, 1.19457662055, 4.21175757712, 1.05170266516, 2.93420851135, 1.17049181964, 84.8152662064, 14.668092305
3.10740127178, 1.3679842612, 0.758086222626, 1.00068681272, 2.91530078247, 0.86311801494, 3.85070796117, 0.906282369008, 0.903547889626, 2.48155457651, 4.70141657014, 1.05198054014, 1.79180233908, 1.10453933549, 1.09000023867, 1.06968585559, 1.04521107986, 0.83101482911, 8.68859253865, 1.02628472211, 0.760849290091, 369.946379874, 1.14746320958, 1.60872063468, 1.23276000825, 1.1710363948, 0.901041487895, 169.46521133, 12.7731745076
5.72096790236, 1.19273950003, 0.820736425993, 1.05431404812, 3.55860164876, 0.742942290625, 3.06311644819, 0.84181882794, 0.989073930154, 2.44886106348, 3.00370618007, 0.888360397048, 3.19960152104, 0.829277647204, 1.09000017525, 1.00686778917, 1.00116204066, 1.14476911244, 5.19206596066, 1.15151958894, 0.792422212107, 168.100734878, 1.02175991338, 5.68198665731, 1.03196773181, 1.03804488226, 1.08644594229, 122.981565049, 13.4330089691
1.6156683332, 1.38703830155, 0.777009129069, 1.14724804959, 5.47397745202, 0.792982704669, 4.14730996283, 1.09308675376, 0.913064433626, 1.39753147462, 2.69053683102, 1.03530003724, 3.03548402392, 1.07906081027, 1.09000065108, 1.10351428811, 1.00138689012, 1.20055048444, 4.7920822933, 1.02839054678, 0.773030930784, 385.832350069, 0.945263463166, 5.2364664358, 1.22223505201, 1.75091874258, 1.07792605429, 200.417334609, 12.831524513
5.06141197295, 1.0918987153, 0.794780787254, 1.10571320089, 5.90675102506, 0.816808391917, 1.11376932557, 1.08671256502, 0.991339652307, 2.05040027711, 5.48926113721, 0.853786540536, 4.8035650863, 1.14525430261, 1.09000074535, 1.09703423474, 1.00815168624, 0.828368816276, 5.2104862654, 1.16311974225, 0.81650088949, 285.540284572, 1.18447372269, 3.58841522044, 1.03887351213, 4.02685111468, 1.09357036076, 92.2506174419, 19.5157605736
5.36523884403, 1.00489706075, 1.03839480847, 0.884939228792, 3.09273505732, 0.868306578937, 2.99673394467, 1.05163013202, 0.91552854272, 1.92795042315, 4.25679350642, 1.02917508292, 1.78183889352, 1.21809514241, 1.09000011817, 1.00316038579, 1.03366256493, 1.07237538541, 3.7651780003, 1.18861930328, 0.796014512593, 390.382170504, 0.921375657552, 5.57743242175, 1.00091243633, 2.96983388691, 1.20705990605, 116.471172205, 15.615738422
5.72146397122, 1.0513269408, 0.864827772619, 1.21290302766, 4.90055538772, 0.869800562541, 2.96773363116, 1.0849440814, 0.91660847414, 2.01371924774, 7.42364667638, 1.05485837074, 1.25594543601, 1.22598177454, 1.09000029308, 1.04363814483, 1.02435035405, 0.93620864773, 5.35426111359, 1.01614459251, 0.895112571101, 52.4215216014, 0.919712647629, 4.14651611372, 1.13294628952, 2.82382694248, 1.22912804405, 207.854726674, 13.3257016476
3.35729849651, 1.33879483837, 0.91953007434, 0.939304069972, 4.57915742628, 0.953756428428, 2.67062572835, 0.928985986384, 0.970759943301, 2.49782386864, 6.1905575295, 1.06702910042, 2.35351830299, 1.28008754097, 1.09000079412, 1.05944544462, 1.03257423119, 1.04923656048, 7.01857759411, 0.981488536318, 0.800667961395, 137.032471488, 1.19052143856, 2.78317543809, 0.987751123278, 1.17769725089, 1.05418132208, 237.337214615, 13.3049068332
1.2899433649, 1.33949657696, 1.03271888191, 1.02496924162, 1.71850931924, 0.880272608856, 5.97780388539, 0.976179575109, 0.900051156818, 4.81447868568, 1.75438797747, 1.00526197228, 3.83451131018, 1.26434386239, 1.09000082315, 1.00388991362, 1.04229037172, 1.04750229314, 6.07553139082, 0.950616856888, 0.870533978408, 287.897349502, 0.98253706199, 4.21175757712, 1.05170266516, 2.93420851135, 1.17049181964, 109.905430378, 20.9928886411
4.11160525557, 1.0544844646, 1.151318853, 1.19583678338, 2.23365185386, 0.985646674206, 5.83499715977, 0.933825932641, 0.900156620179, 3.66722138508, 3.72998206988, 1.0503239827, 2.51731359845, 1.00067661752, 1.09000096129, 1.10391113885, 1.04400368204, 1.13765601314, 8.57145265876, 1.00088388496, 0.897835147027, 102.534816984, 0.960579784814, 4.65515357867, 1.17255487891, 5.42169711964, 1.14919534353, 219.874344658, 13.5314804481
2.08015415661, 1.18859385861, 1.11918391652, 1.01432889886, 5.14840484467, 0.879596428007, 3.15714249561, 0.834849216258, 0.993456505349, 2.96012468236, 4.23318388901, 0.840283305779, 1.14684646236, 1.28257156699, 1.09000094425, 1.10502351605, 1.02823770485, 0.966624921016, 7.0993404387, 0.959730480864, 0.8114889363, 113.898747475, 1.19208586337, 4.36971524484, 1.11436222768, 1.56575745043, 1.21741189237, 147.586453756, 17.3885147764
4.98097612057, 1.00796928297, 1.05959137732, 1.09744223205, 4.32329894973, 0.742271686886, 4.69452314917, 0.848749723942, 0.966530803776, 4.38688170685, 5.99273428354, 0.972357926551, 1.8967503751, 1.24512469627, 1.09000086861, 1.09892131479, 1.02777328913, 0.88825347913, 5.86593059762, 0.972109446889, 0.770625426026, 67.2636771679, 0.958093019056, 3.3269994401, 1.08152334398, 3.98059926844, 0.994277536502, 210.37610428, 14.8834547454
2.62473447041, 1.07869291191, 0.80786525123, 1.14841903686, 4.01529586082, 0.747367401112, 1.27601078131, 1.07114455449, 0.914994698837, 3.99349077276, 3.90202115824, 0.853781266997, 1.79398265872, 1.10280625685, 1.09000015013, 1.10247851317, 1.04724782332, 1.22058609931, 9.76543207544, 0.959367008166, 0.996716931447, 102.274600432, 1.09933799509, 5.9120789676, 1.19847341552, 3.83634259231, 1.05639922707, 256.44794749, 14.0017668412
2.88934659414, 1.37023563088, 0.808564741862, 0.909255380121, 5.44992773522, 0.717526551204, 3.05243471412, 0.887309620652, 0.967447115858, 2.4851797043, 1.61344893064, 0.992736732684, 3.24999499801, 1.08553592358, 1.09000038191, 1.05926506511, 1.00590158595, 0.995450765259, 8.50378672147, 1.03589752637, 0.945053208355, 35.4731396406, 0.922380439091, 1.55451623407, 1.05045552967, 5.40777028827, 1.25320795591, 165.926217024, 17.6265815104
3.47262247827, 1.28934455111, 1.00543267442, 0.857021978895, 5.86329991822, 0.753416673109, 1.42408349877, 1.04670290304, 0.940087666609, 2.36946759912, 5.04900276458, 0.925904735491, 3.89761341662, 1.22804786581, 1.09000071931, 1.03553621524, 1.0138413484, 1.22760525498, 6.42951602323, 0.910919920507, 0.824672538877, 142.465411533, 1.19457662055, 3.47622075424, 1.04527377251, 4.10024295587, 0.952091470437, 144.247513453, 23.3124543652
5.89848870981, 1.21402299176, 1.09001978763, 1.12642931232, 1.45067975868, 0.903435639629, 3.82412467915, 1.09796034628, 0.949598383323, 1.52026731314, 6.35393569017, 0.876268155629, 4.57781807602, 0.837311406844, 1.09000063302, 1.0065636776, 1.011243374, 1.18850061321, 8.19834001862, 0.974997403913, 0.931169758712, 130.516397726, 0.953977824666, 1.93007484684, 1.13115139268, 3.87200024865, 0.950846192306, 268.551722183, 14.6435683715
2.11749789517, 1.0600395247, 0.742644056514, 1.17582081219, 3.04479008663, 0.873460492176, 1.79791930744, 0.942180050367, 0.933314837717, 2.7958011037, 3.98510723325, 1.0443622977, 1.08545460263, 0.877630550969, 1.09000025322, 1.09809402705, 1.01795788901, 1.09551745943, 8.26672933626, 0.976177652545, 0.796926561961, 328.698067482, 1.17214992513, 3.48750857641, 1.1349319458, 4.3409875898, 1.07797888513, 213.608571188, 15.1126757203
5.72146397122, 1.0513269408, 0.864827772619, 1.21290302766, 4.90055538772, 0.869800562541, 2.96773363116, 1.08097161251, 0.91660847414, 2.01371924774, 7.42364667638, 1.05485837074, 1.25594543601, 1.22598177454, 1.09000029308, 1.04363814483, 1.02435035405, 0.93620864773, 5.35426111359, 1.01614459251, 0.895112571101, 52.4215216014, 0.919712647629, 4.14651611372, 1.13294628952, 2.82382694248, 1.22912804405, 186.403603898, 18.5568558364
3.35729849651, 1.33879483837, 0.91953007434, 0.939304069972, 4.57915742628, 0.794419942231, 2.67062572835, 1.09379349927, 0.970759943301, 2.49782386864, 6.1905575295, 1.07294373016, 2.35351830299, 1.28008754097, 1.09000079412, 1.05944544462, 1.03257423119, 1.04923656048, 7.01857759411, 1.07807378555, 0.849477009603, 210.629532865, 1.19052143856, 5.54132052389, 0.987751123278, 1.17769725089, 1.05418132208, 299.847388408, 14.9537960287
5.98822952825, 1.21653550692, 0.783139215486, 1.02878116737, 5.90089859657, 0.804315285062, 2.37947245326, 0.908662033741, 0.920291555921, 5.89521545492, 4.41720399871, 0.994365250099, 3.17603938617, 1.17198773109, 1.09000016995, 1.03164461313, 1.02276664831, 0.817626682125, 9.45624747217, 0.926508380293, 0.776217250385, 387.956219054, 0.928731298892, 5.56046090967, 1.08454593528, 1.15212039985, 1.05538962081, 170.683015049, 24.1096005565
5.38758166762, 1.13096435295, 0.946426622354, 1.1269577657, 6.53223267352, 0.800121049285, 1.67490985585, 0.939860954471, 0.940597430327, 1.89068759907, 3.20027599285, 0.94090362754, 4.00303613096, 1.00847351054, 1.09000072513, 1.09601951577, 1.04203959677, 1.15805765273, 5.8038591644, 0.922878923385, 0.834153885794, 210.629532865, 1.15320291886, 2.7103904607, 1.04711001911, 1.73649744998, 0.942739489036, 283.115068673, 16.4361438789
2.72492922393, 1.20438036407, 1.00543267442, 0.857021978895, 6.89236215735, 0.753416673109, 1.42408349877, 1.09062643653, 0.940087666609, 1.8310543234, 3.15038084918, 0.925904735491, 3.89761341662, 1.16891855266, 1.09000023024, 1.03553621524, 1.0138413484, 0.967486361369, 6.42951602323, 0.910919920507, 0.824672538877, 142.465411533, 1.13328344896, 4.57256088504, 1.04527377251, 4.10024295587, 0.952091470437, 244.349370626, 19.1361321453
4.39155697865, 1.36805366109, 0.861121757732, 0.93654500735, 2.16479305416, 0.858627765809, 1.34981876953, 0.93530694442, 0.993865495624, 3.45387286405, 2.80441171221, 1.00486168084, 1.58774432806, 0.887655564113, 1.09000027044, 1.05262950036, 1.00187569015, 1.01209410122, 4.17182606953, 0.944741790046, 0.985080418293, 375.173828614, 0.97620323034, 5.07409960005, 0.960210916878, 2.2592714054, 0.960980474435, 352.646926146, 16.0439163065
2.86817836654, 1.19393524931, 1.10668334146, 1.20726993325, 2.07921664831, 0.979087993929, 1.11376932557, 0.910426362168, 0.98909092554, 2.05040027711, 2.22838429204, 1.09402690542, 4.7302095522, 0.968744632512, 1.09000081732, 1.07489367535, 1.02624346169, 0.814740083362, 3.05359609759, 1.17872313385, 0.848492724461, 277.26667862, 1.14644920348, 1.70283461094, 1.03887351213, 3.70898531764, 0.935431389658, 398.947531547, 16.336770501
3.95529001916, 1.40425479121, 0.968302250941, 1.19404230385, 4.32760949275, 0.886854192236, 1.46439894999, 0.960700025174, 0.964247671894, 4.39483016969, 3.26735351871, 1.08715629095, 4.55455781842, 1.21178471536, 1.09000057349, 1.02525543856, 1.00789171526, 0.88457835047, 4.1850888977, 0.937737150249, 0.904120656622, 175.182544102, 1.05782757114, 2.03851698175, 1.2297565864, 2.48292458864, 1.14488775805, 388.38474271, 16.3832494941
4.74640124608, 1.34737766139, 0.901718264252, 1.0482061059, 2.72871097115, 0.824958422289, 3.38917380849, 0.838615062625, 0.9923668444, 5.5229850137, 6.61838751827, 1.02823200511, 3.20181754246, 1.04387681675, 1.09000077583, 1.00431783524, 1.04699367114, 1.20982441875, 6.3082897567, 1.09530300729, 0.992062181335, 73.5280962008, 1.10478055417, 4.58803112014, 1.09732833275, 1.13679999357, 0.90402048014, 450.278910694, 16.1148799434
1.62708858462, 1.0693353039, 0.960178572582, 0.932809846983, 1.4383182331, 0.762046005122, 3.86666705901, 1.05523133061, 0.952935188755, 4.03929364758, 3.87760663746, 1.08980920472, 3.4018439749, 1.10280625685, 1.09000042398, 1.10004478778, 1.02325966371, 1.02478596657, 4.70192839147, 1.14523753483, 0.97717445497, 270.147256016, 1.0370517592, 1.76726651735, 1.0895127841, 3.16534186003, 1.15542402051, 216.662005076, 25.9148632468
3.47444153904, 1.12640121228, 1.02873731849, 0.81448465249, 4.42202263634, 0.908337964671, 3.6743096509, 1.03755624178, 0.960519743174, 4.90543545437, 6.43832895695, 1.0434713168, 2.47587626142, 0.83254004118, 1.09000068635, 1.04170088574, 1.03988571679, 1.05632137505, 3.21081322037, 1.17550706437, 0.987967634632, 164.05185217, 1.08705278948, 4.32710786037, 1.06162269173, 4.43666635972, 0.972552125095, 234.011792375, 25.7387616882
5.20490180736, 1.01782496986, 0.8363224951, 0.964076287518, 1.82752333845, 0.951482863465, 1.2630620485, 0.986883982047, 0.907081759167, 2.25704022738, 1.67151062848, 0.822283291711, 1.02419400086, 0.907099265332, 1.09000097568, 1.03620847293, 1.01095490452, 0.933434620823, 9.34702527118, 1.02812557699, 0.887735571555, 260.402810442, 0.959045722952, 4.68437245964, 1.16201857253, 3.47719057505, 1.05385698752, 416.819674462, 16.6556752556
1.62708858462, 1.0693353039, 0.960178572582, 0.870236520173, 1.4383182331, 0.762046005122, 3.86666705901, 1.05523133061, 0.952935188755, 4.03929364758, 4.89641948535, 1.08980920472, 3.4018439749, 1.16043579528, 1.09000042398, 1.10004478778, 1.02325966371, 1.02478596657, 4.70192839147, 1.14523753483, 0.97717445497, 270.147256016, 1.0370517592, 1.76726651735, 1.0895127841, 3.16534186003, 1.15542402051, 459.047323093, 16.6652658088
2.32352476777, 1.42810899614, 0.777975028901, 1.19709878366, 3.27807933423, 0.962937550341, 2.21600124806, 0.937792568935, 0.929300658057, 5.58610945818, 4.25633871632, 1.06569218796, 1.53751289301, 0.886367643416, 1.09000053966, 1.07747828641, 1.04732163696, 1.05586699972, 7.99988831118, 1.04980852223, 0.976941966555, 302.190837028, 1.10952839663, 4.9911190257, 1.04522788376, 1.72755373299, 1.22284953786, 299.825083622, 21.0969268568
2.96549132596, 1.00586216641, 0.773962778849, 1.17873115294, 2.1583992897, 0.874306320864, 2.87117697012, 0.855488710449, 0.965709789144, 5.35531195921, 2.29587705875, 0.981671153502, 4.48234743876, 0.879467800229, 1.09000029644, 1.02924508919, 1.0466714184, 1.01574352383, 8.4052227937, 1.13846714634, 0.866358233216, 205.644774634, 1.15402936417, 3.16063239144, 1.12577047403, 1.27872111697, 1.09788126107, 318.291941476, 20.4784243408
2.84275068096, 1.33075775058, 1.02096002545, 1.15862236763, 4.77889573553, 0.848022684774, 4.10425963385, 0.822893733084, 0.964244860806, 5.51097568502, 5.80144015547, 0.858808092341, 2.6435888206, 0.909082059207, 1.0900007246, 1.10721145244, 1.00385525209, 1.07626238221, 7.25117695629, 0.972988846125, 0.964601314266, 153.438297313, 1.17469100903, 3.61269194916, 1.19576801224, 3.46700382793, 0.87024784684, 301.838974796, 20.8252875182
4.39155697865, 1.15687434887, 0.73365083395, 1.08457611048, 5.60123786489, 0.881994285427, 1.66708545681, 0.829731654927, 0.915225897866, 2.37024056752, 5.45085761645, 1.0732913932, 2.35120748958, 1.05988669599, 1.09000048025, 1.05262950036, 1.02569784004, 0.968853253661, 7.08400955919, 1.01433733636, 0.808244050113, 245.595872295, 1.01117934512, 3.55925946639, 1.01937412019, 1.92517194705, 1.0789150879, 263.66360508, 26.4246340518
2.1927303981, 1.08569377829, 1.04610155734, 1.17582081219, 1.72307000159, 0.973567599159, 2.51597214715, 0.99349536169, 0.953248269117, 4.73892256132, 5.99509972142, 1.07887405133, 1.28153598611, 1.09005062398, 1.09000028767, 1.02565836584, 1.02279707229, 1.1727831823, 3.22770946232, 1.05398904908, 0.992465347896, 29.3816587837, 0.910086624268, 5.42124775611, 0.993590198661, 4.54345417063, 0.958773938136, 309.296548583, 20.8981439855
4.28034476723, 1.16620520129, 1.00063613923, 0.890219947305, 5.82275284956, 0.716618697869, 3.43383749989, 0.907926642772, 0.947792164228, 3.23204784519, 3.67494197744, 0.904812344744, 2.78376527454, 1.00694837364, 1.09000025937, 1.00146003107, 1.01652806253, 0.908147830659, 6.57732078442, 1.17404459158, 0.99996757564, 386.811097063, 1.13764276794, 1.23752302073, 1.20499314917, 3.4489984752, 1.07316146325, 511.869214999, 17.5557436848
4.33092155777, 1.1772163074, 0.841890225002, 0.945108465187, 5.59176152008, 0.792982704669, 4.70267245958, 1.04587004135, 0.922796690403, 4.73962497144, 4.19388227738, 1.07651430899, 1.15318923466, 1.04915533652, 1.09000084802, 1.06229712682, 1.03362471995, 0.955155002845, 4.45942365052, 1.14014950311, 0.773030930784, 378.150641918, 0.929031408916, 3.02545355836, 1.17223296315, 1.15079363429, 0.926069730221, 270.048712967, 27.2900636669
2.96549132596, 1.15687434887, 0.773962778849, 0.915254500354, 5.60123786489, 0.856404968635, 1.66708545681, 0.829731654927, 0.915225897866, 2.37024056752, 5.45085761645, 1.0732913932, 2.35120748958, 1.05988669599, 1.09000048025, 1.05262950036, 1.02569784004, 0.968853253661, 7.08400955919, 1.03508569147, 0.808244050113, 245.595872295, 1.01117934512, 3.55925946639, 1.01937412019, 1.92517194705, 1.0789150879, 574.725038483, 17.7165888834
4.81081497815, 1.27107866224, 0.813831208797, 0.979280944417, 3.90476462829, 0.840139757704, 2.56066690604, 0.916349110158, 0.990007033031, 2.05794352715, 6.4614574548, 0.903175674771, 1.14684646236, 0.856705250509, 1.09000041653, 1.10508705592, 1.02988055162, 1.05665030779, 7.32502432745, 0.99540659644, 0.949748105087, 268.620894326, 1.19208586337, 2.22013379823, 1.00296761735, 2.24356929541, 1.23291562429, 293.814236571, 28.7554570786
3.00480387067, 1.0544844646, 1.151318853, 1.21631538929, 2.23365185386, 0.951930011829, 3.05243471412, 0.933825932641, 0.900156620179, 3.66722138508, 1.61344893064, 1.0503239827, 2.51731359845, 1.00067661752, 1.09000096129, 1.10391113885, 1.04400368204, 1.13765601314, 8.57145265876, 1.00088388496, 0.897835147027, 102.534816984, 0.960579784814, 4.65515357867, 1.17255487891, 5.42169711964, 1.14919534353, 625.280330147, 17.9693416746
2.35299290605, 1.2310810597, 0.783309756252, 0.970180292594, 5.74028601424, 0.866325599947, 4.07396211996, 0.919946464797, 0.927106816797, 2.92875196293, 6.78822593657, 0.951236220884, 4.80415876987, 1.26928783245, 1.09000085759, 1.0334693722, 1.00932730149, 0.955887688089, 3.20224903763, 1.04938821989, 0.941417053162, 78.6269419544, 0.992889537347, 5.07409960005, 1.15009872657, 3.93722157273, 0.904868208174, 340.380075063, 22.1395769668
4.98097612057, 1.03388328758, 1.05959137732, 1.05979725836, 4.32329894973, 0.742271686886, 5.1326500487, 0.848749723942, 0.964920927002, 3.54729971085, 5.99273428354, 0.972357926551, 1.8967503751, 1.24512469627, 1.09000086861, 1.09892131479, 1.04047632389, 0.812167553028, 5.86593059762, 0.97492201879, 0.770625426026, 67.2636771679, 0.958093019056, 2.97967681401, 1.08152334398, 3.98059926844, 0.994277536502, 469.758058635, 20.3012580064
5.07450253179, 1.10811997484, 0.878555408437, 0.816190682782, 6.59308796369, 0.974523866404, 2.88151101904, 1.00838665664, 0.994911142936, 5.38132947446, 4.75682915109, 0.862440502728, 4.66670893524, 1.16413724396, 1.09000050365, 1.07703695905, 1.00263879826, 0.819191115119, 6.80649449113, 0.955006806807, 0.974193403129, 172.266549997, 0.956848126694, 3.36275586189, 0.973024766466, 1.64587027131, 1.01593154232, 376.521153967, 22.8769628488
2.08015415661, 1.0444733912, 1.11918391652, 1.01432889886, 5.14840484467, 0.904964356966, 3.15714249561, 0.834849216258, 0.993456505349, 2.96012468236, 4.23318388901, 0.840283305779, 1.14684646236, 1.28257156699, 1.09000094425, 1.10502351605, 1.02823770485, 1.04598672746, 8.50378672147, 0.958799632215, 0.8114889363, 331.267229771, 1.19208586337, 4.36971524484, 1.11436222768, 1.56575745043, 0.968894599125, 305.355307342, 28.2677898113
2.88934659414, 1.37023563088, 0.808564741862, 0.909255380121, 5.44992773522, 0.717526551204, 3.05243471412, 0.887309620652, 0.967447115858, 2.4851797043, 1.8827421659, 0.992736732684, 3.24999499801, 1.08553592358, 1.09000038191, 1.05926506511, 1.00590158595, 0.995450765259, 8.50378672147, 1.03589752637, 0.945053208355, 35.4731396406, 1.04516908212, 1.55451623407, 1.05045552967, 5.40777028827, 1.25320795591, 714.537866109, 19.197675608
3.47262247827, 1.28934455111, 1.00543267442, 0.857021978895, 5.86329991822, 0.753416673109, 1.42408349877, 1.04670290304, 0.940087666609, 2.36946759912, 5.04900276458, 0.925904735491, 3.89761341662, 1.26767826289, 1.09000071931, 1.03553621524, 1.0138413484, 1.22760525498, 6.42951602323, 0.910919920507, 0.824672538877, 142.465411533, 1.19457662055, 3.47622075424, 1.04527377251, 4.10024295587, 0.952091470437, 696.120370913, 19.3274155583
2.03989744324, 1.36930630141, 0.753661358868, 1.09881682656, 2.50342315816, 0.721060944185, 4.57661491794, 1.09821537115, 0.98707950051, 1.76117543584, 5.3712319517, 0.955755114217, 1.94910982308, 0.978803404724, 1.09000098217, 1.02692688682, 1.02291307781, 0.89867169493, 7.85708065088, 1.13177090238, 0.860014280253, 310.767000857, 1.05109102464, 1.3323943769, 1.23367975425, 4.3278902379, 1.1414188618, 513.648532061, 20.3926435546
3.69991204236, 1.26835934757, 1.11918391652, 1.01432889886, 5.14840484467, 0.879596428007, 3.15714249561, 1.08373456943, 0.993456505349, 4.95493128838, 3.42221401617, 0.840283305779, 5.04541032295, 1.28257156699, 1.09000001822, 1.10502351605, 1.02823770485, 0.966624921016, 7.0993404387, 0.965538599214, 0.976629511557, 113.898747475, 1.19874932965, 4.36971524484, 1.11436222768, 2.36455536556, 1.21741189237, 563.632273676, 20.3845740078
1.22370901512, 1.36714307726, 0.927371449358, 0.800295202972, 1.92438406151, 0.809520482136, 4.79143074552, 0.89460064875, 0.904590197232, 1.87640818767, 6.58356925803, 0.960588098316, 2.12715484341, 1.27905195442, 1.09000065467, 1.07306959426, 1.00138145044, 1.18235458132, 8.91378063128, 0.912929442501, 0.818804793154, 147.57157767, 0.952262946846, 1.5781317026, 1.0814699866, 3.04706387545, 1.27477750742, 493.257218307, 20.803363103
5.72146397122, 1.0513269408, 0.864827772619, 1.21290302766, 4.90055538772, 0.868306578937, 2.96773363116, 1.08097161251, 0.977690155379, 4.18044899829, 7.42364667638, 0.864921624379, 1.25594543601, 0.953728247596, 1.09000029308, 1.04363814483, 1.02435035405, 0.93620864773, 5.35426111359, 1.01614459251, 0.895112571101, 52.4215216014, 0.919712647629, 4.14651611372, 1.13294628952, 2.82382694248, 1.22912804405, 692.944523656, 19.850570917
1.2899433649, 1.33949657696, 1.03271888191, 1.02496924162, 3.69864786516, 0.880272608856, 4.54070528644, 0.936187807628, 0.900051156818, 4.81447868568, 2.71492400051, 1.00526197228, 3.83451131018, 1.26434386239, 1.09000082315, 1.00388991362, 1.04229037172, 1.04750229314, 6.07553139082, 0.950616856888, 0.870533978408, 287.897349502, 0.98253706199, 4.21175757712, 1.05170266516, 2.93420851135, 1.17049181964, 400.314576004, 22.3029762316
3.80971968688, 1.32220093504, 1.02237313999, 1.12811952368, 2.22073032729, 0.913272512772, 5.97780388539, 0.856387668822, 0.977649351004, 3.6163600276, 5.85218778254, 1.08622149977, 5.01814207293, 1.01464208892, 1.09000082444, 1.0247753949, 1.03000913031, 0.961225309213, 8.86839785072, 0.970993759852, 0.767032093272, 186.09619211, 1.02168001789, 1.3780556318, 0.953280164316, 3.14017947165, 1.1526060632, 313.407324964, 28.6026720999
1.51105387669, 1.33879483837, 1.03202678786, 0.877958141862, 2.32690474278, 0.903739286764, 3.40551714415, 0.971489771279, 0.987516142807, 2.9097153782, 7.70254604207, 1.04632992945, 4.63541850727, 0.949301743101, 1.09000070343, 1.08893210959, 1.04751078655, 1.04478277144, 3.69702861955, 1.07959870409, 0.884949595446, 137.052187334, 0.931578508987, 3.61269194916, 0.953558384173, 1.68287759041, 1.16769375377, 763.841661284, 19.6926106483
2.1927303981, 1.08569377829, 1.04610155734, 1.0587390393, 4.87455280672, 0.973567599159, 2.51597214715, 0.99349536169, 0.953248269117, 4.73892256132, 5.99509972142, 1.07887405133, 1.28153598611, 1.09005062398, 1.09000028767, 1.02565836584, 1.02279707229, 1.1727831823, 3.22770946232, 1.05398904908, 0.811487996845, 29.3816587837, 0.910086624268, 5.42124775611, 0.993590198661, 4.54345417063, 0.958773938136, 791.205925482, 19.5214894566
4.49050858568, 1.36219494569, 0.870403094242, 1.19111089263, 4.40403577008, 0.800076271249, 5.35195358293, 0.83628629219, 0.987054127795, 4.26581297096, 3.12108909896, 0.878034038189, 4.65200680254, 1.02957341007, 1.09000081153, 1.05458002766, 1.00323639871, 1.21046744277, 6.01570060546, 1.09964327639, 0.929233383883, 362.010004578, 1.09039904254, 1.44761150785, 1.0326514362, 3.95189980693, 1.11176387428, 815.06419464, 20.2067865558
2.62473447041, 1.34109493708, 0.80786525123, 1.14841903686, 4.01529586082, 0.873460492176, 1.27601078131, 1.07114455449, 0.914994698837, 3.99349077276, 3.90202115824, 0.853781266997, 1.79398265872, 1.10280625685, 1.09000015013, 1.02858353615, 1.04724782332, 1.22058609931, 9.76543207544, 0.959367008166, 0.996716931447, 102.274600432, 1.09933799509, 5.9120789676, 1.2171359953, 3.83634259231, 1.05639922707, 871.940399588, 20.1634908008
2.84275068096, 1.33075775058, 1.02096002545, 1.15862236763, 4.77889573553, 0.848022684774, 4.10425963385, 1.08281231928, 0.964244860806, 5.51097568502, 5.80144015547, 0.858808092341, 2.6435888206, 0.909082059207, 1.0900007246, 1.10721145244, 1.00385525209, 1.07626238221, 7.25117695629, 0.972988846125, 0.964601314266, 153.438297313, 1.17469100903, 3.88002162198, 1.19576801224, 3.46700382793, 0.87024784684, 357.217836523, 29.5722211695
5.9887650632, 1.05021443221, 1.14613895125, 0.818111126347, 7.03424565416, 0.864036222382, 2.7835884392, 0.911016797237, 0.952682934596, 5.3456688354, 6.11366920264, 0.89858950352, 1.61684376255, 0.85000407294, 1.09000044429, 1.01646075831, 1.0475485046, 1.17089402071, 5.86523482763, 1.1441782249, 0.979860394361, 54.5729730936, 1.09531175675, 2.19031106118, 1.02759945786, 1.28108089126, 1.23730775537, 364.595050427, 28.8554202864
1.95802537997, 1.23223051199, 1.07315605986, 0.973613934191, 4.73326874997, 0.895020300595, 4.77564447132, 0.928985986384, 0.904342771215, 4.14035944606, 2.18074365975, 0.856049897012, 3.14638774374, 1.06929032588, 1.09000027699, 1.01406232312, 1.00354944343, 1.18056650812, 7.98187573291, 1.18059569017, 0.9148150858, 141.910028677, 1.16931342214, 4.75330860291, 0.971247879299, 5.24277148504, 1.27466281669, 365.152213725, 31.5934072927
3.47262247827, 1.20438036407, 1.00543267442, 0.857021978895, 5.86329991822, 0.753416673109, 1.42408349877, 1.04670290304, 0.940087666609, 2.36946759912, 5.04900276458, 0.925904735491, 3.89761341662, 1.26767826289, 1.09000023024, 1.03553621524, 1.0138413484, 1.22760525498, 6.42951602323, 0.910919920507, 0.824672538877, 142.465411533, 1.13328344896, 4.57256088504, 1.04527377251, 4.10024295587, 0.952091470437, 469.088365091, 23.93476992
1.22370901512, 1.36714307726, 0.908284326862, 0.800295202972, 1.92438406151, 0.809520482136, 4.79143074552, 0.89460064875, 0.904590197232, 1.87640818767, 6.58356925803, 0.960588098316, 2.12715484341, 1.27905195442, 1.09000065467, 1.07306959426, 1.00138145044, 1.18235458132, 9.0830685239, 0.912929442501, 0.818804793154, 147.57157767, 0.952262946846, 1.5781317026, 1.0814699866, 3.04706387545, 1.27477750742, 373.129325823, 31.9570103577
4.09456483125, 1.00296003937, 1.10663008166, 0.984079880786, 5.31728115437, 0.889831543668, 5.46605530898, 0.820487141375, 0.948817324587, 5.87154100705, 3.15038084918, 0.874777563708, 2.90729069917, 0.909839391485, 1.09000024581, 1.04435633886, 1.00948104075, 0.967486361369, 8.33785440554, 1.01908177654, 0.905584050238, 185.908817501, 1.18819878836, 3.73266830028, 1.17059593375, 4.95035335971, 1.13125930522, 982.024620222, 20.351878486
2.32352476777, 1.42810899614, 0.777975028901, 1.19709878366, 3.27807933423, 0.962937550341, 2.21600124806, 0.937792568935, 0.929300658057, 5.58610945818, 7.63849592731, 1.06569218796, 1.53751289301, 0.886367643416, 1.09000053966, 1.07477899545, 1.04732163696, 1.05586699972, 9.23209977109, 1.04980852223, 0.976941966555, 302.190837028, 1.10952839663, 4.9911190257, 1.04522788376, 1.72755373299, 1.22284953786, 377.560841481, 30.8830334915
1.51105387669, 1.33879483837, 1.03202678786, 0.877958141862, 2.32690474278, 0.903739286764, 1.15677595762, 0.971489771279, 0.987516142807, 2.9097153782, 7.70254604207, 1.04632992945, 4.63541850727, 0.949301743101, 1.09000074904, 1.08893210959, 1.04751078655, 1.04478277144, 3.69702861955, 1.07959870409, 0.929233383883, 137.052187334, 0.931578508987, 3.61269194916, 0.953558384173, 1.68287759041, 1.16769375377, 480.452240008, 23.9205497196
4.39155697865, 1.15687434887, 0.73365083395, 0.8166541965, 5.60123786489, 0.881994285427, 1.66708545681, 0.882873659978, 0.915225897866, 3.65639380136, 5.45085761645, 1.0732913932, 2.35120748958, 1.05988669599, 1.09000048025, 1.05262950036, 1.02569784004, 0.968853253661, 7.08400955919, 1.06777694299, 0.808244050113, 245.595872295, 1.01117934512, 3.55925946639, 1.01937412019, 1.92517194705, 0.92525869317, 534.237536746, 22.1556796829
3.47262247827, 1.20438036407, 1.00543267442, 0.857021978895, 5.86329991822, 0.753416673109, 1.42408349877, 1.09062643653, 0.940087666609, 2.36946759912, 5.04900276458, 0.925904735491, 3.89761341662, 1.16891855266, 1.09000023024, 1.03553621524, 1.0138413484, 1.22760525498, 6.42951602323, 0.910919920507, 0.824672538877, 142.465411533, 1.13328344896, 4.57256088504, 1.04527377251, 4.10024295587, 0.952091470437, 593.36496083, 21.5423944334
3.47262247827, 1.20438036407, 1.00543267442, 0.857021978895, 5.86329991822, 0.753416673109, 1.42408349877, 1.04670290304, 0.940087666609, 2.36946759912, 5.04900276458, 0.925904735491, 3.89761341662, 1.26767826289, 1.09000023024, 1.03553621524, 1.0138413484, 1.22760525498, 6.42951602323, 0.910919920507, 0.824672538877, 142.465411533, 1.13328344896, 4.57256088504, 1.04527377251, 4.10024295587, 0.952091470437, 617.266602755, 21.6907050987
1.95802537997, 1.27948467524, 1.07315605986, 0.973613934191, 4.73326874997, 0.926885685744, 4.77564447132, 1.07588057647, 0.9487901208, 4.14035944606, 2.18074365975, 0.856049897012, 1.72602160571, 1.06929032588, 1.09000027699, 1.01406232312, 1.00975537567, 1.18056650812, 7.98187573291, 1.18059569017, 0.9148150858, 141.910028677, 1.16931342214, 4.75330860291, 0.971247879299, 5.24277148504, 1.27466281669, 393.031926846, 32.6811800855
5.07450253179, 1.10811997484, 0.878555408437, 0.816190682782, 6.59308796369, 0.974523866404, 2.88151101904, 1.00838665664, 0.994911142936, 5.38132947446, 4.75682915109, 0.862440502728, 4.66670893524, 1.28257156699, 1.09000050365, 1.07703695905, 1.00263879826, 0.813885791587, 6.80649449113, 0.955006806807, 0.997744483935, 172.266549997, 0.956848126694, 5.00544839044, 1.05230303879, 1.62022502074, 1.01593154232, 395.398886184, 32.2199841027
3.35729849651, 1.33879483837, 0.91953007434, 0.939304069972, 4.57915742628, 0.794419942231, 2.67062572835, 1.09379349927, 0.970759943301, 2.49782386864, 6.1905575295, 1.07600094924, 2.35351830299, 1.28008754097, 1.09000016995, 1.02611900729, 1.03257423119, 1.04923656048, 7.01857759411, 1.07807378555, 0.849477009603, 210.629532865, 1.19052143856, 5.54132052389, 0.987496962058, 1.17769725089, 1.02117320837, 909.579185764, 20.5415239538
1.91403276773, 1.12894165394, 0.932336044831, 1.13197088798, 2.00281180368, 0.854756030975, 4.53347047609, 0.971362370143, 0.911632811585, 5.23540500329, 3.79973703513, 1.03981689874, 3.64922821786, 0.958532275888, 1.0900005088, 1.1084641505, 1.02944442873, 1.17655798777, 9.48672857059, 1.15063333652, 0.949201066553, 173.10660634, 1.04489700006, 3.05217626809, 1.15398066187, 2.72579292253, 1.28350068277, 636.850911052, 21.816801871
2.08015415661, 1.02190195788, 1.10524895492, 0.979280944417, 3.90476462829, 0.840139757704, 2.56066690604, 0.916349110158, 0.990007033031, 2.05794352715, 6.4614574548, 0.903175674771, 1.14684646236, 0.856705250509, 1.09000041653, 1.10965593661, 1.02988055162, 1.05665030779, 7.32502432745, 0.92066159147, 0.949748105087, 268.620894326, 1.19208586337, 2.22013379823, 1.00296761735, 2.24356929541, 1.20195655583, 448.693522953, 32.0621177274
3.37403168574, 1.01565552666, 0.874478251749, 1.03729656768, 2.09719286182, 0.783891189322, 2.33366520956, 0.883640523841, 0.931701871613, 5.78776611206, 1.73838849833, 0.994562013966, 5.06026440358, 0.828323962216, 1.09000057645, 1.10174670242, 1.00220206354, 0.957711398789, 6.74729969569, 1.07527664989, 0.9990187493, 103.194087517, 1.00882919345, 3.39013357144, 1.0829801753, 3.65820568312, 1.04579451976, 540.120296529, 24.6618045106
3.47262247827, 1.28934455111, 1.00543267442, 0.857021978895, 5.86329991822, 0.753416673109, 1.42408349877, 1.04670290304, 0.940087666609, 2.36946759912, 5.04900276458, 0.925904735491, 3.89761341662, 1.26767826289, 1.09000071931, 1.03553621524, 1.0138413484, 1.22760525498, 6.42951602323, 0.910919920507, 0.824672538877, 142.465411533, 1.19457662055, 4.57256088504, 1.04527377251, 4.10024295587, 0.952091470437, 433.356046293, 32.7878075334
3.47262247827, 1.28934455111, 1.00543267442, 0.857021978895, 5.86329991822, 0.753416673109, 1.42408349877, 1.04670290304, 0.940087666609, 2.36946759912, 4.24679962323, 0.925904735491, 3.89761341662, 1.27239579459, 1.09000071931, 1.03553621524, 1.0138413484, 1.22760525498, 6.42951602323, 0.910205930493, 0.824672538877, 316.895761318, 1.19943404907, 4.57256088504, 1.04527377251, 4.10024295587, 0.952091470437, 431.390714628, 33.1526976767
3.35729849651, 1.33879483837, 0.91953007434, 0.939304069972, 4.57915742628, 0.953756428428, 2.67062572835, 1.07828082951, 0.970759943301, 2.49782386864, 6.1905575295, 1.06702910042, 2.35351830299, 1.28008754097, 1.09000079412, 1.05944544462, 1.03257423119, 1.04923656048, 7.01857759411, 1.07807378555, 0.849477009603, 83.5499219531, 1.19052143856, 5.54132052389, 0.987751123278, 1.17769725089, 1.05418132208, 530.262618593, 26.2532645069
1.32984113126, 1.11384435577, 0.77717060236, 0.84455826279, 2.96430846266, 0.953815635921, 3.83619898695, 0.859424497466, 0.965865037821, 1.39862780003, 1.8361588252, 0.913014476208, 1.78740821299, 0.925841926938, 1.09000087773, 1.03270709519, 1.02944442873, 1.00066871147, 9.48672857059, 1.11539190098, 0.825113065985, 115.886149584, 0.984847815725, 3.47622075424, 0.981713971411, 4.8796800077, 0.923304670352, 458.914453048, 32.1740990011
2.98439138637, 1.09486205251, 0.898814721745, 1.08956185896, 4.80883094451, 0.781960716549, 3.12678427598, 0.928985986384, 0.999735919038, 3.75187671147, 6.41574148591, 1.01824290991, 2.15303923546, 1.0092820557, 1.09000002648, 1.08212962857, 1.04925047622, 1.03708944153, 9.34882426492, 0.981488536318, 0.942928172304, 78.6152117471, 1.15291135746, 4.01458137678, 0.960694991188, 2.26253723201, 1.01688019418, 852.035344025, 21.1668699863
4.98097612057, 1.00796928297, 1.05959137732, 1.09744223205, 4.32329894973, 0.742271686886, 5.1326500487, 0.848749723942, 0.966530803776, 4.38688170685, 5.99273428354, 0.972357926551, 1.8967503751, 1.24512469627, 1.09000086861, 1.09892131479, 1.02777328913, 0.88825347913, 5.86593059762, 0.97492201879, 0.770625426026, 67.2636771679, 0.958093019056, 3.3269994401, 1.08152334398, 3.98059926844, 0.994277536502, 572.98488981, 25.6980009476
2.5734164636, 1.0374241744, 0.898593531171, 1.10887164055, 5.5925328391, 0.973567599159, 4.69452314917, 0.846561322734, 0.958110570327, 3.14717173257, 4.55399780232, 1.01523949393, 3.80118993596, 0.971595241598, 1.09000028767, 1.06327173157, 1.0224760412, 0.954934593391, 9.81029613129, 0.917129315672, 0.998322755525, 172.908166587, 1.1679257371, 2.97331587064, 1.2367581689, 2.27768247852, 1.22317725702, 931.832729817, 21.4163743239
2.62912619805, 1.05115364374, 0.789300672966, 1.08576968013, 1.56120068687, 0.92323076415, 2.0353892353, 0.930153410732, 0.940585675433, 4.38688170685, 4.62575500555, 0.820407742397, 2.04993359447, 1.17455948937, 1.09000070446, 1.00974643207, 1.02205066615, 0.88825347913, 4.94610308838, 1.05664211948, 0.954392729901, 275.864369723, 0.951778831402, 5.35575063356, 1.17522044446, 1.59886030684, 1.14966301475, 866.624946833, 21.7197772174
4.81081497815, 1.27107866224, 0.813831208797, 0.979280944417, 4.90357570184, 0.840139757704, 2.56066690604, 0.843956703202, 0.990007033031, 2.05794352715, 6.4614574548, 0.903175674771, 1.14684646236, 0.856705250509, 1.09000041653, 1.10508705592, 1.02988055162, 1.05665030779, 7.32502432745, 1.06945969332, 0.949748105087, 268.620894326, 0.982618405219, 2.22013379823, 1.00296761735, 2.24356929541, 1.23291562429, 762.349666596, 22.3724711888
5.72146397122, 1.10876802357, 1.15870627488, 1.21290302766, 2.46672361834, 0.868306578937, 2.96773363116, 0.89460064875, 0.977690155379, 4.18044899829, 7.42364667638, 0.864921624379, 1.25594543601, 0.897169832996, 1.09000029308, 1.07306959426, 1.02435035405, 0.93620864773, 5.35426111359, 1.12792032032, 0.894236254129, 52.4215216014, 0.956290790077, 4.14651611372, 1.13294628952, 2.82382694248, 1.22912804405, 697.87307042, 23.2925682511
3.37403168574, 1.01565552666, 0.874478251749, 1.13067124866, 2.09719286182, 0.783891189322, 2.33366520956, 0.883640523841, 0.931701871613, 5.78776611206, 1.73838849833, 0.994562013966, 5.06026440358, 0.828323962216, 1.09000057645, 1.10174670242, 1.00220206354, 0.957711398789, 6.74729969569, 1.07527664989, 0.9990187493, 103.194087517, 1.00882919345, 3.39013357144, 1.0829801753, 3.75996411296, 1.04579451976, 490.532383991, 31.6302921978
3.69991204236, 1.18859385861, 1.11918391652, 1.01432889886, 5.14840484467, 0.879596428007, 3.15714249561, 1.08373456943, 0.993456505349, 2.96012468236, 4.23318388901, 0.840283305779, 5.04541032295, 1.28257156699, 1.09000094425, 1.10502351605, 1.02823770485, 0.966624921016, 7.0993404387, 0.959730480864, 0.976629511557, 113.898747475, 1.19874932965, 4.36971524484, 1.11436222768, 2.36455536556, 1.21741189237, 469.241945603, 32.298109721
2.62912619805, 1.05115364374, 0.789300672966, 1.08576968013, 4.01529586082, 0.92323076415, 2.0353892353, 0.930153410732, 0.940585675433, 4.38688170685, 4.62575500555, 0.820407742397, 2.04993359447, 1.17455948937, 1.09000070446, 1.00974643207, 1.02205066615, 0.88665554516, 4.94610308838, 1.05664211948, 0.881396932242, 275.864369723, 0.951778831402, 5.35575063356, 1.17522044446, 1.59886030684, 1.14966301475, 1002.39011979, 21.3199663819
2.62473447041, 1.07869291191, 0.80786525123, 1.16254769672, 4.01529586082, 0.747367401112, 1.27601078131, 1.07498847823, 0.914994698837, 1.52026731314, 7.01942797407, 0.853781266997, 1.79398265872, 0.837311406844, 1.09000015013, 1.0065636776, 1.04724782332, 1.22058609931, 9.76543207544, 0.959367008166, 0.996716931447, 102.274600432, 1.09933799509, 5.9120789676, 1.19847341552, 3.83634259231, 1.05639922707, 977.224919654, 21.4908162693
4.98097612057, 1.00796928297, 0.789300672966, 1.09744223205, 4.26559066217, 0.742271686886, 5.1326500487, 0.848749723942, 0.966530803776, 4.38688170685, 5.99273428354, 0.972357926551, 1.8967503751, 1.24512469627, 1.09000070446, 1.09892131479, 1.02777328913, 0.88825347913, 5.86593059762, 0.97492201879, 0.770625426026, 67.2636771679, 0.958093019056, 3.3269994401, 1.17522044446, 3.98059926844, 0.994277536502, 944.502927586, 21.5666649196
3.95529001916, 1.40425479121, 0.968302250941, 1.19404230385, 4.32760949275, 0.886854192236, 1.46439894999, 0.960700025174, 0.964247671894, 4.39483016969, 2.27865526654, 1.08715629095, 4.55455781842, 1.21178471536, 1.09000057349, 1.02525543856, 1.00789171526, 0.88457835047, 4.1850888977, 1.18449647074, 0.904120656622, 33.3822625636, 1.05782757114, 1.70283461094, 1.2297565864, 2.48292458864, 1.14488775805, 628.719193121, 25.5195090361
1.95802537997, 1.27948467524, 1.07315605986, 0.973613934191, 4.73326874997, 0.926885685744, 4.77564447132, 1.07588057647, 0.917664662593, 4.14035944606, 2.18074365975, 0.856049897012, 1.72602160571, 1.06929032588, 1.09000027699, 1.01406232312, 1.00771343571, 1.18056650812, 7.98187573291, 1.08050370706, 0.9148150858, 57.2538851666, 1.16931342214, 4.75330860291, 0.971247879299, 5.24277148504, 1.27466281669, 1130.36850968, 21.5074743939
