0.326997197987, 0.94880231034, 2.59586785224, 0.417929396582, 60.3692931248, 1.17321834835, 1.30474155274, 2.27396294049, 43.4222435353, 293.344577125, 0.0421032372161
0.126363652188, 0.99303584183, 2.51185174685, 0.580616202944, 17.2321836733, 26.7469004908, 0.278944691354, 1.24378437774, 41.8778905141, 178.896956222, 0.0819479848243
0.326997197987, 0.94880231034, 2.59586785224, 0.417929396582, 60.3692931248, 17.5461933946, 0.480096344559, 3.2078098708, 35.7642163923, 163.384830724, 0.135455237612
0.277001712214, 1.05395820411, 3.07522168679, 0.626571370361, 84.4217353963, 1.11032518654, 2.6517860993, 3.55213540943, 28.0722196072, 507.94651017, 0.0165985228179
0.126363652188, 0.99303584183, 2.51185174685, 0.580616202944, 17.2321836733, 26.7469004908, 0.278944691354, 1.24378437774, 41.8778905141, 149.080796852, 0.146281979766
0.277001712214, 1.05395820411, 4.47062443798, 0.605936851554, 84.4217353963, 1.11032518654, 2.6517860993, 3.55213540943, 28.0722196072, 565.086824392, 0.0137190290631
0.892954768937, 0.865782758737, 2.02482582852, 0.6807089701, 35.5951676413, 13.7212326313, 1.15443627133, 4.8416243514, 1.31367115071, 129.152264539, 0.29029633182
0.18759123191, 1.13269327093, 3.01209590839, 0.670869663737, 62.9432965926, 12.6089353969, 1.3248041166, 2.19421957993, 5.07360187323, 268.95066756, 0.0724079106102
0.35725764809, 1.12936576686, 3.4412997776, 0.616204499371, 8.14012611369, 27.1222615745, 0.153178653128, 2.81433991524, 7.72461416225, 120.412552608, 0.646571034137
0.356975171988, 1.01022780704, 8.67764098526, 0.405213339872, 67.6116473552, 1.17321834835, 1.10658001832, 2.27396294049, 43.4222435353, 1104.64645624, 0.0147889442011
0.427133849863, 1.18936768403, 3.8701129312, 0.598468082366, 69.8187836472, 29.1965326747, 0.798259993491, 0.0538117898811, 10.4034171122, 135.65719104, 0.510487261784
0.619553319124, 0.946301012886, 4.32267687784, 0.504807851175, 36.3921262748, 21.5454741269, 0.362295251931, 0.436769714571, 10.2909025919, 138.889261721, 0.406374094916
0.277001712214, 1.05395820411, 4.47062443798, 0.626571370361, 84.4217353963, 1.11032518654, 2.6517860993, 2.94658664762, 28.0722196072, 700.303104308, 0.0276221732462
0.326997197987, 1.03324673627, 2.59586785224, 0.417929396582, 60.3692931248, 1.17321834835, 1.30474155274, 2.27396294049, 43.4222435353, 300.646498281, 0.0589337842268
0.356975171988, 1.01022780704, 2.59586785224, 0.405213339872, 67.6116473552, 1.17321834835, 1.10658001832, 2.27396294049, 43.4222435353, 293.959977086, 0.0642070861973
0.340142284417, 1.05395820411, 3.07522168679, 0.626571370361, 84.4217353963, 1.11032518654, 2.6517860993, 2.94658664762, 28.0722196072, 500.725540263, 0.0433085871618
0.18759123191, 0.87303001411, 3.37866198595, 0.491942747426, 50.7569568784, 18.4509551556, 0.533731453408, 2.19421957993, 22.4062099798, 151.008512401, 0.246514068767
0.126363652188, 0.99303584183, 2.51185174685, 0.614520501143, 33.0336590857, 10.7704712728, 0.371223359436, 1.24378437774, 41.8778905141, 154.298624742, 0.147122398376
0.358733362294, 0.928614966994, 3.83019292002, 0.695379681978, 54.7642542565, 2.8706694261, 3.4622734884, 4.97217241108, 27.1489907805, 540.281980767, 0.0445664305013
0.18759123191, 0.87303001411, 3.37866198595, 0.491942747426, 50.7569568784, 18.4509551556, 0.533731453408, 2.19421957993, 22.4062099798, 156.23061294, 0.175754989665
0.419548690283, 0.87303001411, 3.37866198595, 0.491942747426, 78.3895261494, 20.3135397417, 0.533731453408, 4.85665278738, 22.4062099798, 155.997780432, 0.189517845136
0.126363652188, 0.99303584183, 2.51185174685, 0.580616202944, 33.0336590857, 10.7704712728, 0.371223359436, 1.24378437774, 41.8778905141, 225.315295242, 0.140282689307
0.11344093184, 0.986085196109, 2.18699982727, 0.604006045781, 83.9540016215, 12.6089353969, 1.3248041166, 2.61235007514, 19.1372266688, 192.283703209, 0.142087492716
0.358733362294, 0.88269671976, 4.44547837608, 0.695379681978, 54.7642542565, 2.8706694261, 3.4622734884, 4.97217241108, 27.1489907805, 601.468784643, 0.0481135925787
0.229599558913, 1.14139670918, 4.44547837608, 0.437524134005, 62.1374827907, 7.33289266154, 0.7973788489, 2.43098876695, 37.0798712679, 415.187732581, 0.0997879272801
0.229599558913, 1.14139670918, 3.83019292002, 0.437524134005, 60.117822687, 7.33289266154, 0.7973788489, 2.43098876695, 37.0798712679, 326.045939588, 0.10311038859
0.154743955879, 0.836792316606, 7.35856741325, 0.679668180523, 41.0749120752, 10.4547387768, 1.82367938406, 4.05852440149, 3.11349828378, 394.866567657, 0.115593196297
0.144190195999, 1.08741528645, 5.1127500422, 0.565142897184, 45.2963915909, 34.7179881802, 0.304545604075, 4.86396314734, 38.8638049175, 538.119506746, 0.091403402909
0.548447144754, 0.900720547177, 5.95702602697, 0.689839357494, 4.13520975594, 3.70512305122, 3.05869019864, 1.18329706247, 38.8957620179, 1077.10933175, 0.0783832372425
0.892954768937, 0.865782758737, 2.02482582852, 0.6807089701, 35.5951676413, 13.7212326313, 1.15443627133, 4.8416243514, 1.31367115071, 166.89848683, 0.256088984203
0.358733362294, 0.928614966994, 3.83019292002, 0.695379681978, 11.6526082019, 2.8706694261, 3.4622734884, 4.97217241108, 27.1489907805, 466.935224529, 0.129115293379
0.365566493582, 0.831004493569, 6.26332796962, 0.653247176791, 16.2467558452, 11.8789178411, 1.64834028164, 0.147587134712, 25.3020574164, 430.686333686, 0.134337723011
0.643735384539, 0.853482379445, 4.78387619698, 0.554157950163, 94.8508230383, 1.88692933577, 2.09932465867, 3.71892351184, 33.8672046787, 602.353273797, 0.0888633219225
0.643735384539, 1.13158094662, 4.78387619698, 0.554157950163, 94.8508230383, 1.88692933577, 2.09932465867, 3.71892351184, 42.9982133667, 1116.63766105, 0.087045287179
0.548447144754, 0.900720547177, 5.95702602697, 0.584003472619, 4.13520975594, 3.70512305122, 3.05869019864, 1.17353903662, 38.8957620179, 952.364849794, 0.0895942538513
0.628513273292, 0.865782758737, 2.38634288835, 0.6807089701, 35.5951676413, 13.7212326313, 1.15443627133, 4.87448711075, 1.31367115071, 194.914119232, 0.193733933665
0.419548690283, 1.13269327093, 3.01209590839, 0.670869663737, 62.9432965926, 12.6089353969, 1.3248041166, 4.85665278738, 5.07360187323, 235.690675156, 0.178289497006
0.365566493582, 0.865990155833, 6.26332796962, 0.653247176791, 16.2467558452, 11.8789178411, 1.64834028164, 0.147587134712, 25.3020574164, 526.346811499, 0.127120715299
0.35725764809, 0.9387930121, 3.4412997776, 0.616204499371, 8.14012611369, 47.3235946086, 0.153178653128, 2.81433991524, 8.12919928936, 178.302625076, 0.428648435668
0.18759123191, 0.87303001411, 3.37866198595, 0.491942747426, 81.4633095055, 18.4509551556, 0.533731453408, 2.19421957993, 22.4062099798, 199.665754912, 0.229556227799
0.365566493582, 0.865990155833, 2.24870393174, 0.625863550123, 56.2378422373, 11.8789178411, 2.80329849244, 0.147587134712, 6.57184117232, 258.640626604, 0.185629445827
0.733901393436, 1.10775938605, 3.07522168679, 0.579420224816, 73.7409339418, 27.8680082881, 0.621828433059, 3.55213540943, 5.10137565413, 178.825901423, 0.589483591605
0.148187826279, 0.944641846196, 5.6267468482, 0.632786464068, 74.8864433708, 8.67296911786, 2.68705487659, 3.75173336856, 10.9874494617, 668.838213618, 0.105086286038
0.318999324643, 0.919904082355, 3.87000546058, 0.638450825484, 16.4758091985, 28.5569767857, 0.0646912578122, 0.0208725520817, 10.546589301, 183.482528266, 0.420928297769
0.548447144754, 0.900720547177, 5.95702602697, 0.689839357494, 4.13520975594, 3.70512305122, 3.05869019864, 1.18329706247, 38.8957620179, 921.253817421, 0.111521215202
0.437117881544, 1.01671876437, 3.38566796639, 0.517049875946, 69.9075700182, 11.5923673056, 0.73979922176, 2.81698878765, 29.6980019852, 226.54961417, 0.218711931861
0.554015805831, 0.828546929313, 7.96380062708, 0.487231465704, 34.6927845327, 41.6537394559, 0.694933355203, 3.0162157285, 1.58226605697, 230.600987553, 0.20812095128
0.643735384539, 0.944641846196, 4.78387619698, 0.554157950163, 94.8508230383, 1.88692933577, 2.09932465867, 3.71892351184, 42.9982133667, 631.645257789, 0.118697781538
0.358733362294, 0.928614966994, 3.83019292002, 0.695379681978, 11.6526082019, 2.8706694261, 3.4622734884, 4.97217241108, 38.8638049175, 655.466682155, 0.128208118323
0.554015805831, 0.828546929313, 7.96380062708, 0.486108537238, 54.1081390002, 41.6537394559, 0.694933355203, 3.0162157285, 9.14300744527, 192.634845609, 0.49033316221
0.513713751604, 0.909545693952, 2.24870393174, 0.423220329561, 56.2378422373, 29.0888483867, 1.4644646279, 4.68280087845, 19.3067251948, 194.078736537, 0.460880253548
0.384454764714, 0.902791795652, 4.47062565185, 0.429753111326, 69.7709452388, 23.5560083901, 0.7973788489, 2.43098876695, 5.1428108355, 259.782279092, 0.19410205152
0.122383873839, 1.01022780704, 8.67764098526, 0.405213339872, 95.5556448061, 17.5461933946, 1.10658001832, 3.2078098708, 35.7642163923, 1132.54591449, 0.134157555372
0.154743955879, 0.836792316606, 7.35856741325, 0.679668180523, 41.0749120752, 10.4547387768, 1.82367938406, 4.05852440149, 3.11349828378, 399.954302669, 0.156566319823
0.318999324643, 0.919904082355, 3.87000546058, 0.638450825484, 16.4758091985, 28.5569767857, 0.0646912578122, 0.0208725520817, 38.557148386, 215.242372325, 0.372074174793
0.628513273292, 1.10775938605, 2.38634288835, 0.6807089701, 35.5951676413, 27.8680082881, 1.15443627133, 4.87448711075, 1.31367115071, 224.909611135, 0.387103648087
0.148719007982, 0.868882113839, 2.99784861935, 0.648087344973, 95.0298390866, 26.8662432885, 3.41478171845, 4.2775941754, 29.6749724447, 412.624554027, 0.160851905661
0.11344093184, 0.986085196109, 6.27820771141, 0.604006045781, 83.9540016215, 31.2219783958, 2.70616697908, 2.61235007514, 19.1372266688, 727.00882526, 0.138807035175
0.419548690283, 1.03929536899, 3.01209590839, 0.670869663737, 62.9432965926, 12.6089353969, 1.3248041166, 4.85665278738, 5.07360187323, 227.207396387, 0.336826329888
0.29136599477, 0.862102621336, 4.44547837608, 0.540276025295, 25.7312972495, 39.586807544, 0.298177485031, 0.194957409597, 33.5184700794, 217.053826804, 0.598445101214
0.834683129482, 1.04353100291, 2.1555098237, 0.55898935035, 27.147070535, 29.2409040428, 2.60760680126, 3.82556671454, 12.2270428568, 225.260970031, 0.549366702355
0.35725764809, 1.12936576686, 3.4412997776, 0.616204499371, 8.14012611369, 27.1222615745, 0.153178653128, 2.81433991524, 7.72461416225, 245.964665389, 0.270445006217
0.386359632976, 0.921569952821, 3.58369610754, 0.419594287551, 30.2456124579, 16.4757480833, 1.06683884523, 0.814548963226, 1.19100796039, 254.331635968, 0.268078757728
0.663222170178, 1.01671876437, 3.38566796639, 0.517049875946, 95.0298390866, 11.947854309, 0.73979922176, 2.81698878765, 29.6980019852, 225.827764909, 0.475528730154
0.245903339862, 0.826742204541, 7.35262855061, 0.474216994909, 72.8868974224, 36.1121615673, 1.28114599761, 2.80692796821, 1.02757471965, 404.921266385, 0.18614926475
0.144190195999, 1.13269327093, 6.70555179534, 0.553627510472, 35.5843070578, 15.2772869602, 1.07843200795, 0.241901238615, 1.04540363489, 591.850333141, 0.155875054266
0.251147015353, 0.909545693952, 3.50848618933, 0.581882357379, 32.0240474614, 29.0888483867, 1.4644646279, 1.77702679497, 11.903488907, 246.042612903, 0.308896051499
0.318999324643, 0.919904082355, 3.87000546058, 0.638450825484, 16.4758091985, 16.446562171, 1.53001999093, 0.0208725520817, 38.557148386, 375.227584962, 0.198037624864
0.540196084009, 0.917888693534, 2.02482582852, 0.455443075052, 95.0298390866, 16.3504852363, 2.47345227939, 0.0339678563229, 9.84362176441, 241.306221451, 0.387710778525
0.428392100308, 0.947435272834, 4.94507732208, 0.511697948796, 8.91430000844, 11.4968389662, 1.23545034727, 3.8297684982, 10.546589301, 382.693478633, 0.202409685289
0.548447144754, 0.900720547177, 5.95702602697, 0.627764309942, 4.13520975594, 3.70512305122, 3.05869019864, 1.17353903662, 38.8957620179, 1015.42645247, 0.149092629285
0.148719007982, 0.868882113839, 2.99784861935, 0.648087344973, 95.0298390866, 26.8662432885, 3.41478171845, 3.73324027771, 29.6749724447, 539.473442107, 0.182758912283
0.741055486906, 0.893875473444, 4.32603896565, 0.553429795911, 89.2015926755, 4.15887085371, 2.53877183307, 4.5586363277, 42.5704578463, 595.870338188, 0.177561787069
0.293775454105, 1.04353100291, 2.1555098237, 0.56702541136, 67.0878525184, 11.3027261173, 3.31388684436, 0.159984303834, 35.0276984312, 397.853092951, 0.205854502739
0.35725764809, 1.12936576686, 3.4412997776, 0.616204499371, 8.14012611369, 47.3235946086, 0.153178653128, 2.81433991524, 7.72461416225, 238.867177532, 0.508142597773
0.492375225515, 1.16909692868, 7.95404402077, 0.561060960272, 34.6927845327, 13.912485695, 0.96202970891, 4.48101003409, 30.2693574947, 796.748355991, 0.164714200467
0.105923231092, 0.944641846196, 5.6267468482, 0.632786464068, 24.2979993456, 30.6261922676, 2.68705487659, 3.75173336856, 43.5632242935, 740.67173024, 0.17426983636
0.733901393436, 1.10775938605, 4.47062443798, 0.579420224816, 59.060313082, 27.8680082881, 0.272269170487, 2.94658664762, 5.10137565413, 239.477315165, 0.566582350633
0.29136599477, 0.862102621336, 4.44547837608, 0.540276025295, 25.7312972495, 39.586807544, 0.298177485031, 0.194957409597, 35.0276984312, 267.107337031, 0.323699593223
0.540196084009, 1.15081035623, 2.02482582852, 0.455443075052, 83.7094091159, 16.3504852363, 2.47345227939, 0.0339678563229, 9.84362176441, 281.174018437, 0.302258376762
0.11344093184, 0.986085196109, 8.98966253731, 0.528769990468, 88.6598775871, 37.7647317413, 2.70616697908, 2.61235007514, 24.5897371052, 1210.29169617, 0.166548201746
0.229599558913, 1.14139670918, 8.83645968882, 0.437524134005, 62.1374827907, 7.33289266154, 1.91896725853, 0.0706418839931, 37.0798712679, 1300.50854988, 0.173138449293
0.780365503344, 0.856772130518, 2.75232456946, 0.546328528309, 23.2994260917, 24.7491219109, 1.60652804444, 4.25610477585, 41.8733646574, 253.9392034, 0.433802742594
0.492375225515, 1.10775938605, 7.95404402077, 0.561060960272, 34.6927845327, 13.912485695, 0.96202970891, 4.48101003409, 5.10137565413, 753.850628856, 0.177688268968
0.256289061824, 0.873317003817, 4.60005279675, 0.498393099782, 31.8075537963, 10.6854132665, 1.27285012726, 0.224481315454, 17.1787492618, 358.44052672, 0.247365910761
0.841334083496, 1.10886565441, 3.58369610754, 0.591286188457, 30.2456124579, 10.802689669, 1.02679719503, 4.07050019446, 1.19100796039, 319.255315662, 0.257665590023
0.711622194458, 0.87535230273, 4.01935483272, 0.40437009466, 12.0170586909, 39.5308338168, 0.976031906611, 1.49539640019, 35.6883220443, 249.612446088, 0.497470529828
0.856889644822, 0.87535230273, 4.01935483272, 0.40437009466, 12.0170586909, 39.5308338168, 0.976031906611, 1.08354576595, 35.6883220443, 248.012366306, 0.552578964403
0.856889644822, 0.87535230273, 4.01935483272, 0.40437009466, 45.6501669277, 21.5003009511, 0.976031906611, 0.13566146762, 41.2873741268, 270.244879784, 0.366723213172
0.698805509855, 0.831831406325, 8.56514784341, 0.660242238439, 92.2552488965, 7.82733718261, 3.17256130032, 3.49077083542, 40.1262907756, 1236.11920806, 0.178700432625
0.148719007982, 0.868882113839, 2.99784861935, 0.648087344973, 69.9075700182, 26.8662432885, 3.41478171845, 4.2775941754, 29.6749724447, 456.392640839, 0.217321684016
0.899694111391, 1.12847889867, 4.78387619698, 0.554157950163, 94.8508230383, 1.88692933577, 2.09932465867, 3.71892351184, 42.9982133667, 880.48387997, 0.187605812601
0.336503194284, 0.947435272834, 4.94507732208, 0.511697948796, 8.91430000844, 11.4968389662, 1.23545034727, 1.71015453756, 10.546589301, 432.727378155, 0.228594067968
0.245903339862, 0.826742204541, 7.35262855061, 0.64333763133, 72.8868974224, 36.1121615673, 1.28114599761, 2.80692796821, 1.02757471965, 386.579884981, 0.260332365862
0.836187330679, 1.05242553887, 3.3633138367, 0.443498311439, 48.6595859298, 14.0228747361, 1.03551439188, 1.17085611078, 8.25572075359, 280.700925448, 0.412088341939
0.834683129482, 1.04353100291, 2.1555098237, 0.55898935035, 27.147070535, 29.2409040428, 2.60760680126, 3.82556671454, 11.5646344304, 265.413291016, 0.533677813347
0.780365503344, 0.856772130518, 2.75232456946, 0.570471103785, 23.2994260917, 24.7491219109, 1.60652804444, 4.25610477585, 41.8733646574, 268.126600715, 0.50649967592
0.628930381474, 0.820863555907, 2.36232326009, 0.467087592085, 53.2144124126, 24.2303977794, 3.01398959915, 4.72685211085, 6.57184117232, 293.170185426, 0.407502916382
0.336503194284, 0.829899608895, 7.09766612203, 0.511697948796, 8.91430000844, 11.4968389662, 1.23545034727, 1.71015453756, 10.546589301, 336.079356552, 0.296336380906
0.513713751604, 1.09013159231, 2.24870393174, 0.543168725597, 56.2378422373, 24.3464852193, 3.04246062968, 4.68280087845, 1.60024552519, 309.989041925, 0.364615631256
