0.502330050466, 0.948865850157, 7.52770677794, 0.238838011734, 12.3453838129, 42.5867088332, 2.2262123575, 1.6477424022, 38.5555680953, 836.246697058, 0.379522316201
0.5002273619, 0.82137732687, 2.01812886239, 0.20541927003, 11.800452826, 49.9698907524, 2.77761487366, 1.97783511132, 26.1731616655, 182.047967643, 0.516384965472
0.54208976957, 0.823074764066, 2.13310653147, 0.229239349272, 27.311569105, 41.0105032493, 2.29686200206, 1.92815602216, 31.0469739678, 226.100705793, 0.446505724421
0.585419225243, 0.935284789392, 2.00165713312, 0.471162454013, 47.9999079634, 44.5367219262, 2.77761487366, 1.57144279764, 30.0596093862, 201.956855006, 0.508475247829
0.590257436728, 0.833059802271, 2.00165713312, 0.406448234162, 9.07472660411, 41.0105032493, 2.07229542334, 1.72650839388, 20.8535291693, 207.839245735, 0.448732748087
0.54208976957, 0.920089216615, 4.6405216912, 0.29860636907, 23.5242351945, 46.5470982075, 2.09217581634, 1.08206631639, 34.7079278875, 607.803967539, 0.380275357802
0.506060308769, 0.823074764066, 2.13310653147, 0.471162454013, 27.311569105, 43.5588404643, 2.29686200206, 1.92815602216, 31.0469739678, 231.408241784, 0.396506721518
0.5002273619, 0.82137732687, 2.05592062647, 0.230285988569, 0.0134876158899, 40.2939257718, 2.15115838217, 1.64788868888, 32.4893686066, 269.706239675, 0.393741887335
0.5002273619, 0.82137732687, 2.11423103556, 0.20541927003, 11.800452826, 49.9698907524, 2.15115838217, 1.97783511132, 32.5153230097, 202.993338099, 0.467038957491
0.513510583348, 1.08317888053, 5.11162339723, 0.27834954273, 17.766215696, 44.4059969724, 2.1478337778, 1.56960063799, 26.6871195687, 839.427549502, 0.377920998149
0.5002273619, 0.852488183881, 2.12557024292, 0.471162454013, 0.873632219851, 42.2512297901, 2.16406372307, 1.12882686045, 37.2350554806, 280.417507873, 0.388444866447
0.617039446632, 0.876664400312, 2.02582546332, 0.495255369158, 47.9999079634, 44.5367219262, 2.15115838217, 4.86024891585, 20.2838461758, 197.228115984, 0.535896832331
0.590257436728, 0.935284789392, 2.01065105664, 0.406448234162, 22.1532120507, 42.2512297901, 2.07229542334, 1.72650839388, 21.3677534301, 211.44638302, 0.461657617668
0.502330050466, 0.948865850157, 7.23422570284, 0.385537837855, 12.3453838129, 46.0287716903, 2.23829606369, 1.6477424022, 38.5555680953, 824.008721049, 0.382515888382
0.5002273619, 0.82137732687, 2.05592062647, 0.329346589321, 0.0134876158899, 40.2939257718, 2.15115838217, 1.64788868888, 32.4893686066, 251.662851308, 0.422182454382
0.5002273619, 0.854152467594, 2.12557024292, 0.471162454013, 47.9999079634, 42.2512297901, 2.77761487366, 2.32951843006, 30.0596093862, 255.284873899, 0.419088413316
0.5002273619, 0.880047911254, 2.01812886239, 0.20541927003, 5.20948731485, 49.9698907524, 2.77761487366, 1.97783511132, 26.1731616655, 256.107324293, 0.417677969315
0.525197491571, 1.04142723408, 2.01812886239, 0.222284144772, 49.0488902264, 44.5367219262, 2.16406372307, 1.12882686045, 26.1731616655, 232.953715516, 0.443416003819
0.714179623783, 0.849566267719, 2.04190287888, 0.20541927003, 11.685177085, 43.0407551128, 2.10155336037, 1.97783511132, 26.6871195687, 238.943351387, 0.422510215211
0.5002273619, 0.935284789392, 2.00165713312, 0.409413643917, 44.1298119188, 40.686192445, 2.77761487366, 2.32951843006, 32.6429146764, 235.81390685, 0.424545514093
0.603289810179, 0.823074764066, 2.13310653147, 0.368213023197, 11.7257589513, 40.6340256388, 2.29686200206, 1.92815602216, 42.5038259739, 280.147561392, 0.413800195874
0.590257436728, 0.935284789392, 2.01065105664, 0.406448234162, 24.3400013137, 42.2512297901, 2.07229542334, 1.72650839388, 21.3677534301, 203.352535473, 0.517113487087
0.54208976957, 1.22052085526, 4.25922622926, 0.266314792937, 47.9999079634, 40.3145097954, 2.16406372307, 1.12882686045, 31.0469739678, 860.349017942, 0.37986816968
0.54208976957, 1.18841238418, 2.09712745659, 0.217012118936, 47.9999079634, 43.6831610612, 2.16406372307, 1.12882686045, 40.0096363899, 353.619459476, 0.397476470795
0.525197491571, 1.04142723408, 2.31061651445, 0.222284144772, 47.9999079634, 43.5588404643, 2.42759957486, 1.6477424022, 21.094007363, 299.362634399, 0.403314864218
0.54208976957, 1.18841238418, 2.01812886239, 0.217012118936, 49.0488902264, 44.4839398832, 2.16406372307, 1.12882686045, 31.0469739678, 320.703545207, 0.400346420343
0.5002273619, 0.935284789392, 2.05592062647, 0.230285988569, 0.0134876158899, 40.2939257718, 2.15115838217, 4.86024891585, 20.340124076, 202.062210126, 0.5983698138
0.592222429475, 0.947575200729, 2.13310653147, 0.336976316427, 27.311569105, 41.0105032493, 2.85900246687, 1.92815602216, 20.6854242983, 223.998825093, 0.463004843135
0.5002273619, 0.935284789392, 2.12557024292, 0.471162454013, 47.9999079634, 43.3744757581, 2.16406372307, 1.12882686045, 20.340124076, 217.173043665, 0.468215317345
0.894800982759, 0.82137732687, 2.11423103556, 0.20541927003, 26.3169817582, 49.98692027, 2.29686200206, 1.51170069679, 21.2119271069, 213.054076055, 0.506622385307
0.5002273619, 0.935284789392, 2.12557024292, 0.471162454013, 47.9999079634, 42.2512297901, 2.16406372307, 1.12882686045, 20.340124076, 224.930382243, 0.462576591222
0.500165167091, 0.935284789392, 2.09712745659, 0.471162454013, 47.9999079634, 44.4839398832, 2.77761487366, 1.52071098481, 30.0596093862, 278.99774414, 0.418693615469
0.532398659871, 0.823074764066, 2.13310653147, 0.27834954273, 27.311569105, 40.6340256388, 2.29686200206, 1.92815602216, 31.0469739678, 235.028283037, 0.449714063163
0.500165167091, 0.935284789392, 2.09712745659, 0.471162454013, 47.9999079634, 43.5588404643, 2.46675557793, 1.52071098481, 30.0596093862, 236.840670686, 0.424699094658
0.54208976957, 1.18841238418, 2.09712745659, 0.221258268849, 47.9999079634, 43.6831610612, 2.16406372307, 1.12882686045, 40.0096363899, 297.319898313, 0.415264400052
0.506060308769, 0.823074764066, 2.13310653147, 0.471162454013, 27.311569105, 43.5588404643, 2.29686200206, 1.92815602216, 31.0469739678, 203.99250066, 0.541709318584
0.54208976957, 0.920089216615, 4.6405216912, 0.29860636907, 11.7257589513, 46.5470982075, 2.09217581634, 1.72650839388, 34.7079278875, 612.533048559, 0.397879648416
0.532398659871, 0.823074764066, 2.49612823903, 0.229239349272, 27.311569105, 40.6340256388, 2.29686200206, 1.92815602216, 31.0469739678, 314.799891995, 0.404567029535
0.714179623783, 0.907050658122, 2.04190287888, 0.20541927003, 30.8010208498, 43.0407551128, 2.27973230882, 1.97783511132, 35.4990505323, 349.599761449, 0.402442077864
0.603289810179, 1.09055531343, 3.41785078174, 0.27834954273, 13.4079913366, 44.4839398832, 2.263028668, 1.56960063799, 26.6871195687, 486.385721607, 0.400462470757
0.842061967533, 0.852363543042, 2.00165713312, 0.495255369158, 0.0255529387514, 44.5367219262, 2.64725040541, 4.86024891585, 20.1380890187, 203.90197494, 0.619208660663
0.590257436728, 0.920089216615, 2.01065105664, 0.334323242974, 23.5242351945, 46.5470982075, 2.09217581634, 1.72650839388, 21.3677534301, 224.497601937, 0.501158496326
0.5002273619, 0.935284789392, 2.05592062647, 0.230285988569, 0.0134876158899, 40.2939257718, 2.15115838217, 0.615565158704, 20.340124076, 221.965671959, 0.522251069063
0.894800982759, 0.820134590501, 2.01065105664, 0.26794687246, 11.800452826, 49.7431688411, 2.1808493966, 1.51170069679, 32.4893686066, 222.378979231, 0.513854691766
0.894800982759, 0.82137732687, 2.11423103556, 0.20541927003, 21.5226894268, 49.98692027, 2.29686200206, 1.51170069679, 21.2119271069, 213.911863221, 0.54042324991
0.532398659871, 0.823074764066, 2.13310653147, 0.27834954273, 27.311569105, 42.2512297901, 2.70347051491, 1.92815602216, 31.0469739678, 230.480589295, 0.471209619127
0.5002273619, 0.82137732687, 2.11423103556, 0.20541927003, 11.800452826, 49.9698907524, 2.15115838217, 1.97783511132, 32.5153230097, 292.183043177, 0.422587660384
0.500165167091, 0.935284789392, 2.09712745659, 0.471162454013, 47.9999079634, 44.4839398832, 2.77761487366, 1.52071098481, 30.0596093862, 241.464788767, 0.427352036793
0.519210035473, 1.18841238418, 2.01812886239, 0.217012118936, 49.0488902264, 44.4839398832, 2.16084590172, 1.12882686045, 31.0469739678, 306.3502337, 0.420143400724
0.617039446632, 0.876664400312, 2.02582546332, 0.495255369158, 0.873632219851, 44.5367219262, 2.15115838217, 4.86024891585, 37.2350554806, 212.425446818, 0.595276226768
0.590257436728, 0.91309182935, 6.90379918662, 0.406448234162, 22.1532120507, 41.0105032493, 2.23829606369, 1.72650839388, 21.3677534301, 782.249839326, 0.398794427278
0.70311448969, 1.17299499643, 2.01812886239, 0.245362093362, 47.9999079634, 43.5588404643, 2.46675557793, 1.41618806187, 31.0469739678, 315.673675184, 0.417756592176
0.590257436728, 0.931328291387, 2.12557024292, 0.406448234162, 22.1532120507, 40.489814035, 2.07229542334, 1.72650839388, 40.1638921561, 319.523351788, 0.407152019876
0.592222429475, 1.00883106135, 2.72310669646, 0.20541927003, 30.8010208498, 43.0407551128, 2.46675557793, 1.97783511132, 40.907415785, 415.733542816, 0.405643802446
0.810130436541, 1.09055531343, 3.43528038103, 0.217012118936, 47.5670494234, 44.4839398832, 2.16406372307, 1.12882686045, 31.0469739678, 487.520681136, 0.404148666691
0.590257436728, 0.935284789392, 2.01065105664, 0.406448234162, 22.1532120507, 42.2512297901, 2.07229542334, 0.934812333977, 21.3677534301, 227.070075626, 0.502644992212
0.894800982759, 0.820134590501, 2.01065105664, 0.26794687246, 11.800452826, 49.7431688411, 2.1808493966, 1.51170069679, 32.4893686066, 226.263929147, 0.502955278433
0.5002273619, 0.876664400312, 2.02582546332, 0.495255369158, 0.0159846351423, 44.5367219262, 2.06828920433, 4.92077341875, 20.340124076, 224.25591357, 0.533930023122
0.5002273619, 0.876664400312, 2.00165713312, 0.495255369158, 0.0255529387514, 44.5367219262, 2.15115838217, 4.86024891585, 20.340124076, 222.369624077, 0.563766209874
0.827715179366, 0.82137732687, 2.31061651445, 0.498670053564, 37.730318204, 44.8050984977, 2.46675557793, 2.66624749448, 20.1380890187, 219.761963099, 0.574715400106
0.602939079924, 0.82137732687, 2.31061651445, 0.376748688643, 48.6379681556, 42.0128530412, 2.77761487366, 2.32951843006, 21.094007363, 223.536731965, 0.5629193974
0.602939079924, 0.935284789392, 2.12557024292, 0.471162454013, 47.9999079634, 43.5588404643, 2.77761487366, 4.9375190892, 31.5780800455, 239.811922767, 0.479593140559
0.5002273619, 0.854152467594, 2.12557024292, 0.471162454013, 47.9999079634, 42.2512297901, 2.77761487366, 2.32951843006, 30.0596093862, 235.240740462, 0.485951535876
0.590257436728, 0.935284789392, 2.01065105664, 0.406448234162, 22.1532120507, 42.2512297901, 2.07229542334, 1.51170069679, 21.3677534301, 241.784279898, 0.434877582282
0.5002273619, 0.82137732687, 2.01812886239, 0.20541927003, 11.800452826, 49.9698907524, 2.77761487366, 1.97783511132, 26.1731616655, 287.551711983, 0.428098622245
0.592222429475, 1.00883106135, 2.02215109963, 0.20541927003, 49.4840393508, 43.0407551128, 2.1478337778, 1.97783511132, 35.4990505323, 254.296707731, 0.428292116786
0.54208976957, 1.18841238418, 2.01812886239, 0.217012118936, 49.0488902264, 44.4839398832, 2.16406372307, 1.12882686045, 31.0469739678, 298.615559475, 0.427866678811
0.810130436541, 1.09055531343, 2.01812886239, 0.217012118936, 49.0488902264, 42.2512297901, 2.16406372307, 1.12882686045, 26.1731616655, 250.497830614, 0.431709370854
0.592222429475, 0.947575200729, 2.72310669646, 0.336976316427, 31.6939630887, 43.538940077, 2.85900246687, 1.26807382342, 21.3533312893, 309.935181027, 0.422564939056
0.70311448969, 0.82137732687, 2.43105443019, 0.20541927003, 30.8010208498, 47.3165883934, 2.27973230882, 1.64788868888, 32.4893686066, 310.910162064, 0.422261194163
0.842061967533, 0.876664400312, 2.00165713312, 0.495255369158, 0.0255529387514, 44.5367219262, 2.49690758277, 4.86024891585, 20.1380890187, 214.669044074, 0.672746719661
0.502330050466, 0.948865850157, 7.77953185605, 0.238838011734, 12.3453838129, 46.0287716903, 3.35240428882, 1.6477424022, 36.8655384799, 1152.32502927, 0.400603579811
0.54208976957, 1.19187031685, 2.31061651445, 0.40077375221, 47.9999079634, 43.5588404643, 2.27973230882, 1.64788868888, 24.2120677602, 388.166957743, 0.408555505299
0.592222429475, 1.00883106135, 2.042675555, 0.238838011734, 30.8010208498, 43.0407551128, 2.27973230882, 1.97783511132, 32.4893686066, 337.059828614, 0.414097399026
0.54208976957, 1.18841238418, 2.09712745659, 0.217012118936, 47.9999079634, 43.6831610612, 2.16406372307, 1.12882686045, 40.0096363899, 331.571492224, 0.416779813108
0.592222429475, 1.09055531343, 2.24308643664, 0.266072727095, 42.3681641087, 43.0407551128, 2.30736932596, 1.86554653126, 35.4990505323, 354.250215373, 0.412301587965
0.603289810179, 0.961995572369, 4.6405216912, 0.368213023197, 11.7257589513, 41.2551610436, 2.5932820844, 1.08206631639, 24.9035702599, 591.299140797, 0.404816011361
0.50008071626, 0.935284789392, 2.05592062647, 0.498670053564, 37.730318204, 40.2939257718, 2.15115838217, 3.08750012473, 20.1380890187, 226.531054673, 0.52473046088
0.5002273619, 0.876664400312, 2.02582546332, 0.495255369158, 0.0255529387514, 44.5367219262, 2.15115838217, 4.86024891585, 20.340124076, 229.892745905, 0.506591478642
0.617039446632, 0.876664400312, 2.02582546332, 0.495255369158, 47.9999079634, 44.5367219262, 2.15115838217, 4.86024891585, 20.2838461758, 221.434882565, 0.576666925445
0.590257436728, 0.935284789392, 2.01065105664, 0.406448234162, 22.1532120507, 42.2512297901, 2.07229542334, 1.72650839388, 21.3677534301, 224.842151022, 0.565371273985
0.827715179366, 0.82137732687, 2.31061651445, 0.498670053564, 37.730318204, 44.8050984977, 2.46675557793, 1.64788868888, 20.1380890187, 238.517253856, 0.492796082417
0.532398659871, 0.823074764066, 2.13310653147, 0.229239349272, 27.311569105, 40.6340256388, 2.29686200206, 1.92815602216, 31.0469739678, 243.775126141, 0.449608351816
0.54208976957, 1.00883106135, 2.042675555, 0.238838011734, 30.8010208498, 43.0407551128, 2.27973230882, 1.97783511132, 32.4893686066, 246.985097723, 0.438818312384
0.5002273619, 0.935284789392, 2.12557024292, 0.471162454013, 47.9999079634, 42.2512297901, 2.16406372307, 1.12882686045, 20.340124076, 245.061403941, 0.439280223362
0.748815463511, 0.82137732687, 2.01065105664, 0.26794687246, 11.800452826, 49.7431688411, 2.1808493966, 1.51170069679, 32.4893686066, 243.541347825, 0.479303422837
0.532398659871, 0.823074764066, 2.49612823903, 0.229239349272, 49.0488902264, 44.4839398832, 2.29686200206, 1.92815602216, 31.0469739678, 276.202704543, 0.429227039176
0.54208976957, 0.823074764066, 2.13310653147, 0.229239349272, 27.311569105, 41.0105032493, 2.29686200206, 1.92815602216, 31.0469739678, 258.030856857, 0.433452449777
0.525197491571, 0.838755332746, 2.05281769679, 0.395685091656, 18.5947543527, 42.284572959, 3.90315656185, 1.6477424022, 35.3188215029, 322.656703333, 0.428173042068
0.585419225243, 0.935284789392, 2.00165713312, 0.471162454013, 47.9999079634, 43.5588404643, 2.66195023997, 1.57144279764, 30.0596093862, 326.657924995, 0.423707071674
0.592222429475, 0.82137732687, 2.49612823903, 0.266314792937, 43.9155897325, 43.0407551128, 2.1808493966, 1.53878055026, 30.9576837893, 323.412146411, 0.427137239628
0.502330050466, 0.948865850157, 7.77953185605, 0.238838011734, 12.3453838129, 43.3020834125, 3.35240428882, 1.6477424022, 36.8655384799, 1306.23662441, 0.401319945402
0.54208976957, 0.920089216615, 4.48851705953, 0.29860636907, 23.5242351945, 46.5470982075, 2.09217581634, 1.72650839388, 34.7079278875, 491.767591648, 0.410544920756
0.714179623783, 0.907050658122, 2.72310669646, 0.200464574467, 30.8010208498, 43.0407551128, 2.27973230882, 1.97783511132, 32.5153230097, 349.074788299, 0.415995911375
0.592222429475, 1.00883106135, 2.43105443019, 0.20541927003, 30.8010208498, 43.0407551128, 2.27973230882, 1.97783511132, 32.4893686066, 354.40631448, 0.414511678099
0.603289810179, 1.08317888053, 5.11162339723, 0.27834954273, 17.766215696, 44.4059969724, 2.263028668, 1.56960063799, 26.6871195687, 876.345164428, 0.407549405961
0.701090509639, 0.820134590501, 2.12557024292, 0.26794687246, 47.9999079634, 43.5588404643, 2.77761487366, 4.9375190892, 31.5780800455, 223.019887335, 0.6021740908
0.502330050466, 0.948865850157, 7.77953185605, 0.238838011734, 12.3453838129, 46.0287716903, 3.35240428882, 1.6477424022, 36.8655384799, 1372.19734061, 0.405982825996
0.502330050466, 0.948865850157, 7.77953185605, 0.238838011734, 12.3453838129, 43.3020834125, 3.35240428882, 1.6477424022, 36.8655384799, 1346.0875772, 0.406673947063
0.592222429475, 1.09055531343, 2.24308643664, 0.266072727095, 42.3681641087, 43.0407551128, 2.8760426135, 1.85959459923, 35.4990505323, 387.400598269, 0.419341349727
