1.24656798856, 1.30881609699, 1.49414933486, 1.00000003821, 6.10366883353, 1.18655358506, 1.27633145945, 1.26000024517, 1.000000926, 5.52182086584, 7.74969231034, 1.06767133839, 2.97563130871, 1.00273870184, 1.05843722276, 1.1328051216, 1.14194172343, 0.967757461837, 7.25259719093, 1.000000125, 1.00000007508, 98.437819435, 0.929864464816, 1.88084302782, 1.04973348359, 4.30960615469, 0.87000000325, 15906.4664718, 1.60857908847
3.43634209287, 1.30465721588, 1.54054337096, 1.00000028555, 5.62581275494, 1.17012765215, 1.75888555955, 1.2600002573, 1.00000090724, 5.68991801624, 5.84416138491, 1.01545595131, 1.10802331771, 1.00212042788, 1.08335180503, 1.16276136703, 1.15851539864, 1.09254620549, 8.23264941121, 1.00000010336, 1.00000075612, 97.0472086454, 0.959744834389, 2.10192193644, 1.02925944073, 3.79858901361, 0.870000660848, 2867.13568689, 1.60857908847
3.94167900171, 1.19987243701, 1.63818756059, 1.00000070687, 5.76050314309, 1.16751082919, 1.53299268131, 1.26000020324, 1.00000019191, 5.85926440811, 6.36829170227, 1.00011433386, 1.17350829119, 1.01935869785, 1.08358703768, 1.50765327232, 1.08396766693, 0.971109987868, 3.30719714189, 1.00000001498, 1.00000022673, 110.480920435, 0.960904469667, 1.6084270498, 1.06697624842, 4.36435002732, 0.870000123103, 6156.56898346, 1.87667560322
1.48047374772, 1.01001227339, 1.55834170965, 1.00000040795, 5.63137049305, 1.17986584361, 1.21262917559, 1.26000032402, 1.00000071819, 4.96688260476, 7.2286708834, 1.03093466721, 1.51265101249, 1.02383124042, 1.04818360411, 1.61721105416, 1.04996327414, 1.0466231244, 5.96073517351, 1.00000059899, 1.00000049138, 92.1667345392, 1.03192964364, 2.90512828039, 1.02289807976, 3.63441517369, 0.870000290434, 2086.39008347, 2.14477211796
1.69338672874, 1.24450840886, 1.35668054455, 1.00000064239, 5.77976917438, 1.16771490436, 3.67432137019, 1.26000012736, 1.00000029517, 5.72024109781, 5.15284271738, 1.05287116818, 1.68634898267, 1.03875977647, 1.08316253115, 1.4024889682, 1.15737088584, 1.07513231492, 7.89339407728, 1.00000080073, 1.00000083541, 80.8360793059, 1.04466475734, 1.83115120039, 1.05017892215, 4.27792402461, 0.870000062151, 16357.4942895, 4.55764075067
2.25397561399, 1.0743880545, 1.65317381473, 1.00000005488, 4.37406692526, 1.14621649606, 1.36088284301, 1.26000063178, 1.00000033485, 5.54702269266, 6.55399340577, 1.01607283107, 1.70677860358, 1.00171791492, 1.03412724102, 1.60868305255, 1.02068525805, 1.0966155944, 6.00680280637, 1.00000015924, 1.00000080543, 89.5072170017, 0.931451898665, 4.49130744467, 1.05740082149, 3.98830490029, 0.870000769833, 31026.5766255, 4.02144772118
4.19281872461, 1.35015896522, 1.42261298786, 1.00000018757, 5.11057890709, 1.16729119406, 2.27618701822, 1.26000030353, 1.00000054368, 5.28005911959, 7.37228543977, 1.02755386587, 1.85704733646, 1.07817032409, 1.08009319906, 1.14978823692, 1.1035543778, 1.07826397524, 3.06591626237, 1.00000012172, 1.00000093048, 112.343878971, 0.997860436455, 2.47195003888, 0.99487362807, 3.66376519381, 0.870000085373, 62482.0946122, 6.97050938338
3.58697542891, 1.25975694618, 1.44798487664, 1.00000002195, 5.8760615339, 1.15093481445, 2.93990735575, 1.26000020622, 1.00000025587, 5.50361255187, 7.16688611136, 1.02362860118, 2.72599853522, 1.01939591687, 1.07909605017, 1.62300424882, 1.09440769223, 1.01291404384, 4.59886502608, 1.00000085078, 1.00000085932, 85.1661147561, 0.969999654987, 2.37533513909, 1.02134621767, 4.02352331623, 0.87000044563, 10035.0200754, 3.75335120643
4.04711948541, 1.38082621658, 1.53333998277, 1.00000028315, 4.70918128246, 1.15755187173, 1.81863771816, 1.26000065724, 1.00000042663, 5.57205020341, 7.24113876461, 1.04488689714, 1.3546435426, 1.10995981523, 1.08753712432, 1.07992657869, 1.14037354678, 1.07118196491, 3.55127275536, 1.0000007553, 1.00000093037, 114.003464625, 1.0334394753, 1.00118290292, 1.04805989511, 3.64277594423, 0.870000907087, 59589.2826918, 9.91957104558
1.23951003127, 1.01948706233, 1.70341481344, 1.00000029318, 4.82561836662, 1.1091852422, 1.07632808017, 1.26000020931, 1.00000026547, 5.2718324662, 7.26428873376, 1.09596691574, 1.87607568112, 1.04404325773, 1.08209544123, 1.31092985971, 1.0561010883, 1.09637403862, 5.94665016194, 1.00000009644, 1.00000085694, 99.4601669635, 1.06578628136, 1.33077275072, 1.03640022994, 3.64673199894, 0.870000287551, 13702.985917, 2.14477211796
3.12972753579, 1.30519838879, 1.3463265919, 1.00000099038, 4.83408871081, 1.10982754386, 1.50153834885, 1.2600007217, 1.00000018168, 4.97598389008, 3.53431658462, 1.0393894725, 2.1133919757, 1.02101853905, 1.07474531405, 1.33475090097, 1.0481339372, 0.966802259515, 4.3252318922, 1.00000013991, 1.00000027916, 116.99421839, 0.915849568688, 1.11122938681, 1.05545530064, 4.19505599076, 0.870000086735, 5537.43118921, 0.268096514745
4.40764934103, 1.3227604333, 1.3883726202, 1.00000027024, 6.48331413142, 1.16666992727, 2.9343085725, 1.26000012825, 1.00000026952, 5.25001737632, 4.09013975922, 1.01565779623, 1.31707109175, 1.01441992449, 1.06659918993, 1.39306001085, 1.161505213, 1.10836737321, 6.63296405526, 1.00000088922, 1.00000044978, 106.83950592, 0.942548528077, 1.31109267781, 1.02776773574, 3.43405875416, 0.870000016685, 923.167044145, 3.48525469169
2.88929174185, 1.16360419396, 1.58989057533, 1.00000033298, 5.23064764958, 1.10751960419, 2.28247716098, 1.26000030621, 1.00000024519, 4.9845113604, 6.90982024759, 1.06095445542, 1.54480119139, 1.00508485105, 1.06685979978, 1.44301218586, 1.06851620734, 1.10576621396, 6.30326608116, 1.00000075021, 1.00000081268, 83.3375387686, 1.03142777805, 3.02739123396, 1.01911539888, 3.58804388326, 0.870000637459, 1481.17441284, 4.02144772118
1.93437128391, 1.40819265959, 1.3446097693, 1.00000081791, 6.70318856184, 1.14492859641, 1.83224947603, 1.26000060909, 1.00000057638, 5.17392348642, 6.3015402131, 1.09355243687, 2.60098707467, 1.00408995265, 1.05333280064, 1.32302336934, 1.06858980959, 1.02721888712, 8.94452129102, 1.00000015136, 1.00000038775, 113.099770878, 0.991578277189, 1.13684411696, 1.05294481509, 3.63355935791, 0.870000340657, 80857.2240442, 5.63002680965
1.83790236246, 1.28289166713, 1.63178615361, 1.00000084065, 6.68292537168, 1.16702019634, 2.21944618759, 1.26000071098, 1.00000085217, 5.65986525183, 5.64868512296, 1.06345005342, 1.68157277704, 1.00603917162, 1.08197707446, 1.54395090342, 1.07330143364, 1.05011537053, 6.34663655101, 1.00000076319, 1.00000092605, 115.883078785, 0.947556754937, 2.82152739491, 1.03932021852, 3.60443325162, 0.870000609228, 221.201701469, 0.0
3.46910459901, 1.09755191031, 1.620189248, 1.00000077075, 5.80798847491, 1.11098921296, 1.39795443874, 1.26000027662, 1.00000069065, 5.15038233467, 7.08217808503, 1.08825748294, 1.97778403803, 1.09115958687, 1.08689720473, 1.57765695575, 1.14666366088, 1.04284983154, 8.04338495889, 1.00000068369, 1.00000039138, 113.055630109, 0.976081901649, 1.01020139085, 0.997634264836, 3.35482884611, 0.870000072202, 3174.75390994, 1.60857908847
2.7386016253, 1.370214375, 1.49843441855, 1.00000033065, 4.89253281312, 1.16234242494, 2.42102327592, 1.26000008123, 1.00000027012, 5.67925246234, 6.16235372514, 1.08671506889, 1.49680767144, 1.0725421849, 1.07964491988, 1.26302335037, 1.03452857684, 1.00266202396, 5.43998534608, 1.00000038402, 1.00000019307, 103.971012504, 1.06979672743, 1.98341658118, 1.06647395818, 4.03753397238, 0.870000102559, 2458.62810405, 0.536193029491
2.45505239482, 1.19368301438, 1.72305328658, 1.00000059446, 5.8548888034, 1.13218098024, 1.95509973872, 1.26000069583, 1.00000058054, 5.43913603161, 6.37613380282, 1.03607791737, 1.71715126339, 1.03100098398, 1.08984326688, 1.16623418775, 1.04310854865, 1.08976700247, 8.35060161779, 1.00000052324, 1.00000052421, 100.121897793, 1.0674153557, 3.42809994287, 1.04022168203, 3.56649335009, 0.870000245304, 779.765588083, 0.536193029491
5.77287946143, 1.30743650477, 1.38657707418, 1.00000013262, 5.87085480934, 1.1051564004, 1.26765666786, 1.26000007535, 1.00000032004, 5.22920751512, 6.60852596862, 1.01805200129, 2.89661327813, 1.00322371755, 1.08828827398, 1.27519369667, 1.1221478306, 1.01873618052, 7.21314346464, 1.0000002467, 1.00000075779, 97.9090418106, 1.00567701919, 2.85397938987, 1.01801408901, 3.53685975864, 0.870000786935, 12939.8304134, 3.21715817694
4.15084900615, 1.32397809885, 1.6927351246, 1.00000084016, 6.00168896485, 1.18392818516, 1.05049931649, 1.26000021814, 1.00000071601, 5.43003369544, 5.61978539971, 1.08062110546, 2.59324232378, 1.06954722584, 1.08483164362, 1.02930608181, 1.0462126852, 1.09598972331, 4.02952697205, 1.00000037878, 1.00000005506, 105.92492115, 1.05914856791, 3.63458597581, 1.02021123619, 3.35218870727, 0.870000806549, 23996.108684, 7.50670241287
5.76857139694, 1.31202410626, 1.61409145043, 1.00000061263, 5.26448475744, 1.12272340297, 1.74246312663, 1.26000076119, 1.0000006391, 5.33090640417, 6.78137183825, 1.05180338895, 3.19717511887, 1.04160683444, 1.08567612718, 1.34174756942, 1.13417205727, 0.920849105754, 3.20388159267, 1.00000056485, 1.00000025472, 81.100397186, 1.0523866454, 3.02989104932, 1.04839561504, 3.43677346971, 0.870000634969, 84319.751557, 6.97050938338
3.87610854751, 1.16917791513, 1.37121289282, 1.00000090948, 5.19183264127, 1.16025826361, 1.44767109889, 1.2600002327, 1.0000009553, 5.52965364209, 3.48862554784, 1.08537739641, 1.77331866177, 1.03870533581, 1.07354831174, 1.40596001123, 1.05181841688, 1.00943783677, 6.97669875789, 1.00000045708, 1.00000036322, 117.919774408, 1.00384843585, 1.66267603224, 1.06931949237, 4.09428124803, 0.870000008323, 1747.76375244, 4.82573726542
2.93263430505, 1.2444829132, 1.71373376635, 1.00000053792, 5.08264546086, 1.10892392034, 1.72066030988, 1.2600000262, 1.00000069292, 6.1186919348, 6.30077473373, 1.0686002825, 3.01123234022, 1.02211930743, 1.06852569636, 1.13874085935, 1.04086314528, 1.0857965893, 9.73217651808, 1.00000056427, 1.00000070305, 104.493018821, 1.01261507381, 2.76607529307, 1.04225590084, 3.5220426858, 0.870000622319, 21828.7702965, 2.68096514745
4.60160294697, 1.34494467279, 1.44913021185, 1.00000020817, 6.3927715056, 1.18342864942, 2.15954556324, 1.26000091074, 1.00000074792, 4.99829318114, 4.53035045173, 1.02745675318, 2.0899822888, 1.03652456772, 1.08233603416, 1.308167658, 1.05973027935, 1.10487806514, 6.37312257666, 1.00000030994, 1.00000073197, 109.008143955, 0.954400823373, 2.48256575472, 1.0068165916, 3.49083817962, 0.870000852314, 6812.18238624, 9.11528150134
4.32732487396, 1.13257342907, 1.62169611752, 1.00000061847, 6.67732529869, 1.11075834558, 1.87958085049, 1.26000022777, 1.00000020859, 6.11702740553, 5.70336192076, 1.09502435882, 1.05060381373, 1.02693993756, 1.0870770763, 1.58694713533, 1.12426475337, 1.0763198728, 3.7815715833, 1.00000086925, 1.00000092034, 91.8981614423, 0.964245877525, 1.00122177352, 1.04885584098, 3.58377153865, 0.870000437802, 52212.4388454, 6.97050938338
3.473242942, 1.40767128317, 1.71663966244, 1.00000081392, 5.36438122207, 1.18971319769, 3.02415544821, 1.26000034623, 1.00000093596, 5.65516981828, 7.02030229404, 1.09307892583, 1.72412587267, 1.08951749581, 1.08711940765, 1.23361235064, 1.03846553999, 1.06401884346, 7.86411107281, 1.0000008396, 1.0000009664, 109.297242073, 1.03144563453, 2.1162181442, 1.05054958538, 3.61943949635, 0.870000365313, 72894.8627845, 6.16621983914
3.39761111965, 1.38015770717, 1.54542032687, 1.00000025693, 4.69962649001, 1.18857227566, 2.19497647867, 1.26000026799, 1.00000046851, 5.37417362991, 4.90443705925, 1.05154346565, 1.7570997517, 1.06160018002, 1.08615369906, 1.40670047707, 1.0547951283, 0.955202026285, 4.93840126664, 1.00000083138, 1.00000044456, 94.9916558573, 0.963752162603, 4.38801285975, 1.05927421955, 3.34397803159, 0.870000557527, 15651.2769971, 3.48525469169
4.2312130129, 1.34958080473, 1.51860712669, 1.00000034737, 4.44308765049, 1.12612298636, 3.05728375375, 1.26000055094, 1.00000049075, 5.19104598367, 7.49254239035, 1.06626522929, 2.02040211145, 1.07498025858, 1.08583434481, 1.47030214841, 1.00961508347, 1.07410792094, 7.76038647306, 1.00000047436, 1.00000020944, 104.589780295, 1.00712382454, 2.39302412943, 1.01297038692, 4.05113326507, 0.870000665847, 22307.3767032, 5.09383378016
2.37477928524, 1.34070062151, 1.62939590092, 1.00000064179, 6.87188854342, 1.17710637782, 3.85724709014, 1.26000001709, 1.000000848, 5.71822085391, 7.28942977835, 1.01913766252, 3.3733202097, 1.06301607278, 1.08288929383, 1.57454256236, 1.02679389235, 1.09277269057, 8.75574835604, 1.00000075133, 1.00000009317, 91.0455367712, 1.03123965982, 1.55717486227, 0.978242171938, 3.5208634101, 0.87000012864, 8203.66886484, 6.16621983914
2.95606268052, 1.22737884508, 1.73357376216, 1.00000076849, 6.62842758928, 1.08447802514, 1.36725949799, 1.26000033058, 1.00000076746, 5.72695229008, 4.15736104679, 1.00115180006, 3.27181049355, 1.02902700872, 1.08032669147, 1.48871003342, 1.0554921744, 1.08349708124, 8.37645361781, 1.00000064025, 1.00000095692, 101.508313088, 0.953068493627, 4.03903788431, 1.05972471866, 4.14013711601, 0.870000870827, 13987.7753145, 2.14477211796
5.95815800331, 1.12497461969, 1.4909059723, 1.00000080467, 6.11329251745, 1.18340134751, 1.54734204863, 1.26000052754, 1.00000054092, 5.44137459109, 7.30447854313, 1.09431139827, 1.60028932137, 1.09876906005, 1.06677401685, 1.53650289065, 1.14289638922, 1.10129162591, 6.79924724205, 1.00000049081, 1.00000074661, 118.077258659, 1.07514009416, 5.03451139043, 1.04274304981, 3.91944885414, 0.870000422629, 2288.93213504, 1.87667560322
4.92511495273, 1.05083317196, 1.52283771097, 1.00000005208, 5.05982750756, 1.18890116841, 2.5797835151, 1.26000097846, 1.00000024216, 5.4794711073, 5.2678289248, 1.08737730109, 1.7498197263, 1.00510571677, 1.07655199495, 1.40711484868, 1.03617643231, 1.08614607192, 4.45995704423, 1.00000052354, 1.00000083847, 87.5314755255, 1.0886344662, 4.30202067375, 1.04086742112, 4.10522051734, 0.870000410455, 3347.08807727, 6.70241286863
3.85891235161, 1.15745505934, 1.39707818159, 1.00000022038, 6.52947072775, 1.16579222427, 3.22118050088, 1.26000066245, 1.00000070359, 6.05068683622, 5.44893546955, 1.03498543795, 2.56781016575, 1.00502607014, 1.06549211168, 1.59505157393, 1.12114535243, 1.04430391649, 8.6352299783, 1.00000025334, 1.00000067922, 106.821357449, 1.05714678478, 1.24979624793, 1.02440039795, 3.96337489283, 0.87000028727, 9682.520458, 1.07238605898
1.22088315759, 1.26638206794, 1.71070536682, 1.00000025697, 6.70423790666, 1.15820059108, 3.3084707736, 1.26000060124, 1.00000079831, 5.95995169509, 4.2952581806, 1.09013354759, 2.85052053201, 1.01748976503, 1.08352977841, 1.25953015868, 1.05496763196, 0.985465014885, 5.97333999686, 1.00000009569, 1.0000000066, 88.9439363152, 1.07128835421, 1.0103690442, 1.04882147661, 3.56029025789, 0.870000607998, 1976.97261075, 0.536193029491
3.26574232892, 1.39236004033, 1.53689144086, 1.00000038381, 5.31113893224, 1.15982949054, 1.87250853575, 1.26000042484, 1.00000006893, 5.08761411759, 6.14172951687, 1.07190413254, 1.38660785364, 1.00212221981, 1.08566128412, 1.61822909645, 1.11034651626, 0.988488787467, 7.51049417466, 1.00000086141, 1.00000088601, 79.208585763, 1.08914939588, 3.46641319803, 0.998455339256, 3.39003043624, 0.870000674922, 4801.17719484, 0.0
5.18307260638, 1.4217689726, 1.43669842629, 1.00000055445, 5.09218314015, 1.021135258, 1.83840487781, 1.2600004166, 1.0000000687, 5.31654953247, 4.50809872039, 1.09348279082, 2.23658456535, 1.00344354993, 1.08718046752, 1.3556721909, 1.12313272651, 1.04048045634, 9.20422996493, 1.00000042833, 1.0000004488, 86.8292877132, 0.961027231143, 2.46254106379, 1.04616362543, 3.98478977912, 0.870000166032, 2588.3449917, 6.16621983914
5.59022165432, 1.34766885235, 1.56076646475, 1.00000007609, 6.76294636151, 1.15765436957, 2.38954963147, 1.26000062255, 1.0000007848, 5.37502562971, 7.05571561166, 1.04605571965, 1.14118071931, 1.01821193088, 1.08986867709, 1.38741389274, 1.01061535019, 1.04651540894, 7.92069953804, 1.00000042585, 1.00000090557, 102.296479214, 0.989855114393, 1.04738395912, 1.03768212668, 3.56228432885, 0.870000181818, 9799.66679904, 1.07238605898
1.76915559241, 1.34653469386, 1.61295096935, 1.00000068352, 5.38798626817, 1.12525706685, 1.17918810617, 1.26000034014, 1.00000091125, 5.72414339228, 7.25633055322, 1.01017399941, 2.32821666229, 1.11094430433, 1.07978394787, 1.34588956158, 1.07503821524, 1.02115818392, 9.63710169048, 1.00000059669, 1.00000073175, 120.151509618, 1.0641580846, 2.66550958025, 1.04843706822, 3.29331863655, 0.870000585504, 7573.7847304, 0.804289544236
5.82148288172, 1.32194866118, 1.3802375254, 1.00000050442, 4.9292205245, 1.1602221478, 5.72543650839, 1.26000011302, 1.00000093205, 5.63686223131, 7.43251085101, 1.07900408233, 3.11490613788, 1.02809291326, 1.08047042132, 1.49839585, 1.12523548432, 0.92912493462, 9.2581253263, 1.000000355, 1.00000079319, 80.3480320557, 0.972386258984, 1.00258385029, 1.05982374505, 3.46321898868, 0.870000784945, 3971.87880779, 2.68096514745
5.94894366491, 1.08992012861, 1.34001864222, 1.00000015252, 4.41814550372, 1.10901838925, 1.20464381612, 1.26000035425, 1.00000097879, 6.06786652181, 5.50878810832, 1.07202920713, 1.64573054213, 1.02491486169, 1.0833784193, 1.50417834835, 1.1507940154, 0.939720785308, 4.97576405241, 1.00000016528, 1.00000099263, 124.109640938, 0.947676628247, 3.06508139484, 1.05740309613, 3.40505285371, 0.870000394756, 8702.42537322, 0.536193029491
4.81563266369, 1.05716370203, 1.36195819853, 1.00000007676, 4.28536208529, 1.17354890404, 1.17145287182, 1.26000048808, 1.00000068774, 5.73057963506, 5.36491816847, 1.03921019019, 1.36760603252, 1.09337614252, 1.08007544963, 1.39390764565, 1.10099868472, 1.025429271, 7.88992020322, 1.00000074096, 1.00000065648, 108.599635611, 1.04854869247, 2.09719486135, 1.06860804583, 3.49456040524, 0.87000079255, 34907.9457592, 2.41286863271
5.44206381793, 1.36039902245, 1.60494818886, 1.00000099007, 6.31534488814, 1.12257474469, 1.08259506051, 1.26000052481, 1.00000018144, 5.598339371, 5.02250994602, 1.09528892935, 2.73830111421, 1.06789295798, 1.06034295196, 1.27833209696, 1.12377381457, 1.10272938137, 5.41953584186, 1.00000027603, 1.00000054135, 109.002831819, 0.956544190346, 3.15707329145, 1.05259156422, 3.46572619675, 0.870000571859, 17731.1496599, 0.536193029491
5.7588957215, 1.22974921448, 1.3609569665, 1.00000007245, 6.02281949603, 1.15367379591, 1.49980922128, 1.26000080594, 1.0000009055, 5.11829465659, 5.51832289072, 1.09295332356, 2.94676030175, 1.09716016959, 1.05436346803, 1.10946691972, 1.12551324917, 1.05935016127, 8.17132304828, 1.00000003516, 1.00000079209, 111.253968399, 1.03372405404, 1.5170485359, 1.06265394105, 3.39376794081, 0.870000687029, 1564.33231181, 4.02144772118
3.50912324602, 1.40154919664, 1.38053911043, 1.0000004403, 5.23572587832, 1.16410953816, 2.45145690236, 1.26000087814, 1.00000072529, 5.7928545728, 5.67956551466, 1.04569088648, 2.13851571412, 1.09485338898, 1.08739970851, 1.24741596355, 1.07067066997, 1.05095506708, 7.43082835015, 1.00000051913, 1.0000006485, 121.362121264, 0.967885868913, 2.25667602978, 1.04652376246, 3.41257124903, 0.870000626214, 47051.3034183, 7.50670241287
5.25980111951, 1.14531357333, 1.6234202124, 1.00000044225, 4.40712099671, 1.03462531974, 1.63780372283, 1.26000060793, 1.00000062653, 4.97983134216, 7.02703289396, 1.04540439982, 3.08827205389, 1.01579167336, 1.07547838942, 1.44365130659, 1.07419333446, 1.05926226251, 7.74148870561, 1.00000081034, 1.0000001876, 95.7795141381, 1.01652541544, 1.97732847034, 1.04206253886, 3.49399201951, 0.870000421135, 4867.01035419, 5.09383378016
3.26843163156, 1.3387185687, 1.73825328871, 1.00000014011, 6.08213961556, 1.00975137793, 1.59857640221, 1.26000052968, 1.00000086332, 5.87831749758, 5.9063839034, 1.02830165856, 2.6793577502, 1.01847537322, 1.0828110566, 1.47652299915, 1.14935404045, 0.996177166187, 8.99924122613, 1.00000000698, 1.00000016305, 77.1219907145, 1.05123822818, 1.62640731396, 1.06142466709, 3.33302202588, 0.870000948386, 16417.1208323, 4.82573726542
4.48285151059, 1.39035695682, 1.3615946802, 1.00000033326, 4.37802643149, 1.06306008889, 2.2484311972, 1.2600002343, 1.00000090011, 5.64699067418, 7.25846352981, 1.0381436214, 2.35521763297, 1.01814266682, 1.08699080322, 1.47372246924, 1.12341369748, 1.06394201731, 7.57231127525, 1.00000086578, 1.00000021704, 86.4735670757, 1.08137963567, 5.75520282673, 1.06555641307, 3.51150326724, 0.870000755548, 32125.6982729, 2.68096514745
4.5456617551, 1.09701754375, 1.41138173357, 1.00000022758, 6.76997042349, 1.09637647835, 1.56975962931, 1.26000016417, 1.00000033704, 5.07843832068, 6.29910225603, 1.05578731967, 1.50457318414, 1.1016684059, 1.07365837024, 1.57039425516, 1.1405426279, 1.10479637647, 5.18942233585, 1.00000087089, 1.00000043675, 81.9266007809, 1.08640307174, 1.50320721292, 1.06272753063, 3.39526016549, 0.870000406223, 8193.89469693, 2.68096514745
4.49857244724, 1.10993641509, 1.6530819776, 1.00000076694, 7.05605263323, 1.12555993351, 1.08705075552, 1.26000052487, 1.00000046682, 5.94831670979, 3.37894477773, 1.01211257621, 3.09017029966, 1.01127685144, 1.07777751336, 1.56949146434, 1.04714856346, 1.08656579649, 5.92000974192, 1.00000064063, 1.0000008043, 106.148939418, 0.953874278297, 1.56058851963, 1.04372985685, 3.98845146366, 0.870000923254, 24381.3800744, 2.68096514745
3.36904080715, 1.27851004313, 1.60833751725, 1.00000081434, 6.83408377863, 1.13342777119, 4.28061900839, 1.26000068358, 1.00000043555, 5.91456801107, 7.06412753402, 1.04676254816, 2.86675858534, 1.02987043835, 1.0714360132, 1.61798189571, 1.09089102407, 1.08752871975, 6.98920960915, 1.00000031416, 1.00000043022, 103.429442366, 1.06182211802, 2.33234622922, 1.06459402211, 3.89095132835, 0.870000038933, 14324.1496797, 2.41286863271
4.95767586397, 1.14709179822, 1.34695845545, 1.00000081771, 6.7324651358, 1.13341290447, 2.95883744768, 1.2600000281, 1.00000082778, 5.30925430213, 4.1341081271, 1.08249295306, 3.19202126585, 1.0051412606, 1.04863358063, 1.50170867868, 1.01699026081, 1.07269579882, 3.02279895771, 1.00000034518, 1.00000054111, 86.0530340398, 1.08298234207, 1.29692102413, 1.05414740097, 4.19379739167, 0.870000314877, 24697.1118195, 7.50670241287
3.91502389137, 1.21333324172, 1.56284962829, 1.00000030099, 5.74054323877, 1.16041604412, 1.39103498675, 1.2600006232, 1.00000059336, 6.12025085256, 4.17529616627, 1.05817407598, 1.90066740845, 1.10387388568, 1.07480924215, 1.61150016278, 1.11387597624, 1.07350245227, 3.27487948402, 1.00000007096, 1.00000004139, 98.805181388, 1.08031647091, 1.05062393005, 1.06754168955, 3.69016821191, 0.870000448351, 10423.1119286, 3.75335120643
3.89920950027, 1.3437257669, 1.42925473845, 1.00000030609, 5.39399655476, 1.01106496408, 1.42635463029, 1.26000012326, 1.00000071659, 5.43351716767, 6.46898334519, 1.07202949764, 1.80457112463, 1.0288532385, 1.08999335575, 1.55190263635, 1.05960855485, 1.02130900664, 3.19535340143, 1.00000011123, 1.00000089978, 91.943132185, 1.0670924107, 3.12950468636, 1.00309193241, 3.76721699915, 0.870000743953, 183677.978838, 5.36193029491
4.11219588865, 1.33317731452, 1.59056343786, 1.0000007014, 6.09884446219, 1.02413371955, 1.75406117151, 1.26000036266, 1.00000040561, 5.57117891671, 6.42797373612, 1.02477031565, 2.22774491764, 1.01026440906, 1.07406656299, 1.56357596542, 1.03311370707, 1.10915143369, 5.77237730478, 1.00000054445, 1.0000007228, 109.23675888, 1.05440633587, 3.07579928685, 1.06221907253, 4.23657226289, 0.870000377656, 6353.3564204, 3.75335120643
1.49387296298, 1.39292074271, 1.59101251338, 1.00000073617, 6.69509866283, 1.12023189995, 1.36008316845, 1.26000001213, 1.00000008057, 5.75325173766, 4.32330722719, 1.05778653225, 1.77097485055, 1.07373110183, 1.08630939561, 1.43609991453, 1.01913940892, 0.936229630072, 9.64729234131, 1.00000028048, 1.00000099338, 120.420173884, 0.996265349607, 1.56126430441, 1.05764998448, 3.8463632381, 0.870000207475, 41976.6376758, 8.8471849866
2.3163211112, 1.39015241127, 1.6146304295, 1.00000096316, 5.37313379593, 1.01255822871, 1.22676545452, 1.26000029704, 1.00000020727, 5.77038248176, 5.59277386823, 1.0833082169, 2.27306019351, 1.01372074878, 1.08105663511, 1.38932823982, 1.06356224069, 1.08385693831, 9.26244376535, 1.00000034509, 1.00000061859, 90.9846140199, 1.0198898899, 4.73812400455, 1.04357861863, 3.49256320884, 0.870000024055, 28640.169702, 3.75335120643
5.90813142767, 1.27579326455, 1.6849428227, 1.00000079353, 4.42885227563, 1.01102368748, 1.08730651389, 1.26000009289, 1.00000015884, 5.90648742124, 5.90677842084, 1.0289250364, 1.55202129845, 1.05605292915, 1.08097793798, 1.60627795408, 1.10415543345, 0.990050311807, 4.24237981167, 1.00000089082, 1.0000007694, 123.998298442, 0.991778498473, 1.23081932143, 1.01332282595, 4.01626208797, 0.870000940678, 18053.5931616, 1.07238605898
3.50136841464, 1.39188749902, 1.57219180724, 1.00000003189, 7.03891320764, 1.17446017687, 3.510771194, 1.26000095181, 1.00000078187, 6.03409343033, 4.9267040145, 1.08198759516, 2.41947168461, 1.01340570023, 1.06649593797, 1.33574377825, 1.00385543587, 1.08826368458, 6.24148272547, 1.00000078555, 1.00000039287, 105.842536443, 1.02003268272, 2.09774443815, 1.04764445627, 3.70746949781, 0.870000709007, 6510.8100368, 1.07238605898
5.21582138642, 1.22336973837, 1.44676298932, 1.00000034663, 6.91401543441, 1.17899691444, 3.34696261895, 1.26000096819, 1.00000062824, 5.67646675356, 7.35882228592, 1.00086827385, 1.9645508135, 1.05154920929, 1.07211684477, 1.60600210885, 1.10905860004, 0.979030322361, 8.65786046112, 1.00000006198, 1.00000091418, 112.980203731, 1.08116596348, 1.3700340342, 1.02447025826, 3.51746407267, 0.870000496771, 15370.0050693, 2.68096514745
4.40658521594, 1.40538496393, 1.68856311519, 1.00000040127, 5.86191579866, 1.07563302934, 2.94005280679, 1.26000055726, 1.00000009328, 6.14407683438, 5.86677218191, 1.03177949931, 2.58924562037, 1.03536257893, 1.05117014877, 1.19194188561, 1.09595253757, 1.1003370661, 4.37620095328, 1.00000068869, 1.00000081353, 117.504015513, 1.00968204077, 1.31713572775, 1.05927789457, 3.41218207392, 0.870000422302, 3156.13940195, 1.87667560322
4.77254820555, 1.36183230346, 1.61496294162, 1.00000016658, 5.3642709944, 1.08219252035, 3.19262339982, 1.26000011534, 1.00000030567, 5.52147994707, 7.51539438423, 1.03736568116, 2.91702364284, 1.04600753509, 1.04307386077, 1.59817556445, 1.03890293764, 1.0802645443, 3.81306866259, 1.00000023273, 1.00000092521, 94.8138339825, 1.0691167802, 3.04576506356, 1.05612295293, 3.83304597336, 0.870000350506, 27049.6354048, 4.28954423592
2.4760663971, 1.08493062775, 1.38838569609, 1.00000052769, 4.84966141293, 1.07936363164, 1.88991687056, 1.26000085677, 1.00000059229, 6.15964266257, 3.58247809371, 1.00521128865, 1.44981573541, 1.03162993437, 1.08628265555, 1.59910630549, 1.12527682687, 0.978872975458, 3.60562987848, 1.0000003673, 1.00000089905, 117.76499869, 1.05202791026, 1.52750431611, 1.06435854603, 3.52030442096, 0.870000227557, 7769.72546704, 0.804289544236
3.66191773747, 1.4228041744, 1.53600842408, 1.00000099633, 5.73496627095, 1.05791934513, 1.02003569602, 1.26000099286, 1.00000014716, 5.22586033407, 6.55079795486, 1.05152754925, 2.67548742167, 1.0553182875, 1.07987998568, 1.50919716886, 1.04372764013, 1.02190589232, 6.62393027694, 1.00000035575, 1.00000037705, 96.4858747356, 1.02179802384, 1.73462152647, 1.06594851399, 3.39099194848, 0.870000430042, 584.594985717, 4.82573726542
5.99633563724, 1.31555115514, 1.48538493217, 1.0000003968, 4.91207068444, 1.15108219656, 3.17833990341, 1.26000012585, 1.00000029673, 5.78903619033, 5.83463924671, 1.04904977473, 3.13385933484, 1.06578573278, 1.08119316759, 1.46166367892, 1.03834473121, 1.07455453556, 7.82973136895, 1.00000036053, 1.00000081999, 107.483041964, 1.02751066989, 3.16948784398, 1.06743737245, 4.03926422069, 0.870000862148, 30950.3580174, 8.04289544236
5.5110258869, 1.3814146999, 1.45293435809, 1.00000043538, 5.98322160992, 1.08781893863, 2.0897359616, 1.26000083142, 1.00000075225, 5.99655615963, 4.27856923689, 1.06908207966, 3.57062187547, 1.02056795765, 1.08696707606, 1.05394008193, 1.0513720744, 1.09581185308, 4.91399830696, 1.00000060296, 1.00000055693, 117.470722527, 1.0089056198, 1.93361682771, 1.06585192655, 3.58116569535, 0.870000158619, 3471.2187565, 3.21715817694
1.25717773006, 1.36412305574, 1.63888255756, 1.00000013291, 6.11864307216, 1.05741338626, 2.13389966204, 1.26000057407, 1.00000003139, 5.24509888026, 7.50082639889, 1.00890734063, 3.48438303469, 1.05098758686, 1.0812684007, 1.5489865778, 1.03147501519, 1.0447096794, 6.43598993772, 1.00000027656, 1.00000080149, 105.578982403, 1.08857325448, 2.80748055812, 1.0689917514, 3.47995867803, 0.870000871643, 4966.14353954, 1.60857908847
3.64700383724, 1.3346300676, 1.49092429009, 1.0000009443, 5.36075282543, 1.08599094945, 1.29831845756, 1.26000079737, 1.00000011146, 6.12414107454, 6.3165050908, 1.0069895371, 3.3585784428, 1.01555874276, 1.08961659151, 1.60501516532, 1.05144805931, 1.09255352967, 9.49028588854, 1.00000072126, 1.00000022866, 124.054158538, 1.00066149063, 1.30543270994, 1.01992432757, 3.46752387078, 0.87000073651, 1231.6872999, 1.60857908847
5.07894494323, 1.27583391734, 1.3716910297, 1.00000093336, 6.59102777679, 1.18017437758, 1.63727673716, 1.26000067919, 1.00000031276, 5.57016230669, 3.23142655071, 1.00829709394, 2.1838611763, 1.01936654948, 1.08405377984, 1.44949617424, 1.00079695807, 1.04924230351, 6.02653307257, 1.0000009503, 1.0000006991, 117.981639722, 1.07457981578, 1.01722572599, 1.03012676433, 4.00579413171, 0.870000643179, 21501.9402643, 4.55764075067
4.88694062878, 1.17943186133, 1.47949819507, 1.00000040479, 5.95075721353, 1.16948075608, 1.77656369695, 1.26000001073, 1.00000017915, 5.19009301936, 4.00333762317, 1.07646273139, 3.38168410262, 1.038099941, 1.08198642027, 1.17878889357, 1.01192309295, 0.991452213773, 6.28961012557, 1.00000072895, 1.00000080101, 121.151502252, 1.05604256756, 2.65602618609, 1.04991585591, 3.60746254254, 0.870000808791, 2252.52522945, 3.75335120643
5.78876894791, 1.37925755716, 1.56618064419, 1.00000098364, 5.51781818057, 1.12499938832, 2.43328034509, 1.26000081981, 1.00000055894, 5.76407776569, 5.16659155183, 1.0247692888, 3.50786248013, 1.03045067016, 1.08838162847, 1.58983188416, 1.02419140062, 1.00343045559, 9.18715237612, 1.00000085437, 1.00000098689, 103.819204498, 0.947583017696, 2.44377538784, 1.04460250075, 3.73270673817, 0.870000159839, 36197.6824898, 0.804289544236
5.11573189373, 1.39605236805, 1.45391035122, 1.00000076572, 6.57781451519, 1.18352784382, 3.70611235377, 1.26000088832, 1.00000096157, 6.1556893848, 3.22266609861, 1.05411886295, 3.91477388398, 1.01173857955, 1.08837761528, 1.27924671735, 1.03840515963, 1.08245940663, 5.38299669332, 1.0000002989, 1.00000014637, 108.415027225, 0.984763584973, 1.84891153945, 1.03180177467, 3.35200078778, 0.870000506231, 12525.2199441, 3.21715817694
5.31135467874, 1.2284763904, 1.65586423435, 1.00000079162, 6.39913924444, 1.10289069615, 5.6120964569, 1.26000039435, 1.00000005596, 5.1283990946, 6.52857619308, 1.04230815453, 3.53805949611, 1.05069620181, 1.06964147407, 1.56335238755, 1.09839711742, 1.08008029471, 9.44303717781, 1.00000018367, 1.00000084, 81.7932335115, 1.07983384827, 1.59090980815, 1.06010511505, 3.62835087313, 0.870000416666, 47928.471952, 3.21715817694
5.70214677681, 1.02364540656, 1.45906586863, 1.00000050472, 5.36569089039, 1.09651088496, 1.52601341456, 1.26000076151, 1.00000056325, 5.46106159642, 5.63860123098, 1.08527304617, 2.04000648265, 1.07011458122, 1.08521065476, 1.62108003869, 1.06806168045, 1.09573424328, 5.18276937138, 1.00000078391, 1.00000065428, 96.9014057954, 1.07772846029, 3.80147179017, 1.0541903527, 3.53122900597, 0.870000577799, 360.775146583, 4.28954423592
5.83670597814, 1.38136435201, 1.39908626345, 1.00000050612, 6.95623235835, 1.04328846316, 1.92611520995, 1.26000025804, 1.00000019603, 5.75786785464, 5.40823739487, 1.05337859853, 2.52331733094, 1.02161872125, 1.05256116899, 1.61224468506, 1.12853736158, 1.10697183189, 6.02568528172, 1.0000004148, 1.00000096624, 108.543208837, 1.0518190107, 2.04177563641, 1.06145294604, 3.68626256108, 0.870000439134, 7201.99272308, 2.14477211796
4.34570633509, 1.25277779295, 1.73805522098, 1.00000028973, 5.72461520679, 1.0773682862, 3.10137214423, 1.260000587, 1.00000090806, 5.3796252934, 5.94786891938, 1.00805021406, 3.71071281955, 1.01012744206, 1.08822474742, 1.37069124168, 1.01520852988, 1.00785486287, 6.23205451565, 1.00000011736, 1.00000084401, 114.73747987, 1.06702472601, 3.67615380179, 1.06730197278, 3.44161059831, 0.870000341142, 4687.32038131, 6.43431635389
5.55159994529, 1.41585940686, 1.40098532524, 1.00000004669, 5.43875777445, 1.07433087766, 1.49623378071, 1.26000003421, 1.00000020664, 5.94597862222, 5.15129673724, 1.08823060332, 3.24064323583, 1.00523626064, 1.08459095941, 1.53365168675, 1.04176303723, 1.03929351832, 9.56656845398, 1.00000043102, 1.00000079446, 104.476909958, 1.01945179073, 1.11705991912, 1.06020169352, 3.64831583702, 0.870000225634, 6691.6801997, 1.87667560322
5.9784522088, 1.37135063328, 1.66569808495, 1.0000004913, 6.13257654648, 1.06118507479, 2.46135990661, 1.26000045466, 1.00000040078, 5.22520313142, 5.00161182467, 1.00653689999, 3.25336166188, 1.05931821424, 1.0739598425, 1.46242948023, 1.05098764331, 1.09785150597, 8.00987883789, 1.00000016847, 1.0000002065, 122.455898663, 1.02257291248, 2.81020630246, 1.03995019401, 3.55945825581, 0.87000099724, 25576.2681731, 1.60857908847
4.92404665145, 1.3724237862, 1.45498007383, 1.00000006353, 6.43954769125, 1.03424068174, 4.30923963075, 1.26000069839, 1.00000000684, 5.79787583004, 3.93037648715, 1.0863593083, 3.9936932434, 1.03744793296, 1.06705345916, 1.60950686086, 1.00459339166, 0.969152168563, 8.51738510601, 1.00000015624, 1.00000077355, 122.039711137, 1.06284723271, 2.4255772029, 1.06903276802, 3.2914280578, 0.870000369569, 7796.61976186, 6.43431635389
