1.47149470752, 1.03262036808, 1.04288218787, 0.92154650619, 5.90472588174, 0.721198444427, 1.59539709098, 1.00606654664, 0.915298270164, 2.92857573611, 3.20637326852, 0.836821987381, 2.30153458474, 1.1537607376, 1.09000000819, 1.00300478324, 1.03971461696, 0.851813144663, 3.46504898089, 1.06177396876, 0.858582140166, 155.938240468, 1.07222280135, 4.67556435383, 1.08713360852, 2.05256723999, 1.2564297074, 55.473046246, 1.34048257373
5.36985137253, 1.33941090865, 1.09013444981, 0.868871268393, 4.60477940299, 0.844173970156, 2.86674951713, 1.0160782349, 0.9025588983, 2.06280100498, 5.86035340284, 0.945390406031, 3.35194302702, 1.20183892649, 1.09000027776, 1.05681927486, 1.00947487959, 0.909696210751, 9.790976872, 0.939345408608, 0.851478330098, 63.1622909772, 1.11970866423, 1.78108918056, 1.1319351086, 2.47698921003, 1.20304103362, 212.407730163, 0.0
5.70960446751, 1.05933305037, 0.950226800352, 0.876884699552, 3.5160024056, 0.888194893328, 3.79195564371, 0.946630854622, 0.965282369524, 2.27170294771, 2.76851661361, 0.887571254512, 1.61413933195, 0.923578606252, 1.0900009622, 1.09869452061, 1.04724633848, 0.924063625611, 3.37844161325, 1.14351861744, 0.962963747621, 142.968766047, 0.981236421387, 4.9955977617, 1.14428409934, 2.11458249205, 1.20578102808, 95.2099924846, 1.87667560322
4.5075997096, 1.33941090865, 1.04846408801, 1.01978902739, 2.32489361326, 0.925225821053, 3.56515939155, 0.997880919099, 0.98374661109, 5.55315849788, 6.33696512949, 1.08561140338, 1.82807755622, 1.07585420329, 1.09000080232, 1.02083629546, 1.04258181244, 1.02343825627, 6.84378544945, 1.13153339717, 0.93342956169, 219.84472372, 1.19352902539, 1.29815740231, 0.97514970618, 4.78552398666, 0.884615693201, 293.786946857, 0.0
4.20896759572, 1.1428745059, 0.834835650919, 0.890731022077, 6.08198223042, 0.958254882524, 4.3671665035, 1.03553310864, 0.958901015234, 3.42666125626, 5.65091870853, 1.01379356779, 3.13146848969, 1.00559040744, 1.09000023466, 1.05160715004, 1.01827157945, 1.22202167959, 8.46102898115, 1.07251756952, 0.950542456883, 364.938735199, 1.12695545037, 5.43494582172, 1.20569375098, 4.65490763959, 1.1727524914, 229.481455032, 0.536193029491
4.72545384658, 1.16622676023, 0.841241700881, 0.856516010658, 1.60364192615, 0.83243428342, 1.11605094569, 0.831934839471, 0.982301479664, 2.8660298296, 2.82866267898, 0.928149963007, 3.58884507542, 0.826323629354, 1.09000038692, 1.09393657782, 1.01075796688, 0.904649372757, 9.40668064699, 1.09645618192, 0.957329554749, 254.74545394, 1.10718995381, 1.00030430173, 1.07483173457, 4.78383911657, 0.959230709521, 99.9541849788, 3.21715817694
2.02166521879, 1.29833567094, 0.880157516906, 1.21730462749, 4.37511734711, 0.789514224323, 5.70773163043, 1.09476944474, 0.937913112521, 3.89744453122, 6.52843558003, 0.864593730926, 3.32299986221, 0.940563878545, 1.09000017299, 1.1051136009, 1.0199909834, 1.0457002621, 9.85678003112, 1.09523236958, 0.794472987772, 357.418267288, 0.975759964161, 1.61348035653, 1.22177511165, 5.20823510495, 0.911559786702, 305.927714205, 0.0
4.46029432061, 1.24681627812, 0.907348099973, 1.15180825107, 6.84067931594, 0.865415922378, 2.78511271785, 1.05719715101, 0.973241995777, 5.55482038542, 4.61565348309, 1.08555004034, 4.54893538854, 1.09823371816, 1.09000089375, 1.06351237567, 1.02844675115, 0.880754836165, 4.33464751493, 0.92364752247, 0.995715937509, 143.014828909, 1.05416026396, 1.58725366375, 1.03618528241, 3.25974516001, 1.13411429321, 218.806463455, 3.21715817694
3.52245701058, 1.25336686337, 0.857622199722, 1.02797939644, 1.50935288622, 0.961525969297, 5.01218190596, 0.879752932338, 0.938484742192, 3.99372119371, 4.44273876415, 1.03913276818, 2.21109975318, 0.991923735014, 1.09000057943, 1.02030693494, 1.01827157945, 1.2049405267, 5.50430559037, 1.00012379594, 0.996174665357, 32.1492264156, 1.06653577588, 2.82273522372, 1.22815766094, 4.80534158868, 0.951094890228, 379.762842646, 0.0
4.37141242785, 1.13121556346, 1.10701302951, 1.16082153253, 3.15528197121, 0.862534473887, 2.71883040259, 1.03553310864, 0.933224668319, 4.89587192798, 3.36724855891, 0.90135200211, 3.10666474736, 0.920291118094, 1.09000058656, 1.10655960095, 1.04334755648, 1.22615595402, 8.08679299395, 1.0538725842, 0.765243531478, 258.063392231, 1.09062977504, 5.5978971463, 1.02861639007, 1.58105454874, 0.952658316527, 299.27813848, 4.82573726542
1.52204156468, 1.01808116159, 0.955293409429, 1.18832343113, 3.0329406853, 0.883768989515, 5.30150978077, 1.02698124518, 0.91847972634, 1.8152140961, 3.76724932514, 1.0421852924, 2.43869693933, 0.819071940234, 1.09000013157, 1.06654970211, 1.00359790107, 0.818603010956, 8.74055273178, 0.999714640825, 0.894233646832, 170.760595456, 1.13015632825, 1.60205577815, 1.05597754283, 2.05328683434, 1.22965257336, 580.978263175, 0.0
5.47806267669, 1.37836882383, 1.03205695533, 0.822959012412, 6.75881346892, 0.947340005967, 5.12179134927, 0.993936159393, 0.912867558749, 2.62580214946, 4.56791054449, 1.06207758283, 3.01958971628, 0.831930051925, 1.09000018, 1.0368607113, 1.03361028853, 0.891417707123, 4.94420353888, 1.18592773333, 0.903968022278, 222.62142912, 0.969097151326, 5.9763954031, 1.08813699257, 3.94902075111, 1.01199714383, 535.886175929, 0.536193029491
3.3993995701, 1.24897631444, 1.07518960723, 0.811620493822, 5.5527866827, 0.795549811713, 2.68114377821, 1.07712279594, 0.901868012942, 4.79955929299, 2.97591186402, 0.832552980327, 2.37330510704, 0.813726014766, 1.0900000103, 1.09919058983, 1.04226780028, 1.01569119452, 7.2341054852, 0.995992576798, 0.95004789638, 363.989460195, 0.979562280388, 1.5184155292, 1.09188250381, 4.18796341129, 1.18665528016, 389.41051328, 3.21715817694
5.50181507286, 1.05933305037, 0.950226800352, 0.876884699552, 3.5160024056, 0.888194893328, 3.79195564371, 1.04955648417, 0.965282369524, 2.27170294771, 2.76851661361, 0.912049930606, 1.61413933195, 0.923578606252, 1.0900009622, 1.07467188189, 1.04724633848, 0.924063625611, 3.37844161325, 1.14351861744, 0.962963747621, 142.968766047, 0.981236421387, 4.9955977617, 1.14428409934, 2.11458249205, 1.20578102808, 380.152985529, 6.16621983914
4.13866495449, 1.196483204, 0.943856385892, 0.838771286409, 4.83226881222, 0.916089985299, 2.8663917183, 0.98542116158, 0.925347866759, 2.85426314913, 7.7079248216, 0.870928526442, 2.04526414725, 0.836448690559, 1.09000016992, 1.04353695331, 1.01331220537, 0.817832833591, 8.70676517766, 1.10479106686, 0.998619336847, 372.303922003, 1.00855929286, 3.76804532482, 1.17832782578, 5.41669468428, 1.08542480619, 835.541412118, 0.0
2.8483468378, 1.0039330972, 0.998438826715, 0.992273568224, 2.40032308472, 0.746716315219, 4.34726837801, 1.02410104094, 0.906510999854, 1.88386287908, 5.95641225669, 0.975575945165, 1.16107948033, 0.878686122398, 1.09000025506, 1.10693762258, 1.00690191108, 1.12076502349, 4.17474648217, 1.14351861744, 0.952008460394, 16.5234104823, 0.925783511523, 4.54615120272, 1.19232886886, 5.32579217604, 1.19835650547, 572.005454075, 0.804289544236
5.36985137253, 1.29982223191, 1.09013444981, 1.03055537535, 5.32201786722, 0.844173970156, 2.86674951713, 1.0160782349, 0.9025588983, 2.06280100498, 5.86035340284, 0.945390406031, 3.35194302702, 1.20183892649, 1.09000008256, 1.05681927486, 1.00947487959, 0.909696210751, 9.790976872, 0.939345408608, 0.851478330098, 63.1622909772, 1.11970866423, 1.78108918056, 1.1319351086, 2.47698921003, 1.20304103362, 494.990745288, 3.48525469169
5.50181507286, 1.05933305037, 0.950226800352, 0.871022041094, 3.5160024056, 0.888194893328, 3.79195564371, 1.04955648417, 0.965282369524, 2.27170294771, 2.76851661361, 0.912049930606, 3.6168929468, 0.923578606252, 1.0900009622, 1.07467188189, 1.04724633848, 0.924063625611, 3.37844161325, 1.14351861744, 0.962963747621, 142.968766047, 1.09336453543, 4.9955977617, 1.14428409934, 2.11458249205, 1.18853651229, 892.429665305, 0.0
1.47576810811, 1.20759633676, 0.97913509739, 0.971012325656, 1.56877108856, 0.927379612843, 4.09847657082, 0.890619190717, 0.933548439101, 2.3455068822, 3.63443081733, 0.903879231859, 2.01025513522, 1.21970311071, 1.09000036625, 1.06961724259, 1.04735348539, 1.12913834816, 5.45513083648, 1.02834735032, 0.776983042551, 267.44924237, 1.03772686185, 2.37390586578, 1.07043477364, 4.25730523326, 1.1110265884, 814.273213063, 1.34048257373
3.47417282093, 1.08581084882, 1.08603687439, 1.09984584393, 4.20422167407, 0.960352067388, 5.14320178492, 0.877553110901, 0.999217333908, 6.17684308181, 3.76800679064, 1.03807498843, 4.20027422431, 1.24607522693, 1.09000022071, 1.08157349894, 1.01813551635, 1.12738989038, 8.94434241656, 1.11640825355, 0.96582029433, 171.6463535, 0.91548232355, 2.35907035566, 1.07726422216, 5.3443818496, 0.906036218899, 641.531509226, 1.60857908847
4.5075997096, 1.33941090865, 1.04846408801, 0.873333337802, 3.2083275099, 0.866959765845, 3.56515939155, 0.997880919099, 0.98374661109, 5.55315849788, 6.33696512949, 1.08561140338, 1.82807755622, 1.07585420329, 1.09000080232, 1.02083629546, 1.04258181244, 1.02343825627, 6.84378544945, 1.03904865228, 0.93342956169, 219.84472372, 1.19352902539, 1.14138999688, 0.97514970618, 4.99799325477, 0.884615693201, 635.196341752, 2.9490616622
2.02166521879, 1.29833567094, 0.880157516906, 1.21730462749, 4.37511734711, 0.789514224323, 5.70773163043, 0.922103488827, 0.937913112521, 3.89744453122, 6.52843558003, 0.854641041265, 3.32299986221, 0.920291118094, 1.09000017299, 1.1051136009, 1.03693520118, 1.0457002621, 9.85678003112, 1.09523236958, 0.794472987772, 357.418267288, 0.975759964161, 1.61348035653, 1.22177511165, 5.20823510495, 0.911559786702, 856.914393101, 1.07238605898
4.64476986648, 1.12729179465, 0.846993171379, 1.09987144786, 2.98465969999, 0.763477721184, 5.57368787749, 0.866147723915, 0.913081912432, 4.42750764623, 2.55335114272, 1.02061278601, 2.27642246221, 0.918675327131, 1.09000039358, 1.01742668284, 1.01999527276, 0.964732924067, 5.35623805757, 1.17836730416, 0.844900617312, 334.655736655, 1.16912709032, 1.49302523286, 1.02311354951, 3.88501899971, 1.08161736364, 615.426792667, 4.82573726542
5.46167320309, 1.29198445055, 0.926745251799, 0.904601051811, 1.52125343395, 0.828158589309, 4.47378154531, 1.02406318168, 0.995076777427, 4.37687977471, 1.89283443689, 0.841753328237, 5.03812743604, 0.914311814658, 1.09000002612, 1.08235797802, 1.02530808141, 0.8991253171, 3.24620195623, 0.92364752247, 0.980605920388, 329.47285076, 1.04716076413, 4.09182131361, 1.22031951591, 2.30112237992, 0.979034523242, 933.972374563, 0.0
2.04554376983, 1.13361272845, 0.907348099973, 1.175732341, 5.54579444344, 0.751124493799, 1.40933429122, 0.967891285994, 0.94031366769, 1.86041831618, 3.67928716876, 0.943553803666, 1.7076089579, 0.972860704983, 1.09000062763, 1.09021001784, 1.04353054632, 1.14057870182, 5.18352389867, 1.15408604459, 0.777148036285, 183.894076565, 1.1273620025, 3.85890199555, 1.20945534412, 1.82969126695, 1.0702330532, 648.586967477, 1.60857908847
2.1912904517, 1.0454356779, 0.756576854666, 0.945343925272, 5.25444847692, 0.760592843246, 1.79296868831, 1.0254527933, 0.903019676832, 4.56771467454, 4.95680103343, 1.09012991416, 2.73315375337, 1.01055017483, 1.09000059288, 1.02590311042, 1.04751475259, 1.14317018518, 7.85784843349, 1.02201120321, 0.982669850753, 142.539138691, 1.18789080172, 4.54519956401, 1.09193104587, 5.07673713286, 1.0417866451, 1037.06095158, 1.07238605898
1.43008955978, 1.34123265101, 1.11963938766, 1.11972157988, 6.83147856334, 0.835384469649, 3.31767796527, 1.06613029861, 0.981143079321, 3.57940183379, 6.42163299097, 0.853010253864, 1.96546499181, 0.970815808743, 1.09000068931, 1.02118572383, 1.02072568339, 1.03784570213, 9.71793054745, 0.971590791697, 0.874065878146, 159.429301639, 1.15907711442, 2.5920020527, 1.06611069724, 3.29529928838, 1.18415297445, 1356.535602, 0.0
4.88269138964, 1.38728741333, 0.841337492689, 1.10271747143, 3.98266185455, 0.792964235388, 1.43354248771, 0.827898362094, 0.991716052654, 1.54834342347, 6.50877299955, 0.865679119055, 1.88408919825, 1.07214713223, 1.09000016834, 1.04867872007, 1.03527402911, 1.10285810394, 5.90549512578, 1.15388908881, 0.931641173502, 168.606669034, 1.03834942461, 5.37933608318, 0.9604731385, 4.28033858002, 1.10603245671, 880.687889945, 2.14477211796
2.43854508554, 1.0039330972, 0.998438826715, 0.992273568224, 2.40032308472, 0.746716315219, 3.00532109007, 1.02410104094, 0.905195306694, 1.88386287908, 5.95641225669, 0.975575945165, 1.16107948033, 0.878686122398, 1.09000025506, 1.08555320068, 1.00690191108, 1.12076502349, 4.17474648217, 0.984241418937, 0.887478737737, 16.5234104823, 0.925783511523, 4.54615120272, 1.19232886886, 5.32579217604, 1.19835650547, 775.467326097, 2.68096514745
5.40274797346, 1.13612575995, 1.02123584203, 1.09853740846, 5.38298859756, 0.924423470427, 1.27052141143, 1.00305176281, 0.98962107394, 2.43751253155, 6.33771700667, 0.999512929152, 4.79884117503, 0.827255756387, 1.09000079963, 1.02828285495, 1.00964557633, 1.00313212731, 4.02039813786, 0.986509842747, 0.939765786188, 247.240889714, 0.998364630185, 5.58801529607, 1.14987936044, 2.1746999792, 1.02925115774, 976.501015423, 1.87667560322
4.33199557759, 1.24681627812, 1.04240818092, 1.15180825107, 6.22387296199, 0.865415922378, 2.78511271785, 0.972064386978, 0.973241995777, 5.55482038542, 4.61565348309, 1.08555004034, 4.54893538854, 1.09823371816, 1.09000089375, 1.06351237567, 1.02844675115, 0.880754836165, 4.33464751493, 1.07373336178, 0.995715937509, 143.014828909, 1.05416026396, 1.58725366375, 1.12257915842, 3.25974516001, 1.13411429321, 1064.82495509, 1.60857908847
1.01600721171, 1.38570850763, 1.00638968739, 0.851431514973, 5.13856605156, 0.877763879424, 2.57823277906, 0.823984777348, 0.920656387491, 1.32143358575, 1.93655732799, 1.01735361269, 1.01055144963, 0.960673255635, 1.09000079682, 1.10048152589, 1.02534292766, 1.08192673143, 6.06017137362, 0.958191583577, 0.852388382705, 116.740832325, 0.947168865001, 2.47276456529, 1.18474014001, 5.30504235339, 0.887687244055, 1474.76592087, 1.07238605898
5.99667612776, 1.04520344772, 0.74712630047, 1.19433090578, 5.60684602838, 0.931139640525, 3.8261735242, 1.00300462811, 0.922454701974, 3.53917231322, 6.99299721164, 0.929133028963, 1.49958122628, 0.892038287044, 1.09000028783, 1.02282631315, 1.04514207083, 1.20711555544, 5.34043959535, 1.13171805404, 0.994096329276, 160.547040945, 1.02999265405, 1.96650790403, 1.21189150185, 4.92148364942, 0.993456140254, 1481.56122846, 0.804289544236
2.80015393902, 1.24065410438, 0.875247791088, 1.00585510791, 2.44846043577, 0.760001905257, 3.4774251228, 0.93827655317, 0.97922929068, 3.15913906943, 6.67296200404, 1.03540576602, 2.13339902497, 0.841730482149, 1.09000082003, 1.10031006841, 1.0359639875, 1.03583517155, 8.41837898789, 0.968903488711, 0.877246509047, 161.269896949, 0.96391933874, 2.20939175678, 0.990135412151, 2.95399742359, 1.19606605028, 1674.02174002, 0.0
4.15395574362, 1.3554846513, 1.01164528771, 0.816046523027, 4.91399365786, 0.772902915317, 4.3203447313, 0.838497888486, 0.989552327661, 5.28394108625, 2.51383999843, 0.980438280822, 4.54269210921, 1.28993031591, 1.09000048653, 1.09588184021, 1.01059796483, 0.85078508151, 5.79585314726, 1.13419827676, 0.963872682276, 274.626976017, 1.07005294924, 1.15729235918, 0.961955343871, 2.7418881689, 0.886601689281, 929.193607442, 5.36193029491
3.34524465269, 1.09257070033, 0.789121538792, 1.02995544725, 6.93061572991, 0.926462008703, 5.03429333786, 0.906558469931, 0.981474423551, 2.02080248166, 5.52354467582, 0.898102247225, 5.02146150539, 0.993407059823, 1.0900005995, 1.08953313954, 1.03620017086, 1.06848481618, 9.74142434726, 1.06514885474, 0.799275820146, 59.1297058664, 1.12785786622, 4.62071429773, 0.964387565395, 3.6906514948, 1.08535815723, 1221.76839849, 2.68096514745
3.34524465269, 1.09257070033, 0.789121538792, 1.02995544725, 6.93061572991, 0.926462008703, 5.03429333786, 0.906558469931, 0.981474423551, 5.09362492713, 5.65091870853, 0.898102247225, 5.02146150539, 0.868131958902, 1.0900005995, 1.08953313954, 1.00897362352, 1.06848481618, 9.74142434726, 1.06514885474, 0.799275820146, 364.938735199, 1.12785786622, 4.88769622158, 1.20569375098, 3.6906514948, 1.08535815723, 1333.89950893, 1.60857908847
4.12848335505, 1.12432258247, 0.833378499572, 0.899274868946, 4.6492923651, 0.784628590361, 2.2773564823, 0.93791005645, 0.937754763895, 3.30398453538, 5.02153182828, 1.09448150164, 4.95291854497, 0.875186938246, 1.09000049172, 1.02940949187, 1.04367527518, 1.05400395594, 6.20790355099, 1.1488810021, 0.792945230516, 370.733842305, 0.936146846982, 2.6231596735, 1.21903230546, 5.11293974119, 1.11411550781, 1185.11771145, 4.55764075067
2.22109310591, 1.04662245075, 0.813730325891, 1.20557305482, 2.84893314213, 0.71602687875, 4.90536073294, 0.878834453408, 0.958692935114, 5.77021237594, 2.43934070044, 1.05656794421, 3.47507906201, 1.12712186552, 1.09000027996, 1.05908388831, 1.01537211258, 0.97282750237, 8.61135644219, 0.964303131352, 0.834845994838, 275.185526574, 0.95435292029, 1.11934853076, 0.951318240733, 4.95483787298, 0.915477423638, 1543.03730402, 1.07238605898
5.46167320309, 1.29198445055, 0.926745251799, 0.904601051811, 1.52125343395, 0.828158589309, 4.47378154531, 1.02406318168, 0.995076777427, 4.37687977471, 3.36724855891, 0.841753328237, 5.03812743604, 1.07732783999, 1.09000002612, 1.08235797802, 1.02530808141, 0.8991253171, 3.24598470378, 0.92364752247, 0.980605920388, 382.255534181, 1.04716076413, 2.09807482336, 1.22031951591, 2.30112237992, 0.979034523242, 2116.52656999, 0.0
2.04554376983, 1.13361272845, 0.872100072223, 1.175732341, 5.54579444344, 0.751124493799, 1.40933429122, 0.967891285994, 0.94031366769, 1.86041831618, 3.67928716876, 0.943553803666, 1.7076089579, 0.910549341561, 1.09000062763, 1.09021001784, 1.04353054632, 1.22498197139, 5.18352389867, 1.15408604459, 0.777148036285, 183.894076565, 1.1273620025, 3.85890199555, 1.15642969879, 1.82969126695, 1.0702330532, 2109.91239901, 0.536193029491
2.1912904517, 1.01130165121, 0.756576854666, 0.915713496898, 4.43498446459, 0.760592843246, 1.26366327725, 1.0254527933, 0.905714324451, 4.56771467454, 4.95680103343, 1.09012991416, 2.73315375337, 1.01055017483, 1.09000059288, 1.00833288336, 1.04751475259, 1.14317018518, 7.85784843349, 1.02201120321, 0.982669850753, 61.2376229774, 1.18789080172, 3.86376809633, 1.09193104587, 5.07673713286, 1.0417866451, 1294.71624446, 2.9490616622
4.46029432061, 1.24681627812, 0.907348099973, 1.15180825107, 6.22387296199, 0.865415922378, 2.78511271785, 1.05719715101, 0.973241995777, 5.55482038542, 4.61565348309, 1.08555004034, 4.54893538854, 1.09823371816, 1.09000089375, 1.06351237567, 1.02844675115, 0.880754836165, 4.33464751493, 1.07373336178, 0.995715937509, 143.014828909, 1.05416026396, 1.58725366375, 1.12257915842, 3.25974516001, 1.13411429321, 1751.99507574, 1.07238605898
4.53647997692, 1.0753720757, 0.918359953639, 0.846567271395, 6.61111747816, 0.771189319368, 4.50121921817, 0.890867953401, 0.913423453967, 4.58767845109, 1.97043935578, 0.929025650306, 4.0618146041, 0.959198503526, 1.09000021426, 1.05994282544, 1.04469161097, 1.14279271904, 9.8981329924, 0.93318563948, 0.764957891971, 87.3845186538, 0.910233975324, 4.94327003269, 1.1294482391, 1.11308342463, 0.884800095013, 1614.38036773, 1.34048257373
3.74970685769, 1.23099660436, 1.15069442616, 0.957737930095, 3.12264890848, 0.815886619998, 1.69378014682, 0.881243786571, 0.940900013605, 3.32550017316, 6.01095556296, 0.852326623058, 3.94405741553, 0.861379967735, 1.09000024322, 1.01328357528, 1.00127522991, 0.997680963734, 4.30367002511, 1.14357217673, 0.911254591287, 58.5347921607, 0.922604441403, 2.64440520341, 1.10216873588, 3.22447443489, 1.00388699535, 2623.28303894, 0.0
4.72545384658, 1.16622676023, 0.841241700881, 0.856516010658, 1.60364192615, 0.83243428342, 1.11605094569, 0.967390030655, 0.982301479664, 2.8660298296, 2.82866267898, 0.938660205378, 3.28502595331, 0.81488797822, 1.09000038692, 1.09393657782, 1.01075796688, 0.815404288145, 9.40668064699, 1.09645618192, 0.957329554749, 254.74545394, 1.10718995381, 1.00030430173, 1.07483173457, 4.78383911657, 0.91777344657, 2189.12285577, 0.536193029491
4.37141242785, 1.13121556346, 1.10701302951, 1.16082153253, 3.15528197121, 0.862534473887, 2.71883040259, 1.03553310864, 0.933224668319, 4.89587192798, 3.36724855891, 0.90135200211, 3.10666474736, 0.940563878545, 1.09000058656, 1.10996339827, 1.04334755648, 1.22615595402, 8.08679299395, 1.0538725842, 0.765243531478, 258.063392231, 1.09062977504, 5.5978971463, 0.989329271231, 1.55274672103, 0.952658316527, 1349.04835703, 6.43431635389
2.22109310591, 1.04662245075, 0.813730325891, 1.20557305482, 2.84893314213, 0.71602687875, 4.90536073294, 0.878834453408, 0.958692935114, 5.62652443257, 2.43934070044, 1.05656794421, 3.19753226598, 1.12712186552, 1.09000027996, 1.05908388831, 1.01537211258, 1.0487622884, 8.12468806432, 0.964303131352, 0.834845994838, 275.185526574, 0.95435292029, 2.28274224513, 0.952058272044, 4.95483787298, 1.08508788221, 1990.59735615, 1.07238605898
5.53176771541, 1.27611054263, 0.806558148909, 0.959075719213, 4.73084254218, 0.843038582271, 3.24822471707, 0.858510468563, 0.99145881537, 2.17938581534, 1.60926885949, 1.0011732575, 3.73616569124, 1.13085938421, 1.09000055703, 1.04587063418, 1.01670795476, 0.895746795077, 5.63129019104, 1.01573598658, 0.911807417008, 170.247677982, 1.0649017902, 1.32036137219, 1.04278321496, 2.29552302192, 0.931950100973, 1755.94984958, 1.34048257373
2.97492641794, 1.03262036808, 0.842498978553, 0.92154650619, 5.19944021205, 0.721198444427, 1.59539709098, 1.00606654664, 0.918473598428, 2.92857573611, 3.20637326852, 0.987894596585, 1.51890682273, 1.1537607376, 1.09000000819, 1.00300478324, 1.03971461696, 0.851813144663, 3.46504898089, 1.06177396876, 0.858582140166, 143.649022193, 1.07222280135, 4.67556435383, 1.08713360852, 1.78980117427, 1.2564297074, 1732.34521385, 1.87667560322
4.13866495449, 1.196483204, 0.943856385892, 0.852222695338, 4.83226881222, 0.916089985299, 2.8663917183, 0.98542116158, 0.925347866759, 1.33839981808, 7.7079248216, 0.870928526442, 2.04526414725, 0.825186348988, 1.09000016992, 1.04353695331, 1.01331220537, 0.817832833591, 8.70676517766, 1.10479106686, 0.998516899044, 379.449277467, 1.05569744952, 3.76804532482, 1.17832782578, 5.41669468428, 1.08542480619, 1664.42683331, 3.21715817694
5.96481642831, 1.10551463269, 1.10161865874, 1.16248495759, 6.09441466953, 0.932643491216, 4.2440042103, 0.950084933014, 0.927588353578, 1.37327913091, 4.38268509015, 0.88542386635, 4.89077110411, 1.08137408242, 1.09000027333, 1.05522886309, 1.00128805615, 1.0821850391, 8.11327431759, 1.06890028648, 0.956939732927, 135.801335849, 1.07804773995, 2.09948850879, 1.04617920258, 4.75519000608, 1.01190520179, 2935.1710867, 0.0
4.81625051227, 1.30765164534, 1.15854510005, 1.10118027954, 4.62629725371, 0.971006162627, 2.71582515217, 0.912318003562, 0.999217067882, 3.34860527563, 6.37659602391, 0.89462254062, 1.45830059779, 1.2708449363, 1.09000041138, 1.01149672027, 1.03896212834, 1.00348372079, 5.23560412752, 1.12439695933, 0.801317689342, 68.7285472601, 1.07625493997, 3.66193116199, 0.983746784582, 4.16060346383, 0.895982999109, 2853.57621959, 0.804289544236
2.25621036346, 1.37169310288, 1.05084160847, 1.1654217676, 5.75821065901, 0.733760475235, 4.2451385669, 1.02237237988, 0.938482749738, 2.86380596066, 1.59664917734, 0.885289896763, 3.61635928262, 0.964081549361, 1.09000040922, 1.06334104193, 1.04917054892, 1.10247203896, 9.91609007694, 1.09359618181, 0.870784753739, 89.2480039761, 1.18125400734, 2.43498589287, 0.952020573676, 4.76438305487, 0.952855553433, 2545.63040483, 1.07238605898
1.44517479529, 1.38570850763, 1.00638968739, 0.951922689158, 2.82428150904, 0.877763879424, 4.2451385669, 0.843954368899, 0.941024424839, 2.29269835492, 1.93655732799, 1.01735361269, 1.01055144963, 0.960673255635, 1.09000079682, 1.08655236183, 1.02534292766, 1.08192673143, 6.06017137362, 0.958191583577, 0.852388382705, 116.740832325, 0.947168865001, 2.47276456529, 1.18474014001, 5.4538136133, 1.08963700866, 1848.79546573, 1.60857908847
4.56705875116, 1.36495784161, 1.03085364739, 0.912093067442, 5.4604733729, 0.716967130611, 4.91327317207, 1.06473525703, 0.925693655138, 2.61992680772, 5.04855298347, 1.06261378612, 4.2976982819, 0.941611869189, 1.09000035718, 1.05213761216, 1.0477977371, 0.824120712409, 3.63743021235, 0.979071358476, 0.888901334922, 146.322843283, 1.11642325573, 3.32681577351, 1.13303690981, 1.82197831199, 0.995316489224, 1746.73885909, 2.41286863271
4.5075997096, 1.33941090865, 1.04846408801, 1.01978902739, 1.61162564246, 0.960230104663, 3.56515939155, 0.997880919099, 0.98374661109, 5.55315849788, 6.33696512949, 1.08561140338, 1.76601754865, 1.07585420329, 1.09000080232, 1.02083629546, 1.04258181244, 1.02343825627, 6.84378544945, 1.13153339717, 0.93342956169, 219.84472372, 1.19352902539, 1.29815740231, 0.97514970618, 4.78552398666, 0.884615693201, 3131.01773765, 0.0
1.52204156468, 1.01808116159, 0.956806378693, 1.18832343113, 3.0329406853, 0.883768989515, 5.30150978077, 1.07002365434, 0.91847972634, 2.14869020695, 3.76724932514, 1.0421852924, 2.43869693933, 0.819071940234, 1.09000013157, 1.06654970211, 1.00359790107, 0.818603010956, 8.74055273178, 0.999714640825, 0.894233646832, 170.760595456, 1.13015632825, 5.80930813176, 0.957431696596, 2.05328683434, 1.22965257336, 3048.02516972, 0.536193029491
2.1912904517, 1.0454356779, 0.756576854666, 0.915713496898, 5.25444847692, 0.760592843246, 1.26366327725, 1.0254527933, 0.905714324451, 4.56771467454, 4.95680103343, 1.09012991416, 2.73315375337, 1.01055017483, 1.09000059288, 1.00833288336, 1.04751475259, 1.14317018518, 7.85784843349, 1.02201120321, 0.982669850753, 61.2376229774, 1.18789080172, 3.86376809633, 1.09193104587, 5.07673713286, 1.0417866451, 2837.76774566, 1.34048257373
4.72545384658, 1.16622676023, 0.841241700881, 0.856516010658, 1.60364192615, 0.83243428342, 4.06205373886, 0.984768308083, 0.982301479664, 2.8660298296, 2.82866267898, 0.938660205378, 4.96155636679, 0.961201894455, 1.09000038692, 1.09393657782, 1.00127522991, 0.815404288145, 9.40668064699, 1.09645618192, 0.957329554749, 254.74545394, 1.10718995381, 1.000074207, 1.07483173457, 4.78383911657, 0.91777344657, 2428.51313165, 1.87667560322
4.88520932454, 1.42273208109, 1.12569612051, 1.00079916538, 2.77408550993, 0.761766739756, 2.32213098054, 0.982661626447, 0.980477898799, 3.62533684026, 2.61448897557, 1.06437998287, 3.01774880973, 1.09405520203, 1.0900006648, 1.00225676884, 1.04441502097, 1.0920075775, 4.54475552932, 1.02809519743, 0.943801014173, 172.120962885, 1.05495504715, 1.42397725778, 0.998737400589, 4.2192497898, 1.21026841722, 1915.21849203, 2.14477211796
3.77746802345, 1.08564928948, 1.04440018597, 1.03608718399, 2.75913450302, 0.711360891766, 2.5258071972, 0.94994951088, 0.954105241603, 3.87222622015, 2.91979418345, 1.03881835485, 1.51300615497, 0.972820019711, 1.09000070162, 1.00061436538, 1.03306320171, 0.825230550486, 4.16963767169, 1.11284304875, 0.948582159442, 148.967736204, 1.11855633526, 2.97290027462, 1.22861632598, 5.09635781469, 1.02736878302, 2682.4284504, 1.60857908847
5.96481642831, 1.10551463269, 1.10161865874, 1.16248495759, 6.09441466953, 0.883791316047, 4.2440042103, 0.950084933014, 0.927588353578, 1.37327913091, 4.38268509015, 0.88542386635, 4.89077110411, 1.08137408242, 1.09000027333, 1.05522886309, 1.00128805615, 1.0821850391, 8.11327431759, 1.06890028648, 0.956939732927, 135.801335849, 1.07804773995, 2.09948850879, 1.04617920258, 4.75519000608, 1.01190520179, 1849.62676354, 2.41286863271
4.50690338548, 1.04662245075, 0.759233143064, 0.931094694158, 3.62364953948, 0.717041640622, 3.90419306874, 0.878834453408, 0.965109823359, 3.5439325547, 6.89518843567, 1.01540811095, 1.16212578575, 1.00770017421, 1.09000054768, 1.00378266311, 1.04563451527, 0.85014358102, 5.18341917766, 1.10866450187, 0.977952797311, 89.2480039761, 1.13210471849, 1.46404614492, 1.05873944777, 2.54248619827, 0.950028336198, 1813.36701506, 2.9490616622
2.92354580262, 1.33811728551, 0.867450348, 1.07389061837, 3.8865580702, 0.922845270724, 5.63987683453, 0.883191923733, 0.968136258209, 5.14718349729, 2.32897318384, 1.06475954848, 1.28630615477, 0.960756956488, 1.09000019434, 1.00747454253, 1.00661705579, 0.946547830894, 9.31284006841, 0.979815868186, 0.858107008275, 239.866347639, 0.981368278122, 4.27714347587, 1.05751015096, 1.08638626536, 0.987347935743, 3275.39457356, 0.0
2.98436608073, 1.09200956749, 1.03159736014, 1.05041007217, 3.87949945556, 0.751199733109, 5.0622615095, 0.941701102339, 0.97357130012, 5.54454034786, 1.93759436475, 1.05858840526, 3.95688165135, 0.831344643872, 1.09000039075, 1.05357413592, 1.0326508866, 1.00870126531, 3.46947104042, 1.08798778215, 0.954575264123, 204.262037143, 0.961951716771, 3.97718088792, 1.21869414305, 2.93015714597, 1.1857669244, 3110.05611332, 0.536193029491
3.42061390672, 1.18522481104, 1.11098295665, 0.885785126816, 2.64379264607, 0.714624884807, 5.31842568731, 0.942205979948, 0.90585668979, 5.89091192747, 4.23289936372, 0.983619090337, 4.40495464626, 1.10906144671, 1.09000007196, 1.04227444457, 1.00919182284, 1.21870061761, 5.90637803356, 1.1878036079, 0.927858404609, 193.939238201, 1.04601058591, 2.70617323572, 1.07040117682, 3.9913743864, 0.984918726079, 3016.5215868, 2.14477211796
4.88269138964, 1.38728741333, 0.841337492689, 1.10271747143, 3.98266185455, 0.792964235388, 2.55781635134, 0.827898362094, 0.991716052654, 5.09163063236, 6.50877299955, 0.865679119055, 1.88408919825, 1.07214713223, 1.09000009306, 1.04867872007, 1.03527402911, 1.10285810394, 5.90549512578, 1.15388908881, 0.931641173502, 267.706876847, 1.03834942461, 5.37933608318, 0.9604731385, 4.28033858002, 1.10603245671, 2192.11227786, 2.41286863271
2.40463967561, 1.30466424997, 0.950226800352, 0.876884699552, 3.5160024056, 0.888194893328, 3.79195564371, 1.04955648417, 0.965282369524, 2.27170294771, 2.76851661361, 0.912049930606, 1.61413933195, 0.923578606252, 1.0900009622, 1.07467188189, 1.04724633848, 0.924063625611, 3.37844161325, 1.14351861744, 0.962963747621, 142.968766047, 0.981236421387, 4.9955977617, 1.14428409934, 2.11458249205, 1.20578102808, 3550.11660572, 0.0
2.8483468378, 1.0039330972, 0.998438826715, 0.992273568224, 2.40032308472, 0.746716315219, 3.00532109007, 1.02410104094, 0.905195306694, 1.88386287908, 5.95641225669, 0.975575945165, 1.16107948033, 0.878686122398, 1.09000025506, 1.10693762258, 1.00690191108, 1.12076502349, 4.17474648217, 0.984241418937, 0.874065878146, 16.5234104823, 0.925783511523, 4.54615120272, 1.19232886886, 5.32579217604, 1.19835650547, 3280.97041785, 0.804289544236
3.34524465269, 1.09257070033, 0.789121538792, 1.02995544725, 6.93061572991, 0.926462008703, 5.03429333786, 0.906558469931, 0.981474423551, 2.02080248166, 5.52354467582, 0.898102247225, 5.02146150539, 0.875186938246, 1.0900005995, 1.08953313954, 1.03620017086, 1.06848481618, 9.74142434726, 1.06514885474, 0.799275820146, 59.1297058664, 1.12785786622, 4.62071429773, 0.964387565395, 3.6906514948, 1.08535815723, 3181.71148121, 1.07238605898
4.37141242785, 1.13121556346, 1.10701302951, 1.16082153253, 3.15528197121, 0.862534473887, 2.71883040259, 0.834835706577, 0.933224668319, 4.89587192798, 3.36724855891, 0.978075056885, 3.10666474736, 0.920291118094, 1.09000058656, 1.10655960095, 1.04334755648, 1.22615595402, 8.08679299395, 1.0538725842, 0.765243531478, 258.063392231, 1.09062977504, 5.5978971463, 1.16930524977, 1.58105454874, 0.952658316527, 3133.80714021, 1.34048257373
5.21195809521, 1.17803395537, 1.05931137111, 0.917628715323, 6.37706501103, 0.939483460141, 1.30468667832, 1.02189693387, 0.931887414958, 4.77064023055, 6.83811134662, 0.974484568619, 3.76411757875, 1.2721580349, 1.09000014604, 1.10875688034, 1.03737942059, 1.09015860362, 3.20639606147, 1.12978792785, 0.9419290482, 88.6133330347, 0.984857545008, 3.20648378929, 0.990279430925, 1.30682934139, 0.951556669631, 3077.38797452, 2.14477211796
5.50181507286, 1.05933305037, 0.765472111214, 0.866044957839, 5.32155337859, 0.767710289057, 3.29158553904, 0.966596940457, 0.978353394169, 3.70688379415, 7.68820124406, 0.940831675421, 3.56607166518, 0.815452091697, 1.09000046322, 1.01500056346, 1.04845659832, 1.18402519884, 3.78210380629, 0.955007296766, 0.790757778071, 192.865854222, 0.985486806409, 1.17638758494, 1.18659129894, 4.92999453208, 0.958613597212, 2568.49221104, 2.41286863271
3.52245701058, 1.25336686337, 0.955293409429, 1.02797939644, 1.50935288622, 0.961525969297, 5.01218190596, 0.879752932338, 0.938484742192, 3.99372119371, 4.44273876415, 1.03913276818, 2.21109975318, 0.991923735014, 1.09000057943, 1.02030693494, 1.01827157945, 1.2049405267, 5.50430559037, 1.00012379594, 0.996174665357, 32.1492264156, 1.06653577588, 2.82273522372, 1.22815766094, 4.80534158868, 0.951094890228, 2294.35633299, 3.21715817694
1.36762809263, 1.20759633676, 0.97913509739, 0.971012325656, 1.56877108856, 0.927379612843, 4.09847657082, 0.9700033498, 0.933548439101, 2.3455068822, 3.63443081733, 0.903879231859, 2.01025513522, 1.21970311071, 1.09000036625, 1.06961724259, 1.04735348539, 1.12913834816, 5.45513083648, 1.02834735032, 0.776983042551, 267.44924237, 1.03772686185, 2.37390586578, 1.07043477364, 4.25730523326, 1.1110265884, 2327.56514255, 2.9490616622
4.20896759572, 1.1428745059, 0.834835650919, 0.890731022077, 6.08198223042, 0.958254882524, 4.21816468453, 1.03553310864, 0.958901015234, 5.09362492713, 5.65091870853, 1.01379356779, 3.13146848969, 1.00559040744, 1.09000023466, 1.05160715004, 1.00897362352, 1.22202167959, 8.46102898115, 1.07251756952, 0.950542456883, 364.938735199, 1.12695545037, 2.40403396733, 1.20569375098, 4.65490763959, 1.1727524914, 2363.78873382, 2.68096514745
4.56705875116, 1.36495784161, 1.03085364739, 0.912093067442, 5.4604733729, 0.716967130611, 4.91327317207, 1.06473525703, 0.917973296655, 2.61992680772, 5.04855298347, 1.06261378612, 4.70673494231, 0.941611869189, 1.09000035718, 1.05213761216, 1.0477977371, 0.824120712409, 3.63743021235, 0.979071358476, 0.966119538259, 146.322843283, 1.11642325573, 3.32681577351, 1.13222124847, 1.82197831199, 0.995316489224, 3572.97644068, 0.0
2.98436608073, 1.09200956749, 1.08891132808, 1.05041007217, 3.87949945556, 0.751199733109, 5.0622615095, 0.941701102339, 0.97357130012, 5.54454034786, 1.93759436475, 1.05858840526, 3.95688165135, 0.831344643872, 1.09000039075, 1.05357413592, 1.0326508866, 1.22041179954, 3.46947104042, 1.08798778215, 0.954575264123, 204.262037143, 0.961951716771, 3.97718088792, 1.21869414305, 2.93015714597, 1.1857669244, 3208.80070324, 1.07238605898
4.64476986648, 1.12729179465, 0.846993171379, 1.09987144786, 2.98465969999, 0.920657232597, 5.57368787749, 0.866147723915, 0.913081912432, 4.42750764623, 2.55335114272, 1.02061278601, 2.27642246221, 0.918675327131, 1.09000039358, 1.01742668284, 1.01999527276, 0.964732924067, 5.35623805757, 1.17836730416, 0.844900617312, 334.655736655, 1.16912709032, 1.49302523286, 1.06611069724, 3.88501899971, 1.08161736364, 2318.19852511, 5.8981233244
5.17750268761, 1.21180881745, 1.07435570539, 1.00521937133, 5.66032788262, 0.727823665357, 2.34218443502, 1.00398633907, 0.951884545666, 6.15769156162, 4.60037550444, 0.903253955484, 1.74623347979, 1.05762343736, 1.09000014751, 1.01779408262, 1.00125373276, 0.930768255127, 8.34362373634, 0.915704911555, 0.948311458702, 51.4689231785, 0.962318534923, 1.47446279819, 1.17730399859, 2.34728939126, 1.24115379266, 2461.02505767, 3.21715817694
3.34524465269, 1.0934890101, 0.789121538792, 1.02995544725, 6.93061572991, 0.926462008703, 5.03429333786, 0.906558469931, 0.981474423551, 2.02080248166, 5.52354467582, 0.898102247225, 5.02146150539, 0.875186938246, 1.0900005995, 1.08953313954, 1.03620017086, 1.06848481618, 9.74142434726, 1.06514885474, 0.799275820146, 59.1297058664, 1.12785786622, 4.30041706693, 0.964387565395, 3.6906514948, 1.08535815723, 2484.23159359, 2.9490616622
4.20896759572, 1.1428745059, 0.819842462404, 0.890731022077, 6.08198223042, 0.958254882524, 4.21816468453, 1.03553310864, 0.958901015234, 1.77380441092, 5.52354467582, 1.01379356779, 3.13146848969, 1.00559040744, 1.09000023466, 1.05160715004, 1.03620017086, 1.22202167959, 8.46102898115, 1.07251756952, 0.950542456883, 59.1297058664, 1.12695545037, 2.40403396733, 0.964387565395, 4.65490763959, 1.1727524914, 4629.52850381, 0.0
2.22109310591, 1.04662245075, 0.813730325891, 1.20557305482, 2.84893314213, 0.71602687875, 4.90536073294, 0.878834453408, 0.958692935114, 5.62652443257, 2.43934070044, 1.05656794421, 3.47507906201, 1.12712186552, 1.09000027996, 1.05908388831, 1.01537211258, 0.97282750237, 8.61135644219, 0.964303131352, 0.834845994838, 275.185526574, 0.95435292029, 1.32036137219, 0.951318240733, 4.95483787298, 1.08508788221, 4290.79390521, 0.804289544236
3.92012619639, 1.12945022229, 0.800414382561, 0.853415428761, 4.35288284946, 0.904950669169, 2.57823277906, 1.07681035569, 0.985298937152, 3.15157390041, 2.03469231278, 0.959274931537, 2.26294235538, 0.901654702961, 1.09000090935, 1.02222291668, 1.04255877478, 1.00870126531, 8.01576760682, 1.08366077027, 0.95046507746, 83.6398534181, 1.06226105971, 1.79380267827, 1.13644073995, 4.45659741393, 1.21674036907, 4422.06761093, 0.536193029491
5.99892215844, 1.04520344772, 0.828834217426, 1.19433090578, 5.60684602838, 0.931139640525, 3.8261735242, 1.00300462811, 0.974634985302, 3.53917231322, 6.99299721164, 0.929133028963, 1.49958122628, 1.0123190728, 1.0900004147, 1.02282631315, 1.04514207083, 1.20711555544, 9.15799436936, 1.13171805404, 0.994096329276, 160.547040945, 1.02999265405, 2.25675889611, 1.21189150185, 4.92148364942, 0.979426177288, 3313.79658105, 1.87667560322
4.72648057573, 1.37836882383, 1.03205695533, 0.822959012412, 6.75881346892, 0.947340005967, 1.82223107642, 0.993936159393, 0.912867558749, 2.62580214946, 4.56791054449, 1.06207758283, 3.01958971628, 0.831930051925, 1.09000018, 1.0368607113, 1.03361028853, 0.891417707123, 4.94420353888, 1.18592773333, 0.903968022278, 222.62142912, 0.969097151326, 5.9763954031, 1.08813699257, 2.39848136749, 1.03704911398, 3327.60768486, 1.07238605898
3.86232620465, 1.13235207784, 0.848922323575, 1.08225105777, 6.57433423317, 0.7776476647, 1.38469572744, 1.08842970177, 0.951712564621, 4.91922808999, 5.80463089757, 0.938270050928, 2.90180168892, 1.16484065478, 1.09000002619, 1.04440640948, 1.04357966219, 0.986263250471, 8.23710452588, 1.06144283385, 0.964386789726, 74.7530079948, 1.07857688515, 3.89482368666, 1.00284962384, 4.61846910117, 1.18062631175, 3270.82481397, 2.14477211796
1.03099623092, 1.38570850763, 1.00638968739, 0.851431514973, 1.52322602729, 0.877763879424, 4.2451385669, 0.823984777348, 0.941024424839, 1.32143358575, 1.93655732799, 1.01735361269, 1.01055144963, 0.960673255635, 1.09000079682, 1.10048152589, 1.02534292766, 1.08192673143, 6.06017137362, 0.958191583577, 0.852388382705, 116.740832325, 0.947168865001, 2.47276456529, 1.18474014001, 5.30504235339, 0.887687244055, 3163.97489448, 4.82573726542
2.1912904517, 1.01130165121, 0.929216478999, 0.915713496898, 4.43498446459, 0.737699036699, 1.26366327725, 1.02815000105, 0.905714324451, 4.56771467454, 4.95680103343, 1.09012991416, 2.73315375337, 0.976742172582, 1.09000059288, 1.00833288336, 1.04751475259, 1.14317018518, 7.85784843349, 1.02201120321, 0.982669850753, 61.2376229774, 1.18789080172, 3.86376809633, 1.09193104587, 5.07673713286, 1.17968513073, 3259.04870311, 3.75335120643
3.45258379357, 1.34538410672, 0.8205015305, 1.13728209517, 1.50935288622, 0.784314218366, 2.86515800674, 1.05018937022, 0.993172305661, 5.2619181441, 3.62452100382, 1.04638661358, 2.87565792002, 0.991923735014, 1.09000095946, 1.00415321348, 1.04967442418, 1.12453890923, 9.38082965712, 0.997253734569, 0.91672263389, 112.800630264, 0.971130241152, 4.64160441971, 0.959933473563, 3.43039046184, 0.951094890228, 5222.36589842, 0.0
5.17750268761, 1.21180881745, 1.07435570539, 1.00521937133, 5.66032788262, 0.727823665357, 2.34218443502, 1.00398633907, 0.951884545666, 6.15769156162, 4.60037550444, 0.903253955484, 1.74623347979, 1.05762343736, 1.09000014751, 1.01779408262, 1.00125373276, 0.930768255127, 8.34362373634, 0.915704911555, 0.948311458702, 51.4689231785, 1.19385243546, 1.47446279819, 1.17730399859, 2.34728939126, 1.24115379266, 4329.38298125, 0.804289544236
5.47806267669, 1.37836882383, 1.03205695533, 0.822959012412, 6.75881346892, 0.947340005967, 5.12179134927, 0.993936159393, 0.912867558749, 2.62580214946, 4.56791054449, 1.06207758283, 3.01958971628, 0.831930051925, 1.09000022672, 1.0368607113, 1.03361028853, 0.891417707123, 4.94420353888, 1.18592773333, 0.903968022278, 222.62142912, 0.969097151326, 5.9763954031, 1.08813699257, 3.94902075111, 1.01199714383, 4935.77581952, 0.536193029491
5.96481642831, 1.10551463269, 1.10161865874, 1.16248495759, 6.09441466953, 0.932643491216, 4.62654128438, 0.950084933014, 0.927588353578, 1.37327913091, 4.38268509015, 0.88542386635, 4.89077110411, 1.08137408242, 1.09000027333, 1.05522886309, 1.00128805615, 1.0821850391, 8.11327431759, 1.06890028648, 0.956939732927, 135.801335849, 1.07804773995, 2.09948850879, 0.98887971781, 4.75519000608, 1.01190520179, 3416.12201736, 1.34048257373
3.02631196523, 1.41588622606, 1.05084160847, 1.09346282191, 5.75821065901, 0.866267155126, 5.62615313271, 0.876582821837, 0.938482749738, 2.86380596066, 1.59664917734, 0.885289896763, 3.61635928262, 0.964081549361, 1.09000040922, 1.06334104193, 1.04430768366, 1.10247203896, 9.91609007694, 1.09359618181, 0.870784753739, 89.2480039761, 1.18125400734, 2.43498589287, 0.961554955509, 4.76438305487, 0.952855553433, 3675.3901639, 1.07238605898
3.52245701058, 1.25336686337, 0.857622199722, 1.11658119152, 6.03026653151, 0.961525969297, 5.01218190596, 0.998320200918, 0.938484742192, 3.99372119371, 5.06596229149, 0.969091152383, 2.21109975318, 1.15877111645, 1.09000025368, 1.03790802191, 1.01827157945, 1.20127904066, 5.50430559037, 1.00012379594, 0.996174665357, 32.1492264156, 1.06653577588, 2.82273522372, 1.18281783751, 4.80534158868, 0.923734640366, 3367.8742418, 2.68096514745
4.77877168878, 1.01808116159, 1.06862548987, 1.18832343113, 3.0329406853, 0.883768989515, 5.30150978077, 1.07002365434, 0.91847972634, 2.14869020695, 3.76724932514, 1.0421852924, 2.43869693933, 0.819071940234, 1.09000013157, 1.06654970211, 1.00068767964, 0.818603010956, 8.74055273178, 0.999714640825, 0.894233646832, 170.760595456, 1.13015632825, 5.80930813176, 0.957431696596, 2.05328683434, 1.22965257336, 3253.21200069, 8.04289544236
3.67420371177, 1.26161905179, 1.03053488402, 1.09432696659, 4.90031437924, 0.903105615062, 3.58280321425, 1.04887920761, 0.955910413952, 1.83492680401, 6.64478503157, 0.905576590582, 2.21676463262, 0.844832702572, 1.09000078654, 1.03638090174, 1.04098899468, 1.07495626594, 9.95798272205, 1.13387984986, 0.997097808128, 177.557227242, 0.911897631808, 3.22849742734, 1.12483340742, 2.32122007193, 1.03048631005, 5389.90442125, 0.0
3.92012619639, 1.37169310288, 1.05084160847, 1.1654217676, 5.75821065901, 0.733760475235, 2.57823277906, 1.02237237988, 0.938482749738, 2.86380596066, 1.59664917734, 0.885289896763, 3.61635928262, 0.964081549361, 1.09000040922, 1.06334104193, 1.04917054892, 1.10247203896, 9.91609007694, 1.09359618181, 0.870784753739, 89.2480039761, 1.18125400734, 2.43498589287, 0.952020573676, 4.76438305487, 0.952855553433, 3905.5110774, 1.07238605898
1.52204156468, 1.01808116159, 0.956806378693, 1.18832343113, 3.0329406853, 0.883768989515, 5.30150978077, 1.02698124518, 0.91847972634, 2.14869020695, 3.76724932514, 1.0421852924, 2.43869693933, 0.819071940234, 1.09000013157, 1.06654970211, 1.00359790107, 0.818603010956, 8.74055273178, 0.999714640825, 0.894233646832, 170.760595456, 1.13015632825, 4.24650091039, 0.957431696596, 2.05328683434, 1.22965257336, 3421.4939867, 2.14477211796
