1.0, -1.0, 0.0, 0.0, 1.0, 1.0, -1.0, 1.0, 2.0, 3.0, 2.0, 0.0, 0.0, 0.0, -1.0, 3.0, 2.0, 0.0, 0.0, 3.0, 0.0, 2.0, -1.0, 2.0, 2.0, -1.0, 0.0, 2.0, 1.0, 0.0, 1.0, 1.0, 0.0, 3.0, -1.0, 0.0, 2.0, 2.0, 2.0, 3.0, 3.0, 3.0, 1.0, 3.0, 3.0, 2.0, -1.0, 0.0, 2.0, 2.0, 611.0, 99393.0
-1.0, -1.0, 1.0, -1.0, -1.0, -1.0, 0.0, -1.0, 0.0, -1.0, -1.0, 1.0, -1.0, 3.0, -1.0, -1.0, -1.0, 1.0, 2.0, 0.0, 2.0, -1.0, 0.0, 1.0, 0.0, 0.0, 1.0, 2.0, -1.0, 0.0, 2.0, 0.0, 0.0, 0.0, 1.0, -1.0, -1.0, -1.0, -1.0, -1.0, 2.0, 2.0, -1.0, 3.0, 1.0, 2.0, 0.0, 0.0, -1.0, 2.0, 415.0, 99614.0
2.0, 3.0, 1.0, 2.0, 3.0, 2.0, 2.0, 1.0, 1.0, 2.0, 1.0, 1.0, 1.0, 1.0, 2.0, 2.0, 2.0, 0.0, 1.0, 3.0, 0.0, 0.0, 0.0, 2.0, 0.0, 0.0, -1.0, 3.0, 3.0, 3.0, 1.0, 2.0, 0.0, 0.0, -1.0, 0.0, 1.0, 0.0, 0.0, 1.0, 0.0, 0.0, 2.0, 1.0, 3.0, 2.0, 2.0, 3.0, -1.0, 1.0, 672.0, 99345.0
-1.0, -1.0, 1.0, 2.0, -1.0, 1.0, 2.0, -1.0, 1.0, -1.0, -1.0, 1.0, -1.0, 3.0, 1.0, -1.0, -1.0, 1.0, 2.0, 0.0, 2.0, 0.0, 0.0, 3.0, -1.0, 2.0, 1.0, 2.0, 1.0, 3.0, 2.0, 0.0, 3.0, 0.0, 0.0, -1.0, -1.0, -1.0, -1.0, -1.0, 2.0, 2.0, -1.0, 3.0, 1.0, 0.0, 0.0, 1.0, -1.0, 2.0, 471.0, 99559.0
3.0, -1.0, 2.0, -1.0, 1.0, 2.0, 1.0, 1.0, 3.0, 3.0, 3.0, 1.0, -1.0, 3.0, 3.0, 2.0, 3.0, 0.0, 3.0, 2.0, 2.0, 1.0, 2.0, 1.0, 0.0, 2.0, -1.0, 2.0, 0.0, 1.0, 3.0, 1.0, 0.0, 0.0, -1.0, 3.0, 3.0, -1.0, 0.0, 2.0, 0.0, 3.0, -1.0, 3.0, 1.0, 0.0, -1.0, 2.0, -1.0, 0.0, 568.0, 99424.0
-1.0, -1.0, 1.0, -1.0, -1.0, -1.0, 0.0, -1.0, 0.0, -1.0, -1.0, 1.0, -1.0, 3.0, -1.0, -1.0, -1.0, 1.0, 2.0, 0.0, 2.0, -1.0, 0.0, 1.0, 0.0, 0.0, 1.0, 2.0, 2.0, 0.0, 2.0, 0.0, 0.0, 0.0, 1.0, -1.0, -1.0, -1.0, -1.0, -1.0, 2.0, 2.0, -1.0, 3.0, 1.0, 2.0, 0.0, 0.0, -1.0, 2.0, 427.0, 99599.0
3.0, -1.0, 2.0, -1.0, 1.0, 2.0, 1.0, 1.0, 1.0, 1.0, 3.0, 1.0, -1.0, 3.0, 3.0, 2.0, 3.0, 0.0, 1.0, 3.0, 2.0, 1.0, 2.0, 1.0, 0.0, 2.0, -1.0, 2.0, 0.0, 0.0, 0.0, 1.0, 0.0, 0.0, -1.0, 3.0, 3.0, 2.0, 2.0, 2.0, 0.0, 3.0, -1.0, -1.0, 1.0, 0.0, -1.0, 2.0, -1.0, 0.0, 569.0, 99420.0
-1.0, -1.0, 1.0, 2.0, -1.0, 1.0, 0.0, -1.0, 1.0, -1.0, -1.0, 1.0, -1.0, 3.0, 1.0, -1.0, -1.0, 1.0, 2.0, 0.0, 2.0, 0.0, 0.0, 3.0, 0.0, 0.0, 1.0, 2.0, -1.0, 0.0, 2.0, 0.0, 3.0, 0.0, 0.0, -1.0, 1.0, -1.0, -1.0, -1.0, 2.0, 2.0, -1.0, 3.0, 1.0, 0.0, 0.0, 0.0, -1.0, 2.0, 484.0, 99546.0
-1.0, -1.0, 1.0, -1.0, 3.0, -1.0, 0.0, -1.0, 0.0, -1.0, -1.0, 1.0, -1.0, 3.0, -1.0, -1.0, -1.0, 1.0, 2.0, 0.0, 2.0, -1.0, 0.0, 1.0, 0.0, -1.0, 1.0, 2.0, -1.0, 0.0, 2.0, 0.0, 0.0, 0.0, 1.0, 1.0, -1.0, -1.0, -1.0, -1.0, 2.0, 2.0, -1.0, 3.0, 1.0, 2.0, 0.0, 0.0, 2.0, 2.0, 451.0, 99578.0
0.0, -1.0, 2.0, -1.0, 3.0, 1.0, -1.0, 2.0, 2.0, 1.0, 2.0, 2.0, 0.0, 3.0, 0.0, 3.0, 1.0, 1.0, 1.0, 3.0, 0.0, 1.0, 1.0, 3.0, 1.0, 1.0, 3.0, -1.0, 2.0, 3.0, 0.0, 0.0, 2.0, 3.0, -1.0, 1.0, 3.0, 1.0, 1.0, 3.0, 0.0, -1.0, 1.0, 3.0, 2.0, 1.0, 0.0, 2.0, -1.0, 3.0, 602.0, 99400.0
-1.0, -1.0, 1.0, 2.0, -1.0, 1.0, 0.0, -1.0, 1.0, -1.0, -1.0, 1.0, -1.0, 3.0, 1.0, -1.0, -1.0, 1.0, 2.0, 0.0, 2.0, 0.0, 0.0, 3.0, 0.0, 0.0, 1.0, 2.0, -1.0, 0.0, 2.0, 0.0, 3.0, 0.0, 0.0, -1.0, 1.0, -1.0, -1.0, -1.0, 2.0, 2.0, -1.0, 3.0, 1.0, 0.0, 0.0, 0.0, -1.0, 2.0, 484.0, 99546.0
2.0, 3.0, 1.0, 2.0, 3.0, 2.0, 2.0, 1.0, 1.0, 2.0, 1.0, 1.0, 1.0, 1.0, 2.0, 2.0, 2.0, 0.0, 1.0, 3.0, 0.0, 0.0, 0.0, 2.0, 0.0, 0.0, -1.0, 3.0, 3.0, 3.0, 1.0, 2.0, 0.0, 0.0, -1.0, 0.0, 1.0, 0.0, 0.0, 1.0, 0.0, 0.0, -1.0, 1.0, 3.0, 2.0, 2.0, 3.0, -1.0, 1.0, 654.0, 99356.0
0.0, -1.0, 1.0, -1.0, -1.0, 3.0, 2.0, 1.0, 3.0, 2.0, 2.0, 2.0, 0.0, 1.0, 0.0, 1.0, 2.0, 1.0, 1.0, 0.0, 3.0, 1.0, 0.0, 3.0, 1.0, 2.0, 0.0, 3.0, 0.0, 2.0, -1.0, 3.0, 2.0, 2.0, -1.0, 3.0, 1.0, 3.0, 3.0, 1.0, 0.0, 3.0, -1.0, 1.0, 3.0, 0.0, 2.0, 1.0, 2.0, 3.0, 615.0, 99388.0
-1.0, -1.0, 1.0, 2.0, -1.0, 1.0, 2.0, -1.0, 1.0, -1.0, -1.0, 1.0, -1.0, 3.0, 1.0, -1.0, -1.0, 1.0, 2.0, 0.0, 2.0, 0.0, 0.0, 3.0, -1.0, 2.0, 1.0, 2.0, 1.0, 3.0, 2.0, 0.0, 3.0, 0.0, 0.0, -1.0, -1.0, -1.0, -1.0, -1.0, 2.0, 2.0, -1.0, 3.0, 1.0, 0.0, 0.0, 1.0, -1.0, 2.0, 471.0, 99559.0
0.0, 1.0, 0.0, -1.0, -1.0, -1.0, -1.0, -1.0, 2.0, 3.0, 1.0, 1.0, -1.0, -1.0, -1.0, 0.0, 2.0, 0.0, 2.0, -1.0, 3.0, -1.0, -1.0, 2.0, 3.0, -1.0, 1.0, -1.0, 2.0, 3.0, 3.0, 1.0, 0.0, 2.0, 2.0, 0.0, 2.0, 0.0, 3.0, 3.0, 0.0, 1.0, -1.0, 3.0, 3.0, 1.0, 2.0, 3.0, -1.0, 2.0, 507.0, 99502.0
1.0, -1.0, 0.0, 0.0, 1.0, 1.0, 3.0, 1.0, 1.0, 3.0, 2.0, 0.0, 0.0, 0.0, -1.0, 3.0, 2.0, 0.0, 0.0, 3.0, 0.0, 2.0, -1.0, 1.0, 2.0, 0.0, 0.0, 2.0, 1.0, 0.0, 1.0, 1.0, 0.0, 3.0, -1.0, 1.0, 2.0, 2.0, 2.0, 3.0, 3.0, 2.0, 1.0, 3.0, 3.0, 2.0, -1.0, 0.0, 2.0, 2.0, 635.0, 99375.0
1.0, -1.0, 0.0, 0.0, 1.0, 1.0, 3.0, 1.0, 1.0, 3.0, 2.0, 0.0, 0.0, 0.0, -1.0, 3.0, 2.0, 0.0, 0.0, 3.0, 0.0, 2.0, -1.0, 1.0, 2.0, -1.0, 0.0, 2.0, 1.0, 0.0, 1.0, 1.0, 0.0, 3.0, -1.0, 1.0, 2.0, 2.0, 2.0, 0.0, 3.0, 3.0, 1.0, 3.0, 0.0, 2.0, -1.0, 0.0, 2.0, 2.0, 623.0, 99382.0
2.0, -1.0, 0.0, -1.0, 1.0, 1.0, 3.0, 1.0, 1.0, 3.0, 1.0, 0.0, 0.0, 0.0, -1.0, 3.0, -1.0, 0.0, 0.0, 3.0, 0.0, 2.0, -1.0, 1.0, 2.0, -1.0, 0.0, 2.0, 2.0, 0.0, 1.0, 1.0, 0.0, 3.0, -1.0, 1.0, 2.0, 2.0, 2.0, 0.0, 3.0, 3.0, -1.0, 3.0, 0.0, 1.0, -1.0, 0.0, 2.0, 2.0, 576.0, 99419.0
0.0, -1.0, 1.0, -1.0, -1.0, 3.0, 2.0, 1.0, 3.0, 2.0, 3.0, 2.0, 2.0, 1.0, 0.0, 1.0, 2.0, 1.0, 1.0, 0.0, 3.0, 1.0, 0.0, 0.0, 1.0, 2.0, 0.0, 3.0, 0.0, 2.0, 1.0, 3.0, 2.0, 2.0, -1.0, 3.0, 1.0, 3.0, 3.0, 1.0, 0.0, 3.0, 2.0, 1.0, 3.0, 0.0, 2.0, 1.0, 2.0, 3.0, 647.0, 99364.0
0.0, -1.0, 2.0, -1.0, 3.0, 1.0, -1.0, 2.0, 2.0, 1.0, 2.0, 2.0, 0.0, 1.0, 0.0, 3.0, 2.0, 1.0, 1.0, 3.0, 0.0, 1.0, 1.0, 3.0, 1.0, 1.0, 3.0, -1.0, 2.0, 3.0, 0.0, 0.0, 2.0, 3.0, -1.0, 1.0, 3.0, 3.0, 1.0, 3.0, 0.0, -1.0, 1.0, -1.0, 2.0, 1.0, 0.0, 2.0, -1.0, 3.0, 585.0, 99415.0
0.0, -1.0, 1.0, -1.0, -1.0, 3.0, 2.0, 2.0, 3.0, 2.0, 3.0, 2.0, 2.0, 1.0, 0.0, 1.0, 2.0, 1.0, 1.0, 2.0, 3.0, 1.0, 0.0, 0.0, 1.0, 0.0, 3.0, 3.0, 0.0, 2.0, -1.0, 3.0, 2.0, 2.0, -1.0, 3.0, 1.0, 3.0, 3.0, 1.0, 0.0, 3.0, -1.0, -1.0, 3.0, 0.0, 0.0, 2.0, 2.0, 3.0, 598.0, 99403.0
3.0, -1.0, 2.0, -1.0, 1.0, 2.0, 1.0, 1.0, 3.0, 3.0, 3.0, 1.0, -1.0, 3.0, 3.0, 2.0, 3.0, 0.0, 3.0, 2.0, 2.0, 1.0, 2.0, 1.0, 0.0, 2.0, -1.0, 2.0, 0.0, 1.0, 3.0, 1.0, 0.0, 0.0, -1.0, 3.0, 3.0, -1.0, 0.0, 2.0, 0.0, 3.0, -1.0, 3.0, 1.0, 0.0, -1.0, 2.0, -1.0, 0.0, 568.0, 99424.0
0.0, -1.0, 1.0, -1.0, -1.0, 3.0, 2.0, 2.0, 3.0, 2.0, 3.0, 2.0, 2.0, 1.0, 0.0, 1.0, 2.0, 1.0, 1.0, 2.0, 3.0, 1.0, 0.0, 0.0, 1.0, 0.0, 3.0, 3.0, 0.0, 2.0, -1.0, 3.0, 2.0, 2.0, -1.0, 3.0, 1.0, 3.0, 3.0, 1.0, 0.0, 3.0, -1.0, -1.0, 2.0, 0.0, 0.0, 2.0, 2.0, 3.0, 598.0, 99403.0
1.0, -1.0, 1.0, -1.0, -1.0, 0.0, 1.0, -1.0, 1.0, 2.0, 0.0, 1.0, 1.0, 3.0, 0.0, 1.0, 2.0, 1.0, 2.0, 1.0, -1.0, 0.0, 2.0, 2.0, -1.0, 0.0, 0.0, 0.0, 1.0, 0.0, -1.0, 1.0, -1.0, 0.0, -1.0, -1.0, 3.0, 0.0, 0.0, 2.0, 2.0, 3.0, -1.0, -1.0, 2.0, -1.0, 1.0, 0.0, 2.0, 0.0, 513.0, 99485.0
-1.0, -1.0, 1.0, -1.0, -1.0, -1.0, 0.0, -1.0, 0.0, -1.0, -1.0, 1.0, -1.0, 3.0, -1.0, -1.0, -1.0, 1.0, 2.0, 0.0, 2.0, -1.0, 0.0, 1.0, 0.0, 0.0, 1.0, 2.0, -1.0, 0.0, 2.0, 0.0, 0.0, 0.0, 1.0, -1.0, -1.0, -1.0, -1.0, -1.0, 2.0, 2.0, -1.0, 3.0, 1.0, 2.0, 0.0, 0.0, -1.0, 2.0, 415.0, 99614.0
1.0, -1.0, 0.0, 0.0, 1.0, 1.0, 3.0, 1.0, 1.0, 3.0, 1.0, 0.0, 0.0, 0.0, -1.0, 3.0, -1.0, 0.0, 0.0, 3.0, 0.0, 2.0, -1.0, 1.0, 2.0, -1.0, 0.0, 2.0, 2.0, 0.0, 1.0, 1.0, 0.0, 3.0, -1.0, 1.0, 2.0, 2.0, 2.0, 0.0, 3.0, 3.0, -1.0, 3.0, 0.0, 1.0, -1.0, 0.0, 2.0, 2.0, 594.0, 99409.0
1.0, -1.0, 0.0, 0.0, 1.0, 1.0, 3.0, 1.0, 1.0, 3.0, 1.0, 0.0, 0.0, 0.0, -1.0, 3.0, -1.0, 0.0, 0.0, 3.0, 0.0, 2.0, -1.0, 1.0, 2.0, -1.0, 0.0, 2.0, 1.0, 0.0, 1.0, 1.0, 0.0, 3.0, -1.0, 1.0, 2.0, 2.0, 2.0, 0.0, 3.0, 3.0, -1.0, 3.0, 0.0, 1.0, -1.0, 0.0, 2.0, 2.0, 594.0, 99409.0
-1.0, -1.0, 1.0, -1.0, 3.0, -1.0, 0.0, -1.0, 0.0, -1.0, -1.0, 1.0, -1.0, 3.0, -1.0, -1.0, -1.0, 1.0, 2.0, 0.0, 2.0, -1.0, 0.0, 1.0, 0.0, -1.0, 1.0, 2.0, -1.0, 0.0, 2.0, 0.0, 0.0, 0.0, 1.0, 1.0, -1.0, -1.0, -1.0, -1.0, 2.0, 2.0, -1.0, 3.0, 1.0, 2.0, 0.0, 0.0, 2.0, 2.0, 451.0, 99578.0
2.0, 3.0, 1.0, 2.0, 3.0, 2.0, 2.0, 1.0, 3.0, 2.0, 1.0, 1.0, 1.0, 1.0, 2.0, 2.0, 2.0, 0.0, 1.0, 3.0, 0.0, 0.0, 0.0, 2.0, 0.0, 0.0, -1.0, 3.0, 3.0, 3.0, 1.0, 2.0, 0.0, 0.0, -1.0, 0.0, 1.0, 0.0, 0.0, 1.0, 0.0, 0.0, 2.0, 1.0, 3.0, 2.0, 2.0, 3.0, -1.0, 1.0, 672.0, 99345.0
1.0, 1.0, 3.0, -1.0, -1.0, 0.0, 1.0, 0.0, 1.0, 2.0, -1.0, 1.0, 1.0, 3.0, 0.0, 1.0, 2.0, 1.0, 2.0, 1.0, -1.0, 0.0, 2.0, 2.0, 0.0, 0.0, 0.0, 0.0, 1.0, 0.0, -1.0, 1.0, -1.0, 0.0, -1.0, -1.0, -1.0, -1.0, 0.0, 2.0, -1.0, 3.0, -1.0, -1.0, 2.0, -1.0, 1.0, 0.0, 2.0, 0.0, 493.0, 99522.0
-1.0, -1.0, 1.0, 2.0, -1.0, 1.0, 2.0, -1.0, 1.0, -1.0, -1.0, 1.0, -1.0, 3.0, 1.0, -1.0, -1.0, 1.0, 2.0, 0.0, 2.0, 0.0, 0.0, 3.0, -1.0, 2.0, 1.0, 2.0, 1.0, 3.0, 2.0, 0.0, 3.0, 0.0, 0.0, -1.0, -1.0, -1.0, -1.0, -1.0, 2.0, 2.0, -1.0, 3.0, 1.0, 0.0, 0.0, 1.0, -1.0, 2.0, 471.0, 99559.0
0.0, 1.0, 0.0, -1.0, -1.0, -1.0, -1.0, -1.0, 2.0, 3.0, 1.0, 1.0, -1.0, -1.0, -1.0, 0.0, 2.0, 0.0, 2.0, -1.0, 3.0, -1.0, -1.0, 2.0, 3.0, -1.0, 1.0, -1.0, 2.0, 3.0, 3.0, 1.0, 0.0, 2.0, 2.0, 0.0, 2.0, 0.0, 3.0, 3.0, 0.0, 1.0, -1.0, 3.0, 3.0, 1.0, 2.0, 3.0, -1.0, 2.0, 507.0, 99502.0
1.0, -1.0, 0.0, 0.0, 1.0, 1.0, 3.0, 1.0, 1.0, 3.0, 2.0, 0.0, 0.0, 0.0, -1.0, 3.0, 2.0, 0.0, 0.0, 3.0, 0.0, 2.0, -1.0, 1.0, 2.0, 0.0, 0.0, 2.0, 1.0, 0.0, 1.0, 1.0, 0.0, 3.0, -1.0, 1.0, 2.0, 2.0, 2.0, 3.0, 3.0, 2.0, 1.0, 3.0, 3.0, 2.0, -1.0, 0.0, 2.0, 2.0, 635.0, 99375.0
2.0, -1.0, 0.0, -1.0, 1.0, 1.0, 3.0, 1.0, 1.0, 3.0, 1.0, 0.0, 0.0, 0.0, -1.0, 3.0, -1.0, 0.0, 0.0, 3.0, 0.0, 2.0, -1.0, 1.0, 2.0, -1.0, 0.0, 2.0, 2.0, 0.0, 1.0, 1.0, 0.0, 3.0, -1.0, 1.0, 2.0, 2.0, 2.0, 0.0, 3.0, 3.0, -1.0, 3.0, 0.0, 1.0, -1.0, 0.0, 2.0, 2.0, 576.0, 99419.0
2.0, -1.0, 1.0, -1.0, -1.0, 3.0, 2.0, 1.0, 3.0, 2.0, 3.0, 2.0, 2.0, 1.0, 0.0, 1.0, 2.0, 1.0, 1.0, 0.0, 1.0, 1.0, 0.0, 0.0, 1.0, 2.0, 0.0, -1.0, 0.0, 2.0, -1.0, 3.0, 3.0, 2.0, -1.0, 3.0, 1.0, 3.0, 3.0, 1.0, 0.0, 3.0, -1.0, 1.0, 3.0, -1.0, 2.0, 1.0, 2.0, 3.0, 583.0, 99417.0
0.0, -1.0, 1.0, -1.0, -1.0, 3.0, 2.0, 1.0, 3.0, 2.0, 2.0, 1.0, 0.0, 1.0, 0.0, 1.0, 2.0, 1.0, 1.0, 0.0, 3.0, 1.0, 0.0, 0.0, 1.0, 2.0, 0.0, 3.0, 0.0, 2.0, -1.0, 3.0, 2.0, 2.0, -1.0, 3.0, 1.0, 3.0, -1.0, 1.0, 0.0, 3.0, -1.0, 3.0, 3.0, 0.0, 2.0, 1.0, 2.0, 3.0, 603.0, 99397.0
0.0, -1.0, 2.0, -1.0, 3.0, 1.0, -1.0, 2.0, 2.0, 1.0, 2.0, 2.0, 0.0, 1.0, 0.0, 3.0, 2.0, 1.0, 1.0, 3.0, 0.0, 1.0, 1.0, 3.0, 1.0, 1.0, 3.0, -1.0, 2.0, 3.0, 0.0, 0.0, 2.0, 3.0, -1.0, 1.0, 3.0, 1.0, 1.0, 3.0, 0.0, -1.0, 1.0, -1.0, 2.0, 1.0, 0.0, 2.0, -1.0, 3.0, 585.0, 99415.0
0.0, -1.0, 1.0, -1.0, -1.0, 3.0, 2.0, 2.0, 3.0, 2.0, 3.0, 2.0, 2.0, 1.0, 0.0, 1.0, 2.0, 1.0, 1.0, 2.0, 0.0, 1.0, 0.0, 0.0, 1.0, 0.0, 3.0, 3.0, 0.0, 2.0, -1.0, 3.0, 2.0, 2.0, -1.0, 3.0, 1.0, 3.0, 3.0, 1.0, 0.0, 3.0, -1.0, -1.0, 3.0, 0.0, 0.0, 2.0, 2.0, 3.0, 598.0, 99403.0
1.0, 1.0, 1.0, -1.0, -1.0, 0.0, 1.0, 0.0, 1.0, 2.0, 0.0, 1.0, 1.0, 3.0, 0.0, 1.0, 2.0, 1.0, 2.0, 1.0, -1.0, 0.0, 2.0, 2.0, -1.0, 0.0, 0.0, 0.0, 1.0, 0.0, -1.0, 1.0, -1.0, 0.0, -1.0, -1.0, 3.0, 0.0, 0.0, 2.0, 2.0, 3.0, -1.0, -1.0, 2.0, -1.0, 1.0, 0.0, 2.0, 0.0, 545.0, 99466.0
3.0, -1.0, 2.0, -1.0, 1.0, 2.0, 1.0, 1.0, 3.0, 3.0, 3.0, 1.0, -1.0, 3.0, 3.0, 2.0, 3.0, 0.0, 3.0, 2.0, 2.0, 1.0, 2.0, 1.0, 0.0, 2.0, -1.0, 2.0, 0.0, 1.0, 3.0, 1.0, 0.0, 0.0, -1.0, 3.0, 3.0, -1.0, 0.0, 2.0, 0.0, 3.0, -1.0, 3.0, 1.0, 0.0, -1.0, 2.0, -1.0, 1.0, 568.0, 99424.0
2.0, 3.0, 1.0, 2.0, 3.0, 2.0, 2.0, 1.0, 1.0, 2.0, 1.0, 1.0, 1.0, 1.0, 2.0, 2.0, 2.0, 0.0, 1.0, 3.0, 0.0, 0.0, 0.0, 2.0, 0.0, 0.0, 1.0, 3.0, 3.0, 3.0, 1.0, 2.0, 0.0, 0.0, -1.0, 0.0, 1.0, 0.0, 0.0, 1.0, 0.0, 0.0, 2.0, 1.0, 3.0, 2.0, 2.0, 3.0, -1.0, 0.0, 686.0, 99341.0
1.0, 1.0, 3.0, -1.0, -1.0, 0.0, 1.0, 0.0, 1.0, 2.0, -1.0, 1.0, 1.0, 3.0, 0.0, 1.0, 2.0, 1.0, 2.0, 1.0, -1.0, 0.0, 2.0, 2.0, 0.0, 0.0, 0.0, 0.0, 1.0, 0.0, -1.0, 1.0, -1.0, 0.0, -1.0, -1.0, -1.0, -1.0, 0.0, 2.0, -1.0, 3.0, -1.0, -1.0, 2.0, -1.0, 1.0, 0.0, 2.0, 0.0, 493.0, 99522.0
0.0, -1.0, 0.0, -1.0, -1.0, -1.0, -1.0, -1.0, 2.0, 3.0, 1.0, 1.0, -1.0, -1.0, -1.0, 0.0, 2.0, 0.0, 2.0, -1.0, 3.0, -1.0, -1.0, 2.0, 3.0, 0.0, 1.0, -1.0, 2.0, 3.0, 3.0, 1.0, 0.0, 2.0, 2.0, 0.0, 2.0, 0.0, 3.0, 3.0, 0.0, 1.0, -1.0, 3.0, 3.0, 1.0, 2.0, 3.0, -1.0, 2.0, 500.0, 99503.0
0.0, -1.0, 0.0, -1.0, 1.0, 1.0, 3.0, 1.0, 1.0, 3.0, 1.0, 0.0, 0.0, 0.0, -1.0, 3.0, -1.0, 0.0, 0.0, 3.0, 0.0, 2.0, -1.0, 1.0, 2.0, -1.0, 0.0, -1.0, 2.0, 0.0, 1.0, 1.0, 0.0, 3.0, -1.0, 1.0, 2.0, 2.0, 2.0, 0.0, 3.0, 3.0, -1.0, 3.0, 0.0, 1.0, -1.0, 0.0, 2.0, 2.0, 560.0, 99434.0
1.0, -1.0, 1.0, -1.0, -1.0, 3.0, 2.0, 1.0, 3.0, 2.0, 3.0, 2.0, 2.0, 1.0, 0.0, 1.0, 2.0, 1.0, 1.0, 0.0, 3.0, 1.0, 0.0, 0.0, 1.0, 2.0, 0.0, 2.0, 0.0, 2.0, 1.0, 3.0, 2.0, 2.0, -1.0, 3.0, 1.0, 3.0, 3.0, 1.0, 0.0, 3.0, 2.0, 1.0, 3.0, 0.0, 2.0, 1.0, 2.0, 3.0, 647.0, 99364.0
0.0, -1.0, 1.0, -1.0, -1.0, 3.0, 2.0, 1.0, 3.0, 2.0, 2.0, 1.0, 0.0, 1.0, 0.0, 1.0, 2.0, 1.0, 1.0, 0.0, 3.0, 1.0, 0.0, 0.0, 1.0, 2.0, 0.0, 3.0, 0.0, 2.0, -1.0, 3.0, 2.0, 2.0, -1.0, 3.0, 1.0, 3.0, -1.0, 1.0, 0.0, 3.0, -1.0, 3.0, 3.0, 0.0, 2.0, 1.0, 2.0, 3.0, 603.0, 99397.0
0.0, -1.0, 1.0, 2.0, -1.0, 3.0, 2.0, 1.0, 3.0, 2.0, 3.0, 2.0, 2.0, 1.0, 0.0, 1.0, 2.0, 1.0, 1.0, 0.0, 3.0, 1.0, 0.0, 0.0, 1.0, 2.0, 0.0, -1.0, 0.0, 2.0, -1.0, 0.0, 2.0, 2.0, -1.0, 3.0, 1.0, 3.0, 3.0, 1.0, 0.0, 3.0, -1.0, 1.0, 3.0, 0.0, 2.0, 1.0, -1.0, 3.0, 600.0, 99402.0
3.0, -1.0, 2.0, -1.0, 1.0, 2.0, 1.0, 1.0, 3.0, 1.0, 3.0, 1.0, -1.0, 3.0, 3.0, 2.0, 3.0, 0.0, 3.0, 2.0, 2.0, 1.0, 2.0, 1.0, 0.0, 2.0, -1.0, 2.0, 0.0, 1.0, 3.0, 1.0, 0.0, 0.0, -1.0, 0.0, 3.0, -1.0, 0.0, 2.0, 0.0, 3.0, -1.0, -1.0, 1.0, 0.0, -1.0, 2.0, -1.0, 0.0, 551.0, 99439.0
1.0, 1.0, 1.0, -1.0, -1.0, 0.0, 1.0, 0.0, 1.0, 2.0, 0.0, 1.0, 1.0, 3.0, 0.0, 1.0, 2.0, 1.0, 2.0, 1.0, -1.0, 0.0, 2.0, 2.0, -1.0, 0.0, 0.0, 0.0, 1.0, 0.0, -1.0, 1.0, -1.0, 0.0, -1.0, -1.0, 3.0, 0.0, 0.0, 1.0, 2.0, 3.0, -1.0, -1.0, 2.0, -1.0, 1.0, 0.0, 2.0, 0.0, 545.0, 99466.0
-1.0, -1.0, 1.0, -1.0, -1.0, -1.0, 0.0, -1.0, 0.0, -1.0, -1.0, 1.0, -1.0, 3.0, -1.0, -1.0, -1.0, 1.0, 2.0, 0.0, 2.0, -1.0, 0.0, 1.0, 0.0, 0.0, 1.0, 2.0, 2.0, 0.0, 2.0, 0.0, 0.0, 0.0, 1.0, -1.0, -1.0, -1.0, -1.0, -1.0, 2.0, 2.0, -1.0, 3.0, 1.0, 2.0, 0.0, 0.0, -1.0, 2.0, 427.0, 99599.0
3.0, -1.0, 2.0, -1.0, 1.0, 2.0, 1.0, 1.0, 1.0, 1.0, 3.0, 1.0, -1.0, 3.0, 3.0, 2.0, 3.0, 0.0, 1.0, 3.0, 2.0, 1.0, 2.0, 1.0, 0.0, 2.0, -1.0, 2.0, 0.0, 0.0, 0.0, 1.0, 0.0, 0.0, -1.0, 3.0, 3.0, 2.0, 2.0, 2.0, 0.0, 3.0, -1.0, -1.0, 1.0, 0.0, -1.0, 2.0, -1.0, 0.0, 569.0, 99420.0
-1.0, -1.0, 1.0, -1.0, 3.0, 1.0, 0.0, -1.0, 1.0, -1.0, -1.0, 1.0, -1.0, 3.0, 1.0, -1.0, -1.0, 1.0, 2.0, 0.0, 2.0, 0.0, 0.0, 3.0, 0.0, 2.0, 1.0, 2.0, -1.0, 2.0, 1.0, 0.0, 3.0, 0.0, 0.0, -1.0, -1.0, -1.0, -1.0, -1.0, 0.0, 2.0, -1.0, 3.0, 1.0, 2.0, 0.0, 0.0, -1.0, 2.0, 472.0, 99558.0
0.0, -1.0, 1.0, 2.0, -1.0, 3.0, 2.0, 1.0, 3.0, 2.0, 3.0, 2.0, 2.0, 1.0, 0.0, 1.0, 2.0, 1.0, 1.0, 0.0, 3.0, 1.0, 0.0, 0.0, 1.0, 0.0, 0.0, -1.0, 0.0, 0.0, -1.0, 0.0, 2.0, 2.0, -1.0, 3.0, 1.0, 3.0, 3.0, 1.0, 0.0, 3.0, -1.0, 1.0, 3.0, 0.0, 2.0, 1.0, -1.0, 3.0, 600.0, 99402.0
-1.0, -1.0, 1.0, -1.0, -1.0, 1.0, 0.0, -1.0, 1.0, -1.0, -1.0, 1.0, -1.0, 3.0, 1.0, -1.0, -1.0, 1.0, 2.0, 0.0, 2.0, 0.0, 0.0, 3.0, 0.0, 0.0, 1.0, 2.0, -1.0, 0.0, 2.0, 0.0, 3.0, 0.0, 0.0, -1.0, 1.0, -1.0, -1.0, -1.0, 2.0, 2.0, -1.0, 3.0, 1.0, 0.0, 0.0, 0.0, 2.0, 2.0, 483.0, 99547.0
1.0, -1.0, 0.0, 0.0, 1.0, 1.0, 3.0, 1.0, 1.0, 3.0, 1.0, 0.0, 0.0, 0.0, -1.0, 3.0, -1.0, 0.0, 0.0, 3.0, 0.0, 2.0, -1.0, 1.0, 2.0, -1.0, 0.0, 2.0, 1.0, 0.0, 1.0, 1.0, 0.0, 3.0, -1.0, 1.0, 2.0, 2.0, 2.0, 0.0, 3.0, 3.0, -1.0, 3.0, 0.0, 1.0, -1.0, 3.0, 2.0, 2.0, 594.0, 99409.0
0.0, -1.0, 1.0, -1.0, -1.0, 3.0, 2.0, 1.0, 3.0, 2.0, -1.0, 2.0, 0.0, 1.0, 0.0, 1.0, 2.0, 1.0, 1.0, 0.0, 3.0, 1.0, 0.0, 0.0, 1.0, 2.0, 0.0, 3.0, 0.0, 2.0, -1.0, 3.0, 2.0, 0.0, -1.0, 3.0, 1.0, 3.0, 3.0, 1.0, 0.0, 3.0, -1.0, 1.0, 3.0, 0.0, 2.0, 1.0, 2.0, 3.0, 596.0, 99405.0
-1.0, -1.0, 1.0, -1.0, 3.0, -1.0, 0.0, -1.0, 0.0, -1.0, -1.0, 1.0, -1.0, 3.0, -1.0, -1.0, -1.0, 1.0, 2.0, 0.0, 2.0, -1.0, 0.0, 1.0, 0.0, -1.0, 1.0, 2.0, -1.0, 0.0, 2.0, 0.0, 0.0, 0.0, 1.0, 1.0, -1.0, -1.0, -1.0, -1.0, 2.0, 2.0, -1.0, 3.0, 1.0, 2.0, 0.0, 0.0, 2.0, 2.0, 451.0, 99578.0
2.0, -1.0, 1.0, -1.0, -1.0, 3.0, 2.0, 1.0, 3.0, 2.0, 1.0, 2.0, 2.0, 1.0, 0.0, 1.0, 2.0, 1.0, 1.0, 0.0, 1.0, 1.0, 0.0, 0.0, 1.0, 2.0, 0.0, -1.0, 0.0, 2.0, -1.0, 3.0, 3.0, 2.0, -1.0, 3.0, 1.0, 3.0, 3.0, 1.0, 2.0, 3.0, -1.0, 1.0, 3.0, -1.0, 2.0, 1.0, 2.0, 3.0, 583.0, 99417.0
0.0, -1.0, 1.0, -1.0, -1.0, 3.0, 2.0, 1.0, 3.0, 2.0, 2.0, 2.0, 0.0, 1.0, 0.0, 1.0, 2.0, 1.0, 1.0, 0.0, 3.0, 1.0, 0.0, 0.0, 1.0, 2.0, 0.0, 3.0, 0.0, 2.0, -1.0, 3.0, 2.0, 2.0, -1.0, 3.0, 1.0, 3.0, 3.0, 1.0, 0.0, 3.0, -1.0, 3.0, 3.0, 0.0, 2.0, 1.0, 2.0, 3.0, 615.0, 99388.0
0.0, -1.0, 2.0, -1.0, 3.0, 1.0, -1.0, -1.0, 2.0, 1.0, 2.0, 2.0, 0.0, 3.0, 0.0, 3.0, 1.0, 1.0, 1.0, 3.0, 0.0, 1.0, 1.0, 3.0, 1.0, 1.0, 3.0, -1.0, 2.0, 3.0, 0.0, 0.0, 2.0, 3.0, -1.0, 1.0, 3.0, 1.0, 1.0, 3.0, 0.0, -1.0, 1.0, 3.0, 2.0, 1.0, 0.0, 2.0, -1.0, 3.0, 589.0, 99411.0
3.0, -1.0, 2.0, -1.0, 1.0, 2.0, 1.0, 1.0, 2.0, 1.0, 3.0, 1.0, -1.0, 3.0, 3.0, 2.0, 3.0, 1.0, 3.0, 2.0, 2.0, 1.0, 1.0, 1.0, 0.0, 2.0, -1.0, 2.0, 0.0, 1.0, 3.0, 1.0, 0.0, 0.0, -1.0, 3.0, 3.0, -1.0, 0.0, 2.0, 0.0, 3.0, -1.0, -1.0, 1.0, 0.0, -1.0, 2.0, -1.0, 0.0, 551.0, 99439.0
2.0, 3.0, 1.0, 2.0, 3.0, 2.0, 2.0, 1.0, 1.0, 2.0, 1.0, 1.0, 1.0, 1.0, 2.0, 2.0, 2.0, 0.0, 1.0, 3.0, 0.0, 0.0, 0.0, 2.0, 0.0, 0.0, -1.0, 3.0, 3.0, 3.0, 1.0, 2.0, 0.0, 0.0, -1.0, 0.0, 1.0, 0.0, 0.0, 1.0, 0.0, 0.0, -1.0, -1.0, 3.0, 2.0, 0.0, 3.0, -1.0, 1.0, 637.0, 99371.0
0.0, -1.0, 1.0, -1.0, -1.0, 3.0, 2.0, 1.0, 3.0, 2.0, 2.0, 2.0, 0.0, 1.0, 0.0, 1.0, 2.0, 1.0, 1.0, 0.0, 3.0, 1.0, 0.0, 3.0, 1.0, 2.0, 1.0, 3.0, 0.0, 2.0, -1.0, 3.0, 2.0, 2.0, -1.0, 3.0, 1.0, 3.0, 3.0, 1.0, 0.0, 3.0, -1.0, 1.0, 3.0, 0.0, 2.0, 1.0, 2.0, 3.0, 615.0, 99388.0
0.0, -1.0, 1.0, -1.0, -1.0, 1.0, 2.0, 2.0, 3.0, 2.0, 3.0, 2.0, 2.0, 1.0, 0.0, 1.0, 2.0, 1.0, 1.0, 2.0, 3.0, 1.0, 0.0, 0.0, 1.0, 0.0, 3.0, -1.0, 0.0, 2.0, -1.0, 3.0, 2.0, 2.0, -1.0, 3.0, 1.0, 3.0, 3.0, 1.0, 0.0, 3.0, -1.0, -1.0, 3.0, 0.0, 0.0, 2.0, 2.0, 2.0, 582.0, 99418.0
1.0, 1.0, 3.0, -1.0, -1.0, 0.0, 1.0, 0.0, 1.0, 2.0, -1.0, 1.0, 1.0, 3.0, 0.0, 1.0, 2.0, 1.0, 2.0, 1.0, -1.0, 0.0, 2.0, 2.0, 0.0, 0.0, 0.0, 0.0, 1.0, 0.0, -1.0, 1.0, -1.0, 0.0, -1.0, -1.0, -1.0, -1.0, 0.0, 2.0, -1.0, 3.0, -1.0, -1.0, 2.0, -1.0, 1.0, 0.0, 2.0, 0.0, 493.0, 99522.0
1.0, -1.0, 0.0, 0.0, 1.0, 1.0, 3.0, 1.0, 1.0, 3.0, 2.0, 1.0, 0.0, 0.0, -1.0, 3.0, 2.0, 0.0, 0.0, 3.0, 0.0, 2.0, -1.0, 1.0, 2.0, -1.0, 0.0, 2.0, 1.0, 0.0, 1.0, 1.0, 0.0, 3.0, -1.0, 1.0, 2.0, 2.0, 2.0, 3.0, 3.0, 3.0, 1.0, 3.0, 3.0, 2.0, -1.0, 0.0, 2.0, 2.0, 623.0, 99382.0
3.0, -1.0, 2.0, -1.0, 1.0, 2.0, 1.0, 1.0, 3.0, 2.0, 3.0, 1.0, -1.0, 3.0, 3.0, 2.0, 3.0, 0.0, 3.0, 2.0, 3.0, 1.0, 2.0, 1.0, 0.0, 2.0, -1.0, 2.0, 0.0, 1.0, 3.0, 1.0, 0.0, 0.0, -1.0, 0.0, 3.0, -1.0, 0.0, 2.0, 0.0, 3.0, -1.0, -1.0, 1.0, 0.0, -1.0, 2.0, -1.0, 0.0, 551.0, 99439.0
-1.0, -1.0, 1.0, -1.0, -1.0, 1.0, 0.0, -1.0, 1.0, -1.0, -1.0, 1.0, -1.0, 3.0, 1.0, -1.0, -1.0, 1.0, 2.0, 0.0, 2.0, 0.0, 0.0, 3.0, 0.0, 0.0, 1.0, 2.0, -1.0, 0.0, 2.0, 0.0, 3.0, 0.0, 0.0, -1.0, -1.0, -1.0, -1.0, -1.0, 0.0, 2.0, -1.0, 3.0, 1.0, 2.0, 0.0, 0.0, -1.0, 2.0, 453.0, 99572.0
-1.0, -1.0, 1.0, 2.0, 3.0, 1.0, 2.0, -1.0, 1.0, -1.0, -1.0, 1.0, -1.0, 3.0, 1.0, -1.0, -1.0, 1.0, 2.0, 0.0, 2.0, 0.0, 0.0, 3.0, -1.0, 2.0, 1.0, 2.0, 1.0, 3.0, 2.0, 0.0, 3.0, 0.0, 0.0, -1.0, -1.0, -1.0, -1.0, -1.0, 2.0, 2.0, -1.0, 3.0, 1.0, 0.0, 0.0, 1.0, -1.0, 2.0, 490.0, 99545.0
0.0, 1.0, 0.0, -1.0, -1.0, -1.0, -1.0, -1.0, 2.0, 3.0, 1.0, 1.0, -1.0, -1.0, -1.0, 0.0, 2.0, 0.0, 2.0, -1.0, 3.0, -1.0, -1.0, 2.0, 3.0, -1.0, 1.0, -1.0, 2.0, 3.0, 3.0, 1.0, 0.0, 2.0, 2.0, 0.0, 2.0, 0.0, 3.0, 3.0, 3.0, 1.0, -1.0, 3.0, 3.0, 1.0, 2.0, 0.0, -1.0, 2.0, 507.0, 99502.0
1.0, -1.0, 0.0, 0.0, 1.0, 1.0, 3.0, 1.0, 1.0, 3.0, 2.0, 0.0, 0.0, 0.0, -1.0, 3.0, 2.0, 0.0, 0.0, 3.0, 0.0, 2.0, -1.0, 1.0, 2.0, 0.0, 0.0, 2.0, 1.0, 0.0, 1.0, 1.0, 0.0, 3.0, -1.0, 1.0, 2.0, 2.0, 2.0, 3.0, 0.0, 2.0, 1.0, 3.0, 3.0, 2.0, -1.0, 3.0, 2.0, 2.0, 635.0, 99375.0
1.0, -1.0, 0.0, 0.0, 1.0, 1.0, 3.0, 1.0, 1.0, 3.0, 2.0, 0.0, 0.0, 0.0, -1.0, 3.0, 2.0, 0.0, 0.0, 3.0, 0.0, 2.0, -1.0, 1.0, 2.0, -1.0, 0.0, 2.0, 1.0, 0.0, 1.0, 1.0, 0.0, 3.0, -1.0, 1.0, 2.0, 2.0, 2.0, 0.0, 3.0, 3.0, 1.0, 3.0, 0.0, 2.0, -1.0, 0.0, 2.0, 2.0, 623.0, 99382.0
2.0, -1.0, 0.0, -1.0, 1.0, 1.0, 3.0, 1.0, 1.0, 3.0, 1.0, 0.0, 0.0, 0.0, -1.0, 3.0, -1.0, 0.0, 0.0, 3.0, 0.0, 2.0, -1.0, 1.0, 2.0, -1.0, 0.0, 2.0, 2.0, 0.0, 1.0, 1.0, 0.0, 3.0, -1.0, 1.0, 2.0, 2.0, 2.0, 0.0, 3.0, 3.0, -1.0, 3.0, 0.0, 1.0, -1.0, 0.0, 2.0, 2.0, 576.0, 99419.0
0.0, -1.0, 1.0, -1.0, -1.0, 3.0, 2.0, 1.0, 3.0, 2.0, 3.0, 2.0, 2.0, 1.0, 0.0, 1.0, 2.0, 1.0, 1.0, 0.0, 3.0, 1.0, 0.0, 0.0, 1.0, 2.0, 0.0, 3.0, 0.0, 2.0, 1.0, 3.0, 2.0, 2.0, -1.0, 3.0, 1.0, 3.0, 3.0, 1.0, 0.0, 3.0, 2.0, 1.0, 3.0, 0.0, 2.0, 1.0, 2.0, 3.0, 647.0, 99364.0
0.0, -1.0, 1.0, -1.0, -1.0, 3.0, 2.0, 1.0, 3.0, 2.0, 2.0, 1.0, 0.0, 1.0, 0.0, 1.0, 2.0, 1.0, 1.0, 0.0, 3.0, 0.0, 0.0, 0.0, 1.0, 2.0, 0.0, 3.0, 0.0, 2.0, -1.0, 3.0, 2.0, 2.0, -1.0, 3.0, 1.0, 3.0, -1.0, 1.0, 0.0, 3.0, -1.0, 3.0, 3.0, 0.0, 2.0, 1.0, 2.0, 3.0, 603.0, 99397.0
0.0, -1.0, 1.0, -1.0, 3.0, 1.0, -1.0, 2.0, 2.0, 1.0, 2.0, 2.0, 0.0, 1.0, 0.0, 3.0, 2.0, 1.0, 1.0, 3.0, 0.0, 1.0, 1.0, 3.0, 1.0, 1.0, 3.0, -1.0, 2.0, 3.0, 0.0, 0.0, 2.0, 3.0, -1.0, 1.0, 3.0, 1.0, 3.0, 3.0, 0.0, -1.0, 1.0, -1.0, 2.0, 1.0, 0.0, 2.0, -1.0, 3.0, 585.0, 99415.0
0.0, -1.0, 2.0, -1.0, -1.0, 1.0, 2.0, 2.0, 3.0, 2.0, 3.0, 2.0, 2.0, 1.0, 0.0, 1.0, 2.0, 1.0, 1.0, 2.0, 3.0, 1.0, 0.0, 0.0, 1.0, 0.0, 3.0, -1.0, 0.0, 2.0, -1.0, 3.0, 2.0, 2.0, -1.0, 3.0, 1.0, 3.0, 1.0, 1.0, 0.0, 3.0, -1.0, -1.0, 3.0, 0.0, 0.0, 2.0, 2.0, 3.0, 582.0, 99418.0
0.0, -1.0, 1.0, 0.0, -1.0, 3.0, 2.0, 1.0, 2.0, 2.0, 3.0, 2.0, 2.0, 1.0, 0.0, 3.0, 2.0, 1.0, 1.0, 0.0, 3.0, 1.0, 0.0, 0.0, 1.0, 2.0, 0.0, -1.0, 0.0, 2.0, -1.0, 1.0, 2.0, 2.0, -1.0, 3.0, 1.0, 3.0, 3.0, 1.0, 0.0, 3.0, -1.0, 1.0, 3.0, 0.0, 2.0, 1.0, -1.0, 3.0, 600.0, 99402.0
