-1.0, 1.0, -1.0, 0.0, -1.0, 1.0, 2.0, -1.0, 2.0, -1.0, -1.0, 2.0, 1.0, -1.0, -1.0, 1.0, 2.0, 1.0, 1.0, -1.0, 1.0, 2.0, 3.0, 1.0, -1.0, 0.0, 0.0, 3.0, 0.0, 0.0, 3.0, -1.0, -1.0, 0.0, -1.0, 0.0, -1.0, -1.0, 3.0, 3.0, 1.0, -1.0, 3.0, -1.0, 1.0, 2.0, 0.0, 3.0, -1.0, 3.0, 432.0, 99582.0
-1.0, 1.0, -1.0, 0.0, -1.0, 1.0, 2.0, -1.0, 2.0, -1.0, -1.0, 2.0, 1.0, -1.0, -1.0, 1.0, 2.0, 1.0, 1.0, -1.0, 1.0, 2.0, 3.0, 1.0, -1.0, 0.0, 0.0, 3.0, 0.0, 0.0, 3.0, -1.0, -1.0, 0.0, -1.0, 0.0, -1.0, -1.0, 3.0, 3.0, 1.0, -1.0, 3.0, -1.0, 1.0, 2.0, 0.0, 3.0, -1.0, 3.0, 432.0, 99582.0
-1.0, 1.0, -1.0, -1.0, 3.0, 3.0, 1.0, 2.0, 2.0, 0.0, -1.0, -1.0, 3.0, -1.0, -1.0, 2.0, -1.0, 2.0, 0.0, 3.0, 0.0, -1.0, 0.0, 1.0, 3.0, 1.0, 0.0, 2.0, -1.0, 0.0, -1.0, 2.0, 1.0, 0.0, 0.0, 3.0, 2.0, 1.0, 0.0, 2.0, 0.0, -1.0, 2.0, 3.0, 1.0, 3.0, 2.0, -1.0, 1.0, 1.0, 497.0, 99509.0
-1.0, 3.0, -1.0, 0.0, 1.0, 1.0, 3.0, 2.0, 3.0, -1.0, -1.0, 2.0, -1.0, 0.0, -1.0, 2.0, 3.0, 2.0, 1.0, 2.0, 0.0, -1.0, 0.0, 1.0, -1.0, 1.0, 0.0, -1.0, 1.0, 3.0, -1.0, -1.0, 0.0, 1.0, 2.0, 1.0, 3.0, 1.0, 2.0, 3.0, 0.0, -1.0, -1.0, 3.0, 0.0, -1.0, 2.0, -1.0, -1.0, 2.0, 465.0, 99549.0
-1.0, 1.0, 2.0, -1.0, 1.0, 2.0, 0.0, 3.0, 0.0, 2.0, -1.0, 0.0, 2.0, 2.0, 1.0, 0.0, -1.0, 1.0, 1.0, 0.0, 2.0, -1.0, 1.0, 0.0, -1.0, 3.0, 2.0, 0.0, -1.0, 0.0, 1.0, -1.0, 3.0, 3.0, 3.0, -1.0, 3.0, -1.0, 3.0, 1.0, -1.0, 0.0, 1.0, 3.0, -1.0, 3.0, 2.0, -1.0, 2.0, 1.0, 495.0, 99529.0
-1.0, 1.0, 2.0, -1.0, 1.0, 2.0, 1.0, -1.0, 0.0, 2.0, -1.0, 0.0, 0.0, 2.0, 1.0, 0.0, -1.0, 0.0, 1.0, 0.0, 2.0, -1.0, 1.0, 0.0, -1.0, 3.0, 2.0, 0.0, -1.0, 0.0, -1.0, -1.0, 3.0, 3.0, 3.0, -1.0, 3.0, -1.0, 3.0, 1.0, -1.0, -1.0, 1.0, 3.0, -1.0, -1.0, 2.0, -1.0, 2.0, 1.0, 435.0, 99573.0
-1.0, 1.0, 0.0, 2.0, 0.0, -1.0, 1.0, -1.0, -1.0, -1.0, -1.0, -1.0, 3.0, 0.0, 2.0, 2.0, -1.0, 0.0, 0.0, 0.0, 1.0, 2.0, -1.0, 2.0, 1.0, 2.0, 0.0, -1.0, -1.0, 0.0, 2.0, 0.0, -1.0, 0.0, -1.0, 1.0, -1.0, 1.0, 1.0, 2.0, 3.0, -1.0, -1.0, -1.0, 1.0, -1.0, 1.0, 2.0, 1.0, 1.0, 440.0, 99568.0
3.0, 3.0, 0.0, -1.0, 1.0, 3.0, 2.0, -1.0, 2.0, 2.0, -1.0, 2.0, 0.0, 0.0, 3.0, 2.0, 0.0, 0.0, -1.0, 2.0, 2.0, -1.0, -1.0, 1.0, 1.0, 1.0, -1.0, 0.0, 3.0, 3.0, -1.0, 0.0, 3.0, 0.0, 1.0, -1.0, 0.0, 3.0, 0.0, -1.0, -1.0, -1.0, 1.0, -1.0, -1.0, 2.0, 1.0, 3.0, 2.0, 2.0, 489.0, 99536.0
-1.0, 1.0, -1.0, -1.0, 2.0, 0.0, -1.0, -1.0, 2.0, 0.0, -1.0, 1.0, 3.0, 2.0, 0.0, 1.0, -1.0, 3.0, 0.0, 1.0, 1.0, 2.0, -1.0, 1.0, -1.0, 0.0, -1.0, -1.0, 3.0, 0.0, 3.0, 0.0, -1.0, 2.0, -1.0, 3.0, 0.0, 3.0, 0.0, 0.0, 1.0, -1.0, 2.0, -1.0, 1.0, 2.0, 0.0, -1.0, 3.0, 2.0, 462.0, 99558.0
-1.0, 3.0, 3.0, 0.0, 1.0, 1.0, 3.0, 2.0, 3.0, -1.0, -1.0, 2.0, -1.0, 0.0, -1.0, 1.0, 3.0, 2.0, 1.0, 2.0, 0.0, -1.0, 0.0, 1.0, 2.0, 1.0, 3.0, 2.0, 1.0, 3.0, -1.0, -1.0, 0.0, 1.0, 2.0, 1.0, 3.0, 1.0, 2.0, 3.0, 0.0, -1.0, -1.0, 3.0, 0.0, -1.0, 2.0, 0.0, -1.0, 1.0, 522.0, 99497.0
-1.0, 1.0, 0.0, 2.0, 0.0, -1.0, 1.0, -1.0, -1.0, -1.0, -1.0, -1.0, 3.0, 0.0, 2.0, 2.0, -1.0, 0.0, 0.0, 0.0, 1.0, 2.0, -1.0, 2.0, 1.0, 2.0, 0.0, -1.0, -1.0, 0.0, 2.0, 0.0, -1.0, 0.0, -1.0, 1.0, -1.0, 1.0, 1.0, 2.0, 3.0, -1.0, -1.0, -1.0, 1.0, -1.0, 1.0, 2.0, 1.0, 1.0, 440.0, 99568.0
-1.0, 1.0, -1.0, -1.0, 3.0, 3.0, 1.0, 2.0, 2.0, 0.0, -1.0, -1.0, 3.0, -1.0, -1.0, 2.0, -1.0, 2.0, 0.0, 3.0, 0.0, -1.0, 0.0, 1.0, 3.0, 1.0, 0.0, 2.0, -1.0, 0.0, -1.0, 2.0, 1.0, 0.0, 0.0, 3.0, 2.0, 1.0, 0.0, 2.0, 0.0, -1.0, 2.0, 3.0, 1.0, 3.0, 2.0, -1.0, 1.0, 1.0, 497.0, 99509.0
-1.0, 3.0, 3.0, -1.0, 1.0, 1.0, 3.0, 2.0, 3.0, -1.0, -1.0, 2.0, 3.0, 0.0, -1.0, 1.0, 3.0, 2.0, 1.0, 2.0, 0.0, -1.0, 0.0, 1.0, 2.0, 1.0, 0.0, 2.0, 1.0, 3.0, 0.0, -1.0, 0.0, 1.0, 2.0, 1.0, 3.0, 1.0, 1.0, 2.0, 0.0, -1.0, -1.0, 3.0, 0.0, -1.0, 2.0, 0.0, -1.0, 2.0, 534.0, 99487.0
-1.0, 1.0, 2.0, -1.0, 1.0, 2.0, 1.0, 2.0, 0.0, 2.0, -1.0, 0.0, 0.0, 2.0, 1.0, 0.0, -1.0, 0.0, 1.0, 0.0, 2.0, -1.0, 1.0, 0.0, -1.0, 3.0, 2.0, 0.0, -1.0, 0.0, -1.0, -1.0, 3.0, 3.0, 3.0, -1.0, 3.0, -1.0, 3.0, 1.0, -1.0, 0.0, 1.0, 3.0, -1.0, 3.0, 2.0, -1.0, 2.0, 1.0, 476.0, 99538.0
-1.0, 3.0, 3.0, -1.0, 1.0, 1.0, 3.0, 2.0, 3.0, -1.0, -1.0, 2.0, 3.0, 0.0, -1.0, 1.0, 3.0, 2.0, 1.0, 2.0, 0.0, -1.0, 0.0, 1.0, 2.0, 1.0, 0.0, 2.0, 1.0, 0.0, 0.0, -1.0, 0.0, 1.0, 2.0, 1.0, 3.0, 1.0, 1.0, 3.0, 0.0, -1.0, -1.0, 3.0, 0.0, -1.0, 2.0, 0.0, -1.0, 2.0, 534.0, 99487.0
-1.0, 1.0, 2.0, -1.0, 1.0, 2.0, 1.0, -1.0, 0.0, 2.0, -1.0, 0.0, 0.0, 2.0, 1.0, 0.0, -1.0, 0.0, 1.0, 0.0, 2.0, -1.0, 1.0, 0.0, -1.0, 3.0, 2.0, 0.0, -1.0, 0.0, -1.0, -1.0, 3.0, 3.0, 3.0, -1.0, 3.0, -1.0, 3.0, 1.0, -1.0, 0.0, 1.0, 3.0, -1.0, 3.0, 2.0, -1.0, 2.0, 1.0, 463.0, 99551.0
0.0, 1.0, -1.0, -1.0, 3.0, 3.0, 1.0, 2.0, 2.0, 0.0, -1.0, -1.0, 3.0, -1.0, -1.0, 2.0, -1.0, 2.0, 0.0, 3.0, 0.0, -1.0, 0.0, 1.0, 3.0, 1.0, 0.0, 2.0, -1.0, 0.0, -1.0, 2.0, 1.0, 0.0, 0.0, 3.0, 2.0, 1.0, 0.0, 2.0, 0.0, 1.0, 2.0, 3.0, 1.0, 3.0, 2.0, -1.0, 0.0, 1.0, 529.0, 99492.0
-1.0, 3.0, 3.0, 0.0, 1.0, 1.0, 3.0, 2.0, 3.0, -1.0, -1.0, 2.0, -1.0, 0.0, -1.0, 1.0, 3.0, 2.0, 1.0, 2.0, 0.0, -1.0, 0.0, 1.0, 2.0, 1.0, 3.0, 2.0, 1.0, 3.0, -1.0, -1.0, 0.0, 1.0, 2.0, 1.0, 3.0, 1.0, 2.0, 3.0, 0.0, -1.0, -1.0, 3.0, 0.0, -1.0, 2.0, 0.0, -1.0, 1.0, 522.0, 99497.0
0.0, 1.0, -1.0, -1.0, 3.0, 3.0, 1.0, 2.0, 2.0, 0.0, -1.0, -1.0, 3.0, -1.0, -1.0, 2.0, -1.0, 2.0, 0.0, 3.0, 0.0, -1.0, 0.0, 1.0, 3.0, 1.0, 0.0, 2.0, -1.0, 0.0, -1.0, 2.0, 1.0, 0.0, 0.0, 3.0, 2.0, 1.0, 0.0, 2.0, 0.0, 1.0, 2.0, 3.0, 1.0, 3.0, 2.0, -1.0, 0.0, 1.0, 529.0, 99492.0
-1.0, 1.0, 2.0, -1.0, 1.0, 2.0, 0.0, 3.0, 0.0, 2.0, -1.0, 0.0, 2.0, 2.0, 1.0, 0.0, -1.0, 1.0, 1.0, 0.0, 2.0, -1.0, 1.0, 0.0, -1.0, 3.0, 2.0, 0.0, -1.0, 0.0, 1.0, -1.0, 3.0, 3.0, 3.0, -1.0, 3.0, -1.0, 3.0, 1.0, -1.0, 0.0, 1.0, 1.0, -1.0, 3.0, 2.0, -1.0, 2.0, 1.0, 495.0, 99529.0
3.0, 3.0, 0.0, -1.0, 0.0, 3.0, 2.0, -1.0, 2.0, 2.0, -1.0, 2.0, 0.0, 0.0, 3.0, 2.0, 0.0, 0.0, -1.0, 2.0, 2.0, -1.0, -1.0, 1.0, 1.0, 1.0, -1.0, 0.0, 3.0, 3.0, -1.0, 0.0, 3.0, 0.0, 1.0, -1.0, 0.0, 3.0, 0.0, -1.0, -1.0, -1.0, 1.0, -1.0, -1.0, 2.0, 1.0, 3.0, 2.0, 2.0, 489.0, 99536.0
-1.0, 1.0, 2.0, -1.0, 1.0, 2.0, 1.0, -1.0, 0.0, 2.0, -1.0, 0.0, 0.0, 2.0, 1.0, 0.0, -1.0, 0.0, 1.0, 0.0, 2.0, -1.0, 1.0, 0.0, -1.0, 3.0, 2.0, 0.0, -1.0, 0.0, -1.0, -1.0, 3.0, 3.0, 3.0, -1.0, 3.0, -1.0, 3.0, 1.0, -1.0, 0.0, 1.0, 3.0, -1.0, 3.0, 2.0, -1.0, 2.0, 1.0, 463.0, 99551.0
-1.0, 1.0, -1.0, -1.0, 2.0, 0.0, -1.0, -1.0, 2.0, 0.0, -1.0, 1.0, 3.0, 2.0, 0.0, 1.0, -1.0, 3.0, 0.0, 1.0, 1.0, 2.0, -1.0, 1.0, -1.0, 0.0, -1.0, -1.0, 3.0, 0.0, 3.0, 0.0, -1.0, 2.0, -1.0, 3.0, 0.0, 3.0, 0.0, 0.0, 1.0, -1.0, 2.0, -1.0, 1.0, 2.0, 0.0, -1.0, 3.0, 2.0, 462.0, 99558.0
0.0, 1.0, 0.0, 2.0, 0.0, -1.0, 1.0, -1.0, -1.0, -1.0, -1.0, -1.0, 3.0, 0.0, 2.0, 2.0, -1.0, 3.0, 0.0, 0.0, 1.0, 2.0, -1.0, 2.0, 1.0, 2.0, 0.0, -1.0, -1.0, 0.0, 2.0, 0.0, -1.0, 0.0, -1.0, 1.0, -1.0, 1.0, 1.0, 2.0, 3.0, -1.0, -1.0, -1.0, 1.0, -1.0, 1.0, 2.0, 0.0, 1.0, 455.0, 99560.0
0.0, 1.0, 0.0, 2.0, 0.0, -1.0, 1.0, -1.0, -1.0, -1.0, -1.0, -1.0, 3.0, 0.0, 2.0, 2.0, -1.0, 3.0, 0.0, 0.0, 1.0, 2.0, -1.0, 2.0, 1.0, 2.0, 0.0, -1.0, -1.0, 0.0, 2.0, 0.0, -1.0, 0.0, -1.0, 1.0, -1.0, 1.0, 1.0, 2.0, 3.0, -1.0, -1.0, -1.0, 1.0, -1.0, 1.0, 2.0, 0.0, 1.0, 455.0, 99560.0
0.0, 1.0, 0.0, 2.0, 0.0, -1.0, 1.0, -1.0, -1.0, -1.0, -1.0, -1.0, 3.0, 0.0, 2.0, 2.0, -1.0, 3.0, 0.0, 0.0, 1.0, 2.0, -1.0, 2.0, 1.0, 2.0, 0.0, -1.0, -1.0, 0.0, 2.0, 0.0, -1.0, 0.0, -1.0, 1.0, -1.0, 1.0, 1.0, 2.0, 3.0, -1.0, -1.0, -1.0, 1.0, -1.0, 1.0, 2.0, 0.0, 1.0, 455.0, 99560.0
-1.0, 1.0, 2.0, -1.0, 1.0, 2.0, 2.0, 3.0, 0.0, 2.0, -1.0, 0.0, 2.0, 2.0, 1.0, 0.0, -1.0, 1.0, 1.0, 0.0, 2.0, -1.0, 1.0, 0.0, -1.0, 3.0, 2.0, 0.0, -1.0, 0.0, 1.0, -1.0, 3.0, 3.0, 3.0, -1.0, 3.0, -1.0, 3.0, 1.0, -1.0, 0.0, 1.0, 1.0, -1.0, 3.0, 2.0, -1.0, 2.0, 1.0, 495.0, 99529.0
-1.0, 1.0, 3.0, -1.0, 1.0, 2.0, 0.0, 3.0, 0.0, 2.0, -1.0, 0.0, 2.0, 2.0, 1.0, 0.0, -1.0, 1.0, 1.0, 0.0, 2.0, -1.0, 1.0, 0.0, -1.0, 3.0, 2.0, 0.0, -1.0, 0.0, 0.0, -1.0, 3.0, 3.0, 3.0, -1.0, 3.0, -1.0, 3.0, 1.0, -1.0, 0.0, 1.0, 3.0, -1.0, 3.0, 2.0, -1.0, 2.0, 1.0, 495.0, 99529.0
-1.0, 1.0, 2.0, -1.0, 1.0, 2.0, 2.0, 3.0, 0.0, 2.0, -1.0, 0.0, 2.0, 2.0, 1.0, 0.0, -1.0, 1.0, 1.0, 0.0, 2.0, -1.0, 1.0, 0.0, -1.0, 3.0, 2.0, 0.0, -1.0, 0.0, 1.0, -1.0, 3.0, 3.0, 3.0, -1.0, 3.0, -1.0, 3.0, 1.0, -1.0, 0.0, 1.0, 3.0, -1.0, 3.0, 2.0, -1.0, 2.0, 1.0, 495.0, 99529.0
-1.0, 3.0, 3.0, 0.0, 1.0, 1.0, 3.0, 2.0, 3.0, -1.0, -1.0, 2.0, -1.0, 0.0, -1.0, 1.0, 3.0, 2.0, 1.0, 2.0, 0.0, -1.0, 0.0, 1.0, 2.0, 1.0, 0.0, 2.0, 1.0, 3.0, -1.0, -1.0, 0.0, 1.0, 2.0, 1.0, 3.0, 1.0, 2.0, 3.0, 0.0, -1.0, -1.0, 3.0, 0.0, -1.0, 2.0, 0.0, -1.0, 1.0, 522.0, 99497.0
-1.0, 3.0, 3.0, 0.0, 1.0, 1.0, 3.0, 2.0, 3.0, -1.0, -1.0, 2.0, -1.0, 0.0, -1.0, 1.0, 3.0, 2.0, 1.0, 2.0, 0.0, -1.0, 0.0, 1.0, 2.0, 1.0, 3.0, 2.0, 1.0, 3.0, -1.0, -1.0, 0.0, 1.0, 2.0, 1.0, 3.0, 1.0, 2.0, 3.0, 0.0, -1.0, -1.0, 3.0, 0.0, -1.0, 2.0, 0.0, -1.0, 1.0, 522.0, 99497.0
-1.0, 3.0, 3.0, 0.0, 1.0, 1.0, 3.0, 2.0, 3.0, -1.0, -1.0, 2.0, -1.0, 0.0, -1.0, 1.0, 3.0, 2.0, 1.0, 2.0, 0.0, -1.0, 0.0, 1.0, 2.0, 1.0, 3.0, 2.0, 1.0, 3.0, -1.0, -1.0, 0.0, 1.0, 2.0, 1.0, 3.0, 1.0, 2.0, 2.0, 0.0, -1.0, -1.0, 3.0, 0.0, -1.0, 2.0, 0.0, -1.0, 1.0, 522.0, 99497.0
-1.0, 3.0, 3.0, 0.0, 1.0, 1.0, 3.0, 2.0, 3.0, -1.0, -1.0, 2.0, -1.0, 0.0, -1.0, 1.0, 3.0, 2.0, 1.0, 2.0, 0.0, -1.0, 0.0, 1.0, 2.0, 1.0, 0.0, 2.0, 1.0, 3.0, -1.0, -1.0, 0.0, 1.0, 2.0, 1.0, 3.0, 1.0, 2.0, 3.0, 0.0, -1.0, -1.0, 3.0, 0.0, -1.0, 2.0, 0.0, -1.0, 1.0, 522.0, 99497.0
-1.0, 1.0, -1.0, -1.0, 2.0, 0.0, 1.0, -1.0, 2.0, 0.0, -1.0, 1.0, 3.0, 2.0, 0.0, 1.0, 3.0, 3.0, 0.0, 0.0, 1.0, 2.0, -1.0, 1.0, -1.0, 0.0, -1.0, -1.0, 1.0, 0.0, 3.0, 0.0, -1.0, 2.0, -1.0, 3.0, 1.0, 3.0, 0.0, 0.0, 1.0, -1.0, 2.0, -1.0, 1.0, 2.0, 0.0, -1.0, 3.0, 2.0, 491.0, 99531.0
-1.0, 1.0, -1.0, -1.0, 2.0, 0.0, 1.0, -1.0, 2.0, 0.0, -1.0, 1.0, 3.0, 2.0, 0.0, 1.0, 3.0, 3.0, 0.0, 0.0, 1.0, 2.0, -1.0, 1.0, -1.0, 0.0, -1.0, -1.0, 1.0, 0.0, 3.0, 0.0, -1.0, 2.0, -1.0, 3.0, 1.0, 3.0, 0.0, 0.0, 1.0, -1.0, 2.0, -1.0, 1.0, 2.0, 0.0, -1.0, 3.0, 2.0, 491.0, 99531.0
-1.0, 1.0, -1.0, -1.0, 2.0, 0.0, -1.0, -1.0, 2.0, 0.0, -1.0, 1.0, 3.0, 2.0, 0.0, 1.0, -1.0, 3.0, 0.0, 1.0, 1.0, 2.0, -1.0, 1.0, -1.0, 0.0, -1.0, -1.0, 3.0, 0.0, 3.0, 0.0, -1.0, 2.0, -1.0, 3.0, 0.0, 3.0, 0.0, 0.0, 1.0, -1.0, 2.0, -1.0, 1.0, 2.0, 0.0, -1.0, 3.0, 2.0, 462.0, 99558.0
-1.0, 1.0, -1.0, -1.0, 2.0, 0.0, -1.0, -1.0, 2.0, 0.0, -1.0, 1.0, 3.0, 2.0, 0.0, 1.0, -1.0, 3.0, 0.0, 1.0, 1.0, 2.0, -1.0, 1.0, -1.0, 0.0, -1.0, -1.0, 3.0, 0.0, 3.0, 0.0, -1.0, 3.0, -1.0, 3.0, 0.0, 3.0, 0.0, 0.0, 1.0, -1.0, 2.0, -1.0, 1.0, 2.0, 0.0, -1.0, 3.0, 2.0, 462.0, 99558.0
-1.0, 1.0, -1.0, -1.0, 2.0, 0.0, -1.0, -1.0, 2.0, 0.0, -1.0, 1.0, 3.0, 2.0, 0.0, 1.0, -1.0, 3.0, 0.0, 1.0, 1.0, 2.0, -1.0, 1.0, -1.0, 0.0, -1.0, -1.0, 3.0, 0.0, 3.0, 0.0, -1.0, 2.0, -1.0, 3.0, 0.0, 3.0, 0.0, 0.0, 1.0, -1.0, 2.0, -1.0, 1.0, 2.0, 0.0, -1.0, 3.0, 2.0, 462.0, 99558.0
-1.0, 1.0, -1.0, -1.0, 2.0, 0.0, -1.0, -1.0, 2.0, 0.0, -1.0, 1.0, 3.0, 2.0, 0.0, 1.0, -1.0, 3.0, 0.0, 1.0, 1.0, 2.0, -1.0, 1.0, -1.0, 0.0, -1.0, -1.0, 3.0, 0.0, 3.0, 0.0, -1.0, 2.0, -1.0, 3.0, 0.0, 3.0, 0.0, 0.0, 1.0, -1.0, 2.0, -1.0, 1.0, 2.0, 0.0, -1.0, 3.0, 2.0, 462.0, 99558.0
-1.0, 1.0, -1.0, -1.0, 2.0, 0.0, -1.0, -1.0, 2.0, 0.0, -1.0, 1.0, 3.0, 2.0, 0.0, 1.0, -1.0, 3.0, 0.0, 1.0, 1.0, 2.0, -1.0, 1.0, -1.0, 0.0, -1.0, -1.0, 3.0, 0.0, 3.0, 0.0, -1.0, 2.0, -1.0, 3.0, 0.0, 3.0, 0.0, 0.0, 1.0, -1.0, 2.0, -1.0, 1.0, 2.0, 0.0, -1.0, 3.0, 2.0, 462.0, 99558.0
-1.0, 1.0, -1.0, -1.0, 2.0, 0.0, -1.0, -1.0, 2.0, 0.0, -1.0, 1.0, 3.0, 2.0, 0.0, 1.0, -1.0, 3.0, 0.0, 1.0, 1.0, 2.0, -1.0, 1.0, -1.0, 0.0, -1.0, -1.0, 3.0, 0.0, 3.0, 0.0, -1.0, 3.0, -1.0, 3.0, 0.0, 3.0, 0.0, 0.0, 1.0, -1.0, 2.0, -1.0, 1.0, 2.0, 0.0, -1.0, 3.0, 2.0, 462.0, 99558.0
-1.0, 3.0, 3.0, -1.0, 1.0, 1.0, 3.0, 2.0, 3.0, -1.0, -1.0, 2.0, 3.0, 0.0, -1.0, 1.0, 3.0, 2.0, 1.0, 2.0, 0.0, -1.0, 0.0, 1.0, 2.0, 1.0, 0.0, 2.0, 1.0, 0.0, 0.0, -1.0, 0.0, 1.0, 2.0, 1.0, 3.0, 1.0, 1.0, 2.0, 0.0, -1.0, -1.0, 3.0, 0.0, -1.0, 2.0, 0.0, -1.0, 2.0, 534.0, 99487.0
-1.0, 3.0, 3.0, -1.0, 1.0, 1.0, 3.0, 2.0, 3.0, -1.0, -1.0, 2.0, 3.0, 0.0, -1.0, 1.0, 3.0, 2.0, 1.0, 2.0, 0.0, -1.0, 0.0, 1.0, 2.0, 1.0, 0.0, 2.0, 1.0, 0.0, 0.0, -1.0, 0.0, 1.0, 2.0, 1.0, 3.0, 1.0, 1.0, 2.0, 0.0, -1.0, -1.0, 3.0, 0.0, -1.0, 2.0, 0.0, -1.0, 2.0, 534.0, 99487.0
-1.0, 3.0, 3.0, -1.0, 1.0, 1.0, 3.0, 2.0, 3.0, -1.0, -1.0, 2.0, 3.0, 0.0, -1.0, 1.0, 3.0, 2.0, 1.0, 2.0, 0.0, -1.0, 0.0, 1.0, 2.0, 1.0, 0.0, 2.0, 1.0, 3.0, 0.0, -1.0, 0.0, 1.0, 2.0, 1.0, 3.0, 1.0, 1.0, 2.0, 0.0, -1.0, -1.0, 3.0, 0.0, -1.0, 2.0, 0.0, -1.0, 2.0, 534.0, 99487.0
-1.0, 3.0, 3.0, -1.0, 1.0, 1.0, 3.0, 2.0, 3.0, -1.0, -1.0, 2.0, 3.0, 0.0, -1.0, 1.0, 3.0, 2.0, 1.0, 2.0, 0.0, -1.0, 0.0, 1.0, 2.0, 1.0, 0.0, 2.0, 1.0, 0.0, 0.0, -1.0, 0.0, 1.0, 2.0, 1.0, 3.0, 1.0, 1.0, 2.0, 0.0, -1.0, -1.0, 3.0, 0.0, -1.0, 2.0, 0.0, -1.0, 2.0, 534.0, 99487.0
