0.796547088816, 0.822270617055, 81.4339113586, 0.687195358001, 47.6059072669, 46.9400243681, 0.842335119688, 2.83663563275, 4.34535872701, 1736.24082703, -2.22044604925e-16
0.796547088816, 0.822270617055, 82.6087756584, 0.622319376112, 47.6059072669, 48.414210564, 0.842335119688, 2.40190148759, 1.35890224898, 0.0, 1.0
0.863445615772, 0.822270617055, 80.2145950003, 0.664286516992, 83.0535643554, 47.1607811785, 0.842335119688, 2.66910945698, 2.06096059678, 395.74807151, 0.0
0.871530823842, 0.82652655774, 84.066192802, 0.566066767956, 66.8883419059, 16.7210151561, 0.894952325822, 3.93233193904, 17.6357764703, 753.09109737, 0.115480362723
0.796547088816, 0.822270617055, 81.4339113586, 0.664286516992, 21.0185247165, 45.0330295277, 0.842335119688, 2.40190148759, 4.34535872701, 574.395461573, 0.547141909436
0.106542807618, 0.862316760164, 87.23068988, 0.686709651242, 78.5295915013, 12.5189818295, 0.765839423353, 4.01156946568, 6.38187684801, 970.418356247, 0.0683760234179
0.148938758698, 0.842407945896, 86.1622283309, 0.650183291007, 12.8814545919, 1.10935412903, 0.0910543107503, 1.12019179084, 4.70768856222, 1207.5399708, 0.0128601624501
0.169073582673, 0.838578493547, 81.6608248337, 0.697854645207, 54.090621785, 1.89205972272, 0.728828953518, 4.01156946568, 8.86171243651, 1063.42706717, 0.0229480658051
0.796547088816, 0.822270617055, 80.3662954267, 0.566066767956, 47.6059072669, 34.9230282281, 0.842335119688, 3.93233193904, 4.34535872701, 1536.71230119, 0.0
0.206304100633, 0.838703176143, 85.1476991223, 0.531242596823, 32.1926207353, 1.20133993556, 0.0639520312048, 1.85893660903, 6.18273556378, 1194.39688204, 0.0165548784734
0.748812761523, 0.851163520842, 80.5182899213, 0.482227107759, 45.4167427693, 10.5680721288, 0.922970665257, 4.17861100012, 5.07015018853, 964.776832491, 0.412844480489
0.796547088816, 0.821428279331, 87.23068988, 0.645276556741, 21.0185247165, 47.7341650547, 0.154699673059, 4.01156946568, 4.34535872701, 763.788134417, 0.562419036802
0.114753849647, 0.828794974017, 85.133293966, 0.629958644264, 52.5823745807, 23.0701442745, 0.369014961686, 1.40101727816, 4.70768856222, 979.65659506, 0.106408242373
0.241737949057, 0.822197661564, 80.4687012936, 0.542994489843, 52.5823745807, 1.16509012529, 0.0145428301123, 1.40101727816, 4.70768856222, 1340.17473855, 0.0141671078147
0.863445615772, 0.822270617055, 81.4861781403, 0.664286516992, 95.9453473714, 45.0330295277, 0.842335119688, 2.40190148759, 2.06096059678, 1870.86371472, 0.0
0.189035133116, 0.82171175926, 80.3246266459, 0.46641312185, 85.8487696774, 1.25170532937, 0.30187538399, 1.12814217135, 16.8376226228, 1866.07443829, 0.0123254281967
0.796547088816, 0.822270617055, 81.4339113586, 0.687195358001, 47.6059072669, 46.9400243681, 0.842335119688, 2.83663563275, 4.34535872701, 1866.78525011, 0.00314905330653
0.198386333676, 0.847168188555, 83.9359233623, 0.46641312185, 52.5823745807, 1.25170532937, 0.334599696596, 1.13684163007, 6.38187684801, 1690.08938845, 0.0127434614355
0.185534280318, 0.828794974017, 84.7624762041, 0.690007336824, 52.5823745807, 1.25170532937, 0.369014961686, 2.0828657253, 3.34190584458, 1220.43045533, 0.041544398166
0.863445615772, 0.822270617055, 81.4861781403, 0.664286516992, 21.0185247165, 45.0330295277, 0.842335119688, 1.85893660903, 19.9057692788, 1098.6493958, 0.33672986904
0.863445615772, 0.822270617055, 81.4861781403, 0.664286516992, 95.9453473714, 45.0330295277, 0.842335119688, 2.40190148759, 2.06096059678, 1078.61020287, 0.473679512077
0.812186942166, 0.822270617055, 81.4339113586, 0.664286516992, 21.0185247165, 45.0330295277, 0.555483866454, 2.40190148759, 4.34535872701, 994.748503906, 0.557561245495
0.101051155524, 0.831739884452, 87.23068988, 0.642750984394, 52.2601845091, 12.5189818295, 0.637394817784, 0.688238578996, 2.91358478852, 1101.28887278, 0.139333578517
0.206304100633, 0.847370816205, 90.6628154367, 0.628153585312, 95.9453473714, 1.25170532937, 0.0910543107503, 1.40101727816, 10.8018141089, 1378.35620615, 0.0183867629353
0.169073582673, 0.895369127939, 81.6608248337, 0.697854645207, 54.090621785, 1.89205972272, 0.827428169087, 4.01156946568, 8.86171243651, 1351.27753568, 0.0269321810287
0.169073582673, 0.838578493547, 80.8563697024, 0.697854645207, 54.090621785, 1.89205972272, 0.728828953518, 0.688238578996, 8.86171243651, 1651.00614098, 0.0162605552587
0.863445615772, 0.822270617055, 82.6087756584, 0.664286516992, 20.722087513, 45.0330295277, 0.842335119688, 0.30829181898, 2.06096059678, 3397.93346406, 0.0
0.206304100633, 0.828794974017, 84.7624762041, 0.628153585312, 95.9453473714, 1.25170532937, 0.0910543107503, 1.01948169198, 10.8018141089, 2832.65184807, 0.00144834950948
0.206304100633, 0.828794974017, 84.7624762041, 0.628153585312, 52.5823745807, 1.25170532937, 0.0145428301123, 1.40101727816, 10.8018141089, 1933.96464616, 0.00917024841954
0.198386333676, 0.831665477632, 83.9359233623, 0.698458906229, 52.5823745807, 1.25170532937, 0.334599696596, 1.86468932389, 4.70768856222, 1903.19205733, 0.0105044132723
0.189035133116, 0.82171175926, 80.3246266459, 0.633916896567, 52.5823745807, 1.25170532937, 0.30187538399, 1.12814217135, 16.8376226228, 2686.26644805, 0.00530335109887
0.198386333676, 0.831665477632, 83.9359233623, 0.46641312185, 52.5823745807, 1.25170532937, 0.334599696596, 1.40101727816, 4.70768856222, 2065.29358903, 0.00697578863024
0.148938758698, 0.905752784637, 86.1622283309, 0.650183291007, 52.5823745807, 1.25170532937, 0.728828953518, 1.12019179084, 4.70768856222, 2189.1293343, 0.00575004263233
0.206304100633, 0.828794974017, 84.7624762041, 0.628153585312, 52.5823745807, 1.25170532937, 0.0910543107503, 1.40101727816, 10.8018141089, 1787.16204926, 0.013911893285
0.169073582673, 0.895369127939, 81.6608248337, 0.697854645207, 54.090621785, 1.25170532937, 0.628624241102, 4.01156946568, 4.70768856222, 1696.49684816, 0.014020619336
0.169073582673, 0.895369127939, 81.6608248337, 0.697854645207, 54.090621785, 1.89205972272, 0.827428169087, 3.34297393583, 8.86171243651, 1295.96208101, 0.0536208648289
0.670855790228, 0.843546995551, 83.7540239156, 0.602408553121, 84.6609836883, 49.4244805798, 0.905387909008, 2.77586632114, 7.83164417854, 1098.20053638, 0.530977716841
0.189035133116, 0.831739884452, 80.3246266459, 0.633916896567, 44.8531224772, 11.5181161022, 0.30187538399, 0.749854658941, 16.8376226228, 1132.02605079, 0.166425038643
0.863445615772, 0.822270617055, 80.2145950003, 0.664286516992, 83.0535643554, 47.1607811785, 0.842335119688, 2.66910945698, 4.34535872701, 1104.54332945, 0.530535326428
0.863445615772, 0.822270617055, 81.4339113586, 0.687195358001, 47.6059072669, 46.9400243681, 0.312522882485, 2.83663563275, 1.35890224898, 1192.35801148, 0.154652258618
0.206304100633, 0.828794974017, 84.7624762041, 0.628153585312, 52.5823745807, 1.05255927888, 0.0145428301123, 1.40101727816, 10.8018141089, 1648.65699044, 0.0213862908194
0.198386333676, 0.831665477632, 83.9359233623, 0.46641312185, 52.5823745807, 1.25170532937, 0.334599696596, 1.40101727816, 4.70768856222, 1532.34439365, 0.0244135164241
0.106542807618, 0.862316760164, 87.23068988, 0.694520098174, 78.5295915013, 12.5189818295, 0.765839423353, 4.01156946568, 3.34190584458, 1386.1429343, 0.0417923038372
0.796547088816, 0.822270617055, 81.4339113586, 0.687195358001, 47.6059072669, 46.9400243681, 0.334599696596, 2.83663563275, 1.35890224898, 1521.67593846, 0.0372358614804
0.185534280318, 0.828794974017, 84.7624762041, 0.690007336824, 52.5823745807, 1.25170532937, 0.369014961686, 2.0828657253, 11.8795923516, 1654.36633614, 0.0202858013903
0.198386333676, 0.831665477632, 83.9359233623, 0.633916896567, 52.5823745807, 1.25170532937, 0.334599696596, 1.40101727816, 4.70768856222, 1669.04540044, 0.0169619081519
0.863445615772, 0.836870129763, 81.4861781403, 0.664286516992, 21.0185247165, 45.0330295277, 0.842335119688, 1.7927594596, 19.9057692788, 4465.3759365, 0.0
0.114753849647, 0.836870129763, 90.6628154367, 0.557157957218, 52.5823745807, 1.02406781198, 1.64517738259, 3.14440279121, 4.70768856222, 3241.43764722, 0.00389268137963
0.206304100633, 0.828794974017, 85.133293966, 0.628153585312, 52.5823745807, 1.25170532937, 0.369014961686, 1.40101727816, 4.70768856222, 2021.2914645, 0.00984520615793
0.114753849647, 0.836870129763, 90.6628154367, 0.557157957218, 52.5823745807, 1.02406781198, 0.718092230514, 3.14440279121, 4.70768856222, 1939.16456133, 0.0112535027052
0.206304100633, 0.862316760164, 85.133293966, 0.650183291007, 69.11379197, 1.25170532937, 0.728828953518, 1.85893660903, 4.70768856222, 2116.27940425, 0.00955843008786
0.206304100633, 0.838703176143, 84.7624762041, 0.471379103831, 46.9699342121, 1.25170532937, 0.369014961686, 1.40101727816, 11.8795923516, 2176.57702482, 0.00751998166325
0.19985962062, 0.905752784637, 86.1622283309, 0.650183291007, 52.5823745807, 1.25170532937, 0.728828953518, 1.12019179084, 4.70768856222, 2502.9830023, 0.00702148761759
0.206304100633, 0.828794974017, 85.4224344128, 0.628153585312, 91.7171894482, 1.25170532937, 0.0910543107503, 1.40101727816, 6.18273556378, 2506.6569814, 0.00621490080497
0.206304100633, 0.822745279947, 80.9813085042, 0.628153585312, 61.5703898904, 1.25170532937, 0.369014961686, 1.40101727816, 10.8018141089, 1805.55328029, 0.0141104011628
0.114753849647, 0.862316760164, 90.6628154367, 0.557157957218, 52.5823745807, 1.02406781198, 0.718092230514, 1.85893660903, 4.70768856222, 1710.62976724, 0.0161787731186
0.189035133116, 0.836870129763, 80.5182899213, 0.625094782643, 60.6140358697, 10.3540991442, 0.9361664933, 4.01156946568, 6.63782730639, 1308.28825648, 0.120061955686
0.731659161173, 0.822270617055, 82.6087756584, 0.664286516992, 20.722087513, 45.0330295277, 0.842335119688, 4.01156946568, 7.74521793401, 1160.06723123, 0.266611437456
0.863445615772, 0.822270617055, 82.6087756584, 0.664286516992, 20.722087513, 45.0330295277, 0.842335119688, 2.40190148759, 2.06096059678, 1158.3864082, 0.456011928926
0.18122685832, 0.862316760164, 81.7681563803, 0.663330421494, 70.8671815292, 26.7447213553, 0.241089458422, 0.852890469136, 5.40664384002, 1199.34416513, 0.225097259382
0.796547088816, 0.822270617055, 81.4339113586, 0.687195358001, 47.6059072669, 49.7243080976, 0.842335119688, 0.711506891957, 1.35890224898, 1233.99591029, 0.183832245814
0.241737949057, 0.824603444414, 80.4687012936, 0.542994489843, 52.5823745807, 1.16509012529, 0.0145428301123, 1.40101727816, 10.8018141089, 1565.06117853, 0.0245090982368
0.206304100633, 0.904100458396, 85.133293966, 0.641984118357, 52.5823745807, 1.25170532937, 0.728828953518, 1.40101727816, 4.70768856222, 1547.52125441, 0.0352488200711
0.189035133116, 0.851163520842, 80.5121532013, 0.625094782643, 60.6140358697, 10.3540991442, 0.9361664933, 0.967352431381, 6.63782730639, 1430.53615068, 0.114664456254
0.169073582673, 0.838578493547, 81.6608248337, 0.697854645207, 54.090621785, 1.89205972272, 0.728828953518, 4.01156946568, 8.86171243651, 1677.4296, 0.0221125945378
0.106542807618, 0.838703176143, 85.722439386, 0.697854645207, 32.1926207353, 1.02406781198, 1.64517738259, 3.52617765026, 6.38187684801, 4188.15005643, 0.00436684744678
0.206304100633, 0.904100458396, 85.133293966, 0.697854645207, 52.5823745807, 1.25170532937, 0.585363933831, 3.44660971889, 16.7727062998, 3550.65068265, 0.00521938041558
0.106542807618, 0.838703176143, 81.6608248337, 0.697854645207, 32.1926207353, 1.02406781198, 1.64517738259, 3.52617765026, 6.38187684801, 3828.31904831, 0.00514904595933
0.169073582673, 0.862316760164, 84.5733030486, 0.697854645207, 52.5823745807, 1.07138439989, 0.439889023502, 0.353660327588, 8.86171243651, 2097.71470982, 0.0104218232947
0.114753849647, 0.86533528357, 93.3332047323, 0.531242596823, 52.5823745807, 2.06601783172, 0.765839423353, 3.14440279121, 6.38187684801, 1976.77876269, 0.012734841436
0.196472429338, 0.838578493547, 90.6628154367, 0.684756029204, 52.5823745807, 1.02406781198, 0.827428169087, 1.40101727816, 4.70768856222, 1981.16941077, 0.0125362523529
0.216418981163, 0.838703176143, 85.722439386, 0.531242596823, 32.1926207353, 1.25170532937, 0.765839423353, 1.85893660903, 10.8018141089, 2033.38622853, 0.0123232384223
0.198386333676, 0.870871628492, 85.133293966, 0.558513739302, 52.5823745807, 1.25170532937, 0.303556865623, 0.688238578996, 4.70768856222, 2287.95586789, 0.00809796644505
0.198386333676, 0.822270617055, 83.9359233623, 0.46641312185, 65.7294720127, 1.25170532937, 0.334599696596, 1.13684163007, 6.38187684801, 2710.38081662, 0.00695689821498
0.106542807618, 0.838703176143, 81.6608248337, 0.697854645207, 32.1926207353, 1.02406781198, 1.64517738259, 3.52617765026, 6.38187684801, 3127.89821288, 0.00679843533765
0.206304100633, 0.838703176143, 85.722439386, 0.531242596823, 32.1926207353, 1.25170532937, 0.765839423353, 1.85893660903, 6.18273556378, 1821.86023552, 0.0160729188354
0.198386333676, 0.827755568505, 80.8563697024, 0.558513739302, 52.5823745807, 1.25170532937, 0.303556865623, 0.688238578996, 4.70768856222, 1743.83054451, 0.02052950205
0.214539770805, 0.851163520842, 82.2792069769, 0.46641312185, 23.0238050905, 23.3356154967, 0.728828953518, 0.151566591354, 13.4378598379, 1322.41921577, 0.153753492761
0.189035133116, 0.820765929624, 80.3246266459, 0.541838829067, 31.3417610436, 10.3540991442, 0.30187538399, 1.12814217135, 9.17310091815, 1338.17158203, 0.148391274794
0.796547088816, 0.822270617055, 81.4339113586, 0.687195358001, 47.6059072669, 46.9400243681, 0.842335119688, 2.83663563275, 4.34535872701, 1167.77920287, 0.625379418497
0.159621205302, 0.895587711622, 85.133293966, 0.684756029204, 52.5823745807, 1.25170532937, 1.07702963741, 2.0828657253, 4.70768856222, 4619.69776316, 0.0045908246134
0.863445615772, 0.822270617055, 82.6087756584, 0.664286516992, 20.722087513, 45.0330295277, 0.842335119688, 3.21779414883, 2.06096059678, 1177.69284834, 0.434273227638
0.106542807618, 0.838703176143, 81.6608248337, 0.684756029204, 32.1926207353, 1.02406781198, 1.64517738259, 3.52617765026, 4.70768856222, 3847.57302027, 0.00664697283734
0.169073582673, 0.822270617055, 81.4339113586, 0.687195358001, 47.6059072669, 46.9400243681, 0.312522882485, 2.83663563275, 1.35890224898, 1211.28432912, 0.287429875479
0.206304100633, 0.862316760164, 85.133293966, 0.650183291007, 52.5823745807, 1.25170532937, 0.728828953518, 0.353660327588, 4.70768856222, 3209.22633342, 0.00725747590096
0.748812761523, 0.868728935727, 80.5182899213, 0.471379103831, 10.0737983304, 4.49370137505, 0.555483866454, 2.32930727809, 6.63782730639, 1519.71077628, 0.156337422677
0.106542807618, 0.904100458396, 85.133293966, 0.697854645207, 49.1774901172, 1.2450950746, 1.24713673882, 0.657651118853, 4.70768856222, 4419.96821375, 0.00659012059253
0.796547088816, 0.838703176143, 85.1476991223, 0.531242596823, 49.7816691525, 1.20133993556, 0.0639520312048, 1.85893660903, 6.18273556378, 1567.51315758, 0.0957362531272
0.106542807618, 0.838703176143, 81.6608248337, 0.684756029204, 32.1926207353, 1.02406781198, 1.64517738259, 3.52617765026, 4.70768856222, 2425.63106334, 0.00898775808323
0.189035133116, 0.820765929624, 80.3246266459, 0.529845429431, 31.3417610436, 13.1200936244, 0.30187538399, 1.12814217135, 9.17310091815, 1414.20405828, 0.21372951167
0.198386333676, 0.831615139864, 80.8563697024, 0.612193254736, 33.4836286141, 16.2966788946, 0.906105149976, 0.00780474781155, 16.8376226228, 2743.88214893, 0.00750517908719
0.11137602842, 0.838703176143, 84.7624762041, 0.471379103831, 46.9699342121, 1.25170532937, 0.369014961686, 1.40101727816, 11.8795923516, 2893.55916842, 0.00748531149663
0.101051155524, 0.831739884452, 87.23068988, 0.642750984394, 78.5295915013, 12.5189818295, 0.637394817784, 0.688238578996, 4.70768856222, 1644.08805865, 0.0518608968071
0.198386333676, 0.831615139864, 80.8563697024, 0.612193254736, 33.4836286141, 16.2966788946, 0.906105149976, 0.00557165253467, 3.47236175708, 1306.6856041, 0.249424912821
0.133915051673, 0.828794974017, 84.7624762041, 0.628153585312, 52.5823745807, 1.25170532937, 0.0910543107503, 1.40101727816, 10.8018141089, 2178.96296006, 0.0112689265815
0.198386333676, 0.878778490685, 83.9359233623, 0.584799526595, 52.5823745807, 1.25170532937, 0.842335119688, 1.13684163007, 6.38187684801, 1840.31311516, 0.0226393155788
0.216418981163, 0.838703176143, 85.722439386, 0.531242596823, 32.1926207353, 1.25170532937, 0.765839423353, 1.85893660903, 10.8018141089, 1689.99981245, 0.0256614045195
0.69261889397, 0.820765929624, 80.2777489681, 0.633916896567, 57.3055859317, 6.15372792538, 0.30187538399, 1.12814217135, 9.17310091815, 1371.82621802, 0.245923971029
0.206304100633, 0.822745279947, 80.9813085042, 0.628153585312, 75.1001082895, 1.25170532937, 0.369014961686, 1.40101727816, 10.8018141089, 1663.71830269, 0.0293017834438
0.133915051673, 0.821449322747, 84.7624762041, 0.628153585312, 52.5823745807, 1.25170532937, 0.0910543107503, 1.40101727816, 10.8018141089, 2048.25992936, 0.0133899659493
