0.563571804576, 1.1045178569, 3.07541377338, 0.218485954605, 38.9248804561, 44.6661750902, 2.90150202938, 1.65844679348, 40.5921366883, 0.41827301366, 0.385416666667
0.637660837678, 1.01316678642, 5.71963971338, 0.478309845864, 37.2347061801, 48.4171763914, 3.07988296107, 1.00582904478, 39.9555534825, 0.461723004755, 0.290465631929
0.566352894405, 0.980671273891, 3.50787876212, 0.419088837445, 33.0383185843, 42.4906021412, 3.78600839609, 1.58969124376, 36.4405587305, 0.41185488898, 0.56141797197
0.526928996168, 1.25861917991, 5.82236102262, 0.352421278484, 42.2725299992, 47.4845698108, 2.66485752719, 1.69818667715, 21.1875494108, 0.40563819833, 0.613821138211
0.636229842993, 0.873710037654, 2.62050458799, 0.232279864159, 24.5986439976, 49.7091081651, 2.26182747144, 1.207146044, 41.0021263178, 0.416430775058, 0.54028436019
0.597547556096, 0.950536099756, 5.66716102287, 0.213752854236, 39.2222504863, 46.3017085385, 2.19005735199, 1.2515354445, 41.1124374341, 0.405769851412, 0.590330788804
0.529441229458, 0.943688742116, 7.80520170019, 0.241951745094, 5.2146343461, 46.9763090835, 3.56840239392, 1.5869959166, 32.5088722614, 0.448614332989, 0.295805739514
0.664671750152, 1.02382028729, 6.9242487059, 0.256149425039, 39.8640812453, 46.9092886127, 2.82226728826, 1.86709373109, 23.6000248388, 0.417887488492, 0.533936651584
0.536770172398, 1.05908678925, 7.07211076068, 0.42897199696, 13.3319654706, 45.6707544609, 2.84517455764, 4.62846118587, 24.5113091186, 0.465602244207, 0.0
0.529441229458, 0.939623423892, 5.94021537042, 0.210149046033, 35.8469178679, 41.8059213145, 3.16909908848, 1.82625526736, 38.0820040732, 0.403762224373, 0.652958152958
0.616282869823, 0.873710037654, 2.00351919749, 0.253527269628, 21.0737231186, 45.0928963364, 3.43561161306, 1.21597404514, 31.1449098353, 0.427110576065, 0.477341389728
0.529441229458, 0.930010923434, 6.28924476518, 0.260609882781, 0.736036837256, 47.4845698108, 3.88495314809, 1.80088345648, 31.4208683726, 0.44435647327, 0.401146131805
0.560414736342, 0.930010923434, 6.28924476518, 0.260609882781, 0.736036837256, 47.4845698108, 3.88495314809, 1.80088345648, 31.4208683726, 0.414599764805, 0.629288702929
0.563266400361, 0.873710037654, 2.00351919749, 0.253527269628, 21.0737231186, 45.0928963364, 3.43561161306, 1.21597404514, 31.1449098353, 0.452337100795, 0.384955752212
0.637660837678, 1.01316678642, 7.09066356465, 0.478309845864, 24.5986439976, 40.7052074802, 2.52759029531, 1.207146044, 43.1824711879, 0.45899921465, 0.337398373984
0.567211317178, 0.954779394371, 6.23434813346, 0.2967274313, 2.51572287181, 40.3757786168, 2.38924104915, 1.68576998429, 27.3554919824, 0.4204265933, 0.607438016529
0.524400011227, 0.954779394371, 4.83312310793, 0.2967274313, 19.5777885117, 40.8327730068, 2.69792507964, 1.68576998429, 23.4143731765, 0.421460982349, 0.585858585859
0.541173405466, 0.911455469525, 6.9606181733, 0.448040706914, 42.0522369195, 43.3735662735, 3.98508898308, 3.50983139689, 35.042039498, 0.510619952011, 0.00320512820513
0.526928996168, 1.25861917991, 5.82236102262, 0.231556605254, 42.2725299992, 43.4068032512, 2.66485752719, 1.69818667715, 21.1875494108, 0.469543356376, 0.298780487805
0.531851959226, 1.14045623761, 3.46261667413, 0.398098324753, 26.7220345102, 42.4117805215, 3.24145408561, 4.71341225285, 29.8128180924, 0.49436069016, 0.0112676056338
0.560414736342, 0.943688742116, 6.11202264942, 0.241951745094, 8.27281560448, 46.9763090835, 3.56840239392, 1.03655680352, 32.5088722614, 0.478994061997, 0.188995215311
0.600943390188, 1.04342676551, 7.97616530368, 0.384053457671, 5.7288051138, 41.6371762874, 2.03313824901, 2.67492258803, 20.1885917691, 0.515658783841, 0.0
0.597547556096, 0.950536099756, 5.66716102287, 0.213752854236, 39.2222504863, 46.3017085385, 2.19005735199, 1.48150569277, 41.1124374341, 0.49326838177, 0.149606299213
0.536770172398, 1.05908678925, 7.07211076068, 0.398098324753, 13.3319654706, 45.6707544609, 2.84517455764, 4.39809349717, 24.5113091186, 0.509789631143, 0.00970873786408
0.557115792251, 0.939623423892, 5.94021537042, 0.210149046033, 35.8469178679, 41.8059213145, 3.16909908848, 1.80088345648, 35.1744695052, 0.4096150954, 0.666666666667
0.664671750152, 1.02382028729, 5.28652713238, 0.256149425039, 42.0202434891, 47.0880768373, 2.37931887865, 1.86709373109, 23.6000248388, 0.429034024414, 0.579937304075
0.58658039006, 0.948112144641, 2.76889315047, 0.422656790573, 34.89672588, 40.3757786168, 3.91094970478, 1.5874252335, 28.4351929017, 0.431706231266, 0.514423076923
0.567211317178, 0.954779394371, 4.83312310793, 0.2967274313, 19.5777885117, 40.8327730068, 2.72291878993, 1.68576998429, 23.4143731765, 0.446421430064, 0.429411764706
0.636229842993, 1.14901142588, 2.88283619441, 0.327820690361, 24.5986439976, 45.3722447045, 2.26182747144, 1.207146044, 41.1533952041, 0.417278058238, 0.639393939394
0.833872084595, 0.943688742116, 6.11202264942, 0.241951745094, 28.3363763083, 46.9763090835, 3.56840239392, 1.03655680352, 32.5088722614, 0.416392562715, 0.663105998357
0.557115792251, 0.943688742116, 7.98015431872, 0.241951745094, 5.2146343461, 46.9763090835, 3.61118961687, 1.03655680352, 32.5088722614, 0.461000517115, 0.345161290323
0.616282869823, 0.873710037654, 2.00351919749, 0.253527269628, 21.0737231186, 45.0928963364, 3.43561161306, 1.21597404514, 31.1449098353, 0.426080952486, 0.636785162287
0.560414736342, 1.02382028729, 6.9242487059, 0.256149425039, 2.00448576884, 45.7877902233, 2.82226728826, 1.86709373109, 23.6000248388, 0.472837052065, 0.325443786982
0.566352894405, 0.980671273891, 3.50787876212, 0.419088837445, 33.0383185843, 42.4906021412, 3.78600839609, 1.58969124376, 36.4405587305, 0.509342300297, 0.0506329113924
0.52439860678, 1.20726711243, 7.40925981042, 0.230703210205, 39.1058137649, 43.6122078439, 3.66237842498, 0.657093680282, 30.8319734926, 0.506465898355, 0.0656455142232
0.541173405466, 1.1175177725, 7.52333830038, 0.492924698943, 38.9094441352, 41.6271652723, 2.78316011487, 2.94875705429, 35.042039498, 0.50073206636, 0.0705882352941
0.563571804576, 1.1045178569, 6.32262885227, 0.218485954605, 38.9248804561, 44.6661750902, 3.31514363522, 1.65844679348, 40.5921366883, 0.479875787169, 0.252272727273
0.616282869823, 0.873710037654, 2.00351919749, 0.253527269628, 21.0737231186, 45.0928963364, 3.43561161306, 1.21597404514, 31.1449098353, 0.481622677186, 0.21
0.566352894405, 0.950920634753, 3.50787876212, 0.419088837445, 33.0383185843, 42.4906021412, 3.43356152316, 1.21597404514, 36.4405587305, 0.488547569137, 0.19964664311
0.535940501291, 1.1407160133, 6.15495636635, 0.480509686186, 23.5298025776, 45.9288626776, 2.5496174097, 1.207146044, 32.5100263018, 0.5302510631, 0.0
0.500759654527, 1.1152569788, 3.89066026743, 0.448040706914, 42.0522369195, 46.1637396807, 3.98508898308, 3.60617165722, 22.1408762651, 0.528339426656, 0.0152671755725
0.511662855009, 1.11277227187, 5.69289329003, 0.300874816122, 13.3319654706, 45.9118213431, 3.73875620242, 4.39809349717, 21.3892443645, 0.517378149463, 0.0203619909502
0.597547556096, 0.950536099756, 5.66716102287, 0.213752854236, 39.2222504863, 46.3017085385, 2.19005735199, 1.48150569277, 41.1124374341, 0.410670772554, 0.671532846715
0.560414736342, 0.930010923434, 6.28924476518, 0.260609882781, 0.736036837256, 47.4845698108, 3.88495314809, 1.80088345648, 31.4208683726, 0.429512158096, 0.606773283161
0.557115792251, 0.939623423892, 5.94021537042, 0.210149046033, 35.8469178679, 41.8059213145, 3.16909908848, 1.82625526736, 33.9634437709, 0.436307839584, 0.532690246517
0.529441229458, 0.943688742116, 7.98015431872, 0.241951745094, 5.2146343461, 46.9763090835, 3.56840239392, 1.03655680352, 32.5088722614, 0.435420975908, 0.584699453552
0.567211317178, 0.873710037654, 2.00351919749, 0.253527269628, 21.0737231186, 45.0928963364, 3.43561161306, 1.21597404514, 31.1449098353, 0.436238759745, 0.548042704626
0.632854566255, 1.18592828357, 3.38547108089, 0.398045440275, 22.3265780175, 44.0118910671, 3.75234175213, 1.69818667715, 21.9190133373, 0.445879345402, 0.523965141612
0.636229842993, 1.14901142588, 2.88283619441, 0.34909361387, 17.9577144092, 42.2640093364, 2.26182747144, 1.00582904478, 41.0021263178, 0.451920430443, 0.483870967742
0.529441229458, 0.943688742116, 7.80520170019, 0.241951745094, 5.2146343461, 46.9763090835, 3.56840239392, 1.5869959166, 32.5088722614, 0.457546858814, 0.431666666667
0.557115792251, 0.939623423892, 5.94021537042, 0.210149046033, 35.8469178679, 41.8059213145, 3.16909908848, 1.80088345648, 33.9634437709, 0.42511482818, 0.651711026616
0.5580657082, 1.00063125627, 2.84771286525, 0.230703210205, 48.4456292576, 48.692168607, 3.09032953731, 1.71132839371, 30.8319734926, 0.462075182852, 0.380560131796
0.58658039006, 0.948112144641, 2.76889315047, 0.422656790573, 2.01984942775, 40.3757786168, 3.91094970478, 0.977686427121, 28.4351929017, 0.511628346903, 0.0649651972158
0.563266400361, 1.12956662767, 3.72630961081, 0.243075057995, 12.8255640217, 41.7243402818, 3.27529071511, 3.67779917706, 39.0344479857, 0.500876126675, 0.104651162791
0.632854566255, 1.18592828357, 3.38547108089, 0.316460934063, 22.3265780175, 44.0118910671, 3.75234175213, 1.69818667715, 21.9190133373, 0.481158596933, 0.340425531915
0.501041672471, 1.20711758126, 3.88032551064, 0.249376799763, 34.89672588, 40.5274583316, 2.84136276822, 2.66422717191, 36.7327250142, 0.481947554997, 0.306666666667
0.535940501291, 1.1407160133, 6.15495636635, 0.480509686186, 44.4389883467, 45.9288626776, 2.5496174097, 1.99565514756, 27.3554919824, 0.53856514922, 0.0
0.58658039006, 0.948112144641, 2.76889315047, 0.422656790573, 44.1490164727, 43.6622261794, 3.91094970478, 4.95066272476, 28.4351929017, 0.53247737517, 0.020618556701
0.560414736342, 0.930010923434, 6.28924476518, 0.260609882781, 0.736036837256, 47.4845698108, 3.88495314809, 1.82625526736, 31.4208683726, 0.42088405321, 0.674914089347
0.597547556096, 0.94411392417, 5.66716102287, 0.213752854236, 39.2222504863, 46.3017085385, 2.12594328633, 1.48150569277, 41.1124374341, 0.43885850794, 0.542857142857
0.560414736342, 0.930010923434, 6.28924476518, 0.260609882781, 0.736036837256, 47.4845698108, 3.88495314809, 1.82625526736, 31.4208683726, 0.437681774678, 0.632635253054
0.612175620781, 1.10234020671, 3.31929028528, 0.262037106532, 32.6568207931, 48.6356621057, 3.20733928896, 1.41419435061, 30.0924723813, 0.438614905137, 0.604229607251
0.572990061188, 1.00063125627, 4.11186503734, 0.232357296679, 47.8081838563, 48.692168607, 3.95718727818, 1.71132839371, 29.1284689921, 0.45407280269, 0.523744911805
0.566352894405, 0.950920634753, 3.50787876212, 0.419088837445, 33.0383185843, 42.4906021412, 3.78600839609, 1.58969124376, 36.4405587305, 0.462322778862, 0.385144429161
0.658148534227, 1.14901142588, 2.00351919749, 0.253527269628, 21.0737231186, 45.0928963364, 3.43561161306, 1.21597404514, 31.1449098353, 0.474943823332, 0.384236453202
0.628066516634, 0.877686582149, 3.23783918349, 0.478291362165, 2.51572287181, 40.3757786168, 3.99734441992, 2.10192354454, 27.3554919824, 0.51605041905, 0.102941176471
0.882374074827, 1.14480808554, 3.47758176046, 0.327820690361, 30.3010313926, 48.3784421535, 2.34023191322, 1.9857317372, 22.1011891309, 0.500911016251, 0.244755244755
0.751747804098, 0.835819726511, 6.27296082998, 0.367543413588, 46.3907195454, 45.8998981144, 2.96465553155, 1.14025853419, 33.8278696427, 0.504777514972, 0.228187919463
0.616282869823, 0.873710037654, 2.00351919749, 0.253527269628, 21.0737231186, 45.0928963364, 3.54204593411, 1.21597404514, 31.1449098353, 0.507800909284, 0.172661870504
0.664671750152, 1.02382028729, 6.9242487059, 0.256149425039, 39.8640812453, 46.9092886127, 2.82226728826, 1.86709373109, 23.6000248388, 0.487176959398, 0.369942196532
0.654168710742, 1.14480808554, 3.47758176046, 0.327820690361, 30.3010313926, 48.3784421535, 2.34023191322, 1.9857317372, 22.1011891309, 0.487838863874, 0.325581395349
0.628066516634, 0.877686582149, 3.23783918349, 0.478291362165, 44.1490164727, 43.6622261794, 3.99734441992, 2.10192354454, 27.3554919824, 0.538603866837, 0.00353356890459
0.500159202883, 0.950920634753, 3.50787876212, 0.419088837445, 33.0383185843, 42.4906021412, 3.78600839609, 1.58969124376, 36.4405587305, 0.541035087285, 0.0
0.500759654527, 1.1152569788, 7.05031739299, 0.216731743665, 43.2460183414, 46.1637396807, 2.03321803294, 3.60617165722, 22.1408762651, 0.533741159638, 0.08
0.542522577251, 1.24404075383, 2.69817253138, 0.35482111133, 7.94479952702, 41.1415080453, 3.45625476635, 0.361019032093, 27.8676595264, 0.532828098357, 0.101654846336
0.745824856877, 1.21120310415, 2.42035124267, 0.285538758089, 11.6316897277, 43.903287446, 2.88751599422, 4.66797364237, 39.2288030422, 0.534289570698, 0.0564516129032
0.572990061188, 1.20726711243, 7.40925981042, 0.232357296679, 39.1058137649, 43.6122078439, 3.66237842498, 0.396769703881, 29.1284689921, 0.53562715298, 0.0348027842227
0.658148534227, 1.14901142588, 2.00351919749, 0.253527269628, 21.0737231186, 45.0928963364, 3.43561161306, 1.58969124376, 31.1449098353, 0.449311021726, 0.568571428571
0.636229842993, 1.24859961517, 2.88283619441, 0.34909361387, 24.5986439976, 42.7902505667, 2.26182747144, 1.99565514756, 41.0021263178, 0.438353416718, 0.64406779661
0.884616806178, 0.82642483323, 3.76788257521, 0.230703210205, 47.8081838563, 41.9451563899, 3.09032953731, 1.71132839371, 30.8319734926, 0.459525561983, 0.543010752688
0.723658043851, 0.940349298289, 3.83575752579, 0.292603883115, 42.4740920622, 44.3737827286, 2.3403697902, 1.67890543502, 21.5094634929, 0.458203798759, 0.5559566787
0.560414736342, 0.930010923434, 3.38547108089, 0.398045440275, 4.85853948966, 44.0118910671, 3.36948903637, 1.69818667715, 21.9190133373, 0.463345408122, 0.515931372549
0.637660837678, 1.01316678642, 7.90510451807, 0.478309845864, 28.3906230808, 48.4171763914, 3.07988296107, 1.00582904478, 43.1824711879, 0.466877860483, 0.451572327044
0.5580657082, 0.981644962351, 2.84771286525, 0.230703210205, 48.4456292576, 48.692168607, 3.14640813787, 1.71132839371, 30.8319734926, 0.464652898038, 0.489617486339
0.636229842993, 0.873710037654, 2.62050458799, 0.232279864159, 24.5986439976, 49.7091081651, 2.26182747144, 1.207146044, 41.0021263178, 0.476093358628, 0.432432432432
0.567211317178, 0.954779394371, 4.83312310793, 0.2967274313, 8.9391729645, 45.6571160663, 2.38924104915, 1.68576998429, 28.4633734217, 0.479626944386, 0.402298850575
0.563571804576, 1.1045178569, 5.28645803851, 0.218485954605, 38.9248804561, 44.6661750902, 2.90150202938, 3.48786747032, 40.5921366883, 0.524475101724, 0.106796116505
0.531851959226, 1.14045623761, 3.46261667413, 0.398098324753, 5.2146343461, 42.4117805215, 3.08341241023, 4.71341225285, 29.2978568081, 0.516391827686, 0.117788461538
0.636229842993, 1.14901142588, 2.88283619441, 0.34909361387, 24.5986439976, 42.2640093364, 2.26182747144, 1.207146044, 41.0021263178, 0.506769797833, 0.294117647059
0.883272285001, 0.835819726511, 6.27296082998, 0.367543413588, 46.3907195454, 45.8998981144, 2.96465553155, 1.14025853419, 33.8278696427, 0.514402046383, 0.271604938272
0.503797852032, 1.13706088404, 5.28652713238, 0.270317896499, 42.0202434891, 47.0880768373, 2.28836559182, 3.52067481181, 29.8302571058, 0.501089879183, 0.354330708661
0.632854566255, 1.18592828357, 6.28924476518, 0.423703401999, 22.3265780175, 47.4845698108, 3.75234175213, 1.80088345648, 31.4208683726, 0.488463504677, 0.372126436782
0.637660837678, 1.01316678642, 7.58384368174, 0.478309845864, 28.3906230808, 40.7052074802, 2.52759029531, 1.00582904478, 43.1824711879, 0.541424446998, 0.0
0.541173405466, 0.911455469525, 3.89066026743, 0.448040706914, 42.0522369195, 42.4826365845, 3.98508898308, 3.50983139689, 35.042039498, 0.541351880215, 0.0118577075099
0.541173405466, 0.911455469525, 3.89066026743, 0.448040706914, 42.0522369195, 42.4826365845, 3.98508898308, 3.50983139689, 35.042039498, 0.541300353001, 0.0773195876289
0.536770172398, 1.05908678925, 7.07211076068, 0.42897199696, 13.3319654706, 45.6707544609, 2.84517455764, 4.62846118587, 24.5113091186, 0.537987562484, 0.101851851852
0.723658043851, 0.940349298289, 4.72643544773, 0.292603883115, 42.4740920622, 44.3737827286, 2.82444249908, 1.67890543502, 30.5160355163, 0.449385512521, 0.672897196262
0.535940501291, 1.1407160133, 6.15495636635, 0.480509686186, 23.5298025776, 45.9288626776, 2.5496174097, 1.99565514756, 32.5100263018, 0.557058207424, 0.0
0.881250531905, 0.959372043636, 7.81787169068, 0.320588228416, 37.2347061801, 40.8327730068, 3.5586052691, 1.47181285144, 23.4143731765, 0.476106028191, 0.450391644909
0.567211317178, 0.954779394371, 4.83312310793, 0.2967274313, 8.85018086324, 48.1207846724, 3.56840239392, 1.68576998429, 28.4633734217, 0.528161548729, 0.111650485437
