0.0, 2.0, 1.0, 0.0, 2.0, -1.0, 3.0, 0.0, 0.0, 3.0, 1.0, 3.0, 2.0, -1.0, -1.0, -1.0, 3.0, 1.0, 3.0, 1.0, 3.0, -1.0, 2.0, 0.0, 2.0, 2.0, 0.0, -1.0, 0.0, 0.0, 1.0, -1.0, 0.0, 1.0, 2.0, 0.0, 2.0, 2.0, 3.0, -1.0, 2.0, 2.0, 0.0, 1.0, 0.0, 3.0, 0.0, 2.0, -1.0, 2.0, 574.0, 99417.0
0.0, 2.0, 1.0, 0.0, 2.0, -1.0, 3.0, 0.0, 0.0, 3.0, 1.0, 3.0, 2.0, -1.0, -1.0, -1.0, 3.0, 1.0, 3.0, 1.0, 3.0, -1.0, 2.0, 0.0, 2.0, 2.0, 0.0, -1.0, 0.0, 0.0, 1.0, -1.0, 0.0, 1.0, 2.0, 0.0, 2.0, 2.0, 3.0, -1.0, 2.0, 2.0, 0.0, 1.0, 0.0, 3.0, 0.0, 2.0, -1.0, 2.0, 574.0, 99417.0
2.0, -1.0, 2.0, 1.0, -1.0, 0.0, 0.0, 2.0, 3.0, 2.0, 3.0, 2.0, 3.0, 1.0, 2.0, 1.0, 1.0, 3.0, 0.0, 1.0, 3.0, 0.0, 2.0, 0.0, 1.0, 1.0, 1.0, 1.0, 1.0, -1.0, -1.0, 0.0, 3.0, -1.0, 0.0, 1.0, 3.0, 0.0, 0.0, 0.0, 1.0, 2.0, -1.0, 3.0, -1.0, 0.0, 2.0, 2.0, 1.0, -1.0, 600.0, 99392.0
1.0, 3.0, 0.0, 2.0, 0.0, 2.0, 0.0, 0.0, 3.0, -1.0, 0.0, -1.0, 1.0, 3.0, 0.0, 0.0, 3.0, 0.0, 3.0, 1.0, 1.0, -1.0, 1.0, 3.0, 2.0, 1.0, 2.0, 1.0, 3.0, 2.0, 0.0, 0.0, 2.0, 1.0, 0.0, 1.0, 2.0, 3.0, 3.0, 1.0, 1.0, 2.0, 3.0, 3.0, 3.0, 2.0, 2.0, 2.0, 2.0, 0.0, 676.0, 99337.0
1.0, 3.0, 3.0, 2.0, 0.0, 2.0, 0.0, 0.0, 3.0, -1.0, 0.0, -1.0, 1.0, 3.0, 0.0, 0.0, 3.0, 0.0, 3.0, 1.0, 1.0, -1.0, 1.0, 3.0, 2.0, 1.0, 2.0, 1.0, 3.0, 2.0, 0.0, 0.0, 2.0, 1.0, 0.0, 1.0, 2.0, 3.0, 3.0, 1.0, 1.0, 2.0, 3.0, 3.0, 3.0, 2.0, 2.0, 2.0, 2.0, 0.0, 676.0, 99337.0
1.0, 3.0, 0.0, 2.0, 0.0, 2.0, 0.0, 0.0, 3.0, -1.0, 0.0, -1.0, 1.0, 3.0, 0.0, 0.0, 3.0, 0.0, 3.0, 1.0, 1.0, -1.0, 1.0, 3.0, 2.0, 1.0, 2.0, 1.0, 3.0, 2.0, 0.0, 0.0, 2.0, 1.0, 0.0, 1.0, 2.0, 3.0, 3.0, 1.0, 1.0, 2.0, 3.0, 3.0, 3.0, 2.0, 2.0, 2.0, 2.0, 0.0, 676.0, 99337.0
1.0, 3.0, 3.0, 2.0, 0.0, 2.0, 0.0, 0.0, 3.0, -1.0, 0.0, -1.0, 1.0, 3.0, 0.0, 0.0, 3.0, 0.0, 3.0, 1.0, 1.0, -1.0, 1.0, 3.0, 2.0, 1.0, 2.0, 1.0, 3.0, 2.0, 0.0, 0.0, 2.0, 1.0, 0.0, 1.0, 2.0, 3.0, 3.0, 1.0, 1.0, 2.0, 3.0, 3.0, 3.0, 2.0, 2.0, 2.0, 2.0, 0.0, 676.0, 99337.0
-1.0, 0.0, 0.0, 0.0, -1.0, 1.0, 2.0, 0.0, -1.0, -1.0, 0.0, 2.0, 2.0, 2.0, 1.0, 2.0, 0.0, 2.0, 1.0, 0.0, 3.0, 1.0, -1.0, 1.0, 1.0, 1.0, 1.0, -1.0, 2.0, 2.0, 0.0, -1.0, 3.0, 2.0, -1.0, -1.0, 0.0, 2.0, 3.0, 1.0, -1.0, 1.0, -1.0, 1.0, 2.0, 1.0, 3.0, 2.0, 0.0, -1.0, 531.0, 99462.0
-1.0, 0.0, 0.0, 0.0, -1.0, 1.0, 2.0, 0.0, -1.0, -1.0, 0.0, 2.0, 2.0, 2.0, 1.0, 2.0, 0.0, 2.0, 1.0, 0.0, 3.0, 1.0, -1.0, 1.0, 1.0, 1.0, 1.0, -1.0, 2.0, 2.0, 0.0, -1.0, 3.0, 2.0, -1.0, -1.0, 0.0, 2.0, 3.0, 1.0, -1.0, 1.0, -1.0, 1.0, 2.0, 1.0, 3.0, 2.0, 0.0, -1.0, 531.0, 99462.0
-1.0, 0.0, 0.0, 0.0, -1.0, 1.0, 2.0, 0.0, -1.0, -1.0, 0.0, 2.0, 2.0, 2.0, 1.0, 2.0, 0.0, 2.0, 1.0, 0.0, 3.0, 1.0, -1.0, 1.0, 1.0, 1.0, 1.0, -1.0, 2.0, 2.0, 0.0, -1.0, 3.0, 2.0, -1.0, -1.0, 0.0, 2.0, 3.0, 1.0, -1.0, 1.0, -1.0, 1.0, 2.0, 1.0, 3.0, 2.0, 0.0, -1.0, 531.0, 99462.0
-1.0, 0.0, 0.0, 0.0, -1.0, 1.0, 2.0, 0.0, -1.0, -1.0, 0.0, 2.0, 2.0, 2.0, 1.0, 2.0, 0.0, 2.0, 1.0, 0.0, 3.0, 1.0, -1.0, 1.0, 1.0, 1.0, 1.0, -1.0, 2.0, 2.0, 0.0, -1.0, 3.0, 2.0, -1.0, -1.0, 0.0, 2.0, 3.0, 1.0, -1.0, 1.0, -1.0, 1.0, 2.0, 1.0, 3.0, 2.0, 0.0, -1.0, 531.0, 99462.0
0.0, -1.0, 3.0, 0.0, 2.0, 0.0, 1.0, 2.0, 1.0, 3.0, 2.0, 3.0, 3.0, 2.0, 3.0, -1.0, 0.0, 1.0, 2.0, 3.0, 1.0, 0.0, 3.0, 2.0, -1.0, 1.0, 0.0, 0.0, 1.0, -1.0, 1.0, 3.0, 1.0, 2.0, 1.0, 3.0, 1.0, 1.0, 0.0, 0.0, 2.0, 0.0, 2.0, 1.0, 2.0, 1.0, 0.0, 2.0, 3.0, 0.0, 652.0, 99353.0
0.0, -1.0, 3.0, 0.0, 2.0, 0.0, 1.0, 2.0, 1.0, 3.0, 2.0, 3.0, 3.0, 2.0, 3.0, -1.0, 0.0, 1.0, 2.0, 3.0, 1.0, 0.0, 3.0, 2.0, -1.0, 1.0, 0.0, 0.0, 1.0, -1.0, 1.0, 3.0, 1.0, 2.0, 1.0, 3.0, 1.0, 1.0, 0.0, 0.0, 2.0, 0.0, 2.0, 1.0, 2.0, 1.0, 0.0, 2.0, 3.0, 0.0, 652.0, 99353.0
3.0, 1.0, 0.0, -1.0, -1.0, 3.0, 3.0, 2.0, 2.0, 1.0, 0.0, 1.0, -1.0, 1.0, 2.0, 1.0, 1.0, 0.0, -1.0, 3.0, -1.0, 1.0, 3.0, 2.0, 3.0, 0.0, 1.0, 3.0, 0.0, 2.0, 0.0, 0.0, 1.0, 3.0, 2.0, 2.0, 2.0, 3.0, 0.0, 0.0, 0.0, 0.0, 0.0, 0.0, 1.0, -1.0, 1.0, 1.0, -1.0, 2.0, 616.0, 99381.0
3.0, 1.0, 0.0, -1.0, -1.0, 3.0, 3.0, 2.0, 2.0, 1.0, 0.0, 1.0, -1.0, 1.0, 2.0, 1.0, 1.0, 0.0, -1.0, 3.0, -1.0, 1.0, 3.0, 2.0, 3.0, 0.0, 1.0, 3.0, 0.0, 2.0, 0.0, 0.0, 1.0, 3.0, 2.0, 2.0, 2.0, 3.0, 0.0, 0.0, 0.0, 0.0, 1.0, 2.0, 1.0, -1.0, 1.0, 1.0, -1.0, 2.0, 616.0, 99381.0
3.0, 1.0, 0.0, -1.0, -1.0, 3.0, 3.0, 2.0, 2.0, 1.0, 0.0, 1.0, -1.0, 1.0, 2.0, 1.0, 1.0, 0.0, -1.0, 3.0, -1.0, 1.0, 3.0, 2.0, 3.0, 0.0, 1.0, 3.0, 0.0, 2.0, 0.0, 0.0, 1.0, 3.0, 2.0, 2.0, 2.0, 3.0, 0.0, 0.0, 0.0, 0.0, 0.0, 0.0, 1.0, -1.0, 1.0, 1.0, -1.0, 2.0, 616.0, 99381.0
3.0, 1.0, 0.0, -1.0, -1.0, 3.0, 3.0, 2.0, 2.0, 1.0, 0.0, 1.0, -1.0, 1.0, 2.0, 1.0, 1.0, 0.0, -1.0, 3.0, -1.0, 1.0, 3.0, 2.0, 3.0, 0.0, 1.0, 3.0, 0.0, 2.0, 0.0, 0.0, 1.0, 3.0, 2.0, 2.0, 2.0, 3.0, 0.0, 0.0, 0.0, 0.0, 1.0, 2.0, 1.0, -1.0, 1.0, 1.0, -1.0, 2.0, 616.0, 99381.0
2.0, 2.0, 1.0, 0.0, 0.0, 1.0, 3.0, 2.0, 3.0, 3.0, 2.0, 0.0, -1.0, 3.0, 3.0, 2.0, 2.0, 3.0, 3.0, 2.0, -1.0, 2.0, 0.0, 0.0, 3.0, 1.0, 1.0, 0.0, 2.0, 0.0, 3.0, 0.0, 2.0, 1.0, 0.0, 3.0, 0.0, 2.0, 1.0, -1.0, 1.0, 0.0, -1.0, 3.0, 2.0, 1.0, 1.0, 0.0, 1.0, 0.0, 659.0, 99348.0
2.0, 2.0, 1.0, 0.0, 0.0, 1.0, 3.0, 2.0, 3.0, 3.0, 2.0, 0.0, -1.0, 3.0, 3.0, 2.0, 2.0, 3.0, 3.0, 2.0, -1.0, 2.0, 0.0, 0.0, 3.0, 1.0, 1.0, 0.0, 2.0, 0.0, 3.0, 0.0, 2.0, 1.0, 0.0, 3.0, 0.0, 2.0, 1.0, -1.0, 1.0, 0.0, -1.0, 3.0, 2.0, 1.0, 1.0, 0.0, 1.0, 0.0, 659.0, 99348.0
-1.0, 1.0, 3.0, 1.0, -1.0, 2.0, 3.0, 1.0, 0.0, 2.0, 0.0, 2.0, 2.0, 0.0, 1.0, -1.0, 1.0, 3.0, -1.0, 0.0, 3.0, 2.0, 1.0, 2.0, 2.0, 1.0, 0.0, 0.0, 3.0, 1.0, 3.0, 0.0, 0.0, 2.0, 1.0, -1.0, 2.0, 3.0, 2.0, 0.0, -1.0, 1.0, 1.0, -1.0, 3.0, -1.0, 1.0, 1.0, 0.0, 3.0, 590.0, 99399.0
-1.0, 1.0, 3.0, 1.0, -1.0, 2.0, 3.0, 1.0, 0.0, 2.0, 0.0, 2.0, 2.0, 0.0, 1.0, -1.0, 1.0, 3.0, -1.0, 0.0, 3.0, 2.0, 1.0, 2.0, 2.0, 1.0, 0.0, 0.0, 3.0, 1.0, 3.0, 0.0, 0.0, 2.0, 1.0, -1.0, 2.0, 3.0, 2.0, 0.0, -1.0, 1.0, 1.0, -1.0, 3.0, -1.0, 1.0, 1.0, 0.0, 3.0, 590.0, 99399.0
-1.0, 1.0, 3.0, 1.0, -1.0, 2.0, 3.0, 1.0, 0.0, 2.0, 0.0, 2.0, 2.0, 0.0, 1.0, -1.0, 1.0, 3.0, -1.0, 0.0, 3.0, 2.0, 1.0, 2.0, 2.0, 1.0, 0.0, 0.0, 3.0, 1.0, 3.0, 0.0, 0.0, 2.0, 1.0, -1.0, 2.0, 3.0, 2.0, 0.0, -1.0, 1.0, 1.0, -1.0, 3.0, -1.0, 1.0, 1.0, 0.0, 3.0, 590.0, 99399.0
-1.0, 1.0, 3.0, 1.0, -1.0, 2.0, 3.0, 1.0, 0.0, 2.0, 0.0, 2.0, 2.0, 0.0, 1.0, -1.0, 1.0, 3.0, -1.0, 0.0, 3.0, 2.0, 1.0, 2.0, 2.0, 1.0, 0.0, 0.0, 3.0, 1.0, 3.0, 0.0, 0.0, 2.0, 1.0, -1.0, 2.0, 3.0, 2.0, 0.0, -1.0, 1.0, 1.0, -1.0, 3.0, -1.0, 1.0, 1.0, 0.0, 3.0, 590.0, 99399.0
1.0, 1.0, 0.0, 2.0, -1.0, 3.0, -1.0, -1.0, 3.0, -1.0, 0.0, 2.0, -1.0, 1.0, -1.0, -1.0, -1.0, 2.0, 0.0, 0.0, 1.0, -1.0, 2.0, 0.0, -1.0, 0.0, 0.0, 0.0, 1.0, -1.0, 1.0, 1.0, 1.0, 3.0, 2.0, 0.0, 1.0, 2.0, 3.0, 2.0, -1.0, -1.0, 2.0, 2.0, 2.0, 0.0, 0.0, 1.0, 3.0, -1.0, 518.0, 99483.0
1.0, 1.0, 0.0, 2.0, -1.0, 3.0, -1.0, -1.0, 3.0, -1.0, 0.0, 2.0, -1.0, 1.0, -1.0, -1.0, -1.0, 2.0, 0.0, 0.0, 1.0, -1.0, 2.0, 0.0, -1.0, 0.0, 0.0, 0.0, 1.0, -1.0, 1.0, 1.0, 1.0, 3.0, 2.0, 0.0, 1.0, 2.0, 3.0, 2.0, -1.0, -1.0, 2.0, 2.0, 2.0, 0.0, 0.0, 1.0, 3.0, -1.0, 518.0, 99483.0
1.0, 1.0, 0.0, 2.0, -1.0, 3.0, -1.0, -1.0, 3.0, -1.0, 0.0, 2.0, -1.0, 1.0, -1.0, -1.0, -1.0, 2.0, 0.0, 0.0, 1.0, -1.0, 2.0, 0.0, -1.0, 0.0, 0.0, 0.0, 1.0, -1.0, 1.0, 1.0, 1.0, 3.0, 2.0, 0.0, 1.0, 2.0, 3.0, 2.0, -1.0, -1.0, 2.0, 2.0, 2.0, 0.0, 0.0, 1.0, 3.0, -1.0, 518.0, 99483.0
1.0, 1.0, 0.0, 2.0, -1.0, 3.0, -1.0, -1.0, 3.0, -1.0, 0.0, 2.0, -1.0, 1.0, -1.0, -1.0, -1.0, 2.0, 0.0, 0.0, 1.0, -1.0, 2.0, 0.0, -1.0, 0.0, 0.0, 0.0, 1.0, -1.0, 1.0, 1.0, 1.0, 3.0, 2.0, 0.0, 1.0, 2.0, 3.0, 2.0, -1.0, -1.0, 2.0, 2.0, 2.0, 0.0, 0.0, 1.0, 3.0, -1.0, 518.0, 99483.0
0.0, -1.0, 2.0, 1.0, 2.0, -1.0, -1.0, 1.0, 3.0, 1.0, 2.0, 2.0, 0.0, 2.0, 3.0, 0.0, -1.0, 2.0, 0.0, 1.0, 2.0, 0.0, 2.0, 3.0, 2.0, 0.0, 2.0, -1.0, 0.0, 3.0, 0.0, 3.0, 2.0, 0.0, 2.0, 2.0, 3.0, 3.0, 1.0, 1.0, 1.0, 1.0, 0.0, 1.0, 3.0, -1.0, 1.0, 1.0, 3.0, 0.0, 620.0, 99377.0
0.0, -1.0, 2.0, 1.0, 2.0, -1.0, -1.0, 1.0, 3.0, 1.0, 2.0, 2.0, 0.0, 2.0, 0.0, 0.0, -1.0, 2.0, 0.0, 1.0, 2.0, 0.0, 2.0, 3.0, 2.0, 0.0, 2.0, -1.0, 0.0, 3.0, 0.0, 3.0, 2.0, 0.0, 2.0, 2.0, 3.0, 3.0, 1.0, 1.0, 1.0, 1.0, 0.0, 1.0, 3.0, -1.0, 1.0, 1.0, 3.0, 0.0, 620.0, 99377.0
3.0, 2.0, 1.0, 3.0, -1.0, 3.0, 0.0, 2.0, 2.0, 0.0, 0.0, 3.0, -1.0, 2.0, 3.0, 1.0, 0.0, 2.0, 3.0, 1.0, 2.0, 1.0, 0.0, 1.0, 2.0, 2.0, 1.0, 2.0, 1.0, 1.0, 1.0, 0.0, 2.0, -1.0, -1.0, -1.0, 2.0, 1.0, 1.0, 0.0, 3.0, 1.0, 1.0, 2.0, 2.0, 0.0, 0.0, 3.0, 2.0, 3.0, 638.0, 99363.0
-1.0, 0.0, 2.0, 1.0, 2.0, 3.0, 3.0, 0.0, 3.0, 2.0, 0.0, 0.0, 2.0, 2.0, 2.0, 1.0, 1.0, 1.0, 3.0, 2.0, 1.0, 0.0, 1.0, 0.0, 2.0, 0.0, 0.0, 0.0, 1.0, 0.0, -1.0, 2.0, 3.0, -1.0, 2.0, -1.0, 0.0, 1.0, 1.0, 1.0, 3.0, 1.0, 0.0, 0.0, 2.0, 1.0, 2.0, -1.0, 1.0, 3.0, 638.0, 99363.0
3.0, 2.0, 1.0, 3.0, -1.0, 3.0, 0.0, 2.0, 2.0, 0.0, 0.0, 3.0, -1.0, 2.0, 3.0, 1.0, 0.0, 2.0, 3.0, 1.0, 2.0, 1.0, 0.0, 1.0, 2.0, 2.0, 1.0, 2.0, 1.0, 1.0, 1.0, 0.0, 2.0, -1.0, -1.0, -1.0, 2.0, 1.0, 1.0, 0.0, 3.0, 1.0, 1.0, 2.0, 2.0, 0.0, 0.0, 3.0, 2.0, 3.0, 638.0, 99363.0
-1.0, 0.0, 2.0, 1.0, 2.0, 3.0, 3.0, 0.0, 3.0, 2.0, 0.0, 0.0, 2.0, 2.0, 2.0, 1.0, 1.0, 1.0, 3.0, 2.0, 1.0, 0.0, 1.0, 0.0, 2.0, 0.0, 0.0, 0.0, 1.0, 0.0, -1.0, 2.0, 3.0, -1.0, 2.0, -1.0, 0.0, 1.0, 1.0, 1.0, 3.0, 1.0, 0.0, 2.0, 2.0, 1.0, 2.0, -1.0, 1.0, 3.0, 638.0, 99363.0
0.0, -1.0, 2.0, 1.0, 0.0, 3.0, 0.0, 1.0, 0.0, 0.0, 2.0, 0.0, -1.0, -1.0, 3.0, -1.0, 3.0, -1.0, 2.0, 2.0, 3.0, 2.0, 2.0, 3.0, 2.0, 3.0, 1.0, 1.0, 1.0, 3.0, 1.0, 0.0, 1.0, 0.0, 1.0, 1.0, -1.0, 1.0, 3.0, -1.0, 1.0, 2.0, -1.0, -1.0, 2.0, -1.0, 1.0, 0.0, 0.0, 0.0, 565.0, 99428.0
0.0, -1.0, 2.0, 1.0, 0.0, 3.0, 0.0, 1.0, 0.0, 0.0, 2.0, 0.0, -1.0, -1.0, 3.0, -1.0, 3.0, -1.0, 2.0, 2.0, 3.0, 2.0, 2.0, 3.0, 2.0, 3.0, 1.0, 1.0, 1.0, 3.0, 1.0, 0.0, 1.0, 0.0, 1.0, 1.0, -1.0, 1.0, 3.0, -1.0, 1.0, 2.0, -1.0, -1.0, 2.0, -1.0, 1.0, 0.0, 0.0, 0.0, 565.0, 99428.0
0.0, -1.0, 2.0, 1.0, 0.0, 3.0, 0.0, 1.0, 0.0, 0.0, 2.0, 0.0, -1.0, -1.0, 3.0, -1.0, 3.0, -1.0, 2.0, -1.0, 3.0, 2.0, 1.0, 3.0, 2.0, 3.0, 1.0, 1.0, 1.0, 3.0, 1.0, 0.0, 1.0, 0.0, 1.0, 1.0, -1.0, 1.0, 3.0, -1.0, 1.0, 2.0, -1.0, -1.0, 2.0, -1.0, 1.0, 0.0, 0.0, 0.0, 547.0, 99443.0
0.0, -1.0, 2.0, 1.0, 0.0, 3.0, 0.0, 1.0, 0.0, 0.0, 2.0, 0.0, -1.0, -1.0, 3.0, -1.0, 3.0, -1.0, 2.0, -1.0, 3.0, 2.0, 1.0, 3.0, 2.0, 3.0, 1.0, 1.0, 1.0, 3.0, 1.0, 0.0, 1.0, 0.0, 1.0, 1.0, -1.0, 1.0, 3.0, -1.0, 1.0, 2.0, -1.0, -1.0, 2.0, -1.0, 1.0, 0.0, 0.0, 0.0, 547.0, 99443.0
3.0, 3.0, 0.0, 2.0, 1.0, 1.0, 2.0, 2.0, 1.0, 2.0, 0.0, 3.0, 0.0, 1.0, 3.0, -1.0, 2.0, 3.0, 0.0, -1.0, 0.0, 1.0, -1.0, 0.0, 2.0, 3.0, 1.0, 0.0, 0.0, 0.0, -1.0, 0.0, 0.0, 3.0, 1.0, 2.0, 2.0, 1.0, 0.0, 1.0, 2.0, 0.0, -1.0, 2.0, 3.0, 2.0, 2.0, 3.0, 1.0, 2.0, 630.0, 99366.0
3.0, 1.0, 1.0, 0.0, -1.0, 3.0, -1.0, 3.0, 3.0, 1.0, 2.0, 2.0, 1.0, 0.0, 0.0, 0.0, 2.0, 1.0, 1.0, 1.0, 0.0, 2.0, 3.0, 1.0, 2.0, 0.0, 2.0, 0.0, 0.0, -1.0, -1.0, 1.0, 2.0, 2.0, 1.0, 3.0, 2.0, 0.0, 2.0, 1.0, 0.0, 3.0, 0.0, 1.0, 1.0, 2.0, 2.0, 2.0, 0.0, -1.0, 643.0, 99362.0
3.0, 1.0, 1.0, 0.0, -1.0, 3.0, -1.0, 3.0, 3.0, 1.0, 2.0, 2.0, 1.0, 0.0, 0.0, 0.0, 2.0, 1.0, 1.0, 1.0, 0.0, 2.0, 3.0, 1.0, 2.0, 0.0, 2.0, 0.0, 0.0, -1.0, -1.0, 1.0, 2.0, 2.0, 1.0, 3.0, 2.0, 0.0, 2.0, 1.0, 0.0, 3.0, 0.0, 1.0, 1.0, 2.0, 2.0, 2.0, 0.0, -1.0, 643.0, 99362.0
2.0, 2.0, 2.0, 1.0, 2.0, -1.0, -1.0, 1.0, 1.0, -1.0, -1.0, 3.0, 3.0, 1.0, 3.0, 2.0, -1.0, 1.0, 1.0, 2.0, -1.0, 0.0, 2.0, -1.0, 0.0, -1.0, 2.0, 2.0, 1.0, 0.0, -1.0, 0.0, 0.0, 3.0, 2.0, -1.0, 2.0, 1.0, -1.0, 0.0, 1.0, 1.0, -1.0, -1.0, 0.0, 1.0, -1.0, 0.0, 0.0, 2.0, 518.0, 99491.0
2.0, 2.0, 2.0, 1.0, 2.0, -1.0, -1.0, 1.0, 1.0, -1.0, -1.0, 3.0, 3.0, 1.0, 3.0, 2.0, -1.0, 1.0, 1.0, 2.0, -1.0, 0.0, 2.0, -1.0, 0.0, -1.0, 2.0, 2.0, 1.0, 0.0, -1.0, 0.0, 0.0, 3.0, 2.0, -1.0, 2.0, 1.0, -1.0, 0.0, 1.0, 1.0, -1.0, -1.0, 0.0, 1.0, -1.0, 0.0, 0.0, 2.0, 518.0, 99491.0
-1.0, 2.0, 0.0, 3.0, 1.0, 1.0, 0.0, 0.0, 0.0, 0.0, 3.0, -1.0, -1.0, 2.0, 0.0, -1.0, 1.0, 2.0, 1.0, 0.0, 3.0, 3.0, 3.0, 2.0, 2.0, 0.0, 0.0, 1.0, 0.0, 1.0, 0.0, -1.0, 2.0, -1.0, 1.0, 0.0, 1.0, 2.0, 2.0, 1.0, 2.0, -1.0, 2.0, 1.0, 2.0, -1.0, 2.0, 3.0, 2.0, -1.0, 575.0, 99413.0
-1.0, 2.0, 0.0, 3.0, 3.0, 1.0, 0.0, 0.0, 0.0, 0.0, 3.0, -1.0, -1.0, 2.0, 0.0, -1.0, 1.0, 2.0, 1.0, 0.0, 3.0, 3.0, 3.0, 2.0, 2.0, 0.0, 0.0, 1.0, 0.0, 1.0, 0.0, -1.0, 2.0, -1.0, 1.0, 0.0, 1.0, 2.0, 2.0, 1.0, 2.0, 0.0, 2.0, 1.0, 2.0, -1.0, 2.0, 3.0, 2.0, -1.0, 591.0, 99402.0
0.0, 2.0, 0.0, 3.0, 2.0, 2.0, 0.0, 1.0, -1.0, 2.0, 1.0, 2.0, 0.0, 1.0, 0.0, 0.0, 0.0, 0.0, 1.0, 1.0, -1.0, -1.0, -1.0, -1.0, 2.0, -1.0, 3.0, -1.0, 2.0, 1.0, -1.0, 0.0, -1.0, 1.0, -1.0, 3.0, 0.0, 1.0, 0.0, 2.0, 1.0, -1.0, 2.0, 0.0, 1.0, 2.0, 1.0, 0.0, 2.0, -1.0, 538.0, 99463.0
0.0, 2.0, 0.0, 3.0, 1.0, 2.0, 0.0, 1.0, -1.0, 2.0, 1.0, 2.0, 0.0, 1.0, 0.0, 0.0, 0.0, 0.0, 1.0, 1.0, -1.0, -1.0, -1.0, -1.0, 2.0, -1.0, 3.0, -1.0, 2.0, 1.0, -1.0, 0.0, -1.0, 1.0, -1.0, 3.0, 0.0, 1.0, 0.0, 2.0, 1.0, -1.0, 2.0, 0.0, 1.0, 2.0, 1.0, 0.0, 2.0, -1.0, 538.0, 99463.0
1.0, 0.0, -1.0, -1.0, -1.0, 0.0, 2.0, 2.0, 0.0, 2.0, 1.0, 0.0, 2.0, 1.0, 0.0, -1.0, 0.0, 2.0, 0.0, 3.0, -1.0, 3.0, 0.0, 1.0, -1.0, 0.0, 0.0, 1.0, 3.0, -1.0, 3.0, 1.0, 2.0, 0.0, -1.0, 0.0, 1.0, 2.0, 1.0, 2.0, -1.0, 1.0, 3.0, 2.0, -1.0, 1.0, 2.0, 3.0, -1.0, 3.0, 561.0, 99447.0
-1.0, 3.0, 2.0, 3.0, 3.0, 3.0, 1.0, -1.0, 0.0, 2.0, 2.0, 1.0, 0.0, 0.0, -1.0, 2.0, 2.0, 1.0, 1.0, 1.0, 0.0, -1.0, 2.0, 2.0, 1.0, 3.0, 1.0, -1.0, 0.0, 0.0, 2.0, 3.0, 0.0, -1.0, 2.0, -1.0, 2.0, 2.0, 3.0, 0.0, -1.0, -1.0, -1.0, 2.0, 0.0, 0.0, -1.0, 3.0, 2.0, 0.0, 548.0, 99450.0
2.0, 0.0, 1.0, -1.0, 3.0, 2.0, 2.0, 0.0, 2.0, 0.0, 0.0, 3.0, -1.0, 0.0, 2.0, -1.0, 0.0, 0.0, 2.0, 1.0, 2.0, 1.0, 1.0, -1.0, 0.0, 3.0, 0.0, -1.0, 1.0, 3.0, 3.0, 2.0, 1.0, 2.0, -1.0, 0.0, 2.0, 0.0, 3.0, -1.0, 2.0, 0.0, 2.0, 3.0, 1.0, 1.0, 1.0, 1.0, -1.0, -1.0, 573.0, 99433.0
-1.0, 0.0, 0.0, 1.0, 2.0, 2.0, 1.0, 1.0, 2.0, 0.0, 2.0, 0.0, -1.0, 1.0, 3.0, 2.0, 2.0, 2.0, 0.0, -1.0, 1.0, 3.0, 1.0, 0.0, -1.0, -1.0, 1.0, -1.0, -1.0, 0.0, 1.0, 0.0, 2.0, 2.0, 3.0, 2.0, 3.0, 0.0, 0.0, -1.0, 0.0, 1.0, 0.0, 1.0, -1.0, 1.0, 1.0, 2.0, 1.0, -1.0, 569.0, 99444.0
2.0, 2.0, 1.0, 0.0, 0.0, 1.0, 3.0, 2.0, 3.0, 3.0, 2.0, 0.0, -1.0, 3.0, 3.0, 2.0, 2.0, 3.0, 3.0, 2.0, -1.0, 2.0, 0.0, -1.0, 3.0, 1.0, 1.0, 0.0, 2.0, 0.0, 3.0, 0.0, 2.0, 1.0, 0.0, 3.0, 0.0, 2.0, 1.0, -1.0, 1.0, 0.0, -1.0, 3.0, 2.0, 1.0, 1.0, 0.0, 1.0, 0.0, 643.0, 99365.0
-1.0, 1.0, 1.0, 1.0, 2.0, 0.0, 2.0, 1.0, 1.0, 2.0, 0.0, -1.0, 3.0, 0.0, 2.0, 1.0, 1.0, 0.0, 1.0, 0.0, 0.0, 2.0, 2.0, 1.0, 2.0, 3.0, 2.0, 3.0, 2.0, 2.0, 0.0, 3.0, -1.0, 2.0, 3.0, 0.0, 0.0, 3.0, 0.0, 1.0, 3.0, 3.0, 0.0, 2.0, 1.0, 3.0, 0.0, -1.0, 1.0, 1.0, 658.0, 99361.0
2.0, -1.0, 2.0, 1.0, -1.0, 0.0, 0.0, 2.0, 3.0, 2.0, 3.0, 2.0, 3.0, 1.0, 2.0, 1.0, 1.0, 3.0, 0.0, 1.0, 3.0, 0.0, 2.0, 0.0, 1.0, 1.0, 1.0, 1.0, 1.0, -1.0, 3.0, 0.0, 3.0, -1.0, 0.0, 1.0, 3.0, 0.0, 0.0, 0.0, 1.0, 2.0, -1.0, 3.0, -1.0, 0.0, 2.0, 2.0, 1.0, -1.0, 619.0, 99381.0
2.0, 0.0, 1.0, -1.0, 3.0, 2.0, 2.0, 0.0, 2.0, 0.0, 0.0, 3.0, -1.0, 0.0, 2.0, -1.0, 0.0, 0.0, 2.0, 1.0, 2.0, 1.0, 1.0, -1.0, 0.0, 3.0, 0.0, -1.0, 1.0, 3.0, 3.0, 2.0, 1.0, 2.0, -1.0, 0.0, 2.0, 0.0, 3.0, -1.0, 2.0, 0.0, 2.0, 3.0, 1.0, 1.0, 1.0, 1.0, -1.0, -1.0, 573.0, 99433.0
-1.0, 3.0, 2.0, 3.0, 3.0, 3.0, 1.0, -1.0, 0.0, 2.0, 2.0, 1.0, 0.0, 0.0, -1.0, 2.0, 2.0, 1.0, 1.0, 1.0, 0.0, -1.0, 2.0, 2.0, 1.0, 3.0, 1.0, -1.0, 0.0, 0.0, 2.0, 3.0, 0.0, -1.0, 2.0, -1.0, 2.0, 2.0, 3.0, 0.0, -1.0, -1.0, -1.0, 2.0, 0.0, 0.0, -1.0, 3.0, 2.0, 0.0, 548.0, 99450.0
2.0, -1.0, 2.0, 1.0, -1.0, 0.0, 0.0, 2.0, 3.0, 2.0, 3.0, 2.0, 3.0, 1.0, 2.0, 1.0, 1.0, 3.0, 0.0, 1.0, 3.0, 0.0, 2.0, 0.0, 1.0, 1.0, 1.0, 1.0, 1.0, -1.0, 3.0, 0.0, 3.0, -1.0, 0.0, 1.0, 3.0, 0.0, 0.0, 0.0, 1.0, 2.0, -1.0, 3.0, -1.0, 0.0, 2.0, 2.0, 1.0, -1.0, 619.0, 99381.0
0.0, -1.0, 2.0, 1.0, 2.0, -1.0, -1.0, 1.0, 3.0, 1.0, 2.0, 2.0, 0.0, 2.0, 3.0, 0.0, -1.0, 2.0, 0.0, 1.0, 2.0, 0.0, 2.0, 3.0, 2.0, 0.0, 2.0, -1.0, 0.0, 0.0, 0.0, 3.0, 2.0, 0.0, 2.0, 2.0, 3.0, 3.0, 1.0, 1.0, 1.0, 1.0, 0.0, 1.0, 3.0, 1.0, 1.0, 1.0, 3.0, 0.0, 636.0, 99372.0
2.0, 2.0, 1.0, 0.0, 0.0, 1.0, 3.0, 2.0, 3.0, 3.0, 2.0, 0.0, -1.0, 3.0, 3.0, 2.0, 2.0, 3.0, 3.0, 2.0, -1.0, 2.0, 0.0, -1.0, 3.0, 1.0, 1.0, 0.0, 2.0, 0.0, 3.0, 0.0, 2.0, 1.0, 0.0, 3.0, 0.0, 2.0, 1.0, -1.0, 1.0, 0.0, -1.0, 3.0, 2.0, 1.0, 1.0, 0.0, 1.0, 0.0, 643.0, 99365.0
1.0, 0.0, 1.0, 0.0, 2.0, -1.0, 3.0, 0.0, 3.0, 3.0, 2.0, 1.0, 1.0, 1.0, 2.0, 1.0, -1.0, 3.0, 1.0, 2.0, 0.0, 2.0, -1.0, 1.0, 0.0, 3.0, 0.0, 3.0, 3.0, 0.0, 3.0, -1.0, 2.0, 1.0, 0.0, 2.0, 1.0, 0.0, 0.0, 2.0, 0.0, 1.0, -1.0, 0.0, 1.0, 1.0, 0.0, 0.0, 2.0, 2.0, 637.0, 99367.0
-1.0, 0.0, 2.0, 1.0, 2.0, 2.0, 1.0, 1.0, 2.0, 0.0, 2.0, 0.0, -1.0, 1.0, 3.0, 2.0, 2.0, 2.0, 0.0, -1.0, 1.0, 3.0, 1.0, 0.0, -1.0, -1.0, 1.0, -1.0, -1.0, 0.0, 1.0, 0.0, 2.0, 2.0, 3.0, 2.0, 3.0, 0.0, 0.0, -1.0, 0.0, 1.0, 0.0, 1.0, -1.0, 1.0, 1.0, 2.0, 1.0, -1.0, 569.0, 99444.0
0.0, 1.0, 1.0, 0.0, 2.0, 2.0, 0.0, 0.0, 1.0, 2.0, 3.0, 2.0, 0.0, 2.0, 3.0, 2.0, -1.0, -1.0, 3.0, 2.0, -1.0, -1.0, 1.0, 0.0, 3.0, 0.0, 2.0, 0.0, 1.0, 1.0, 1.0, 3.0, 0.0, 1.0, 2.0, 0.0, 1.0, 3.0, 2.0, -1.0, 3.0, 2.0, 1.0, 2.0, 1.0, 2.0, 0.0, 3.0, -1.0, 3.0, 632.0, 99373.0
2.0, 0.0, 1.0, 3.0, 1.0, 3.0, 2.0, 3.0, 0.0, 3.0, 3.0, 3.0, -1.0, -1.0, 3.0, 3.0, 1.0, 3.0, 1.0, 1.0, 1.0, -1.0, 1.0, 0.0, -1.0, 0.0, 0.0, 2.0, 3.0, 2.0, 2.0, -1.0, 3.0, 1.0, 0.0, 0.0, 1.0, 3.0, 2.0, 1.0, 2.0, 2.0, 2.0, 3.0, 1.0, 1.0, 0.0, 1.0, 2.0, 0.0, 639.0, 99366.0
2.0, 0.0, 1.0, 3.0, 1.0, 3.0, 2.0, 3.0, 0.0, 3.0, 3.0, 3.0, -1.0, -1.0, 3.0, 3.0, 1.0, 3.0, 1.0, 1.0, 1.0, -1.0, 1.0, 0.0, -1.0, 0.0, 0.0, 2.0, 3.0, 2.0, 2.0, -1.0, 3.0, 1.0, 0.0, 0.0, 1.0, 3.0, 2.0, 1.0, 2.0, 2.0, 2.0, 3.0, 1.0, 1.0, 0.0, 1.0, 2.0, 0.0, 639.0, 99366.0
0.0, 1.0, 1.0, 0.0, 2.0, 2.0, 0.0, 0.0, 1.0, 2.0, 3.0, 2.0, 0.0, 2.0, 3.0, 2.0, -1.0, -1.0, 3.0, 1.0, -1.0, -1.0, 1.0, 0.0, 3.0, 0.0, 2.0, 0.0, 1.0, 1.0, 1.0, 3.0, 0.0, 1.0, 2.0, 0.0, 1.0, 3.0, 2.0, -1.0, 3.0, 2.0, 1.0, 2.0, 1.0, 2.0, 0.0, 3.0, -1.0, 3.0, 632.0, 99373.0
0.0, -1.0, 2.0, 1.0, 2.0, -1.0, -1.0, 1.0, 3.0, 1.0, 2.0, 2.0, 0.0, 2.0, 3.0, 0.0, -1.0, 2.0, 0.0, 1.0, 2.0, 0.0, 2.0, 3.0, 2.0, 0.0, 2.0, -1.0, 0.0, 0.0, 0.0, 3.0, 2.0, 0.0, 2.0, 2.0, 3.0, 3.0, 1.0, 1.0, 1.0, 1.0, 0.0, 1.0, 3.0, 1.0, 1.0, 1.0, 3.0, 0.0, 636.0, 99372.0
1.0, 0.0, 1.0, 0.0, 2.0, -1.0, 3.0, 0.0, 3.0, 3.0, 2.0, 1.0, 1.0, 1.0, 2.0, 1.0, -1.0, 3.0, 1.0, 2.0, 0.0, 2.0, -1.0, 1.0, 0.0, 3.0, 0.0, 3.0, 3.0, 0.0, 3.0, -1.0, 2.0, 1.0, 0.0, 2.0, 1.0, 0.0, 0.0, 2.0, 0.0, 1.0, -1.0, 0.0, 1.0, 1.0, 0.0, 0.0, 2.0, 2.0, 637.0, 99367.0
