4.70509783524, 1.30034258735, 0.77243462395, 1.0666024199, 6.60209654532, 0.981456734264, 2.087704277, 1.05627091118, 0.967610468499, 3.5367730309, 5.97043780011, 0.899722292131, 4.79645829045, 1.09165803798, 1.09000063029, 1.00748104993, 1.03966636973, 1.19779557597, 6.29266179287, 1.09740738597, 0.80060278848, 191.369869068, 1.16026176875, 5.60956697653, 0.991722178013, 1.72577549702, 0.900164739038, 22.5834127535, 1.07238605898
4.70509783524, 1.30034258735, 0.77243462395, 1.0666024199, 6.93061572991, 0.969261761979, 3.04439053507, 1.05627091118, 0.967610468499, 3.5367730309, 5.97043780011, 1.05439732457, 2.27642246221, 1.09165803798, 1.09000063029, 1.00748104993, 1.03966636973, 1.19779557597, 6.29266179287, 1.09740738597, 0.780561394171, 191.369869068, 1.16912709032, 5.74080551185, 0.991722178013, 3.37787665337, 0.89549953376, 50.2638083954, 0.0
4.5075997096, 1.32117039005, 0.737713809073, 0.820547811401, 5.72890906545, 0.821422426474, 4.68309980576, 1.03797954031, 0.99538734406, 1.93562838901, 4.18348758825, 0.987185178598, 4.32337455886, 1.20482298818, 1.09000099094, 1.02464869155, 1.03681894117, 1.15569754215, 6.21283531689, 1.01675398004, 0.834603846484, 73.8470252223, 1.04930188176, 1.00524308205, 1.16469995134, 3.61930395111, 0.985655762092, 49.4398301482, 1.87667560322
5.36985137253, 1.29982223191, 1.09013444981, 1.03055537535, 2.44846043577, 0.844173970156, 2.86674951713, 1.0160782349, 0.9025588983, 2.06280100498, 5.28271108484, 0.945390406031, 3.35194302702, 1.20183892649, 1.09000008256, 1.02476518039, 1.01380050828, 0.909696210751, 7.97178548472, 0.939345408608, 0.851478330098, 63.1622909772, 1.11970866423, 1.78108918056, 1.09078550345, 2.47698921003, 1.20304103362, 51.5495010618, 1.60857908847
4.72545384658, 1.36113650935, 0.841241700881, 0.856516010658, 1.60364192615, 0.83243428342, 1.11605094569, 0.967390030655, 0.982301479664, 2.8660298296, 2.82866267898, 0.928149963007, 3.32887933292, 0.826323629354, 1.09000038692, 1.09393657782, 1.01580865537, 0.815404288145, 9.40668064699, 1.09645618192, 0.761193849471, 254.74545394, 1.10718995381, 1.36028612799, 1.07483173457, 4.78383911657, 0.959230709521, 224.562226982, 0.0
2.41328654599, 1.04662245075, 0.759233143064, 0.931094694158, 2.9918658609, 0.717041640622, 3.90419306874, 1.08472880974, 0.965109823359, 3.5439325547, 7.03068817352, 0.894190613718, 1.32740987632, 1.00770017421, 1.09000054768, 1.06334104193, 1.04563451527, 0.85014358102, 5.18341917766, 1.10866450187, 0.977952797311, 391.082328444, 1.13210471849, 1.46404614492, 1.05873944777, 2.54248619827, 0.940636555416, 172.313168517, 0.268096514745
4.37141242785, 1.13121556346, 1.10701302951, 1.16082153253, 3.15528197121, 0.876353988242, 2.71883040259, 0.834835706577, 0.933224668319, 4.89587192798, 3.36724855891, 0.978075056885, 3.10666474736, 0.920291118094, 1.09000058656, 1.03790802191, 1.0123188529, 1.17069328183, 9.3211607791, 1.0538725842, 0.779871740283, 258.063392231, 1.09062977504, 5.5978971463, 1.22031951591, 2.30112237992, 0.952658316527, 153.916219371, 2.14477211796
4.0916030821, 1.03467923492, 1.08774760941, 1.19154105367, 5.90472588174, 0.71922810933, 5.27350145674, 1.01656718407, 0.99538734406, 3.7255528836, 2.27769732711, 1.06578169757, 2.71211066492, 0.922890323248, 1.09000023526, 1.03010198638, 1.04835143924, 1.13506956117, 7.1465679025, 0.976328493085, 0.76599786686, 301.04334016, 0.914943942059, 3.33190476648, 1.06418512668, 4.25677341809, 0.997779454664, 123.441636678, 2.41286863271
3.86232620465, 1.13235207784, 0.780289084495, 1.08225105777, 6.6933323149, 0.7776476647, 1.38469572744, 1.08842970177, 0.951712564621, 4.91922808999, 5.80463089757, 0.938270050928, 2.90180168892, 1.00995768467, 1.09000002619, 1.04440640948, 1.04357966219, 0.986263250471, 8.23710452588, 1.06144283385, 0.964386789726, 74.7530079948, 1.07857688515, 3.89482368666, 1.00284962384, 2.46069990602, 1.18062631175, 80.3778936598, 3.75335120643
2.02166521879, 1.40987440609, 0.739390452632, 0.963649097728, 5.88552235158, 0.840740421001, 4.47513931077, 0.891580454439, 0.936149258678, 6.05579447478, 1.75743349182, 0.927246958667, 2.09446355357, 0.846847865512, 1.09000024892, 1.06909648092, 1.03687559794, 1.09988789647, 7.14999782177, 0.974420072228, 0.862842181025, 115.115687226, 0.975705183735, 5.80514999968, 1.132297046, 4.8651172469, 1.14596384547, 365.07651581, 0.0
3.0791949575, 1.37154293699, 0.76789345189, 0.91667091308, 3.11500771743, 0.860590598427, 3.11395401015, 1.04898837266, 0.902308310967, 3.77025194564, 7.76515971648, 0.963655156204, 1.16780203849, 0.992036577323, 1.0900005196, 1.05229598505, 1.03990567791, 1.12717479911, 7.46577765231, 1.06177396876, 0.880879687566, 111.454257992, 1.15099692642, 1.98073268065, 1.19319174114, 4.8057057207, 0.992785836973, 190.08675185, 0.268096514745
4.71820937845, 1.1796979205, 0.950226800352, 0.819222520963, 3.50642465175, 0.888194893328, 3.79195564371, 1.04955648417, 0.965282369524, 2.27170294771, 2.76851661361, 0.912049930606, 1.61413933195, 0.923578606252, 1.0900009622, 1.07467188189, 1.04781314713, 0.924063625611, 3.37844161325, 1.14351861744, 0.962963747621, 142.968766047, 0.981236421387, 1.20491818631, 1.14428409934, 2.11458249205, 1.20578102808, 173.658930678, 0.536193029491
2.24121621018, 1.27452439119, 1.15898868404, 0.883714515761, 1.77104963798, 0.799317142036, 5.495870618, 1.09936766772, 0.996044654483, 2.08696633644, 5.95079345614, 0.962779007697, 4.57482791082, 0.912946414643, 1.09000008327, 1.00433104097, 1.03127664195, 1.20446986623, 7.2627176543, 0.939345408608, 0.919105632209, 89.169280519, 1.08436264435, 4.1186001331, 1.16421695656, 3.68031328482, 1.26529438283, 156.4242032, 2.41286863271
3.34524465269, 1.09257070033, 0.789121538792, 1.02995544725, 6.93061572991, 0.926462008703, 5.03429333786, 0.906558469931, 0.981474423551, 2.02080248166, 5.52354467582, 0.898102247225, 5.02146150539, 0.993407059823, 1.0900005995, 1.08953313954, 1.03620017086, 1.06848481618, 9.74142434726, 1.06514885474, 0.799275820146, 59.1297058664, 1.12785786622, 4.62071429773, 0.964387565395, 3.6906514948, 1.08535815723, 653.059157975, 0.0
5.62570734744, 1.07448496227, 1.12943728475, 1.20425876065, 6.8088281083, 0.855498327063, 1.46103726599, 0.990198141394, 0.936203707661, 3.1887043598, 5.48540835779, 1.02786532094, 1.16794028856, 0.975116427231, 1.09000079794, 1.07361413849, 1.04835458993, 0.939345219425, 6.69476691126, 0.930447521014, 0.926849998101, 305.305294309, 1.18655886433, 4.43619335186, 0.956363991364, 4.51088588834, 0.912971895023, 436.928529132, 0.268096514745
3.42061390672, 1.18522481104, 1.11098295665, 0.885785126816, 2.64379264607, 0.714624884807, 5.31842568731, 0.837093954666, 0.90585668979, 5.89091192747, 4.82506661429, 0.983619090337, 3.79284256966, 1.10906144671, 1.09000007196, 1.04227444457, 1.0025002928, 1.21870061761, 5.90637803356, 1.18585231312, 0.927858404609, 193.939238201, 1.04601058591, 2.70617323572, 1.07040117682, 3.9913743864, 0.984918726079, 183.640737878, 0.804289544236
2.24121621018, 1.27452439119, 1.06185668597, 1.00447494158, 1.77104963798, 0.799317142036, 5.83169735211, 1.09936766772, 0.996044654483, 2.08696633644, 5.95079345614, 0.853584590525, 4.05264086397, 0.934293363577, 1.09000046296, 1.05295906735, 1.00307602431, 1.20446986623, 6.64311497742, 1.0767027866, 0.966521966516, 89.169280519, 1.08436264435, 4.1186001331, 1.16421695656, 3.68031328482, 0.937148483875, 399.130454215, 0.536193029491
3.42061390672, 1.18522481104, 1.11098295665, 0.885785126816, 2.64379264607, 0.714624884807, 5.31842568731, 0.837093954666, 0.90585668979, 5.89091192747, 4.23289936372, 0.983619090337, 4.40495464626, 1.10906144671, 1.09000007196, 1.04227444457, 1.0025002928, 1.21870061761, 5.90637803356, 1.18325591901, 0.927858404609, 193.939238201, 1.04601058591, 2.70617323572, 1.07040117682, 3.9913743864, 0.984918726079, 1079.18693278, 0.0
1.86545125022, 1.14478428612, 0.863368512267, 1.01001738172, 4.68151899293, 0.847642695881, 1.04057543214, 1.07051064664, 0.907712982482, 4.46282774049, 7.46542196624, 0.963005162491, 1.86722311269, 0.879655313736, 1.09000014083, 1.05817962788, 1.00848845286, 1.00512875691, 3.63795203934, 0.977533244984, 0.895592378148, 69.3481140122, 0.987940700726, 4.03285680898, 0.967937842907, 2.64030970412, 1.10979831639, 658.156533145, 0.268096514745
5.87438886007, 1.26179270533, 1.13112742868, 0.867197985287, 6.8564749646, 0.737092867785, 5.30885136116, 0.856235072581, 0.91789414183, 3.23196852763, 5.98671116088, 0.960921938185, 2.64153767685, 1.04461402096, 1.09000006056, 1.07664212885, 1.03506936222, 0.834537466741, 8.211887997, 1.15912657547, 0.931641173502, 168.606669034, 0.958184268861, 5.91517413851, 1.14060098025, 2.38777649071, 1.28550785581, 199.667259651, 4.55764075067
4.88520932454, 1.42273208109, 1.12569612051, 1.00079916538, 2.77408550993, 0.720527491464, 1.28932859397, 1.05635926081, 0.980477898799, 3.62533684026, 2.61448897557, 1.06437998287, 3.00701149889, 1.05839412168, 1.0900006648, 1.00225676884, 1.04441502097, 1.0920075775, 4.54475552932, 1.02809519743, 0.943801014173, 172.120962885, 1.16076364175, 1.42397725778, 0.998737400589, 4.2192497898, 1.21026841722, 224.189689873, 1.07238605898
4.46029432061, 1.24681627812, 0.841283849914, 1.15180825107, 5.49617167055, 0.865415922378, 2.78511271785, 1.05719715101, 0.973241995777, 5.55482038542, 4.61565348309, 1.08555004034, 4.54893538854, 1.09823371816, 1.09000089375, 1.06351237567, 1.00463410995, 0.880754836165, 4.33464751493, 1.07373336178, 0.999697973628, 143.014828909, 1.05416026396, 1.58725366375, 1.12257915842, 3.25974516001, 1.08542471192, 529.115602445, 0.536193029491
1.31650490566, 1.08648260512, 0.909022849206, 0.83167661642, 6.36646156454, 0.824317570741, 5.12179134927, 0.889173491112, 0.912867558749, 3.33016453107, 4.56001736948, 0.814445173769, 2.0100578703, 1.09448489169, 1.09000071867, 1.04224225733, 1.02357280255, 1.15219396563, 3.41773029936, 0.919430740772, 0.996997301579, 98.801848814, 0.939120599317, 2.68422100882, 1.20600195448, 4.5573562178, 1.03722689936, 1965.0702517, 0.0
1.47230285191, 1.07392655991, 1.15623906126, 1.18611546263, 2.76985162217, 0.777317104893, 1.27067270064, 0.909598749947, 0.905692997649, 4.93113087875, 6.98523456412, 0.884232752739, 3.79284256966, 1.0755626734, 1.09000054086, 1.02464869155, 1.04280182189, 1.13044184158, 5.61888082884, 1.03875641732, 0.933940329607, 293.958198551, 1.115074886, 4.99437397774, 1.0857844955, 1.10642553155, 1.16544173174, 985.479575629, 0.268096514745
1.05533499334, 1.00941719014, 0.926786966858, 1.09892608353, 5.15325621318, 0.775460081364, 1.86813106881, 0.834023803587, 0.966727952084, 5.98979454372, 5.08937660668, 1.09693038752, 3.90480992121, 0.835552396166, 1.09000036878, 1.05478148139, 1.00110484078, 0.997680963734, 3.2924519813, 1.06754984791, 0.928118432378, 364.407552549, 0.923513583474, 4.05255307278, 0.974214383414, 1.82135856009, 1.23884371033, 234.455191935, 1.34048257373
4.0916030821, 1.03467923492, 1.03098342994, 1.19154105367, 5.90472588174, 0.71922810933, 5.27350145674, 1.01656718407, 0.939935224757, 3.7255528836, 2.27769732711, 1.06578169757, 2.30153458474, 0.922890323248, 1.09000023526, 1.03010198638, 1.00576506875, 1.13506956117, 7.1465679025, 0.976328493085, 0.76599786686, 301.04334016, 0.914943942059, 3.33190476648, 1.06418512668, 4.25677341809, 0.997779454664, 300.821928655, 1.07238605898
5.54661710438, 1.1428745059, 1.04956450539, 0.980096583083, 1.92627672295, 0.750968004863, 4.21816468453, 1.03553310864, 0.958901015234, 5.09362492713, 5.65091870853, 1.01379356779, 3.13146848969, 1.05839412168, 1.09000023466, 1.05160715004, 1.00897362352, 1.22202167959, 8.46102898115, 1.07251756952, 0.950542456883, 362.335457556, 1.02529987634, 1.97951130409, 1.20569375098, 3.15025292025, 0.870220743277, 229.797793977, 2.68096514745
4.88520932454, 1.42273208109, 1.12569612051, 1.00079916538, 2.77408550993, 0.761766739756, 1.28932859397, 1.05635926081, 0.980477898799, 3.62533684026, 2.61448897557, 1.06437998287, 3.00701149889, 1.09405520203, 1.0900006648, 1.00225676884, 1.04441502097, 1.0920075775, 4.54475552932, 1.02809519743, 0.943801014173, 172.120962885, 1.16076364175, 1.42397725778, 0.998737400589, 4.2192497898, 1.21026841722, 562.720365507, 0.536193029491
4.5075997096, 1.32117039005, 0.737713809073, 0.820547811401, 5.72890906545, 0.821422426474, 4.68309980576, 1.03797954031, 0.99538734406, 1.93562838901, 4.18348758825, 0.987185178598, 2.76250798958, 1.20482298818, 1.09000099094, 1.01362093251, 1.03681894117, 1.15569754215, 6.21283531689, 1.01675398004, 0.834603846484, 73.8470252223, 1.04930188176, 1.03987751539, 1.16469995134, 3.61930395111, 1.0019791868, 533.652461518, 0.804289544236
3.79453504293, 1.14478428612, 1.14941153421, 0.949786387191, 6.57525366405, 0.792182244402, 1.04057543214, 0.986890636756, 0.95551475225, 6.10713857521, 7.5647673553, 1.06148570587, 1.71880113134, 0.888305279942, 1.09000097937, 1.0480506728, 1.03487162021, 1.06004263982, 8.84060711829, 0.983829332409, 0.979898770257, 172.120962885, 1.01692741739, 1.81796724884, 1.0672187527, 2.42414309975, 0.906665144621, 3061.21316898, 0.0
4.21870842067, 1.23182006508, 1.1339497682, 1.10283603995, 6.09941243857, 0.92148715319, 2.80331140317, 1.03939031604, 0.911052223722, 3.49612575057, 1.75743349182, 1.0736489425, 4.87288467785, 1.22862006538, 1.09000059068, 1.00205214069, 1.04384525161, 0.858400179031, 7.33068920439, 1.13689558512, 0.94507494797, 72.0124847804, 1.0840045314, 2.59892297922, 1.07205317826, 3.8495278054, 1.04264492461, 1790.77701391, 0.268096514745
5.19872431443, 1.15758358801, 1.13132144621, 0.870070364615, 5.39024279866, 0.886539338699, 3.51540901053, 0.829492140474, 0.978377463384, 2.50780956905, 5.09703705072, 1.08725754878, 3.40370482796, 1.08496721842, 1.0900000124, 1.05478148139, 1.04378441957, 1.13854857312, 6.36651303791, 1.09812060573, 0.95771342788, 254.407402753, 0.955345199705, 5.38306755145, 0.970041946244, 1.84020445891, 1.06027322377, 283.846786896, 1.60857908847
1.97919010724, 1.08648260512, 1.00710272911, 0.843249984096, 6.05313368196, 0.921922974633, 5.12179134927, 0.893728541464, 0.912867558749, 3.33016453107, 1.75737475651, 0.814445173769, 3.64255679497, 1.09448489169, 1.09000071867, 1.04224225733, 1.00401423526, 1.07782734844, 4.25671822952, 0.922667273689, 0.986645495017, 98.801848814, 0.913011645064, 2.59905753529, 1.20600195448, 4.5573562178, 1.13047930919, 281.847867019, 4.28954423592
1.31650490566, 1.08648260512, 0.909022849206, 0.83167661642, 6.05313368196, 0.824317570741, 5.12179134927, 0.889173491112, 0.912867558749, 3.33016453107, 4.56001736948, 0.814445173769, 2.0100578703, 1.09448489169, 1.09000071867, 1.04224225733, 1.03361028853, 1.15219396563, 3.41773029936, 0.919430740772, 0.996997301579, 98.801848814, 0.939120599317, 2.59905753529, 1.20600195448, 4.5573562178, 1.03722689936, 1236.21706613, 0.536193029491
4.0916030821, 1.03467923492, 1.03098342994, 1.19154105367, 5.8358706479, 0.71922810933, 5.30885136116, 1.01656718407, 0.976981529353, 3.7255528836, 2.27769732711, 1.06578169757, 2.30153458474, 0.922890323248, 1.09000023526, 1.03010198638, 1.00576506875, 1.13506956117, 7.1465679025, 0.976328493085, 0.76599786686, 301.04334016, 0.914943942059, 3.33190476648, 1.06418512668, 4.25677341809, 0.997779454664, 557.538001221, 1.07238605898
1.34722208885, 1.37651676398, 0.986951546062, 0.897178111583, 5.41679421599, 0.801097963481, 1.38469572744, 1.04042611029, 0.922124320994, 5.93695909763, 6.55315679974, 0.938270050928, 4.91999999085, 1.27667701205, 1.09000045427, 1.09044524592, 1.00290266957, 0.985164666491, 8.52884097874, 1.11511752581, 0.809346907076, 212.642366894, 1.01612654753, 2.05396922396, 0.956166814404, 1.43255534888, 0.95456647773, 595.24859137, 0.804289544236
2.39161070618, 1.23099660436, 1.15069442616, 0.957737930095, 3.12264890848, 0.815886619998, 2.71883040259, 0.881243786571, 0.940900013605, 3.32550017316, 6.01095556296, 0.852326623058, 3.73247324577, 0.861379967735, 1.09000024322, 1.01328357528, 1.00127522991, 0.997680963734, 4.30367002511, 1.0538725842, 0.911254591287, 58.5347921607, 0.922604441403, 2.64440520341, 1.10216873588, 2.30112237992, 1.00388699535, 3402.21400766, 0.0
2.24121621018, 1.27452439119, 1.15898868404, 0.883714515761, 1.77104963798, 0.799317142036, 5.495870618, 1.09936766772, 0.996044654483, 2.08696633644, 5.95079345614, 0.962779007697, 4.57482791082, 0.934293363577, 1.09000008327, 1.00433104097, 1.03127664195, 1.20446986623, 7.2627176543, 0.939345408608, 0.966521966516, 89.169280519, 1.08436264435, 4.1186001331, 1.16421695656, 3.68031328482, 1.20304103362, 2050.44072093, 0.268096514745
3.34524465269, 1.09257070033, 0.789121538792, 1.02995544725, 2.32752665987, 0.926462008703, 5.03429333786, 0.906558469931, 0.981474423551, 2.02080248166, 6.69778666035, 0.898102247225, 5.02146150539, 0.993407059823, 1.0900005995, 1.08953313954, 1.03620017086, 1.06848481618, 9.74142434726, 1.06514885474, 0.799275820146, 59.1297058664, 1.12785786622, 1.65524301113, 0.964387565395, 3.6906514948, 1.08535815723, 534.333547904, 2.14477211796
2.43854508554, 1.29560721264, 0.998438826715, 0.992273568224, 2.40032308472, 0.746716315219, 3.00532109007, 1.02410104094, 0.904321328115, 1.88386287908, 5.95641225669, 0.975575945165, 1.16107948033, 0.857699714282, 1.09000025506, 1.08555320068, 1.03001108014, 1.12076502349, 4.17474648217, 0.970979320998, 0.871836181135, 14.6565850606, 0.925783511523, 4.54615120272, 1.19232886886, 5.32579217604, 1.19835650547, 466.947377068, 2.68096514745
1.31650490566, 1.08648260512, 0.909022849206, 0.83167661642, 6.05313368196, 0.824317570741, 5.12179134927, 0.893728541464, 0.912867558749, 3.33016453107, 4.56001736948, 0.814445173769, 2.0100578703, 1.09448489169, 1.09000071867, 1.04224225733, 1.03361028853, 1.15219396563, 3.41773029936, 0.919430740772, 0.996997301579, 98.801848814, 0.939120599317, 2.59905753529, 1.20600195448, 4.5573562178, 1.13047930919, 1420.78606804, 0.536193029491
5.19416758504, 1.21632249991, 1.00182199868, 1.01983994312, 1.54406218139, 0.831326872038, 4.15526293227, 0.967691382478, 0.95935540198, 3.85306043478, 3.79880387066, 0.960332755291, 3.29223134028, 0.945551799037, 1.09000026037, 1.06062577966, 1.02754414566, 0.874930517086, 5.83404305744, 1.06126494004, 0.796618425114, 287.707100935, 1.05883706719, 1.80527949936, 1.05022341998, 5.00618240926, 1.24930302319, 586.152551547, 1.60857908847
3.41508361012, 1.42716280514, 0.776489619164, 0.924169744189, 3.301273763, 0.976706179822, 4.34322596443, 0.830380674581, 0.996267943152, 4.3070881821, 2.48803267533, 0.847736634238, 2.32537064374, 0.828012862844, 1.09000098932, 1.01280970459, 1.01897808713, 1.11592405061, 6.16505220179, 0.97248586325, 0.97393282147, 357.300001438, 0.946458817063, 5.01027894887, 0.968179424665, 4.54461114877, 1.09872884716, 993.036013061, 0.804289544236
1.44776715763, 1.09257070033, 0.742698287829, 0.819058631538, 6.60209654532, 0.926462008703, 5.03429333786, 0.906558469931, 0.981474423551, 1.93562838901, 5.52354467582, 0.987185178598, 5.02146150539, 0.993407059823, 1.0900005995, 1.08953313954, 1.03620017086, 1.06848481618, 4.10557770965, 1.08820757442, 0.798726195262, 59.1297058664, 1.02861935102, 4.62071429773, 0.964387565395, 4.48417419235, 0.922719825864, 627.423250925, 1.07238605898
3.74970685769, 1.23099660436, 1.15069442616, 0.957737930095, 3.12264890848, 0.815886619998, 1.69378014682, 0.881243786571, 0.940900013605, 3.32550017316, 6.01095556296, 0.852326623058, 3.94405741553, 0.861379967735, 1.09000024322, 1.01328357528, 1.00127522991, 0.997680963734, 4.30367002511, 1.14357217673, 0.911254591287, 58.5347921607, 0.922604441403, 2.64440520341, 1.10216873588, 3.22447443489, 1.00388699535, 4010.59834961, 0.0
2.25686407431, 1.05650310549, 1.14748850098, 0.835461691493, 4.94997451194, 0.855705603658, 4.76065083852, 0.832917895444, 0.946012822425, 1.87440113029, 5.26516197075, 0.847621498227, 1.1010083697, 1.06203564769, 1.09000028279, 1.03251026868, 1.01270191817, 1.02138712247, 4.23042298532, 1.01616026508, 0.963802680481, 147.09454034, 0.9496339858, 1.8734164402, 1.03327633177, 3.71551405506, 1.17490519347, 2172.91308497, 0.268096514745
4.64476986648, 1.1807943557, 0.846993171379, 0.942741290382, 6.93061572991, 0.763477721184, 5.57368787749, 0.866147723915, 0.923796272107, 4.42750764623, 2.55335114272, 1.02061278601, 2.27642246221, 0.918675327131, 1.09000039358, 1.01742668284, 1.01999527276, 0.964732924067, 5.35623805757, 1.17836730416, 0.844900617312, 334.655736655, 1.16912709032, 1.49302523286, 1.02311354951, 3.88501899971, 1.08161736364, 488.015079101, 4.28954423592
2.25686407431, 1.05650310549, 0.871555921623, 0.835461691493, 4.94997451194, 0.855705603658, 4.76065083852, 0.966738646696, 0.963277131547, 1.87440113029, 5.26516197075, 0.847621498227, 1.1010083697, 1.06203564769, 1.09000028279, 1.03251026868, 1.01270191817, 1.02138712247, 4.23042298532, 1.01616026508, 0.963802680481, 147.09454034, 1.1846942565, 1.8734164402, 1.03327633177, 3.71551405506, 1.14642061625, 580.150779643, 2.68096514745
4.70509783524, 1.30034258735, 0.77243462395, 1.0666024199, 6.93061572991, 0.981456734264, 3.04439053507, 1.05627091118, 0.967610468499, 3.5367730309, 5.97043780011, 1.05439732457, 4.79645829045, 1.09165803798, 1.09000063029, 1.00748104993, 1.03966636973, 1.19779557597, 6.29266179287, 1.09740738597, 0.771426903066, 191.369869068, 1.16026176875, 5.60956697653, 0.991722178013, 3.37787665337, 0.900164739038, 1512.94955329, 0.536193029491
2.24121621018, 1.27452439119, 1.06185668597, 1.00447494158, 1.77104963798, 0.799317142036, 5.83169735211, 1.09936766772, 0.996044654483, 2.08696633644, 5.95079345614, 0.853584590525, 4.05264086397, 0.934293363577, 1.09000046296, 1.05295906735, 1.01185129391, 1.20446986623, 6.64311497742, 1.0767027866, 0.966521966516, 89.169280519, 1.08436264435, 4.1186001331, 1.20153890437, 3.68031328482, 0.937148483875, 607.203165187, 1.87667560322
1.31650490566, 1.08648260512, 0.909022849206, 0.84000308743, 6.05313368196, 0.824317570741, 5.12179134927, 0.935809741533, 0.912867558749, 3.7499130848, 4.56001736948, 0.814445173769, 2.0100578703, 1.09448489169, 1.09000071867, 1.04224225733, 1.03361028853, 1.13969583558, 3.37840436073, 0.919430740772, 0.908142266702, 98.801848814, 0.939120599317, 2.59905753529, 1.20600195448, 4.46756774762, 1.11734634672, 587.830321199, 2.41286863271
3.63733588918, 1.02692961733, 1.08213285276, 0.888373046246, 5.49617167055, 0.965386145542, 1.31765420691, 0.961747460753, 0.918193645842, 5.24542639213, 6.46241894035, 0.946843030458, 2.64007943882, 1.09925290448, 1.0900009766, 1.0330103972, 1.04693562449, 1.15453770352, 4.53011931049, 1.02879365843, 0.87100018466, 298.974557202, 1.19429569674, 3.70361235731, 1.18225081573, 2.46239323336, 1.08542471192, 1211.38216096, 0.804289544236
4.46029432061, 1.24681627812, 0.907348099973, 1.15180825107, 6.22387296199, 0.865415922378, 2.78511271785, 1.05719715101, 0.973241995777, 5.55482038542, 4.61565348309, 1.08555004034, 4.54893538854, 1.09823371816, 1.09000089375, 1.06351237567, 1.00463410995, 0.880754836165, 4.33464751493, 1.07373336178, 0.995715937509, 143.014828909, 1.05416026396, 1.58725366375, 1.12257915842, 3.25974516001, 1.13411429321, 1027.28848283, 1.07238605898
3.0791949575, 1.37154293699, 0.76789345189, 0.91667091308, 3.11500771743, 0.860590598427, 3.11395401015, 1.04898837266, 0.902308310967, 3.77025194564, 6.05887046755, 0.963655156204, 1.61413933195, 0.992036577323, 1.0900005196, 1.05229598505, 1.03990567791, 1.12717479911, 7.46577765231, 1.06177396876, 0.880879687566, 111.454257992, 1.15099692642, 1.98073268065, 1.19319174114, 5.15003781165, 0.885972274949, 755.19923037, 1.60857908847
5.54661710438, 1.1428745059, 0.834835650919, 0.980096583083, 1.92627672295, 0.750968004863, 4.21816468453, 1.03553310864, 0.958901015234, 5.09362492713, 5.65091870853, 1.01379356779, 3.13146848969, 1.05839412168, 1.09000023466, 1.05160715004, 1.00897362352, 1.22202167959, 8.46102898115, 1.07251756952, 0.950542456883, 362.335457556, 1.12695545037, 1.97951130409, 1.20569375098, 3.15025292025, 0.94473624461, 4172.30482978, 0.0
5.33495501179, 1.07726230101, 1.03205695533, 0.822959012412, 6.75881346892, 0.947340005967, 2.63050937636, 0.883693527245, 0.990001395384, 2.62580214946, 4.56791054449, 1.06578169757, 1.66807524831, 0.831930051925, 1.0900003826, 1.0368607113, 1.03361028853, 0.891417707123, 7.24096555534, 1.16722979728, 0.903968022278, 222.62142912, 0.939120599317, 5.9763954031, 1.08813699257, 2.2781688793, 1.01199714383, 1523.12170431, 0.536193029491
5.19872431443, 1.15758358801, 1.13132144621, 0.870070364615, 5.39024279866, 0.886539338699, 3.51540901053, 0.829492140474, 0.978377463384, 2.50780956905, 5.09703705072, 1.08725754878, 3.40370482796, 1.08496721842, 1.0900000124, 1.00990302624, 1.04378441957, 1.13854857312, 6.36651303791, 1.09812060573, 0.95771342788, 254.407402753, 0.955345199705, 5.38306755145, 0.970041946244, 1.84020445891, 1.06027322377, 632.003865349, 2.14477211796
1.44776715763, 1.09257070033, 0.742698287829, 0.819058631538, 6.60209654532, 0.926462008703, 5.03429333786, 0.906558469931, 0.901130545269, 1.93562838901, 5.52354467582, 0.987185178598, 5.02146150539, 0.993407059823, 1.09000008327, 1.00433104097, 1.03620017086, 1.07958767265, 4.10557770965, 1.08820757442, 0.798726195262, 59.1297058664, 1.02861935102, 4.62071429773, 0.964387565395, 4.48417419235, 1.11289446578, 621.631444178, 4.55764075067
1.05533499334, 1.00941719014, 0.926786966858, 1.09892608353, 5.15325621318, 0.775460081364, 1.86813106881, 0.834023803587, 0.966727952084, 5.98979454372, 4.19034846725, 1.09693038752, 3.90480992121, 0.835552396166, 1.09000036878, 1.05478148139, 1.00110484078, 0.997680963734, 3.2924519813, 1.06754984791, 0.928118432378, 364.407552549, 0.923513583474, 4.05255307278, 0.974214383414, 1.82135856009, 1.23884371033, 1236.80222095, 0.804289544236
5.33495501179, 1.37836882383, 1.03205695533, 0.822959012412, 6.75881346892, 0.947340005967, 2.63050937636, 0.883693527245, 0.990001395384, 2.62580214946, 4.56791054449, 1.06207758283, 1.66807524831, 0.831930051925, 1.0900003826, 1.0368607113, 1.03361028853, 0.891417707123, 7.24096555534, 1.16722979728, 0.903968022278, 222.62142912, 0.939120599317, 5.9763954031, 1.08813699257, 3.94902075111, 1.01199714383, 1080.80917604, 1.07238605898
1.86545125022, 1.14478428612, 0.863368512267, 1.01001738172, 4.68151899293, 0.847642695881, 1.04057543214, 1.07051064664, 0.907712982482, 5.20094018354, 7.46542196624, 0.963005162491, 1.86722311269, 0.879655313736, 1.09000014083, 1.05817962788, 1.00848845286, 1.00512875691, 9.98492838434, 0.977533244984, 0.895592378148, 69.3481140122, 0.987940700726, 4.03285680898, 0.967937842907, 2.64030970412, 1.10979831639, 861.781709438, 1.87667560322
2.97492641794, 1.03262036808, 0.842498978553, 0.92154650619, 5.19944021205, 0.721198444427, 1.59539709098, 1.00606654664, 0.918473598428, 2.92857573611, 2.89877385906, 0.987894596585, 1.51890682273, 1.1537607376, 1.09000000819, 1.00160345448, 1.03971461696, 1.12913834816, 3.46504898089, 1.06177396876, 0.858582140166, 143.649022193, 1.07222280135, 4.67556435383, 1.16032403545, 1.78980117427, 1.2564297074, 1079.25976415, 1.60857908847
5.50181507286, 1.05933305037, 0.765472111214, 0.866044957839, 5.32155337859, 0.767710289057, 3.29158553904, 0.966596940457, 0.978353394169, 3.70688379415, 7.68820124406, 0.940831675421, 3.56607166518, 0.815452091697, 1.09000046322, 1.01500056346, 1.04674084637, 1.18402519884, 6.00197217967, 0.955007296766, 0.790757778071, 192.865854222, 0.985486806409, 1.17638758494, 1.18659129894, 4.92999453208, 1.05313696481, 4578.18393781, 0.268096514745
5.36985137253, 1.29982223191, 1.09013444981, 1.03055537535, 5.32201786722, 0.844173970156, 2.86674951713, 1.0160782349, 0.9025588983, 2.06280100498, 5.28271108484, 0.989050103633, 3.35194302702, 1.20183892649, 1.09000008256, 1.05681927486, 1.01380050828, 0.909696210751, 9.23910598895, 0.928195512755, 0.851478330098, 63.1622909772, 1.11970866423, 1.78108918056, 1.09078550345, 2.47698921003, 0.992182857606, 4711.61474786, 0.0
2.39161070618, 1.23099660436, 1.15069442616, 0.957737930095, 3.12264890848, 0.815886619998, 2.71883040259, 0.881243786571, 0.940900013605, 3.32550017316, 6.01095556296, 0.852326623058, 3.73247324577, 0.861379967735, 1.09000024322, 1.01328357528, 1.00127522991, 0.997680963734, 4.30367002511, 1.0538725842, 0.911254591287, 13.9817174726, 0.922604441403, 2.64440520341, 1.10216873588, 2.30112237992, 1.00388699535, 2547.43674245, 0.536193029491
2.24121621018, 1.27452439119, 1.06185668597, 1.00447494158, 1.77104963798, 0.799317142036, 5.83169735211, 1.09936766772, 0.996044654483, 2.08696633644, 5.95079345614, 0.853584590525, 4.05264086397, 0.934293363577, 1.09000046296, 1.05295906735, 1.01185129391, 1.20446986623, 6.64311497742, 1.0767027866, 0.966521966516, 89.169280519, 1.08436264435, 4.1186001331, 1.20153890437, 3.68031328482, 0.937148483875, 727.79495697, 2.9490616622
3.79453504293, 1.14478428612, 1.14941153421, 0.949786387191, 6.57525366405, 0.792182244402, 1.04057543214, 0.986890636756, 0.95551475225, 6.10713857521, 7.5647673553, 1.06148570587, 1.71880113134, 0.888305279942, 1.09000097937, 1.0480506728, 1.03487162021, 1.06004263982, 8.84060711829, 0.983829332409, 0.979898770257, 172.120962885, 0.96592404623, 1.81796724884, 1.0672187527, 2.42414309975, 0.906665144621, 809.158336248, 2.14477211796
1.97919010724, 1.08648260512, 1.02053275491, 0.843249984096, 4.33806934199, 0.921922974633, 5.12179134927, 0.893728541464, 0.912867558749, 3.33016453107, 1.61869979408, 0.814445173769, 3.64255679497, 1.09448489169, 1.09000071867, 1.04224225733, 1.00401423526, 1.07782734844, 4.25671822952, 0.922667273689, 0.986645495017, 98.801848814, 0.913011645064, 2.59905753529, 1.20600195448, 4.5573562178, 1.13047930919, 736.774414312, 2.41286863271
1.48152939506, 1.03467923492, 1.03098342994, 1.19154105367, 6.60708084469, 0.712150396588, 5.27350145674, 1.08333096713, 0.927439522309, 3.7255528836, 2.27769732711, 1.08153091283, 2.30153458474, 0.922890323248, 1.09000023526, 1.03010198638, 1.00576506875, 1.01069835252, 7.1465679025, 0.976328493085, 0.943841119928, 301.04334016, 0.914943942059, 2.78046284745, 1.06418512668, 4.16060346383, 0.899572411872, 637.063934188, 3.21715817694
3.79453504293, 1.14478428612, 1.14941153421, 0.949786387191, 6.57525366405, 0.792182244402, 1.04057543214, 0.986890636756, 0.95551475225, 5.05142303456, 7.5647673553, 1.06148570587, 1.10052916907, 0.888305279942, 1.09000097937, 1.0480506728, 1.03487162021, 1.06004263982, 7.75279737719, 0.983829332409, 0.979898770257, 180.387575639, 0.96592404623, 1.81796724884, 1.0672187527, 2.42414309975, 0.906665144621, 1460.24116569, 0.804289544236
5.17750268761, 1.21180881745, 1.07435570539, 1.00521937133, 5.66032788262, 0.727823665357, 2.34218443502, 1.00398633907, 0.97922929068, 6.15769156162, 4.60037550444, 0.903253955484, 1.74623347979, 0.903639069142, 1.09000014751, 1.01779408262, 1.00125373276, 1.03611829723, 8.34362373634, 0.96596235443, 0.877246509047, 51.4689231785, 0.962318534923, 1.47446279819, 0.990135412151, 2.34728939126, 1.27313908267, 1287.25049259, 1.34048257373
2.33315489143, 1.33930816392, 1.06052277839, 1.13086086219, 5.79084484527, 0.853760700385, 5.486882297, 1.02398004582, 0.963365292121, 2.06280100498, 5.37493614561, 1.04709875614, 5.02378470569, 0.900549974979, 1.09000038074, 1.05052186693, 1.00128076085, 0.892440964426, 9.790976872, 1.06959926426, 0.919421824233, 188.300286136, 0.983966625094, 1.85539126236, 1.09078550345, 2.47698921003, 1.12205757122, 5958.75276809, 0.0
3.74970685769, 1.23099660436, 1.15069442616, 0.957737930095, 3.12264890848, 0.815886619998, 1.69378014682, 0.881243786571, 0.940900013605, 3.32550017316, 6.01095556296, 0.852326623058, 3.94405741553, 0.861379967735, 1.09000024322, 1.01328357528, 1.00127522991, 0.997680963734, 4.29555622133, 1.14357217673, 0.911254591287, 58.5347921607, 0.922604441403, 2.64440520341, 1.10216873588, 3.22447443489, 1.00388699535, 5012.90829642, 0.268096514745
3.74970685769, 1.23099660436, 1.15069442616, 0.856419757909, 3.12264890848, 0.815886619998, 1.69378014682, 0.881243786571, 0.911212267235, 3.32550017316, 6.01095556296, 0.852326623058, 1.86722311269, 0.861379967735, 1.09000024322, 1.0470217474, 1.00035763539, 1.10050274407, 4.30367002511, 1.14357217673, 0.911254591287, 58.5347921607, 0.922604441403, 2.64440520341, 1.10216873588, 3.22447443489, 1.00388699535, 3109.27335829, 0.536193029491
5.54661710438, 1.1428745059, 1.04956450539, 0.980096583083, 1.92627672295, 0.750968004863, 4.21816468453, 0.966519939706, 0.958901015234, 5.09362492713, 5.65091870853, 1.01379356779, 3.60151948798, 1.05839412168, 1.09000023466, 1.05160715004, 1.00897362352, 1.22202167959, 8.46102898115, 1.07251756952, 0.950542456883, 362.335457556, 1.02529987634, 1.97951130409, 1.20569375098, 3.15025292025, 0.870220743277, 993.030035305, 2.14477211796
2.98436608073, 1.0379355028, 1.08891132808, 1.05041007217, 2.98653648958, 0.888194893328, 4.94284542339, 0.941701102339, 0.97357130012, 5.54454034786, 1.93759436475, 1.05858840526, 3.95688165135, 0.835985511119, 1.09000045325, 1.02542263634, 1.0326508866, 1.14011217858, 3.46947104042, 1.1163235704, 0.954575264123, 204.262037143, 0.930952759418, 3.97718088792, 1.07918931199, 2.93015714597, 1.13971551435, 767.926813311, 2.68096514745
4.88520932454, 1.42273208109, 1.12569612051, 1.00079916538, 2.77408550993, 0.761766739756, 2.32213098054, 0.982661626447, 0.980477898799, 3.62533684026, 2.61448897557, 1.06437998287, 3.01774880973, 1.09405520203, 1.0900006648, 1.00225676884, 1.04441502097, 1.0920075775, 4.54475552932, 1.02809519743, 0.943801014173, 172.120962885, 1.05495504715, 1.42397725778, 0.998737400589, 4.2192497898, 1.21026841722, 645.936757778, 3.48525469169
4.0916030821, 1.03467923492, 1.08774760941, 1.19154105367, 5.90472588174, 0.71922810933, 5.27350145674, 1.01656718407, 0.99538734406, 3.7255528836, 2.27769732711, 1.06578169757, 2.30153458474, 0.922890323248, 1.09000023526, 1.03010198638, 1.03681894117, 1.13506956117, 7.1465679025, 0.976328493085, 0.76599786686, 301.04334016, 0.914943942059, 3.33190476648, 1.06418512668, 4.25677341809, 0.997779454664, 1702.96930273, 0.804289544236
2.41328654599, 1.04662245075, 0.759233143064, 0.931094694158, 2.9918658609, 0.717041640622, 3.90419306874, 1.08472880974, 0.965109823359, 3.5439325547, 7.03068817352, 0.894190613718, 1.32740987632, 1.00770017421, 1.09000054768, 1.06334104193, 1.04563451527, 0.85014358102, 5.18341917766, 1.10866450187, 0.977952797311, 391.730882215, 1.13210471849, 1.46404614492, 1.05873944777, 2.54248619827, 0.940636555416, 1513.7671359, 1.07238605898
5.17750268761, 1.21180881745, 1.07435570539, 1.00521937133, 4.77210528584, 0.727823665357, 1.05384724058, 1.00398633907, 0.97922929068, 6.15769156162, 4.60037550444, 0.903253955484, 1.74623347979, 0.903639069142, 1.09000014751, 1.01422645217, 1.00125373276, 1.03606732722, 8.34362373634, 0.96596235443, 0.877246509047, 51.4689231785, 0.962318534923, 1.47446279819, 0.990135412151, 2.34728939126, 1.27313908267, 1297.91041092, 1.34048257373
2.98436608073, 1.09200956749, 1.08891132808, 1.05041007217, 2.98653648958, 0.882043687383, 5.0622615095, 0.941701102339, 0.97357130012, 5.54454034786, 1.93759436475, 1.05858840526, 3.95688165135, 0.835985511119, 1.09000045325, 1.05357413592, 1.0326508866, 1.14011217858, 3.46947104042, 1.1163235704, 0.954575264123, 204.262037143, 0.961951716771, 3.97718088792, 1.21869414305, 2.93015714597, 0.944009622505, 6513.05147894, 0.0
2.92354580262, 1.33811728551, 0.867450348, 1.07389061837, 3.8865580702, 0.922845270724, 5.63987683453, 0.883191923733, 0.968136258209, 5.14718349729, 2.32897318384, 1.06475954848, 1.28630615477, 0.960756956488, 1.09000019434, 1.00747454253, 1.00661705579, 0.946547830894, 9.31284006841, 0.979815868186, 0.858107008275, 239.866347639, 0.981368278122, 4.27714347587, 1.05751015096, 1.13403015989, 0.987347935743, 5849.99599922, 0.268096514745
5.62570734744, 1.07448496227, 1.12943728475, 1.20425876065, 6.38014602875, 0.855498327063, 1.46103726599, 0.990198141394, 0.936203707661, 3.1887043598, 5.48540835779, 1.02786532094, 1.16794028856, 0.975116427231, 1.09000079794, 1.07361413849, 1.04835458993, 0.939345219425, 6.69476691126, 1.01219525824, 0.926849998101, 305.305294309, 1.18655886433, 4.43619335186, 0.968997860482, 4.51088588834, 0.912971895023, 3392.34340792, 0.536193029491
4.20896759572, 1.12613864105, 1.0136049, 0.980096583083, 2.98465969999, 0.830226903366, 1.17318097878, 0.908698342296, 0.92923044318, 2.67854978661, 5.5115024084, 1.05040006136, 4.93640094366, 1.00559040744, 1.09000094132, 1.0685227598, 1.03972136735, 1.00161459728, 6.87602895101, 1.02767022234, 0.897970350896, 334.655736655, 1.13992065155, 2.40403396733, 1.0089945057, 2.6991376353, 0.932375984947, 1250.33205164, 2.41286863271
2.33315489143, 1.02841093895, 1.06052277839, 0.926268549135, 5.79084484527, 0.853760700385, 5.486882297, 0.999579978536, 0.963365292121, 1.81143025213, 5.37493614561, 0.987645122965, 4.37938653817, 0.900549974979, 1.09000071066, 1.05052186693, 1.00128076085, 0.892440964426, 9.03794357712, 1.06959926426, 0.919421824233, 188.300286136, 0.983966625094, 1.85539126236, 1.17280056109, 3.77488654001, 1.12205757122, 1075.72796643, 3.48525469169
4.20896759572, 1.12613864105, 1.0136049, 0.980096583083, 1.89314511054, 0.958254882524, 1.17318097878, 0.908698342296, 0.92923044318, 2.67854978661, 5.5115024084, 1.05040006136, 4.93640094366, 1.00559040744, 1.09000094132, 1.0685227598, 1.03972136735, 1.00161459728, 6.87602895101, 1.02767022234, 0.897970350896, 390.075068313, 1.13992065155, 2.40403396733, 1.0089945057, 2.6991376353, 0.932375984947, 853.332390809, 6.43431635389
4.15635950916, 1.12729179465, 0.846993171379, 1.09987144786, 2.98465969999, 0.763477721184, 5.57368787749, 0.866147723915, 0.913081912432, 4.42750764623, 2.55335114272, 1.05409008137, 2.27642246221, 0.918675327131, 1.09000039358, 1.01742668284, 1.01999527276, 0.964732924067, 5.35623805757, 1.12127476534, 0.844900617312, 334.655736655, 1.16912709032, 1.49302523286, 1.02311354951, 3.88501899971, 1.08161736364, 904.044138828, 4.02144772118
5.54661710438, 1.1428745059, 0.834835650919, 0.980096583083, 1.92627672295, 0.750968004863, 4.21816468453, 1.03553310864, 0.958901015234, 5.09362492713, 5.65091870853, 1.01379356779, 3.13146848969, 1.05839412168, 1.09000023466, 1.05160715004, 1.00897362352, 1.22202167959, 8.46102898115, 1.07251756952, 0.950542456883, 362.335457556, 1.12695545037, 2.59905753529, 1.20569375098, 3.15025292025, 0.94473624461, 869.775891119, 6.16621983914
3.50297944662, 1.08762701172, 1.05332030724, 1.07399204522, 6.45900927867, 0.966565993284, 3.26555393484, 0.939627754573, 0.998193235497, 3.7499130848, 5.5490206424, 0.851446311074, 4.37938653817, 0.984597045479, 1.09000080907, 1.00823862717, 1.03388235255, 1.13273169426, 9.03794357712, 1.14813833289, 0.908142266702, 268.980739665, 1.06048052984, 4.80031734065, 1.04841896325, 4.55449627593, 1.23566089072, 974.567489174, 3.75335120643
1.31650490566, 1.08648260512, 0.909022849206, 0.843249984096, 6.05313368196, 0.824317570741, 5.12179134927, 0.893728541464, 0.912867558749, 3.33016453107, 4.56001736948, 0.814445173769, 2.0100578703, 1.09448489169, 1.09000071867, 1.04224225733, 1.03361028853, 1.13969583558, 3.41773029936, 0.919430740772, 0.986645495017, 98.801848814, 0.939120599317, 2.59905753529, 1.20600195448, 4.5573562178, 1.13047930919, 818.6199573, 7.50670241287
5.87438886007, 1.21063298814, 1.13112742868, 0.867197985287, 6.8564749646, 0.736290872831, 5.44016436563, 0.856235072581, 0.91789414183, 3.23196852763, 5.98671116088, 0.960921938185, 2.64153767685, 1.04461402096, 1.09000006056, 1.07664212885, 1.017699557, 0.833079894185, 8.211887997, 1.15912657547, 0.931641173502, 168.606669034, 0.958184268861, 5.91517413851, 1.14060098025, 2.38777649071, 1.28550785581, 883.107052978, 4.28954423592
1.05533499334, 1.00941719014, 0.926786966858, 1.09892608353, 5.15325621318, 0.775460081364, 1.86813106881, 0.834023803587, 0.966727952084, 5.98979454372, 4.19034846725, 1.09693038752, 3.90480992121, 0.835552396166, 1.09000036878, 1.05478148139, 1.00110484078, 1.10050274407, 3.2924519813, 1.06754984791, 0.928118432378, 347.651914182, 0.923513583474, 4.05255307278, 0.974214383414, 1.82135856009, 1.23884371033, 2814.31311555, 0.804289544236
3.79453504293, 1.12696662287, 1.14941153421, 0.949786387191, 7.05794337865, 0.736806422758, 2.92307933646, 0.986890636756, 0.95551475225, 5.05142303456, 7.5647673553, 1.06148570587, 1.10052916907, 0.888305279942, 1.0900005435, 1.0480506728, 1.03487162021, 1.06004263982, 8.35981366241, 0.983829332409, 0.842004912159, 180.387575639, 0.96592404623, 1.81796724884, 1.0672187527, 1.73187837813, 0.906665144621, 1525.38357041, 1.07238605898
3.63733588918, 1.02692961733, 1.08213285276, 0.888373046246, 5.49617167055, 0.965386145542, 1.31765420691, 0.961747460753, 0.918193645842, 5.24542639213, 6.46241894035, 0.946843030458, 4.74056869673, 1.09925290448, 1.09000089375, 1.0330103972, 1.04693562449, 1.2198790048, 4.53011931049, 1.02879365843, 0.87100018466, 298.974557202, 1.19429569674, 3.70361235731, 1.18225081573, 2.46239323336, 1.08542471192, 6723.48900953, 0.0
4.12848335505, 1.12432258247, 1.11767723236, 0.899274868946, 4.6492923651, 0.784628590361, 2.2773564823, 0.93791005645, 0.937754763895, 3.30398453538, 5.02153182828, 1.06475954848, 4.95291854497, 0.960756956488, 1.09000049172, 1.02940949187, 1.04367527518, 1.20622462329, 6.20790355099, 1.1488810021, 0.769199362136, 370.733842305, 0.936146846982, 2.6231596735, 1.21903230546, 5.11293974119, 1.11411550781, 907.327672154, 5.36193029491
2.02166521879, 1.40987440609, 0.739390452632, 0.963649097728, 5.88552235158, 0.840740421001, 4.47513931077, 0.894975498976, 0.943405605155, 6.05579447478, 1.64977266801, 0.927246958667, 2.09446355357, 0.846847865512, 1.09000024892, 1.06909648092, 1.02573304457, 1.09988789647, 7.14999782177, 0.974420072228, 0.862842181025, 115.115687226, 0.975705183735, 5.80514999968, 1.132297046, 4.8651172469, 1.14596384547, 3688.90451959, 0.536193029491
3.41508361012, 1.42716280514, 0.776489619164, 0.924169744189, 3.07059637107, 0.976706179822, 4.37584716006, 0.830380674581, 0.934308284157, 4.3070881821, 2.20498650089, 0.847736634238, 2.32537064374, 0.828012862844, 1.09000098932, 1.01280970459, 1.01897808713, 1.11592405061, 6.16505220179, 0.97248586325, 0.97393282147, 357.300001438, 0.946458817063, 5.01027894887, 0.95180466437, 4.54461114877, 1.09872884716, 6273.09233399, 0.268096514745
2.97492641794, 1.03262036808, 0.842498978553, 0.92154650619, 5.19944021205, 0.721198444427, 1.59539709098, 1.00606654664, 0.918473598428, 2.77638184255, 2.9233092189, 0.987894596585, 1.51890682273, 1.1537607376, 1.09000000819, 1.00160345448, 1.03971461696, 0.851813144663, 3.46504898089, 1.06177396876, 0.858582140166, 143.649022193, 0.984857545008, 4.67556435383, 1.08688958483, 1.78980117427, 1.2564297074, 1297.09816311, 3.75335120643
1.48152939506, 1.03467923492, 1.03098342994, 1.19154105367, 5.90472588174, 0.712150396588, 5.27350145674, 1.08333096713, 0.939935224757, 3.7255528836, 2.27769732711, 1.08153091283, 2.30153458474, 0.922890323248, 1.09000023526, 1.03010198638, 1.00576506875, 1.01069835252, 7.1465679025, 0.976328493085, 0.76599786686, 301.04334016, 0.914943942059, 3.33190476648, 1.06418512668, 4.16060346383, 0.899572411872, 923.56966148, 4.82573726542
2.98436608073, 1.0379355028, 1.08891132808, 1.05041007217, 2.98653648958, 0.882043687383, 4.94284542339, 0.941701102339, 0.97357130012, 5.54454034786, 1.93759436475, 1.05858840526, 3.95688165135, 0.835985511119, 1.09000045325, 1.02542263634, 1.0326508866, 1.14011217858, 3.46947104042, 1.1163235704, 0.954575264123, 204.262037143, 0.930952759418, 3.97718088792, 1.07918931199, 2.93015714597, 1.13971551435, 2857.03138192, 0.804289544236
