0.0, 1.0, -1.0, -1.0, -1.0, 1.0, 1.0, 2.0, -1.0, -1.0, 0.0, -1.0, 1.0, 2.0, 0.0, -1.0, 0.0, 0.0, 1.0, 2.0, 1.0, 0.0, -1.0, -1.0, -1.0, 0.0, -1.0, -1.0, -1.0, 3.0, 0.0, 2.0, 1.0, 1.0, 2.0, -1.0, 1.0, 2.0, 1.0, 2.0, 0.0, -1.0, -1.0, 0.0, 1.0, 0.0, 3.0, 3.0, 0.0, 0.0, 96806.0, 472.0
0.0, 1.0, -1.0, -1.0, -1.0, 1.0, 1.0, 2.0, -1.0, -1.0, 0.0, -1.0, 1.0, 2.0, 0.0, -1.0, 0.0, 0.0, 1.0, 2.0, 1.0, 0.0, -1.0, -1.0, -1.0, 0.0, -1.0, -1.0, -1.0, 3.0, 0.0, 2.0, 1.0, 1.0, 2.0, -1.0, 1.0, 2.0, 1.0, 2.0, 0.0, -1.0, -1.0, 0.0, 1.0, 0.0, 3.0, 3.0, 0.0, 0.0, 96806.0, 472.0
0.0, 1.0, 0.0, 0.0, -1.0, 1.0, 0.0, 2.0, 2.0, -1.0, 1.0, 3.0, 2.0, 3.0, 2.0, -1.0, 0.0, 0.0, 0.0, 2.0, 2.0, 1.0, -1.0, -1.0, -1.0, 2.0, 1.0, 0.0, 1.0, 2.0, 0.0, -1.0, 1.0, 1.0, 0.0, -1.0, 1.0, 2.0, 1.0, 1.0, 0.0, 0.0, -1.0, 1.0, -1.0, 0.0, 0.0, -1.0, 1.0, 2.0, 96274.0, 539.0
2.0, 1.0, -1.0, -1.0, -1.0, 1.0, 1.0, 2.0, -1.0, -1.0, 0.0, -1.0, 1.0, 2.0, 0.0, -1.0, 0.0, 0.0, 1.0, 2.0, 1.0, 0.0, -1.0, -1.0, -1.0, 0.0, -1.0, -1.0, -1.0, 0.0, 0.0, 2.0, 1.0, 1.0, 0.0, 1.0, 1.0, 2.0, 1.0, 2.0, 0.0, -1.0, -1.0, 0.0, 1.0, 0.0, 3.0, 3.0, 0.0, 0.0, 96628.0, 484.0
0.0, 1.0, 0.0, 0.0, -1.0, 1.0, 0.0, 2.0, 2.0, -1.0, 1.0, -1.0, 2.0, 3.0, 2.0, -1.0, 0.0, 0.0, 0.0, 2.0, 2.0, 1.0, -1.0, -1.0, -1.0, 2.0, 1.0, 0.0, 1.0, 2.0, 0.0, -1.0, 1.0, 1.0, 0.0, -1.0, 1.0, 2.0, 1.0, 1.0, 0.0, 0.0, -1.0, 1.0, -1.0, 0.0, 0.0, -1.0, 1.0, 2.0, 96310.0, 522.0
2.0, 1.0, -1.0, -1.0, -1.0, 1.0, 1.0, 2.0, -1.0, -1.0, 0.0, -1.0, 1.0, 2.0, 0.0, -1.0, 0.0, 0.0, 1.0, 2.0, 1.0, 0.0, -1.0, -1.0, -1.0, 0.0, -1.0, -1.0, -1.0, 0.0, 0.0, 2.0, 1.0, 1.0, 0.0, 1.0, 1.0, 2.0, 1.0, 2.0, 0.0, -1.0, -1.0, 0.0, 1.0, 0.0, 3.0, 3.0, 0.0, 0.0, 96628.0, 484.0
0.0, 1.0, 0.0, 0.0, -1.0, 1.0, 0.0, 2.0, 2.0, -1.0, 1.0, -1.0, 2.0, 3.0, 2.0, -1.0, 0.0, 0.0, 0.0, 2.0, 2.0, 1.0, -1.0, -1.0, -1.0, 2.0, 1.0, 0.0, 1.0, 2.0, 0.0, -1.0, 1.0, 1.0, 0.0, -1.0, 1.0, 2.0, 1.0, 1.0, 0.0, 0.0, -1.0, 1.0, -1.0, 0.0, 0.0, -1.0, 1.0, 2.0, 96310.0, 522.0
0.0, 1.0, 0.0, 0.0, -1.0, 1.0, 0.0, 2.0, 2.0, -1.0, 1.0, 3.0, 2.0, 3.0, 2.0, -1.0, 0.0, 0.0, 0.0, 2.0, 2.0, 1.0, -1.0, -1.0, -1.0, 2.0, 1.0, 0.0, 1.0, 2.0, 0.0, -1.0, 1.0, 1.0, 0.0, -1.0, 1.0, 2.0, 1.0, 1.0, 0.0, 0.0, -1.0, 1.0, -1.0, 0.0, 0.0, -1.0, 1.0, 2.0, 96274.0, 539.0
0.0, 1.0, -1.0, -1.0, -1.0, 1.0, 1.0, 2.0, -1.0, -1.0, 0.0, -1.0, 1.0, 2.0, 0.0, -1.0, 0.0, 0.0, 1.0, 2.0, 1.0, 0.0, -1.0, -1.0, -1.0, 0.0, -1.0, -1.0, -1.0, 3.0, 0.0, 2.0, 1.0, 1.0, 2.0, -1.0, 1.0, 2.0, 1.0, 2.0, 0.0, -1.0, -1.0, 0.0, 1.0, 0.0, 3.0, 3.0, 0.0, 0.0, 96806.0, 472.0
0.0, 1.0, -1.0, -1.0, -1.0, 1.0, 1.0, 2.0, -1.0, -1.0, 0.0, -1.0, 1.0, 2.0, 0.0, -1.0, 0.0, 0.0, 1.0, 2.0, 1.0, 0.0, -1.0, -1.0, -1.0, 0.0, -1.0, -1.0, -1.0, 3.0, 0.0, 2.0, 1.0, 1.0, 2.0, -1.0, 1.0, 2.0, 1.0, 2.0, 0.0, -1.0, -1.0, 0.0, 1.0, 0.0, 3.0, 3.0, 0.0, 0.0, 96806.0, 472.0
0.0, 1.0, -1.0, -1.0, -1.0, 1.0, 1.0, 2.0, -1.0, -1.0, 0.0, -1.0, 1.0, 2.0, 0.0, -1.0, 0.0, 0.0, 1.0, 2.0, 1.0, 0.0, -1.0, -1.0, -1.0, 0.0, -1.0, -1.0, -1.0, 3.0, 0.0, 2.0, 1.0, 1.0, 2.0, -1.0, 1.0, 2.0, 1.0, 2.0, 0.0, -1.0, -1.0, 0.0, 1.0, 0.0, 3.0, 3.0, 0.0, 0.0, 96806.0, 472.0
0.0, 1.0, -1.0, -1.0, -1.0, 1.0, 1.0, 2.0, -1.0, -1.0, 0.0, -1.0, 1.0, 2.0, 0.0, -1.0, 0.0, 0.0, 1.0, 2.0, 1.0, 0.0, -1.0, -1.0, -1.0, 0.0, -1.0, -1.0, -1.0, 3.0, 0.0, 2.0, 1.0, 1.0, 2.0, -1.0, 1.0, 2.0, 1.0, 2.0, 0.0, -1.0, -1.0, 0.0, 1.0, 0.0, 3.0, 3.0, 0.0, 0.0, 96806.0, 472.0
0.0, 1.0, -1.0, -1.0, -1.0, 1.0, 1.0, 2.0, -1.0, -1.0, 0.0, -1.0, 1.0, 2.0, 0.0, -1.0, 0.0, 0.0, 1.0, 2.0, 1.0, 0.0, -1.0, -1.0, -1.0, 0.0, -1.0, -1.0, -1.0, 3.0, 0.0, 2.0, 1.0, 1.0, 2.0, -1.0, 1.0, 2.0, 1.0, 2.0, 0.0, -1.0, -1.0, 0.0, 1.0, 0.0, 3.0, 3.0, 0.0, 0.0, 96806.0, 472.0
0.0, 1.0, -1.0, -1.0, -1.0, 1.0, 1.0, 2.0, -1.0, -1.0, 0.0, -1.0, 1.0, 2.0, 0.0, -1.0, 0.0, 0.0, 1.0, 2.0, 1.0, 0.0, -1.0, -1.0, -1.0, 0.0, -1.0, -1.0, -1.0, 3.0, 0.0, 2.0, 1.0, 1.0, 2.0, -1.0, 1.0, 2.0, 1.0, 2.0, 0.0, -1.0, -1.0, 0.0, 1.0, 0.0, 3.0, 3.0, 0.0, 0.0, 96806.0, 472.0
0.0, 1.0, -1.0, -1.0, -1.0, 1.0, 1.0, 2.0, -1.0, -1.0, 0.0, -1.0, 1.0, 2.0, 0.0, -1.0, 0.0, 0.0, 1.0, 2.0, 1.0, 0.0, -1.0, -1.0, -1.0, 0.0, -1.0, -1.0, -1.0, 3.0, 0.0, 2.0, 1.0, 1.0, 2.0, -1.0, 1.0, 2.0, 1.0, 2.0, 0.0, -1.0, -1.0, 0.0, 1.0, 0.0, 3.0, 3.0, 0.0, 0.0, 96806.0, 472.0
0.0, 1.0, -1.0, -1.0, -1.0, 1.0, 1.0, 2.0, -1.0, -1.0, 0.0, -1.0, 1.0, 2.0, 0.0, -1.0, 0.0, 0.0, 1.0, 2.0, 1.0, 0.0, -1.0, -1.0, -1.0, 0.0, -1.0, -1.0, -1.0, 3.0, 0.0, 2.0, 1.0, 1.0, 2.0, -1.0, 1.0, 2.0, 1.0, 2.0, 0.0, -1.0, -1.0, 0.0, 1.0, 0.0, 3.0, 3.0, 0.0, 0.0, 96806.0, 472.0
0.0, 1.0, -1.0, -1.0, -1.0, 1.0, 1.0, 2.0, -1.0, -1.0, 0.0, -1.0, 1.0, 2.0, 0.0, -1.0, 0.0, 0.0, 1.0, 2.0, 1.0, 0.0, -1.0, -1.0, -1.0, 0.0, -1.0, -1.0, -1.0, 3.0, 0.0, 2.0, 1.0, 1.0, 2.0, -1.0, 1.0, 2.0, 1.0, 2.0, 0.0, -1.0, -1.0, 0.0, 1.0, 0.0, 3.0, 3.0, 0.0, 0.0, 96806.0, 472.0
0.0, 1.0, -1.0, -1.0, -1.0, 1.0, 1.0, 2.0, -1.0, -1.0, 0.0, -1.0, 1.0, 2.0, 0.0, -1.0, 0.0, 0.0, 1.0, 2.0, 1.0, 0.0, -1.0, -1.0, -1.0, 0.0, -1.0, -1.0, -1.0, 3.0, 0.0, 2.0, 1.0, 1.0, 2.0, -1.0, 1.0, 2.0, 1.0, 2.0, 0.0, -1.0, -1.0, 0.0, 1.0, 0.0, 3.0, 3.0, 0.0, 0.0, 96806.0, 472.0
0.0, 1.0, -1.0, -1.0, -1.0, 1.0, 1.0, 2.0, -1.0, -1.0, 0.0, -1.0, 1.0, 2.0, 0.0, -1.0, 0.0, 0.0, 1.0, 2.0, 1.0, 0.0, -1.0, -1.0, -1.0, 0.0, -1.0, -1.0, -1.0, 3.0, 0.0, 2.0, 1.0, 1.0, 2.0, -1.0, 1.0, 2.0, 1.0, 2.0, 0.0, -1.0, -1.0, 0.0, 1.0, 0.0, 3.0, 3.0, 0.0, 0.0, 96806.0, 472.0
0.0, 1.0, -1.0, -1.0, -1.0, 1.0, 1.0, 2.0, -1.0, -1.0, 0.0, -1.0, 1.0, 2.0, 0.0, -1.0, 0.0, 0.0, 1.0, 2.0, 1.0, 0.0, -1.0, -1.0, -1.0, 0.0, -1.0, -1.0, -1.0, 3.0, 0.0, 2.0, 1.0, 1.0, 2.0, -1.0, 1.0, 2.0, 1.0, 2.0, 0.0, -1.0, -1.0, 0.0, 1.0, 0.0, 3.0, 3.0, 0.0, 0.0, 96806.0, 472.0
0.0, 1.0, -1.0, -1.0, -1.0, 1.0, 1.0, 2.0, -1.0, -1.0, 0.0, -1.0, 1.0, 2.0, 0.0, -1.0, 0.0, 0.0, 1.0, 2.0, 1.0, 0.0, -1.0, -1.0, -1.0, 0.0, -1.0, -1.0, -1.0, 3.0, 0.0, 2.0, 1.0, 1.0, 2.0, -1.0, 1.0, 2.0, 1.0, 2.0, 0.0, -1.0, -1.0, 0.0, 1.0, 0.0, 3.0, 3.0, 0.0, 0.0, 96806.0, 472.0
0.0, 1.0, 0.0, 0.0, -1.0, 1.0, 0.0, 2.0, 2.0, -1.0, 1.0, 3.0, 2.0, 3.0, 2.0, -1.0, 0.0, 0.0, 0.0, 2.0, 2.0, 1.0, -1.0, -1.0, -1.0, 2.0, 1.0, 0.0, 1.0, 2.0, 0.0, -1.0, 1.0, 1.0, 0.0, -1.0, 1.0, 2.0, 1.0, 1.0, 0.0, 0.0, -1.0, 1.0, -1.0, 0.0, 0.0, -1.0, 1.0, 2.0, 96274.0, 539.0
0.0, 1.0, 0.0, 0.0, -1.0, 1.0, 0.0, 2.0, 2.0, -1.0, 1.0, 3.0, 2.0, 3.0, 2.0, -1.0, 0.0, 0.0, 0.0, 2.0, 2.0, 1.0, -1.0, -1.0, -1.0, 2.0, 1.0, 0.0, 1.0, 2.0, 0.0, -1.0, 1.0, 1.0, 0.0, -1.0, 1.0, 2.0, 1.0, 1.0, 0.0, 0.0, -1.0, 1.0, -1.0, 0.0, 0.0, -1.0, 1.0, 2.0, 96274.0, 539.0
0.0, 1.0, 0.0, 0.0, -1.0, 1.0, 0.0, 2.0, 2.0, -1.0, 1.0, 3.0, 2.0, 3.0, 2.0, -1.0, 0.0, 0.0, 0.0, 2.0, 2.0, 1.0, -1.0, -1.0, -1.0, 2.0, 1.0, 0.0, 1.0, 2.0, 0.0, -1.0, 1.0, 1.0, 0.0, -1.0, 1.0, 2.0, 1.0, 1.0, 0.0, 0.0, -1.0, 1.0, -1.0, 0.0, 0.0, -1.0, 1.0, 2.0, 96274.0, 539.0
