1.0, 2.0, 2.0, 1.0, 0.0, 2.0, 0.0, -1.0, -1.0, 0.0, -1.0, -1.0, 2.0, -1.0, 0.0, 3.0, -1.0, 0.0, 1.0, 1.0, -1.0, 0.0, -1.0, 2.0, -1.0, -1.0, 0.0, 1.0, -1.0, 3.0, 3.0, 0.0, 1.0, 2.0, -1.0, -1.0, 0.0, -1.0, 1.0, 3.0, 3.0, -1.0, 1.0, 2.0, 1.0, -1.0, 3.0, 0.0, 3.0, 0.0, 96694.0, 508.0
1.0, 2.0, 2.0, 1.0, 0.0, 2.0, 0.0, -1.0, -1.0, 0.0, -1.0, -1.0, 2.0, -1.0, 0.0, 3.0, -1.0, 0.0, 1.0, 1.0, -1.0, 0.0, -1.0, 2.0, -1.0, -1.0, 0.0, 1.0, -1.0, 3.0, 3.0, 0.0, 1.0, 2.0, -1.0, -1.0, 0.0, -1.0, 1.0, 3.0, 3.0, -1.0, 1.0, 2.0, 1.0, -1.0, 3.0, 0.0, 3.0, 0.0, 96694.0, 508.0
2.0, 0.0, -1.0, 3.0, -1.0, 2.0, 1.0, 0.0, -1.0, 0.0, 1.0, 3.0, 0.0, 1.0, 2.0, 3.0, 3.0, 1.0, 0.0, 2.0, 2.0, -1.0, 0.0, -1.0, 1.0, -1.0, 1.0, 0.0, 1.0, -1.0, 1.0, 2.0, -1.0, 0.0, 2.0, 2.0, 0.0, 3.0, 3.0, 0.0, 2.0, -1.0, -1.0, -1.0, -1.0, 2.0, 3.0, 1.0, 1.0, 0.0, 96120.0, 566.0
1.0, 2.0, 2.0, 1.0, 0.0, 2.0, 0.0, -1.0, -1.0, 0.0, -1.0, -1.0, 2.0, -1.0, 0.0, 3.0, -1.0, 0.0, 1.0, 1.0, -1.0, 0.0, -1.0, 2.0, -1.0, -1.0, 0.0, 1.0, -1.0, 3.0, -1.0, 0.0, 1.0, 2.0, -1.0, -1.0, 0.0, -1.0, 1.0, 3.0, 3.0, -1.0, 1.0, 2.0, 1.0, -1.0, 3.0, 0.0, 3.0, 0.0, 96716.0, 491.0
1.0, 2.0, 2.0, 1.0, 0.0, 2.0, 0.0, -1.0, -1.0, 0.0, -1.0, -1.0, 2.0, -1.0, 0.0, 3.0, -1.0, 0.0, 1.0, 1.0, -1.0, 0.0, -1.0, 2.0, -1.0, -1.0, 0.0, 1.0, -1.0, 3.0, 3.0, 0.0, 1.0, 2.0, -1.0, -1.0, 0.0, -1.0, 1.0, 3.0, 3.0, -1.0, 1.0, 2.0, 1.0, -1.0, 3.0, 0.0, 3.0, 0.0, 96694.0, 508.0
1.0, 2.0, 2.0, 1.0, 0.0, 2.0, 0.0, -1.0, -1.0, 0.0, -1.0, -1.0, 2.0, -1.0, 0.0, 3.0, -1.0, 0.0, 1.0, 1.0, -1.0, 0.0, -1.0, 2.0, -1.0, -1.0, 0.0, 1.0, -1.0, 3.0, 3.0, 0.0, 1.0, 2.0, -1.0, -1.0, 0.0, -1.0, 1.0, 3.0, 3.0, -1.0, 1.0, 2.0, 1.0, -1.0, 3.0, 0.0, 3.0, 0.0, 96694.0, 508.0
2.0, 0.0, -1.0, 3.0, -1.0, 2.0, 1.0, 0.0, -1.0, 0.0, 1.0, 3.0, 0.0, 1.0, 2.0, 3.0, 3.0, 1.0, 0.0, 2.0, 2.0, -1.0, 0.0, -1.0, 1.0, -1.0, 1.0, 0.0, 1.0, -1.0, 1.0, 2.0, -1.0, 0.0, 2.0, 2.0, 0.0, 3.0, 3.0, 0.0, 2.0, -1.0, -1.0, -1.0, -1.0, 2.0, 3.0, 1.0, 1.0, 0.0, 96120.0, 566.0
1.0, 2.0, 2.0, 1.0, 0.0, 2.0, 0.0, -1.0, -1.0, 0.0, -1.0, -1.0, 2.0, -1.0, 0.0, 3.0, -1.0, 0.0, 1.0, 1.0, -1.0, 0.0, -1.0, 2.0, -1.0, -1.0, 0.0, 1.0, -1.0, 3.0, -1.0, 0.0, 1.0, 2.0, -1.0, -1.0, 0.0, -1.0, 1.0, 3.0, 3.0, -1.0, 1.0, 2.0, 1.0, -1.0, 3.0, 0.0, 3.0, 0.0, 96716.0, 491.0
1.0, 2.0, 2.0, 1.0, 0.0, 2.0, 0.0, -1.0, -1.0, 0.0, -1.0, -1.0, 2.0, -1.0, 0.0, 3.0, -1.0, 0.0, 1.0, 1.0, -1.0, 0.0, -1.0, 2.0, -1.0, -1.0, 0.0, 1.0, -1.0, 3.0, 3.0, 0.0, 1.0, 2.0, -1.0, -1.0, 0.0, -1.0, 1.0, 3.0, 3.0, -1.0, 1.0, 2.0, 1.0, -1.0, 3.0, 0.0, 3.0, 0.0, 96694.0, 508.0
1.0, -1.0, 2.0, 1.0, -1.0, 1.0, 3.0, 2.0, 2.0, 0.0, -1.0, 2.0, 1.0, -1.0, 2.0, 3.0, 1.0, 1.0, 0.0, 2.0, 1.0, 0.0, -1.0, 0.0, 3.0, 1.0, 0.0, 0.0, 3.0, 2.0, -1.0, 1.0, 2.0, 0.0, 3.0, 3.0, 3.0, -1.0, 1.0, -1.0, 0.0, 1.0, 0.0, -1.0, -1.0, 2.0, -1.0, 1.0, -1.0, 0.0, 96330.0, 556.0
2.0, 0.0, -1.0, 3.0, -1.0, 2.0, 1.0, 1.0, -1.0, 0.0, 1.0, 3.0, 0.0, 1.0, 3.0, 3.0, 3.0, 1.0, 0.0, 2.0, 2.0, -1.0, 0.0, -1.0, 1.0, -1.0, 1.0, 0.0, 1.0, -1.0, 1.0, 0.0, -1.0, 3.0, 2.0, 2.0, 0.0, 3.0, 3.0, 0.0, 2.0, -1.0, -1.0, 0.0, -1.0, 2.0, 3.0, 1.0, 1.0, 0.0, 95968.0, 583.0
2.0, 0.0, -1.0, 3.0, -1.0, 2.0, 1.0, 1.0, -1.0, 0.0, 1.0, 3.0, 0.0, 1.0, 3.0, 3.0, 3.0, 1.0, 0.0, 2.0, 2.0, -1.0, 0.0, -1.0, 1.0, -1.0, 1.0, 0.0, 1.0, -1.0, 1.0, 0.0, -1.0, 3.0, 2.0, 2.0, 0.0, 3.0, 3.0, 0.0, 2.0, -1.0, -1.0, 0.0, -1.0, 2.0, 3.0, 1.0, 1.0, 0.0, 95968.0, 583.0
2.0, 0.0, -1.0, -1.0, -1.0, 2.0, 1.0, 0.0, -1.0, 0.0, 1.0, 3.0, 0.0, 1.0, 2.0, 3.0, 3.0, 0.0, 0.0, 2.0, 2.0, -1.0, 0.0, -1.0, 1.0, -1.0, 1.0, 0.0, 1.0, -1.0, 1.0, 2.0, -1.0, 3.0, 2.0, 2.0, 0.0, 3.0, 3.0, 0.0, 2.0, -1.0, -1.0, 3.0, -1.0, 2.0, 3.0, 1.0, 1.0, 0.0, 96151.0, 572.0
1.0, 2.0, 2.0, 1.0, 0.0, 2.0, 0.0, -1.0, -1.0, 0.0, -1.0, -1.0, 2.0, -1.0, 2.0, 3.0, -1.0, 0.0, 1.0, 1.0, -1.0, 0.0, -1.0, 2.0, -1.0, -1.0, 0.0, 1.0, -1.0, 3.0, 3.0, 0.0, 1.0, 2.0, -1.0, 3.0, 0.0, -1.0, 1.0, 3.0, 3.0, -1.0, 1.0, 2.0, 1.0, -1.0, 3.0, 0.0, 3.0, 0.0, 96670.0, 526.0
1.0, 0.0, -1.0, 0.0, -1.0, 2.0, -1.0, 1.0, 3.0, 1.0, 2.0, 0.0, 2.0, 1.0, 3.0, 0.0, -1.0, 1.0, 0.0, 2.0, 2.0, 2.0, -1.0, -1.0, 1.0, -1.0, 2.0, -1.0, 0.0, 0.0, 2.0, 1.0, 2.0, -1.0, 1.0, -1.0, 3.0, -1.0, 0.0, 1.0, 1.0, -1.0, 0.0, 1.0, -1.0, 3.0, 0.0, 3.0, 0.0, -1.0, 96518.0, 530.0
2.0, -1.0, 2.0, 1.0, -1.0, 1.0, 3.0, 2.0, 2.0, 0.0, -1.0, 2.0, 1.0, -1.0, 2.0, 3.0, 1.0, 1.0, 0.0, 2.0, 1.0, 0.0, -1.0, 0.0, 3.0, 1.0, 0.0, 0.0, 3.0, 2.0, -1.0, 1.0, -1.0, 0.0, 3.0, 3.0, 2.0, -1.0, 1.0, -1.0, 0.0, 1.0, 0.0, -1.0, -1.0, 2.0, -1.0, 1.0, -1.0, 0.0, 96442.0, 543.0
2.0, -1.0, 2.0, 1.0, -1.0, 1.0, 3.0, 2.0, 2.0, 0.0, -1.0, 2.0, 1.0, -1.0, 2.0, 3.0, 1.0, 1.0, 0.0, 2.0, 1.0, 0.0, -1.0, 0.0, 3.0, 1.0, 0.0, 0.0, 3.0, 2.0, -1.0, 1.0, -1.0, 0.0, 3.0, 3.0, 2.0, -1.0, 1.0, -1.0, 0.0, 1.0, 0.0, -1.0, -1.0, 2.0, -1.0, 1.0, -1.0, 0.0, 96442.0, 543.0
2.0, -1.0, 2.0, 1.0, -1.0, 1.0, 3.0, 2.0, 2.0, 0.0, -1.0, 2.0, 1.0, -1.0, 2.0, 3.0, 1.0, 1.0, 0.0, 2.0, 1.0, 0.0, -1.0, 0.0, 3.0, 1.0, 0.0, 0.0, 3.0, 2.0, -1.0, 1.0, -1.0, 0.0, 3.0, 3.0, 2.0, -1.0, 1.0, -1.0, 0.0, 1.0, 0.0, -1.0, -1.0, 2.0, -1.0, 1.0, -1.0, 0.0, 96442.0, 543.0
2.0, -1.0, 2.0, 1.0, -1.0, 1.0, 3.0, 2.0, 2.0, 0.0, -1.0, 2.0, 1.0, -1.0, 2.0, 3.0, 1.0, 1.0, 0.0, 2.0, 1.0, 0.0, -1.0, 0.0, 3.0, 1.0, 0.0, 0.0, 3.0, 2.0, -1.0, 1.0, -1.0, 0.0, 3.0, 3.0, 2.0, -1.0, 1.0, -1.0, 0.0, 1.0, 0.0, -1.0, -1.0, 2.0, -1.0, 1.0, -1.0, 0.0, 96442.0, 543.0
2.0, -1.0, 2.0, 1.0, -1.0, 1.0, 3.0, 2.0, 2.0, 0.0, -1.0, 2.0, 1.0, -1.0, 2.0, 3.0, 1.0, 1.0, 0.0, 2.0, 1.0, 0.0, -1.0, 0.0, 3.0, 1.0, 0.0, 0.0, 3.0, 2.0, -1.0, 1.0, -1.0, 0.0, 3.0, 3.0, 2.0, -1.0, 1.0, -1.0, 0.0, 1.0, 0.0, -1.0, -1.0, 2.0, -1.0, 1.0, -1.0, 0.0, 96442.0, 543.0
2.0, 0.0, -1.0, 3.0, -1.0, 2.0, 1.0, 0.0, -1.0, 0.0, 1.0, 3.0, 0.0, 1.0, 2.0, 3.0, 3.0, 1.0, 0.0, 2.0, 2.0, -1.0, 0.0, -1.0, 1.0, -1.0, 1.0, 0.0, 1.0, -1.0, 1.0, 2.0, -1.0, 3.0, 2.0, 2.0, 0.0, 3.0, 3.0, 0.0, 2.0, -1.0, -1.0, -1.0, -1.0, 2.0, 3.0, 1.0, 1.0, 0.0, 96198.0, 566.0
2.0, 0.0, -1.0, 3.0, -1.0, 2.0, 1.0, 0.0, -1.0, 0.0, 1.0, 3.0, 0.0, 1.0, 2.0, 3.0, 3.0, 1.0, 0.0, 2.0, 2.0, -1.0, 0.0, -1.0, 1.0, -1.0, 1.0, 0.0, 1.0, -1.0, 1.0, 2.0, -1.0, 3.0, 2.0, 2.0, 0.0, 3.0, 3.0, 0.0, 2.0, -1.0, -1.0, -1.0, -1.0, 2.0, 3.0, 1.0, 1.0, 0.0, 96198.0, 566.0
2.0, 0.0, -1.0, 3.0, -1.0, 2.0, 1.0, 0.0, -1.0, 0.0, 1.0, 3.0, 0.0, 1.0, 2.0, 3.0, 3.0, 1.0, 0.0, 2.0, 2.0, -1.0, 0.0, -1.0, 1.0, -1.0, 1.0, 0.0, 1.0, -1.0, 1.0, 2.0, -1.0, 3.0, 2.0, 2.0, 0.0, 3.0, 3.0, 0.0, 2.0, -1.0, -1.0, -1.0, -1.0, 2.0, 3.0, 1.0, 1.0, 0.0, 96198.0, 566.0
2.0, 0.0, -1.0, 3.0, -1.0, 2.0, 1.0, 0.0, -1.0, 0.0, 1.0, 3.0, 0.0, 1.0, 2.0, 3.0, 3.0, 1.0, 0.0, 2.0, 2.0, -1.0, 0.0, -1.0, 1.0, -1.0, 1.0, 0.0, 1.0, -1.0, 1.0, 2.0, -1.0, 3.0, 2.0, 2.0, 0.0, 3.0, 3.0, 0.0, 2.0, -1.0, -1.0, -1.0, -1.0, 2.0, 3.0, 1.0, 1.0, 0.0, 96198.0, 566.0
