0.0, -1.0, 1.0, -1.0, -1.0, 3.0, -1.0, 1.0, 3.0, 2.0, 3.0, 2.0, 2.0, 1.0, 1.0, 1.0, 2.0, 1.0, 1.0, 0.0, 3.0, 1.0, 0.0, 0.0, 1.0, 2.0, 0.0, -1.0, 0.0, 2.0, -1.0, 3.0, 2.0, 2.0, -1.0, 3.0, 1.0, -1.0, 3.0, 1.0, 0.0, 3.0, -1.0, 1.0, 3.0, 0.0, 3.0, 1.0, 2.0, 3.0, 569.0, 99433.0
2.0, 3.0, 1.0, 2.0, 3.0, 2.0, 2.0, 1.0, 1.0, 2.0, 1.0, 1.0, 1.0, -1.0, 2.0, -1.0, 2.0, 0.0, 0.0, 3.0, 0.0, 0.0, 0.0, 2.0, 0.0, 0.0, 1.0, 3.0, 3.0, 3.0, 1.0, 2.0, 0.0, 0.0, -1.0, 0.0, 1.0, 0.0, 0.0, 1.0, 0.0, 0.0, 2.0, 3.0, 1.0, 2.0, 2.0, 3.0, 2.0, 1.0, 675.0, 99352.0
-1.0, 1.0, 0.0, -1.0, 0.0, -1.0, 0.0, 2.0, 1.0, -1.0, 3.0, 1.0, 0.0, 1.0, -1.0, 2.0, 0.0, 1.0, 1.0, 3.0, -1.0, 0.0, 2.0, 0.0, 2.0, -1.0, 1.0, 1.0, 0.0, 2.0, 2.0, 0.0, -1.0, 2.0, -1.0, 0.0, 1.0, -1.0, -1.0, 2.0, 3.0, 2.0, 2.0, 0.0, 2.0, 1.0, -1.0, 1.0, 2.0, 0.0, 537.0, 99477.0
0.0, -1.0, 1.0, -1.0, -1.0, 3.0, 2.0, 1.0, 3.0, 2.0, 3.0, 2.0, 2.0, 1.0, -1.0, 1.0, 2.0, 1.0, 1.0, 0.0, 3.0, 1.0, 0.0, 0.0, 1.0, 2.0, 0.0, -1.0, 0.0, 2.0, -1.0, 3.0, 2.0, 2.0, -1.0, 3.0, 1.0, 3.0, 3.0, 1.0, 0.0, 3.0, -1.0, 1.0, 3.0, 0.0, 2.0, 1.0, 2.0, 3.0, 581.0, 99417.0
2.0, 3.0, 1.0, 2.0, 3.0, 2.0, 0.0, 1.0, 1.0, 2.0, 1.0, 1.0, 1.0, -1.0, 2.0, 2.0, 2.0, 0.0, 1.0, 3.0, 0.0, 0.0, 0.0, 2.0, 0.0, 0.0, 1.0, 3.0, 3.0, 0.0, 1.0, 2.0, 0.0, 0.0, -1.0, 0.0, 1.0, 0.0, 0.0, 1.0, 0.0, -1.0, 2.0, 3.0, 1.0, 2.0, 2.0, 3.0, 2.0, 1.0, 671.0, 99361.0
0.0, -1.0, 1.0, -1.0, -1.0, 3.0, 2.0, 1.0, 3.0, 2.0, 3.0, 2.0, 2.0, 1.0, 0.0, 1.0, 2.0, 1.0, 1.0, 0.0, 3.0, 1.0, 0.0, 0.0, 1.0, 2.0, 0.0, -1.0, 0.0, 2.0, 0.0, 3.0, 2.0, 2.0, -1.0, 3.0, 1.0, 3.0, 3.0, 1.0, 0.0, 0.0, -1.0, 1.0, 3.0, 0.0, 2.0, 1.0, 2.0, 3.0, 613.0, 99390.0
0.0, -1.0, 1.0, -1.0, -1.0, 3.0, -1.0, 1.0, 3.0, 2.0, 3.0, 2.0, 2.0, 1.0, 1.0, 1.0, 2.0, 1.0, 1.0, 0.0, 3.0, 1.0, 0.0, 0.0, 1.0, 0.0, 0.0, -1.0, 0.0, 2.0, -1.0, 3.0, 2.0, 2.0, -1.0, 3.0, 1.0, -1.0, 3.0, 1.0, 0.0, 3.0, -1.0, 1.0, 3.0, 0.0, 3.0, 1.0, 2.0, 3.0, 569.0, 99433.0
2.0, 3.0, 1.0, 2.0, 3.0, 2.0, 2.0, 1.0, 1.0, 2.0, 1.0, 1.0, 1.0, -1.0, 2.0, -1.0, 2.0, 0.0, 0.0, 3.0, 0.0, 0.0, 0.0, 2.0, 0.0, 0.0, 1.0, 3.0, 3.0, 3.0, 1.0, 2.0, 0.0, 0.0, -1.0, 0.0, 1.0, 0.0, 0.0, 1.0, 0.0, 0.0, 2.0, 3.0, 1.0, 2.0, 2.0, 3.0, 2.0, 1.0, 675.0, 99352.0
0.0, -1.0, 1.0, -1.0, -1.0, 3.0, 2.0, 1.0, 3.0, 2.0, 3.0, 2.0, 2.0, 1.0, -1.0, 2.0, 2.0, 1.0, 1.0, 0.0, 3.0, 1.0, 1.0, 0.0, 1.0, 2.0, 0.0, -1.0, 0.0, 2.0, -1.0, 3.0, 2.0, 1.0, -1.0, 2.0, 1.0, -1.0, 3.0, 1.0, 0.0, 3.0, -1.0, 1.0, 3.0, 0.0, 3.0, 1.0, 2.0, 3.0, 563.0, 99436.0
0.0, -1.0, 1.0, -1.0, -1.0, 3.0, 2.0, 1.0, 3.0, 2.0, 3.0, 2.0, 2.0, 1.0, 0.0, 1.0, 2.0, 1.0, 1.0, 0.0, 3.0, 1.0, 0.0, 0.0, 1.0, 2.0, 0.0, -1.0, 0.0, 2.0, 0.0, 3.0, 2.0, 2.0, -1.0, 3.0, 1.0, 3.0, 3.0, 1.0, 0.0, 0.0, -1.0, 1.0, 3.0, 0.0, 2.0, 1.0, 2.0, 3.0, 613.0, 99390.0
1.0, 1.0, 3.0, -1.0, -1.0, 0.0, 1.0, 0.0, 1.0, 2.0, 0.0, -1.0, 1.0, 3.0, 0.0, 1.0, 2.0, 1.0, 2.0, 1.0, -1.0, 0.0, 2.0, 2.0, -1.0, 0.0, 0.0, 2.0, 3.0, 0.0, -1.0, 1.0, -1.0, 0.0, -1.0, 0.0, 3.0, 0.0, 0.0, 2.0, -1.0, 3.0, -1.0, -1.0, 2.0, -1.0, 1.0, 0.0, 2.0, 0.0, 531.0, 99483.0
0.0, -1.0, 1.0, -1.0, -1.0, 3.0, 2.0, 1.0, 3.0, 2.0, 3.0, 2.0, 2.0, 1.0, 0.0, 1.0, 2.0, 1.0, 1.0, 0.0, 3.0, 1.0, 2.0, 0.0, 1.0, 2.0, 0.0, -1.0, 0.0, 2.0, 0.0, 3.0, 2.0, 2.0, -1.0, 3.0, 1.0, 3.0, 3.0, 1.0, 0.0, 0.0, -1.0, -1.0, 3.0, 0.0, 2.0, 1.0, 2.0, 3.0, 596.0, 99405.0
0.0, -1.0, 1.0, -1.0, -1.0, 3.0, -1.0, 1.0, 3.0, 2.0, 3.0, 2.0, 2.0, 1.0, 3.0, 1.0, 2.0, 1.0, 1.0, 0.0, 3.0, 1.0, 0.0, 0.0, 1.0, 2.0, 0.0, -1.0, 0.0, 2.0, -1.0, 3.0, 2.0, 2.0, -1.0, 3.0, 1.0, -1.0, 3.0, 1.0, 0.0, 3.0, -1.0, 1.0, 3.0, 0.0, 2.0, 1.0, 2.0, 3.0, 569.0, 99433.0
2.0, 3.0, 1.0, 2.0, 3.0, 2.0, 2.0, 1.0, 1.0, 2.0, 1.0, 1.0, 1.0, -1.0, 2.0, -1.0, 2.0, 0.0, 0.0, 3.0, 0.0, 0.0, 0.0, 2.0, 0.0, 0.0, 1.0, 3.0, 3.0, 3.0, 1.0, 2.0, 0.0, 0.0, -1.0, 0.0, 1.0, 0.0, 0.0, 1.0, 0.0, 0.0, 2.0, 3.0, 1.0, 2.0, 2.0, 3.0, 2.0, 1.0, 675.0, 99352.0
1.0, 1.0, 3.0, -1.0, -1.0, 0.0, 1.0, 0.0, 1.0, 2.0, 0.0, -1.0, -1.0, 3.0, 0.0, 1.0, 2.0, 1.0, 2.0, 1.0, -1.0, 0.0, 2.0, 2.0, -1.0, 0.0, 0.0, 2.0, -1.0, 0.0, -1.0, 1.0, -1.0, 0.0, -1.0, -1.0, 3.0, 0.0, 0.0, 2.0, -1.0, 3.0, -1.0, -1.0, 2.0, -1.0, 1.0, 0.0, 2.0, 0.0, 494.0, 99535.0
-1.0, 1.0, 0.0, -1.0, 0.0, -1.0, 0.0, 2.0, 1.0, -1.0, 3.0, 1.0, 0.0, 1.0, -1.0, 2.0, 0.0, 1.0, 1.0, 3.0, -1.0, 0.0, 2.0, 0.0, 2.0, -1.0, 1.0, 1.0, 0.0, 2.0, 2.0, 0.0, -1.0, 2.0, -1.0, 0.0, 1.0, -1.0, -1.0, 2.0, 3.0, 2.0, 2.0, 0.0, 2.0, 1.0, -1.0, 1.0, 2.0, 0.0, 537.0, 99477.0
0.0, -1.0, 1.0, -1.0, -1.0, 3.0, 2.0, 1.0, 3.0, 2.0, 3.0, 2.0, 2.0, 1.0, 0.0, 1.0, 2.0, 1.0, 1.0, 0.0, 3.0, 1.0, 0.0, 0.0, 1.0, 2.0, 0.0, 1.0, 0.0, 2.0, 0.0, 3.0, 2.0, 2.0, 3.0, 3.0, 1.0, 3.0, 3.0, 1.0, 0.0, 0.0, -1.0, 1.0, 3.0, 0.0, 2.0, 1.0, 2.0, 3.0, 646.0, 99368.0
1.0, 1.0, 3.0, -1.0, -1.0, 0.0, 1.0, 0.0, 1.0, 2.0, 0.0, -1.0, 1.0, 3.0, 0.0, 1.0, 2.0, 1.0, 2.0, 1.0, -1.0, 0.0, 2.0, 2.0, 3.0, 0.0, 0.0, -1.0, 1.0, 0.0, -1.0, 1.0, -1.0, 0.0, -1.0, -1.0, 0.0, 0.0, 0.0, 2.0, -1.0, 3.0, -1.0, -1.0, 2.0, -1.0, 1.0, 0.0, 2.0, 0.0, 515.0, 99506.0
0.0, -1.0, 0.0, 2.0, 1.0, 3.0, -1.0, -1.0, 2.0, 1.0, 1.0, 1.0, 0.0, 0.0, -1.0, 2.0, 2.0, 2.0, 1.0, -1.0, -1.0, 2.0, 0.0, 1.0, 1.0, 0.0, 2.0, 2.0, 2.0, 2.0, 3.0, 2.0, 1.0, 3.0, -1.0, 2.0, 3.0, 2.0, 0.0, 0.0, 0.0, 1.0, 0.0, -1.0, 3.0, -1.0, 3.0, 1.0, 0.0, 1.0, 580.0, 99429.0
0.0, -1.0, 1.0, -1.0, -1.0, 3.0, 2.0, 1.0, 3.0, 2.0, 3.0, 2.0, 2.0, 1.0, -1.0, 1.0, 2.0, 1.0, 1.0, 0.0, 3.0, 1.0, 0.0, 0.0, 1.0, 2.0, 0.0, -1.0, 0.0, 2.0, -1.0, 3.0, 2.0, 2.0, -1.0, 3.0, 1.0, 3.0, 3.0, 1.0, 0.0, 3.0, -1.0, 1.0, 3.0, 0.0, 2.0, 1.0, 2.0, 3.0, 581.0, 99417.0
0.0, -1.0, 0.0, 2.0, 1.0, 1.0, -1.0, -1.0, 2.0, 1.0, 1.0, 1.0, 0.0, 0.0, -1.0, 2.0, 2.0, 2.0, 1.0, -1.0, -1.0, 2.0, 0.0, 1.0, 1.0, 0.0, 2.0, 2.0, 2.0, 2.0, 3.0, 2.0, 1.0, 3.0, -1.0, 2.0, 3.0, 2.0, 0.0, 0.0, 0.0, 1.0, 0.0, -1.0, 3.0, -1.0, 3.0, 1.0, 0.0, 1.0, 580.0, 99429.0
1.0, 1.0, 3.0, -1.0, -1.0, 0.0, 1.0, 0.0, 1.0, 2.0, 0.0, -1.0, -1.0, 3.0, 0.0, 1.0, 2.0, 1.0, 1.0, 0.0, -1.0, 0.0, 2.0, 2.0, -1.0, 2.0, 0.0, 2.0, -1.0, 0.0, -1.0, 1.0, -1.0, 0.0, -1.0, -1.0, 3.0, 0.0, 0.0, 2.0, -1.0, 3.0, -1.0, -1.0, 2.0, -1.0, 1.0, 0.0, 2.0, 0.0, 494.0, 99535.0
0.0, -1.0, 1.0, -1.0, -1.0, 3.0, 2.0, 1.0, 3.0, 2.0, 3.0, 2.0, 2.0, 1.0, 0.0, 1.0, 2.0, 1.0, 1.0, 0.0, 3.0, 1.0, 0.0, 0.0, 1.0, 2.0, 0.0, -1.0, 0.0, 2.0, 0.0, 3.0, 2.0, 2.0, -1.0, 3.0, 1.0, 3.0, 3.0, 1.0, 0.0, 0.0, -1.0, 1.0, 3.0, 0.0, 2.0, 1.0, 2.0, 3.0, 613.0, 99390.0
2.0, 3.0, 1.0, 2.0, 3.0, 2.0, 2.0, 1.0, 1.0, 2.0, 1.0, 1.0, 1.0, -1.0, 2.0, -1.0, 2.0, 0.0, 0.0, 3.0, 0.0, 0.0, 0.0, 2.0, 0.0, 0.0, 1.0, 3.0, 3.0, 3.0, 1.0, 2.0, 0.0, 0.0, -1.0, 0.0, 1.0, 0.0, 0.0, 1.0, 0.0, 0.0, 2.0, 3.0, 1.0, 2.0, 2.0, 3.0, 2.0, 1.0, 675.0, 99352.0
0.0, -1.0, 1.0, -1.0, -1.0, 3.0, 2.0, 1.0, 3.0, 2.0, 3.0, 2.0, 2.0, 1.0, -1.0, 2.0, 2.0, 1.0, 1.0, 0.0, 3.0, 0.0, 1.0, 0.0, 1.0, 2.0, 0.0, -1.0, 0.0, 2.0, -1.0, 3.0, 2.0, 1.0, -1.0, 2.0, 1.0, -1.0, 3.0, 1.0, 0.0, 3.0, -1.0, 1.0, 3.0, 0.0, 3.0, 1.0, 2.0, 3.0, 563.0, 99436.0
1.0, -1.0, 3.0, -1.0, 2.0, 1.0, 0.0, 0.0, 3.0, 1.0, 1.0, 3.0, 3.0, 1.0, 3.0, 1.0, 1.0, 0.0, 1.0, 3.0, 2.0, 2.0, 3.0, 2.0, 3.0, 2.0, 0.0, 1.0, 1.0, 0.0, 3.0, 0.0, -1.0, 1.0, -1.0, 0.0, 1.0, -1.0, 1.0, 0.0, 2.0, 1.0, 0.0, 2.0, 0.0, 0.0, 3.0, 3.0, 2.0, 0.0, 633.0, 99379.0
1.0, 1.0, 3.0, -1.0, -1.0, 0.0, 1.0, 0.0, 1.0, 2.0, 0.0, -1.0, -1.0, 3.0, 0.0, 1.0, 2.0, 1.0, 2.0, 1.0, -1.0, 0.0, 2.0, 2.0, -1.0, 0.0, 0.0, 2.0, -1.0, 0.0, -1.0, 1.0, -1.0, 0.0, -1.0, -1.0, 3.0, 0.0, 0.0, 2.0, -1.0, 3.0, -1.0, -1.0, 2.0, -1.0, 1.0, 0.0, 2.0, 0.0, 494.0, 99535.0
0.0, -1.0, 0.0, -1.0, -1.0, 3.0, 2.0, 1.0, 3.0, 2.0, 3.0, 2.0, 2.0, 1.0, 0.0, 1.0, 2.0, 1.0, 1.0, 0.0, 3.0, 1.0, 0.0, 0.0, 1.0, 2.0, 0.0, -1.0, 0.0, 2.0, 0.0, 3.0, 2.0, 2.0, -1.0, 3.0, 1.0, 3.0, 3.0, 1.0, 0.0, 0.0, -1.0, 1.0, 3.0, 0.0, 2.0, 1.0, 2.0, 3.0, 613.0, 99390.0
0.0, -1.0, 1.0, 2.0, 1.0, 1.0, -1.0, -1.0, 2.0, 1.0, 1.0, 1.0, 0.0, 0.0, -1.0, 2.0, 2.0, 2.0, 1.0, -1.0, -1.0, 2.0, 0.0, 1.0, 1.0, 0.0, 2.0, 2.0, 2.0, 2.0, 3.0, 2.0, 1.0, 3.0, -1.0, 2.0, 3.0, 2.0, 0.0, 0.0, 0.0, 1.0, 0.0, -1.0, 3.0, -1.0, 3.0, 1.0, 0.0, 1.0, 580.0, 99429.0
0.0, -1.0, 0.0, -1.0, 1.0, 1.0, -1.0, -1.0, 2.0, 1.0, 1.0, 1.0, 0.0, 0.0, -1.0, 2.0, 2.0, 2.0, 1.0, -1.0, -1.0, 2.0, 0.0, 1.0, 1.0, 0.0, 2.0, 2.0, 2.0, 2.0, 3.0, 2.0, 1.0, 3.0, -1.0, 2.0, 3.0, 2.0, 0.0, 0.0, 0.0, 1.0, 0.0, -1.0, 3.0, -1.0, 3.0, 1.0, 0.0, 1.0, 562.0, 99439.0
0.0, -1.0, 1.0, -1.0, -1.0, 3.0, 2.0, 1.0, 3.0, 2.0, 3.0, 2.0, 2.0, 1.0, 0.0, 1.0, 2.0, 1.0, 1.0, 0.0, 3.0, 1.0, 0.0, 0.0, 1.0, 2.0, 0.0, -1.0, 0.0, 2.0, 0.0, 3.0, 2.0, 2.0, -1.0, 3.0, 1.0, 3.0, 3.0, 1.0, 0.0, 0.0, -1.0, 1.0, 3.0, 0.0, 2.0, 1.0, 2.0, 3.0, 613.0, 99390.0
0.0, -1.0, 1.0, -1.0, -1.0, 3.0, -1.0, 1.0, 3.0, 2.0, 3.0, 2.0, 2.0, 1.0, 1.0, 1.0, 2.0, 1.0, 1.0, 0.0, 3.0, 1.0, 0.0, 0.0, 1.0, 2.0, 0.0, -1.0, 0.0, 2.0, -1.0, 3.0, 2.0, 2.0, -1.0, 3.0, 1.0, -1.0, 3.0, 1.0, 0.0, 3.0, -1.0, 1.0, 3.0, 0.0, 3.0, 1.0, 2.0, 3.0, 569.0, 99433.0
0.0, -1.0, 1.0, -1.0, -1.0, 3.0, 2.0, 1.0, 3.0, 2.0, 3.0, 2.0, 2.0, 1.0, 0.0, 1.0, -1.0, 1.0, 1.0, 0.0, 3.0, 1.0, 0.0, 0.0, 1.0, 2.0, 0.0, -1.0, 0.0, 2.0, -1.0, 3.0, 2.0, 2.0, -1.0, -1.0, 1.0, -1.0, 3.0, 1.0, 0.0, 3.0, -1.0, 1.0, 3.0, 0.0, 3.0, 1.0, 2.0, 3.0, 558.0, 99458.0
2.0, 3.0, 1.0, 2.0, 3.0, 2.0, 2.0, 1.0, 1.0, 2.0, 1.0, 1.0, 1.0, -1.0, 2.0, -1.0, 2.0, 0.0, 0.0, 3.0, 0.0, 0.0, 0.0, 2.0, 0.0, 0.0, 1.0, 3.0, 3.0, 3.0, 1.0, 2.0, 0.0, 0.0, -1.0, 0.0, 1.0, 0.0, 0.0, 1.0, 0.0, 0.0, 2.0, 3.0, 1.0, 2.0, 2.0, 3.0, 2.0, 1.0, 675.0, 99352.0
1.0, 1.0, 3.0, -1.0, -1.0, 0.0, 1.0, 0.0, 1.0, 2.0, 0.0, -1.0, -1.0, 3.0, 0.0, 1.0, 2.0, 1.0, 2.0, 1.0, -1.0, 0.0, 2.0, 2.0, -1.0, 0.0, 1.0, 2.0, -1.0, 0.0, -1.0, 1.0, -1.0, 0.0, -1.0, -1.0, 3.0, 0.0, 0.0, 2.0, -1.0, 3.0, -1.0, -1.0, 2.0, -1.0, 1.0, 0.0, 2.0, 0.0, 494.0, 99535.0
-1.0, 1.0, 0.0, -1.0, 0.0, -1.0, 0.0, 2.0, 1.0, -1.0, 3.0, 1.0, 0.0, 1.0, -1.0, 2.0, 0.0, 1.0, 1.0, 3.0, -1.0, 0.0, 2.0, 0.0, 2.0, -1.0, 0.0, 1.0, 0.0, 2.0, 2.0, 0.0, -1.0, 2.0, -1.0, 0.0, 1.0, -1.0, -1.0, 2.0, 3.0, 2.0, 2.0, 0.0, 2.0, 1.0, -1.0, 1.0, 2.0, 0.0, 537.0, 99477.0
0.0, -1.0, 0.0, 2.0, 1.0, 3.0, -1.0, -1.0, 2.0, 1.0, 1.0, 1.0, 0.0, 0.0, -1.0, 2.0, 2.0, 2.0, 1.0, -1.0, -1.0, 2.0, 0.0, 1.0, 1.0, 0.0, 2.0, 2.0, 2.0, 2.0, 3.0, 2.0, 1.0, 2.0, -1.0, 2.0, 3.0, 2.0, 0.0, 0.0, 0.0, 1.0, 0.0, -1.0, 3.0, -1.0, 3.0, 1.0, 0.0, 1.0, 580.0, 99429.0
0.0, -1.0, 1.0, -1.0, -1.0, 3.0, 2.0, 1.0, 3.0, 2.0, 3.0, 2.0, 2.0, 1.0, -1.0, 1.0, 2.0, 1.0, 1.0, 0.0, 3.0, 1.0, 0.0, 0.0, 1.0, 2.0, 0.0, -1.0, 0.0, 2.0, -1.0, 3.0, 2.0, 2.0, -1.0, 3.0, 1.0, 3.0, 3.0, 1.0, 0.0, 3.0, -1.0, 1.0, 3.0, 0.0, 2.0, 1.0, 2.0, 3.0, 581.0, 99417.0
0.0, -1.0, 1.0, -1.0, -1.0, 3.0, 2.0, 1.0, 3.0, 2.0, 3.0, 2.0, 2.0, 1.0, 0.0, 1.0, -1.0, 1.0, 1.0, 0.0, 3.0, 1.0, 0.0, 0.0, 1.0, 2.0, 0.0, -1.0, 0.0, 2.0, -1.0, 3.0, 2.0, 2.0, -1.0, -1.0, 1.0, -1.0, 3.0, 1.0, 0.0, 3.0, -1.0, 1.0, 3.0, 0.0, 3.0, 1.0, 2.0, 3.0, 558.0, 99458.0
2.0, 3.0, 1.0, 2.0, 3.0, 2.0, 0.0, 1.0, 1.0, 2.0, 1.0, 1.0, 1.0, -1.0, 2.0, 2.0, 2.0, 0.0, 1.0, 3.0, 0.0, 0.0, 0.0, 2.0, 0.0, 0.0, 1.0, 3.0, 3.0, 0.0, 1.0, 2.0, 0.0, 0.0, -1.0, 0.0, 1.0, 0.0, 0.0, 1.0, 0.0, -1.0, 2.0, 3.0, 1.0, 2.0, 2.0, 3.0, 2.0, 1.0, 671.0, 99361.0
0.0, -1.0, 1.0, -1.0, -1.0, 3.0, 2.0, 1.0, 3.0, 2.0, 3.0, 2.0, 2.0, 1.0, 0.0, 1.0, 2.0, 1.0, 1.0, 0.0, 3.0, 1.0, 0.0, 0.0, 1.0, 2.0, 0.0, -1.0, 0.0, 2.0, 0.0, 3.0, 2.0, 2.0, -1.0, 3.0, 1.0, 3.0, 3.0, 1.0, 0.0, 0.0, -1.0, 1.0, 3.0, 0.0, 2.0, 1.0, 2.0, 3.0, 613.0, 99390.0
0.0, -1.0, 1.0, -1.0, -1.0, 3.0, -1.0, 1.0, 3.0, 2.0, 3.0, 2.0, 2.0, 1.0, 1.0, 1.0, 2.0, 1.0, 1.0, 0.0, 3.0, 1.0, 0.0, 0.0, 1.0, 2.0, 0.0, -1.0, 0.0, 2.0, -1.0, 3.0, 2.0, 2.0, -1.0, 3.0, 1.0, -1.0, 3.0, 1.0, 0.0, 3.0, -1.0, 1.0, 3.0, 0.0, 3.0, 1.0, 2.0, 3.0, 569.0, 99433.0
0.0, -1.0, 1.0, -1.0, -1.0, 3.0, 2.0, 1.0, 3.0, 2.0, 3.0, 2.0, 2.0, 1.0, 0.0, 1.0, -1.0, 1.0, 1.0, 0.0, 3.0, 1.0, 0.0, 0.0, 1.0, 0.0, 0.0, -1.0, 0.0, 2.0, -1.0, 3.0, 2.0, 2.0, -1.0, -1.0, 1.0, -1.0, 3.0, 1.0, 0.0, 1.0, -1.0, 2.0, 3.0, 0.0, 3.0, 1.0, 2.0, 3.0, 558.0, 99458.0
0.0, -1.0, 1.0, -1.0, -1.0, 3.0, 2.0, 1.0, 3.0, 2.0, 3.0, 2.0, 2.0, 1.0, -1.0, 2.0, 2.0, 1.0, 1.0, 0.0, 3.0, 1.0, 1.0, 0.0, 1.0, 2.0, 0.0, -1.0, 0.0, 2.0, -1.0, 3.0, 2.0, 1.0, -1.0, 2.0, 1.0, -1.0, 3.0, 1.0, 0.0, 3.0, -1.0, 1.0, 1.0, 2.0, 3.0, 1.0, 2.0, 3.0, 563.0, 99436.0
1.0, 1.0, 3.0, -1.0, -1.0, 3.0, 1.0, 0.0, 1.0, 2.0, 0.0, -1.0, -1.0, 3.0, 0.0, 1.0, 2.0, 1.0, 2.0, 1.0, -1.0, 0.0, 2.0, 2.0, -1.0, 0.0, 0.0, 2.0, -1.0, 0.0, -1.0, 1.0, -1.0, 0.0, -1.0, -1.0, 3.0, 0.0, 0.0, 2.0, -1.0, 3.0, -1.0, -1.0, 2.0, -1.0, 1.0, 0.0, 2.0, 0.0, 494.0, 99535.0
0.0, -1.0, 1.0, -1.0, -1.0, 3.0, 2.0, 1.0, 3.0, 2.0, 3.0, 2.0, 2.0, 1.0, 0.0, 1.0, 2.0, 1.0, 1.0, 0.0, 3.0, 1.0, 0.0, 0.0, 1.0, 2.0, 0.0, -1.0, 2.0, 2.0, 0.0, 3.0, 2.0, 2.0, -1.0, 3.0, 1.0, 3.0, 3.0, 1.0, 0.0, 0.0, -1.0, 1.0, 3.0, 0.0, 2.0, 1.0, 2.0, 3.0, 613.0, 99390.0
0.0, -1.0, 0.0, 2.0, 1.0, 1.0, -1.0, -1.0, 2.0, 1.0, 1.0, 1.0, 0.0, 0.0, -1.0, 2.0, 2.0, 2.0, 1.0, -1.0, -1.0, 2.0, 0.0, 1.0, 1.0, 0.0, 2.0, 2.0, 0.0, 2.0, 3.0, 2.0, 1.0, 3.0, -1.0, 2.0, 3.0, 2.0, 0.0, 0.0, 0.0, 1.0, 0.0, -1.0, 3.0, -1.0, 3.0, 1.0, 0.0, 1.0, 580.0, 99429.0
0.0, -1.0, 1.0, -1.0, -1.0, 3.0, 2.0, 1.0, 3.0, 2.0, 3.0, 2.0, 2.0, 1.0, 0.0, 1.0, -1.0, 1.0, 1.0, 0.0, 3.0, 1.0, 0.0, 0.0, 1.0, 2.0, 0.0, -1.0, 0.0, 2.0, -1.0, 3.0, 2.0, 2.0, -1.0, -1.0, 1.0, -1.0, 3.0, 1.0, 0.0, 3.0, -1.0, 1.0, 3.0, 0.0, 3.0, 1.0, 2.0, 3.0, 558.0, 99458.0
0.0, -1.0, 0.0, 2.0, 1.0, 1.0, -1.0, -1.0, 2.0, 1.0, 1.0, 1.0, 0.0, 0.0, -1.0, 2.0, 2.0, 2.0, 1.0, -1.0, -1.0, 2.0, 0.0, 1.0, 1.0, 0.0, 2.0, 2.0, 2.0, 2.0, 3.0, 2.0, 1.0, 2.0, -1.0, 2.0, 1.0, 2.0, 0.0, 0.0, 0.0, 1.0, 0.0, -1.0, 3.0, -1.0, 3.0, 1.0, 0.0, 1.0, 580.0, 99429.0
0.0, -1.0, 1.0, -1.0, -1.0, 3.0, 2.0, 1.0, 3.0, 2.0, 3.0, 2.0, 2.0, 1.0, 0.0, 1.0, 2.0, 1.0, 1.0, 0.0, 3.0, 1.0, 0.0, 0.0, 1.0, 2.0, 0.0, -1.0, 0.0, 2.0, -1.0, 3.0, 2.0, 0.0, -1.0, 3.0, 1.0, 3.0, 3.0, 1.0, 0.0, 3.0, -1.0, 1.0, 3.0, 0.0, 2.0, 1.0, 2.0, 3.0, 599.0, 99403.0
1.0, 1.0, 3.0, -1.0, -1.0, 0.0, 1.0, 0.0, 1.0, 2.0, 0.0, -1.0, 1.0, 3.0, 0.0, 1.0, 2.0, 1.0, 2.0, 1.0, 0.0, 0.0, 2.0, 2.0, -1.0, 0.0, 0.0, 2.0, 3.0, 0.0, -1.0, 1.0, -1.0, 0.0, -1.0, 0.0, 3.0, 0.0, 0.0, 1.0, -1.0, 3.0, -1.0, -1.0, 2.0, -1.0, 1.0, 3.0, 2.0, 0.0, 548.0, 99468.0
0.0, -1.0, 1.0, -1.0, -1.0, 3.0, 2.0, 1.0, 3.0, 2.0, 3.0, 2.0, 2.0, 1.0, 0.0, 1.0, 2.0, 1.0, 1.0, 0.0, 3.0, 1.0, 2.0, 0.0, 1.0, 2.0, 0.0, -1.0, 0.0, 2.0, 0.0, 3.0, 2.0, 2.0, -1.0, 3.0, 1.0, 3.0, 3.0, 1.0, 0.0, 0.0, -1.0, -1.0, 2.0, 0.0, 2.0, 1.0, 2.0, 3.0, 596.0, 99405.0
0.0, -1.0, 1.0, -1.0, -1.0, 3.0, -1.0, 1.0, 3.0, 2.0, 3.0, 2.0, 2.0, 1.0, 3.0, 1.0, 2.0, 1.0, 1.0, 0.0, 3.0, 1.0, 0.0, 0.0, 1.0, 2.0, 0.0, -1.0, 0.0, 2.0, -1.0, 3.0, 2.0, 2.0, -1.0, 3.0, 1.0, -1.0, 3.0, 1.0, 0.0, 3.0, -1.0, 1.0, 3.0, 0.0, 2.0, 1.0, 2.0, 3.0, 569.0, 99433.0
0.0, -1.0, 1.0, -1.0, -1.0, 3.0, 2.0, 1.0, 3.0, 2.0, 3.0, 2.0, 2.0, 1.0, 0.0, 1.0, 2.0, 1.0, 1.0, 0.0, 3.0, 1.0, 0.0, 0.0, 1.0, 2.0, 0.0, -1.0, 0.0, 2.0, -1.0, 3.0, 2.0, 2.0, -1.0, 3.0, 1.0, 3.0, 3.0, 1.0, 0.0, 3.0, -1.0, 1.0, 3.0, 0.0, 2.0, 1.0, 2.0, 3.0, 599.0, 99403.0
0.0, -1.0, 1.0, -1.0, -1.0, 3.0, 2.0, 1.0, 3.0, 2.0, 3.0, 2.0, 2.0, 1.0, 0.0, 1.0, -1.0, 1.0, 1.0, 0.0, 3.0, 1.0, 0.0, 0.0, 1.0, 2.0, 0.0, -1.0, 0.0, 2.0, -1.0, 3.0, 2.0, 2.0, -1.0, -1.0, 1.0, -1.0, 3.0, 1.0, 0.0, 3.0, -1.0, 1.0, 3.0, 0.0, 3.0, 1.0, 2.0, 3.0, 558.0, 99458.0
2.0, 3.0, 1.0, 2.0, 3.0, 2.0, 2.0, 1.0, 1.0, 2.0, 1.0, 1.0, 1.0, -1.0, 2.0, -1.0, 2.0, 0.0, 0.0, 3.0, 0.0, 0.0, 0.0, 2.0, 0.0, 0.0, 1.0, 3.0, 3.0, 3.0, 1.0, 2.0, 0.0, 0.0, -1.0, 0.0, 1.0, 0.0, 0.0, 1.0, 0.0, 0.0, 2.0, 3.0, 1.0, 2.0, 2.0, 3.0, 2.0, 1.0, 675.0, 99352.0
0.0, -1.0, 1.0, -1.0, -1.0, 3.0, 0.0, 1.0, 3.0, 2.0, 1.0, 2.0, 2.0, 1.0, 1.0, 1.0, 2.0, 1.0, 1.0, 0.0, 3.0, 0.0, 0.0, 0.0, 1.0, 2.0, 0.0, -1.0, 0.0, 2.0, -1.0, 3.0, 2.0, 2.0, -1.0, 3.0, 3.0, 2.0, 1.0, 1.0, 0.0, 3.0, -1.0, 1.0, 3.0, 0.0, 3.0, 1.0, 2.0, 3.0, 599.0, 99403.0
1.0, 1.0, 3.0, -1.0, -1.0, 0.0, 1.0, 0.0, 1.0, 2.0, 0.0, -1.0, -1.0, 3.0, 0.0, 1.0, 2.0, 1.0, 2.0, 1.0, -1.0, 1.0, 2.0, 2.0, -1.0, 0.0, 0.0, 2.0, -1.0, 0.0, -1.0, 1.0, -1.0, 0.0, -1.0, -1.0, 3.0, 0.0, 0.0, 2.0, -1.0, 3.0, -1.0, -1.0, 2.0, -1.0, 1.0, 0.0, 2.0, 0.0, 494.0, 99535.0
1.0, -1.0, 1.0, -1.0, -1.0, 3.0, 1.0, 1.0, 3.0, 2.0, 3.0, 2.0, 2.0, 1.0, 0.0, 1.0, 2.0, 1.0, 1.0, 0.0, 3.0, 1.0, 0.0, 0.0, 1.0, 2.0, 0.0, -1.0, 0.0, 2.0, -1.0, 3.0, 2.0, 2.0, -1.0, 3.0, 1.0, 3.0, 3.0, 1.0, 0.0, 3.0, -1.0, 1.0, 3.0, 0.0, 2.0, 1.0, 2.0, 3.0, 599.0, 99403.0
1.0, 1.0, 1.0, -1.0, -1.0, 0.0, 1.0, 0.0, 1.0, 2.0, 0.0, -1.0, 1.0, 1.0, 0.0, 1.0, 2.0, 1.0, 2.0, 1.0, -1.0, 0.0, 2.0, 0.0, -1.0, 0.0, 0.0, 2.0, 1.0, 0.0, -1.0, 1.0, -1.0, 0.0, -1.0, -1.0, 3.0, 0.0, 0.0, 2.0, -1.0, 3.0, -1.0, -1.0, 2.0, -1.0, -1.0, 0.0, 2.0, 0.0, 501.0, 99517.0
-1.0, 1.0, 0.0, -1.0, 0.0, -1.0, 0.0, 2.0, 1.0, -1.0, 3.0, 1.0, 0.0, 3.0, -1.0, 2.0, 0.0, 1.0, 1.0, 3.0, -1.0, 0.0, 2.0, 0.0, 2.0, -1.0, 1.0, 1.0, 0.0, 2.0, 2.0, 0.0, -1.0, 2.0, -1.0, 0.0, 1.0, -1.0, -1.0, 2.0, 3.0, 2.0, 2.0, 0.0, 2.0, 1.0, 1.0, 1.0, 2.0, 0.0, 555.0, 99463.0
0.0, -1.0, 1.0, -1.0, -1.0, 3.0, 2.0, 1.0, 3.0, 2.0, 3.0, 2.0, 2.0, 1.0, 0.0, 1.0, 2.0, 1.0, 1.0, 0.0, 3.0, 1.0, 0.0, 0.0, 1.0, 2.0, 0.0, 1.0, 0.0, 2.0, 0.0, 3.0, 2.0, 2.0, 3.0, 3.0, 1.0, 3.0, 3.0, 1.0, 0.0, 0.0, -1.0, 1.0, 3.0, -1.0, 2.0, 1.0, 2.0, 3.0, 630.0, 99382.0
0.0, -1.0, 0.0, 2.0, 1.0, 3.0, -1.0, -1.0, 2.0, 1.0, 1.0, 1.0, 0.0, 0.0, -1.0, 2.0, 2.0, 2.0, 1.0, -1.0, -1.0, 2.0, 0.0, 2.0, 1.0, 0.0, 2.0, 2.0, 2.0, 2.0, 3.0, 2.0, 1.0, 3.0, -1.0, 2.0, 3.0, 2.0, 0.0, 0.0, 0.0, 1.0, 0.0, -1.0, 3.0, -1.0, 3.0, 1.0, 0.0, 1.0, 580.0, 99429.0
0.0, -1.0, 1.0, -1.0, -1.0, 3.0, 2.0, 1.0, 3.0, 2.0, 3.0, 2.0, 2.0, 1.0, -1.0, 1.0, 2.0, 1.0, 1.0, 0.0, 3.0, 1.0, 0.0, 0.0, 1.0, 2.0, 0.0, -1.0, 1.0, 2.0, -1.0, 3.0, 2.0, 2.0, -1.0, 3.0, 1.0, 3.0, 3.0, 2.0, 0.0, 3.0, -1.0, 1.0, 3.0, 0.0, 2.0, 1.0, 2.0, 3.0, 581.0, 99417.0
0.0, -1.0, 1.0, -1.0, -1.0, 3.0, 2.0, 1.0, 3.0, 2.0, 3.0, 2.0, 2.0, 1.0, 0.0, 1.0, -1.0, 1.0, 1.0, 3.0, 3.0, 1.0, 0.0, 0.0, 1.0, 2.0, 1.0, -1.0, 0.0, 2.0, -1.0, 2.0, 2.0, 2.0, -1.0, -1.0, 1.0, -1.0, 3.0, 1.0, 0.0, 3.0, -1.0, 1.0, 3.0, 0.0, 3.0, 1.0, 2.0, 3.0, 558.0, 99458.0
1.0, 1.0, 3.0, -1.0, -1.0, 0.0, 1.0, 0.0, 1.0, 2.0, 0.0, -1.0, 1.0, 3.0, 0.0, 1.0, 2.0, 1.0, 2.0, 1.0, -1.0, 0.0, 2.0, 2.0, -1.0, 0.0, 0.0, 2.0, 1.0, 0.0, -1.0, 1.0, -1.0, 0.0, -1.0, -1.0, 0.0, 0.0, 0.0, 2.0, -1.0, 3.0, -1.0, -1.0, 2.0, -1.0, 1.0, 0.0, 2.0, 0.0, 519.0, 99503.0
0.0, -1.0, 0.0, 2.0, 1.0, 1.0, -1.0, -1.0, 2.0, 1.0, 1.0, 1.0, 0.0, 0.0, -1.0, 2.0, 2.0, 2.0, 1.0, -1.0, -1.0, 2.0, 0.0, 1.0, 1.0, 0.0, 2.0, 2.0, 2.0, 2.0, 3.0, 2.0, 1.0, 3.0, -1.0, 2.0, 3.0, 2.0, 0.0, 0.0, 0.0, 1.0, 0.0, -1.0, 3.0, -1.0, 3.0, 1.0, 0.0, 1.0, 580.0, 99429.0
1.0, 1.0, 3.0, -1.0, -1.0, 0.0, 1.0, 0.0, 1.0, 2.0, 0.0, -1.0, -1.0, 3.0, 0.0, 1.0, 2.0, 1.0, 1.0, 0.0, -1.0, 0.0, 2.0, 2.0, -1.0, 2.0, 0.0, 2.0, -1.0, 0.0, -1.0, 1.0, -1.0, 0.0, -1.0, -1.0, 3.0, 0.0, 0.0, 2.0, -1.0, 3.0, -1.0, -1.0, 2.0, -1.0, 1.0, 0.0, 2.0, 0.0, 494.0, 99535.0
0.0, -1.0, 1.0, -1.0, -1.0, 3.0, 2.0, 1.0, 3.0, 2.0, 3.0, 2.0, 2.0, 1.0, 0.0, 1.0, 2.0, 1.0, 1.0, 0.0, 3.0, 1.0, 0.0, 0.0, 1.0, 2.0, 0.0, -1.0, 0.0, 2.0, -1.0, 3.0, 2.0, 2.0, -1.0, 3.0, 1.0, 3.0, 3.0, 1.0, 0.0, 3.0, -1.0, 1.0, 3.0, 0.0, 2.0, 1.0, 2.0, 3.0, 599.0, 99403.0
1.0, 1.0, 3.0, -1.0, -1.0, 0.0, 1.0, 0.0, 1.0, 2.0, 0.0, -1.0, 1.0, 3.0, 0.0, 1.0, 2.0, 1.0, 2.0, 1.0, -1.0, 0.0, 2.0, 2.0, -1.0, 0.0, 0.0, 2.0, 1.0, 0.0, -1.0, 1.0, -1.0, 0.0, -1.0, -1.0, 3.0, 0.0, 0.0, 2.0, -1.0, 3.0, -1.0, -1.0, 2.0, -1.0, 1.0, 0.0, 2.0, 0.0, 519.0, 99503.0
1.0, 1.0, 3.0, -1.0, -1.0, 0.0, 1.0, 0.0, 1.0, 2.0, 0.0, -1.0, 1.0, 3.0, 0.0, 1.0, 2.0, 1.0, 2.0, 1.0, -1.0, 0.0, 2.0, 2.0, -1.0, 0.0, 0.0, 2.0, 1.0, 0.0, -1.0, 2.0, -1.0, 0.0, -1.0, -1.0, 3.0, 0.0, 0.0, 2.0, -1.0, 3.0, -1.0, -1.0, 2.0, -1.0, 1.0, 0.0, 2.0, 0.0, 519.0, 99503.0
0.0, -1.0, 1.0, -1.0, -1.0, 3.0, 2.0, 1.0, 3.0, 2.0, 3.0, 2.0, 2.0, 1.0, 0.0, 1.0, 2.0, 1.0, 1.0, 0.0, 3.0, 1.0, 0.0, 0.0, 1.0, 2.0, 0.0, -1.0, 0.0, 2.0, 0.0, 3.0, 2.0, 2.0, -1.0, 3.0, 1.0, 3.0, 3.0, 1.0, 0.0, 0.0, -1.0, 1.0, 3.0, 0.0, 2.0, 1.0, 2.0, 3.0, 613.0, 99390.0
1.0, 1.0, 3.0, -1.0, -1.0, 0.0, 1.0, 0.0, 1.0, 2.0, 0.0, -1.0, 1.0, 3.0, 0.0, 1.0, 2.0, 1.0, 2.0, 1.0, -1.0, 0.0, 2.0, 2.0, -1.0, 0.0, 0.0, 2.0, 1.0, 0.0, -1.0, 1.0, -1.0, 0.0, -1.0, -1.0, 0.0, 0.0, 0.0, 2.0, -1.0, 3.0, -1.0, -1.0, 2.0, -1.0, 1.0, 0.0, 2.0, 0.0, 519.0, 99503.0
1.0, 1.0, 3.0, -1.0, -1.0, 0.0, 1.0, 0.0, 1.0, 2.0, 0.0, -1.0, 1.0, 3.0, 0.0, 1.0, 2.0, 1.0, 2.0, 1.0, -1.0, 0.0, 2.0, 2.0, -1.0, 0.0, 0.0, 2.0, 1.0, 0.0, -1.0, 1.0, -1.0, 0.0, -1.0, -1.0, 3.0, 0.0, 0.0, 2.0, -1.0, 3.0, -1.0, -1.0, 2.0, -1.0, 1.0, 0.0, 2.0, 0.0, 519.0, 99503.0
0.0, -1.0, 1.0, -1.0, -1.0, 3.0, 1.0, 1.0, 3.0, 2.0, 3.0, 2.0, 2.0, 1.0, 0.0, 1.0, 2.0, 1.0, 1.0, 0.0, 3.0, 1.0, 0.0, 0.0, 1.0, 2.0, 0.0, -1.0, 0.0, 2.0, -1.0, 3.0, 2.0, 2.0, -1.0, 3.0, 1.0, 3.0, 3.0, 1.0, 0.0, 3.0, -1.0, 1.0, 3.0, 0.0, 2.0, 1.0, 2.0, 0.0, 599.0, 99403.0
1.0, 1.0, 3.0, -1.0, -1.0, 0.0, 2.0, 0.0, 1.0, 2.0, 0.0, -1.0, 1.0, 3.0, 0.0, 1.0, 2.0, 1.0, 2.0, 1.0, -1.0, 0.0, 2.0, 2.0, -1.0, 0.0, 0.0, 2.0, 1.0, 0.0, -1.0, 1.0, -1.0, 0.0, -1.0, -1.0, 3.0, 0.0, 0.0, 2.0, -1.0, 3.0, -1.0, -1.0, 2.0, -1.0, 1.0, 0.0, 2.0, 3.0, 519.0, 99503.0
0.0, -1.0, 1.0, -1.0, -1.0, 3.0, 2.0, 1.0, 3.0, 2.0, 3.0, 2.0, 2.0, 1.0, 0.0, 1.0, -1.0, 1.0, 1.0, 0.0, 3.0, 1.0, 0.0, 0.0, 1.0, 2.0, 0.0, -1.0, 0.0, 2.0, -1.0, 3.0, 2.0, 2.0, -1.0, -1.0, 1.0, -1.0, 3.0, 1.0, 0.0, 1.0, -1.0, 2.0, 3.0, 0.0, 3.0, 1.0, 2.0, 3.0, 558.0, 99458.0
2.0, 3.0, 1.0, 2.0, 3.0, 2.0, 2.0, 1.0, 1.0, 2.0, 1.0, 1.0, 1.0, -1.0, 2.0, -1.0, 2.0, 0.0, 0.0, 3.0, 0.0, 0.0, 0.0, 2.0, 0.0, 0.0, 1.0, 3.0, 3.0, 3.0, 1.0, 2.0, 0.0, 0.0, -1.0, 0.0, 1.0, 0.0, 0.0, 1.0, 0.0, 0.0, 2.0, 3.0, 1.0, 2.0, 2.0, 3.0, 2.0, 1.0, 675.0, 99352.0
2.0, 3.0, 1.0, 2.0, 3.0, 2.0, 2.0, 1.0, 1.0, 2.0, 3.0, 1.0, 1.0, -1.0, 2.0, 2.0, 2.0, 0.0, 1.0, 3.0, 0.0, 0.0, 0.0, 2.0, 0.0, 0.0, 1.0, 3.0, 3.0, 3.0, 1.0, 2.0, 0.0, 0.0, -1.0, 0.0, 1.0, 0.0, 3.0, 1.0, 0.0, 0.0, 2.0, 3.0, 1.0, 2.0, 2.0, 3.0, 0.0, 1.0, 690.0, 99346.0
0.0, -1.0, 1.0, -1.0, -1.0, 3.0, 2.0, 1.0, 3.0, 2.0, 3.0, 2.0, 2.0, 1.0, -1.0, 2.0, 2.0, 1.0, 1.0, 0.0, 3.0, 0.0, 1.0, 0.0, 1.0, 2.0, 0.0, -1.0, 0.0, 2.0, -1.0, 3.0, 2.0, 1.0, -1.0, 2.0, 1.0, -1.0, 3.0, 1.0, 0.0, 3.0, -1.0, 1.0, 3.0, 0.0, 3.0, 1.0, 2.0, 3.0, 563.0, 99436.0
1.0, 1.0, 3.0, -1.0, -1.0, 0.0, 1.0, 0.0, 1.0, 2.0, 0.0, -1.0, 1.0, 3.0, 0.0, 1.0, 2.0, 1.0, 2.0, 1.0, -1.0, 0.0, 2.0, 2.0, -1.0, 0.0, 0.0, 2.0, 2.0, 0.0, -1.0, 1.0, -1.0, 0.0, -1.0, -1.0, 0.0, 0.0, 0.0, 2.0, -1.0, 3.0, -1.0, -1.0, 2.0, -1.0, 1.0, 0.0, 2.0, 1.0, 519.0, 99503.0
1.0, -1.0, 3.0, -1.0, 2.0, 1.0, 0.0, 0.0, 3.0, 1.0, 1.0, 3.0, 3.0, 1.0, 3.0, 1.0, 1.0, 0.0, 1.0, 3.0, 2.0, 2.0, 3.0, 2.0, 3.0, 2.0, 0.0, 1.0, 1.0, 0.0, 3.0, 0.0, -1.0, 1.0, -1.0, 0.0, 1.0, -1.0, 1.0, 0.0, 2.0, 1.0, 0.0, 2.0, 0.0, 0.0, 3.0, 3.0, 2.0, 0.0, 633.0, 99379.0
1.0, 1.0, 3.0, -1.0, -1.0, 3.0, 1.0, 0.0, 1.0, 2.0, 0.0, -1.0, -1.0, 3.0, 0.0, 1.0, 2.0, 1.0, 2.0, 0.0, -1.0, 0.0, 2.0, 2.0, -1.0, 0.0, 0.0, 2.0, -1.0, 0.0, -1.0, 1.0, -1.0, 0.0, -1.0, -1.0, 3.0, 2.0, 0.0, 2.0, -1.0, 3.0, -1.0, -1.0, 2.0, -1.0, 1.0, 0.0, 2.0, 0.0, 494.0, 99535.0
