5.62052123446, 1.19249150835, 0.751550434448, 1.04255229981, 4.79448817287, 0.788816355615, 4.6114946093, 0.889931315468, 0.955719573712, 5.33768162968, 7.58088421388, 0.954338412578, 2.46233544458, 1.13621504269, 1.09000071441, 1.10283659553, 1.04634184557, 0.929578187682, 4.52113771678, 0.979604143959, 0.875299954182, 237.841216932, 1.06628741177, 5.70116668579, 1.20377948463, 1.05883970767, 1.022334862, 7.56048882054, 53.1472706326
5.61346341489, 1.00795900628, 1.10358199214, 1.13084931961, 2.89237319455, 0.827713852277, 5.8116722198, 0.911582057554, 0.963342872653, 4.12407513815, 4.15676837189, 1.05952748, 4.02800930828, 1.22510214562, 1.09000000847, 1.07062931446, 1.0133933844, 1.19561923964, 3.86303035536, 1.02096948256, 0.927764692371, 282.624601817, 1.01108795233, 1.46485874653, 0.973928737806, 4.14395943891, 0.8906273583, 12.4964254956, 207.427173488
1.80827503055, 1.02478654064, 0.94016282664, 0.893641066718, 2.25004737041, 0.956142622849, 5.46958330804, 0.929453414607, 0.971639846073, 2.38037780795, 7.71628506465, 0.825654938786, 4.84073773111, 0.898384157904, 1.09000009902, 1.08631518356, 1.00159040163, 0.817739605449, 7.55505788002, 1.15029314823, 0.977383673713, 310.598367176, 1.01980806409, 5.30172082824, 1.17745805568, 2.13552733519, 1.19487459386, 13.3620287057, 198.193011641
5.04725932875, 1.20835114227, 1.06851404574, 0.88601533197, 1.62055244614, 0.961701778158, 1.45318284587, 1.081524827, 0.944915247469, 4.7572205611, 7.72090320273, 0.947610911584, 2.09467396574, 1.19521936464, 1.09000055827, 1.08640753049, 1.04552058037, 1.14473112486, 4.75174033329, 1.15242835021, 0.825557201245, 183.028138032, 1.11018832057, 5.61379484949, 1.01846943171, 1.65959186028, 1.11740596913, 11.7580093233, 1966.71396662
5.75688951426, 1.40179395986, 1.05593156217, 0.843855579534, 5.70355925616, 0.822974476696, 1.36846934417, 0.982924537963, 0.967017860975, 5.1018490525, 6.93304274659, 0.821157462971, 3.5164410492, 1.18806765738, 1.0900000349, 1.09538559582, 1.00441340634, 0.81657331388, 8.50848242864, 0.999732341058, 0.811965487955, 82.4301647413, 0.951902029915, 1.39328188747, 1.11526447113, 1.3876165921, 1.03639007702, 11.9357536619, 490.705650834
4.10531422483, 1.07403402611, 1.119750238, 0.849207411939, 4.3913059552, 0.899613771214, 4.20137527524, 1.08145747037, 0.990215565567, 1.94196214686, 4.01285699193, 1.05034891785, 1.2089203859, 1.06467648102, 1.09000033141, 1.07873639982, 1.01905645725, 0.881460768117, 6.06927619582, 0.912099467765, 0.990586633547, 267.465347188, 1.13366008633, 3.80902894255, 1.07003555245, 1.33254474819, 1.18136401496, 26.7892534408, 261.756797304
1.07770437825, 1.29206036683, 0.734483665525, 1.04292740347, 4.4400514882, 0.956704253622, 5.84436278286, 1.05632225301, 0.969871169889, 1.28825971135, 7.06290431621, 0.837503218817, 4.79295236069, 1.25498827805, 1.09000023916, 1.00527891461, 1.00644555994, 0.832206165362, 9.92438830087, 1.18165388474, 0.789559187193, 207.547635444, 0.972203339334, 2.98394099177, 1.10860916435, 2.01404869898, 1.25483994288, 15.1460817351, 375.984933762
5.32113601874, 1.31961214067, 1.15089613516, 0.809233690777, 3.47760972823, 0.964664417206, 2.30578864438, 0.958415103731, 0.945516748314, 3.46944000421, 2.30315525148, 1.09907707256, 3.44386592243, 1.04896551779, 1.09000051309, 1.00151343666, 1.00455824014, 1.05691744573, 8.12936631821, 0.965459224613, 0.834448855394, 62.7870314096, 1.10347576292, 4.98082077127, 1.0242506682, 1.47562740072, 0.935803322792, 13.1034230523, 2138.85253116
5.32101524, 1.26977889282, 1.0253485512, 1.16249278436, 5.24329735844, 0.984269112409, 1.97385280191, 1.05930254161, 0.915574936297, 3.41589657545, 5.07042044131, 0.905407997704, 2.73194260904, 0.960749460238, 1.09000037148, 1.03293827356, 1.02662958134, 0.970349641354, 4.96360356704, 0.984813396596, 0.869246536369, 378.272977057, 1.10694810918, 5.45276957307, 0.974674913436, 2.67816945136, 1.1524933109, 15.1097218744, 843.191555706
1.3134678465, 1.11655168365, 1.07500920726, 0.95287769494, 4.86161529682, 0.762565707472, 4.51767279323, 0.982872700455, 0.935641536263, 3.26039813886, 3.40973251839, 1.02316015661, 1.35954977147, 1.27129774256, 1.09000020262, 1.05259275544, 1.01283670823, 1.14837659751, 4.16741591216, 1.14733584156, 0.801660859965, 22.2695436086, 1.02554356716, 3.32409365248, 1.14081051199, 4.99280605429, 1.07134633041, 21.319361234, 541.400374813
4.58308302918, 1.13018073622, 0.780090652822, 1.10206452627, 2.37140199164, 0.912600664973, 5.5503330631, 1.08120891627, 0.971114025461, 4.74126644779, 4.66527411785, 0.827746364773, 4.75525310802, 0.970660922379, 1.09000043418, 1.01849835665, 1.04573960813, 0.959047003304, 8.41784649773, 1.13021834686, 0.800683316166, 272.04037952, 1.17414922323, 2.58842351352, 0.962768547281, 5.01084355421, 1.05207630654, 26.6825845827, 503.62975882
3.73957995927, 1.21248341376, 1.05725512239, 0.995460861835, 6.26718251256, 0.806175284966, 4.67009957948, 0.980608499985, 0.9371550901, 2.33645806629, 4.30269799679, 0.956886064568, 4.38849749058, 0.961111398484, 1.09000087696, 1.00680341697, 1.00533391905, 0.862660221538, 7.30747968543, 1.03381402029, 0.975424678335, 227.629776934, 1.03502944121, 2.45428595269, 1.00827065526, 2.40450087486, 0.980742610519, 23.1492655833, 708.644372374
3.36321902562, 1.16823352471, 0.767872973047, 0.948895531445, 3.34970458755, 0.938440420508, 5.84342797411, 0.903510082253, 0.984499753146, 1.56498548973, 3.67104635622, 0.997468490272, 4.80703389378, 1.23755957207, 1.09000088461, 1.05844804413, 1.03535822621, 0.996421235942, 3.46275844351, 1.11937565695, 0.855395100033, 184.016912756, 1.01248413696, 3.27220790718, 1.03510010037, 4.00202912846, 1.00686739528, 18.1078645608, 1818.30525668
4.33345617606, 1.35603697681, 0.763126586094, 0.872544890569, 5.05397803494, 0.842858793492, 2.73905933524, 0.930267965677, 0.979675200116, 1.59378375675, 5.27332430759, 0.910396349996, 4.16300157453, 0.937395349386, 1.09000014097, 1.05966839679, 1.04917922361, 1.10230460163, 6.73736303599, 1.0921181102, 0.959025799106, 283.053144107, 1.18718477963, 3.93941847047, 1.06051751468, 1.15774456826, 0.970807354054, 25.5713504837, 911.578781768
5.37402635107, 1.19965079609, 0.858013667117, 1.09274440197, 6.48439561109, 0.922419178405, 1.05855888363, 0.965554356933, 0.972006815619, 4.09457080871, 1.57076668162, 0.924246295016, 1.4913081625, 1.25680865887, 1.09000075216, 1.05702218841, 1.01105703656, 0.894595315573, 4.21709530295, 1.04145069299, 0.965892461297, 288.843920388, 0.992926871274, 4.14812503532, 1.18294175773, 4.5288497592, 0.918728225297, 16.5229854726, 4599.12478532
3.34979899143, 1.00669030618, 1.10358199214, 1.13084931961, 2.89237319455, 0.827713852277, 5.8116722198, 0.911582057554, 0.963342872653, 4.12407513815, 6.20598379318, 1.05952748, 4.16003873277, 1.22510214562, 1.09000000847, 1.08544548229, 1.0133933844, 1.19561923964, 3.86303035536, 1.02096948256, 0.861400942451, 282.624601817, 1.01108795233, 1.11465600423, 0.973928737806, 3.30144423438, 0.8906273583, 15.5560782702, 7146.60026914
3.83229369298, 1.17360463824, 1.11092864843, 0.902476251925, 2.13727995936, 0.755068110455, 2.00062792185, 1.05523343646, 0.993025287179, 4.31612696891, 5.90083553264, 0.941316080018, 3.03693377951, 1.01808815693, 1.09000084767, 1.06011592082, 1.04751449252, 1.07424538776, 3.79084172121, 0.949318243212, 0.855493467566, 313.923084823, 1.02004255054, 5.08564055637, 1.033910222, 3.24456424922, 1.23410434295, 17.7590668694, 4856.3825149
2.48980877548, 1.0246383383, 0.918518374375, 1.03640004908, 6.90408302146, 0.912010142133, 1.50336148592, 0.938508683042, 0.945019936445, 1.680544922, 7.61958823359, 1.06289820307, 3.26745544389, 0.897372323395, 1.09000077382, 1.05090971557, 1.03474891976, 1.01210482571, 7.78711713504, 1.10007069795, 0.85679113904, 126.662139631, 0.956758446774, 1.91792737877, 1.11576570663, 4.15709543405, 1.13708010497, 20.3096226155, 2519.28303278
4.84637878645, 1.09286528156, 0.993397704039, 0.855305168002, 4.53119020757, 0.911033780934, 5.74264726069, 1.04807246007, 0.978756763684, 3.17449934418, 2.7228186867, 0.930111598549, 2.92691249343, 1.04846191722, 1.09000085062, 1.09543612122, 1.01805233783, 0.942620814537, 8.93457718718, 1.15797817469, 0.784562503976, 274.068537091, 1.1207645504, 3.914109736, 1.09085262751, 3.18299897244, 1.26898584137, 19.8613529356, 2997.26239386
3.93242914986, 1.09745549824, 1.12421288456, 0.814346830282, 3.23612237672, 0.916338467004, 5.08337771538, 0.841709589106, 0.942898250077, 4.81166089633, 3.08847494965, 1.04129739641, 4.16218959951, 0.938877635959, 1.09000067332, 1.04701481662, 1.00793263105, 1.06563430126, 6.94182328692, 1.05832788041, 0.859810896444, 98.2967626154, 1.06777340164, 3.6801196468, 1.00644441509, 3.04961721171, 0.936967419395, 24.2972806989, 2021.01939704
2.35281206747, 1.35611270016, 0.872647866912, 0.956528845762, 1.6295811244, 0.878594542763, 4.27023501819, 1.02803329369, 0.925441667754, 2.61840427532, 4.24415463565, 0.974559478042, 2.78150954643, 0.851598180476, 1.09000064868, 1.0161340236, 1.00219391887, 1.1439542635, 9.03597330808, 1.04790763473, 0.968963583278, 24.0503604578, 0.975892477669, 2.48263671645, 1.05395492477, 3.89756584483, 1.05149983101, 20.3594163354, 2621.17949864
2.78812226506, 1.13126346985, 0.751550434448, 1.01766685311, 5.93529994292, 0.896219852228, 5.09742109716, 0.982580862413, 0.955719573712, 3.62601957917, 5.0209140231, 0.839459959756, 4.09590578127, 1.12945946412, 1.09000067725, 1.04558850945, 1.04634184557, 0.983490367942, 4.19412612919, 1.01738293291, 0.764019205325, 77.5794502147, 0.951782535456, 4.03773291367, 0.962959555844, 3.2865081156, 1.12531762859, 28.7291495717, 996.577160286
4.97573160768, 1.22524531627, 1.15956776785, 0.932464401223, 5.37039953644, 0.904208813956, 1.83824521489, 1.03222897295, 0.902962778709, 3.56473900338, 7.51624380127, 0.85037044664, 2.62978047678, 1.13812586494, 1.09000033587, 1.02185527791, 1.03615219726, 0.984555634107, 4.03094609851, 1.16851559382, 0.90273977031, 18.854777505, 1.16785392271, 4.70016848383, 0.959625206401, 1.7411250941, 1.07736775627, 31.2478512162, 1256.79227105
5.6381806641, 1.36820272613, 0.94390312426, 0.953184208439, 3.76791372188, 0.771585447458, 3.85263113442, 1.08039543663, 0.927512605775, 2.46031397223, 6.7537408152, 0.838092496683, 4.00510968108, 1.0739232086, 1.09000035839, 1.04948640135, 1.04693461021, 1.0016923169, 8.85764098645, 0.920430807396, 0.87840563174, 382.037299843, 1.13107355546, 5.01389324983, 1.01603319846, 3.34317134679, 1.13889725341, 18.9749397254, 11638.6526332
5.9981821141, 1.18360134951, 0.736366691581, 0.823357278414, 3.40799335123, 0.720491598937, 3.36461830637, 1.03660663882, 0.924561332111, 5.5468948574, 3.84420397566, 1.01396910454, 3.21878585963, 1.02424359152, 1.09000072468, 1.02788716066, 1.03358647941, 0.904567028417, 6.51104683217, 0.929663331615, 0.933077046084, 324.920951473, 0.919796714452, 2.74919294049, 1.02825909882, 4.00966568931, 1.18624947514, 21.2153054046, 3033.42980792
2.52473998884, 1.34510666816, 1.06920559391, 0.922187314085, 6.37283664962, 0.803725363291, 2.49514930417, 1.05812839786, 0.966436839734, 4.69754199754, 6.75154479183, 1.0678851737, 1.31032128506, 1.14678209582, 1.09000095429, 1.03043440779, 1.0340100067, 1.11616814038, 4.83357832171, 1.18672232656, 0.961741050007, 373.630790001, 1.12773381348, 4.30194968375, 1.06183061326, 3.15206610937, 1.09640629693, 20.4672039089, 3975.86631063
1.81825956859, 1.11039265012, 0.902122984066, 0.929524639178, 2.47903642266, 0.725386586784, 2.77011747044, 0.952431651952, 0.952707825308, 3.94509247498, 3.81658822089, 0.981047327885, 1.04520826392, 1.15238842666, 1.09000040794, 1.0295360206, 1.02536251139, 1.21535803189, 3.34636744669, 1.13575112126, 0.943600402107, 273.879640507, 1.08699338717, 4.12551697398, 1.22493808804, 5.15894167285, 0.881830589622, 19.1557425041, 12089.9671084
4.87142799601, 1.37290826515, 1.10679247444, 1.19357126128, 5.01786336787, 0.983762500553, 3.09744702136, 1.06264478182, 0.943890205369, 2.98349305456, 4.2484165616, 0.872043317444, 4.65933015481, 1.12481199778, 1.09000069884, 1.03159781413, 1.00942196315, 1.2028906475, 5.57234202079, 1.09104367966, 0.935116862307, 346.812007715, 1.11642705091, 3.88072190628, 1.18162053237, 1.15314267081, 1.28518832496, 26.0338032721, 2584.28646216
1.46113383797, 1.42007917019, 0.926565135701, 0.921490932803, 3.09252551703, 0.73275985667, 3.70106330907, 1.02059432184, 0.965905816752, 2.24595842702, 2.02266057343, 0.887731818044, 2.16732731176, 0.910309668791, 1.09000011508, 1.01973415317, 1.04747793568, 0.824148682859, 8.98743847922, 0.958507823258, 0.882605773662, 225.755601312, 0.938336712161, 1.02671604094, 1.08720798589, 3.9935220648, 1.03964829261, 21.3531475163, 3758.18973788
5.65733191057, 1.36360875604, 1.1089622317, 0.912473553242, 6.55706840517, 0.98399523335, 1.97127514529, 0.836789525188, 0.959581683857, 1.70880216359, 6.77493650265, 0.931116038953, 1.65549683993, 0.919465486045, 1.09000058629, 1.09835595832, 1.04107604341, 1.20430947811, 7.63568825681, 1.13898901805, 0.986030847735, 181.368377665, 1.0196828937, 1.73396277255, 1.05170569577, 3.80460106172, 0.976374068809, 28.6680852665, 2349.40459648
3.94085422575, 1.17462235091, 0.838669294758, 1.16165178237, 5.22038309926, 0.946964104107, 2.51915497937, 0.826887701172, 0.970726885174, 2.5549398134, 7.42505661008, 0.884936900363, 1.23290295847, 0.841509367672, 1.09000028778, 1.07401391168, 1.02334560064, 1.00567442368, 7.82696395422, 0.976230870593, 0.907966896435, 240.392253238, 1.02697919206, 4.67419719158, 0.983056278293, 1.76811361033, 1.20510531389, 23.2012123328, 3748.32832414
4.87142799601, 1.37290826515, 1.10679247444, 1.19357126128, 5.01786336787, 0.983762500553, 3.09744702136, 1.06264478182, 0.943890205369, 2.98349305456, 4.2484165616, 0.864861188092, 4.65933015481, 1.12481199778, 1.09000069884, 1.03159781413, 1.00942196315, 1.2028906475, 5.57234202079, 1.09104367966, 0.935116862307, 346.812007715, 1.11642705091, 4.19713013787, 1.18162053237, 1.15314267081, 1.28518832496, 39.3118823663, 2291.05361867
2.62921106181, 1.22297896155, 0.805014378697, 1.0420591904, 3.35456432203, 0.885696987409, 3.55303078982, 0.880733973019, 0.94661774954, 2.54990563893, 7.56368999128, 1.09444517377, 2.56105901658, 1.22444332757, 1.09000025687, 1.03508242498, 1.00983364536, 1.01562525618, 7.92646574144, 0.952582534653, 0.820640603819, 346.632459031, 1.16683231005, 5.6175468763, 1.19665307315, 3.58058249474, 0.920424132948, 29.7169314606, 2456.73294936
2.10081325501, 1.42302131583, 0.742865840058, 1.02525482071, 5.21826485359, 0.828328894243, 4.93561845245, 0.835266836561, 0.905583710109, 2.46676066705, 3.88432665716, 0.91583739689, 1.06492499966, 0.996458979986, 1.09000073469, 1.05309240045, 1.0038046506, 1.06887816574, 6.74695567656, 1.00402685864, 0.859253213798, 20.7365129612, 1.17652553681, 2.13188211628, 1.20810467888, 4.66287909672, 0.91062784782, 20.6093691667, 17175.4235159
1.69757770189, 1.41132761622, 0.906868838859, 0.932119430654, 5.32942915827, 0.990804388387, 4.53280629052, 0.959170194438, 0.994003237673, 5.90911872364, 5.18251776586, 0.957764614875, 4.93588099292, 0.931249325298, 1.09000099265, 1.04961843839, 1.02385699947, 1.14577164841, 3.83505434401, 1.03219184126, 0.79910268162, 196.064305501, 0.915246608667, 4.11454783516, 1.21502209902, 4.28353162833, 0.877528605312, 22.9225199676, 4917.07402171
2.48980877548, 1.0246383383, 0.918518374375, 1.03640004908, 6.90408302146, 0.885696987409, 1.50336148592, 0.938508683042, 0.945019936445, 1.680544922, 7.61958823359, 1.06289820307, 3.26745544389, 0.897372323395, 1.09000077382, 1.05090971557, 1.03474891976, 1.01210482571, 7.78711713504, 1.10007069795, 0.85679113904, 126.662139631, 0.956758446774, 1.91792737877, 1.11576570663, 4.15709543405, 1.13708010497, 22.6544238601, 5100.00382604
5.75296735755, 1.19965079609, 0.858013667117, 1.09274440197, 6.48439561109, 0.839623251527, 1.05855888363, 0.828202124616, 0.939316492492, 4.09457080871, 1.57076668162, 0.924246295016, 1.11733223207, 1.25680865887, 1.09000075216, 1.06257881215, 1.01105703656, 0.894595315573, 4.21709530295, 1.04145069299, 0.965892461297, 288.843920388, 0.992926871274, 5.50548364865, 1.18294175773, 4.5288497592, 0.918728225297, 28.4512828732, 2852.93658388
1.69757770189, 1.28310094215, 0.906868838859, 0.932119430654, 2.40914157719, 0.990804388387, 4.53280629052, 0.959170194438, 0.994003237673, 5.90911872364, 5.18251776586, 0.957764614875, 4.93588099292, 0.931249325298, 1.09000099265, 1.04961843839, 1.02385699947, 1.14577164841, 3.83505434401, 0.997798418058, 0.79910268162, 76.9258035479, 0.915246608667, 4.11454783516, 1.20334486402, 4.28353162833, 0.877528605312, 26.3611935699, 3447.32432097
3.9504567205, 1.22814407762, 0.86698702634, 1.09461200373, 2.60778254022, 0.806180275824, 1.88768872503, 0.930342145287, 0.979784861982, 2.03891392653, 6.00457090102, 0.93485008874, 4.68229806267, 1.14472472106, 1.09000026633, 1.1020210412, 1.00490127901, 0.947558083014, 6.88722893997, 0.996770682651, 0.906486674425, 357.204889667, 1.05136781592, 3.41219295064, 1.04143022909, 3.80550813768, 1.04173225288, 21.6804868158, 8905.12524546
2.78812226506, 1.13126346985, 1.02713477871, 1.01766685311, 5.93529994292, 0.896219852228, 5.09742109716, 0.982580862413, 0.967576157916, 3.62601957917, 5.0209140231, 0.839459959756, 4.09590578127, 1.12945946412, 1.09000067725, 1.04558850945, 1.01919921766, 0.983490367942, 4.19412612919, 1.01738293291, 0.764019205325, 77.5794502147, 0.951782535456, 4.03773291367, 0.962959555844, 3.2865081156, 1.12531762859, 43.9591995942, 2462.97541801
1.36176767691, 1.09631537072, 0.996153783187, 0.976800316295, 3.92681726038, 0.816144432668, 5.17801601769, 0.980632971181, 0.998098821243, 5.85338776538, 2.7560069025, 0.906717235947, 2.64097507225, 0.814632057277, 1.09000043859, 1.07300117016, 1.04217876315, 1.07260735343, 4.39987362609, 1.15616785311, 0.813206761846, 22.4924011945, 0.973145711821, 3.44393900367, 0.96971755227, 3.11220821445, 1.13129628974, 25.3951312163, 4058.81236693
3.34973343023, 1.06561530209, 0.868430738537, 1.15071804276, 6.734749338, 0.853266958671, 5.43010060608, 0.873612390882, 0.927024913735, 1.6887582562, 5.92937571775, 0.836792260331, 2.33275669897, 1.00072590855, 1.09000010759, 1.08055638795, 1.02408198142, 1.05654842166, 9.00384501079, 1.15599097073, 0.915637156052, 193.652161311, 1.09752832593, 4.75002081746, 1.08046125334, 2.05010282708, 1.09372598765, 27.7072055326, 3214.67598377
1.43642832647, 1.05417277049, 0.757961351653, 1.02088830296, 1.60491037677, 0.976609695342, 2.12004698968, 0.849229286992, 0.905692635594, 3.71944045424, 6.75698453346, 0.988235019071, 2.83027803396, 1.2007106822, 1.09000068058, 1.05990041514, 1.00803745369, 1.02067923108, 4.40843108454, 1.00612828983, 0.843560881638, 208.625030471, 1.08550476893, 5.59016460635, 1.05616029449, 2.36222770159, 1.24763733038, 32.5621698929, 2610.87465687
5.9981821141, 1.18360134951, 0.736366691581, 0.823357278414, 3.40799335123, 0.720491598937, 3.36461830637, 1.03660663882, 0.924561332111, 5.5468948574, 3.84420397566, 1.01396910454, 3.21878585963, 1.02424359152, 1.09000072468, 1.09812558401, 1.03358647941, 0.904567028417, 6.51104683217, 0.929663331615, 0.994337124874, 324.920951473, 0.919796714452, 2.74919294049, 1.07345125566, 4.00966568931, 1.18624947514, 37.6700847026, 2770.03874234
5.75688951426, 1.38425246816, 1.05593156217, 0.843855579534, 5.70355925616, 0.822974476696, 1.36846934417, 0.982924537963, 0.967017860975, 5.1018490525, 6.93304274659, 0.821157462971, 3.5164410492, 1.18806765738, 1.0900000349, 1.09538559582, 1.01910663508, 0.844123883192, 8.50848242864, 0.999732341058, 0.811965487955, 82.4301647413, 0.951902029915, 1.39328188747, 1.14350778089, 1.3876165921, 1.03639007702, 24.2657411992, 7849.2980699
5.75296735755, 1.27654382429, 0.880264137525, 1.05359189324, 2.41667751081, 0.722894555119, 5.77150287832, 0.828202124616, 0.939316492492, 3.48354754774, 5.57805740735, 0.978162730987, 2.57648241115, 1.26155561966, 1.0900004907, 1.00258969124, 1.01224701613, 0.933716080388, 9.64341118322, 0.980597703208, 0.82565702347, 305.354814489, 0.978056363298, 1.60932508148, 1.06727153618, 1.2245669857, 1.16008581205, 23.7611804877, 13896.4370273
5.09373005127, 1.0424293957, 0.93218083952, 1.05040175483, 5.41792810588, 0.746176775268, 4.73813871989, 1.08087138446, 0.948261161241, 3.9319974666, 2.31088888679, 0.884300846975, 3.56972536775, 1.13600085944, 1.09000076425, 1.07962537518, 1.0211136453, 0.912450770011, 7.28485765856, 1.17946271714, 0.800773125875, 316.434253944, 1.11927192926, 1.99829874038, 1.18659216899, 2.40994469791, 1.12972906403, 23.2439929561, 26142.8678305
4.40320361398, 1.42978838499, 0.956910500699, 0.835009333739, 3.17917079601, 0.817370263624, 1.17681688196, 0.936732738212, 0.957210400557, 6.10557149071, 7.30552749798, 1.07021864985, 4.31075095, 0.930973045198, 1.09000010955, 1.01419408153, 1.04627132354, 1.05333719604, 7.08255005788, 0.93540107492, 0.800681254154, 186.461664929, 1.15094871891, 4.0198226335, 1.02826203135, 2.75196299552, 1.20401568269, 24.8042619861, 11322.3636741
2.35281206747, 1.39873471801, 0.872647866912, 0.956528845762, 1.6295811244, 0.878594542763, 4.27023501819, 1.03226951265, 0.917949897325, 2.61840427532, 4.24415463565, 0.974559478042, 2.78150954643, 0.851598180476, 1.09000064868, 1.0161340236, 1.00219391887, 1.1439542635, 9.03597330808, 1.04790763473, 0.968963583278, 299.590877461, 0.975892477669, 4.52202955758, 1.05395492477, 3.89756584483, 1.05149983101, 32.712045043, 3102.10206251
1.43642832647, 1.05417277049, 0.757961351653, 1.02088830296, 1.60491037677, 0.976609695342, 3.44982511356, 0.849229286992, 0.905692635594, 3.71944045424, 6.75698453346, 0.988235019071, 2.83027803396, 1.2007106822, 1.09000078236, 1.05270827565, 1.00803745369, 1.02067923108, 4.40843108454, 1.00612828983, 0.843560881638, 208.625030471, 1.06407910931, 5.59016460635, 1.05616029449, 2.36222770159, 1.24763733038, 26.0723702382, 5279.41059728
3.34973343023, 1.06561530209, 0.868430738537, 1.14882293481, 6.734749338, 0.853266958671, 5.43010060608, 0.873612390882, 0.927024913735, 1.6887582562, 5.92937571775, 0.884918257234, 2.33275669897, 1.00072590855, 1.09000010759, 1.08055638795, 1.02408198142, 1.05654842166, 7.89988143142, 1.15599097073, 0.915637156052, 193.652161311, 1.09752832593, 4.75002081746, 1.08046125334, 2.05010282708, 1.09372598765, 27.9402211454, 4800.8353637
4.66566565008, 1.09043648884, 0.998619776904, 0.932950550955, 1.46548505555, 0.733385127993, 1.01663752697, 1.00472808074, 0.9600230337, 4.86943103699, 7.05044775679, 0.93336870411, 1.53660927326, 0.841783222229, 1.09000018853, 1.01427337195, 1.02768515359, 1.1245751806, 9.67086023278, 1.05145021776, 0.886271877688, 19.0095445144, 1.15489424914, 4.94813386262, 1.12214900691, 4.60937137017, 1.20424209297, 25.7280445939, 11282.7844561
1.16475065652, 1.35484921102, 0.803093410966, 0.910275126584, 4.20708732051, 0.875274330113, 5.05996872748, 0.989707727843, 0.904801070432, 2.3066655386, 7.50950070853, 1.01883198898, 1.30574462997, 0.967804091618, 1.09000029866, 1.10690688387, 1.02033493886, 0.998376105651, 3.2688347017, 1.00694679607, 0.905393786185, 182.586898647, 1.198180877, 4.45955767812, 0.993828350048, 1.87511555034, 1.01575557818, 25.9144625611, 10235.87978
1.80827503055, 1.02478654064, 0.94016282664, 0.893641066718, 2.25004737041, 0.956142622849, 5.46958330804, 0.929453414607, 0.971639846073, 2.38037780795, 7.71628506465, 0.825654938786, 4.84073773111, 0.898384157904, 1.09000009902, 1.08726288653, 1.00159040163, 0.817739605449, 7.01316390535, 1.15029314823, 0.977383673713, 355.67672082, 1.01980806409, 5.30172082824, 1.17745805568, 2.13552733519, 1.19487459386, 25.2348565428, 13910.2921128
4.19453030362, 1.29932016703, 1.1395811459, 1.16102285611, 2.75317818034, 0.896518140057, 1.04458363297, 1.07767730838, 0.945107920292, 3.8588400298, 2.35680307312, 1.01367121527, 4.10781906829, 0.856861553088, 1.090000585, 1.0304080469, 1.02232163486, 0.96898593634, 6.75911226778, 0.922364062586, 0.93363355008, 210.375514027, 0.989249148544, 3.3328728261, 0.987140730518, 1.92223312927, 0.98344508512, 25.0105792844, 14036.5495823
4.32001563812, 1.38953484482, 1.15635563089, 1.11301807268, 2.5999077461, 0.781908789429, 1.53188617254, 0.956598930126, 0.939582000788, 1.63087070073, 7.64547803345, 0.911433419394, 3.79544132364, 0.955756785567, 1.09000066409, 1.08289850157, 1.00097847695, 0.967569166312, 6.57051292349, 1.10964087488, 0.983648415503, 306.917614215, 1.11712012682, 2.7960795075, 0.970875329511, 2.93620324026, 1.10413960229, 25.6654017568, 11466.5112263
3.88389709129, 1.14362425845, 0.878359601021, 1.0824465705, 1.76195626398, 0.90341696013, 2.94585622424, 0.848052528155, 0.987951872475, 4.95332786074, 7.42505661008, 0.967414187308, 3.6200389417, 1.26900375443, 1.09000022383, 1.00702010734, 1.03282622977, 1.22901302356, 7.82696395422, 1.02102465123, 0.827058930708, 14.8028534449, 1.10785032979, 5.3327702578, 1.07962298137, 1.8720965458, 1.23582300987, 32.3032804604, 3855.01935465
4.57816334755, 1.36820272613, 0.94390312426, 0.953184208439, 3.76791372188, 0.771585447458, 3.85263113442, 1.08039543663, 0.927512605775, 2.46031397223, 6.7537408152, 0.838092496683, 4.00510968108, 1.0739232086, 1.09000014138, 1.04948640135, 1.04693461021, 1.0016923169, 3.21412923446, 0.920430807396, 0.87840563174, 382.037299843, 1.13107355546, 3.88072190628, 1.01603319846, 3.34317134679, 1.13889725341, 56.9475508772, 3350.82022084
2.10081325501, 1.42302131583, 0.742865840058, 1.02525482071, 5.21826485359, 0.828328894243, 4.93561845245, 0.835266836561, 0.905583710109, 2.46676066705, 7.43779405645, 0.91583739689, 1.06492499966, 0.996458979986, 1.09000073469, 1.05309240045, 1.0038046506, 1.06887816574, 6.74695567656, 1.00402685864, 0.859253213798, 20.7365129612, 1.17652553681, 2.13188211628, 1.20810467888, 4.66287909672, 0.91062784782, 38.7183973816, 3512.25219651
1.91495878601, 1.04132671579, 1.08700516247, 0.92245177844, 2.82036029491, 0.739793874014, 5.33374920827, 0.822117839953, 0.917313320215, 2.44858928937, 6.26637854857, 0.841661998264, 4.88741284395, 1.25510680289, 1.09000049002, 1.03208017658, 1.01471033556, 1.1807436276, 6.90472737431, 1.14243751137, 0.901868619885, 52.5473631807, 1.14136091621, 5.1542478209, 1.11176670373, 3.58273173933, 1.27123458515, 39.3948920891, 3489.87870702
2.4887090085, 1.25518319805, 1.16602923824, 1.06705912632, 6.91916168179, 0.986460858955, 4.92648132547, 0.876712097345, 0.998359034627, 5.43652283243, 5.48170130483, 1.01019024724, 4.86703419385, 1.0923652005, 1.09000085392, 1.07280515854, 1.00834035322, 1.00235523021, 6.28743718113, 0.974507759328, 0.931652925358, 11.8735892805, 1.01954416575, 1.30693392159, 1.10956682438, 4.72021133297, 0.923066517987, 43.0783232513, 3537.70229967
5.95217706814, 1.00021802129, 1.12563366511, 0.953120526537, 2.77697160962, 0.789059026552, 5.28175078089, 0.961526454167, 0.976348763974, 2.33146893525, 1.6778200269, 1.05868068729, 4.39899878235, 0.975101200279, 1.09000082776, 1.05169526356, 1.03303757069, 0.851282243718, 4.92124782769, 1.1771369189, 0.99441484828, 19.3730982032, 1.14521328659, 2.71173453813, 1.11541156596, 4.89710772257, 1.21124115717, 25.4354485587, 20845.1363382
3.06741694563, 1.07743027053, 1.01571935573, 0.854474975404, 3.26711449169, 0.810485617666, 4.52949714517, 0.833960557765, 0.9955446805, 2.31157976101, 7.64936368891, 0.849717040659, 1.75002808595, 0.937503445031, 1.09000023193, 1.00145648476, 1.00677181328, 1.0745819449, 5.45480373451, 1.00507152952, 0.918440019422, 196.211233176, 0.992486521521, 1.22730412495, 1.2124941703, 4.99363664745, 1.08512958338, 28.0001374947, 5170.30796948
1.00177966554, 1.39184586935, 0.88580833107, 0.80785305851, 2.78583526115, 0.851447833603, 2.44627926103, 1.00166857179, 0.99076220379, 5.08461553851, 1.91118298779, 0.831785673509, 3.51950527298, 1.26855146308, 1.09000091189, 1.03352067741, 1.0476723453, 0.978924493489, 5.73285753751, 1.07848013111, 0.816427950465, 34.6389854004, 1.10858569337, 4.9742329306, 1.19851443286, 4.44894643983, 1.09586093718, 27.1664265487, 9606.24961949
1.81825956859, 1.11039265012, 0.902122984066, 0.929524639178, 2.47903642266, 0.725386586784, 2.77011747044, 0.952431651952, 0.952707825308, 3.94509247498, 3.81658822089, 0.981047327885, 1.27689665611, 1.09378186859, 1.09000040794, 1.0295360206, 1.02536251139, 1.21535803189, 3.34636744669, 1.13575112126, 0.943600402107, 273.879640507, 1.17419044821, 4.12551697398, 1.22493808804, 5.15894167285, 0.881830589622, 26.8748559333, 11317.407311
1.75582902853, 1.34359714923, 0.819963846329, 1.04406707697, 2.00590960973, 0.720347094185, 1.43663291998, 0.962393119001, 0.965834350507, 2.71594343825, 3.37722785164, 1.09056440419, 4.76663527819, 1.0179565064, 1.09000057317, 1.01612141629, 1.00106361235, 0.938166055585, 7.45333275261, 0.936582283854, 0.871389476107, 326.190742725, 1.02424013149, 3.355162568, 1.07411532233, 1.59842763971, 0.896204809486, 32.9560579106, 4697.382783
1.49910536297, 1.00096448557, 1.13569821663, 0.825178320393, 3.54128547919, 0.874237008272, 1.26932881479, 0.849025158188, 0.904301983013, 3.71831926669, 5.4632084784, 0.902039198404, 2.96734524058, 1.00212997291, 1.09000002157, 1.08727597947, 1.03340125462, 1.18279486084, 3.48782823553, 1.05959235407, 0.845347736469, 256.474199692, 1.06075518713, 1.91398923996, 1.20615474308, 1.91977875346, 1.13809394905, 39.0272609609, 4280.01091532
5.23161018875, 1.3944822517, 0.931715003417, 1.00793383067, 5.02543531348, 0.984604955845, 1.85655972377, 1.07724609801, 0.937374852506, 4.95480855681, 5.08416555186, 1.00189173231, 2.38947812646, 0.981463097956, 1.0900004584, 1.04345030148, 1.01196976038, 0.901249985183, 8.94913670082, 1.18791815793, 0.973792934494, 28.6415426233, 0.912211554891, 4.47480298692, 1.13316883254, 5.15229324171, 1.26847359282, 46.3644108434, 4438.80973592
5.09373005127, 1.0651155167, 0.93218083952, 1.05040175483, 5.41792810588, 0.746176775268, 4.73813871989, 1.08679979509, 0.948261161241, 3.9319974666, 2.31088888679, 0.884300846975, 3.56972536775, 1.13600085944, 1.09000076425, 1.07962537518, 1.0211136453, 0.912450770011, 7.28485765856, 1.17946271714, 0.901868619885, 316.434253944, 1.11927192926, 1.99829874038, 1.18659216899, 2.40994469791, 1.27123458515, 48.782447815, 4302.65914527
2.06248389792, 1.23952979106, 1.00240832517, 0.944034657512, 6.85518469202, 0.834949712103, 3.15222203045, 0.970465286179, 0.951371879688, 3.00269358973, 3.85457047625, 1.0770791605, 3.30312768952, 1.26104359909, 1.09000024633, 1.1056960692, 1.03627071499, 0.902251670846, 4.43226343037, 1.09417731565, 0.946649314598, 374.04445167, 1.00886382626, 2.98141508338, 1.20362707062, 3.52111123658, 1.26766545931, 30.2005193272, 7727.98318226
1.3134678465, 1.11655168365, 1.07500920726, 0.945827665616, 4.86161529682, 0.762565707472, 4.51767279323, 0.982872700455, 0.935641536263, 3.26039813886, 3.40973251839, 1.02316015661, 1.35954977147, 1.27129774256, 1.09000020262, 1.05259275544, 1.00563230118, 1.14837659751, 4.16741591216, 1.14733584156, 0.801660859965, 22.2695436086, 1.02554356716, 3.32409365248, 1.14081051199, 4.99280605429, 1.07134633041, 37.5564875902, 4949.36405573
5.77845285782, 1.40455761312, 0.842544219658, 0.944034657512, 5.05724004679, 0.890455814369, 2.02839198584, 1.08017241807, 0.936544973553, 3.45140041392, 5.36200068989, 0.837336171254, 4.26444802958, 1.16635905918, 1.090000792, 1.04448814839, 1.04850952249, 0.992167520155, 3.97270801784, 1.05728456931, 0.87649761441, 329.075705237, 1.16155054001, 3.63069431008, 1.123695732, 3.00684119666, 1.00888241127, 32.4959734961, 6044.53624738
3.83229369298, 1.17360463824, 1.11092864843, 0.902476251925, 2.13727995936, 0.755068110455, 2.00062792185, 1.05523343646, 0.995646877812, 4.31612696891, 5.90083553264, 0.941316080018, 3.03693377951, 1.01808815693, 1.09000099312, 1.06011592082, 1.04751449252, 1.07424538776, 3.79084172121, 1.00611983762, 0.855493467566, 313.923084823, 1.02004255054, 5.08564055637, 1.033910222, 3.24456424922, 1.26160296752, 28.2847402699, 11631.15353
1.36176767691, 1.09631537072, 0.996153783187, 0.976800316295, 3.92681726038, 0.816144432668, 5.17801601769, 0.980632971181, 0.990389653873, 5.11829059499, 2.7560069025, 0.906717235947, 2.64097507225, 0.814632057277, 1.09000043859, 1.07300117016, 1.04094981409, 1.06689874454, 4.39987362609, 1.15616785311, 0.932201566467, 22.4924011945, 0.973145711821, 3.44393900367, 0.96971755227, 3.11220821445, 1.13129628974, 35.5081505253, 5898.72486994
2.385013254, 1.17121661141, 0.809077327605, 1.04838093902, 5.38004683265, 0.817312524845, 4.19800906049, 0.971982257842, 0.927549189404, 2.52001248377, 3.43677451901, 0.870614366541, 3.16699426705, 1.24345796938, 1.09000048354, 1.08625375698, 1.00075556974, 0.866440924327, 7.07350503064, 1.09474998007, 0.778897285371, 379.4235892, 1.06719941314, 5.35833081233, 1.1757252703, 5.36301640527, 1.10635799617, 32.4929683851, 8795.3176048
5.28449992984, 1.21441323765, 0.929103922699, 0.97917080998, 5.02952129527, 0.780930367713, 1.27494693245, 1.02007371185, 0.920795115987, 1.2991559329, 3.43677451901, 0.90084685105, 2.24606939061, 1.15319018099, 1.09000073801, 1.0678124463, 1.03910291622, 1.20473084608, 8.11554280328, 0.945280404832, 0.872830279679, 265.905822195, 1.10030008027, 5.23239646019, 1.04000900385, 1.88325202546, 1.10635799617, 32.1504847315, 9251.95656952
4.62129125343, 1.14964203173, 1.07744576163, 0.83761662899, 3.22383222051, 0.85311495982, 1.62420785387, 0.946421809896, 0.969460994874, 5.32854868393, 6.47905929272, 1.03661266129, 1.52153014322, 0.907004952209, 1.09000008216, 1.09416248597, 1.0316716082, 1.15701126753, 6.28807314245, 1.15272418531, 0.964244363508, 223.775660032, 1.16027552221, 3.49395878773, 1.04682137771, 4.66164053137, 0.935855039207, 33.8686165133, 7023.62238721
1.84607636395, 1.34594886327, 0.964026231437, 1.1026667683, 3.39987962827, 0.869428029765, 5.76991444802, 0.988255042465, 0.918698715446, 1.39830524061, 3.76703190376, 0.820438032428, 3.74094613168, 1.26039655895, 1.09000092307, 1.01735340534, 1.02998956777, 0.920986647249, 5.70418422868, 0.969636878732, 0.950314973933, 104.066026825, 1.05634334152, 3.69628398233, 1.11061910813, 2.41641701392, 0.940826889985, 43.6485887191, 4999.73740908
3.44357457757, 1.28446188336, 0.754933874121, 0.832996149439, 2.75317818034, 0.918812487369, 5.12471580281, 1.03469254904, 0.969570782194, 5.35006861737, 5.28009262239, 0.935717297994, 1.98510509132, 1.17915346558, 1.09000001123, 1.05818596469, 1.04029153075, 1.17566070039, 7.46753776022, 0.911605424067, 0.869003877582, 380.730624257, 0.989249148544, 3.08205637541, 1.16578647803, 3.95181681908, 0.992166741179, 38.5591492341, 5803.71976493
5.04938018849, 1.23564545864, 0.746199457422, 1.02202980867, 3.40748757864, 0.970001679989, 3.5021308241, 1.08197375939, 0.900630419768, 5.6836331425, 3.14621050964, 0.874372688001, 4.49874200023, 1.104143641, 1.0900002626, 1.00821489014, 1.00113978341, 0.825052394851, 4.29395064677, 0.947467342606, 0.80136759099, 68.694396025, 1.04800107736, 5.96450307032, 0.974196232626, 3.95982746719, 1.0113200016, 46.1013328606, 4950.44789985
5.53685978386, 1.32709099912, 1.07607158653, 0.887422877027, 6.5019980841, 0.905291218473, 2.04731226635, 1.04819144236, 0.911205347599, 3.03787708211, 1.92173380062, 0.848829484448, 3.75664964812, 0.8105127924, 1.09000045003, 1.04337295482, 1.0303362763, 0.96912785053, 8.55060338869, 1.09467497255, 0.956659470819, 295.626466991, 1.0158554105, 3.55675677988, 1.02477244501, 4.128383688, 1.20807326276, 35.0810840551, 7500.12859218
5.95217706814, 1.00021802129, 1.12563366511, 0.953120526537, 2.77697160962, 0.789059026552, 3.05622147194, 0.961526454167, 0.976348763974, 2.33146893525, 1.6778200269, 1.05868068729, 4.39899878235, 0.975101200279, 1.09000082776, 1.05169526356, 1.03303757069, 0.851282243718, 4.92124782769, 1.1771369189, 0.99441484828, 19.3730982032, 1.11658207196, 2.71173453813, 1.11541156596, 4.89710772257, 1.21124115717, 54.0708356368, 5080.31670686
2.2697187049, 1.40843224496, 1.08111464278, 0.923519659462, 6.00229122562, 0.929722145262, 4.50509884224, 1.06034123219, 0.980133940404, 2.67232694939, 7.35809734061, 0.818413645544, 1.6511822714, 1.27884583559, 1.0900002844, 1.05302581657, 1.03528674966, 1.12825422314, 8.65287804811, 0.973898376823, 0.909886156169, 120.714074706, 1.08358620333, 1.63606176603, 1.13737369345, 3.07309862211, 0.919385063252, 36.1726045911, 7339.77262622
4.26647464812, 1.21931467387, 0.913884751019, 0.951913205165, 3.80159641065, 0.796414217389, 2.99786981061, 0.9800717744, 0.904376841178, 4.31162804418, 7.64936375056, 0.956415967412, 3.06604517105, 0.895447980566, 1.09000092271, 1.01762375706, 1.04691165083, 0.901122495921, 4.23912244557, 0.949318243212, 0.912504557749, 330.42806536, 1.17820478808, 2.31042429035, 1.15933228115, 4.74458142002, 1.25481469333, 33.1505294387, 8082.23125011
2.2697187049, 1.40843224496, 1.08111464278, 0.923519659462, 6.00229122562, 0.929722145262, 4.05526475742, 1.06034123219, 0.980133940404, 2.67232694939, 7.35809734061, 0.818413645544, 1.6511822714, 1.27884583559, 1.0900002844, 1.05302581657, 1.02694914797, 1.12825422314, 8.65287804811, 0.973898376823, 0.909886156169, 295.383265755, 1.08358620333, 1.63606176603, 1.13737369345, 3.07309862211, 0.919385063252, 28.5274419513, 17634.6596518
1.25315464467, 1.32621599904, 1.02838880719, 1.12606153829, 2.79112693772, 0.899624061948, 5.12933552294, 0.870352467671, 0.926270781348, 4.34386057601, 2.12575026332, 1.05546694698, 1.42966695748, 1.05504261078, 1.09000006946, 1.05862406396, 1.04201817178, 0.928979539197, 5.67674264671, 1.03625858272, 0.864664020147, 306.939006329, 0.917268433794, 1.98111416385, 1.11971966399, 3.4769868057, 1.25961747193, 35.0534027341, 8039.4713369
5.28449992984, 1.21441323765, 0.929103922699, 0.97917080998, 5.02952129527, 0.780930367713, 1.27494693245, 1.02007371185, 0.920795115987, 1.2991559329, 2.96978016947, 0.90084685105, 2.24606939061, 1.15319018099, 1.09000073801, 1.04061937407, 1.03910291622, 1.20473084608, 8.11554280328, 0.945280404832, 0.872830279679, 265.905822195, 1.10030008027, 5.23239646019, 1.04000900385, 2.21385141405, 1.19695161344, 31.7228414391, 11610.9271103
4.46796632382, 1.12580095189, 0.961649492081, 1.10928083002, 6.67072902478, 0.913956528939, 5.67812431814, 0.914379881619, 0.945932175908, 5.5077844114, 3.00458304801, 1.00378713829, 4.44059747116, 1.03147479, 1.09000063735, 1.10827056752, 1.01939491841, 1.22375398792, 9.95968386696, 0.920198208975, 0.984929531964, 183.099141798, 0.984405799237, 1.76047518168, 0.996060015595, 1.19689010725, 0.984351067464, 29.9633060717, 12426.1999006
5.34970687759, 1.10147066182, 0.731788109391, 0.898916269355, 5.94053085272, 0.807589482204, 1.07850984531, 0.981221264184, 0.936083471842, 2.2294521922, 2.73429235952, 1.02350927683, 1.61930139466, 1.10449795814, 1.09000061148, 1.03190079851, 1.00608130935, 0.925093397379, 7.73413451013, 1.16507266848, 0.968424189833, 222.677407834, 0.980518810122, 3.12312530424, 1.09188699503, 3.53860941102, 1.12037155067, 28.8277768906, 15140.8905225
5.96300122986, 1.16106840505, 0.850193540437, 1.01664141543, 6.16062904509, 0.78113489885, 3.65997730189, 1.05489045952, 0.978729941495, 3.92671151064, 2.5970170651, 0.863446851068, 4.31347296364, 1.02528661088, 1.09000096822, 1.02713620275, 1.04887662518, 1.06235837722, 7.05799011698, 1.00779733871, 0.905835609082, 345.175451061, 0.953372043095, 4.51198897461, 1.06244236158, 1.28369794668, 0.988083588923, 41.0625743608, 6925.90819024
2.4887090085, 1.25518319805, 1.16602923824, 1.06705912632, 6.91916168179, 0.986460858955, 4.92648132547, 0.876712097345, 0.998359034627, 5.43652283243, 5.48170130483, 1.01019024724, 4.86703419385, 1.0923652005, 1.09000085392, 1.07280515854, 1.00834035322, 1.00235523021, 6.28743718113, 0.974507759328, 0.931652925358, 11.8735892805, 1.01954416575, 2.41814052451, 1.10956682438, 4.72021133297, 0.998383049339, 33.0371276237, 9393.4982551
5.95975904582, 1.06896325425, 0.933762703935, 1.00895874207, 3.84605610108, 0.88253177606, 1.44372950172, 1.08301150777, 0.96274614621, 5.85664435497, 5.93250505886, 1.0456855709, 2.66595704188, 1.12795070113, 1.09000028638, 1.0263484212, 1.04921664752, 1.18681770711, 7.15963731887, 1.14517410024, 0.908110340033, 365.992083036, 1.01012905186, 4.26859697889, 1.2193027936, 3.67787740224, 1.16596001466, 31.1528920526, 13338.4250313
4.33345617606, 1.35603697681, 0.763126586094, 0.872544890569, 5.05397803494, 0.842858793492, 2.73905933524, 0.930267965677, 0.979675200116, 1.59378375675, 5.27332430759, 0.910396349996, 4.16300157453, 0.937395349386, 1.09000014097, 1.05966839679, 1.04917922361, 1.10230460163, 6.73736303599, 1.0921181102, 0.959025799106, 283.053144107, 1.18718477963, 3.93941847047, 1.06051751468, 5.36839228929, 0.970807354054, 31.020753525, 13690.3756807
4.79629098062, 1.29579595419, 1.00747373689, 1.04292404739, 2.61619165503, 0.761576627292, 1.44903020625, 0.837112008223, 0.982604537945, 2.86163290559, 6.32794881248, 0.901078710285, 1.01559534537, 0.949628064182, 1.0900003842, 1.07991204638, 1.02500348749, 0.977176474381, 6.41516178388, 1.00525541868, 0.946271556525, 386.176808957, 1.08951971834, 1.45156129219, 1.07607205616, 3.39837227373, 1.19730426949, 32.1053776512, 12106.0132807
5.83046184867, 1.12332420992, 1.09104710175, 1.09636868196, 6.62906051539, 0.874182642302, 3.16493365715, 0.895974091412, 0.938957856883, 2.45302050281, 3.03533283978, 0.853419970696, 4.34763801798, 0.891987737521, 1.09000046625, 1.02759329706, 1.04199000782, 1.17795408583, 9.55098877943, 1.12920508138, 0.830765347872, 235.204234506, 1.04378228854, 2.30325921873, 1.03010049523, 4.00653108265, 1.20729545031, 36.8721016981, 8463.4879885
3.72380899428, 1.14362425845, 0.878359601021, 1.00694072481, 1.42688221374, 0.85809119946, 2.94585622424, 0.848052528155, 0.987951872475, 4.95332786074, 4.21260558207, 0.967414187308, 3.6200389417, 1.27971200143, 1.09000022383, 1.00702010734, 1.03282622977, 1.22901302356, 5.83756216006, 1.02102465123, 0.827058930708, 14.8028534449, 1.10785032979, 5.3327702578, 1.12976498954, 1.8720965458, 1.23582300987, 73.5335250708, 5946.75131885
4.40320361398, 1.42978838499, 0.956910500699, 0.835009333739, 3.17917079601, 0.817370263624, 1.17681688196, 0.936732738212, 0.910325814677, 6.10557149071, 7.30552749798, 1.07021864985, 4.31075095, 0.930973045198, 1.09000010955, 1.01419408153, 1.04627132354, 1.05333719604, 7.08255005788, 0.935673821056, 0.800681254154, 186.461664929, 1.15094871891, 4.0198226335, 1.02826203135, 2.75196299552, 1.20401568269, 29.1416808393, 29845.5819769
5.32101524, 1.26977889282, 1.0253485512, 1.16249278436, 5.24329735844, 0.984269112409, 1.97385280191, 1.08838975565, 0.915574936297, 3.41589657545, 5.07042044131, 1.02226087002, 2.73194260904, 0.960749460238, 1.09000037148, 1.03293827356, 1.02662958134, 1.22622752031, 4.96360356704, 0.984813396596, 0.869246536369, 385.357357263, 1.10694810918, 5.45276957307, 1.07511323551, 2.67816945136, 1.1524933109, 51.7345079187, 6676.71194681
3.9504567205, 1.22814407762, 0.86698702634, 1.09461200373, 6.0152937799, 0.806180275824, 3.02241368424, 0.930342145287, 0.979784861982, 2.03891392653, 6.00457090102, 1.08089267111, 4.68229806267, 1.14472472106, 1.09000026633, 1.1020210412, 1.00490127901, 0.947558083014, 6.88722893997, 0.996770682651, 0.906486674425, 357.204889667, 1.05136781592, 3.41219295064, 1.04143022909, 3.80550813768, 1.04173225288, 36.9110939835, 8602.61625754
5.53685978386, 1.32709099912, 1.16265184254, 0.887422877027, 6.5019980841, 0.905291218473, 2.04731226635, 1.04819144236, 0.911205347599, 3.03787708211, 1.92173380062, 0.848829484448, 3.75664964812, 0.8105127924, 1.09000045003, 1.04337295482, 1.0303362763, 0.96912785053, 8.55060338869, 1.09467497255, 0.956659470819, 295.626466991, 1.0158554105, 3.55675677988, 1.02477244501, 4.128383688, 1.20807326276, 35.2043081071, 10109.7848797
