0.172870792965, 0.849026796235, 2.04701707059, 0.888719137681, 98.3407455468, 3.90017340799, 0.425149190823, 3.00346428909, 10.0354560432, 26.7066960645, 0.00732471550043
0.136086064267, 0.904172458981, 2.66231533282, 0.738842528436, 99.2718738648, 1.00154752088, 0.152774173434, 1.65824322864, 15.0611473826, 81.8119310289, 0.0
0.107959141059, 0.883793034357, 2.04513608189, 0.79183814578, 90.5993637941, 1.75693635139, 0.420897394264, 3.44114985794, 14.7748854331, 57.1321501893, 0.00263850343851
0.192246906533, 0.823124331074, 2.04701707059, 0.805272690691, 93.0064006789, 1.08195750891, 0.477569862859, 3.64150780552, 10.0354560432, 65.7913077569, 0.0017696460111
0.197728148553, 0.870150557846, 2.48734637315, 0.764959548954, 87.7523869676, 1.75693635139, 0.682538261476, 3.64150780552, 14.1475042362, 49.9499731318, 0.0164239570601
0.172870792965, 0.849026796235, 2.04701707059, 0.888719137681, 98.7657735489, 3.90017340799, 0.425149190823, 3.00346428909, 10.0354560432, 46.3698678922, 0.0731547692625
0.197728148553, 0.849026796235, 2.26593004526, 0.805272690691, 93.0064006789, 1.24001537495, 0.682538261476, 3.32920071159, 16.0804239076, 47.6410942683, 0.0484809505849
0.102042373163, 0.883793034357, 2.85346461449, 0.758128925902, 90.5993637941, 1.75693635139, 0.420897394264, 0.357165156476, 10.6007739541, 210.277031682, 0.0
0.107959141059, 0.823279542912, 2.04513608189, 0.79183814578, 90.5993637941, 1.75693635139, 0.682538261476, 3.44114985794, 15.6635991, 119.974493677, 0.00137495397818
0.158672533224, 0.888452913851, 2.84984547379, 0.827434979125, 99.2718738648, 1.75693635139, 0.642593432152, 3.20233803448, 16.4531008926, 161.949291812, 0.000734487293367
0.107142526129, 0.830396136027, 2.05827667584, 0.827434979125, 98.7657735489, 1.24001537495, 0.178093518474, 3.00346428909, 16.4531008926, 65.4631708604, 0.00423489539064
0.190866936261, 0.830396136027, 2.05827667584, 0.805272690691, 98.7657735489, 1.24001537495, 0.978035371484, 3.00346428909, 13.583784324, 58.7979076435, 0.00536540963086
0.102042373163, 0.879749799712, 2.01744623922, 0.785958871628, 91.9662882785, 1.78270651037, 0.624809476831, 3.04127486724, 10.6007739541, 106.073405629, 0.00326370928575
0.107142526129, 0.911257177067, 2.33717344729, 0.827434979125, 98.7657735489, 1.24001537495, 0.178093518474, 3.00346428909, 16.4531008926, 113.118491834, 0.00266966862564
0.102042373163, 0.870150557846, 2.26593004526, 0.901001309604, 80.7248224415, 1.42978997943, 0.682538261476, 0.615108352076, 13.0259652846, 97.5356211019, 0.0038603444235
0.197728148553, 0.849026796235, 2.48734637315, 0.805272690691, 93.0064006789, 1.24001537495, 0.682538261476, 3.64150780552, 14.1475042362, 113.239161767, 0.00228965293696
0.194099259795, 0.820232894217, 2.05827667584, 0.856961871375, 92.4322897876, 3.90017340799, 0.178093518474, 0.324453745149, 14.2330442945, 50.9627805315, 0.058190844048
0.194099259795, 0.849026796235, 2.04701707059, 0.92743322481, 99.0590317265, 3.90017340799, 0.178093518474, 3.00346428909, 18.6104984071, 50.7720096197, 0.149323330339
0.19373959501, 1.1116122054, 2.26593004526, 0.914889290547, 81.0538439053, 8.95685605733, 0.404009553077, 0.114557427471, 18.4779326145, 284.154029851, 0.0
0.197728148553, 0.830396136027, 2.05827667584, 0.827434979125, 89.4359924747, 1.24001537495, 0.178093518474, 3.00346428909, 16.4531008926, 141.313486913, 0.00144440960307
0.102042373163, 0.835272008225, 2.66231533282, 0.87541790416, 91.7445477003, 1.61126411103, 0.36745607255, 4.77741578323, 10.6007739541, 121.24354519, 0.00209416287209
0.197728148553, 0.849026796235, 2.04701707059, 0.777189667336, 92.4925492031, 1.24001537495, 0.178093518474, 3.64150780552, 15.2943773841, 68.2974930031, 0.00467841063326
0.197728148553, 0.849026796235, 2.01744623922, 0.805272690691, 91.9662882785, 1.24001537495, 0.682538261476, 1.44164961947, 12.5965248292, 67.577348699, 0.0095825582049
0.136086064267, 0.830396136027, 2.05827667584, 0.827434979125, 98.7657735489, 1.24001537495, 0.178093518474, 1.16849818368, 16.4531008926, 62.5040422883, 0.0127648708871
0.10183239756, 0.849026796235, 2.66231533282, 0.738842528436, 80.3265149225, 1.11426964919, 0.682538261476, 4.26986657492, 15.0611473826, 110.859288552, 0.00378311829953
0.107959141059, 0.883793034357, 2.04513608189, 0.833897623849, 90.5993637941, 1.36424842373, 0.420897394264, 3.44114985794, 14.7748854331, 110.752724849, 0.00443647876297
0.111523321352, 0.830396136027, 2.66231533282, 0.790727048751, 98.7657735489, 1.24001537495, 0.178093518474, 3.00346428909, 10.4345048792, 117.562113566, 0.00311212063143
0.172870792965, 0.849026796235, 2.04701707059, 0.79183814578, 98.7657735489, 3.90017340799, 0.425149190823, 3.00346428909, 10.0354560432, 60.9460499933, 0.0793878349906
0.10141040345, 0.835272008225, 6.00589642592, 0.729439162543, 93.0064006789, 1.61126411103, 0.477569862859, 4.77741578323, 19.7029643789, 233.683993535, 0.0020040724718
0.106375046156, 1.21114320203, 3.76302894144, 0.901001309604, 80.7248224415, 1.24001537495, 0.682538261476, 1.15090439971, 12.5965248292, 292.822948009, 0.00166464445553
0.122795560593, 1.00793641137, 2.66231533282, 0.610232268558, 83.2307524019, 1.11426964919, 0.152774173434, 2.21668807905, 15.0611473826, 184.413600209, 0.00269326650258
0.113147556763, 1.11690365383, 2.99092507566, 0.824094235223, 92.7613476234, 1.00139882302, 0.152774173434, 4.49153451001, 13.1234781594, 134.016512435, 0.0027857241898
0.102042373163, 0.835272008225, 6.00589642592, 0.729439162543, 95.2695438964, 1.03782310481, 0.0125812051004, 2.61309062135, 10.6007739541, 198.262418166, 0.00264790066575
0.194099259795, 0.830396136027, 2.97330344347, 0.827434979125, 98.7657735489, 1.24001537495, 0.178093518474, 3.39736223545, 16.4531008926, 168.923267499, 0.00272932143544
0.10183239756, 0.849026796235, 2.66231533282, 0.738842528436, 80.3265149225, 1.11426964919, 0.420897394264, 4.26986657492, 19.916262247, 76.1460816753, 0.00543646241859
0.107959141059, 0.883793034357, 2.04513608189, 0.79183814578, 90.5993637941, 1.75693635139, 0.654870104146, 3.64150780552, 14.7748854331, 83.0415276923, 0.00535386135308
0.121579097938, 0.845807161245, 2.26593004526, 0.617530855771, 90.3469422752, 1.31087030806, 0.880479120774, 0.552952218814, 14.7581946332, 73.3244747784, 0.0083705462688
0.102042373163, 0.835272008225, 2.05827667584, 0.729439162543, 99.4388475901, 1.03782310481, 0.477569862859, 3.00346428909, 10.6007739541, 90.6939533782, 0.00493640892891
0.197728148553, 0.849026796235, 2.26593004526, 0.902432463135, 93.0064006789, 1.75693635139, 0.420897394264, 3.32920071159, 16.0804239076, 102.428352677, 0.00487422879072
0.144230840396, 0.883793034357, 2.85346461449, 0.79183814578, 90.5993637941, 1.75693635139, 0.420897394264, 2.61309062135, 14.7748854331, 68.2132560753, 0.0113839495243
0.107959141059, 0.883793034357, 2.04513608189, 0.82681118406, 93.0804000083, 1.75693635139, 0.420897394264, 3.44114985794, 14.7748854331, 63.7081343272, 0.0188266069511
0.136086064267, 0.830396136027, 2.84984547379, 0.827434979125, 99.2718738648, 1.24001537495, 0.178093518474, 4.98099388509, 16.4531008926, 66.4655490452, 0.0185097072705
0.142740239862, 0.830396136027, 2.84984547379, 0.827434979125, 99.2718738648, 1.24001537495, 0.178093518474, 4.9075698644, 16.4531008926, 114.573946449, 0.00475938210879
0.197728148553, 0.830396136027, 2.05827667584, 0.827434979125, 98.7657735489, 1.24001537495, 0.178093518474, 3.00346428909, 16.4531008926, 123.921057754, 0.00321186722255
0.197728148553, 0.830396136027, 2.05827667584, 0.827434979125, 98.7657735489, 1.24001537495, 0.178093518474, 3.00346428909, 16.4531008926, 123.649301049, 0.00444868946399
0.122795560593, 0.997250218014, 2.66231533282, 0.610232268558, 83.2307524019, 1.11426964919, 0.914106637841, 2.21668807905, 15.0611473826, 121.923172502, 0.00455508477794
0.173768726986, 1.16657432731, 6.45443645481, 0.723614034445, 96.9905545884, 1.14595539878, 0.369593787221, 4.78034628847, 14.1475042362, 580.432602136, 0.00242408662708
0.107959141059, 0.831462455349, 2.04513608189, 0.79183814578, 90.5993637941, 1.75693635139, 0.682538261476, 3.44114985794, 14.7748854331, 136.213369169, 0.00287388801807
0.100125950329, 1.1116122054, 7.19496020094, 0.85184254931, 83.9796917989, 1.61533682098, 0.177315410466, 0.391608439148, 16.0804239076, 513.176249871, 0.00271495603614
0.113147556763, 1.11690365383, 2.66231533282, 0.824094235223, 92.7613476234, 1.00139882302, 0.152774173434, 4.49153451001, 13.1234781594, 189.913130437, 0.00275912977135
0.102042373163, 0.835272008225, 6.00589642592, 0.729439162543, 91.7445477003, 1.61126411103, 0.477569862859, 3.00346428909, 10.6007739541, 86.4883882143, 0.00744601517454
0.125984543123, 0.845807161245, 2.26593004526, 0.623140645353, 80.7248224415, 1.75693635139, 0.404009553077, 0.552952218814, 14.7581946332, 90.1026249457, 0.0070942285888
0.121579097938, 0.845807161245, 2.26593004526, 0.617530855771, 90.3469422752, 1.31087030806, 0.880479120774, 0.249838023683, 14.7581946332, 86.4600002383, 0.00838772259163
0.107959141059, 0.913015551826, 2.04513608189, 0.79183814578, 90.5993637941, 1.75693635139, 0.420897394264, 3.44114985794, 14.7748854331, 107.546158532, 0.00548714708077
0.102042373163, 0.870150557846, 2.26593004526, 0.724767004338, 80.7248224415, 1.53810793228, 0.178093518474, 0.615108352076, 13.0259652846, 103.64628652, 0.00586440338888
0.136086064267, 0.855476620712, 2.66231533282, 0.738842528436, 99.2718738648, 1.0012422944, 0.152774173434, 1.65824322864, 15.0611473826, 106.50833665, 0.0057725259579
0.158672533224, 0.888452913851, 2.84984547379, 0.827434979125, 99.2718738648, 1.75693635139, 0.178093518474, 3.06692750395, 16.4531008926, 113.894244943, 0.00521479738216
0.102042373163, 0.835272008225, 2.05827667584, 0.729439162543, 99.9998441181, 1.03782310481, 0.477569862859, 3.00346428909, 10.6007739541, 107.411872118, 0.00566123108842
0.109319624652, 0.845807161245, 2.04513608189, 0.617530855771, 80.7248224415, 1.31087030806, 0.880479120774, 0.552952218814, 14.7581946332, 84.9222198838, 0.0114146288413
0.102042373163, 0.835272008225, 2.05827667584, 0.729439162543, 99.4388475901, 1.03782310481, 0.477569862859, 1.499906103, 10.6007739541, 76.0619955665, 0.0123786730495
0.109319624652, 0.845807161245, 2.26593004526, 0.617530855771, 80.7248224415, 1.31087030806, 0.880479120774, 0.552952218814, 14.7581946332, 68.5167007538, 0.0167718460546
0.107959141059, 0.831462455349, 2.04513608189, 0.79183814578, 90.5993637941, 1.75693635139, 0.682538261476, 3.44114985794, 14.7748854331, 68.6387680576, 0.0153044473825
0.102042373163, 0.835272008225, 2.05827667584, 0.729439162543, 99.4388475901, 1.03782310481, 0.477569862859, 3.00346428909, 10.6007739541, 79.6595223838, 0.0116795179846
0.184164691477, 0.849026796235, 2.66231533282, 0.805272690691, 80.3265149225, 1.24001537495, 0.682538261476, 4.26986657492, 10.3361471587, 69.8757254312, 0.0152190120819
0.158672533224, 0.883793034357, 2.01883517028, 0.602949849835, 90.5993637941, 1.75693635139, 0.425149190823, 3.06692750395, 14.7748854331, 64.0756975461, 0.0323791640471
0.136086064267, 0.830396136027, 2.84984547379, 0.827434979125, 99.2718738648, 1.24001537495, 0.178093518474, 4.98099388509, 16.4531008926, 131.032082403, 0.00417002335359
0.197728148553, 0.849026796235, 2.26593004526, 0.805272690691, 93.0064006789, 1.24001537495, 0.682538261476, 3.32920071159, 16.0804239076, 135.560568236, 0.00396101242046
0.122795560593, 1.00793641137, 2.66231533282, 0.610232268558, 83.2307524019, 1.27111105481, 0.152774173434, 2.21668807905, 15.0611473826, 127.718687939, 0.00515403830373
0.136086064267, 0.830396136027, 2.05827667584, 0.827434979125, 98.7657735489, 1.24001537495, 1.20574855948, 2.28450729037, 10.2582904461, 128.687206718, 0.00455892354964
0.136086064267, 0.904172458981, 2.66231533282, 0.738842528436, 99.2718738648, 1.00154752088, 0.152774173434, 1.65824322864, 15.0611473826, 172.18557577, 0.00358191548364
0.109847711425, 0.947412514668, 2.99092507566, 0.653072836814, 96.3167166597, 4.04674473133, 0.0812467191018, 2.84963116956, 14.2389210727, 178.041803496, 0.00308216599972
0.122795560593, 0.904172458981, 2.66231533282, 0.738842528436, 92.7613476234, 1.00154752088, 0.152774173434, 1.65824322864, 15.0611473826, 150.033840292, 0.00370060667535
0.122795560593, 1.11690365383, 2.66231533282, 0.738842528436, 92.7613476234, 1.00154752088, 0.152774173434, 1.65824322864, 15.0611473826, 210.388205883, 0.00279228269429
0.199160326114, 0.820232894217, 2.05827667584, 0.856961871375, 90.5993637941, 1.20358341503, 0.425149190823, 3.06692750395, 14.2330442945, 88.3932842798, 0.00778314865764
0.102042373163, 0.870150557846, 3.76302894144, 0.901001309604, 80.7248224415, 1.24001537495, 0.682538261476, 3.64150780552, 12.5965248292, 94.5945175852, 0.00770931794261
0.197728148553, 0.849026796235, 2.48734637315, 0.805272690691, 93.0064006789, 1.24001537495, 0.682538261476, 3.64150780552, 14.1475042362, 105.130579464, 0.00709633909537
0.136086064267, 1.04186659488, 2.05827667584, 0.827434979125, 92.1698478145, 1.24001537495, 0.178093518474, 3.00346428909, 16.4531008926, 106.932107353, 0.007057645529
0.136086064267, 0.830396136027, 2.05827667584, 0.827434979125, 98.7657735489, 1.24001537495, 0.178093518474, 2.28450729037, 16.4531008926, 112.181168072, 0.00612538456257
0.107959141059, 0.883793034357, 2.04513608189, 0.82681118406, 93.0804000083, 1.75693635139, 0.420897394264, 3.44114985794, 14.7748854331, 114.579947617, 0.00566623526518
0.158672533224, 0.888452913851, 2.84984547379, 0.827434979125, 99.2718738648, 1.75693635139, 0.178093518474, 3.06692750395, 16.4531008926, 109.58064231, 0.00650860515297
0.136086064267, 0.830396136027, 2.84984547379, 0.827434979125, 99.2718738648, 1.24001537495, 0.178093518474, 4.9075698644, 16.4531008926, 112.720145422, 0.00607409349843
0.102042373163, 0.870150557846, 2.26593004526, 0.901001309604, 80.7248224415, 1.24001537495, 0.682538261476, 0.615108352076, 12.5965248292, 77.9202725763, 0.0137673835735
0.149804404978, 0.849026796235, 2.26593004526, 0.805272690691, 93.0064006789, 1.24001537495, 0.682538261476, 1.53823118359, 19.3965201888, 85.662721308, 0.0135936182194
0.107959141059, 0.831462455349, 2.04513608189, 0.79183814578, 90.5993637941, 1.75693635139, 0.420897394264, 3.44114985794, 14.7748854331, 86.6535942256, 0.0118290062618
0.102042373163, 0.870150557846, 2.26593004526, 0.901001309604, 80.7248224415, 1.53810793228, 0.682538261476, 0.615108352076, 13.0259652846, 72.0745151918, 0.0227418228814
0.194099259795, 1.00793641137, 2.05827667584, 0.82681118406, 98.2309035654, 1.45884439061, 0.178093518474, 3.00346428909, 14.2330442945, 74.0263446548, 0.0175452980046
0.102042373163, 0.888452913851, 3.33127417964, 0.758128925902, 90.5993637941, 3.25977722873, 0.420897394264, 0.357165156476, 10.6007739541, 70.4463110235, 0.0286601057258
0.107142526129, 0.911257177067, 2.05827667584, 0.827434979125, 98.7657735489, 1.24001537495, 0.178093518474, 3.00346428909, 16.4531008926, 73.3673128297, 0.0186775393553
0.192246906533, 0.823124331074, 2.04701707059, 0.805272690691, 93.0064006789, 1.24001537495, 0.477569862859, 3.64150780552, 11.0374112382, 66.9103071923, 0.0348247174749
0.164491343525, 1.10421800062, 2.01744623922, 0.68885961357, 81.7304304047, 8.95685605733, 0.00875056489581, 2.61309062135, 18.4779326145, 65.1940423554, 0.0868915326013
0.194099259795, 0.820232894217, 2.05827667584, 0.856961871375, 92.4322897876, 3.90017340799, 0.178093518474, 0.181517867917, 14.2330442945, 66.1410445556, 0.0674245684287
0.122795560593, 0.997250218014, 2.66231533282, 0.610232268558, 83.2307524019, 1.11426964919, 0.178093518474, 2.21668807905, 15.0611473826, 139.11746606, 0.00411536758269
0.158672533224, 0.888452913851, 2.84984547379, 0.827434979125, 99.2718738648, 1.48139507804, 0.178093518474, 3.06692750395, 16.4531008926, 129.786465167, 0.00504299667447
0.158672533224, 0.888452913851, 2.18685191217, 0.827434979125, 99.2718738648, 1.75693635139, 0.178093518474, 3.00346428909, 16.4531008926, 133.97985145, 0.0047710855508
0.10141040345, 0.835272008225, 6.00589642592, 0.805272690691, 91.7445477003, 1.61126411103, 0.477569862859, 4.77741578323, 10.6007739541, 301.703679817, 0.00281403583236
0.18262956762, 0.879749799712, 2.01744623922, 0.785958871628, 91.9662882785, 1.78270651037, 0.624809476831, 3.04127486724, 10.3637068987, 71.6298473501, 0.0291874122958
0.102042373163, 0.845807161245, 2.26593004526, 0.617530855771, 80.7248224415, 1.31087030806, 0.880479120774, 2.26278581659, 14.7581946332, 89.0977629575, 0.00840844541257
0.102042373163, 0.835272008225, 4.94895444722, 0.87541790416, 91.7445477003, 1.61126411103, 0.36745607255, 4.77741578323, 10.6007739541, 235.987758418, 0.00319684019832
0.184164691477, 0.849026796235, 2.66231533282, 0.805272690691, 80.3265149225, 1.10779531644, 0.95594585327, 3.28785446434, 10.0907536615, 73.4121481565, 0.0187660486578
0.194099259795, 0.883793034357, 2.04701707059, 0.79183814578, 90.5993637941, 3.90017340799, 0.110186249408, 3.00346428909, 10.0354560432, 78.8309183348, 0.0138239049738
