5.34970687759, 1.33315017234, 0.731788109391, 0.898916269355, 5.94053085272, 0.807589482204, 1.07850984531, 0.981221264184, 0.936083471842, 2.2294521922, 2.73429235952, 0.82471986511, 1.61930139466, 0.854395020633, 1.09000061148, 1.03190079851, 1.00608130935, 0.925093397379, 9.7428420193, 1.16507266848, 0.968424189833, 222.677407834, 0.980518810122, 3.24672926194, 1.09188699503, 4.63693058306, 1.12037155067, 6.71583138996, 44.9767815004
5.83046184867, 1.01953431739, 1.09104710175, 0.889337620553, 6.62906051539, 0.874182642302, 3.16493365715, 0.895974091412, 0.938957856883, 2.45302050281, 3.03533283978, 0.853419970696, 4.34763801798, 0.822907359434, 1.09000015683, 1.02759329706, 1.04199000782, 1.17795408583, 9.55098877943, 1.12920508138, 0.830765347872, 123.291442734, 1.04378228854, 3.96970365993, 0.988896402571, 3.04961721171, 1.20729545031, 5.99908770038, 143.075951069
1.91495878601, 1.04132671579, 1.08700516247, 0.912023154514, 2.82036029491, 0.762565707472, 5.33374920827, 0.836252455627, 0.943890205369, 5.04059360416, 6.26637854857, 0.841661998264, 4.88741284395, 1.25510680289, 1.09000049002, 1.05514269018, 1.00211194327, 1.1807436276, 6.90472737431, 1.14243751137, 0.901868619885, 52.5473631807, 1.14136091621, 5.1542478209, 1.11176670373, 3.58273173933, 1.27123458515, 13.7748435062, 51.7536161338
5.53685978386, 1.32709099912, 1.07607158653, 0.887422877027, 6.5019980841, 0.905291218473, 1.82775762247, 1.04819144236, 0.911205347599, 3.03787708211, 1.92173380062, 0.848829484448, 3.75664964812, 0.8105127924, 1.09000045003, 1.04337295482, 1.0303362763, 0.997458209151, 8.55060338869, 1.09467497255, 0.967145477217, 295.626466991, 1.0158554105, 3.55675677988, 1.02477244501, 4.128383688, 1.20807326276, 8.43884607778, 137.297138537
5.65733191057, 1.36360875604, 1.1089622317, 0.912473553242, 5.96493012101, 0.98399523335, 1.97127514529, 0.836789525188, 0.959581683857, 1.70880216359, 7.66862399197, 0.931116038953, 1.65549683993, 0.919465486045, 1.09000058629, 1.09835595832, 1.04107604341, 1.20430947811, 9.63243974628, 1.13898901805, 0.986030847735, 303.827246469, 1.0196828937, 1.73396277255, 1.05170569577, 3.80460106172, 0.976374068809, 8.49820748886, 68.4295434046
1.16475065652, 1.35484921102, 0.803093410966, 0.910275126584, 4.20708732051, 0.964836392815, 5.05996872748, 0.989707727843, 0.904801070432, 2.3066655386, 7.50950070853, 1.01883198898, 1.30574462997, 0.967804091618, 1.09000029866, 1.10690688387, 1.02033493886, 0.998376105651, 3.2688347017, 1.00694679607, 0.905393786185, 182.586898647, 1.198180877, 4.45955767812, 0.993828350048, 4.6616864458, 1.01575557818, 10.4203852426, 59.6312293918
5.09373005127, 1.0424293957, 0.93218083952, 1.05040175483, 4.18317098231, 0.759164338787, 4.73813871989, 1.07858092635, 0.948261161241, 3.9319974666, 2.31088888679, 0.884300846975, 3.56972536775, 0.99925801855, 1.09000076425, 1.00783877802, 1.00627928912, 0.912450770011, 7.28485765856, 1.17946271714, 0.800773125875, 316.434253944, 1.11927192926, 5.99782859101, 1.18659216899, 1.48913473191, 1.10448760411, 8.58189856111, 469.535137321
4.62129125343, 1.14964203173, 1.00459387137, 0.83761662899, 3.22383222051, 0.85311495982, 1.62420785387, 0.933055820208, 0.960451252109, 5.32854868393, 5.09094849007, 1.03661266129, 1.52153014322, 0.907004952209, 1.0900004584, 1.09416248597, 1.01707255526, 1.15701126753, 6.28807314245, 1.10992423008, 0.964244363508, 223.775660032, 1.16027552221, 3.49395878773, 1.04682137771, 4.66164053137, 0.935855039207, 9.26141739687, 81.2829849249
5.32101524, 1.26977889282, 1.0253485512, 1.16249278436, 5.24329735844, 0.984423935961, 1.97385280191, 1.05930254161, 0.915574936297, 3.41589657545, 2.46842357337, 0.935717297994, 2.73194260904, 0.960749460238, 1.09000037148, 1.03293827356, 1.02662958134, 1.17566070039, 4.96360356704, 0.984813396596, 0.869246536369, 378.272977057, 1.10694810918, 5.62531725793, 0.974674913436, 2.67816945136, 1.1524933109, 13.7655836277, 72.6839098016
3.47173912508, 1.10147066182, 1.16667134059, 1.04234133063, 3.35032791796, 0.969192045111, 1.70541160936, 1.08109394204, 0.960529941801, 5.25210207635, 3.58161931145, 1.02350927683, 4.8352122796, 0.893536200529, 1.09000079931, 1.01936474172, 1.00014195887, 0.960534473971, 6.67539620606, 1.15750195973, 0.872886639146, 146.354348794, 1.05932346397, 2.44331720813, 1.13147787115, 1.23697485476, 1.03756401492, 10.7132077988, 73.0310201624
1.69757770189, 1.15652738797, 0.906868838859, 0.932119430654, 2.40914157719, 0.990804388387, 4.53280629052, 0.959170194438, 0.994003237673, 5.90911872364, 5.18251776586, 0.957764614875, 5.04163650062, 0.931249325298, 1.09000099265, 1.04961843839, 1.02385699947, 1.14577164841, 3.83505434401, 0.997798418058, 0.79910268162, 76.9258035479, 1.02154312756, 4.11454783516, 1.04913971501, 4.28353162833, 0.877528605312, 9.90480584029, 375.855559499
3.23647648277, 1.29932016703, 1.1395811459, 0.832996149439, 6.60316387863, 0.896518140057, 5.12471580281, 1.07767730838, 0.945107920292, 3.8588400298, 2.35680307312, 1.01367121527, 4.10781906829, 0.812668546333, 1.090000585, 1.0304080469, 1.02232163486, 0.85334005259, 6.75911226778, 0.922364062586, 0.93363355008, 210.375514027, 1.1339719198, 3.3328728261, 1.16578647803, 1.92223312927, 1.11323347239, 9.43352702322, 442.767447336
2.80481555911, 1.36360875604, 1.03437125478, 0.912473553242, 6.55706840517, 0.98399523335, 1.97127514529, 0.836789525188, 0.959581683857, 1.70880216359, 6.77493650265, 0.931116038953, 1.65549683993, 0.919465486045, 1.09000058629, 1.10196434557, 1.04107604341, 1.22972982991, 7.63568825681, 1.1543903856, 0.871804455186, 181.368377665, 1.0196828937, 1.73396277255, 1.01628285567, 3.80460106172, 0.976374068809, 10.2432570032, 139.515052326
3.47173912508, 1.10147066182, 1.16667134059, 0.912473553242, 3.35032791796, 0.969192045111, 1.70541160936, 1.08109394204, 0.960529941801, 5.25210207635, 3.58161931145, 0.931116038953, 4.8352122796, 0.893536200529, 1.09000079931, 1.07232883619, 1.00014195887, 0.960534473971, 6.67539620606, 1.15750195973, 0.872886639146, 146.354348794, 1.05932346397, 3.11050883581, 1.13147787115, 1.23697485476, 1.03756401492, 11.6002788628, 89.6130325624
5.04725932875, 1.28227372904, 1.09819109153, 0.88601533197, 1.62055244614, 0.982391508586, 1.45318284587, 1.081524827, 0.944915247469, 4.7572205611, 6.56218747268, 0.947610911584, 2.24556286757, 1.02214762556, 1.09000055827, 1.08640753049, 1.04552058037, 1.21802006747, 4.75174033329, 1.03943701328, 0.825557201245, 183.028138032, 1.11018832057, 4.15623099408, 0.996278088988, 1.65959186028, 1.02615906995, 13.0440182216, 85.4990280578
2.31928588351, 1.42659247857, 0.969917156422, 1.19529676645, 4.18317098231, 0.759164338787, 1.18489513894, 1.07858092635, 0.920812431555, 5.03559567304, 2.1542905476, 1.01063927022, 2.43645563075, 1.03034755055, 1.09000024666, 1.0378908111, 1.0196987783, 1.05011173049, 6.84536511064, 0.921322076967, 0.982629406982, 234.659115469, 1.08942861458, 1.6100411609, 0.999652843712, 1.87306441603, 1.12123563625, 10.9765603749, 167.728783386
5.52651573815, 1.0424293957, 0.93218083952, 1.05040175483, 5.41792810588, 0.870018889538, 4.73813871989, 1.08161410649, 0.948261161241, 3.9319974666, 5.23924683518, 0.884300846975, 3.56972536775, 0.99925801855, 1.09000026117, 1.08747442964, 1.0211136453, 1.103357582, 7.28485765856, 1.17946271714, 0.800773125875, 385.195551184, 1.11927192926, 2.73985552406, 1.18659216899, 2.40994469791, 1.10448760411, 16.28669052, 103.565151487
4.32001563812, 1.38953484482, 1.15635563089, 1.11301807268, 2.5999077461, 0.781908789429, 1.53188617254, 0.956598930126, 0.939582000788, 1.63087070073, 7.64547803345, 0.911433419394, 3.79544132364, 0.955756785567, 1.09000066409, 1.08289850157, 1.00097847695, 0.967569166312, 6.57051292349, 1.10964087488, 0.983648415503, 306.917614215, 1.11712012682, 2.7960795075, 0.970875329511, 2.93620324026, 1.10413960229, 13.0691276064, 128.612292524
5.09373005127, 1.0424293957, 0.93218083952, 1.05040175483, 5.41792810588, 0.746176775268, 4.73813871989, 1.08087138446, 0.948261161241, 3.9319974666, 5.23924683518, 0.884300846975, 3.56972536775, 0.99925801855, 1.09000027668, 1.08747442964, 1.0211136453, 0.96912785053, 7.28485765856, 1.17946271714, 0.800773125875, 316.434253944, 1.11927192926, 4.71714773485, 1.18659216899, 2.40994469791, 1.10448760411, 11.1782643279, 1199.09930762
1.91495878601, 1.28735564907, 1.08700516247, 0.912023154514, 2.82036029491, 0.739793874014, 5.33374920827, 0.83210484422, 0.943890205369, 4.92651738508, 6.26637854857, 0.841661998264, 4.88741284395, 1.25510680289, 1.09000049002, 1.05514269018, 1.00211194327, 1.1807436276, 6.90472737431, 1.14243751137, 0.901868619885, 52.5473631807, 1.14136091621, 5.1542478209, 1.23561455698, 3.58273173933, 1.27123458515, 11.7250915262, 176.22571193
5.12775420829, 1.37290826515, 1.13982332434, 1.19357126128, 5.01786336787, 0.983762500553, 1.88553159138, 1.06264478182, 0.927512605775, 2.98349305456, 2.09405486919, 0.872043317444, 4.00510968108, 1.12481199778, 1.09000073869, 1.03159781413, 1.00942196315, 1.0016923169, 5.57234202079, 1.09104367966, 0.95611287644, 366.53291145, 1.16822490342, 3.88072190628, 1.18162053237, 3.34317134679, 1.28518832496, 15.0768310381, 154.799862868
5.6381806641, 1.36820272613, 0.94390312426, 0.953184208439, 3.76791372188, 0.771585447458, 3.85263113442, 1.08039543663, 0.927512605775, 2.46031397223, 6.7537408152, 0.838092496683, 4.00510968108, 1.0739232086, 1.09000035839, 1.04948640135, 1.04693461021, 1.0016923169, 8.85764098645, 0.920430807396, 0.87840563174, 382.037299843, 1.13107355546, 5.01389324983, 1.01603319846, 3.34317134679, 1.13889725341, 14.9127129828, 164.142625712
5.28449992984, 1.21441323765, 1.06920559391, 0.97917080998, 5.02952129527, 0.780930367713, 1.27494693245, 0.982409448951, 0.930270274359, 1.2991559329, 3.07589831382, 0.90084685105, 2.24606939061, 1.15319018099, 1.09000073801, 1.09757794221, 1.03910291622, 1.20543575415, 8.11554280328, 0.945280404832, 0.907296821775, 265.905822195, 1.10030008027, 5.23239646019, 1.04000900385, 1.71817392522, 1.10635799617, 12.528248429, 371.398256397
5.75688951426, 1.38425246816, 1.05593156217, 0.875708778361, 5.70355925616, 0.822974476696, 1.36846934417, 0.942584755503, 0.967017860975, 5.1018490525, 6.93304274659, 0.937539669743, 3.5164410492, 1.18806765738, 1.0900000349, 1.09538559582, 1.02557661367, 0.822745900607, 8.50848242864, 0.999732341058, 0.811965487955, 82.4301647413, 0.951902029915, 1.39328188747, 1.05021125327, 1.3876165921, 1.03639007702, 12.3621198988, 1420.34893904
4.26392992161, 1.37290826515, 1.13982332434, 1.19357126128, 5.01786336787, 0.983762500553, 1.88553159138, 1.06264478182, 0.927512605775, 2.98349305456, 1.61220776156, 1.03488999074, 4.285836525, 1.26277308373, 1.09000073869, 1.03159781413, 1.00942196315, 1.0016923169, 5.57234202079, 1.09104367966, 0.95611287644, 366.53291145, 1.16822490342, 3.88072190628, 1.18162053237, 3.34317134679, 1.28518832496, 12.7469712449, 178.842991065
5.99836925736, 1.16106840505, 0.850193540437, 1.01664141543, 6.16062904509, 0.78113489885, 3.65997730189, 1.05489045952, 0.981935724233, 1.54640353643, 6.55105178236, 0.863446851068, 4.31347296364, 1.02528661088, 1.09000097546, 1.02713620275, 1.04887662518, 1.06235837722, 7.05799011698, 1.00779733871, 0.939648533273, 345.175451061, 0.953372043095, 4.51198897461, 1.06244236158, 1.28369794668, 1.24284626936, 13.2201758673, 307.133070365
4.97573160768, 1.22524531627, 1.15956776785, 0.932464401223, 5.37039953644, 0.904208813956, 1.83824521489, 1.06761115179, 0.902962778709, 3.56473900338, 7.51624380127, 0.85037044664, 2.62978047678, 1.13812586494, 1.09000033587, 1.02185527791, 1.03615219726, 0.984555634107, 4.03094609851, 1.16851559382, 0.90273977031, 152.98312341, 1.16785392271, 4.70016848383, 0.959625206401, 1.7411250941, 1.07736775627, 17.4409844114, 212.371274424
1.69757770189, 1.30747486559, 0.906868838859, 0.932119430654, 2.40914157719, 0.990804388387, 2.30578864438, 1.03948387797, 0.994003237673, 5.90911872364, 5.18251776586, 0.957764614875, 4.93588099292, 0.931249325298, 1.09000099265, 1.04961843839, 1.02385699947, 1.07546787928, 3.83505434401, 0.997798418058, 0.774410675448, 248.970553462, 0.910993856653, 4.11454783516, 1.20334486402, 1.53521113922, 0.877528605312, 14.2208459238, 17052.2848511
5.18228327433, 1.4106548802, 0.987387981205, 0.944034657512, 5.05724004679, 0.945952498889, 2.86922450614, 1.08017241807, 0.936544973553, 3.45140041392, 5.36200068989, 0.837336171254, 4.26444802958, 0.99218019488, 1.09000097298, 1.04448814839, 1.03919006634, 0.992167520155, 3.97270801784, 1.05728456931, 0.87649761441, 85.8291185109, 1.16155054001, 3.63069431008, 1.123695732, 2.5028134255, 1.00888241127, 14.4191571742, 829.821256416
5.09373005127, 1.0424293957, 0.954016494241, 1.05040175483, 5.41792810588, 0.746176775268, 4.73813871989, 1.08087138446, 0.948261161241, 3.9319974666, 5.23924683518, 0.884300846975, 3.56972536775, 0.99925801855, 1.09000027668, 1.08747442964, 1.0211136453, 0.96912785053, 7.28485765856, 1.17946271714, 0.800773125875, 316.434253944, 1.11927192926, 4.71714773485, 1.18659216899, 3.58273173933, 1.10448760411, 16.016190454, 341.867346166
5.04938018849, 1.28589255315, 0.746199457422, 1.02202980867, 3.40748757864, 0.970001679989, 2.71514298497, 0.850355220452, 0.900630419768, 5.6836331425, 3.14621050964, 0.881633828317, 4.49874200023, 1.104143641, 1.0900002626, 1.00821489014, 1.00075801291, 0.82364796627, 4.21452704389, 0.947467342606, 0.80136759099, 68.694396025, 1.04800107736, 5.90122568644, 0.974196232626, 3.95982746719, 1.0113200016, 14.4811908149, 583.634897881
1.73002391691, 1.01289846619, 1.10208703268, 1.0303291115, 1.65318971531, 0.807394658236, 4.22329394539, 1.08297438324, 0.97620651855, 2.92270345458, 5.7380173376, 1.09986794744, 3.58900890937, 0.891901069212, 1.09000072566, 1.00197969365, 1.03321138685, 0.87250276296, 3.29317831095, 1.14932558708, 0.850192697216, 234.659115469, 1.02949798289, 2.44065252191, 1.20848621501, 1.87306441603, 1.03475819628, 30.8099314964, 321.44696849
3.34973343023, 1.06561530209, 0.868430738537, 1.14882293481, 6.734749338, 0.853266958671, 5.43010060608, 0.873612390882, 0.927024913735, 1.6887582562, 5.92937571775, 0.884918257234, 2.33275669897, 1.00072590855, 1.09000033587, 1.08055638795, 1.02408198142, 1.05654842166, 7.89988143142, 1.15599097073, 0.915637156052, 193.652161311, 1.09752832593, 4.75002081746, 1.08046125334, 2.05010282708, 1.09372598765, 33.3793162116, 313.357437995
2.80481555911, 1.10147066182, 1.06885418511, 0.912473553242, 6.55706840517, 0.98399523335, 1.97127514529, 0.836789525188, 0.959581683857, 1.70880216359, 6.77493650265, 0.931116038953, 1.65549683993, 0.919465486045, 1.09000058629, 1.10196434557, 1.04107604341, 1.22972982991, 7.63568825681, 1.1543903856, 0.962306582786, 181.368377665, 1.0196828937, 1.73396277255, 1.01628285567, 3.80460106172, 0.976374068809, 20.7465590221, 327.65665284
5.98551048786, 1.16106840505, 0.850193540437, 1.01664141543, 6.16062904509, 0.78113489885, 3.65997730189, 1.05489045952, 0.981935724233, 1.7458342046, 6.39062461051, 0.863446851068, 4.31347296364, 1.02528661088, 1.09000097546, 1.02713620275, 1.04887662518, 1.06235837722, 7.05799011698, 1.00779733871, 0.939648533273, 345.175451061, 0.953372043095, 4.51198897461, 1.0242506682, 1.28369794668, 0.98162432272, 17.0041639896, 360.019390863
3.73957995927, 1.21248341376, 0.926565135701, 0.995460861835, 2.86532720457, 0.806175284966, 4.67009957948, 1.05661147286, 0.9371550901, 2.33645806629, 4.30269799679, 0.956886064568, 4.38849749058, 0.961111398484, 1.09000087696, 1.00680341697, 1.00533391905, 0.862660221538, 7.30747968543, 1.03381402029, 0.975424678335, 304.960484418, 1.03502944121, 2.45428595269, 1.00827065526, 2.40450087486, 0.980742610519, 15.7460536198, 615.376691969
5.32113601874, 1.31961214067, 1.15089613516, 0.809233690777, 3.47760972823, 0.964664417206, 2.30578864438, 0.884696905862, 0.945516748314, 5.6836331425, 2.30315525148, 1.09907707256, 3.44386592243, 1.26425036411, 1.0900004907, 1.00919531826, 1.0041944023, 0.951545970918, 7.28485765856, 0.916828197443, 0.82565702347, 12.1567766774, 1.10347576292, 4.98082077127, 0.974196232626, 1.67704935374, 0.935803322792, 14.6357210718, 694.695242582
5.98551048786, 1.16106840505, 0.850193540437, 1.01664141543, 6.16062904509, 0.78113489885, 3.65997730189, 1.05489045952, 0.981935724233, 1.7458342046, 6.55105178236, 0.863446851068, 4.31347296364, 1.02528661088, 1.09000097546, 1.02713620275, 1.04887662518, 1.06235837722, 7.05799011698, 1.00779733871, 0.939648533273, 345.175451061, 0.953372043095, 4.51198897461, 1.06244236158, 1.28369794668, 0.98162432272, 19.7940258329, 459.658580243
5.04938018849, 1.28589255315, 0.746199457422, 1.02202980867, 3.40748757864, 0.970001679989, 2.71514298497, 0.862859287721, 0.900630419768, 5.6836331425, 3.14621050964, 0.881633828317, 4.49874200023, 1.104143641, 1.0900002626, 1.00821489014, 1.00075801291, 0.82364796627, 4.29395064677, 0.947467342606, 0.80136759099, 68.694396025, 1.04800107736, 5.96450307032, 0.974196232626, 3.95982746719, 1.0113200016, 23.2079589189, 366.467046999
1.56562917061, 1.07584128277, 1.14360366299, 0.863490787997, 2.47903642266, 0.931753854054, 5.50022087522, 0.975780932945, 0.932713693457, 5.53533307735, 6.32794881248, 0.821105048846, 1.31211732295, 1.1288095598, 1.09000008002, 1.03004190658, 1.0024357083, 0.991443871061, 9.16566327033, 1.00525541868, 0.93453784316, 37.6475345734, 1.00896089512, 3.23640774452, 0.963258103446, 1.31098098902, 1.14522592798, 16.6653242757, 638.890284515
3.06741694563, 1.07743027053, 1.01571935573, 0.854474975404, 3.26711449169, 0.757072503204, 4.52949714517, 0.833960557765, 0.9955446805, 2.31157976101, 7.64936368891, 0.849717040659, 1.75002808595, 0.937503445031, 1.09000023193, 1.00145648476, 1.00677181328, 1.0745819449, 4.22017516128, 1.00507152952, 0.918440019422, 196.211233176, 0.992486521521, 1.22730412495, 1.2124941703, 4.99363664745, 1.08512958338, 15.1909330755, 1476.67865694
3.94085422575, 1.09411819839, 0.838669294758, 1.16165178237, 2.49618882903, 0.946964104107, 2.51915497937, 0.826887701172, 0.970726885174, 2.5549398134, 5.17326720243, 0.884936900363, 1.23290295847, 0.841509367672, 1.09000003565, 1.09695232853, 1.0268708238, 1.00567442368, 5.83756216006, 0.976230870593, 0.907966896435, 240.392253238, 1.02697919206, 4.67419719158, 0.983056278293, 1.76811361033, 1.20510531389, 15.3148310312, 1406.56071321
4.04929231166, 1.33017138689, 0.860858690542, 1.18277273184, 1.66154466538, 0.914665028595, 2.12004698968, 0.949829452055, 0.992515698865, 2.6971689258, 2.72966275675, 0.949646097844, 2.25315001147, 0.95629958315, 1.09000087842, 1.00319414842, 1.04830700862, 0.902958825363, 4.56033998152, 0.94508358174, 0.910832791101, 103.420600014, 1.14735142594, 4.70757378772, 1.2193027936, 2.76177541809, 0.892204890262, 14.9078591366, 1970.60793632
5.04938018849, 1.31961214067, 0.746199457422, 1.02202980867, 3.40748757864, 0.970001679989, 2.71514298497, 0.862859287721, 0.900630419768, 5.6836331425, 3.14621050964, 0.881633828317, 4.49874200023, 1.104143641, 1.0900002626, 1.00821489014, 1.00075801291, 0.82364796627, 4.29395064677, 0.947467342606, 0.80136759099, 68.694396025, 1.04800107736, 5.96450307032, 0.974196232626, 2.87414551181, 1.0113200016, 15.4466152594, 700.015420301
5.32113601874, 1.31961214067, 1.15089613516, 0.809233690777, 3.47760972823, 0.964664417206, 2.30578864438, 0.958415103731, 0.945516748314, 1.45933266052, 2.30315525148, 1.09907707256, 3.44386592243, 1.26425036411, 1.0900004907, 1.00919531826, 1.00455824014, 0.951545970918, 7.28485765856, 0.916828197443, 0.82565702347, 12.1567766774, 1.10347576292, 4.98082077127, 0.963258103446, 1.67704935374, 0.935803322792, 21.2674150403, 571.535161114
4.04929231166, 1.34951585895, 0.860858690542, 1.18277273184, 1.66154466538, 0.914665028595, 2.12004698968, 0.949829452055, 0.992515698865, 2.58808179072, 2.00049130131, 0.949646097844, 2.25315001147, 0.841509367672, 1.09000087842, 1.00319414842, 1.04830700862, 0.902958825363, 4.56033998152, 0.94508358174, 0.910832791101, 103.420600014, 1.14735142594, 4.70757378772, 1.2193027936, 2.76177541809, 1.20510531389, 20.2635513236, 588.4863658
2.48980877548, 1.0246383383, 0.918518374375, 1.03640004908, 6.90408302146, 0.912010142133, 1.50336148592, 0.822117839953, 0.936516439025, 1.680544922, 7.61958823359, 1.06289820307, 3.26745544389, 1.10845185167, 1.09000077382, 1.06724093515, 1.03474891976, 1.01210482571, 7.78711713504, 1.10007069795, 0.85679113904, 381.007768124, 0.946839697741, 1.91792737877, 0.993450250582, 4.15709543405, 0.920424132948, 22.8700359242, 541.774661695
1.75582902853, 1.34359714923, 0.819963846329, 1.04406707697, 2.00590960973, 0.720347094185, 1.43663291998, 0.962393119001, 0.965834350507, 2.71594343825, 3.37722785164, 1.07083626546, 4.76663527819, 0.878889143312, 1.09000057317, 1.01612141629, 1.00106361235, 1.0787655764, 7.45333275261, 1.02342902705, 0.871389476107, 326.190742725, 1.02424013149, 3.355162568, 1.05368702564, 1.98810973923, 0.896204809486, 23.4122596421, 528.941459974
5.83046184867, 1.01953431739, 1.09104710175, 0.889337620553, 6.62906051539, 0.874182642302, 3.16493365715, 0.895974091412, 0.938957856883, 2.45302050281, 3.03533283978, 0.904544762372, 4.34763801798, 0.822907359434, 1.09000015683, 1.03590422526, 1.04199000782, 1.17795408583, 9.55098877943, 1.12920508138, 0.830765347872, 123.291442734, 1.04378228854, 2.05226862434, 0.988896402571, 3.04961721171, 1.20729545031, 19.3253239457, 668.656540107
3.49138782415, 1.38953484482, 1.15635563089, 1.21357029958, 2.5999077461, 0.781908789429, 1.53188617254, 0.956598930126, 0.939582000788, 3.9319974666, 7.64547803345, 0.911433419394, 3.79544132364, 0.955756785567, 1.09000066409, 1.08289850157, 1.00097847695, 0.967569166312, 6.57051292349, 1.10964087488, 0.983648415503, 306.917614215, 1.11712012682, 2.7960795075, 0.970875329511, 2.93620324026, 1.10413960229, 14.9345261588, 2391.43843808
4.32001563812, 1.38953484482, 1.15635563089, 1.09740285853, 2.5999077461, 0.781908789429, 1.53188617254, 1.0053921281, 0.939582000788, 1.63087070073, 7.64547803345, 0.911433419394, 3.79544132364, 0.955756785567, 1.09000052467, 1.08289850157, 1.00097847695, 1.11411027201, 6.57051292349, 1.11991371848, 0.983648415503, 306.917614215, 1.17006883505, 2.7960795075, 0.970875329511, 2.93620324026, 1.10413960229, 15.8578410188, 818.142231484
4.38642208904, 1.09745549824, 1.12421288456, 0.818363975144, 3.23612237672, 0.940101902606, 5.94583454677, 0.841709589106, 0.986851652855, 2.87371069384, 1.81255414539, 0.989732200179, 4.16218959951, 0.938877635959, 1.09000046625, 1.08533165934, 1.00793263105, 1.06563430126, 5.74756975972, 1.05832788041, 0.943429088827, 147.431157948, 1.06777340164, 3.99681461331, 1.00644441509, 4.00653108265, 0.936967419395, 19.12396605, 707.310161017
5.32113601874, 1.31961214067, 1.15089613516, 0.809233690777, 3.47760972823, 0.964664417206, 2.30578864438, 0.958415103731, 0.945516748314, 1.45933266052, 2.30315525148, 1.09907707256, 3.44386592243, 1.26425036411, 1.0900004907, 1.00919531826, 1.00455824014, 0.951545970918, 7.28485765856, 0.965459224613, 0.82565702347, 12.1567766774, 1.10347576292, 4.98082077127, 1.0242506682, 1.67704935374, 0.935803322792, 15.6189781253, 1120.43812064
4.97573160768, 1.22524531627, 1.15956776785, 0.932464401223, 5.37039953644, 0.904208813956, 1.83824521489, 1.03222897295, 0.902962778709, 3.56473900338, 7.51624380127, 0.85037044664, 2.62978047678, 1.13812586494, 1.09000033587, 1.02185527791, 1.03615219726, 0.984555634107, 4.03094609851, 1.16851559382, 0.90273977031, 18.854777505, 1.16785392271, 4.70016848383, 0.959625206401, 1.7411250941, 1.07736775627, 17.2337952793, 722.432567895
1.75582902853, 1.34359714923, 0.819963846329, 0.809233690777, 2.00590960973, 0.720347094185, 1.36653470468, 0.962393119001, 0.965834350507, 2.71594343825, 3.37722785164, 1.07083626546, 4.76663527819, 0.878889143312, 1.09000074281, 1.01612141629, 1.00106361235, 1.01022485308, 7.45333275261, 1.02342902705, 0.871389476107, 326.190742725, 1.02424013149, 1.53086820338, 1.1030972547, 1.98810973923, 0.896204809486, 20.340192679, 616.149464283
1.73002391691, 1.00279106101, 1.10208703268, 1.0303291115, 1.65318971531, 0.807394658236, 4.22329394539, 1.08297438324, 0.97620651855, 2.92270345458, 3.81663288344, 1.09986794744, 3.58900890937, 1.22787233662, 1.09000072566, 1.00197969365, 1.03321138685, 0.87250276296, 3.29317831095, 1.14932558708, 0.850192697216, 77.4790522427, 1.02949798289, 2.44065252191, 1.20848621501, 4.45363559952, 1.03475819628, 23.1913392441, 550.346088328
5.75688951426, 1.38425246816, 1.05593156217, 0.843855579534, 5.70355925616, 0.822974476696, 1.36846934417, 0.942584755503, 0.967017860975, 5.1018490525, 6.93304274659, 0.937539669743, 3.5164410492, 1.18806765738, 1.0900000349, 1.09538559582, 1.02315587405, 0.822745900607, 8.50848242864, 0.999732341058, 0.811965487955, 82.4301647413, 0.951902029915, 1.39328188747, 0.970875329511, 1.3876165921, 1.03639007702, 15.6489604573, 9601.39770631
5.75688951426, 1.38425246816, 1.05593156217, 0.843855579534, 5.70355925616, 0.822974476696, 1.36846934417, 0.942584755503, 0.967017860975, 5.1018490525, 6.93304274659, 0.937539669743, 3.5164410492, 1.18806765738, 1.0900000349, 1.09538559582, 1.02315587405, 0.822745900607, 8.50848242864, 0.999732341058, 0.811965487955, 82.4301647413, 0.951902029915, 1.39328188747, 1.05021125327, 1.3876165921, 1.03639007702, 16.4250287168, 1259.11085519
1.91495878601, 1.28735564907, 1.08700516247, 1.16542644136, 2.82036029491, 0.739793874014, 5.75549523333, 0.83210484422, 0.943890205369, 4.92651738508, 6.26637854857, 0.841661998264, 4.88741284395, 1.25510680289, 1.09000049002, 1.05514269018, 1.00211194327, 1.1807436276, 6.90472737431, 1.03816436594, 0.901868619885, 316.434253944, 1.14136091621, 5.1542478209, 1.23561455698, 3.58273173933, 1.27123458515, 15.7730056136, 1327.43276805
3.05011584853, 1.36820272613, 0.94390312426, 0.984747212639, 3.76791372188, 0.771585447458, 3.85263113442, 1.08039543663, 0.927512605775, 1.54640353643, 6.7537408152, 0.817612770598, 4.00510968108, 1.0739232086, 1.09000035839, 1.04948640135, 1.04693461021, 0.865734879697, 8.85764098645, 0.920430807396, 0.87840563174, 382.468268177, 1.13107355546, 5.01389324983, 1.01603319846, 3.34317134679, 1.13889725341, 17.3087197722, 748.380486669
2.58976553534, 1.07584128277, 1.14360366299, 1.00834667703, 1.55158787211, 0.931753854054, 5.50022087522, 0.975780932945, 0.903247943235, 5.53533307735, 6.32794881248, 0.83453122867, 1.31211732295, 1.1288095598, 1.09000040794, 1.03004190658, 1.0024357083, 1.0696836311, 9.19024642456, 1.04350764667, 0.93453784316, 37.6475345734, 0.931889418996, 3.23640774452, 0.963258103446, 1.31098098902, 1.08339882266, 24.8583380083, 701.925535339
4.97573160768, 1.22524531627, 1.15956776785, 0.932464401223, 5.37039953644, 0.904208813956, 1.83824521489, 1.03222897295, 0.902962778709, 3.56473900338, 7.51624380127, 0.85037044664, 2.62978047678, 1.13812586494, 1.09000033587, 1.02185527791, 1.03615219726, 0.984555634107, 4.03094609851, 1.16851559382, 0.90273977031, 18.854777505, 1.16785392271, 5.83735794914, 0.959625206401, 1.7411250941, 1.07736775627, 25.8619643524, 555.091558072
3.34973343023, 1.06561530209, 0.868430738537, 1.14882293481, 6.734749338, 0.853266958671, 5.43010060608, 0.873612390882, 0.927024913735, 1.6887582562, 5.92937571775, 0.884918257234, 2.33275669897, 1.00072590855, 1.09000010759, 1.08055638795, 1.02408198142, 1.05654842166, 7.89988143142, 1.15599097073, 0.915637156052, 193.652161311, 1.09752832593, 4.75002081746, 1.08046125334, 2.05010282708, 1.09372598765, 16.26280827, 1532.7177958
3.34973343023, 1.06561530209, 0.868430738537, 1.14882293481, 6.734749338, 0.724846977396, 5.43010060608, 0.873612390882, 0.927024913735, 1.6887582562, 6.74028786141, 0.884918257234, 2.33275669897, 1.00072590855, 1.09000010759, 1.08055638795, 1.02408198142, 1.05654842166, 7.89988143142, 1.15599097073, 0.915637156052, 193.652161311, 0.990189471545, 4.75002081746, 1.08046125334, 2.05010282708, 1.09372598765, 15.7903005234, 2616.77963477
1.81825956859, 1.10948915368, 0.902122984066, 1.00834667703, 2.71648219943, 0.725386586784, 1.07967865164, 0.952431651952, 0.952707825308, 3.94509247498, 3.81658822089, 0.981047327885, 4.00510968108, 0.979857393798, 1.09000040794, 1.0295360206, 1.00942196315, 1.21535803189, 3.34636744669, 1.18362028725, 0.943600402107, 380.836387084, 1.17419044821, 5.77805353629, 1.22523402755, 5.15894167285, 0.881830589622, 17.4880425315, 1054.16007772
1.81825956859, 1.11039265012, 0.902122984066, 1.00834667703, 2.71648219943, 0.725386586784, 2.77011747044, 0.952431651952, 0.952707825308, 3.94509247498, 3.81658822089, 0.981047327885, 1.27689665611, 1.09378186859, 1.09000040794, 1.0295360206, 1.02536251139, 1.21535803189, 3.34636744669, 1.18362028725, 0.943600402107, 273.879640507, 1.17419044821, 4.12551697398, 1.22523402755, 5.15894167285, 0.881830589622, 17.6328322593, 1033.22136807
1.75582902853, 1.34359714923, 0.819963846329, 1.04406707697, 2.00590960973, 0.822659953084, 1.43663291998, 0.952431651952, 0.952707825308, 2.71594343825, 3.37722785164, 1.07083626546, 4.76663527819, 0.878889143312, 1.09000057317, 1.01612141629, 1.01342322932, 1.0787655764, 7.45333275261, 1.02342902705, 0.871389476107, 326.190742725, 1.02424013149, 3.355162568, 1.05368702564, 1.98810973923, 0.896204809486, 17.3312193817, 1447.59788807
4.87142799601, 1.37290826515, 1.16602923824, 1.19357126128, 5.01786336787, 0.983762500553, 3.09744702136, 0.876712097345, 0.927512605775, 2.98349305456, 3.19516076753, 0.872043317444, 4.00510968108, 1.12481199778, 1.09000009435, 1.03159781413, 1.00942196315, 1.0016923169, 5.57234202079, 1.09104367966, 0.806337265816, 386.630806979, 1.11642705091, 3.88072190628, 1.19643873186, 3.34317134679, 1.28518832496, 18.5196780376, 782.771535228
5.09373005127, 1.0424293957, 0.93218083952, 1.05040175483, 5.41792810588, 0.746176775268, 2.43178044412, 1.08087138446, 0.948261161241, 3.9319974666, 2.31088888679, 0.884300846975, 3.56972536775, 0.99925801855, 1.09000076425, 1.04557315628, 1.0211136453, 0.912450770011, 7.28485765856, 1.17946271714, 0.800773125875, 316.434253944, 1.11927192926, 5.96104254564, 1.18659216899, 2.40994469791, 1.10448760411, 26.5527193168, 616.683773654
3.73957995927, 1.21248341376, 0.926565135701, 0.995460861835, 2.86532720457, 0.806175284966, 4.67009957948, 1.05661147286, 0.9371550901, 2.33645806629, 4.30269799679, 0.956886064568, 4.38849749058, 1.11079364904, 1.09000087696, 1.00680341697, 1.00533391905, 1.01734589773, 7.30747968543, 1.03381402029, 0.975424678335, 304.960484418, 1.03502944121, 2.45428595269, 1.00827065526, 2.40450087486, 0.980742610519, 16.4228671308, 1929.10004065
3.93242914986, 1.09745549824, 1.12421288456, 0.80267741493, 3.23612237672, 0.965862260917, 4.53851715994, 0.841709589106, 0.986851652855, 4.81166089633, 1.81255414539, 1.04129739641, 4.16218959951, 0.938877635959, 1.09000046625, 1.04701481662, 1.00793263105, 1.06563430126, 6.94182328692, 1.05832788041, 0.943429088827, 147.431157948, 1.06777340164, 3.6801196468, 1.00644441509, 4.00653108265, 0.936967419395, 16.0955083631, 4321.01523319
3.32944304027, 1.2103490636, 0.93623524269, 1.10801412128, 6.3613678587, 0.712425466475, 4.03379227603, 1.07830861735, 0.900472678526, 6.14234363259, 6.75154479183, 1.07309281391, 4.93846205674, 1.11584931988, 1.0900007871, 1.07645809544, 1.0392600398, 0.955472785386, 6.69395488515, 1.18712735278, 0.777275102931, 330.42806536, 1.17995960772, 1.22730412495, 0.997927681232, 4.40552764097, 1.22654917703, 18.0777003572, 1093.44187801
4.87142799601, 1.37290826515, 1.16602923824, 1.11944046356, 5.01786336787, 0.983762500553, 3.09744702136, 0.876712097345, 0.927512605775, 2.98349305456, 3.19516076753, 0.872043317444, 4.00510968108, 1.12481199778, 1.09000073869, 1.03159781413, 1.00942196315, 1.0016923169, 5.57234202079, 1.09104367966, 0.806337265816, 388.164536275, 1.11642705091, 3.88072190628, 1.21709410293, 3.34317134679, 1.28518832496, 18.6360733244, 1015.59894637
2.58976553534, 1.07584128277, 1.14360366299, 1.00834667703, 1.55158787211, 0.931753854054, 5.50022087522, 0.975780932945, 0.903247943235, 5.53533307735, 6.32794881248, 0.83453122867, 1.26199189297, 1.1288095598, 1.09000040794, 1.03004190658, 1.0024357083, 1.0696836311, 9.19024642456, 1.04350764667, 0.93453784316, 37.6475345734, 1.03381890385, 3.23640774452, 0.963258103446, 1.31098098902, 1.08339882266, 27.3955510275, 748.353411248
4.04929231166, 1.33017138689, 0.860858690542, 0.953184208439, 3.76791372188, 0.914665028595, 2.12004698968, 1.08039543663, 0.994187694373, 2.6971689258, 6.7537408152, 0.949646097844, 2.25315001147, 0.95629958315, 1.09000087842, 1.00319414842, 1.04861631382, 0.921287903839, 6.33787396608, 0.94508358174, 0.851252062136, 103.420600014, 1.14735142594, 4.70757378772, 1.18243480608, 3.58785899889, 0.892204890262, 17.0956926459, 2396.6978428
5.83046184867, 1.01953431739, 1.09104710175, 0.889337620553, 6.62906051539, 0.874182642302, 3.16493365715, 0.895974091412, 0.938957856883, 2.45302050281, 3.03533283978, 0.853419970696, 4.34763801798, 0.822907359434, 1.09000015683, 1.01842403664, 1.04215090613, 1.17795408583, 9.55098877943, 1.12920508138, 0.823178322977, 213.998214016, 1.04378228854, 3.96970365993, 0.988896402571, 3.04961721171, 0.887410499973, 16.6445421624, 3605.63750505
2.10523281369, 1.36360875604, 1.1089622317, 1.00997496189, 6.55706840517, 0.98399523335, 3.42848616384, 0.836789525188, 0.959581683857, 1.30714975978, 6.77493650265, 0.931116038953, 1.65549683993, 0.919465486045, 1.09000058629, 1.09835595832, 1.04107604341, 1.20430947811, 8.00434961586, 1.13898901805, 0.985364209561, 181.368377665, 1.03776066679, 1.73396277255, 1.05170569577, 4.77066349312, 0.976374068809, 17.3054128581, 2178.57933269
5.09373005127, 1.09940977101, 0.93218083952, 1.05040175483, 5.41792810588, 0.746176775268, 2.81036513799, 1.08087138446, 0.948261161241, 3.9319974666, 2.31088888679, 0.884300846975, 3.56972536775, 0.99925801855, 1.09000062553, 1.08747442964, 1.0211136453, 0.912450770011, 7.28485765856, 1.17946271714, 0.800773125875, 316.434253944, 1.11927192926, 5.34210089326, 1.18659216899, 2.40994469791, 1.10448760411, 17.3803814499, 2073.08923183
4.04929231166, 1.33017138689, 0.860858690542, 0.953184208439, 3.76791372188, 0.914665028595, 2.12004698968, 1.08039543663, 0.992515698865, 2.6971689258, 6.7537408152, 0.949646097844, 2.25315001147, 0.95629958315, 1.09000087842, 1.00319414842, 1.04861631382, 0.921287903839, 4.56033998152, 0.94508358174, 0.910832791101, 103.420600014, 1.14735142594, 4.70757378772, 1.18243480608, 3.58785899889, 0.892204890262, 16.7378914063, 3155.59791078
2.10523281369, 1.36360875604, 1.1089622317, 1.00997496189, 6.55706840517, 0.98399523335, 3.42848616384, 0.836789525188, 0.959581683857, 1.30714975978, 6.77493650265, 0.931116038953, 1.65549683993, 0.919465486045, 1.09000058629, 1.09835595832, 1.04107604341, 1.20430947811, 8.00434961586, 1.13898901805, 0.985364209561, 181.368377665, 1.03776066679, 1.73396277255, 1.05170569577, 4.77066349312, 0.976374068809, 18.2329835256, 1642.68760901
5.32113601874, 1.31961214067, 1.15089613516, 0.809233690777, 3.47760972823, 0.964664417206, 2.30578864438, 0.958415103731, 0.945516748314, 3.46944000421, 2.30315525148, 1.09907707256, 3.44386592243, 1.04896551779, 1.09000051309, 1.00151343666, 1.00455824014, 1.05691744573, 8.12936631821, 0.965459224613, 0.834448855394, 62.7870314096, 1.10347576292, 4.98082077127, 1.0242506682, 1.47562740072, 0.935803322792, 22.7829854251, 1134.22703371
1.75582902853, 1.34359714923, 0.819963846329, 1.04406707697, 2.00590960973, 0.720347094185, 3.38171628428, 0.962393119001, 0.965834350507, 2.71594343825, 3.37722785164, 1.09056440419, 4.76663527819, 1.0179565064, 1.09000057317, 1.01612141629, 1.00106361235, 0.938166055585, 7.45333275261, 1.02342902705, 0.871389476107, 326.190742725, 1.02424013149, 3.355162568, 1.03467166647, 1.98810973923, 0.896204809486, 25.3886723505, 1077.23981093
1.69757770189, 1.30747486559, 0.906868838859, 0.932119430654, 2.40914157719, 0.990804388387, 4.53280629052, 1.03948387797, 0.994003237673, 5.90911872364, 5.18251776586, 0.957764614875, 4.93588099292, 0.931249325298, 1.09000099265, 1.04961843839, 1.02385699947, 1.07546787928, 3.83505434401, 0.997798418058, 0.774410675448, 248.970553462, 0.910993856653, 4.11454783516, 1.20334486402, 4.28353162833, 0.877528605312, 20.4825317109, 1153.87512069
1.69757770189, 1.28310094215, 0.906868838859, 0.932119430654, 2.40914157719, 0.990804388387, 4.53280629052, 1.03948387797, 0.994003237673, 5.90911872364, 5.18251776586, 0.957764614875, 4.93588099292, 0.931249325298, 1.09000099265, 1.04961843839, 1.02385699947, 1.14577164841, 3.83505434401, 0.997798418058, 0.774410675448, 248.970553462, 0.910993856653, 4.11454783516, 1.20334486402, 4.28353162833, 0.877528605312, 18.8657132928, 1190.39594502
5.075042298, 1.28407626408, 0.913635888461, 1.05053917502, 3.25333860192, 0.876501419477, 5.66193013756, 0.848753462779, 0.933687124269, 2.39602398989, 5.32126730862, 0.967639403079, 4.70757673001, 1.00774148727, 1.09000091189, 1.08319744598, 1.04777810128, 0.810132712585, 8.83630838363, 1.01451329508, 0.859275416756, 311.676812096, 1.01645826065, 3.97487830809, 1.17377340481, 4.17194054075, 1.20052294184, 30.0694193575, 756.14349931
4.97573160768, 1.22524531627, 1.15956776785, 0.932464401223, 5.37039953644, 0.904208813956, 1.83824521489, 1.06761115179, 0.902962778709, 3.56473900338, 7.51624380127, 0.85037044664, 2.62978047678, 1.13812586494, 1.09000033587, 1.02185527791, 1.03615219726, 0.984555634107, 4.03094609851, 1.16851559382, 0.90273977031, 152.98312341, 1.16785392271, 4.70016848383, 0.959625206401, 1.7411250941, 1.07736775627, 17.8616428935, 3152.59822886
2.62921106181, 1.22297896155, 0.805014378697, 1.0420591904, 3.35456432203, 0.885696987409, 3.55303078982, 0.880733973019, 0.94661774954, 2.54990563893, 7.56368999128, 1.09444517377, 2.56105901658, 1.22444332757, 1.09000025687, 1.03508242498, 1.00983364536, 1.01562525618, 7.92646574144, 0.952582534653, 0.820640603819, 346.632459031, 1.16683231005, 5.6175468763, 1.19665307315, 3.58058249474, 0.920424132948, 18.0074604016, 2128.26756426
5.18228327433, 1.4106548802, 0.987387981205, 0.944034657512, 5.05724004679, 0.945952498889, 2.86922450614, 1.08017241807, 0.936544973553, 3.45140041392, 5.36200068989, 0.837336171254, 4.26444802958, 0.99218019488, 1.09000097298, 1.04448814839, 1.03919006634, 0.992167520155, 3.89751641138, 1.05728456931, 0.87649761441, 85.8291185109, 1.16155054001, 3.35458826391, 1.123695732, 2.5028134255, 1.00888241127, 17.1159154817, 4704.25115119
5.075042298, 1.28407626408, 0.913635888461, 1.05053917502, 3.25333860192, 0.876501419477, 5.66193013756, 0.848753462779, 0.933687124269, 1.56852560113, 5.32126730862, 0.967639403079, 3.94163177389, 1.00774148727, 1.09000091189, 1.08319744598, 1.04777810128, 0.810132712585, 8.83630838363, 1.01451329508, 0.859275416756, 311.676812096, 1.01645826065, 3.97487830809, 1.07365185355, 4.17194054075, 1.20052294184, 18.3492886681, 1734.47281149
1.73002391691, 1.00173227742, 1.10208703268, 1.09461200373, 1.65318971531, 0.807394658236, 4.22329394539, 1.08297438324, 0.97620651855, 2.92270345458, 3.81663288344, 1.09986794744, 3.58900890937, 1.22787233662, 1.09000072566, 1.00197969365, 1.00490127901, 0.87250276296, 3.29317831095, 1.14932558708, 0.850192697216, 77.4790522427, 1.07394966698, 2.44065252191, 1.20848621501, 4.45363559952, 1.24782452331, 18.2921272462, 1971.15112759
5.83046184867, 1.01953431739, 1.09104710175, 0.889337620553, 6.62906051539, 0.874182642302, 3.16493365715, 0.895974091412, 0.938957856883, 2.45302050281, 3.03533283978, 0.853419970696, 4.34763801798, 0.822907359434, 1.09000012915, 1.01842403664, 1.04215090613, 1.17795408583, 9.55098877943, 1.12920508138, 0.823178322977, 213.998214016, 1.04378228854, 3.96970365993, 0.988896402571, 3.04961721171, 0.887410499973, 22.9207897555, 1163.52088705
3.76207619666, 1.16106840505, 0.850193540437, 1.20480704075, 6.16062904509, 0.78113489885, 3.65997730189, 1.05489045952, 0.981935724233, 1.54640353643, 6.55105178236, 0.863446851068, 4.31347296364, 1.02528661088, 1.09000097546, 1.02713620275, 1.04887662518, 1.06235837722, 7.05799011698, 1.00779733871, 0.939648533273, 345.175451061, 0.953372043095, 4.51198897461, 1.06244236158, 1.28369794668, 1.24284626936, 19.6246922452, 1243.66997707
4.97573160768, 1.22524531627, 1.03194003138, 1.04406707697, 5.37039953644, 0.904208813956, 1.43663291998, 1.03222897295, 0.915547435428, 2.71594343825, 3.37722785164, 0.85037044664, 2.62978047678, 1.27820739914, 1.09000033587, 1.02185527791, 1.03615219726, 0.984555634107, 3.05210727782, 1.16851559382, 0.90273977031, 18.854777505, 1.03776066679, 4.70016848383, 0.959625206401, 1.7411250941, 1.07736775627, 21.1281412627, 1204.04986897
5.85737700238, 1.28310094215, 0.906868838859, 0.932119430654, 2.40914157719, 0.990804388387, 4.53280629052, 1.03948387797, 0.994003237673, 6.1091398582, 6.81881140516, 0.957764614875, 4.93588099292, 0.931249325298, 1.09000099265, 1.04961843839, 1.02385699947, 1.14577164841, 3.83505434401, 0.997798418058, 0.774410675448, 248.970553462, 0.910993856653, 3.11972625361, 1.19521446621, 4.28353162833, 0.876910101271, 34.4805796478, 880.795053351
4.87142799601, 1.37290826515, 1.16602923824, 1.19357126128, 5.01786336787, 0.983762500553, 3.09744702136, 0.876712097345, 0.927512605775, 2.98349305456, 3.19516076753, 0.872043317444, 4.00510968108, 1.12481199778, 1.09000073869, 1.03159781413, 1.00942196315, 1.0016923169, 5.57234202079, 1.09104367966, 0.806337265816, 386.630806979, 1.11642705091, 3.88072190628, 1.21709410293, 3.34317134679, 1.28518832496, 17.7096113559, 8561.71547924
5.32101524, 1.26977889282, 1.0253485512, 1.16249278436, 5.24329735844, 0.984423935961, 1.97385280191, 1.05930254161, 0.915574936297, 3.41589657545, 2.46842357337, 0.935717297994, 2.73194260904, 0.960749460238, 1.09000037148, 1.03293827356, 1.02662958134, 1.17566070039, 4.96360356704, 0.984813396596, 0.869246536369, 388.996254303, 1.10694810918, 5.66076882857, 0.974674913436, 2.09850371924, 1.1524933109, 30.7043064254, 1083.05871821
1.75582902853, 1.34359714923, 0.819963846329, 1.04406707697, 2.00590960973, 0.720347094185, 3.38171628428, 0.962393119001, 0.965834350507, 2.71594343825, 3.37722785164, 0.983171474376, 4.76663527819, 1.0179565064, 1.09000057317, 1.01612141629, 1.00106361235, 0.938166055585, 7.45333275261, 1.02342902705, 0.871389476107, 326.190742725, 1.02424013149, 2.51931500245, 1.03467166647, 1.98810973923, 0.896204809486, 23.0613842562, 1185.44705482
5.53685978386, 1.32709099912, 1.07607158653, 0.887422877027, 6.5019980841, 0.905291218473, 2.04731226635, 1.04819144236, 0.911205347599, 3.03787708211, 1.92173380062, 0.848829484448, 3.75664964812, 0.8105127924, 1.09000045003, 1.00244466659, 1.0303362763, 0.96912785053, 9.28182392831, 1.09467497255, 0.966589723328, 295.626466991, 1.0158554105, 3.55675677988, 1.02477244501, 4.128383688, 1.20807326276, 17.7456394467, 6802.92972741
5.28449992984, 1.2560511303, 0.929103922699, 0.97917080998, 5.02952129527, 0.780930367713, 1.27494693245, 1.02007371185, 0.920795115987, 1.2991559329, 3.07589831382, 0.90084685105, 2.24606939061, 1.15319018099, 1.09000073801, 1.06435006451, 1.03916360888, 1.20473084608, 8.11554280328, 0.945280404832, 0.907296821775, 265.905822195, 1.10030008027, 5.23239646019, 1.04000900385, 1.71817392522, 1.10635799617, 17.8640799203, 3542.57457416
1.1240724202, 1.22297896155, 0.805014378697, 1.0420591904, 6.99136175435, 0.885696987409, 3.55303078982, 0.880733973019, 0.94661774954, 2.54990563893, 7.56368999128, 1.09444517377, 2.56105901658, 1.22444332757, 1.09000025687, 1.03508242498, 1.00983364536, 1.01562525618, 7.92646574144, 0.952582534653, 0.820640603819, 346.632459031, 1.16683231005, 5.6175468763, 0.959625206401, 1.7411250941, 0.920424132948, 19.9053444096, 1278.28542399
