2.0, 2.0, 1.0, 0.0, -1.0, 1.0, 3.0, 1.0, 3.0, 3.0, 2.0, 0.0, -1.0, 3.0, 3.0, 2.0, 2.0, 3.0, 3.0, 2.0, -1.0, 2.0, 0.0, -1.0, 3.0, 1.0, 1.0, 0.0, 2.0, 0.0, 3.0, 0.0, 2.0, 1.0, 0.0, 3.0, 0.0, 2.0, 1.0, -1.0, 1.0, 0.0, -1.0, 3.0, 2.0, 1.0, 1.0, 0.0, 1.0, 0.0, 627.0, 99373.0
1.0, 3.0, 0.0, 2.0, 0.0, 2.0, 0.0, 0.0, 3.0, -1.0, 0.0, -1.0, 1.0, 3.0, 0.0, 0.0, 3.0, 0.0, 3.0, 1.0, 1.0, -1.0, 1.0, 3.0, 2.0, 1.0, 2.0, 1.0, 3.0, 2.0, 0.0, 0.0, 2.0, 1.0, 0.0, 1.0, 2.0, 3.0, 3.0, 1.0, 1.0, 2.0, 3.0, 3.0, 3.0, 2.0, 2.0, 2.0, 2.0, 0.0, 676.0, 99337.0
1.0, 3.0, 0.0, 2.0, 0.0, 2.0, 0.0, 0.0, 3.0, -1.0, 0.0, -1.0, 1.0, 3.0, 0.0, 0.0, 3.0, 0.0, 3.0, 1.0, 1.0, -1.0, 1.0, 3.0, 2.0, 1.0, 2.0, 1.0, 3.0, 2.0, 0.0, 0.0, 2.0, 1.0, 0.0, 1.0, 2.0, 3.0, 3.0, 1.0, 1.0, 2.0, 3.0, 3.0, 3.0, 2.0, 2.0, 2.0, 2.0, 0.0, 676.0, 99337.0
1.0, 3.0, 0.0, 2.0, 0.0, 2.0, 0.0, 0.0, 3.0, -1.0, 0.0, -1.0, 1.0, 3.0, 0.0, 0.0, 3.0, 0.0, 3.0, 1.0, 1.0, -1.0, 1.0, 3.0, 2.0, 1.0, 2.0, 1.0, 3.0, 2.0, 0.0, 0.0, 2.0, 1.0, 0.0, 1.0, 2.0, 3.0, 3.0, 1.0, 1.0, 2.0, 3.0, 3.0, 3.0, 2.0, 2.0, 2.0, 2.0, 0.0, 676.0, 99337.0
1.0, 3.0, 0.0, 2.0, 0.0, 2.0, 0.0, 0.0, 3.0, -1.0, 0.0, -1.0, 1.0, 3.0, 0.0, 0.0, 3.0, 0.0, 3.0, 1.0, 1.0, -1.0, 1.0, 3.0, 2.0, 1.0, 2.0, 1.0, 3.0, 2.0, 0.0, 0.0, 2.0, 1.0, 0.0, 1.0, 2.0, 3.0, 3.0, 1.0, 1.0, 2.0, 3.0, 3.0, 3.0, 2.0, 2.0, 2.0, 2.0, 0.0, 676.0, 99337.0
-1.0, 0.0, 0.0, 0.0, -1.0, 1.0, 2.0, 0.0, -1.0, -1.0, 0.0, 2.0, 2.0, 2.0, 1.0, 2.0, 0.0, 2.0, 1.0, 0.0, 3.0, 1.0, -1.0, 1.0, 1.0, 1.0, 1.0, -1.0, 2.0, 2.0, 0.0, -1.0, 3.0, 2.0, -1.0, -1.0, 0.0, 2.0, 3.0, 1.0, -1.0, 1.0, -1.0, 1.0, 2.0, 1.0, 3.0, 2.0, 0.0, -1.0, 531.0, 99462.0
-1.0, 0.0, 0.0, 0.0, -1.0, 1.0, 2.0, 0.0, -1.0, -1.0, 0.0, 2.0, 2.0, 2.0, 1.0, 2.0, 0.0, 2.0, 1.0, 0.0, 3.0, 1.0, -1.0, 1.0, 1.0, 1.0, 1.0, -1.0, 2.0, 2.0, 0.0, -1.0, 3.0, 2.0, -1.0, -1.0, 0.0, 2.0, 3.0, 1.0, -1.0, 1.0, -1.0, 1.0, 2.0, 1.0, 3.0, 2.0, 0.0, -1.0, 531.0, 99462.0
3.0, 1.0, 0.0, -1.0, -1.0, 3.0, 3.0, 2.0, 2.0, 1.0, 0.0, 1.0, -1.0, 1.0, 2.0, 1.0, 1.0, 0.0, -1.0, 3.0, -1.0, 1.0, 3.0, 2.0, 3.0, 0.0, 1.0, 3.0, 0.0, 2.0, 0.0, 0.0, 1.0, 3.0, 2.0, 2.0, 2.0, 3.0, 0.0, 0.0, 0.0, 0.0, 0.0, 0.0, 1.0, -1.0, 1.0, 1.0, -1.0, 2.0, 616.0, 99381.0
3.0, 1.0, 0.0, -1.0, -1.0, 3.0, 3.0, 2.0, 2.0, 1.0, 0.0, 1.0, -1.0, 1.0, 2.0, 1.0, 1.0, 0.0, -1.0, 3.0, -1.0, 1.0, 3.0, 2.0, 3.0, 0.0, 1.0, 3.0, 0.0, 2.0, 0.0, 0.0, 1.0, 3.0, 2.0, 2.0, 2.0, 3.0, 0.0, 0.0, 0.0, 0.0, 0.0, 0.0, 1.0, -1.0, 1.0, 1.0, -1.0, 2.0, 616.0, 99381.0
3.0, 1.0, 0.0, -1.0, -1.0, 3.0, 3.0, 2.0, 2.0, 1.0, 0.0, 1.0, -1.0, 1.0, 2.0, 1.0, 1.0, 0.0, -1.0, 3.0, -1.0, 1.0, 3.0, 2.0, 3.0, 0.0, 1.0, 3.0, 0.0, 2.0, 0.0, 0.0, 1.0, 3.0, 2.0, 2.0, 2.0, 3.0, 0.0, 0.0, 0.0, 0.0, 0.0, 0.0, 1.0, -1.0, 1.0, 1.0, -1.0, 2.0, 616.0, 99381.0
3.0, 1.0, 0.0, -1.0, -1.0, 3.0, 3.0, 2.0, 2.0, 1.0, 0.0, 1.0, -1.0, 1.0, 2.0, 1.0, 1.0, 0.0, -1.0, 3.0, -1.0, 1.0, 3.0, 2.0, 3.0, 0.0, 1.0, 3.0, 0.0, 2.0, 0.0, 0.0, 1.0, 3.0, 2.0, 2.0, 2.0, 3.0, 0.0, 0.0, 0.0, 0.0, 0.0, 0.0, 1.0, -1.0, 1.0, 1.0, -1.0, 2.0, 616.0, 99381.0
0.0, -1.0, 2.0, 1.0, 2.0, -1.0, -1.0, 1.0, 3.0, 1.0, 2.0, 2.0, 0.0, 2.0, 3.0, 0.0, -1.0, 2.0, 0.0, 1.0, 2.0, 0.0, 2.0, 3.0, 2.0, 0.0, 2.0, -1.0, 0.0, 0.0, 0.0, 3.0, 2.0, 0.0, 2.0, 2.0, 3.0, 3.0, 1.0, 1.0, 1.0, 1.0, 0.0, 1.0, 3.0, 1.0, 1.0, 1.0, 3.0, 0.0, 636.0, 99372.0
0.0, -1.0, 2.0, 1.0, 2.0, -1.0, -1.0, 1.0, 3.0, 1.0, 2.0, 2.0, 0.0, 2.0, 3.0, 0.0, -1.0, 2.0, 0.0, 1.0, 2.0, 0.0, 2.0, 3.0, 2.0, 0.0, 2.0, -1.0, 0.0, 0.0, 0.0, 3.0, 2.0, 0.0, 2.0, 2.0, 3.0, 3.0, 1.0, 1.0, 1.0, 1.0, 0.0, 1.0, 3.0, 1.0, 1.0, 1.0, 3.0, 0.0, 636.0, 99372.0
0.0, -1.0, 2.0, 1.0, 2.0, -1.0, -1.0, 1.0, 3.0, 1.0, 2.0, 2.0, 0.0, 2.0, 3.0, 0.0, -1.0, 2.0, 0.0, 1.0, 2.0, 0.0, 2.0, 3.0, 2.0, 0.0, 2.0, -1.0, 0.0, 0.0, 0.0, 3.0, 2.0, 0.0, 2.0, 2.0, 3.0, 3.0, 1.0, 1.0, 1.0, 1.0, 0.0, 1.0, 3.0, 1.0, 1.0, 1.0, 3.0, 0.0, 636.0, 99372.0
0.0, -1.0, 2.0, 1.0, 2.0, -1.0, -1.0, 1.0, 3.0, 1.0, 2.0, 2.0, 0.0, 2.0, 3.0, 0.0, -1.0, 2.0, 0.0, 1.0, 2.0, 0.0, 2.0, 3.0, 2.0, 0.0, 2.0, -1.0, 0.0, 0.0, 0.0, 3.0, 2.0, 0.0, 2.0, 2.0, 3.0, 3.0, 1.0, 1.0, 1.0, 1.0, 0.0, 1.0, 3.0, 1.0, 1.0, 1.0, 3.0, 0.0, 636.0, 99372.0
-1.0, 1.0, 3.0, 1.0, -1.0, 2.0, 3.0, 1.0, 0.0, 2.0, 0.0, 2.0, 2.0, 0.0, 1.0, -1.0, 1.0, 3.0, -1.0, 0.0, 3.0, 2.0, 1.0, 2.0, 2.0, 1.0, 0.0, 0.0, 3.0, 1.0, 3.0, 0.0, 0.0, 2.0, 1.0, -1.0, 2.0, 3.0, 2.0, 0.0, -1.0, 1.0, 1.0, -1.0, 3.0, -1.0, 1.0, 1.0, 0.0, 3.0, 590.0, 99399.0
-1.0, 1.0, 3.0, 1.0, -1.0, 2.0, 3.0, 1.0, 0.0, 2.0, 0.0, 2.0, 2.0, 0.0, 1.0, -1.0, 1.0, 3.0, -1.0, 0.0, 3.0, 2.0, 1.0, 2.0, 2.0, 1.0, 0.0, 0.0, 3.0, 1.0, 3.0, 0.0, 0.0, 2.0, 1.0, -1.0, 2.0, 3.0, 2.0, 0.0, -1.0, 1.0, 1.0, -1.0, 3.0, -1.0, 1.0, 1.0, 0.0, 3.0, 590.0, 99399.0
-1.0, 1.0, 3.0, 1.0, -1.0, 2.0, 3.0, 1.0, 0.0, 2.0, 0.0, 2.0, 2.0, 0.0, 1.0, -1.0, 1.0, 3.0, -1.0, 0.0, 3.0, 2.0, 1.0, 2.0, 2.0, 1.0, 0.0, 0.0, 3.0, 1.0, 3.0, 0.0, 0.0, 2.0, 1.0, -1.0, 2.0, 3.0, 2.0, 0.0, -1.0, 1.0, 1.0, -1.0, 3.0, -1.0, 1.0, 1.0, 0.0, 3.0, 590.0, 99399.0
-1.0, 1.0, 3.0, 1.0, -1.0, 2.0, 3.0, 1.0, 0.0, 2.0, 0.0, 2.0, 2.0, 0.0, 1.0, -1.0, 1.0, 3.0, -1.0, 0.0, 3.0, 2.0, 1.0, 2.0, 2.0, 1.0, 0.0, 0.0, 3.0, 1.0, 3.0, 0.0, 0.0, 2.0, 1.0, -1.0, 2.0, 3.0, 2.0, 0.0, -1.0, 1.0, 1.0, -1.0, 3.0, -1.0, 1.0, 1.0, 0.0, 3.0, 590.0, 99399.0
2.0, 2.0, 2.0, 1.0, 2.0, -1.0, -1.0, 1.0, 1.0, -1.0, -1.0, 3.0, 3.0, 1.0, 3.0, 2.0, 0.0, 1.0, 1.0, 2.0, -1.0, 0.0, 2.0, -1.0, 0.0, -1.0, 2.0, 2.0, 1.0, 0.0, -1.0, 0.0, 0.0, 3.0, 2.0, -1.0, 2.0, 1.0, -1.0, 0.0, 1.0, 1.0, -1.0, -1.0, 0.0, 1.0, -1.0, 0.0, 0.0, 2.0, 530.0, 99476.0
1.0, 1.0, 0.0, 2.0, -1.0, 3.0, -1.0, -1.0, 3.0, -1.0, 0.0, 2.0, -1.0, 1.0, -1.0, -1.0, -1.0, 2.0, 0.0, 0.0, 1.0, -1.0, 2.0, 0.0, -1.0, 0.0, 0.0, 0.0, 1.0, -1.0, 1.0, 1.0, 1.0, 3.0, 2.0, 0.0, 1.0, 2.0, 3.0, 2.0, -1.0, -1.0, 2.0, 2.0, 2.0, 0.0, 0.0, 1.0, 3.0, -1.0, 518.0, 99483.0
1.0, 1.0, 0.0, 2.0, -1.0, 3.0, -1.0, -1.0, 3.0, -1.0, 0.0, 2.0, -1.0, 1.0, -1.0, -1.0, -1.0, 2.0, 0.0, 0.0, 1.0, -1.0, 2.0, 0.0, -1.0, 0.0, 0.0, 0.0, 1.0, -1.0, 1.0, 1.0, 1.0, 3.0, 2.0, 0.0, 1.0, 2.0, 3.0, 2.0, -1.0, -1.0, 2.0, 2.0, 2.0, 0.0, 0.0, 1.0, 3.0, -1.0, 518.0, 99483.0
1.0, 1.0, 0.0, 2.0, -1.0, 3.0, -1.0, -1.0, 3.0, -1.0, 0.0, 2.0, -1.0, 1.0, -1.0, -1.0, -1.0, 2.0, 0.0, 0.0, 1.0, -1.0, 2.0, 0.0, -1.0, 0.0, 0.0, 0.0, 1.0, -1.0, 1.0, 1.0, 1.0, 3.0, 2.0, 0.0, 1.0, 2.0, 3.0, 2.0, -1.0, -1.0, 2.0, 2.0, 2.0, 0.0, 0.0, 1.0, 3.0, -1.0, 518.0, 99483.0
1.0, 1.0, 0.0, 2.0, -1.0, 3.0, -1.0, -1.0, 3.0, -1.0, 0.0, 2.0, -1.0, 1.0, -1.0, -1.0, -1.0, 2.0, 0.0, 0.0, 1.0, -1.0, 2.0, 0.0, -1.0, 0.0, 0.0, 0.0, 1.0, -1.0, 1.0, 1.0, 1.0, 3.0, 2.0, 0.0, 1.0, 2.0, 3.0, 2.0, -1.0, -1.0, 2.0, 2.0, 2.0, 0.0, 0.0, 1.0, 3.0, -1.0, 518.0, 99483.0
3.0, 2.0, 1.0, 3.0, -1.0, 3.0, 0.0, 2.0, 2.0, 0.0, 0.0, 3.0, -1.0, 2.0, 3.0, 1.0, 0.0, 2.0, 3.0, 1.0, 2.0, 1.0, 0.0, 1.0, 2.0, 2.0, 1.0, 2.0, 1.0, 1.0, 1.0, 0.0, 2.0, -1.0, -1.0, -1.0, 2.0, 1.0, 1.0, 0.0, 3.0, 1.0, 1.0, 2.0, 2.0, 0.0, 0.0, 3.0, 2.0, 3.0, 638.0, 99363.0
-1.0, 0.0, 2.0, 1.0, 2.0, 3.0, 3.0, 0.0, 3.0, 2.0, 0.0, 0.0, 2.0, 2.0, 2.0, 1.0, 1.0, 1.0, 3.0, 2.0, 1.0, 0.0, 1.0, 0.0, 2.0, 0.0, 0.0, 0.0, 1.0, 0.0, -1.0, 2.0, 3.0, -1.0, 2.0, -1.0, 0.0, 1.0, 1.0, 1.0, 3.0, 1.0, 0.0, 0.0, 2.0, 1.0, 2.0, -1.0, 1.0, 3.0, 638.0, 99363.0
-1.0, 0.0, 2.0, 1.0, 2.0, 3.0, 3.0, 0.0, 3.0, 2.0, 0.0, 0.0, 2.0, 2.0, 2.0, 1.0, 1.0, 1.0, 3.0, 2.0, 1.0, 0.0, 1.0, 0.0, 2.0, 0.0, 0.0, 0.0, 1.0, 0.0, -1.0, 2.0, 3.0, -1.0, 2.0, -1.0, 0.0, 1.0, 1.0, 1.0, 3.0, 1.0, 0.0, 0.0, 2.0, 1.0, 2.0, -1.0, 1.0, 3.0, 638.0, 99363.0
3.0, 2.0, 1.0, 3.0, -1.0, 3.0, 0.0, 2.0, 2.0, 0.0, 0.0, 3.0, -1.0, 2.0, 3.0, 1.0, 0.0, 2.0, 3.0, 1.0, 2.0, 1.0, 0.0, 1.0, 2.0, 2.0, 1.0, 2.0, 1.0, 1.0, 1.0, 0.0, 2.0, -1.0, -1.0, -1.0, 2.0, 1.0, 1.0, 0.0, 3.0, 1.0, 1.0, 2.0, 2.0, 0.0, 0.0, 3.0, 2.0, 3.0, 638.0, 99363.0
-1.0, 0.0, 2.0, 1.0, 2.0, 3.0, 3.0, 0.0, 3.0, 2.0, 0.0, 0.0, 2.0, 2.0, 2.0, 1.0, 1.0, 1.0, 3.0, 2.0, 1.0, 0.0, 1.0, 0.0, 2.0, 0.0, 0.0, 0.0, 1.0, 0.0, -1.0, 2.0, 3.0, -1.0, 2.0, -1.0, 0.0, 1.0, 1.0, 1.0, 3.0, 1.0, 0.0, 0.0, 2.0, 1.0, 2.0, -1.0, 1.0, 3.0, 638.0, 99363.0
-1.0, 0.0, 2.0, 1.0, 2.0, 3.0, 3.0, 0.0, 3.0, 2.0, 0.0, 0.0, 2.0, 2.0, 2.0, 1.0, 1.0, 2.0, 3.0, 2.0, 1.0, 0.0, 1.0, 0.0, 2.0, 0.0, 0.0, 0.0, 1.0, 0.0, -1.0, 2.0, 3.0, -1.0, 2.0, -1.0, 0.0, 1.0, 1.0, 1.0, 3.0, 1.0, 0.0, 0.0, 2.0, 1.0, 2.0, -1.0, 1.0, 3.0, 638.0, 99363.0
1.0, 0.0, 1.0, 0.0, 2.0, -1.0, 3.0, 0.0, 3.0, 3.0, 2.0, 1.0, 1.0, 1.0, 2.0, 1.0, -1.0, 3.0, 1.0, 2.0, 0.0, 2.0, -1.0, 1.0, 0.0, 3.0, 0.0, 3.0, 3.0, 0.0, 3.0, -1.0, 2.0, 1.0, 0.0, 2.0, 1.0, 0.0, 0.0, 2.0, 0.0, 1.0, -1.0, 0.0, 1.0, 1.0, 0.0, 0.0, 2.0, 2.0, 637.0, 99367.0
1.0, 0.0, 1.0, 0.0, 2.0, -1.0, 3.0, 0.0, 3.0, 3.0, 2.0, 1.0, 1.0, 1.0, 2.0, 1.0, -1.0, 3.0, 1.0, 2.0, 0.0, 2.0, -1.0, 1.0, 0.0, 3.0, 0.0, 3.0, 3.0, 0.0, 3.0, -1.0, 2.0, 1.0, 0.0, 2.0, 1.0, 0.0, 0.0, 2.0, 0.0, 1.0, -1.0, 0.0, 1.0, 1.0, 0.0, 0.0, 2.0, 2.0, 637.0, 99367.0
1.0, 0.0, 1.0, 0.0, 2.0, -1.0, 3.0, 0.0, 3.0, 3.0, 2.0, 1.0, 1.0, 1.0, 2.0, 1.0, -1.0, 3.0, 1.0, 2.0, 0.0, 2.0, -1.0, 1.0, 0.0, 3.0, 0.0, 3.0, 3.0, 0.0, 3.0, -1.0, 2.0, 1.0, 0.0, 2.0, 1.0, 0.0, 0.0, 2.0, 0.0, 1.0, -1.0, 0.0, 1.0, 1.0, 0.0, 0.0, 2.0, 2.0, 637.0, 99367.0
1.0, 0.0, 1.0, 0.0, 2.0, -1.0, 3.0, 0.0, 3.0, 3.0, 2.0, 1.0, 1.0, 1.0, 2.0, 1.0, -1.0, 3.0, 1.0, 2.0, 0.0, 2.0, -1.0, 1.0, 0.0, 3.0, 0.0, 3.0, 3.0, 0.0, 3.0, -1.0, 2.0, 1.0, 0.0, 2.0, 1.0, 0.0, 0.0, 2.0, 0.0, 1.0, -1.0, 0.0, 1.0, 1.0, 0.0, 0.0, 2.0, 2.0, 637.0, 99367.0
0.0, -1.0, 2.0, 1.0, 0.0, 3.0, 0.0, 1.0, 0.0, 0.0, 2.0, 0.0, -1.0, -1.0, 3.0, -1.0, 3.0, -1.0, 2.0, 2.0, 3.0, 2.0, 2.0, 3.0, 2.0, 3.0, 1.0, 1.0, 1.0, 3.0, 1.0, 0.0, 1.0, 0.0, 1.0, 1.0, -1.0, 1.0, 3.0, -1.0, 1.0, 2.0, -1.0, -1.0, 2.0, -1.0, 1.0, 0.0, 0.0, 0.0, 565.0, 99428.0
0.0, -1.0, 2.0, 1.0, 0.0, 3.0, 0.0, 1.0, 0.0, 0.0, 2.0, 0.0, -1.0, -1.0, 3.0, -1.0, 3.0, -1.0, 2.0, 2.0, 3.0, 2.0, 2.0, 3.0, 2.0, 3.0, 1.0, 1.0, 1.0, 3.0, 1.0, 0.0, 1.0, 0.0, 1.0, 1.0, -1.0, 1.0, 3.0, -1.0, 1.0, 2.0, -1.0, -1.0, 2.0, -1.0, 1.0, 0.0, 0.0, 0.0, 565.0, 99428.0
0.0, -1.0, 2.0, 1.0, 0.0, 3.0, 0.0, 1.0, 0.0, 0.0, 2.0, 0.0, -1.0, -1.0, 3.0, -1.0, 3.0, -1.0, 2.0, 2.0, 3.0, 2.0, 2.0, 3.0, 2.0, 3.0, 1.0, 1.0, 1.0, 3.0, 1.0, 0.0, 1.0, 0.0, 1.0, 1.0, -1.0, 1.0, 0.0, -1.0, 1.0, 0.0, -1.0, -1.0, 2.0, -1.0, 1.0, 0.0, 0.0, 0.0, 565.0, 99428.0
0.0, -1.0, 2.0, 1.0, 0.0, 3.0, 0.0, 1.0, 0.0, 0.0, 2.0, 0.0, -1.0, -1.0, 3.0, -1.0, 3.0, -1.0, 2.0, 2.0, 3.0, 2.0, 2.0, 3.0, 2.0, 3.0, 1.0, 1.0, 1.0, 3.0, 1.0, 0.0, 1.0, 0.0, 1.0, 1.0, -1.0, 1.0, 3.0, -1.0, 1.0, 2.0, -1.0, -1.0, 2.0, -1.0, 1.0, 0.0, 0.0, 0.0, 565.0, 99428.0
3.0, 1.0, 1.0, 0.0, -1.0, 3.0, -1.0, 3.0, 3.0, 1.0, 2.0, 2.0, 1.0, 0.0, 0.0, 0.0, 2.0, 1.0, 1.0, 1.0, 0.0, 2.0, 3.0, 1.0, 2.0, 0.0, 2.0, 0.0, 0.0, -1.0, -1.0, 1.0, 2.0, 2.0, 1.0, 3.0, 2.0, 0.0, 2.0, 1.0, 0.0, 3.0, 0.0, 1.0, 1.0, 2.0, 2.0, 2.0, 0.0, -1.0, 643.0, 99362.0
3.0, 1.0, 1.0, 0.0, -1.0, 3.0, -1.0, 3.0, 3.0, 1.0, 2.0, 2.0, 1.0, 0.0, 0.0, 0.0, 2.0, 1.0, 1.0, 1.0, 0.0, 2.0, 3.0, 1.0, 2.0, 0.0, 2.0, 0.0, 0.0, -1.0, -1.0, 1.0, 2.0, 2.0, 1.0, 3.0, 2.0, 0.0, 2.0, 1.0, 0.0, 3.0, 0.0, 1.0, 1.0, 2.0, 2.0, 2.0, 0.0, -1.0, 643.0, 99362.0
3.0, 1.0, 1.0, 0.0, -1.0, 3.0, -1.0, 3.0, 3.0, 1.0, 2.0, 2.0, 1.0, 0.0, 0.0, 0.0, 2.0, 1.0, 1.0, 1.0, 0.0, 2.0, 3.0, 1.0, 2.0, 0.0, 2.0, 0.0, 0.0, -1.0, -1.0, 1.0, 2.0, 2.0, 1.0, 3.0, 2.0, 0.0, 2.0, 1.0, 0.0, 3.0, 0.0, 1.0, 1.0, 2.0, 2.0, 2.0, 0.0, -1.0, 643.0, 99362.0
3.0, 1.0, 1.0, 0.0, -1.0, 3.0, -1.0, 3.0, 3.0, 1.0, 2.0, 2.0, 1.0, 0.0, 0.0, 0.0, 2.0, 1.0, 1.0, 1.0, 0.0, 2.0, 3.0, 1.0, 2.0, 0.0, 2.0, 0.0, 0.0, -1.0, -1.0, 1.0, 2.0, 2.0, 1.0, 3.0, 2.0, 0.0, 2.0, 1.0, 0.0, 3.0, 0.0, 1.0, 1.0, 2.0, 2.0, 2.0, 0.0, -1.0, 643.0, 99362.0
0.0, 0.0, 0.0, 0.0, -1.0, 1.0, 2.0, 3.0, -1.0, -1.0, 0.0, 2.0, 2.0, 2.0, 1.0, 3.0, 0.0, 2.0, 1.0, 0.0, 3.0, 1.0, -1.0, 1.0, 1.0, 1.0, 1.0, -1.0, 2.0, 2.0, 0.0, -1.0, 3.0, 2.0, -1.0, -1.0, 0.0, 2.0, 3.0, 1.0, -1.0, 1.0, -1.0, 1.0, 2.0, 1.0, 3.0, 2.0, 0.0, -1.0, 549.0, 99446.0
0.0, 0.0, 0.0, 0.0, -1.0, 1.0, 2.0, 3.0, -1.0, -1.0, 0.0, 2.0, 2.0, 2.0, 1.0, 3.0, 0.0, 2.0, 1.0, 0.0, 3.0, 1.0, -1.0, 1.0, 1.0, 1.0, 1.0, -1.0, 2.0, 2.0, 0.0, -1.0, 3.0, 2.0, -1.0, -1.0, 0.0, 2.0, 3.0, 1.0, -1.0, 1.0, -1.0, 1.0, 2.0, 1.0, 3.0, 2.0, 0.0, -1.0, 549.0, 99446.0
-1.0, 3.0, 2.0, 3.0, 3.0, 3.0, 1.0, -1.0, 0.0, 2.0, 2.0, 1.0, 0.0, 0.0, -1.0, 2.0, 2.0, 1.0, 1.0, 1.0, 0.0, -1.0, 2.0, 2.0, 1.0, 3.0, 1.0, -1.0, 0.0, 0.0, 2.0, 3.0, 0.0, -1.0, 2.0, -1.0, 2.0, 2.0, 3.0, 0.0, -1.0, -1.0, -1.0, 2.0, 0.0, 0.0, -1.0, 3.0, 2.0, 0.0, 548.0, 99450.0
-1.0, 3.0, 2.0, 3.0, 3.0, 3.0, 1.0, -1.0, 0.0, 2.0, 2.0, 1.0, 0.0, 0.0, -1.0, 2.0, 2.0, 1.0, 1.0, 1.0, 0.0, -1.0, 2.0, 2.0, 1.0, 3.0, 1.0, -1.0, 0.0, 0.0, 2.0, 3.0, 0.0, -1.0, 2.0, -1.0, 2.0, 2.0, 3.0, 0.0, -1.0, -1.0, -1.0, 2.0, 0.0, 0.0, -1.0, 3.0, 2.0, 0.0, 548.0, 99450.0
-1.0, 3.0, 2.0, 3.0, 3.0, 3.0, 1.0, -1.0, 0.0, 2.0, 2.0, 1.0, 0.0, 0.0, -1.0, 2.0, 2.0, 1.0, 1.0, 1.0, 0.0, -1.0, 2.0, 2.0, 1.0, 3.0, 1.0, -1.0, 0.0, 0.0, 2.0, 3.0, 0.0, -1.0, 2.0, -1.0, 2.0, 2.0, 3.0, 0.0, -1.0, -1.0, -1.0, 2.0, 0.0, 0.0, -1.0, 3.0, 2.0, 0.0, 548.0, 99450.0
-1.0, 3.0, 2.0, 3.0, 3.0, 3.0, 1.0, -1.0, 0.0, 2.0, 2.0, 1.0, 0.0, 0.0, -1.0, 2.0, 2.0, 1.0, 1.0, 1.0, 0.0, -1.0, 2.0, 2.0, 1.0, 3.0, 1.0, -1.0, 0.0, 0.0, 2.0, 3.0, 0.0, -1.0, 2.0, -1.0, 2.0, 2.0, 3.0, 0.0, -1.0, -1.0, -1.0, 2.0, 0.0, 0.0, -1.0, 3.0, 2.0, 0.0, 548.0, 99450.0
2.0, 2.0, 2.0, 1.0, 2.0, -1.0, -1.0, 1.0, 1.0, -1.0, -1.0, 3.0, 3.0, 1.0, 3.0, 2.0, -1.0, 1.0, 1.0, 2.0, -1.0, 0.0, 2.0, -1.0, 0.0, -1.0, 2.0, 2.0, 1.0, 0.0, -1.0, 0.0, 0.0, 3.0, 2.0, -1.0, 2.0, 1.0, -1.0, 0.0, 1.0, 1.0, -1.0, -1.0, 0.0, 1.0, -1.0, 0.0, 0.0, 2.0, 518.0, 99491.0
2.0, 2.0, 2.0, 1.0, 2.0, -1.0, -1.0, 1.0, 1.0, -1.0, -1.0, 3.0, 3.0, 1.0, 3.0, 2.0, -1.0, 1.0, 1.0, 2.0, -1.0, 0.0, 2.0, -1.0, 0.0, -1.0, 2.0, 2.0, 1.0, 0.0, -1.0, 0.0, 0.0, 3.0, 2.0, -1.0, 2.0, 1.0, -1.0, 0.0, 1.0, 1.0, -1.0, -1.0, 0.0, 1.0, -1.0, 0.0, 0.0, 2.0, 518.0, 99491.0
0.0, 2.0, 0.0, 3.0, 1.0, 2.0, 0.0, 1.0, -1.0, 2.0, 1.0, 2.0, 0.0, 1.0, 0.0, 0.0, 0.0, 0.0, 1.0, 1.0, -1.0, -1.0, -1.0, -1.0, 2.0, -1.0, 3.0, -1.0, 2.0, 1.0, -1.0, 0.0, -1.0, 1.0, -1.0, 2.0, 1.0, 1.0, 0.0, 2.0, 1.0, -1.0, 2.0, 0.0, 1.0, 2.0, 1.0, 0.0, 2.0, -1.0, 538.0, 99463.0
0.0, 3.0, 3.0, 0.0, 2.0, 0.0, 1.0, 2.0, 1.0, 3.0, 2.0, 3.0, 3.0, 2.0, 3.0, -1.0, 0.0, 1.0, 2.0, 3.0, 1.0, 0.0, 3.0, 2.0, -1.0, 1.0, 0.0, 0.0, 1.0, -1.0, 1.0, 3.0, 1.0, 2.0, 1.0, 3.0, 1.0, 1.0, 3.0, 0.0, 2.0, 2.0, 2.0, 1.0, 2.0, 0.0, 0.0, 0.0, 0.0, 0.0, 671.0, 99342.0
0.0, 2.0, 0.0, 3.0, 1.0, 2.0, 0.0, 1.0, -1.0, 2.0, 1.0, 2.0, 0.0, 1.0, 0.0, 0.0, 0.0, 0.0, 1.0, 1.0, -1.0, -1.0, -1.0, -1.0, 2.0, -1.0, 3.0, -1.0, 2.0, 1.0, -1.0, 0.0, -1.0, 1.0, -1.0, 3.0, 0.0, 1.0, 0.0, 2.0, 1.0, -1.0, 2.0, 0.0, 1.0, 2.0, 1.0, 0.0, 2.0, -1.0, 538.0, 99463.0
1.0, 0.0, -1.0, 3.0, -1.0, 0.0, 2.0, 2.0, 0.0, 2.0, 1.0, 0.0, 2.0, 1.0, 0.0, -1.0, 0.0, 2.0, 0.0, 3.0, -1.0, 3.0, 0.0, 1.0, 2.0, 0.0, 0.0, 1.0, 3.0, -1.0, 3.0, 3.0, 2.0, 2.0, -1.0, 0.0, 1.0, 3.0, 1.0, 2.0, -1.0, 1.0, 3.0, 2.0, -1.0, 3.0, 2.0, 3.0, -1.0, 3.0, 592.0, 99412.0
0.0, 0.0, -1.0, 1.0, 1.0, 1.0, 1.0, 3.0, 1.0, 1.0, 0.0, 2.0, -1.0, -1.0, 0.0, 1.0, 2.0, 0.0, -1.0, -1.0, 0.0, 0.0, -1.0, -1.0, 0.0, -1.0, 0.0, 2.0, -1.0, 2.0, 1.0, 1.0, 2.0, 2.0, 1.0, -1.0, 2.0, 3.0, 2.0, 2.0, 3.0, 2.0, 2.0, 2.0, 1.0, 2.0, -1.0, 1.0, 0.0, 1.0, 564.0, 99461.0
1.0, 0.0, -1.0, 1.0, 3.0, 0.0, 3.0, 1.0, 1.0, 0.0, 3.0, 3.0, -1.0, 3.0, 0.0, 1.0, 0.0, 2.0, -1.0, 3.0, -1.0, -1.0, 0.0, 0.0, 0.0, 3.0, 2.0, 0.0, 3.0, 2.0, 2.0, 1.0, 3.0, 2.0, 0.0, -1.0, 0.0, 1.0, 1.0, 0.0, 0.0, 1.0, 3.0, 2.0, 2.0, 3.0, -1.0, 2.0, -1.0, 2.0, 603.0, 99401.0
3.0, 0.0, 3.0, 2.0, 2.0, 1.0, 0.0, 2.0, 0.0, 1.0, 2.0, 1.0, 2.0, 1.0, 3.0, -1.0, 1.0, 0.0, 0.0, 0.0, 2.0, 2.0, 1.0, 2.0, 2.0, -1.0, 1.0, 3.0, 0.0, 0.0, -1.0, -1.0, 1.0, 3.0, 1.0, 0.0, 2.0, 1.0, 3.0, -1.0, 0.0, 2.0, 2.0, 1.0, -1.0, -1.0, -1.0, -1.0, 3.0, 2.0, 585.0, 99413.0
0.0, 2.0, 2.0, 0.0, -1.0, 1.0, 2.0, 0.0, 3.0, -1.0, 3.0, 2.0, 2.0, 1.0, 2.0, -1.0, -1.0, 2.0, 3.0, 3.0, 3.0, 3.0, 1.0, 2.0, 1.0, 0.0, 3.0, 3.0, 2.0, 3.0, 0.0, 0.0, 1.0, 1.0, 1.0, 0.0, -1.0, 1.0, 0.0, -1.0, 1.0, 2.0, 2.0, 1.0, 3.0, 0.0, 2.0, 1.0, 1.0, 0.0, 631.0, 99376.0
2.0, -1.0, 2.0, 1.0, -1.0, 0.0, 0.0, 2.0, 3.0, 2.0, 3.0, 2.0, 3.0, 1.0, 2.0, 1.0, 1.0, 3.0, 0.0, 1.0, 3.0, 0.0, 2.0, 0.0, 1.0, 1.0, 1.0, 1.0, 1.0, -1.0, 3.0, 0.0, 3.0, -1.0, 0.0, 1.0, 3.0, 0.0, 0.0, 0.0, 1.0, 2.0, -1.0, 3.0, -1.0, 0.0, 2.0, 2.0, 1.0, -1.0, 619.0, 99381.0
2.0, 0.0, 1.0, -1.0, 3.0, 2.0, 2.0, 0.0, 2.0, 0.0, 0.0, 3.0, -1.0, 0.0, 2.0, -1.0, 0.0, 0.0, 2.0, 1.0, 2.0, 1.0, 1.0, -1.0, 0.0, 3.0, 0.0, -1.0, 1.0, 3.0, 3.0, 2.0, 1.0, 2.0, -1.0, 0.0, 2.0, 0.0, 3.0, -1.0, 2.0, 0.0, 2.0, 3.0, 1.0, 1.0, 1.0, 1.0, -1.0, -1.0, 573.0, 99433.0
-1.0, 0.0, 0.0, 1.0, 2.0, 2.0, 1.0, 1.0, 2.0, 0.0, 2.0, 0.0, -1.0, 1.0, 3.0, 2.0, 2.0, 2.0, 0.0, -1.0, 1.0, 3.0, 1.0, 0.0, -1.0, -1.0, 1.0, -1.0, -1.0, 0.0, 1.0, 0.0, 2.0, 2.0, 3.0, 2.0, 3.0, 0.0, 0.0, -1.0, 0.0, 1.0, 0.0, 1.0, -1.0, 1.0, 1.0, 2.0, 1.0, -1.0, 569.0, 99444.0
-1.0, 3.0, 2.0, 1.0, 1.0, 0.0, 3.0, 2.0, 2.0, 2.0, 2.0, 1.0, 1.0, 0.0, -1.0, 3.0, 0.0, 0.0, 2.0, -1.0, 2.0, 2.0, -1.0, 3.0, 0.0, 1.0, 0.0, 0.0, 1.0, 0.0, 3.0, -1.0, -1.0, 1.0, 0.0, -1.0, -1.0, -1.0, 2.0, 0.0, 0.0, 1.0, 1.0, 2.0, 1.0, 1.0, 2.0, 1.0, 3.0, 0.0, 576.0, 99432.0
1.0, 3.0, 1.0, -1.0, -1.0, 1.0, 3.0, 3.0, 0.0, 3.0, 1.0, -1.0, 3.0, 2.0, 2.0, 1.0, 3.0, 2.0, 1.0, 0.0, 3.0, 1.0, 2.0, 1.0, 1.0, 2.0, 1.0, 0.0, -1.0, -1.0, -1.0, 2.0, -1.0, 3.0, 1.0, 1.0, 2.0, 3.0, -1.0, 3.0, -1.0, 2.0, 0.0, -1.0, 2.0, 0.0, 0.0, 3.0, 2.0, 1.0, 565.0, 99453.0
-1.0, 0.0, 0.0, 1.0, 2.0, 2.0, 1.0, 1.0, 2.0, 0.0, 2.0, 0.0, -1.0, 1.0, 3.0, 2.0, 2.0, 2.0, 0.0, -1.0, 1.0, 3.0, 1.0, 0.0, -1.0, -1.0, 1.0, -1.0, -1.0, 0.0, 1.0, 0.0, 2.0, 2.0, 3.0, 2.0, 3.0, 0.0, 0.0, -1.0, 0.0, 1.0, 0.0, 1.0, -1.0, 1.0, 1.0, 2.0, 1.0, -1.0, 569.0, 99444.0
0.0, 1.0, 1.0, 0.0, 2.0, 2.0, 0.0, 0.0, 1.0, 2.0, 3.0, 2.0, 0.0, 2.0, 3.0, 2.0, -1.0, -1.0, 3.0, 1.0, -1.0, -1.0, 1.0, 0.0, 3.0, 0.0, 2.0, 0.0, 1.0, 1.0, 1.0, 3.0, 0.0, 1.0, 2.0, 0.0, 1.0, 3.0, 2.0, -1.0, 3.0, 2.0, 1.0, 2.0, 1.0, 2.0, 0.0, 3.0, -1.0, 3.0, 632.0, 99373.0
-1.0, 0.0, 0.0, 1.0, -1.0, 3.0, 1.0, 2.0, 0.0, 2.0, 0.0, -1.0, 0.0, 2.0, 1.0, 1.0, 2.0, 1.0, 2.0, 3.0, -1.0, 1.0, 0.0, 0.0, 3.0, 1.0, 2.0, -1.0, -1.0, 2.0, 3.0, 3.0, 0.0, 0.0, 0.0, 0.0, 2.0, -1.0, 2.0, 1.0, 0.0, 0.0, 1.0, -1.0, 3.0, 2.0, -1.0, -1.0, 3.0, -1.0, 568.0, 99451.0
