5.44109639356, 1.08749573092, 1.10901800888, 0.966738802848, 1.79685363295, 0.847509902075, 1.86654216731, 0.820156842786, 1.02060336285, 5.25228104802, 4.29358238998, 0.898767723802, 4.74956794793, 1.10905311223, 1.03083279885, 1.37043987561, 1.16672674856, 0.887256921149, 3.45632850339, 0.973865292689, 0.940986898481, 102.014837088, 1.0852436218, 3.07498670222, 0.985574881234, 4.4311396227, 0.940672530574, 9.91292229714, 75.9798655839
3.13512557991, 1.2123638233, 1.71018259099, 0.930177825778, 6.01578349079, 0.836725205146, 1.56390727921, 1.04331712817, 0.906145811882, 2.51155139873, 2.70684583379, 0.843563515822, 3.11745025959, 0.960791106914, 1.02081534306, 1.35277258533, 1.03939867546, 1.13559992756, 8.95250606671, 1.18297204799, 0.850790514628, 126.321307492, 1.09840786705, 5.0035804967, 1.22516678386, 3.35989085498, 0.969020161628, 20.7431187117, 120.27291394
3.84972705466, 1.27638363271, 1.59517758326, 1.19178998481, 1.71573940009, 0.824444617446, 2.07907473155, 1.19253985061, 1.0682300021, 2.66815670725, 4.56240835805, 1.19716430383, 3.96758805915, 1.06868564646, 0.860536815661, 1.09395340387, 1.03630399037, 0.885143904584, 6.84495227757, 1.09684890078, 0.837539357842, 187.369850994, 1.08116287672, 3.69061181999, 1.12181939858, 4.5546228735, 0.892544722902, 13.6674618975, 160.278628395
4.28344692202, 1.25398208918, 0.907911137615, 0.824848717446, 2.65518465887, 1.09770157825, 1.11512113726, 1.08900937129, 1.03172292355, 2.9631818724, 5.93564872645, 0.897188011717, 4.78465874924, 1.25788416034, 0.803434583158, 1.25526101757, 1.10769815655, 1.20776195444, 9.15771513537, 0.966956382295, 0.94970530782, 134.618638717, 0.874873437714, 5.62870139147, 0.96326927754, 1.35120532191, 0.973164420927, 10.9046452399, 264.882447688
3.24097202106, 1.41106862286, 1.07320031129, 0.956608148874, 4.89463935875, 0.795636009209, 2.32447841893, 1.14755882208, 0.920291270118, 5.98825962377, 2.03197638784, 0.903821591484, 2.35349203121, 0.86207302811, 0.9226440356, 1.1673300472, 1.03133192454, 0.892772655812, 4.68140211664, 1.00008609503, 0.9764868129, 406.015330225, 0.864936172418, 5.562733163, 1.07343054959, 3.80399296656, 1.005910346, 19.7943273832, 209.404066601
3.81905230532, 1.07556329747, 0.885429861446, 0.824968445952, 3.34805066321, 0.898403264115, 3.91108566809, 0.861397981338, 1.01783392917, 4.15841663309, 2.04630999113, 1.03936627915, 4.28344712039, 1.20284393261, 0.96736660316, 1.41709208325, 1.10313667202, 0.923185918513, 7.98421389597, 1.03792143996, 0.992955914231, 315.134306474, 0.920406400834, 2.0939994983, 1.00574810316, 5.29684510257, 1.09834534215, 11.5596981363, 871.192603113
1.60564743097, 1.27965067072, 1.66979817506, 0.980816640444, 6.92973263515, 0.86759271283, 1.67056386896, 1.04176565906, 1.003981296, 3.18179783422, 5.81588570738, 1.16253869833, 2.41565396942, 0.99224062201, 0.902002664318, 1.04868044364, 1.10614628039, 1.03011099063, 5.18851714629, 1.18390388783, 0.975361269621, 45.2900502481, 0.865734829338, 3.53793063314, 1.07849392395, 3.17634263022, 1.2930777794, 10.9902875236, 1445.95289651
1.99061967279, 1.28533621397, 1.33845480838, 1.2051313816, 2.48349902167, 0.969638676489, 5.38170000717, 1.16877696583, 0.937551749054, 5.29078664267, 6.59556372425, 0.886865492084, 4.49772445291, 0.898681007909, 0.837318973099, 1.35672149081, 1.15751689417, 1.22922594352, 4.0761434751, 1.11594487866, 0.819322961923, 222.978156016, 0.919802468855, 3.18300846617, 0.987131372587, 4.28202747904, 1.11218397146, 13.4438582769, 1219.43502623
5.93038157171, 1.36808436379, 1.16581858015, 1.02767856259, 2.72716303013, 1.17891857743, 3.9928528672, 1.12544100869, 1.04323654252, 2.80779738442, 4.84249630406, 0.837298785365, 1.6467051733, 0.911790027694, 0.922876709696, 1.19289410182, 1.12267506142, 1.07759108226, 4.17918336216, 0.978950886546, 0.979244271621, 39.0728903475, 1.00529547149, 4.24066896463, 0.959921708701, 4.84156992529, 1.22322783057, 13.7852163016, 655.722261844
2.58135547313, 1.05004376339, 1.09331181014, 1.013416393, 5.811612847, 0.856564980471, 5.7883330576, 0.847619516441, 1.12733589012, 5.31145904797, 5.23680305057, 1.15234525945, 2.1870295417, 0.953314024995, 0.993997478841, 1.2430910212, 1.03898619168, 0.863688451247, 7.89164841225, 1.07931601483, 0.838222231903, 407.287881296, 1.17531726478, 1.03487179578, 1.10558756216, 3.29192125511, 0.93950443196, 14.407601887, 268.030363402
4.63007290497, 1.05934732024, 0.885429861446, 1.21745511694, 1.95064149664, 0.898403264115, 5.62714581522, 0.861397981338, 1.01783392917, 1.67446997926, 2.04630999113, 1.03936627915, 4.37034213284, 1.20284393261, 0.96736660316, 1.19638150934, 1.01398192362, 0.923185918513, 7.98421389597, 1.03792143996, 0.992955914231, 315.134306474, 0.890492036353, 2.0939994983, 0.970785246685, 5.29684510257, 1.09834534215, 13.8592243607, 436.261273221
1.59885159132, 1.34648776794, 0.969384162561, 1.01473080337, 6.20547344921, 1.00936880859, 3.89899618905, 0.873456672182, 0.966932233049, 4.17225488139, 5.18268466218, 1.04325197841, 1.34666616694, 0.920868520379, 0.983545564251, 1.04713714904, 1.15555902677, 1.14316741942, 6.05645997517, 1.16568598731, 0.996885106838, 212.628600391, 1.18037197518, 4.4497525572, 1.15145447734, 4.27672814429, 0.946127211363, 24.1555886717, 227.750101237
5.49960376683, 1.29475813383, 1.66115876294, 0.896332550524, 3.91402237688, 1.11955667646, 4.37370961037, 0.889854080488, 1.105405916, 2.09406445475, 6.80362739662, 1.04753446572, 4.7922312388, 1.15784052256, 0.957603834539, 1.38312633606, 1.16015240107, 0.830537317435, 9.80751537032, 0.967011914553, 0.867540932361, 311.898055992, 1.12750660308, 1.15524758312, 0.999425877191, 4.72236795735, 1.27869731629, 22.1288458316, 236.058362389
4.86950808066, 1.33095989957, 1.4067177997, 0.811591548173, 1.50721024607, 0.769724661074, 4.20655704945, 1.09239664388, 0.989502654855, 5.91323543688, 7.32960190673, 1.04617513657, 1.30136637283, 1.08476967682, 0.962190236778, 1.21615386435, 1.11266636293, 1.14789711005, 3.0444412122, 1.18814107885, 0.957346883561, 276.488560988, 0.926951330473, 3.82533717749, 0.978840485037, 3.70550025915, 1.2178129622, 14.0919167127, 584.955503765
4.18626127832, 1.22216688587, 1.20385252519, 1.12854620027, 5.74674505798, 0.852584703661, 2.71394487628, 1.04988381934, 1.0888950372, 3.10200529987, 3.01945324284, 0.988580425137, 3.85532542974, 1.18731941475, 0.928900560984, 1.28224926369, 1.00666932209, 1.19575709227, 7.88858309037, 1.15215692056, 0.908403286724, 94.2183380608, 0.95564604866, 1.19337574331, 1.11533492737, 2.62954101778, 1.006179789, 14.2726926595, 581.188940505
4.28462948426, 1.05604853683, 1.18191660973, 0.806093507402, 2.80579186515, 0.85154112075, 4.54062526921, 1.13628004229, 1.02065730638, 4.96438116612, 4.91941163939, 0.85224993201, 2.54484346489, 0.899098511477, 0.987162735468, 1.57173285803, 1.09377645186, 1.06472161569, 5.36873991264, 1.03496241468, 0.797524418078, 162.832115097, 1.17837484211, 4.071500614, 1.03358225024, 4.65592380978, 1.28231434887, 15.9687583331, 288.882221531
3.84972705466, 1.03691609053, 0.74617344185, 1.11043611704, 4.42288936503, 0.724022109887, 5.89386883761, 1.20703903961, 0.908525746345, 3.18451335127, 3.2936711862, 0.980647266908, 4.19317962935, 0.820515510807, 0.834905934224, 1.33148649622, 1.08233359454, 0.893944465436, 8.90213819965, 0.96546416921, 0.882239876963, 275.377163282, 0.998138429488, 5.34233082769, 1.17208053829, 1.60622466766, 1.06860171174, 14.793062563, 330.967640924
1.84424234835, 1.00122159372, 0.979347795439, 1.21031914115, 3.8950331265, 0.975219363597, 4.802284163, 0.939632353084, 0.912190453139, 3.46053787135, 1.84006746273, 1.05714291016, 4.88476500316, 0.906402771343, 0.876331932188, 1.19946339636, 1.00804235102, 0.950119236386, 4.02552840545, 1.05167523036, 0.97607790231, 140.783145455, 0.989083792407, 1.41782049674, 1.08963870537, 2.92027447944, 1.14680557904, 13.8402029443, 1019.28813677
5.16250672458, 1.07435551876, 1.38169026868, 0.863519503005, 4.57235776244, 0.770837983891, 4.21800797414, 1.19460468686, 1.08537656166, 3.07882179664, 7.78094133399, 1.02304216648, 3.17982710515, 0.901740400653, 1.06806875159, 1.62186315723, 1.00553606919, 0.918025532481, 8.20010663683, 1.1034623099, 0.760646484212, 11.9002772154, 1.0879996665, 4.78742263062, 1.03162346976, 5.22275383693, 0.904084131402, 16.0417255562, 425.513554336
4.63007290497, 1.27854325984, 0.885429861446, 1.20464764147, 3.34805066321, 0.898403264115, 5.62714581522, 0.861397981338, 1.01783392917, 1.72121736424, 2.04630999113, 1.03936627915, 4.37034213284, 1.20284393261, 0.96736660316, 1.41709208325, 1.0083356811, 0.923185918513, 7.98421389597, 1.03792143996, 0.992955914231, 315.134306474, 0.890492036353, 2.0939994983, 0.970785246685, 5.29684510257, 1.09834534215, 19.7318955963, 364.551894471
1.23927059324, 1.04513366282, 1.12624743633, 0.873520399386, 6.32818288208, 1.17810563494, 2.87968827542, 1.07323493659, 0.964992774277, 3.89271332165, 3.53122928402, 1.06715251878, 1.5122964512, 1.20423020762, 1.0171577501, 1.21246119473, 1.14740973309, 0.813744486573, 8.18249301143, 1.07412202821, 0.883750295122, 192.638771265, 0.991765012079, 5.04519863638, 1.17725758674, 2.62954101778, 0.946232790937, 17.3979068797, 411.104952428
4.89763635155, 1.05934732024, 1.41803926706, 0.957144279579, 6.13676141798, 0.987590542558, 4.32746011473, 1.20210639182, 1.00978199869, 2.08843469658, 4.57816429898, 1.2001028321, 4.62379982515, 0.954748113694, 0.935957570065, 1.46887245266, 1.0099681751, 0.939253269123, 3.02247781935, 1.1728936517, 0.832393410623, 136.050999345, 0.856596593276, 1.97150169269, 0.978831524735, 1.27976134992, 1.13709776593, 17.3234297378, 486.2595041
5.1804684655, 1.29913633606, 1.00203202909, 1.19914503132, 1.9259234567, 0.787213549004, 4.74431006209, 0.880762866994, 1.02113364149, 5.90250933531, 3.4160232232, 0.895303166312, 3.91916546164, 1.02691915531, 0.808187437444, 1.4429135304, 1.16600652432, 1.22686395065, 3.85002206122, 1.1531389802, 0.990910122695, 204.979742926, 1.11048010546, 4.29838922054, 1.01527977814, 1.02356445337, 0.950588308821, 24.7380555793, 342.626900664
1.01413305669, 1.33686857674, 1.49699333953, 1.19307553792, 4.59907880765, 1.12391639299, 1.43975719132, 0.854340673403, 0.951031257556, 3.5129512673, 2.1864672666, 1.1381078763, 1.73134745278, 0.900111410639, 0.79801166114, 1.29248959568, 1.13420510439, 0.885772521938, 9.60067787309, 0.942942106391, 0.926575533414, 181.673768851, 1.05787468445, 5.59832966472, 1.07588357846, 4.3463764598, 1.24156037975, 24.7140858369, 373.733888281
1.26904132547, 1.33397318893, 1.34007209316, 1.18342840048, 4.45979062427, 0.769280032484, 2.25432561844, 0.899694072502, 0.95594043965, 3.48365771467, 3.95626812046, 0.830059387705, 1.83982558859, 1.06868564646, 1.01409414477, 1.54108363621, 1.16959164578, 1.09065470284, 3.30742716353, 0.950785366053, 0.882003373285, 408.904505963, 0.866320810519, 1.4030783131, 0.957463926352, 4.05462845078, 1.29346198324, 24.1613169277, 415.044323471
1.23927059324, 1.04513366282, 1.12624743633, 0.873520399386, 6.32818288208, 1.16827819354, 2.87968827542, 1.15844030675, 0.964992774277, 3.89271332165, 2.38142521518, 1.06715251878, 1.87473567868, 1.20423020762, 1.0171577501, 1.21246119473, 1.14740973309, 0.813744486573, 6.6343108118, 0.997794686766, 0.883750295122, 192.638771265, 0.991765012079, 5.04519863638, 1.17725758674, 2.62954101778, 0.946232790937, 15.1693548852, 1074.74970167
5.917055729, 1.20421913122, 0.759446972562, 0.981963229121, 5.07316527392, 0.751771153795, 3.46715128797, 0.899694072502, 1.01991688121, 5.62014158806, 5.28819191018, 1.17204996191, 3.14737977722, 1.00443968397, 1.06999223505, 1.01343579797, 1.14815328417, 1.1089525662, 9.50627756064, 1.15269692229, 0.903477219624, 203.984749658, 1.14574535158, 4.010627584, 0.957463926352, 5.11368985744, 1.0611141615, 16.7383710613, 856.228865467
4.90426011957, 1.42684621794, 1.02383715071, 1.20464764147, 2.73857645273, 0.819114501629, 2.18086971536, 1.22733943282, 0.959542769329, 1.406475365, 6.59278458393, 0.886485690032, 3.27487750795, 1.14677574384, 0.926458496787, 1.33207130405, 1.16594216802, 1.13695467941, 7.3385468307, 1.06296207387, 0.790417035379, 316.357026874, 0.914786215729, 3.53199820215, 1.04788226161, 4.3429685016, 1.28328907955, 17.2911229, 779.976014077
1.26904132547, 1.33397318893, 1.34007209316, 1.18342840048, 4.45979062427, 0.769280032484, 2.25432561844, 1.01125746575, 0.95594043965, 3.48365771467, 3.95626812046, 0.830059387705, 1.83982558859, 1.06868564646, 1.01409414477, 1.54108363621, 1.16959164578, 1.09065470284, 4.83489576043, 0.950785366053, 0.882003373285, 408.904505963, 0.866320810519, 1.4030783131, 1.23765090758, 4.05462845078, 1.29346198324, 14.8546825315, 1418.29089457
4.63007290497, 1.07556329747, 0.885429861446, 0.824968445952, 3.34805066321, 0.898403264115, 3.91108566809, 0.861397981338, 1.01783392917, 3.53611803242, 2.04630999113, 1.03936627915, 4.37034213284, 1.20284393261, 0.96736660316, 1.41709208325, 1.0083356811, 0.923185918513, 7.98421389597, 1.03792143996, 0.992955914231, 315.134306474, 0.920406400834, 2.0939994983, 0.970785246685, 5.29684510257, 1.09834534215, 15.8365449744, 1362.85296919
2.54752392451, 1.15973908042, 1.55180304384, 1.05679736039, 3.49208581229, 0.866503613242, 5.11073824279, 1.11283182243, 1.10066909715, 4.82290198162, 3.88941308154, 1.12176101828, 4.85107168273, 0.8840582352, 1.08562768033, 1.04809190463, 1.07156095749, 0.825735601638, 4.42204870109, 0.911242160929, 0.796745615974, 85.6370366575, 0.950220552694, 2.56409224666, 1.02388892933, 3.758357085, 1.00294555053, 16.4350020865, 1058.70576172
3.84972705466, 1.27638363271, 1.59356806161, 1.19178998481, 1.71573940009, 0.824444617446, 4.13704435695, 1.19253985061, 1.0682300021, 2.66815670725, 4.56240835805, 1.1931727515, 3.96758805915, 0.903667682354, 0.860536815661, 1.09395340387, 1.03630399037, 0.99580953176, 6.84495227757, 1.09684890078, 0.837539357842, 187.369850994, 1.08116287672, 3.69061181999, 1.12181939858, 4.5546228735, 0.892544722902, 19.3389934181, 679.017549059
2.55344655722, 1.02556331219, 0.768449020559, 0.949748373083, 1.43062119498, 0.810496952695, 4.58188398928, 1.23308651407, 0.934943984524, 4.00407002413, 6.33289265331, 1.04617513657, 2.99069000604, 1.21687948027, 0.962190236778, 1.4022288196, 1.15068067041, 1.17531667698, 3.68487004643, 0.926609063405, 0.964151390419, 156.570130876, 1.00885686138, 4.25746635574, 0.982537568997, 1.5406600973, 1.26447239743, 19.4598914342, 737.571876723
1.90001739576, 1.03691609053, 0.74617344185, 1.11043611704, 4.42288936503, 0.724022109887, 5.89386883761, 1.20703903961, 0.908525746345, 3.18451335127, 3.2936711862, 0.980647266908, 4.19317962935, 0.820515510807, 0.834905934224, 1.33148649622, 1.08233359454, 0.99656538689, 8.90213819965, 0.96546416921, 0.882239876963, 104.304973128, 0.998138429488, 3.93794225361, 1.17208053829, 1.60622466766, 1.06860171174, 18.4928244649, 788.770163186
3.13512557991, 1.2123638233, 1.71018259099, 0.926710190803, 6.01578349079, 0.836725205146, 1.56390727921, 1.12282511152, 0.906145811882, 2.51155139873, 2.70684583379, 0.843563515822, 3.48685955929, 0.960791106914, 1.03083279885, 1.35277258533, 1.03939867546, 1.13559992756, 8.95250606671, 1.18648138826, 0.850790514628, 126.321307492, 1.09840786705, 5.0035804967, 1.22516678386, 3.35989085498, 0.969020161628, 18.4156734988, 794.569388936
4.95038323963, 1.39256409428, 1.52780836501, 0.81385663853, 3.96972155878, 1.13318020377, 4.57995509302, 1.00323602474, 0.934183951276, 2.66290708757, 6.23817190115, 0.87255051467, 3.60027956071, 0.944594717565, 1.0270585887, 1.17237201176, 1.05957565838, 0.8149245151, 5.00643657003, 1.09328916046, 0.860030106739, 56.4548554568, 1.13103125992, 4.5648650976, 1.0688992214, 2.73628663506, 1.23445554248, 15.4671323254, 1645.05827173
2.18422172808, 1.33397318893, 1.34007209316, 1.18342840048, 4.45979062427, 0.769280032484, 2.25432561844, 1.01125746575, 0.95594043965, 3.48365771467, 3.95626812046, 0.830059387705, 1.83982558859, 1.06868564646, 1.01409414477, 1.54108363621, 1.15222340013, 1.13695248314, 4.83489576043, 0.950785366053, 0.882003373285, 408.904505963, 0.866320810519, 1.4030783131, 1.16039893411, 4.05462845078, 1.29346198324, 24.9327563834, 449.505686914
2.79254254512, 1.30150163654, 0.85530188232, 0.919484545773, 2.28387135456, 0.808517409621, 2.66449409397, 0.846073611822, 1.09359881696, 4.46642645656, 1.81018293462, 0.976180037179, 1.07780998061, 1.09826820007, 0.898493330326, 1.61426435957, 1.11098287887, 0.817898802471, 8.5818440552, 0.990139072804, 0.909000481588, 298.067188399, 1.01432800409, 4.18030220186, 1.00148130007, 2.56670530547, 1.08951737754, 23.8689155035, 641.347372371
4.71482482127, 1.27241182614, 0.844980148541, 1.06506309766, 2.34340995556, 1.04372965314, 1.24573773086, 1.16746778447, 1.12629507234, 2.70190831065, 6.84291362159, 1.03706171296, 3.85740571297, 0.969466315739, 1.07595140114, 1.33781621093, 1.02048124315, 0.936448512136, 7.89528455708, 1.15549434833, 0.806089418005, 389.858451488, 0.92239781261, 5.17177086812, 1.22388897803, 2.39161509477, 1.27111709113, 26.6952798639, 459.617452774
1.59885159132, 1.34648776794, 0.969384162561, 1.01473080337, 7.03837701643, 1.00936880859, 3.03120253274, 0.873456672182, 0.966932233049, 4.17225488139, 5.18268466218, 1.04325197841, 1.34666616694, 0.920868520379, 0.848498226792, 1.38312633606, 1.16843199716, 1.14316741942, 6.05645997517, 1.16568598731, 0.996885106838, 282.316599857, 1.18037197518, 4.4497525572, 1.15145447734, 4.45821200552, 0.946127211363, 22.0982602104, 699.39920555
3.4790955058, 1.22216688587, 1.20385252519, 1.14668194147, 5.74674505798, 0.852584703661, 2.71394487628, 1.04988381934, 1.0888950372, 3.10200529987, 3.01945324284, 0.988580425137, 3.86294387655, 1.18731941475, 1.04406766968, 1.28224926369, 1.00666932209, 1.19575709227, 7.88858309037, 1.15215692056, 0.908403286724, 94.2183380608, 1.14815042719, 1.19337574331, 1.11533492737, 2.62954101778, 1.006179789, 42.2570408489, 568.366979121
5.44109639356, 1.08749573092, 1.10901800888, 0.966738802848, 1.79685363295, 0.847509902075, 4.8519454344, 0.820156842786, 1.02060336285, 5.25228104802, 4.29358238998, 0.898767723802, 4.74956794793, 1.10905311223, 0.965384093769, 1.29848329564, 1.16672674856, 0.903416037837, 3.45632850339, 0.973865292689, 0.940986898481, 102.014837088, 1.0852436218, 3.07498670222, 1.13483341068, 1.75903761093, 0.940672530574, 16.157059161, 3534.36282439
4.18626127832, 1.22216688587, 1.20385252519, 1.12854620027, 5.74674505798, 0.852584703661, 2.71394487628, 1.04988381934, 1.0888950372, 3.10200529987, 3.01945324284, 0.988580425137, 3.85532542974, 1.18731941475, 0.928900560984, 1.28224926369, 1.00666932209, 1.19575709227, 7.88858309037, 1.15215692056, 0.908403286724, 94.2183380608, 0.95564604866, 1.19337574331, 1.11533492737, 2.62954101778, 1.006179789, 19.4325357881, 969.421140699
2.79254254512, 1.30150163654, 0.85530188232, 0.919484545773, 2.28387135456, 0.808517409621, 2.66449409397, 0.846073611822, 1.09359881696, 2.38108429714, 1.81018293462, 0.976180037179, 1.07780998061, 1.09826820007, 0.898493330326, 1.61426435957, 1.11098287887, 0.817898802471, 8.5818440552, 0.990139072804, 0.909000481588, 298.067188399, 1.01432800409, 4.18030220186, 1.00148130007, 2.56670530547, 1.08951737754, 22.749262094, 739.925333807
4.90426011957, 1.42684621794, 1.02383715071, 1.20464764147, 2.73857645273, 0.819114501629, 3.89287692096, 1.22733943282, 0.959542769329, 1.72121736424, 6.59278458393, 0.915018300036, 3.27487750795, 1.14677574384, 0.926458496787, 1.33207130405, 1.16594216802, 1.13695467941, 7.3385468307, 1.06296207387, 0.790417035379, 316.357026874, 0.914786215729, 3.53199820215, 1.10605403287, 4.3429685016, 1.28328907955, 17.7059310159, 1173.47292671
3.13512557991, 1.2123638233, 1.71018259099, 0.930177825778, 6.01578349079, 0.836725205146, 2.72285578963, 1.04331712817, 1.04323654252, 1.56872208751, 2.70684583379, 0.843563515822, 3.11745025959, 0.960791106914, 1.02081534306, 1.35277258533, 1.03939867546, 1.16863709258, 8.95250606671, 1.18297204799, 0.850790514628, 126.321307492, 1.09840786705, 5.0035804967, 1.22516678386, 3.35989085498, 0.969020161628, 28.4857352812, 630.759783926
4.5206012911, 1.03691609053, 0.731774098625, 1.11043611704, 4.42288936503, 0.724022109887, 5.89386883761, 1.20703903961, 0.908525746345, 4.78284280061, 3.2936711862, 0.980647266908, 4.19317962935, 0.853079910248, 0.834905934224, 1.33148649622, 1.08233359454, 0.893944465436, 8.90213819965, 0.96546416921, 0.882239876963, 275.377163282, 0.998138429488, 5.34233082769, 1.17208053829, 4.65592380978, 1.06860171174, 16.1615600396, 3540.7173165
5.2694154982, 1.24639002115, 0.968814736707, 1.13508960886, 6.42273022314, 1.16546939087, 3.83439876454, 1.15194918889, 1.105405916, 2.41925163154, 2.69908426061, 0.920463295944, 3.76716560158, 0.987231936821, 0.996432250586, 1.3760296371, 1.04626245126, 0.892083960664, 4.91681858331, 0.946656401401, 0.864102744293, 198.185358997, 0.965801588357, 5.29472223742, 1.21606058652, 1.74156447888, 0.957538270787, 17.3708262862, 1616.23475769
4.28462948426, 1.05604853683, 1.18191660973, 0.806093507402, 6.42273022314, 0.85154112075, 5.16865370243, 1.13628004229, 1.02065730638, 4.96438116612, 4.1667243238, 0.85224993201, 2.54484346489, 0.832747720911, 0.834905934224, 1.57173285803, 1.00238966176, 1.06472161569, 5.36873991264, 1.03496241468, 0.978112563743, 162.832115097, 0.998138429488, 4.071500614, 1.03358225024, 4.65592380978, 1.28231434887, 17.0176081145, 6298.32151227
5.3206482711, 1.35045948665, 1.2863174337, 1.09057526526, 4.88710702761, 1.01924366451, 1.78071573722, 1.09600359594, 1.01139314997, 3.99269584956, 1.97122142972, 0.871274086243, 3.77206096613, 1.25472970542, 1.05501802028, 1.35672149081, 1.01843945117, 0.970024734866, 5.16321315478, 0.932910010336, 0.804499946542, 186.188058449, 0.983199053276, 5.48474236393, 1.09996855842, 5.30977168937, 1.04848410739, 22.5245629783, 996.126371987
1.60883085893, 1.07556329747, 1.08657928681, 0.82058634859, 3.34805066321, 0.898403264115, 4.22685109227, 0.861397981338, 1.01783392917, 4.15841663309, 2.04630999113, 1.12641495787, 4.28344712039, 1.28036627582, 0.96736660316, 1.41709208325, 1.10313667202, 0.923185918513, 7.98421389597, 1.03792143996, 0.998753181391, 315.134306474, 0.920406400834, 2.0939994983, 1.00574810316, 5.29684510257, 1.27920007949, 17.8558846871, 2104.93270399
5.06417397771, 1.15996637921, 1.2934453552, 0.979574464125, 3.07848296478, 0.792577387509, 3.25237896453, 0.978051677275, 1.09744013283, 1.33500739684, 5.41586748949, 0.894012559436, 4.88902411818, 1.22324532374, 0.839902733923, 1.12040895384, 1.08580177333, 0.829054984414, 9.69907263303, 0.925757514203, 0.825193910157, 123.42050217, 1.07314685007, 2.7650998741, 1.09202489717, 1.68069660154, 1.04843821406, 18.8007379661, 1446.03299221
1.99061967279, 1.28533621397, 1.33845480838, 1.2051313816, 2.48349902167, 0.969638676489, 5.38170000717, 1.16877696583, 0.937551749054, 5.29078664267, 5.32666891943, 0.886865492084, 4.49772445291, 0.898681007909, 0.837318973099, 1.35672149081, 1.15751689417, 1.22922594352, 4.0761434751, 1.11594487866, 0.819322961923, 222.978156016, 0.919802468855, 3.18300846617, 0.987131372587, 4.28202747904, 1.11218397146, 17.6878600505, 24249.9759676
3.93014004673, 1.30435338596, 1.63001575098, 1.01351029821, 4.81720892291, 0.744686161519, 4.43268691157, 0.867782900017, 0.982705830712, 2.81785402834, 3.9578571761, 0.96806688675, 1.15594016345, 0.907137382895, 0.804695200763, 1.20013835127, 1.16630024942, 1.05408623838, 3.75025685068, 1.18887516459, 0.957577555169, 86.2732545001, 0.87935882465, 1.61220836907, 1.01129597464, 3.13162104409, 1.1502958168, 17.9352466319, 2400.90791691
4.49364621745, 1.25304713685, 0.812440664048, 1.08728710438, 7.06179543901, 0.989261497832, 1.70609887139, 0.846817327379, 0.980824982308, 4.56149866769, 4.51258655062, 1.02814216444, 3.93740630734, 1.06860676547, 0.954369233119, 1.17522986438, 1.08610494613, 1.18758480156, 6.72822407826, 0.920739169483, 0.857014778456, 165.550532788, 1.05613869657, 5.19685132619, 1.1348214094, 5.09680736964, 1.20962871411, 19.0099533427, 1586.83680959
5.56210481065, 1.3745958723, 0.730943978995, 1.21949131675, 3.78015344731, 0.999717737397, 5.59526560133, 1.00008268873, 1.10445900821, 5.79445315058, 6.75798000118, 1.15586203152, 3.60908019741, 0.946199187039, 0.951666740133, 1.28294371067, 1.14247936751, 0.86972983966, 7.17944274757, 1.0369130718, 0.78732463489, 171.04637294, 1.09577355816, 2.59382232128, 1.16628052261, 4.6357469116, 1.26447239743, 17.7496572339, 5126.42076764
3.0131561605, 1.3967585966, 1.33754151433, 1.19030206859, 4.20372217606, 0.771781054625, 1.86349019713, 0.824807127308, 0.979489026767, 2.38643994197, 3.6182575383, 0.840000840978, 4.79942958124, 0.940101637348, 0.883787817567, 1.36979033145, 1.0099681751, 0.876393145217, 6.29890080377, 1.07390434984, 0.946148643473, 47.6963234787, 1.09347956983, 4.34623433077, 1.23765785732, 4.67129564585, 1.27787238072, 21.8222861926, 1217.62909013
5.39542170095, 1.23570877179, 0.814541757864, 0.914397899857, 6.20591377328, 0.753547567252, 2.48324516163, 1.25853350935, 0.925635410098, 6.02731571248, 4.36634465794, 1.19759925398, 1.10936725381, 0.857432261464, 0.807116946949, 1.31595380533, 1.076463101, 1.17551780931, 8.50694910009, 0.934493899103, 0.948062521825, 358.488267802, 1.16434567832, 2.62018212526, 1.04391919918, 4.31772004143, 1.26431411584, 18.3146163422, 2470.23467295
5.49960376683, 1.29475813383, 1.66115876294, 0.896332550524, 3.91402237688, 1.11955667646, 2.29210593198, 0.889854080488, 1.105405916, 2.09406445475, 6.80362739662, 1.04753446572, 1.4969988917, 1.15784052256, 0.951110512925, 1.38312633606, 1.16015240107, 0.931216107081, 9.80751537032, 0.967011914553, 0.867540932361, 311.898055992, 1.12750660308, 1.15524758312, 0.999425877191, 4.72236795735, 1.02316320663, 19.6845343495, 1431.41299155
1.84424234835, 1.07435551876, 0.979347795439, 1.21031914115, 3.8950331265, 0.880151098402, 4.802284163, 0.939632353084, 0.912190453139, 3.46053787135, 1.84006746273, 1.05714291016, 4.88476500316, 0.906402771343, 0.876331932188, 1.19946339636, 1.00804235102, 0.950119236386, 8.20010663683, 0.992984890417, 0.97607790231, 11.9002772154, 0.961691970169, 3.6433996006, 1.08963870537, 2.92027447944, 1.14680557904, 21.1864321924, 1282.70554993
2.55344655722, 1.02556331219, 0.768449020559, 0.949748373083, 1.43062119498, 0.810496952695, 4.58188398928, 1.23308651407, 0.934943984524, 4.00407002413, 6.33289265331, 1.04617513657, 2.99069000604, 1.21687948027, 0.962190236778, 1.4022288196, 1.15068067041, 1.17531667698, 3.68487004643, 0.926609063405, 0.949202878166, 156.570130876, 0.984698117497, 4.25746635574, 0.982537568997, 1.5406600973, 1.10016899414, 18.1943205066, 13272.2958761
5.56210481065, 1.3745958723, 0.730943978995, 1.21949131675, 1.58281433098, 0.999717737397, 5.59526560133, 1.00008268873, 1.10445900821, 5.79445315058, 6.75798000118, 1.15586203152, 3.60908019741, 0.946199187039, 0.951666740133, 1.28294371067, 1.14247936751, 0.86972983966, 7.17944274757, 0.978558041996, 0.78732463489, 171.04637294, 1.09577355816, 2.59382232128, 1.19457651731, 4.6357469116, 1.26447239743, 18.6780199482, 4279.25256186
4.49364621745, 1.25304713685, 0.812440664048, 1.18004913275, 7.06191204009, 0.802005253665, 1.46592555138, 0.846817327379, 0.980824982308, 4.56149866769, 4.51258655062, 1.02814216444, 3.93740630734, 1.06860676547, 1.05988456589, 1.17522986438, 1.08610494613, 1.18758480156, 6.72822407826, 0.920739169483, 0.857014778456, 165.550532788, 1.05613869657, 5.19685132619, 1.1348214094, 5.09680736964, 1.20962871411, 19.5883139994, 2032.329811
5.79175802694, 1.08749573092, 1.60435268412, 0.966738802848, 1.79685363295, 0.847509902075, 3.44121958699, 0.820156842786, 1.02060336285, 5.25228104802, 4.29358238998, 0.898767723802, 4.74956794793, 1.10905311223, 0.965384093769, 1.29848329564, 1.16672674856, 0.903416037837, 3.45632850339, 0.973865292689, 0.940986898481, 102.014837088, 1.0852436218, 3.07498670222, 1.13483341068, 1.75903761093, 0.940672530574, 18.9381583398, 5100.4036865
5.2694154982, 1.24639002115, 0.968814736707, 1.13508960886, 6.42273022314, 1.16546939087, 3.83439876454, 1.15194918889, 0.991486086572, 2.41925163154, 4.1667243238, 0.920463295944, 3.76716560158, 0.987231936821, 0.996432250586, 1.3760296371, 1.04626245126, 0.892083960664, 4.91681858331, 0.946656401401, 0.864102744293, 198.185358997, 0.965801588357, 5.29472223742, 1.21606058652, 1.74156447888, 0.957538270787, 18.7310357347, 22106.7880143
3.24097202106, 1.41106862286, 1.07320031129, 0.956608148874, 4.89463935875, 0.795636009209, 2.32447841893, 1.14755882208, 0.920291270118, 5.98825962377, 2.03197638784, 1.03936627915, 2.35349203121, 0.86207302811, 0.9226440356, 1.1673300472, 1.03133192454, 0.892772655812, 4.68140211664, 1.00008609503, 0.9764868129, 406.015330225, 0.864936172418, 5.562733163, 1.00574810316, 3.80399296656, 1.005910346, 34.3989911789, 1109.07631679
3.87924790673, 1.28835708871, 1.21195513267, 1.11124798516, 3.02088703197, 0.785022218256, 5.22221570637, 1.11174136039, 1.01059839633, 3.59327869048, 2.93866713343, 0.947733039515, 1.65550927588, 0.861870137905, 0.861675605374, 1.49850907175, 1.0163095746, 1.17227486923, 8.13345049497, 0.940351310416, 0.853652802743, 402.430257468, 0.965704360968, 1.50338611728, 1.13471206871, 1.86148419344, 1.01994908062, 19.1691707248, 5835.94421981
5.917055729, 1.20421913122, 0.759446972562, 0.981963229121, 5.07316527392, 0.973641821759, 3.46715128797, 0.899694072502, 1.13819243559, 5.62014158806, 6.8446802695, 1.17204996191, 3.14737977722, 1.00443968397, 1.06999223505, 1.01343579797, 1.14815328417, 1.1089525662, 5.99399861837, 1.0379187561, 0.903477219624, 203.984749658, 1.14574535158, 4.010627584, 0.957463926352, 5.17039050571, 1.0611141615, 19.9812432263, 2009.26920923
1.23927059324, 1.04513366282, 1.12624743633, 0.873520399386, 6.32818288208, 1.16827819354, 3.88400233964, 1.15844030675, 0.964992774277, 3.89271332165, 2.38142521518, 1.06870425207, 1.87473567868, 1.20423020762, 1.0171577501, 1.21246119473, 1.14740973309, 0.813744486573, 6.6343108118, 0.997794686766, 0.826916849708, 192.638771265, 1.04379890662, 5.04519863638, 1.04255151692, 2.62954101778, 0.946232790937, 20.5484431323, 1765.8533468
2.18422172808, 1.4224188724, 1.16070834969, 1.09458792399, 4.45166373929, 0.742339469897, 2.0660142809, 0.935503510171, 1.01991688121, 3.2189309365, 7.48038749189, 1.13537038649, 2.15809732193, 1.19585866343, 1.01780410974, 1.39693705378, 1.04555048278, 1.08331388104, 3.25078360783, 0.922515540039, 0.996052073327, 53.9793698364, 0.991765012079, 3.52149209952, 1.18127064114, 3.23682753047, 1.20081775067, 19.4589246709, 4100.81138436
5.91899570585, 1.29913633606, 1.38169026868, 0.981963229121, 5.07316527392, 0.787213549004, 4.74431006209, 0.880762866994, 1.02113364149, 4.32765262621, 3.74078405616, 0.922363763246, 3.91916546164, 1.02691915531, 0.801141162053, 1.4429135304, 1.12434153834, 1.22686395065, 3.85002206122, 1.1531389802, 0.926645316199, 204.979742926, 1.11048010546, 4.78742263062, 1.01527977814, 1.02356445337, 0.950588308821, 20.5761248882, 2145.03577521
1.01413305669, 1.33686857674, 1.49699333953, 1.19307553792, 4.59907880765, 1.12391639299, 1.43975719132, 0.854340673403, 0.951031257556, 3.5129512673, 2.1864672666, 1.1381078763, 1.80702567023, 1.15377683019, 0.79801166114, 1.29248959568, 1.13420510439, 0.885772521938, 9.60067787309, 0.980297441249, 0.926575533414, 209.304894773, 1.05787468445, 5.59832966472, 1.07588357846, 4.3463764598, 1.19831005608, 20.1885023834, 2741.74744361
1.90001739576, 1.03691609053, 0.74617344185, 1.11043611704, 4.42288936503, 0.724022109887, 5.89386883761, 1.20703903961, 0.908525746345, 3.18451335127, 3.2936711862, 0.980647266908, 3.56528295175, 0.820515510807, 0.834905934224, 1.33148649622, 1.08233359454, 0.99656538689, 8.90213819965, 0.914447720371, 0.882239876963, 104.304973128, 1.02252767878, 3.00957718729, 1.03181506231, 4.5546228735, 1.06860171174, 20.2621647575, 3147.69070772
5.26694367561, 1.06871652353, 0.85530188232, 0.815645188586, 4.31165726636, 0.904991215596, 2.66700095171, 0.870546268821, 0.921117815834, 2.19312752907, 4.33481307928, 1.02535830044, 2.8891814896, 0.996211079977, 1.01776992267, 1.18335156955, 1.02648006883, 1.08938409096, 3.85002206122, 1.00101773497, 0.993328846841, 364.176350342, 1.16761006526, 5.39164806762, 1.07059733992, 3.76382189085, 1.25706317831, 26.4427910438, 1535.79057261
5.44109639356, 1.08749573092, 1.10901800888, 0.966738802848, 1.79685363295, 0.847509902075, 4.8519454344, 0.820156842786, 1.02060336285, 5.25228104802, 4.29358238998, 0.898767723802, 4.74956794793, 1.10905311223, 1.03083279885, 1.37043987561, 1.16672674856, 0.903416037837, 3.45632850339, 0.973865292689, 0.940986898481, 102.014837088, 1.0852436218, 3.07498670222, 0.985574881234, 1.75903761093, 0.940672530574, 20.7294997497, 3257.51519684
4.89763635155, 1.05934732024, 1.41803926706, 1.13607110238, 6.13676141798, 0.887969024724, 5.01429165564, 1.20210639182, 1.00978199869, 2.08843469658, 7.70432556856, 1.19342220762, 4.62379982515, 0.954748113694, 0.935957570065, 1.46887245266, 1.0678720096, 0.837130906799, 3.02247781935, 1.0010907986, 0.832393410623, 142.082985216, 0.876816951695, 1.97150169269, 0.987374784265, 1.27976134992, 1.13709776593, 19.8462931491, 11330.1206313
1.26904132547, 1.33397318893, 1.34007209316, 1.18342840048, 4.45979062427, 0.769280032484, 2.25432561844, 0.865542026863, 0.95594043965, 3.48365771467, 3.95626812046, 0.830059387705, 1.83982558859, 1.06868564646, 1.01409414477, 1.61808400943, 1.16959164578, 1.09065470284, 4.83489576043, 0.950785366053, 0.882003373285, 408.904505963, 0.866320810519, 1.4030783131, 1.23905747886, 4.77212921266, 1.29346198324, 19.9387765665, 8404.32389346
1.49722368012, 1.00555320311, 0.886995890103, 1.13813267721, 4.16977116181, 1.15702708987, 4.66073251283, 1.16196746747, 0.937303940766, 4.81501735821, 7.7304164843, 0.83464285189, 5.03634906477, 0.906023851858, 0.873474952123, 1.16205946455, 1.12737895711, 0.865364686056, 4.90703810449, 0.967584505508, 0.85692663386, 397.434955033, 1.07382049875, 4.20075027851, 1.13114726593, 4.72918010449, 1.2780982833, 30.9283356354, 1491.32306545
1.49722368012, 1.00555320311, 0.886995890103, 1.13813267721, 4.16977116181, 1.04878590847, 4.66073251283, 1.16196746747, 0.937303940766, 4.81501735821, 7.7304164843, 0.83464285189, 5.03634906477, 0.906023851858, 0.873474952123, 1.16205946455, 1.12737895711, 0.865364686056, 4.90703810449, 0.967584505508, 0.85692663386, 397.434955033, 1.07382049875, 4.20075027851, 1.13114726593, 4.72918010449, 1.2780982833, 21.4835626454, 3024.0707487
4.82327341338, 1.30453528448, 1.26108263322, 1.2054176062, 4.30900123988, 1.15702708987, 3.70166489186, 1.18350371975, 1.06212083039, 6.19084515582, 4.33129509757, 1.16270579996, 4.47947349012, 1.09175755225, 0.956461731799, 1.05905663657, 1.03839376319, 0.815030628308, 7.55088065406, 1.02486579728, 0.92649871639, 58.2958911657, 0.91407013789, 5.29196822455, 1.18764199016, 3.49599548722, 1.14372028422, 21.9841264415, 2715.61387323
3.13512557991, 1.2123638233, 1.71018259099, 0.930177825778, 6.01578349079, 0.836725205146, 2.72285578963, 0.885664159839, 1.04323654252, 1.56872208751, 2.70684583379, 0.843563515822, 4.19317962935, 0.960791106914, 1.02081534306, 1.35277258533, 1.03939867546, 1.16898902453, 8.95250606671, 1.18297204799, 0.915136006723, 126.321307492, 1.09840786705, 5.0035804967, 1.22516678386, 3.35989085498, 0.969020161628, 37.2145889338, 1510.09175943
1.38137092725, 1.42052783133, 1.2170244067, 0.85021667432, 6.23687945067, 1.16067228673, 3.17675212981, 1.00227062348, 0.997807068044, 3.59793680911, 4.98788961511, 0.864076336131, 2.25214992336, 0.884317951428, 0.986910969928, 1.37997759828, 1.15693640029, 0.943905740725, 5.00643657003, 1.0574338897, 0.890764158828, 354.485884303, 1.17330524311, 1.06294299892, 1.23464511237, 3.05410336955, 1.20490234593, 20.5084845597, 5497.87439807
1.16007432003, 1.39113249163, 0.885694934895, 0.905244796369, 2.8578000838, 0.946811846913, 2.46854719055, 1.04733270956, 1.05840146006, 2.2417053608, 6.96311858644, 1.03853130735, 3.56528295175, 1.17863068912, 0.96148351861, 1.57789151569, 1.1052965156, 1.17432008246, 3.24756105027, 1.1043733172, 0.775492665576, 76.0352960034, 1.10656702125, 3.00957718729, 1.03946852991, 3.53288721973, 0.930029689677, 20.483992436, 8288.01217003
5.07519561938, 1.19064141711, 1.61419666541, 0.815645188586, 4.31165726636, 0.904991215596, 2.64935460348, 0.870546268821, 0.921117815834, 2.19312752907, 4.33481307928, 1.02535830044, 2.8891814896, 0.996211079977, 1.01776992267, 1.18335156955, 1.02648006883, 1.08938409096, 3.85002206122, 1.00101773497, 0.993328846841, 364.176350342, 1.16761006526, 5.39164806762, 1.07059733992, 3.76382189085, 1.25706317831, 25.020072595, 1890.65287474
2.79254254512, 1.17835913834, 0.85530188232, 0.919484545773, 2.28387135456, 0.808517409621, 2.66449409397, 0.846073611822, 1.09359881696, 4.46642645656, 1.81018293462, 1.00408194421, 1.07780998061, 1.09826820007, 0.898493330326, 1.61426435957, 1.108561973, 1.1590250093, 8.5818440552, 0.990139072804, 0.909000481588, 298.067188399, 1.01432800409, 4.68263556382, 1.00148130007, 1.70560944515, 1.08951737754, 24.9351829014, 1973.62988049
4.95038323963, 1.39909063649, 1.52780836501, 0.81385663853, 3.96972155878, 1.13318020377, 1.78071573722, 1.00323602474, 0.934183951276, 4.16595918517, 6.88266609942, 0.810141257618, 3.60027956071, 0.97772791409, 1.0270585887, 1.17237201176, 1.08445162173, 0.8149245151, 9.65036773558, 1.06239321639, 0.767095547701, 56.4548554568, 1.13103125992, 3.24363859845, 1.09996855842, 2.73628663506, 1.04040535991, 20.2816633257, 13244.4896924
1.90001739576, 1.03691609053, 0.74617344185, 1.11043611704, 4.42288936503, 0.724022109887, 5.89386883761, 1.21704307851, 0.908525746345, 3.18451335127, 3.2936711862, 0.980647266908, 4.19317962935, 1.19476676001, 0.834905934224, 1.33148649622, 1.08233359454, 0.99656538689, 8.90213819965, 1.02236261636, 0.903568398458, 104.304973128, 1.1411896334, 3.93794225361, 1.17208053829, 4.5546228735, 1.06860171174, 22.12981429, 2782.11456848
4.86950808066, 1.33095989957, 1.4067177997, 0.811591548173, 1.50721024607, 0.769724661074, 4.20655704945, 1.09239664388, 0.989502654855, 5.91323543688, 7.78788051004, 1.04617513657, 1.30136637283, 1.08476967682, 0.962190236778, 1.21615386435, 1.11266636293, 1.14789711005, 3.0444412122, 1.18814107885, 0.957346883561, 276.488560988, 0.926951330473, 3.82533717749, 0.978840485037, 3.70550025915, 1.2178129622, 20.903946705, 4778.1009154
1.90001739576, 1.03691609053, 0.74617344185, 1.11043611704, 4.42288936503, 0.724022109887, 5.89386883761, 1.20703903961, 0.908525746345, 3.18451335127, 3.2936711862, 0.980647266908, 4.19317962935, 0.820515510807, 0.834905934224, 1.33148649622, 1.08233359454, 0.99656538689, 8.90213819965, 1.02236261636, 0.882239876963, 104.304973128, 1.1411896334, 3.93794225361, 1.17208053829, 4.5546228735, 1.06860171174, 21.5069960179, 3678.98411262
3.33661857241, 1.25398208918, 0.907911137615, 0.892222550998, 2.65518465887, 1.09770157825, 1.11512113726, 1.08900937129, 1.13229921118, 2.9631818724, 5.93564872645, 0.897188011717, 3.79025550997, 1.27924668623, 0.803434583158, 1.45257006617, 1.10769815655, 1.20776195444, 8.8707521912, 1.18468280834, 0.931056903639, 134.618638717, 0.874873437714, 5.62870139147, 0.96326927754, 1.35120532191, 0.973164420927, 20.7335365509, 5299.01682878
2.39675990584, 1.42962445526, 1.19574659433, 1.16958838214, 6.99905914267, 1.0403058798, 4.48098664323, 0.9240833495, 1.03172292355, 1.98722758061, 5.66892942469, 1.00359268282, 4.7922312388, 0.941157897757, 0.861906490012, 1.0753882973, 1.08780670591, 1.21383544963, 6.23581906917, 1.12483455276, 0.820153357657, 284.031414925, 1.06809015398, 5.56005294611, 1.17988500015, 1.35120532191, 1.27869731629, 20.3787047664, 20806.2098629
1.26904132547, 1.33397318893, 1.34007209316, 1.18342840048, 4.45979062427, 0.769280032484, 3.17675212981, 0.865542026863, 0.95594043965, 2.86914029534, 3.95626812046, 0.830059387705, 1.83982558859, 1.06868564646, 1.01409414477, 1.61808400943, 1.16959164578, 1.09065470284, 4.83489576043, 1.00962626415, 0.882003373285, 408.904505963, 0.866320810519, 1.4030783131, 1.23905747886, 4.77212921266, 1.29346198324, 26.839926853, 1814.64169337
1.59885159132, 1.34648776794, 0.969384162561, 1.01473080337, 6.20547344921, 1.00936880859, 3.03120253274, 0.873456672182, 0.966932233049, 4.17225488139, 5.18268466218, 1.04325197841, 1.34666616694, 0.920868520379, 0.983545564251, 1.38312633606, 1.15555902677, 1.14316741942, 6.05645997517, 1.16568598731, 0.996885106838, 282.316599857, 1.18037197518, 4.4497525572, 1.15145447734, 4.45821200552, 0.946127211363, 21.2609173793, 4331.93520443
2.18422172808, 1.33397318893, 1.41467578131, 0.802333906596, 4.45979062427, 0.769280032484, 2.25432561844, 1.01125746575, 0.95594043965, 3.48365771467, 3.95626812046, 0.830059387705, 1.83982558859, 1.06868564646, 1.01409414477, 1.54108363621, 1.15222340013, 1.13695248314, 4.83489576043, 0.950785366053, 0.882003373285, 410.787907188, 0.866320810519, 1.4030783131, 1.20521985432, 4.05462845078, 1.29599203023, 36.7972788689, 1742.73068673
3.84972705466, 1.27638363271, 1.59356806161, 1.19178998481, 1.71573940009, 0.824444617446, 4.13704435695, 1.19253985061, 1.0682300021, 2.66815670725, 4.56240835805, 1.12347179975, 3.96758805915, 0.903667682354, 0.860536815661, 1.09395340387, 1.03630399037, 1.16222139891, 6.84495227757, 1.09684890078, 0.837539357842, 187.369850994, 1.14262067618, 3.69061181999, 1.12181939858, 1.60622466766, 0.909143458459, 20.6263597274, 9831.18019046
5.917055729, 1.08749573092, 1.60435268412, 0.966738802848, 1.79685363295, 0.847509902075, 3.44121958699, 0.820156842786, 1.02060336285, 5.25228104802, 4.29358238998, 0.862783344966, 4.74956794793, 1.10905311223, 0.965384093769, 1.21659327496, 1.16672674856, 0.903416037837, 3.45632850339, 0.973865292689, 0.940986898481, 102.014837088, 1.0852436218, 3.07498670222, 1.13483341068, 1.75903761093, 0.940672530574, 22.9157587597, 2851.30247661
1.74192012366, 1.35454191908, 1.37512333345, 0.987508584852, 6.53192586097, 1.07778536759, 2.15593789061, 1.24591916129, 1.08808579473, 5.89152372719, 5.32351062054, 0.908186000919, 3.3024106146, 0.85132450612, 1.05012842667, 1.618880374, 1.15115030574, 1.16057808715, 5.56346912661, 0.98871736051, 0.854374781055, 202.207587991, 1.12835548607, 5.12777258523, 1.17192665761, 5.06545734065, 1.2287732084, 22.3742113118, 3305.75057837
1.63674983976, 1.33397318893, 1.34007209316, 1.18342840048, 4.45979062427, 0.769280032484, 1.88106756535, 1.01125746575, 0.95594043965, 2.40251154282, 3.95626812046, 0.830059387705, 3.64953605927, 1.06868564646, 1.01409414477, 1.54108363621, 1.15222340013, 1.13695248314, 4.83489576043, 0.950785366053, 0.924302938626, 408.904505963, 0.866320810519, 1.4594735886, 1.16039893411, 4.05462845078, 1.29346198324, 21.0048816264, 5800.06240348
5.2694154982, 1.24639002115, 0.968814736707, 1.13508960886, 6.42273022314, 1.16546939087, 3.83439876454, 1.15194918889, 0.991486086572, 2.41925163154, 4.1667243238, 0.920463295944, 4.62391894462, 0.987231936821, 0.996432250586, 1.13040311467, 1.04626245126, 0.892083960664, 4.91681858331, 0.946656401401, 0.864102744293, 198.185358997, 0.965801588357, 5.29472223742, 1.21606058652, 1.74156447888, 0.957538270787, 20.8786202269, 8410.4732005
5.16250672458, 1.07435551876, 1.38169026868, 0.863519503005, 4.57235776244, 0.770837983891, 5.08146755306, 1.19460468686, 1.08537656166, 5.49001942031, 6.48398270128, 0.922363763246, 3.17982710515, 0.901740400653, 1.06806875159, 1.62186315723, 1.0517666764, 0.918025532481, 8.20010663683, 1.08287951434, 0.76969993324, 11.9002772154, 1.0879996665, 4.78742263062, 1.03162346976, 5.22275383693, 0.899201650194, 26.103935475, 2309.40617772
