-1.0, -1.0, 1.0, -1.0, 3.0, 1.0, 0.0, -1.0, 1.0, -1.0, -1.0, 1.0, -1.0, 3.0, 1.0, -1.0, -1.0, 1.0, 2.0, 0.0, 2.0, 0.0, 0.0, 3.0, 0.0, 0.0, 1.0, 2.0, -1.0, 0.0, -1.0, 0.0, -1.0, 0.0, 0.0, -1.0, -1.0, -1.0, -1.0, -1.0, 2.0, 2.0, 0.0, 2.0, 1.0, 2.0, 0.0, 0.0, -1.0, 2.0, 461.0, 99570.0
-1.0, -1.0, 1.0, -1.0, 3.0, 1.0, 0.0, -1.0, 1.0, -1.0, -1.0, 1.0, -1.0, 3.0, 1.0, -1.0, -1.0, 1.0, 2.0, 0.0, 2.0, 0.0, 0.0, 3.0, 0.0, 0.0, 1.0, 2.0, -1.0, 2.0, -1.0, 0.0, -1.0, 0.0, 0.0, -1.0, -1.0, -1.0, -1.0, -1.0, 2.0, 2.0, 0.0, 2.0, 1.0, 2.0, 0.0, 0.0, -1.0, 2.0, 461.0, 99570.0
-1.0, -1.0, 3.0, -1.0, -1.0, 0.0, 1.0, 2.0, 1.0, 2.0, 2.0, -1.0, 1.0, 3.0, 0.0, 1.0, 2.0, 1.0, 2.0, 1.0, -1.0, 0.0, 2.0, 2.0, -1.0, 0.0, 0.0, 1.0, 1.0, 0.0, -1.0, 1.0, -1.0, 0.0, 0.0, 0.0, 3.0, 0.0, -1.0, 2.0, -1.0, 3.0, -1.0, 3.0, 2.0, -1.0, 1.0, 0.0, 2.0, 0.0, 519.0, 99491.0
2.0, 3.0, 1.0, 2.0, 3.0, 2.0, 2.0, 1.0, 1.0, 2.0, 1.0, 1.0, 1.0, -1.0, 2.0, 2.0, 2.0, 0.0, 1.0, 3.0, 0.0, 0.0, 0.0, 1.0, 0.0, 0.0, 1.0, 3.0, 3.0, 3.0, 1.0, 2.0, 0.0, 0.0, -1.0, 0.0, 1.0, 0.0, 0.0, 1.0, 0.0, 0.0, 2.0, 3.0, 1.0, 2.0, 2.0, 3.0, 2.0, 1.0, 690.0, 99346.0
-1.0, -1.0, 1.0, 2.0, 3.0, 1.0, 0.0, -1.0, 1.0, -1.0, -1.0, 1.0, 2.0, 3.0, 1.0, -1.0, 1.0, 1.0, 2.0, 0.0, 2.0, -1.0, 0.0, 3.0, 0.0, -1.0, 1.0, 2.0, -1.0, 0.0, 1.0, 0.0, 3.0, 0.0, 0.0, -1.0, -1.0, -1.0, -1.0, -1.0, 2.0, 2.0, 0.0, 3.0, 1.0, 2.0, 0.0, 0.0, -1.0, 2.0, 510.0, 99523.0
-1.0, -1.0, 1.0, -1.0, 3.0, 1.0, 0.0, -1.0, 1.0, -1.0, -1.0, 1.0, -1.0, 3.0, 1.0, -1.0, -1.0, 1.0, 2.0, 0.0, 2.0, 0.0, 0.0, 3.0, 0.0, 0.0, 1.0, 2.0, -1.0, 0.0, 2.0, 0.0, 3.0, 0.0, 0.0, -1.0, -1.0, -1.0, -1.0, -1.0, 2.0, 2.0, 0.0, -1.0, 1.0, 2.0, 0.0, 0.0, -1.0, 2.0, 473.0, 99562.0
-1.0, -1.0, 1.0, 2.0, 1.0, 1.0, -1.0, -1.0, 1.0, -1.0, -1.0, 1.0, 0.0, 3.0, 1.0, -1.0, 1.0, 1.0, 2.0, 1.0, 2.0, -1.0, 0.0, 3.0, 0.0, -1.0, 1.0, 2.0, -1.0, 0.0, 1.0, 0.0, -1.0, 0.0, 0.0, -1.0, -1.0, -1.0, -1.0, -1.0, 2.0, 2.0, 0.0, 3.0, 1.0, 2.0, 0.0, 0.0, -1.0, 2.0, 483.0, 99544.0
0.0, -1.0, 1.0, -1.0, -1.0, 3.0, 2.0, 1.0, 3.0, 2.0, -1.0, 2.0, 2.0, 1.0, 0.0, 1.0, 2.0, 1.0, 1.0, 0.0, 3.0, 1.0, 0.0, 0.0, 1.0, 2.0, 0.0, -1.0, 0.0, 2.0, -1.0, 3.0, 2.0, 2.0, -1.0, 3.0, 1.0, 3.0, 0.0, 1.0, 0.0, 3.0, -1.0, 1.0, 3.0, -1.0, 1.0, 2.0, 2.0, 3.0, 564.0, 99434.0
0.0, 2.0, 1.0, 1.0, -1.0, 0.0, 2.0, 2.0, -1.0, 0.0, -1.0, 2.0, 0.0, 2.0, 3.0, -1.0, 2.0, -1.0, 2.0, 1.0, 3.0, 1.0, 1.0, 1.0, -1.0, 3.0, 2.0, 0.0, 3.0, 1.0, 1.0, 1.0, 1.0, 2.0, -1.0, 0.0, 0.0, -1.0, 0.0, 2.0, 1.0, -1.0, 0.0, 3.0, 1.0, -1.0, 1.0, 1.0, 3.0, 0.0, 556.0, 99457.0
0.0, -1.0, 1.0, -1.0, -1.0, 3.0, 2.0, 1.0, 3.0, 2.0, 1.0, 2.0, 2.0, 1.0, 0.0, 1.0, 2.0, 1.0, 1.0, 0.0, 3.0, 1.0, 0.0, -1.0, 1.0, 2.0, 0.0, -1.0, 0.0, 2.0, -1.0, 3.0, 2.0, 2.0, -1.0, 3.0, 1.0, 3.0, 3.0, 1.0, 0.0, 3.0, -1.0, 1.0, 3.0, 0.0, 2.0, 1.0, 2.0, 3.0, 585.0, 99414.0
0.0, -1.0, 0.0, -1.0, -1.0, 3.0, 2.0, 1.0, 3.0, 2.0, 3.0, 2.0, 2.0, 1.0, 0.0, 1.0, 2.0, 1.0, 1.0, 0.0, 3.0, 1.0, 0.0, 0.0, 1.0, 2.0, 0.0, -1.0, 0.0, 2.0, -1.0, 3.0, 1.0, 2.0, -1.0, 3.0, 1.0, 3.0, 3.0, 1.0, 0.0, 3.0, -1.0, 1.0, 3.0, 0.0, 2.0, 1.0, 2.0, 3.0, 599.0, 99403.0
0.0, -1.0, 1.0, -1.0, -1.0, 3.0, 2.0, 1.0, 3.0, 2.0, 1.0, 2.0, 2.0, 1.0, 0.0, 1.0, 2.0, 1.0, 1.0, 0.0, 3.0, 1.0, 0.0, -1.0, 0.0, 2.0, 0.0, -1.0, 0.0, 2.0, -1.0, 3.0, 2.0, 2.0, -1.0, 3.0, 1.0, 3.0, 3.0, 1.0, 0.0, 3.0, -1.0, 1.0, 3.0, 0.0, 2.0, 1.0, 2.0, 3.0, 585.0, 99414.0
0.0, -1.0, 1.0, -1.0, -1.0, 3.0, 2.0, 1.0, 3.0, 2.0, 1.0, 2.0, 2.0, -1.0, 0.0, 1.0, 2.0, 1.0, 1.0, 0.0, 3.0, 1.0, 0.0, -1.0, 1.0, 2.0, 0.0, -1.0, 0.0, 2.0, -1.0, 3.0, 2.0, 2.0, -1.0, 3.0, 1.0, 3.0, 3.0, 1.0, 0.0, 3.0, -1.0, 1.0, 3.0, 0.0, 2.0, 1.0, 2.0, 3.0, 572.0, 99428.0
1.0, 1.0, 1.0, -1.0, -1.0, 0.0, 1.0, 0.0, 1.0, 2.0, 0.0, -1.0, 1.0, 3.0, 0.0, 1.0, 2.0, 1.0, 2.0, 1.0, -1.0, 0.0, 2.0, 2.0, -1.0, 0.0, 0.0, 2.0, 1.0, 0.0, -1.0, 1.0, -1.0, 0.0, -1.0, 1.0, 3.0, 0.0, 0.0, 2.0, -1.0, 3.0, -1.0, 2.0, 0.0, -1.0, 1.0, 0.0, 2.0, 0.0, 548.0, 99468.0
1.0, -1.0, 3.0, -1.0, 2.0, 1.0, 0.0, 0.0, 3.0, 1.0, 1.0, 3.0, 3.0, 1.0, 3.0, 1.0, 1.0, 0.0, 1.0, 3.0, 2.0, 2.0, 3.0, -1.0, 3.0, 2.0, 0.0, 1.0, 2.0, 0.0, 3.0, 0.0, -1.0, 1.0, 0.0, 0.0, 2.0, -1.0, 1.0, 0.0, 2.0, 1.0, 3.0, 2.0, 0.0, 0.0, 2.0, 2.0, 2.0, 1.0, 636.0, 99383.0
0.0, 2.0, 1.0, 1.0, -1.0, 0.0, 2.0, 2.0, -1.0, 0.0, -1.0, 2.0, 0.0, 2.0, 3.0, -1.0, 2.0, -1.0, 2.0, 1.0, 3.0, 1.0, 1.0, 1.0, -1.0, 3.0, 2.0, 0.0, 3.0, 1.0, 1.0, 1.0, 1.0, 2.0, -1.0, 0.0, 0.0, -1.0, 0.0, 2.0, 1.0, -1.0, 0.0, 3.0, 1.0, -1.0, 1.0, 1.0, 3.0, 0.0, 556.0, 99457.0
1.0, -1.0, 3.0, -1.0, -1.0, 0.0, 1.0, 2.0, 1.0, 2.0, 0.0, -1.0, 1.0, 3.0, 2.0, 1.0, 2.0, 1.0, 2.0, 1.0, -1.0, 0.0, -1.0, 2.0, -1.0, 0.0, 0.0, 2.0, 1.0, 0.0, -1.0, 1.0, -1.0, 0.0, 0.0, 0.0, 3.0, 0.0, 0.0, 2.0, -1.0, 3.0, -1.0, 3.0, 2.0, -1.0, 1.0, 0.0, 2.0, 0.0, 533.0, 99476.0
0.0, -1.0, 1.0, -1.0, -1.0, 3.0, 2.0, 1.0, 3.0, 2.0, 1.0, 2.0, 2.0, -1.0, 0.0, 1.0, 2.0, 1.0, 1.0, 0.0, 3.0, 1.0, 0.0, -1.0, 1.0, 2.0, 0.0, -1.0, 0.0, 2.0, -1.0, 3.0, 2.0, 2.0, -1.0, 3.0, 1.0, 3.0, 3.0, 1.0, 0.0, 3.0, -1.0, 1.0, 3.0, 0.0, 2.0, 1.0, 2.0, 3.0, 572.0, 99428.0
-1.0, -1.0, 1.0, 2.0, 3.0, 1.0, 0.0, -1.0, 1.0, -1.0, -1.0, 2.0, -1.0, 3.0, 1.0, -1.0, 1.0, 1.0, 2.0, 0.0, -1.0, -1.0, 0.0, 3.0, 0.0, -1.0, 1.0, 2.0, -1.0, 0.0, 2.0, 0.0, 3.0, 0.0, 0.0, -1.0, -1.0, -1.0, -1.0, -1.0, 2.0, 2.0, 0.0, 3.0, 1.0, 2.0, 0.0, 0.0, -1.0, 2.0, 480.0, 99555.0
1.0, -1.0, 3.0, -1.0, 2.0, 1.0, 0.0, 0.0, 3.0, 1.0, 1.0, 3.0, 3.0, 1.0, 3.0, 1.0, 1.0, 0.0, 1.0, 3.0, 2.0, 2.0, 3.0, -1.0, 3.0, 2.0, 0.0, 1.0, 2.0, 0.0, 3.0, 0.0, 3.0, 1.0, 0.0, 0.0, 2.0, -1.0, 1.0, 0.0, 2.0, 1.0, 3.0, 2.0, 0.0, 2.0, 2.0, 0.0, 2.0, 1.0, 651.0, 99373.0
-1.0, -1.0, 3.0, -1.0, -1.0, 0.0, 1.0, 2.0, 1.0, 2.0, 0.0, -1.0, 1.0, 3.0, 0.0, 1.0, 2.0, 1.0, 2.0, 1.0, -1.0, 0.0, 2.0, 2.0, -1.0, 0.0, 0.0, 2.0, 1.0, 0.0, -1.0, 1.0, -1.0, 0.0, 0.0, 0.0, 3.0, 0.0, -1.0, 2.0, -1.0, 3.0, -1.0, 3.0, 2.0, -1.0, 1.0, 0.0, 2.0, 0.0, 519.0, 99491.0
0.0, 2.0, 1.0, 1.0, -1.0, 0.0, 2.0, 2.0, -1.0, 0.0, -1.0, 2.0, 0.0, 2.0, 3.0, -1.0, -1.0, -1.0, 2.0, 1.0, 3.0, 1.0, 1.0, 0.0, -1.0, 3.0, 2.0, 0.0, 3.0, 1.0, 1.0, 1.0, 1.0, 2.0, -1.0, 0.0, 0.0, -1.0, 0.0, 2.0, 1.0, -1.0, 0.0, 3.0, 1.0, -1.0, 1.0, 1.0, 3.0, 0.0, 545.0, 99473.0
0.0, -1.0, 0.0, -1.0, -1.0, 3.0, 2.0, 1.0, 3.0, 2.0, 3.0, 2.0, 2.0, 1.0, 0.0, 1.0, 2.0, 1.0, 1.0, 0.0, 3.0, 1.0, 0.0, 0.0, 1.0, 2.0, 0.0, -1.0, 0.0, 2.0, -1.0, 3.0, 2.0, 2.0, -1.0, 3.0, 1.0, 3.0, 3.0, 1.0, 0.0, 3.0, -1.0, 1.0, 3.0, 0.0, 2.0, 1.0, 2.0, 3.0, 599.0, 99403.0
-1.0, -1.0, 1.0, 2.0, 3.0, 1.0, 0.0, -1.0, 1.0, -1.0, -1.0, 1.0, -1.0, 3.0, 1.0, -1.0, 1.0, 1.0, 2.0, 0.0, 2.0, -1.0, 0.0, 3.0, 0.0, -1.0, 1.0, 2.0, -1.0, 0.0, 1.0, 0.0, 3.0, 0.0, 0.0, 1.0, -1.0, -1.0, -1.0, -1.0, 2.0, 2.0, 0.0, -1.0, 1.0, 2.0, 0.0, 0.0, -1.0, 2.0, 492.0, 99535.0
2.0, 3.0, 1.0, 2.0, 3.0, 2.0, 2.0, 1.0, 1.0, 2.0, 1.0, 1.0, 1.0, -1.0, 2.0, 2.0, 2.0, 1.0, 1.0, 3.0, 0.0, 0.0, 0.0, -1.0, 0.0, 0.0, 1.0, 3.0, 3.0, 3.0, 1.0, 2.0, 0.0, 0.0, -1.0, 0.0, 1.0, 0.0, -1.0, 1.0, 0.0, 0.0, 2.0, 3.0, 1.0, 2.0, 2.0, 3.0, 2.0, 1.0, 664.0, 99366.0
-1.0, -1.0, 1.0, 2.0, 1.0, 1.0, -1.0, -1.0, 1.0, -1.0, -1.0, 1.0, 0.0, 3.0, 1.0, -1.0, 1.0, 1.0, 2.0, 1.0, 2.0, -1.0, 0.0, 3.0, 0.0, -1.0, 1.0, 2.0, -1.0, 0.0, 1.0, 0.0, 3.0, 0.0, 0.0, -1.0, -1.0, -1.0, -1.0, -1.0, 2.0, 2.0, 0.0, 3.0, 1.0, 2.0, 0.0, 0.0, -1.0, 2.0, 498.0, 99534.0
1.0, -1.0, 3.0, -1.0, 2.0, 1.0, 0.0, 0.0, 3.0, 1.0, 1.0, 3.0, 3.0, 1.0, 3.0, 1.0, 1.0, 0.0, 1.0, 3.0, 2.0, 2.0, 3.0, -1.0, 3.0, 2.0, 0.0, 1.0, 2.0, 0.0, 3.0, 0.0, -1.0, 1.0, 0.0, 0.0, 2.0, -1.0, 1.0, 0.0, 2.0, 1.0, 3.0, 2.0, 0.0, 0.0, 2.0, 2.0, 2.0, 1.0, 636.0, 99383.0
1.0, -1.0, 3.0, -1.0, 2.0, 1.0, 0.0, 0.0, 3.0, 1.0, 1.0, 3.0, 3.0, 1.0, 3.0, 1.0, 1.0, 0.0, 1.0, 3.0, 2.0, 2.0, 3.0, -1.0, 3.0, 2.0, 0.0, 1.0, 2.0, 0.0, 3.0, 0.0, -1.0, 1.0, -1.0, 0.0, 2.0, -1.0, 1.0, 0.0, 2.0, 1.0, 3.0, 2.0, 0.0, 0.0, 2.0, 2.0, 2.0, 1.0, 619.0, 99390.0
0.0, -1.0, 1.0, -1.0, -1.0, 3.0, 2.0, 1.0, 3.0, 2.0, -1.0, 2.0, 2.0, 1.0, 0.0, 1.0, 2.0, 1.0, 1.0, 0.0, 3.0, 1.0, 0.0, 0.0, 1.0, 2.0, 0.0, -1.0, 0.0, 2.0, -1.0, 3.0, 2.0, 2.0, -1.0, 3.0, 1.0, 3.0, 1.0, 1.0, 0.0, 3.0, -1.0, 1.0, 0.0, -1.0, 1.0, 1.0, 2.0, 3.0, 564.0, 99434.0
-1.0, -1.0, 1.0, 2.0, 3.0, 1.0, 0.0, -1.0, 1.0, -1.0, -1.0, 1.0, 2.0, 3.0, 1.0, -1.0, 1.0, 1.0, 2.0, 0.0, 2.0, -1.0, 0.0, 3.0, 0.0, -1.0, 1.0, 2.0, -1.0, 0.0, 1.0, 0.0, 3.0, 0.0, 0.0, -1.0, -1.0, -1.0, -1.0, -1.0, 2.0, 2.0, 0.0, 3.0, 1.0, 2.0, 0.0, 0.0, -1.0, 2.0, 510.0, 99523.0
2.0, 3.0, 1.0, 2.0, 3.0, 2.0, 2.0, 1.0, 1.0, 2.0, 1.0, 1.0, 1.0, -1.0, -1.0, 2.0, 2.0, 0.0, 1.0, 3.0, 0.0, 0.0, 0.0, -1.0, 0.0, 0.0, 1.0, 3.0, 3.0, 3.0, 1.0, 2.0, 0.0, 0.0, -1.0, 1.0, 1.0, 0.0, 0.0, 1.0, 0.0, 0.0, 2.0, 3.0, 1.0, 2.0, 2.0, 3.0, 2.0, 1.0, 658.0, 99371.0
2.0, 3.0, 1.0, 2.0, 3.0, 2.0, 2.0, 1.0, 1.0, 2.0, 1.0, 1.0, 1.0, -1.0, 2.0, 2.0, 2.0, 1.0, 1.0, 3.0, 0.0, 0.0, 0.0, -1.0, 0.0, 0.0, 1.0, 3.0, 3.0, 3.0, 1.0, 2.0, 0.0, 0.0, -1.0, 0.0, 1.0, 0.0, -1.0, 1.0, 0.0, 0.0, 2.0, 3.0, 1.0, 2.0, 2.0, 3.0, 2.0, 1.0, 664.0, 99366.0
3.0, -1.0, 1.0, 3.0, -1.0, -1.0, 0.0, 2.0, 0.0, 2.0, 0.0, 2.0, -1.0, 1.0, -1.0, 3.0, 3.0, 1.0, 3.0, 3.0, -1.0, 0.0, -1.0, -1.0, 0.0, 1.0, 1.0, 2.0, -1.0, 2.0, 0.0, 2.0, -1.0, 0.0, -1.0, 1.0, 1.0, 0.0, -1.0, 2.0, -1.0, 0.0, 3.0, 3.0, 1.0, 2.0, 1.0, 0.0, 2.0, 2.0, 527.0, 99484.0
1.0, 1.0, 3.0, -1.0, -1.0, 0.0, 1.0, 0.0, 1.0, 2.0, 0.0, -1.0, 1.0, 3.0, 0.0, 1.0, 2.0, 1.0, 2.0, 1.0, -1.0, 0.0, 2.0, 2.0, -1.0, 0.0, 0.0, 2.0, 1.0, 0.0, -1.0, 1.0, -1.0, 0.0, -1.0, 1.0, 3.0, 0.0, 0.0, 2.0, -1.0, 3.0, -1.0, -1.0, 0.0, -1.0, 1.0, 0.0, 2.0, 0.0, 531.0, 99483.0
-1.0, -1.0, 1.0, 2.0, 3.0, 1.0, 0.0, -1.0, 1.0, -1.0, -1.0, 2.0, -1.0, 3.0, 1.0, -1.0, 1.0, 1.0, 2.0, 0.0, -1.0, -1.0, 0.0, 3.0, 0.0, -1.0, 1.0, 2.0, -1.0, 0.0, 2.0, 0.0, 3.0, 0.0, 0.0, -1.0, -1.0, -1.0, -1.0, -1.0, 2.0, 2.0, 0.0, 3.0, 1.0, 2.0, 0.0, 0.0, -1.0, 2.0, 480.0, 99555.0
1.0, -1.0, 0.0, 3.0, 1.0, 1.0, 3.0, 1.0, 1.0, 3.0, 2.0, 0.0, 2.0, 0.0, 1.0, 2.0, -1.0, 0.0, 0.0, 3.0, 0.0, 2.0, -1.0, 1.0, 0.0, -1.0, 0.0, 2.0, 1.0, 0.0, 1.0, 1.0, 0.0, 3.0, 2.0, 1.0, 2.0, 2.0, 2.0, 0.0, 3.0, 3.0, 1.0, 3.0, 0.0, 2.0, -1.0, 0.0, 2.0, 2.0, 647.0, 99377.0
-1.0, -1.0, 1.0, 2.0, 3.0, 1.0, 0.0, -1.0, 1.0, -1.0, -1.0, 1.0, -1.0, 3.0, 1.0, -1.0, 1.0, 1.0, 2.0, 0.0, 2.0, -1.0, 0.0, 3.0, 1.0, -1.0, 1.0, 2.0, -1.0, 0.0, 2.0, 0.0, 3.0, 0.0, 0.0, 1.0, -1.0, -1.0, -1.0, -1.0, 2.0, 2.0, 0.0, -1.0, 1.0, 2.0, 0.0, 0.0, -1.0, 2.0, 492.0, 99535.0
-1.0, -1.0, 1.0, 2.0, 3.0, 1.0, 0.0, -1.0, 1.0, -1.0, -1.0, 1.0, -1.0, 3.0, 1.0, -1.0, 1.0, 1.0, 2.0, 0.0, 2.0, 0.0, 0.0, 3.0, 0.0, -1.0, 1.0, 2.0, -1.0, 0.0, 2.0, 0.0, 3.0, 0.0, 0.0, -1.0, -1.0, -1.0, -1.0, -1.0, 2.0, 2.0, 0.0, 3.0, 1.0, 2.0, 0.0, 0.0, -1.0, 2.0, 507.0, 99528.0
3.0, -1.0, 1.0, 3.0, -1.0, -1.0, 0.0, 2.0, 0.0, 2.0, 0.0, 2.0, -1.0, 1.0, -1.0, 3.0, 3.0, 1.0, 3.0, 3.0, -1.0, 0.0, -1.0, -1.0, 3.0, 1.0, 1.0, 2.0, -1.0, 2.0, 0.0, 2.0, -1.0, 0.0, -1.0, 1.0, 1.0, 0.0, -1.0, 2.0, -1.0, 0.0, 3.0, 3.0, 1.0, 0.0, 1.0, 0.0, 2.0, 2.0, 527.0, 99484.0
-1.0, -1.0, 1.0, -1.0, 3.0, 1.0, 0.0, -1.0, 1.0, -1.0, -1.0, 2.0, -1.0, 3.0, 0.0, -1.0, -1.0, 1.0, 2.0, 0.0, 2.0, 0.0, 1.0, 3.0, 0.0, 1.0, 1.0, 2.0, -1.0, 0.0, 2.0, 0.0, 3.0, 0.0, 0.0, -1.0, 1.0, -1.0, -1.0, -1.0, 2.0, 2.0, 0.0, 2.0, 1.0, 2.0, 0.0, 0.0, -1.0, 2.0, 503.0, 99531.0
1.0, -1.0, 3.0, -1.0, 2.0, 1.0, 0.0, 0.0, 3.0, 1.0, 1.0, 3.0, 3.0, 1.0, 3.0, 1.0, 1.0, 0.0, 1.0, 3.0, 2.0, 2.0, 3.0, -1.0, 3.0, 2.0, 0.0, 1.0, 2.0, 0.0, 3.0, 0.0, -1.0, 1.0, -1.0, 0.0, 2.0, -1.0, 0.0, 0.0, 2.0, 1.0, 3.0, 2.0, 3.0, 0.0, 2.0, 2.0, 2.0, 1.0, 619.0, 99390.0
2.0, 3.0, 1.0, 2.0, 3.0, 2.0, 2.0, 1.0, 3.0, 2.0, 1.0, 1.0, 1.0, -1.0, -1.0, 2.0, 2.0, 0.0, 1.0, 3.0, 0.0, 0.0, 0.0, -1.0, 0.0, 0.0, 0.0, 3.0, 3.0, 3.0, 1.0, 2.0, 0.0, 0.0, -1.0, 1.0, 1.0, 0.0, 0.0, 1.0, 0.0, 0.0, 2.0, 3.0, 1.0, 2.0, 2.0, 3.0, 2.0, 1.0, 658.0, 99371.0
1.0, -1.0, 3.0, -1.0, 2.0, 1.0, 0.0, 0.0, 3.0, 1.0, 2.0, 3.0, 3.0, 1.0, 3.0, 1.0, 1.0, 0.0, 1.0, 3.0, 2.0, 2.0, 3.0, -1.0, 3.0, 2.0, -1.0, 1.0, 2.0, 0.0, 3.0, 0.0, -1.0, 1.0, 0.0, 0.0, 2.0, -1.0, 1.0, 0.0, 2.0, 1.0, 3.0, 2.0, 0.0, 0.0, 2.0, 2.0, 2.0, 1.0, 622.0, 99387.0
-1.0, -1.0, 1.0, -1.0, 3.0, 1.0, 0.0, -1.0, 1.0, -1.0, -1.0, 2.0, -1.0, 3.0, 0.0, -1.0, -1.0, 1.0, 2.0, 0.0, 2.0, 0.0, 1.0, 3.0, 0.0, 1.0, 1.0, 2.0, -1.0, 0.0, 2.0, 0.0, 3.0, 0.0, 0.0, -1.0, 1.0, -1.0, -1.0, -1.0, 2.0, 2.0, 0.0, 2.0, 1.0, 2.0, 0.0, 0.0, -1.0, 2.0, 503.0, 99531.0
1.0, -1.0, 3.0, -1.0, -1.0, 0.0, 1.0, 2.0, 1.0, 2.0, 0.0, -1.0, 1.0, 3.0, 0.0, 1.0, 2.0, 1.0, 3.0, 1.0, -1.0, 0.0, 2.0, 2.0, -1.0, 2.0, 0.0, 2.0, 1.0, 0.0, -1.0, 1.0, -1.0, 0.0, 0.0, 0.0, 3.0, 0.0, 0.0, 2.0, -1.0, 3.0, -1.0, 3.0, 2.0, -1.0, 1.0, 0.0, 2.0, 0.0, 546.0, 99469.0
-1.0, -1.0, 1.0, 2.0, 3.0, 1.0, 0.0, -1.0, 1.0, -1.0, -1.0, 1.0, -1.0, 3.0, 1.0, -1.0, 1.0, 1.0, 2.0, 0.0, 2.0, 0.0, 0.0, 3.0, 0.0, -1.0, 1.0, 2.0, -1.0, 0.0, 2.0, 0.0, 3.0, 0.0, 0.0, -1.0, -1.0, -1.0, -1.0, -1.0, 2.0, 2.0, 0.0, 3.0, 1.0, 0.0, 0.0, 2.0, -1.0, 2.0, 507.0, 99528.0
1.0, -1.0, 3.0, -1.0, -1.0, 0.0, 1.0, 2.0, 1.0, 2.0, 0.0, -1.0, 1.0, 3.0, 2.0, 1.0, 2.0, 1.0, 2.0, 1.0, -1.0, 0.0, -1.0, 2.0, -1.0, 0.0, 0.0, 2.0, 1.0, 0.0, -1.0, 1.0, -1.0, 0.0, 0.0, 0.0, 3.0, 0.0, 0.0, 2.0, -1.0, 3.0, -1.0, 3.0, 2.0, -1.0, 1.0, 0.0, 2.0, 0.0, 533.0, 99476.0
0.0, 2.0, 1.0, 1.0, -1.0, 0.0, 2.0, 2.0, -1.0, 0.0, -1.0, 2.0, 0.0, 2.0, 3.0, -1.0, -1.0, -1.0, 2.0, 1.0, 3.0, 1.0, 1.0, 0.0, -1.0, 3.0, 2.0, 2.0, 3.0, 1.0, 2.0, 1.0, 1.0, 2.0, -1.0, 0.0, 0.0, -1.0, 0.0, 2.0, 1.0, -1.0, 0.0, 3.0, 1.0, -1.0, 1.0, 1.0, 3.0, 0.0, 545.0, 99473.0
1.0, 1.0, 3.0, -1.0, -1.0, 0.0, 1.0, 0.0, 1.0, 2.0, 0.0, -1.0, 1.0, 3.0, 0.0, 1.0, 2.0, 1.0, 2.0, 1.0, -1.0, 0.0, 2.0, 2.0, -1.0, 0.0, 0.0, 2.0, 1.0, 0.0, -1.0, 1.0, -1.0, 0.0, -1.0, 1.0, 3.0, 0.0, 0.0, 2.0, -1.0, 3.0, -1.0, -1.0, 0.0, -1.0, 1.0, 0.0, 2.0, 0.0, 531.0, 99483.0
2.0, 3.0, 1.0, 2.0, 3.0, 2.0, 2.0, 1.0, 1.0, 2.0, 1.0, 1.0, 1.0, -1.0, 2.0, 2.0, 2.0, 0.0, 1.0, 3.0, 0.0, 0.0, 0.0, 1.0, 0.0, 0.0, 1.0, 3.0, 3.0, 3.0, 1.0, 2.0, 0.0, 0.0, -1.0, 0.0, 1.0, 0.0, 0.0, 1.0, 0.0, 0.0, 2.0, 3.0, 1.0, 2.0, 2.0, 3.0, 2.0, 1.0, 690.0, 99346.0
2.0, 3.0, 1.0, 2.0, 3.0, 2.0, 2.0, 1.0, 1.0, 2.0, 1.0, 1.0, 1.0, -1.0, 2.0, 2.0, 2.0, 0.0, 1.0, 3.0, 0.0, 0.0, 0.0, 1.0, 0.0, 0.0, 1.0, 3.0, 3.0, 3.0, 1.0, 2.0, 0.0, 0.0, -1.0, 0.0, 1.0, 0.0, 0.0, 1.0, 0.0, 0.0, 2.0, 3.0, 1.0, 2.0, 2.0, 3.0, 2.0, 1.0, 690.0, 99346.0
2.0, 3.0, 1.0, 2.0, 3.0, 2.0, 2.0, 1.0, 1.0, 2.0, 1.0, 1.0, 1.0, -1.0, 2.0, 2.0, 2.0, 0.0, 1.0, 3.0, 0.0, 0.0, 0.0, 1.0, 0.0, 0.0, 1.0, 3.0, 3.0, 3.0, 1.0, 2.0, 0.0, 0.0, -1.0, 0.0, 1.0, 0.0, 0.0, 1.0, 0.0, 0.0, 2.0, 3.0, 1.0, 2.0, 2.0, 3.0, 2.0, 1.0, 690.0, 99346.0
2.0, 3.0, 1.0, 2.0, 3.0, 2.0, 2.0, 1.0, 1.0, 2.0, 1.0, 1.0, 1.0, -1.0, 2.0, 2.0, 2.0, 0.0, 1.0, 3.0, 0.0, 0.0, 0.0, 1.0, 0.0, 0.0, 1.0, 3.0, 3.0, 3.0, 1.0, 2.0, 0.0, 0.0, -1.0, 0.0, 1.0, 0.0, 0.0, 1.0, 0.0, 0.0, 2.0, 3.0, 1.0, 2.0, 2.0, 3.0, 2.0, 1.0, 690.0, 99346.0
2.0, 3.0, 1.0, 2.0, 3.0, 2.0, 2.0, 1.0, 1.0, 2.0, 1.0, 1.0, 1.0, -1.0, 2.0, 2.0, 2.0, 0.0, 1.0, 3.0, 0.0, 0.0, 0.0, 1.0, 0.0, 0.0, 1.0, 3.0, 3.0, 3.0, 1.0, 2.0, 0.0, 0.0, -1.0, 0.0, 1.0, 0.0, 0.0, 1.0, 0.0, 0.0, 2.0, 3.0, 1.0, 2.0, 2.0, 3.0, 2.0, 1.0, 690.0, 99346.0
2.0, 3.0, 1.0, 2.0, 3.0, 2.0, 2.0, 1.0, 1.0, 2.0, 1.0, 1.0, 1.0, -1.0, 2.0, 2.0, 2.0, 0.0, 1.0, 3.0, 0.0, 0.0, 0.0, 1.0, 0.0, 0.0, 1.0, 3.0, 3.0, 3.0, 1.0, 2.0, 0.0, 0.0, -1.0, 0.0, 1.0, 0.0, 0.0, 1.0, 0.0, 0.0, 2.0, 3.0, 1.0, 2.0, 2.0, 3.0, 2.0, 1.0, 690.0, 99346.0
2.0, 3.0, 1.0, 2.0, 3.0, 2.0, 2.0, 1.0, 1.0, 2.0, 1.0, 1.0, 1.0, -1.0, 2.0, 2.0, 2.0, 0.0, 1.0, 3.0, 0.0, 0.0, 0.0, 1.0, 0.0, 0.0, 1.0, 3.0, 3.0, 3.0, 1.0, 2.0, 0.0, 0.0, -1.0, 0.0, 1.0, 0.0, 0.0, 1.0, 0.0, 0.0, 2.0, 3.0, 1.0, 2.0, 2.0, 3.0, 2.0, 1.0, 690.0, 99346.0
2.0, 3.0, 1.0, 2.0, 3.0, 2.0, 2.0, 1.0, 1.0, 2.0, 1.0, 1.0, 1.0, -1.0, 2.0, 2.0, 2.0, 0.0, 1.0, 3.0, 0.0, 0.0, 0.0, 1.0, 0.0, 0.0, 1.0, 3.0, 3.0, 3.0, 1.0, 2.0, 0.0, 0.0, -1.0, 0.0, 1.0, 0.0, 0.0, 1.0, 0.0, 0.0, 2.0, 3.0, 1.0, 2.0, 2.0, 3.0, 2.0, 1.0, 690.0, 99346.0
2.0, 3.0, 1.0, 2.0, 3.0, 2.0, 2.0, 1.0, 1.0, 2.0, 1.0, 1.0, 1.0, -1.0, 2.0, 2.0, 2.0, 0.0, 1.0, 3.0, 0.0, 0.0, 0.0, 1.0, 0.0, 0.0, 1.0, 3.0, 3.0, 3.0, 1.0, 2.0, 0.0, 0.0, -1.0, 0.0, 1.0, 0.0, 0.0, 1.0, 0.0, 0.0, 2.0, 3.0, 1.0, 2.0, 2.0, 3.0, 2.0, 1.0, 690.0, 99346.0
2.0, 3.0, 1.0, 2.0, 3.0, 2.0, 2.0, 1.0, 1.0, 2.0, 1.0, 1.0, 1.0, -1.0, 2.0, 2.0, 2.0, 0.0, 1.0, 3.0, 0.0, 0.0, 0.0, 1.0, 0.0, 0.0, 1.0, 3.0, 3.0, 3.0, 1.0, 2.0, 0.0, 0.0, -1.0, 0.0, 1.0, 0.0, 0.0, 1.0, 0.0, 0.0, 2.0, 3.0, 1.0, 2.0, 2.0, 3.0, 2.0, 1.0, 690.0, 99346.0
2.0, 3.0, 1.0, 2.0, 3.0, 2.0, 2.0, 1.0, 1.0, 2.0, 1.0, 1.0, 1.0, -1.0, 2.0, 1.0, 2.0, 0.0, 1.0, 3.0, 0.0, 0.0, 0.0, 2.0, 0.0, 0.0, 1.0, 3.0, 3.0, 3.0, 1.0, 2.0, 0.0, 0.0, -1.0, 0.0, 1.0, 0.0, 0.0, 1.0, 0.0, 0.0, 2.0, 3.0, 1.0, 2.0, 2.0, 3.0, 2.0, 1.0, 690.0, 99346.0
2.0, 3.0, 1.0, 2.0, 3.0, 2.0, 2.0, 1.0, 1.0, 2.0, 1.0, 1.0, 1.0, -1.0, 2.0, 2.0, 2.0, 0.0, 1.0, 3.0, 0.0, 0.0, 0.0, 1.0, 0.0, 0.0, 1.0, 3.0, 3.0, 3.0, 1.0, 2.0, 0.0, 0.0, -1.0, 0.0, 1.0, 0.0, 0.0, 1.0, 0.0, 0.0, 2.0, 3.0, 1.0, 2.0, 2.0, 3.0, 2.0, 1.0, 690.0, 99346.0
2.0, 3.0, 1.0, 2.0, 3.0, 2.0, 2.0, 1.0, 1.0, 2.0, 1.0, 1.0, 1.0, -1.0, 2.0, 2.0, 2.0, 0.0, 1.0, 3.0, 0.0, 0.0, 0.0, 1.0, 0.0, 0.0, 1.0, 3.0, 3.0, 3.0, 1.0, 2.0, 0.0, 0.0, -1.0, 0.0, 1.0, 0.0, 0.0, 1.0, 0.0, 0.0, 2.0, 3.0, 1.0, 2.0, 2.0, 3.0, 2.0, 1.0, 690.0, 99346.0
2.0, 3.0, 1.0, 2.0, 3.0, 2.0, 2.0, 1.0, 1.0, 2.0, 1.0, 1.0, 1.0, -1.0, 2.0, 2.0, 2.0, 0.0, 1.0, 3.0, 0.0, 0.0, 0.0, 1.0, 0.0, 0.0, 1.0, 3.0, 3.0, 3.0, 1.0, 2.0, 0.0, 0.0, -1.0, 0.0, 1.0, 0.0, 0.0, 1.0, 0.0, 0.0, 2.0, 3.0, 1.0, 2.0, 2.0, 3.0, 2.0, 1.0, 690.0, 99346.0
2.0, 3.0, 1.0, 2.0, 3.0, 2.0, 2.0, 1.0, 1.0, 2.0, 1.0, 1.0, 1.0, -1.0, 2.0, 2.0, 2.0, 0.0, 1.0, 3.0, 0.0, 0.0, 0.0, 1.0, 0.0, 0.0, 1.0, 3.0, 3.0, 3.0, 1.0, 2.0, 0.0, 0.0, -1.0, 0.0, 1.0, 0.0, 0.0, 1.0, 0.0, 0.0, 2.0, 3.0, 1.0, 2.0, 2.0, 3.0, 2.0, 1.0, 690.0, 99346.0
2.0, 3.0, 1.0, 2.0, 3.0, 2.0, 2.0, 1.0, 1.0, 2.0, 1.0, 1.0, 1.0, -1.0, 2.0, 2.0, 2.0, 0.0, 1.0, 3.0, 0.0, 0.0, 0.0, 1.0, 0.0, 0.0, 1.0, 3.0, 3.0, 3.0, 1.0, 2.0, 0.0, 0.0, -1.0, 0.0, 1.0, 0.0, 0.0, 1.0, 0.0, 0.0, 2.0, 3.0, 1.0, 2.0, 2.0, 3.0, 2.0, 1.0, 690.0, 99346.0
2.0, 3.0, 1.0, 2.0, 3.0, 2.0, 2.0, 1.0, 1.0, 2.0, 1.0, 1.0, 1.0, -1.0, 2.0, 2.0, 2.0, 0.0, 1.0, 3.0, 0.0, 0.0, 0.0, 1.0, 0.0, 0.0, 1.0, 3.0, 3.0, 3.0, 1.0, 2.0, 0.0, 0.0, -1.0, 0.0, 1.0, 0.0, 0.0, 1.0, 0.0, 0.0, 2.0, 3.0, 1.0, 2.0, 2.0, 3.0, 2.0, 1.0, 690.0, 99346.0
2.0, 3.0, 1.0, 2.0, 3.0, 2.0, 2.0, 1.0, 1.0, 2.0, 1.0, 1.0, 1.0, -1.0, 2.0, 2.0, 2.0, 0.0, 1.0, 3.0, 0.0, 0.0, 0.0, 1.0, 0.0, 0.0, 1.0, 3.0, 3.0, 3.0, 1.0, 2.0, 0.0, 0.0, -1.0, 0.0, 1.0, 0.0, 0.0, 1.0, 0.0, 0.0, 2.0, 3.0, 1.0, 2.0, 2.0, 3.0, 2.0, 1.0, 690.0, 99346.0
2.0, 3.0, 1.0, 2.0, 3.0, 2.0, 2.0, 1.0, 1.0, 2.0, 1.0, 1.0, 1.0, -1.0, 2.0, 2.0, 2.0, 0.0, 1.0, 3.0, 0.0, 0.0, 0.0, 1.0, 0.0, 0.0, 1.0, 3.0, 3.0, 3.0, 1.0, 2.0, 0.0, 0.0, -1.0, 0.0, 1.0, 0.0, 0.0, 1.0, 0.0, 0.0, 2.0, 3.0, 1.0, 2.0, 2.0, 3.0, 2.0, 1.0, 690.0, 99346.0
2.0, 3.0, 1.0, 2.0, 3.0, 2.0, 2.0, 1.0, 1.0, 2.0, 1.0, 1.0, 1.0, -1.0, 2.0, 2.0, 2.0, 0.0, 1.0, 3.0, 0.0, 0.0, 0.0, 1.0, 0.0, 0.0, 1.0, 3.0, 3.0, 3.0, 1.0, 2.0, 0.0, 0.0, -1.0, 0.0, 1.0, 0.0, 0.0, 1.0, 0.0, 0.0, 2.0, 3.0, 1.0, 2.0, 2.0, 3.0, 2.0, 1.0, 690.0, 99346.0
2.0, 3.0, 1.0, 2.0, 3.0, 2.0, 2.0, 1.0, 1.0, 2.0, 1.0, 1.0, 1.0, -1.0, 2.0, 2.0, 2.0, 0.0, 1.0, 3.0, 0.0, 0.0, 0.0, 1.0, 0.0, 0.0, 1.0, 3.0, 3.0, 3.0, 1.0, 2.0, 0.0, 0.0, -1.0, 0.0, 1.0, 0.0, 0.0, 1.0, 0.0, 0.0, 2.0, 3.0, 1.0, 2.0, 2.0, 3.0, 2.0, 1.0, 690.0, 99346.0
2.0, 3.0, 1.0, 2.0, 3.0, 2.0, 2.0, 1.0, 1.0, 2.0, 1.0, 1.0, 1.0, -1.0, 2.0, 2.0, 2.0, 0.0, 1.0, 3.0, 0.0, 0.0, 0.0, 1.0, 0.0, 0.0, 1.0, 3.0, 3.0, 3.0, 1.0, 2.0, 0.0, 0.0, -1.0, 0.0, 1.0, 0.0, 0.0, 1.0, 0.0, 0.0, 2.0, 3.0, 1.0, 2.0, 2.0, 3.0, 2.0, 1.0, 690.0, 99346.0
