0.535940501291, 1.1407160133, 6.15495636635, 0.480509686186, 23.5298025776, 45.9288626776, 2.5496174097, 1.99565514756, 32.5100263018, 0.459910289123, 0.0918367346939
0.636229842993, 1.14901142588, 2.88283619441, 0.34909361387, 20.8083298438, 45.3722447045, 2.26182747144, 1.207146044, 41.0021263178, 0.391313486221, 0.347619047619
0.541173405466, 0.940349298289, 7.17882051341, 0.41604171981, 33.7268383379, 45.5252223785, 2.3403697902, 1.48150569277, 30.4743838053, 0.452290205696, 0.234482758621
0.501041672471, 1.25599289489, 3.74559826703, 0.249376799763, 34.89672588, 40.5274583316, 2.84136276822, 1.58969124376, 36.7327250142, 0.388443455352, 0.45251396648
0.500759654527, 0.870719210777, 7.05031739299, 0.403741529355, 16.4042102035, 46.1637396807, 2.03321803294, 3.70674096985, 21.2912095553, 0.464348263849, 0.00704225352113
0.637660837678, 1.01316678642, 7.85662969104, 0.478309845864, 46.5956236224, 40.7052074802, 2.52759029531, 1.00582904478, 30.0567698581, 0.472168246173, 0.0
0.501041672471, 1.22308849446, 3.74559826703, 0.249376799763, 34.89672588, 40.4314097725, 2.84136276822, 2.66422717191, 36.7327250142, 0.457602735699, 0.228187919463
0.636229842993, 1.14901142588, 2.88283619441, 0.34909361387, 24.5986439976, 42.2640093364, 2.26182747144, 1.207146044, 41.0021263178, 0.412049103705, 0.421524663677
0.535940501291, 1.1407160133, 6.15495636635, 0.480509686186, 23.5298025776, 42.4559552567, 2.5496174097, 1.207146044, 32.5100263018, 0.453607172817, 0.336538461538
0.529441229458, 0.943688742116, 7.80520170019, 0.241951745094, 5.2146343461, 47.687938962, 3.56840239392, 1.5869959166, 32.5088722614, 0.452621156536, 0.398198198198
0.636229842993, 1.14901142588, 2.88283619441, 0.34909361387, 24.5986439976, 45.9288626776, 2.26182747144, 1.99565514756, 41.0021263178, 0.454046015945, 0.325892857143
0.501041672471, 1.25599289489, 3.74559826703, 0.249376799763, 34.89672588, 40.5274583316, 2.84136276822, 1.58969124376, 36.7327250142, 0.394564486284, 0.547619047619
0.607752477436, 1.08240110831, 5.53622849053, 0.311201394916, 46.5956236224, 44.4921201567, 2.08883663914, 2.37442936056, 27.7756107207, 0.466783419629, 0.0615384615385
0.535940501291, 0.838588884316, 6.15495636635, 0.480509686186, 49.1137603901, 41.2124893675, 2.28375970322, 1.99565514756, 32.5100263018, 0.484253380462, 0.0
0.516837769441, 1.21892313043, 7.80520170019, 0.241951745094, 5.2146343461, 47.687938962, 3.56840239392, 1.5869959166, 32.5088722614, 0.42260683121, 0.424615384615
0.503797852032, 1.07978967176, 3.33462746079, 0.213752854236, 42.0202434891, 45.0928963364, 3.07516774567, 1.20723626541, 30.3502472274, 0.421188221124, 0.529411764706
0.584153447632, 0.981784355487, 3.50787876212, 0.419088837445, 33.0383185843, 45.1592145858, 3.78600839609, 1.58969124376, 36.4405587305, 0.462336659159, 0.362760834671
0.542522577251, 0.873705972132, 3.48400735949, 0.435557733913, 23.6898492883, 49.3131853377, 2.88161981294, 1.1630920482, 29.3556575534, 0.406490567331, 0.584033613445
0.503797852032, 1.07978967176, 3.33462746079, 0.213752854236, 42.0202434891, 47.5809963739, 2.09051044516, 1.20723626541, 30.3502472274, 0.41051342716, 0.547738693467
0.637660837678, 1.01316678642, 7.58384368174, 0.478309845864, 24.7075492027, 40.7052074802, 2.52759029531, 1.00582904478, 43.1824711879, 0.401610960495, 0.662613981763
0.501041672471, 1.22308849446, 3.74559826703, 0.249376799763, 34.89672588, 40.5274583316, 2.84136276822, 2.66422717191, 36.7327250142, 0.469129644591, 0.0808080808081
0.536770172398, 1.05908678925, 6.48039619115, 0.398098324753, 13.3319654706, 40.3312047181, 2.84517455764, 4.39809349717, 24.5113091186, 0.503809265103, 0.0
0.541173405466, 1.10511934726, 7.17882051341, 0.41604171981, 33.7268383379, 45.5252223785, 3.01662659922, 4.6566066969, 30.4743838053, 0.494545448283, 0.0134770889488
0.503797852032, 1.2139766068, 3.33462746079, 0.399273767342, 5.2146343461, 45.0928963364, 3.07516774567, 1.20723626541, 30.3502472274, 0.430451466261, 0.480597014925
0.636229842993, 1.14901142588, 2.88283619441, 0.34909361387, 24.5986439976, 45.9288626776, 2.26182747144, 1.99565514756, 41.0021263178, 0.446631797318, 0.457777777778
0.506695606191, 0.943688742116, 7.80520170019, 0.399273767342, 5.2146343461, 43.8116006775, 3.92470294236, 1.77293165821, 32.5088722614, 0.44110248275, 0.468956406869
0.539758617557, 0.954779394371, 4.83312310793, 0.303902112141, 8.9391729645, 45.6571160663, 2.38924104915, 1.68576998429, 28.4633734217, 0.468431082144, 0.367768595041
0.530916238904, 1.22617405638, 7.96584305571, 0.246191116277, 10.7304391622, 45.1592145858, 3.7959088884, 1.60581336708, 36.3983756842, 0.464136189038, 0.398625429553
0.567211317178, 0.954779394371, 4.83312310793, 0.2967274313, 8.9391729645, 45.6571160663, 2.46974920877, 1.68576998429, 28.4633734217, 0.410116098683, 0.608478802993
0.529441229458, 0.943688742116, 7.80520170019, 0.241951745094, 5.2146343461, 46.9763090835, 3.56840239392, 1.5869959166, 32.5088722614, 0.424773236996, 0.577253218884
0.535940501291, 1.02659816397, 6.15495636635, 0.404275556877, 23.5298025776, 42.4559552567, 2.20208187736, 1.207146044, 32.5100263018, 0.420051842629, 0.593939393939
0.5580657082, 1.00063125627, 4.11186503734, 0.230703210205, 47.8081838563, 48.692168607, 3.09032953731, 1.71132839371, 30.8319734926, 0.475046260079, 0.206572769953
0.566352894405, 0.950920634753, 3.50787876212, 0.419088837445, 24.5788160785, 42.4906021412, 3.78600839609, 1.58969124376, 36.4405587305, 0.474974431343, 0.360347322721
0.511662855009, 1.11277227187, 5.69289329003, 0.300874816122, 3.22108744182, 44.3586815058, 3.73875620242, 1.41419435061, 22.4955963765, 0.478719007011, 0.167115902965
0.597547556096, 0.950536099756, 5.66716102287, 0.367543413588, 39.2222504863, 46.3017085385, 2.96465553155, 1.48150569277, 41.1124374341, 0.514146696188, 0.0
0.600943390188, 1.04342676551, 7.97616530368, 0.384053457671, 5.7288051138, 41.6371762874, 2.03313824901, 2.67492258803, 20.1885917691, 0.494689976314, 0.0412371134021
0.535940501291, 1.1407160133, 6.15495636635, 0.480509686186, 23.5298025776, 45.9288626776, 2.5496174097, 1.207146044, 32.5100263018, 0.433498714307, 0.527638190955
0.550747464881, 0.930010923434, 4.11186503734, 0.260609882781, 0.736036837256, 47.4845698108, 3.88495314809, 1.80088345648, 31.4208683726, 0.463417634929, 0.494661921708
0.637660837678, 1.01316678642, 7.58384368174, 0.478309845864, 28.3906230808, 40.7052074802, 2.52759029531, 1.00582904478, 43.1824711879, 0.450715611996, 0.504
0.560414736342, 0.930010923434, 7.62409884696, 0.260609882781, 0.736036837256, 47.4845698108, 3.88495314809, 1.80088345648, 31.4208683726, 0.441579458326, 0.511921458626
0.540822523884, 1.13073444908, 5.77544084212, 0.454719023175, 19.7018072887, 46.642622298, 3.1685407036, 1.77293165821, 35.273880284, 0.451739235219, 0.495085995086
0.567211317178, 0.954779394371, 4.83312310793, 0.2967274313, 8.9391729645, 45.6571160663, 2.46974920877, 1.68576998429, 28.4633734217, 0.47414498605, 0.391812865497
0.652235876495, 1.22187319333, 7.57384847883, 0.399273767342, 19.7018072887, 46.642622298, 3.1685407036, 1.77293165821, 35.273880284, 0.467713030236, 0.470511140236
0.57935188787, 1.08015847125, 3.35086780712, 0.385057168684, 20.4346345572, 44.3706043657, 3.65796999942, 1.96891266547, 26.4656130775, 0.468044137084, 0.461146496815
0.529441229458, 0.943688742116, 7.80520170019, 0.241951745094, 5.2146343461, 42.8290534945, 3.56840239392, 1.5869959166, 32.5088722614, 0.416093753887, 0.641067097817
0.503771418724, 0.943688742116, 7.80520170019, 0.213752854236, 42.0202434891, 43.8116006775, 3.92470294236, 1.77293165821, 32.5088722614, 0.424602054867, 0.608208955224
0.503797852032, 1.07978967176, 3.33462746079, 0.213752854236, 42.0202434891, 47.5809963739, 3.07516774567, 1.20723626541, 30.3502472274, 0.475466328094, 0.273942093541
0.526928996168, 1.25921002988, 3.72630961081, 0.231556605254, 29.75507306, 41.7243402818, 2.64285232302, 1.69818667715, 21.1875494108, 0.485214583661, 0.206060606061
0.540822523884, 1.22187319333, 7.52333830038, 0.454719023175, 19.7018072887, 46.642622298, 3.1685407036, 1.77293165821, 35.273880284, 0.523415876958, 0.0
0.572990061188, 1.20726711243, 7.40925981042, 0.232357296679, 39.1058137649, 42.0226892542, 3.66237842498, 0.396769703881, 39.2604979174, 0.522038577706, 0.0328282828283
0.584153447632, 1.02382028729, 7.29562520671, 0.256149425039, 39.8640812453, 46.9092886127, 2.82226728826, 0.432013534387, 23.6000248388, 0.496122462942, 0.0849056603774
0.560414736342, 1.10048198498, 6.28924476518, 0.319391951426, 41.6135201008, 44.2320596019, 3.88495314809, 1.80088345648, 41.1628736935, 0.495762922434, 0.133704735376
0.511662855009, 1.11277227187, 5.69289329003, 0.300874816122, 9.91347988772, 44.3586815058, 3.73875620242, 4.78976938647, 22.4955963765, 0.507264310348, 0.0501253132832
0.5580657082, 1.00063125627, 4.11186503734, 0.230703210205, 47.8081838563, 48.692168607, 3.09032953731, 1.71132839371, 30.8319734926, 0.436630205892, 0.533258173619
0.526928996168, 1.25921002988, 3.72630961081, 0.231556605254, 29.75507306, 41.7243402818, 2.64285232302, 1.69818667715, 21.1875494108, 0.443121978231, 0.53036437247
0.600943390188, 1.13706088404, 5.28652713238, 0.270317896499, 24.3236186797, 45.2492073813, 3.92253512381, 1.77692590563, 37.4630374137, 0.458817764657, 0.514030612245
0.566352894405, 0.950920634753, 3.50787876212, 0.419088837445, 33.0383185843, 42.4906021412, 3.78600839609, 1.58969124376, 36.4405587305, 0.460930100106, 0.507874015748
0.542522577251, 0.873705972132, 3.48400735949, 0.435557733913, 23.6898492883, 49.3131853377, 2.12391665145, 1.1630920482, 29.3556575534, 0.46432702164, 0.496453900709
0.882374074827, 1.1344891495, 4.92108892297, 0.215480868576, 46.2053694609, 43.1466177788, 2.82444249908, 1.06998671758, 22.1408762651, 0.462114839158, 0.504672897196
0.725948085784, 1.10234020671, 5.69289329003, 0.262037106532, 15.3223064365, 48.6356621057, 3.20733928896, 1.41419435061, 30.0924723813, 0.473369123327, 0.493333333333
0.506695606191, 0.943688742116, 7.80520170019, 0.241951745094, 5.2146343461, 43.8116006775, 3.92470294236, 1.5869959166, 32.5088722614, 0.417481450709, 0.649315068493
0.652235876495, 1.05975342539, 5.89899736164, 0.454719023175, 46.4862750993, 46.642622298, 3.1685407036, 1.77293165821, 35.273880284, 0.425223081338, 0.63109475621
0.597547556096, 0.950536099756, 3.70501723526, 0.373935234844, 39.2222504863, 46.3017085385, 3.07516774567, 1.48150569277, 41.1124374341, 0.428485103231, 0.61242845462
0.636229842993, 1.14901142588, 2.88283619441, 0.34909361387, 24.5986439976, 45.3722447045, 2.26182747144, 1.207146044, 41.0021263178, 0.481701295426, 0.3625
0.716711420433, 1.13706088404, 5.28652713238, 0.270317896499, 22.4298398119, 45.2492073813, 2.28836559182, 1.77692590563, 29.8302571058, 0.476422126562, 0.38202247191
0.637660837678, 1.01316678642, 7.58384368174, 0.478309845864, 28.3906230808, 40.7052074802, 2.52759029531, 1.00582904478, 43.1824711879, 0.481508222929, 0.369863013699
0.600943390188, 1.04342676551, 7.98946090875, 0.384053457671, 40.2317778558, 41.6371762874, 3.92253512381, 1.38379503036, 20.1885917691, 0.486403780937, 0.314345991561
0.878555746771, 0.820890546144, 5.70278331132, 0.364298053263, 8.03556234094, 46.1644558339, 2.13953363816, 1.73050332261, 20.2864222124, 0.489964015089, 0.284090909091
0.597547556096, 0.950536099756, 5.66716102287, 0.373935234844, 39.2222504863, 46.3017085385, 2.19005735199, 1.48150569277, 41.1124374341, 0.525344289569, 0.0
0.566352894405, 0.828517818962, 3.50787876212, 0.419088837445, 33.0383185843, 45.1592145858, 3.78600839609, 1.58969124376, 36.4405587305, 0.522230148688, 0.0344827586207
0.5580657082, 0.943688742116, 4.11186503734, 0.230703210205, 5.2146343461, 48.692168607, 2.40253216623, 1.71132839371, 30.8319734926, 0.496540552152, 0.191176470588
0.560414736342, 0.930010923434, 6.28924476518, 0.371037177659, 0.736036837256, 47.4845698108, 3.88495314809, 1.80088345648, 31.4208683726, 0.507863296014, 0.0769230769231
0.511662855009, 1.04486646418, 5.69289329003, 0.300874816122, 3.22108744182, 45.5828017997, 3.80672248248, 1.41419435061, 27.2015167264, 0.437412859972, 0.556783919598
0.725948085784, 1.10917242361, 2.05504354747, 0.262037106532, 32.6568207931, 48.6356621057, 3.20733928896, 1.41419435061, 30.0924723813, 0.473898385214, 0.505896226415
0.637660837678, 1.05375501692, 7.58384368174, 0.435557733913, 24.7075492027, 40.7052074802, 2.52759029531, 1.00582904478, 43.1824711879, 0.473692258567, 0.507299270073
0.567211317178, 1.22187319333, 4.83312310793, 0.2967274313, 8.9391729645, 45.6571160663, 2.46974920877, 1.68576998429, 28.4633734217, 0.42318632774, 0.675159235669
0.541173405466, 1.10511934726, 7.17882051341, 0.41604171981, 33.7268383379, 45.5252223785, 3.01662659922, 1.48150569277, 30.4743838053, 0.432079910369, 0.637168141593
0.600943390188, 1.04342676551, 7.98946090875, 0.463013423233, 13.2595685899, 41.6371762874, 3.92253512381, 1.38379503036, 20.1885917691, 0.477333994054, 0.386430678466
0.667223825552, 1.10234020671, 5.03356970735, 0.262037106532, 15.3223064365, 48.6356621057, 3.20733928896, 1.41419435061, 30.0924723813, 0.484760470552, 0.372424722662
0.607752477436, 0.838588884316, 6.15495636635, 0.480509686186, 49.1137603901, 41.2124893675, 2.28375970322, 1.99565514756, 31.3914931473, 0.486936971419, 0.352941176471
0.616282869823, 0.873710037654, 2.00351919749, 0.253527269628, 21.0737231186, 45.0928963364, 3.43561161306, 1.21597404514, 31.1449098353, 0.492164772513, 0.333333333333
0.541173405466, 0.911455469525, 3.89066026743, 0.448040706914, 42.0522369195, 42.4826365845, 3.98508898308, 3.50983139689, 35.042039498, 0.529041692647, 0.010989010989
0.751747804098, 0.835819726511, 3.65836032815, 0.367543413588, 46.3907195454, 45.8998981144, 2.96465553155, 1.14025853419, 36.6227311477, 0.551605636717, 0.0
0.581230506094, 1.0265344202, 7.64035848978, 0.319391951426, 41.6135201008, 43.1166475505, 3.96609266051, 0.33691979324, 41.1628736935, 0.542954334635, 0.00518134715026
0.57935188787, 1.08015847125, 3.23783918349, 0.248104520279, 20.4346345572, 46.0094242014, 3.65796999942, 1.96891266547, 31.2338332933, 0.501026312557, 0.262210796915
0.541173405466, 1.17551560914, 7.17882051341, 0.41604171981, 13.3319654706, 40.3312047181, 3.01662659922, 4.6566066969, 24.5113091186, 0.509010249511, 0.102296450939
0.716711420433, 1.13706088404, 5.28652713238, 0.270317896499, 22.4298398119, 45.2492073813, 2.28836559182, 1.2537133016, 29.8302571058, 0.508572687503, 0.127819548872
0.566352894405, 0.950920634753, 3.50787876212, 0.458560249968, 33.0383185843, 42.4906021412, 3.78600839609, 2.66422717191, 36.4405587305, 0.519185631931, 0.101545253863
0.541173405466, 0.911455469525, 3.89066026743, 0.448040706914, 42.0522369195, 42.4826365845, 3.71215923003, 3.50983139689, 35.042039498, 0.528573014342, 0.0936708860759
0.723658043851, 0.940349298289, 3.83575752579, 0.292603883115, 42.4740920622, 44.3737827286, 2.3403697902, 1.67890543502, 21.5094634929, 0.441076526554, 0.629283489097
0.777622943124, 1.03233758928, 4.10134532329, 0.471113896443, 35.5760813916, 49.3094285711, 2.67610786345, 4.68736910708, 28.8306378598, 0.569852965166, 0.0
0.54843915593, 0.972273871135, 3.48400735949, 0.352222518015, 4.2869458753, 48.4531401619, 2.06572747603, 3.68782321286, 27.7743620327, 0.509884396079, 0.197080291971
0.728329802412, 1.24870691222, 5.6648138382, 0.325949766871, 30.3010313926, 48.3784421535, 2.21637810387, 1.9857317372, 22.1011891309, 0.498871767378, 0.357142857143
0.560414736342, 0.873705972132, 6.3097172722, 0.435557733913, 23.6898492883, 49.7418029606, 2.12391665145, 1.80088345648, 29.3556575534, 0.530360759728, 0.0294117647059
0.652235876495, 1.22187319333, 7.72429648877, 0.399273767342, 19.7018072887, 46.642622298, 3.1685407036, 1.77293165821, 35.273880284, 0.515520998244, 0.122905027933
0.5580657082, 1.00063125627, 4.11186503734, 0.230703210205, 47.8081838563, 48.692168607, 3.09032953731, 1.71132839371, 30.8319734926, 0.47321248391, 0.559217301751
0.680663259466, 1.01316678642, 2.69817253138, 0.478309845864, 7.94479952702, 41.1415080453, 3.45625476635, 0.361019032093, 27.8676595264, 0.55791212583, 0.0042194092827
0.503797852032, 1.07978967176, 3.33462746079, 0.373935234844, 42.0202434891, 47.5809963739, 3.07516774567, 3.25555897591, 30.3502472274, 0.537590921914, 0.0125
0.535940501291, 0.827866150381, 6.15495636635, 0.480509686186, 38.4706146758, 41.2124893675, 2.19224976494, 1.99565514756, 32.5100263018, 0.444118565025, 0.560224089636
0.616282869823, 0.873710037654, 2.00351919749, 0.253527269628, 21.0737231186, 45.0928963364, 2.81140389436, 1.21597404514, 31.1449098353, 0.485782087077, 0.441860465116
