0.68636242089, 1.16288496307, 84.5847434961, 0.619628430936, 73.9716917957, 21.4032463183, 0.625387915425, 0.0309718896417, 1.6015490266, 8256.36828913, 0.0
0.198386333676, 0.844146444639, 86.0264063987, 0.46641312185, 45.4167427693, 4.49370137505, 0.906105149976, 3.39388986565, 6.63782730639, 2516.95610423, 2.22044604925e-16
0.198386333676, 0.851163520842, 86.0264063987, 0.46641312185, 45.4167427693, 2.03051241857, 0.906105149976, 3.39388986565, 13.1177777178, 2307.71005502, 0.00984559531513
0.478048436637, 0.829527872324, 88.1405383666, 0.586024865861, 19.4046406603, 11.8646716526, 0.378284712422, 2.23892701478, 10.6962943905, 1029.07438978, 0.343292963796
0.125146710536, 0.851163520842, 88.1405383666, 0.566714290646, 67.8812724713, 1.25170532937, 0.378284712422, 4.46503088644, 14.185256939, 2205.09858822, 0.0108769343284
0.478048436637, 0.829527872324, 86.4471388398, 0.586024865861, 71.9610368464, 1.22548793444, 0.378284712422, 1.49660786439, 2.99376365687, 1293.00224737, 0.03366316348
0.304593981909, 0.843546995551, 83.7540239156, 0.47879076379, 61.589781371, 2.68592916695, 0.66383789863, 2.3447909136, 5.49447338937, 1107.6896366, 0.0404909999563
0.256652121572, 0.837781170723, 84.066192802, 0.693453749421, 44.6322914819, 1.25170532937, 0.526030546798, 1.42454273324, 4.70768856222, 1703.52355286, 0.0289162071358
0.206304100633, 0.862316760164, 84.7029855416, 0.663330421494, 58.5464951273, 1.25170532937, 0.378284712422, 0.625879240781, 2.41315030918, 2424.53924043, 0.00443703156117
0.206304100633, 0.851163520842, 85.133293966, 0.684756029204, 52.5823745807, 1.25170532937, 0.885144619093, 0.625879240781, 2.41315030918, 1852.62500576, 0.0163849614417
0.478048436637, 0.829527872324, 86.4471388398, 0.586024865861, 84.7982130683, 11.8646716526, 0.378284712422, 2.23892701478, 2.99376365687, 1012.64253677, 0.460527165319
0.285126491395, 0.858579432969, 80.6663656811, 0.428803811888, 74.2983807204, 5.13251041553, 0.52544176645, 2.21736789798, 11.7428258887, 1965.90250601, 0.0214306621596
0.285126491395, 0.851163520842, 80.6663656811, 0.65211887075, 59.7182509017, 1.25170532937, 0.158441416366, 2.21736789798, 11.7428258887, 2090.03480843, 0.0170273893614
0.862316671436, 0.822385534326, 87.3755504864, 0.663330421494, 58.5464951273, 24.8476450699, 0.534118888601, 3.97979263114, 8.15007553508, 1244.57914755, 0.178714713821
0.206304100633, 0.832940855775, 85.0753756244, 0.628153585312, 40.8640439101, 49.7545055216, 0.765839423353, 3.71834841889, 6.38187684801, 1277.18698381, 0.120618181638
0.189035133116, 0.861728305066, 80.3246266459, 0.60956508701, 60.6140358697, 37.3281449457, 0.0478783427215, 4.45162423581, 2.29674475558, 1124.59472268, 0.358423200539
0.48207393567, 0.832940855775, 87.23068988, 0.628153585312, 40.8640439101, 12.5189818295, 0.765839423353, 3.71834841889, 6.38187684801, 1219.40091702, 0.428491343241
0.863445615772, 0.822270617055, 81.9235798554, 0.664286516992, 21.0185247165, 45.0330295277, 0.842335119688, 2.40190148759, 4.34535872701, 1220.06272136, 0.390508595506
0.514803079808, 0.829527872324, 86.4471388398, 0.586024865861, 51.4510436755, 1.35879678398, 0.378284712422, 0.440272112483, 2.99376365687, 1738.45844968, 0.0338240188986
0.189035133116, 0.829527872324, 86.4471388398, 0.586024865861, 71.9610368464, 1.22548793444, 0.378284712422, 1.49660786439, 2.99376365687, 3319.68214535, 0.00735812390772
0.206304100633, 0.859057086973, 85.133293966, 0.693019779885, 52.5823745807, 1.25170532937, 1.64517738259, 4.99340017353, 4.70768856222, 4018.10315541, 0.00646686125527
0.206304100633, 0.851163520842, 81.6401942167, 0.684756029204, 63.4026150519, 1.11908979017, 1.65114546658, 0.625879240781, 4.70768856222, 3244.96275418, 0.00756717053565
0.169073582673, 0.822925519799, 80.6663656811, 0.471379103831, 50.0414818641, 5.00167378559, 0.601626025461, 3.06681619606, 4.70768856222, 1426.05938638, 0.070331962451
0.478048436637, 0.820548158432, 83.1416504583, 0.663330421494, 47.6059072669, 1.25170532937, 0.378284712422, 2.23892701478, 10.6962943905, 1503.38876353, 0.0491199663091
0.206304100633, 0.851163520842, 85.133293966, 0.684756029204, 52.5823745807, 1.25170532937, 1.65114546658, 0.625879240781, 4.70768856222, 4646.14942444, 0.00724734784984
0.169073582673, 0.904100458396, 85.133293966, 0.684756029204, 89.2727034248, 1.25170532937, 1.64517738259, 1.13684163007, 4.70768856222, 6160.77256241, 0.00725238325668
0.261503136777, 0.832309409598, 87.23068988, 0.628153585312, 80.9703248674, 10.6648583074, 0.894952325822, 4.01156946568, 15.3034930646, 1354.52120669, 0.161462308973
0.514803079808, 0.829527872324, 86.4471388398, 0.586024865861, 51.4510436755, 1.35879678398, 0.378284712422, 0.440272112483, 2.99376365687, 1498.0414387, 0.0804574060018
0.304593981909, 0.843546995551, 83.7540239156, 0.47879076379, 61.589781371, 2.68592916695, 0.66383789863, 2.3447909136, 1.73205321742, 1724.17664231, 0.0411525752684
0.256652121572, 0.837781170723, 88.7196319846, 0.60956508701, 44.6322914819, 1.25170532937, 0.526030546798, 1.42454273324, 11.3464845513, 2569.5798992, 0.0106747514667
0.125146710536, 0.851163520842, 85.0753756244, 0.566714290646, 67.8812724713, 1.25170532937, 0.765839423353, 4.46503088644, 14.185256939, 2514.63033988, 0.0122801504133
0.206304100633, 0.859774327692, 85.133293966, 0.698012202158, 52.5823745807, 1.25170532937, 1.65114546658, 0.625879240781, 5.49447338937, 4033.31160242, 0.00905469942845
0.213997756516, 0.837781170723, 85.5989439161, 0.663330421494, 44.6322914819, 18.4185282083, 0.30187538399, 2.87701333177, 1.49417834202, 1867.44606342, 0.0340448811717
0.206304100633, 0.859774327692, 84.3550838485, 0.684756029204, 52.5823745807, 1.25170532937, 1.65114546658, 0.625879240781, 5.49447338937, 4584.62820471, 0.00915938618003
0.206304100633, 0.822385534326, 84.9399941805, 0.449745103917, 51.4510436755, 1.35879678398, 0.0168282176299, 2.1247033422, 4.23229669258, 2356.03835108, 0.0179496164358
0.169073582673, 0.904100458396, 83.1416504583, 0.684756029204, 89.2727034248, 1.25170532937, 1.64517738259, 1.13684163007, 4.70768856222, 4001.64813014, 0.0104859552603
0.871530823842, 0.82652655774, 84.066192802, 0.566066767956, 98.4292206498, 16.7210151561, 0.949497914915, 3.93233193904, 14.114978, 1305.1170377, 0.628487711598
0.896932877856, 0.822270617055, 81.4861781403, 0.66621623887, 44.584394059, 45.0330295277, 0.842335119688, 2.40190148759, 4.34535872701, 1316.58221606, 0.672422943009
0.125146710536, 0.851163520842, 88.1405383666, 0.593085615082, 67.8812724713, 1.35879678398, 0.378284712422, 4.46503088644, 14.185256939, 2524.63982076, 0.0136975817023
0.478048436637, 0.897818042281, 90.4290641204, 0.684756029204, 45.4167427693, 1.25170532937, 0.378284712422, 2.23892701478, 7.9644625909, 2473.57071202, 0.0179471740919
0.198386333676, 0.851163520842, 86.0264063987, 0.46641312185, 45.4167427693, 16.2966788946, 0.906105149976, 3.39388986565, 13.1177777178, 1592.23722434, 0.120999386654
0.478048436637, 0.820548158432, 83.1416504583, 0.663330421494, 47.6059072669, 1.25170532937, 0.378284712422, 2.23892701478, 10.6962943905, 1768.88428732, 0.0590439743309
0.478048436637, 0.829527872324, 88.1405383666, 0.586024865861, 19.4046406603, 11.8646716526, 0.378284712422, 2.23892701478, 10.6962943905, 1358.60944718, 0.438802209447
0.863445615772, 0.822270617055, 94.3014261688, 0.664286516992, 21.0185247165, 15.7758128877, 0.842335119688, 2.40190148759, 4.34535872701, 1472.81304825, 0.343479818848
0.285126491395, 0.822385534326, 80.6663656811, 0.625094782643, 58.5464951273, 5.13251041553, 0.52544176645, 2.21736789798, 11.7428258887, 1714.96255574, 0.0871304201176
0.862316671436, 0.822385534326, 87.3755504864, 0.625094782643, 58.5464951273, 24.8476450699, 0.534118888601, 1.65338682236, 8.15007553508, 1401.50434441, 0.509071534291
0.186812868642, 0.888772187888, 83.7540239156, 0.47879076379, 61.589781371, 2.68592916695, 0.66383789863, 2.3447909136, 1.73205321742, 2357.62640107, 0.0242124691588
0.206304100633, 1.24615275853, 84.9399941805, 0.449745103917, 51.4510436755, 1.35879678398, 0.0373577912788, 2.1247033422, 4.23229669258, 12275.3766061, 0.00994076926698
0.862316671436, 0.822385534326, 87.3755504864, 0.625094782643, 52.5823745807, 24.8476450699, 0.534118888601, 1.65338682236, 8.15007553508, 1421.34546126, 0.536167470478
0.206304100633, 0.859057086973, 85.133293966, 0.693019779885, 52.5823745807, 1.25170532937, 1.64517738259, 4.53743675125, 4.70768856222, 3008.4442035, 0.012798552906
0.169073582673, 0.822925519799, 80.6663656811, 0.471379103831, 50.0414818641, 5.00167378559, 0.601626025461, 3.06681619606, 4.70768856222, 1786.921975, 0.0610627335617
0.871530823842, 0.82652655774, 84.066192802, 0.566066767956, 66.8883419059, 16.7210151561, 0.548139149499, 3.93233193904, 17.6357764703, 1468.52763987, 0.39652326741
0.189035133116, 0.829527872324, 80.3246266459, 0.562728670794, 60.6140358697, 37.3281449457, 0.0478783427215, 3.39388986565, 2.99376365687, 1490.47642829, 0.387956739502
0.218175332166, 0.837781170723, 88.7196319846, 0.60956508701, 44.6322914819, 1.25170532937, 1.32260811622, 1.42454273324, 14.5133151823, 3663.35692123, 0.01174157539
0.206304100633, 0.862316760164, 84.7029855416, 0.684756029204, 52.5823745807, 1.25170532937, 1.32260811622, 0.625879240781, 2.41315030918, 3605.40596725, 0.0122385725816
0.206304100633, 0.851163520842, 81.6401942167, 0.551557661291, 52.5823745807, 1.25170532937, 1.50892051944, 0.625879240781, 4.70768856222, 3992.69075381, 0.0112619974451
0.256652121572, 0.837781170723, 88.7196319846, 0.684756029204, 44.6322914819, 1.25170532937, 0.526030546798, 1.42454273324, 4.70768856222, 2419.96119275, 0.0283917682479
0.285126491395, 0.858579432969, 80.6663656811, 0.65211887075, 59.7182509017, 5.13251041553, 0.52544176645, 2.21736789798, 11.7428258887, 1635.70608988, 0.166264943605
0.862316671436, 0.822385534326, 84.7247908635, 0.625094782643, 58.5464951273, 10.3973338336, 0.534118888601, 3.97979263114, 8.15007553508, 1507.38295084, 0.296657686691
0.48207393567, 0.832940855775, 87.23068988, 0.628153585312, 40.8640439101, 12.5189818295, 0.765839423353, 3.71834841889, 6.38187684801, 1556.00637849, 0.205436055468
0.358318292955, 0.843546995551, 83.7540239156, 0.43588211297, 31.2203136733, 24.5571886086, 0.66383789863, 2.3447909136, 2.31921886204, 1544.58420535, 0.24459199059
0.206304100633, 0.860147292318, 86.0264063987, 0.684756029204, 45.4167427693, 1.25170532937, 0.906105149976, 0.625879240781, 4.70768856222, 2586.39018622, 0.0156509617661
0.272274038768, 0.904100458396, 93.5428494208, 0.684756029204, 64.1827551978, 1.25170532937, 1.64517738259, 0.185326222528, 4.70768856222, 3913.71051266, 0.0122355370772
0.862316671436, 0.822385534326, 87.3755504864, 0.625094782643, 58.5464951273, 24.8476450699, 0.0814523850462, 3.97979263114, 8.15007553508, 1461.02769495, 0.598972005698
0.206304100633, 0.859774327692, 85.133293966, 0.684756029204, 52.5823745807, 1.25170532937, 1.65114546658, 0.625879240781, 7.9644625909, 3157.66703608, 0.0145457005815
0.261503136777, 0.862316760164, 87.23068988, 0.629505731329, 40.8640439101, 12.5189818295, 0.765839423353, 4.01156946568, 6.38187684801, 1752.54658367, 0.0955636931082
0.813190338879, 0.822270617055, 81.4861781403, 0.664286516992, 21.0185247165, 16.7210151561, 0.717263695819, 2.40190148759, 2.99376365687, 1565.67152854, 0.281998440585
0.198386333676, 0.851163520842, 86.0264063987, 0.46641312185, 45.4167427693, 1.83605580467, 0.906105149976, 3.39388986565, 13.1177777178, 2552.12880816, 0.0178485245161
0.206304100633, 0.862316760164, 84.7029855416, 0.663330421494, 52.5823745807, 1.25170532937, 0.378284712422, 0.625879240781, 2.41315030918, 2478.56797002, 0.0263874168529
0.198386333676, 0.849807559548, 86.0264063987, 0.46641312185, 45.4167427693, 16.2966788946, 0.906105149976, 3.39388986565, 13.1177777178, 1616.56245832, 0.271156141355
0.169073582673, 0.904100458396, 87.23068988, 0.684756029204, 89.2727034248, 1.25170532937, 1.64517738259, 1.13684163007, 4.70768856222, 6679.26256712, 0.0112614615229
0.206304100633, 0.822385534326, 85.133293966, 0.684756029204, 52.5823745807, 1.25170532937, 1.65114546658, 0.625879240781, 4.70768856222, 3650.73730302, 0.0130992537852
0.261503136777, 0.82652655774, 85.133293966, 0.566066767956, 66.8883419059, 16.7210151561, 0.625387915425, 3.93233193904, 17.6357764703, 1580.09780655, 0.31166446799
0.749932071226, 0.832940855775, 90.2548770078, 0.698019927131, 67.5958052963, 7.58372233396, 0.728828953518, 4.67567449343, 14.0002131565, 1684.87379331, 0.255939103158
0.478048436637, 0.904100458396, 88.1405383666, 0.586024865861, 17.7407619484, 1.25170532937, 0.378284712422, 2.23892701478, 4.70768856222, 2353.66696162, 0.0389666690053
0.218175332166, 1.0100557625, 93.6963964187, 0.684756029204, 52.5823745807, 1.25170532937, 1.64517738259, 0.625879240781, 11.0892706607, 7778.33444438, 0.0115920518015
0.506003809749, 0.859057086973, 80.2728486779, 0.501457496608, 88.8202719333, 12.4358484638, 0.180957979852, 3.24565882394, 16.3056116118, 1521.46047277, 0.412644469053
0.871530823842, 0.82652655774, 84.066192802, 0.66621623887, 66.8883419059, 47.9499158751, 0.548139149499, 2.40190148759, 17.6357764703, 1543.83674961, 0.403608206779
0.478048436637, 0.829527872324, 86.4471388398, 0.586024865861, 15.1865040006, 11.8646716526, 0.378284712422, 2.23892701478, 2.99376365687, 1659.84107268, 0.277505240357
0.256652121572, 0.837781170723, 88.7196319846, 0.60956508701, 44.6322914819, 1.25170532937, 0.526030546798, 1.42454273324, 11.3464845513, 3394.84151073, 0.0153160944582
0.206304100633, 0.851163520842, 81.6401942167, 0.684756029204, 63.4026150519, 1.25170532937, 1.65114546658, 0.625879240781, 4.70768856222, 3458.09373826, 0.0147652405512
0.285126491395, 0.858579432969, 80.6663656811, 0.65211887075, 59.7182509017, 5.13251041553, 0.362066497818, 3.97979263114, 11.7428258887, 2171.54084346, 0.055142487159
0.198386333676, 0.844146444639, 86.0264063987, 0.458353406043, 45.4167427693, 4.49370137505, 0.906105149976, 3.39388986565, 6.63782730639, 2202.97998489, 0.0522105540903
0.206304100633, 0.820206366555, 83.1416504583, 0.479116046679, 40.8640439101, 1.25170532937, 0.378284712422, 2.23892701478, 6.38187684801, 1968.35155441, 0.0645143938808
0.198386333676, 0.844146444639, 86.0264063987, 0.458353406043, 45.4167427693, 4.49370137505, 0.906105149976, 3.39388986565, 6.63782730639, 2242.09832107, 0.0428952225477
0.189035133116, 0.861728305066, 80.3246266459, 0.60956508701, 60.6140358697, 37.3281449457, 0.0478783427215, 3.39388986565, 2.29674475558, 1716.88127662, 0.225490837774
0.478048436637, 0.862316760164, 83.328066616, 0.472724855321, 47.6059072669, 42.553423657, 0.765839423353, 4.01156946568, 10.6962943905, 1641.63230628, 0.319429298589
0.186812868642, 0.888772187888, 83.7540239156, 0.47879076379, 61.589781371, 2.68592916695, 0.66383789863, 2.3447909136, 1.73205321742, 2506.84326189, 0.0313389937099
0.863445615772, 0.822270617055, 81.4861781403, 0.664286516992, 21.0185247165, 45.0330295277, 0.842335119688, 2.40190148759, 4.34535872701, 1580.42111253, 0.389973059091
0.391266632043, 0.838083092091, 84.3059918321, 0.586024865861, 10.0737983304, 26.5605855142, 0.479146962558, 2.32930727809, 10.6962943905, 1582.57337136, 0.389710758154
0.285126491395, 0.904100458396, 85.133293966, 0.44353706089, 52.5823745807, 1.25170532937, 0.158441416366, 0.625879240781, 4.70768856222, 2662.32329549, 0.0179093035833
0.125146710536, 0.851163520842, 88.1405383666, 0.584149149581, 67.8812724713, 11.0660524516, 0.378284712422, 4.46503088644, 3.64096888368, 2135.60013015, 0.0628214600961
0.206304100633, 0.859130757849, 85.133293966, 0.604662786999, 66.8883419059, 4.47762599734, 0.241089458422, 1.50884189246, 4.70768856222, 2155.16124393, 0.0615388845193
0.489290488157, 0.862316760164, 83.328066616, 0.541921498876, 73.3062244814, 42.553423657, 0.765839423353, 4.01156946568, 3.64096888368, 1559.85142465, 0.661367213738
0.285126491395, 0.858579432969, 80.6663656811, 0.65211887075, 47.6059072669, 4.02068231266, 0.158441416366, 2.21736789798, 11.7428258887, 1875.42163754, 0.103630474117
0.125146710536, 0.851163520842, 88.1405383666, 0.584149149581, 67.8812724713, 11.0660524516, 0.378284712422, 4.46503088644, 3.64096888368, 2350.34003274, 0.0475345164054
0.206304100633, 0.911319002369, 85.133293966, 0.684756029204, 52.5823745807, 1.25170532937, 1.65114546658, 0.625879240781, 4.70768856222, 5172.67933436, 0.0128764892695
0.206304100633, 0.904100458396, 85.133293966, 0.479116046679, 52.5823745807, 1.25170532937, 1.64517738259, 0.625879240781, 4.70768856222, 4643.99802541, 0.0131552815824
0.206304100633, 0.859130757849, 85.133293966, 0.604662786999, 74.5383427719, 4.47762599734, 0.241089458422, 1.50884189246, 4.70768856222, 2089.95732095, 0.084769026927
0.218175332166, 1.0100557625, 93.6963964187, 0.684756029204, 52.5823745807, 1.25170532937, 1.32260811622, 0.625879240781, 11.0892706607, 8433.84106312, 0.0129270482895
