3.0, 3.0, 2.0, 3.0, -1.0, 2.0, 2.0, 2.0, 3.0, 1.0, -1.0, 1.0, -1.0, 1.0, -1.0, -1.0, -1.0, -1.0, -1.0, -1.0, 0.0, -1.0, 1.0, -1.0, -1.0, 3.0, 3.0, -1.0, 2.0, -1.0, -1.0, 2.0, 0.0, 0.0, -1.0, -1.0, 0.0, 2.0, -1.0, 1.0, 0.0, 0.0, 0.0, 0.0, -1.0, 2.0, 0.0, 0.0, 1.0, 0.0, 96458.0, 430.0
3.0, 3.0, 2.0, 3.0, -1.0, 2.0, 2.0, 2.0, 3.0, 1.0, -1.0, 1.0, -1.0, 1.0, -1.0, -1.0, -1.0, -1.0, -1.0, -1.0, 0.0, -1.0, 1.0, -1.0, -1.0, 3.0, 3.0, -1.0, 2.0, -1.0, -1.0, 2.0, 0.0, 0.0, -1.0, -1.0, 0.0, 2.0, -1.0, 1.0, 0.0, 0.0, 0.0, 0.0, -1.0, 2.0, 0.0, 0.0, 1.0, 0.0, 96458.0, 430.0
1.0, -1.0, 0.0, 0.0, 0.0, -1.0, -1.0, 0.0, -1.0, 3.0, -1.0, 0.0, 2.0, 3.0, 2.0, 1.0, 2.0, -1.0, -1.0, -1.0, 2.0, 3.0, 1.0, 0.0, 0.0, 2.0, -1.0, 2.0, -1.0, 1.0, -1.0, -1.0, 0.0, -1.0, 2.0, 0.0, 0.0, 1.0, 2.0, 1.0, -1.0, 2.0, 1.0, 1.0, 2.0, 3.0, 3.0, 1.0, -1.0, 1.0, 95875.0, 504.0
2.0, -1.0, 2.0, 1.0, 3.0, 3.0, 3.0, 3.0, -1.0, -1.0, 0.0, -1.0, 2.0, 1.0, -1.0, -1.0, 1.0, -1.0, 0.0, 0.0, 2.0, 2.0, 0.0, 2.0, 1.0, 0.0, -1.0, -1.0, 1.0, 1.0, 2.0, 1.0, 1.0, 3.0, 0.0, 2.0, -1.0, 3.0, 0.0, 3.0, 1.0, 0.0, 3.0, 3.0, -1.0, 0.0, -1.0, -1.0, 2.0, 1.0, 95726.0, 518.0
2.0, -1.0, 2.0, 1.0, 3.0, 3.0, 3.0, 3.0, -1.0, -1.0, 0.0, -1.0, 2.0, 1.0, -1.0, -1.0, 1.0, -1.0, 0.0, 0.0, 2.0, 2.0, 0.0, 2.0, 1.0, 0.0, -1.0, -1.0, 1.0, 1.0, 2.0, 1.0, 1.0, 3.0, 0.0, 2.0, -1.0, 3.0, 0.0, 3.0, 1.0, 0.0, 3.0, 3.0, -1.0, 0.0, -1.0, -1.0, 2.0, 1.0, 95726.0, 518.0
2.0, -1.0, 2.0, 1.0, 3.0, 3.0, 3.0, 3.0, -1.0, -1.0, 0.0, -1.0, 2.0, 1.0, -1.0, -1.0, 1.0, -1.0, 0.0, 0.0, 2.0, 2.0, 0.0, 2.0, 1.0, 0.0, -1.0, -1.0, 1.0, 1.0, 2.0, 1.0, 1.0, 3.0, 0.0, 2.0, -1.0, 3.0, 0.0, 3.0, 1.0, 0.0, 3.0, 3.0, -1.0, 0.0, -1.0, -1.0, 2.0, 1.0, 95726.0, 518.0
2.0, -1.0, 2.0, 1.0, 3.0, 3.0, 3.0, 3.0, -1.0, -1.0, 0.0, -1.0, 2.0, 1.0, -1.0, -1.0, 1.0, -1.0, 0.0, 0.0, 2.0, 2.0, 0.0, 2.0, 1.0, 0.0, -1.0, -1.0, 1.0, 1.0, 2.0, 1.0, 1.0, 3.0, 0.0, 2.0, -1.0, 3.0, 0.0, 3.0, 1.0, 0.0, 3.0, 3.0, -1.0, 0.0, -1.0, -1.0, 2.0, 1.0, 95726.0, 518.0
3.0, 3.0, 2.0, 3.0, -1.0, -1.0, 2.0, 2.0, 3.0, 1.0, -1.0, 1.0, -1.0, 1.0, -1.0, -1.0, -1.0, -1.0, -1.0, -1.0, 0.0, -1.0, 1.0, -1.0, -1.0, 3.0, 3.0, -1.0, 2.0, 2.0, -1.0, 2.0, 0.0, 0.0, -1.0, -1.0, 0.0, 2.0, -1.0, 1.0, 0.0, 0.0, 0.0, 0.0, -1.0, 2.0, 0.0, 0.0, 1.0, 0.0, 96446.0, 437.0
1.0, 2.0, 0.0, 2.0, 0.0, 3.0, -1.0, 2.0, -1.0, 3.0, 0.0, 2.0, -1.0, 0.0, -1.0, 2.0, -1.0, 1.0, -1.0, 1.0, 1.0, 0.0, 1.0, 2.0, -1.0, 1.0, 0.0, 2.0, 2.0, -1.0, -1.0, -1.0, -1.0, 1.0, 1.0, 3.0, 3.0, 3.0, 3.0, 0.0, 1.0, -1.0, -1.0, -1.0, -1.0, 1.0, 0.0, 0.0, 0.0, -1.0, 96000.0, 477.0
0.0, -1.0, 0.0, 2.0, 3.0, 1.0, 2.0, -1.0, 2.0, 1.0, -1.0, -1.0, 0.0, 0.0, 1.0, 2.0, 0.0, 2.0, -1.0, 2.0, -1.0, 1.0, 1.0, 0.0, 3.0, 3.0, 3.0, 0.0, 0.0, -1.0, 0.0, 1.0, 1.0, 2.0, 2.0, -1.0, -1.0, -1.0, 1.0, 1.0, 0.0, 0.0, 3.0, 3.0, -1.0, 2.0, -1.0, 1.0, 2.0, 0.0, 95428.0, 546.0
-1.0, 1.0, -1.0, 0.0, 1.0, 2.0, 2.0, 0.0, -1.0, 0.0, 0.0, 2.0, -1.0, 3.0, -1.0, 2.0, 2.0, 1.0, 2.0, -1.0, -1.0, -1.0, 1.0, -1.0, 3.0, 1.0, 0.0, 3.0, 3.0, -1.0, 0.0, -1.0, -1.0, 2.0, 2.0, 1.0, 1.0, 1.0, 0.0, 2.0, 0.0, -1.0, -1.0, 1.0, 0.0, 1.0, 1.0, 1.0, 3.0, 2.0, 95805.0, 507.0
-1.0, 1.0, -1.0, 0.0, 1.0, 2.0, 2.0, 0.0, -1.0, 0.0, 0.0, 2.0, -1.0, 3.0, -1.0, 2.0, 2.0, 1.0, 2.0, -1.0, -1.0, -1.0, 1.0, -1.0, 3.0, 1.0, 0.0, 3.0, 3.0, -1.0, 0.0, -1.0, -1.0, 2.0, 2.0, 1.0, 1.0, 1.0, 0.0, 2.0, 0.0, -1.0, -1.0, 1.0, 0.0, 1.0, 1.0, 1.0, 3.0, 2.0, 95805.0, 507.0
-1.0, 1.0, -1.0, 0.0, 1.0, 2.0, 2.0, 0.0, -1.0, 0.0, 0.0, 2.0, -1.0, 3.0, -1.0, 2.0, 2.0, 1.0, 2.0, -1.0, -1.0, -1.0, 1.0, -1.0, 3.0, 1.0, 0.0, 3.0, 3.0, -1.0, 0.0, -1.0, -1.0, 2.0, 2.0, 1.0, 1.0, 1.0, 0.0, 2.0, 0.0, -1.0, -1.0, 1.0, 0.0, 1.0, 1.0, 1.0, 3.0, 2.0, 95805.0, 507.0
1.0, 1.0, 1.0, 3.0, 1.0, 3.0, 3.0, 2.0, -1.0, -1.0, 1.0, 3.0, 2.0, 0.0, 3.0, -1.0, 0.0, 3.0, 0.0, 3.0, 0.0, 3.0, 2.0, 2.0, 2.0, 1.0, 1.0, 1.0, 0.0, 0.0, -1.0, 1.0, -1.0, 3.0, 2.0, 0.0, 1.0, 2.0, 3.0, -1.0, 2.0, 1.0, 0.0, 2.0, 0.0, 2.0, 0.0, 2.0, 0.0, -1.0, 95241.0, 612.0
1.0, 1.0, 1.0, 3.0, 1.0, 3.0, 3.0, 2.0, -1.0, -1.0, 1.0, 3.0, 2.0, 0.0, 3.0, -1.0, 0.0, 3.0, 0.0, 3.0, 0.0, 3.0, 2.0, 2.0, 2.0, 1.0, 1.0, 1.0, 0.0, 0.0, -1.0, 1.0, -1.0, 3.0, 2.0, 0.0, 1.0, 2.0, 3.0, -1.0, 2.0, 1.0, 0.0, 2.0, 0.0, 2.0, 0.0, 2.0, 0.0, -1.0, 95241.0, 612.0
1.0, 1.0, 1.0, 3.0, 1.0, 3.0, 3.0, 2.0, -1.0, -1.0, 1.0, 3.0, 2.0, 0.0, 3.0, -1.0, 0.0, 3.0, 0.0, 3.0, 0.0, 3.0, 2.0, 2.0, 2.0, 1.0, 1.0, 1.0, 0.0, 0.0, -1.0, 1.0, -1.0, 3.0, 2.0, 0.0, 1.0, 2.0, 3.0, -1.0, 2.0, 1.0, 0.0, 2.0, 0.0, 2.0, 0.0, 2.0, 0.0, -1.0, 95241.0, 612.0
1.0, 1.0, 1.0, 3.0, 1.0, 3.0, 3.0, 2.0, -1.0, -1.0, 1.0, 3.0, 2.0, 0.0, 3.0, -1.0, 0.0, 3.0, 0.0, 3.0, 0.0, 3.0, 2.0, 2.0, 2.0, 1.0, 1.0, 1.0, 0.0, 0.0, -1.0, 1.0, -1.0, 3.0, 2.0, 0.0, 1.0, 2.0, 3.0, -1.0, 2.0, 1.0, 0.0, 2.0, 0.0, 2.0, 0.0, 2.0, 0.0, -1.0, 95241.0, 612.0
-1.0, 0.0, 3.0, -1.0, 1.0, -1.0, -1.0, -1.0, 1.0, -1.0, -1.0, 0.0, -1.0, 1.0, 3.0, -1.0, 2.0, 3.0, 1.0, -1.0, 2.0, 2.0, 1.0, 3.0, 2.0, -1.0, 3.0, -1.0, 2.0, 2.0, 0.0, 2.0, 0.0, 0.0, 2.0, 1.0, 1.0, 2.0, 3.0, 0.0, 2.0, 3.0, 0.0, 1.0, 0.0, 2.0, 0.0, 1.0, -1.0, 0.0, 95793.0, 522.0
-1.0, 0.0, 3.0, -1.0, 1.0, -1.0, -1.0, -1.0, 1.0, -1.0, -1.0, 0.0, -1.0, 1.0, 3.0, -1.0, 2.0, 3.0, 1.0, -1.0, 2.0, 2.0, 1.0, 3.0, 2.0, -1.0, 3.0, -1.0, 2.0, 2.0, 0.0, 2.0, 0.0, 0.0, 2.0, 1.0, 1.0, 2.0, 3.0, 0.0, 2.0, 3.0, 0.0, 1.0, 0.0, 2.0, 0.0, 1.0, -1.0, 0.0, 95793.0, 522.0
-1.0, 3.0, -1.0, -1.0, 1.0, 0.0, 1.0, -1.0, 0.0, -1.0, -1.0, 3.0, 0.0, 3.0, 0.0, 2.0, 1.0, 3.0, 2.0, 2.0, 3.0, 0.0, 0.0, 1.0, -1.0, 2.0, 2.0, -1.0, 2.0, 2.0, -1.0, 1.0, 3.0, -1.0, 1.0, 1.0, -1.0, -1.0, -1.0, -1.0, 1.0, 2.0, 1.0, -1.0, -1.0, 2.0, 1.0, -1.0, 2.0, 0.0, 96543.0, 463.0
-1.0, 3.0, -1.0, -1.0, 1.0, 0.0, 1.0, -1.0, 0.0, -1.0, -1.0, 3.0, 0.0, 3.0, 0.0, 2.0, 1.0, 3.0, 2.0, 2.0, 3.0, 0.0, 0.0, 1.0, -1.0, 2.0, 2.0, -1.0, 2.0, 2.0, -1.0, 1.0, 3.0, -1.0, 1.0, 1.0, -1.0, -1.0, -1.0, -1.0, 1.0, 2.0, 1.0, -1.0, -1.0, 2.0, 1.0, -1.0, 2.0, 0.0, 96543.0, 463.0
-1.0, 3.0, -1.0, -1.0, 1.0, 0.0, 1.0, -1.0, 0.0, -1.0, -1.0, 3.0, 0.0, 3.0, 0.0, 2.0, 1.0, 3.0, 2.0, 2.0, 3.0, 0.0, 0.0, 1.0, -1.0, 2.0, 2.0, -1.0, 2.0, 2.0, -1.0, 1.0, 3.0, -1.0, 1.0, 1.0, -1.0, -1.0, -1.0, -1.0, 1.0, 2.0, 1.0, -1.0, -1.0, 2.0, 1.0, -1.0, 2.0, 0.0, 96543.0, 463.0
-1.0, 3.0, -1.0, -1.0, 1.0, 0.0, 1.0, -1.0, 0.0, -1.0, -1.0, 3.0, 0.0, 3.0, 0.0, 2.0, 1.0, 3.0, 2.0, 2.0, 3.0, 0.0, 0.0, 1.0, -1.0, 2.0, 2.0, -1.0, 2.0, 2.0, -1.0, 1.0, 3.0, -1.0, 1.0, 1.0, -1.0, -1.0, -1.0, -1.0, 1.0, 2.0, 1.0, -1.0, -1.0, 2.0, 1.0, -1.0, 2.0, 0.0, 96543.0, 463.0
1.0, 2.0, 0.0, 2.0, 0.0, 3.0, -1.0, 2.0, -1.0, 3.0, 0.0, 2.0, -1.0, 0.0, -1.0, 2.0, -1.0, 1.0, -1.0, 1.0, 1.0, 0.0, 1.0, 2.0, -1.0, 1.0, 0.0, 2.0, 2.0, -1.0, -1.0, -1.0, -1.0, 1.0, 1.0, 3.0, 3.0, 3.0, 3.0, 0.0, 1.0, -1.0, -1.0, -1.0, -1.0, 2.0, 0.0, 0.0, 0.0, -1.0, 96032.0, 477.0
3.0, 3.0, 0.0, -1.0, 1.0, 0.0, 1.0, 0.0, 1.0, -1.0, 0.0, 0.0, -1.0, 3.0, 2.0, -1.0, 2.0, 1.0, 1.0, 1.0, 0.0, 3.0, -1.0, 3.0, -1.0, 1.0, 3.0, 0.0, 1.0, 1.0, 2.0, -1.0, 3.0, 2.0, 2.0, -1.0, -1.0, 3.0, 2.0, 2.0, 1.0, 1.0, -1.0, 2.0, 0.0, 0.0, 3.0, 2.0, -1.0, 0.0, 95459.0, 547.0
3.0, 3.0, 0.0, -1.0, 1.0, 0.0, 1.0, 0.0, 1.0, -1.0, 0.0, 0.0, -1.0, 3.0, 2.0, -1.0, 2.0, 1.0, 1.0, 1.0, 0.0, 3.0, -1.0, 3.0, -1.0, 1.0, 3.0, 0.0, 1.0, 1.0, 2.0, -1.0, 3.0, 2.0, 2.0, -1.0, -1.0, 3.0, 2.0, 2.0, 1.0, 1.0, -1.0, 2.0, 0.0, 0.0, 3.0, 2.0, -1.0, 0.0, 95459.0, 547.0
3.0, 3.0, 0.0, -1.0, 1.0, 0.0, 1.0, 0.0, 1.0, -1.0, 0.0, 0.0, -1.0, 3.0, 2.0, -1.0, 2.0, 1.0, 1.0, 1.0, 0.0, 3.0, -1.0, 3.0, -1.0, 1.0, 3.0, 0.0, 1.0, 1.0, 2.0, -1.0, 3.0, 2.0, 2.0, -1.0, -1.0, 3.0, 2.0, 2.0, 1.0, 1.0, -1.0, 2.0, 0.0, 0.0, 3.0, 2.0, -1.0, 0.0, 95459.0, 547.0
3.0, 3.0, 0.0, -1.0, 1.0, 0.0, 1.0, 0.0, 1.0, -1.0, 0.0, 0.0, -1.0, 3.0, 2.0, -1.0, 2.0, 1.0, 1.0, 1.0, 0.0, 3.0, -1.0, 3.0, -1.0, 1.0, 3.0, 0.0, 1.0, 1.0, 2.0, -1.0, 3.0, 2.0, 2.0, -1.0, -1.0, 3.0, 2.0, 2.0, 1.0, 1.0, -1.0, 2.0, 0.0, 0.0, 3.0, 2.0, -1.0, 0.0, 95459.0, 547.0
0.0, -1.0, 0.0, 2.0, 3.0, 1.0, 2.0, -1.0, 2.0, 1.0, -1.0, -1.0, 0.0, 0.0, 1.0, 2.0, 0.0, 2.0, -1.0, 2.0, -1.0, 1.0, 1.0, 0.0, 3.0, 3.0, 3.0, 3.0, 0.0, -1.0, 3.0, 1.0, 1.0, 2.0, 2.0, -1.0, -1.0, -1.0, 1.0, 1.0, 0.0, 0.0, 0.0, 3.0, -1.0, 2.0, -1.0, 1.0, 2.0, 0.0, 95530.0, 546.0
0.0, -1.0, 0.0, 2.0, 3.0, 1.0, 2.0, -1.0, 2.0, 1.0, -1.0, -1.0, 0.0, 0.0, 1.0, 2.0, 0.0, 2.0, -1.0, 2.0, -1.0, 1.0, 1.0, 0.0, 3.0, 3.0, 3.0, 3.0, 0.0, -1.0, 3.0, 1.0, 1.0, 2.0, 2.0, -1.0, -1.0, -1.0, 1.0, 1.0, 0.0, 0.0, 0.0, 3.0, -1.0, 2.0, -1.0, 1.0, 2.0, 0.0, 95530.0, 546.0
1.0, 0.0, 1.0, -1.0, 0.0, 1.0, -1.0, 1.0, -1.0, 1.0, -1.0, -1.0, 2.0, 1.0, 3.0, -1.0, -1.0, 2.0, 0.0, 3.0, 0.0, 2.0, 1.0, -1.0, 0.0, 3.0, 2.0, 1.0, 0.0, -1.0, 0.0, 3.0, 0.0, 2.0, 1.0, 3.0, 0.0, 3.0, -1.0, 3.0, 2.0, -1.0, 3.0, 1.0, 1.0, 0.0, 2.0, -1.0, 1.0, 0.0, 95672.0, 526.0
1.0, 2.0, 0.0, -1.0, 2.0, 1.0, 1.0, 0.0, 0.0, 2.0, 3.0, 1.0, -1.0, 2.0, 3.0, 2.0, 0.0, 3.0, -1.0, 3.0, 0.0, 1.0, 0.0, -1.0, -1.0, 0.0, 1.0, -1.0, 1.0, 3.0, -1.0, 2.0, 2.0, 2.0, -1.0, 1.0, -1.0, 2.0, -1.0, 0.0, 0.0, 1.0, 3.0, 1.0, 0.0, 2.0, -1.0, 0.0, -1.0, 1.0, 95624.0, 537.0
1.0, 2.0, 0.0, -1.0, 2.0, 1.0, 1.0, 0.0, 0.0, 2.0, 3.0, 1.0, -1.0, 2.0, 3.0, 2.0, 0.0, 3.0, -1.0, 3.0, 0.0, 1.0, 0.0, -1.0, -1.0, 0.0, 1.0, -1.0, 1.0, 3.0, -1.0, 2.0, 2.0, 2.0, -1.0, 1.0, -1.0, 2.0, -1.0, 0.0, 0.0, 1.0, 3.0, 1.0, 0.0, 2.0, -1.0, 0.0, -1.0, 1.0, 95624.0, 537.0
1.0, 2.0, 0.0, -1.0, 2.0, 1.0, 1.0, 0.0, 0.0, 2.0, 3.0, 1.0, -1.0, 2.0, 3.0, 2.0, 0.0, 3.0, -1.0, 3.0, 0.0, 1.0, 0.0, -1.0, -1.0, 0.0, 1.0, -1.0, 1.0, 3.0, -1.0, 2.0, 2.0, 2.0, -1.0, 1.0, -1.0, 2.0, -1.0, 0.0, 0.0, 1.0, 3.0, 1.0, 0.0, 2.0, -1.0, 0.0, -1.0, 1.0, 95624.0, 537.0
1.0, 2.0, 0.0, -1.0, 2.0, 1.0, 1.0, 0.0, 0.0, 2.0, 3.0, 1.0, -1.0, 2.0, 3.0, 2.0, 0.0, 3.0, -1.0, 3.0, 0.0, 1.0, 0.0, -1.0, -1.0, 0.0, 1.0, -1.0, 1.0, 3.0, -1.0, 2.0, 2.0, 2.0, -1.0, 1.0, -1.0, 2.0, -1.0, 0.0, 0.0, 1.0, 3.0, 1.0, 0.0, 2.0, -1.0, 0.0, -1.0, 1.0, 95624.0, 537.0
2.0, 3.0, 0.0, 1.0, 2.0, 2.0, 2.0, 3.0, -1.0, -1.0, 1.0, 0.0, -1.0, 0.0, 0.0, 3.0, 1.0, -1.0, 0.0, 2.0, 1.0, 2.0, -1.0, -1.0, -1.0, 1.0, 1.0, 0.0, 2.0, 1.0, 0.0, 1.0, -1.0, -1.0, 0.0, 2.0, 3.0, -1.0, -1.0, 2.0, 1.0, -1.0, 0.0, 3.0, 2.0, -1.0, -1.0, 3.0, -1.0, 0.0, 95830.0, 509.0
2.0, 3.0, 0.0, 1.0, 2.0, 2.0, 2.0, 3.0, -1.0, -1.0, 1.0, 0.0, -1.0, 0.0, 0.0, 3.0, 1.0, -1.0, 0.0, 2.0, 1.0, 2.0, -1.0, -1.0, -1.0, 1.0, 1.0, 0.0, 2.0, 1.0, 0.0, 1.0, -1.0, -1.0, 0.0, 2.0, 3.0, -1.0, -1.0, 2.0, 1.0, -1.0, 0.0, 3.0, 2.0, -1.0, -1.0, 3.0, -1.0, 0.0, 95830.0, 509.0
2.0, 3.0, 0.0, 1.0, 2.0, 2.0, 2.0, 3.0, -1.0, -1.0, 1.0, 0.0, -1.0, 0.0, 0.0, 3.0, 1.0, -1.0, 0.0, 2.0, 1.0, 2.0, -1.0, -1.0, -1.0, 1.0, 1.0, 0.0, 2.0, 1.0, 0.0, 1.0, -1.0, -1.0, 0.0, 2.0, 3.0, -1.0, -1.0, 2.0, 1.0, -1.0, 0.0, 3.0, 2.0, -1.0, -1.0, 3.0, -1.0, 0.0, 95830.0, 509.0
2.0, 3.0, 0.0, 1.0, 2.0, 2.0, 2.0, 3.0, -1.0, -1.0, 1.0, 0.0, -1.0, 0.0, 0.0, 3.0, 1.0, -1.0, 0.0, 2.0, 1.0, 2.0, -1.0, -1.0, -1.0, 1.0, 1.0, 0.0, 2.0, 1.0, 0.0, 1.0, -1.0, -1.0, 0.0, 2.0, 3.0, -1.0, -1.0, 2.0, 1.0, -1.0, 0.0, 3.0, 2.0, -1.0, -1.0, 3.0, -1.0, 0.0, 95830.0, 509.0
-1.0, 0.0, 3.0, -1.0, 1.0, -1.0, -1.0, -1.0, 1.0, -1.0, -1.0, 0.0, -1.0, 1.0, 3.0, -1.0, 2.0, 3.0, 1.0, -1.0, 2.0, 2.0, 1.0, 3.0, 2.0, -1.0, 3.0, -1.0, 2.0, 2.0, 0.0, 2.0, 0.0, 0.0, 2.0, 1.0, 1.0, 2.0, 3.0, 0.0, 2.0, -1.0, 0.0, 1.0, 0.0, 2.0, 0.0, 0.0, -1.0, 0.0, 95852.0, 508.0
1.0, -1.0, 0.0, 0.0, 0.0, -1.0, -1.0, 0.0, -1.0, 3.0, -1.0, 0.0, 2.0, 3.0, 2.0, 1.0, 2.0, -1.0, -1.0, -1.0, 2.0, 3.0, 1.0, 0.0, 0.0, 2.0, -1.0, 2.0, -1.0, 1.0, -1.0, -1.0, 0.0, 3.0, 2.0, 0.0, 0.0, 1.0, 2.0, 1.0, -1.0, 2.0, 1.0, 1.0, 2.0, 3.0, 3.0, 1.0, -1.0, 1.0, 95824.0, 519.0
1.0, 2.0, 0.0, 2.0, 0.0, 3.0, -1.0, 2.0, -1.0, 3.0, 0.0, 2.0, -1.0, 0.0, -1.0, 2.0, -1.0, 1.0, -1.0, 1.0, 1.0, 0.0, 1.0, 2.0, -1.0, 1.0, 0.0, 2.0, 2.0, 1.0, -1.0, -1.0, -1.0, 1.0, 1.0, 3.0, 3.0, 3.0, 3.0, 0.0, 1.0, -1.0, -1.0, -1.0, -1.0, 1.0, 0.0, 0.0, 0.0, -1.0, 95904.0, 495.0
1.0, -1.0, 0.0, 0.0, 0.0, -1.0, -1.0, 0.0, -1.0, 3.0, -1.0, 0.0, 2.0, 3.0, 2.0, 1.0, 2.0, -1.0, -1.0, -1.0, 2.0, 3.0, 1.0, 0.0, 0.0, 2.0, -1.0, 2.0, -1.0, -1.0, -1.0, -1.0, 0.0, -1.0, 2.0, 0.0, 0.0, 1.0, 2.0, 1.0, -1.0, 2.0, 1.0, 1.0, 2.0, 3.0, 3.0, 1.0, -1.0, 1.0, 95971.0, 486.0
0.0, 1.0, 2.0, 2.0, -1.0, 0.0, 1.0, -1.0, 0.0, -1.0, 0.0, -1.0, 3.0, -1.0, 0.0, 1.0, 0.0, 1.0, 2.0, 1.0, 1.0, -1.0, 3.0, 3.0, 2.0, 2.0, -1.0, 2.0, 0.0, 1.0, 3.0, 2.0, 3.0, -1.0, 0.0, 2.0, -1.0, 3.0, 2.0, 2.0, 1.0, 0.0, 1.0, 3.0, 1.0, 2.0, 3.0, 0.0, 3.0, 0.0, 95297.0, 582.0
1.0, 0.0, 1.0, -1.0, 0.0, 1.0, -1.0, 3.0, -1.0, 1.0, 2.0, -1.0, 2.0, -1.0, 3.0, -1.0, -1.0, 2.0, 0.0, 3.0, 0.0, 2.0, 1.0, 3.0, 0.0, 3.0, 2.0, 1.0, 0.0, -1.0, 0.0, 3.0, 0.0, 2.0, 1.0, 3.0, 0.0, 3.0, -1.0, 1.0, 2.0, -1.0, 3.0, 1.0, 1.0, 0.0, 2.0, -1.0, 1.0, 0.0, 95545.0, 544.0
-1.0, 0.0, 3.0, -1.0, 1.0, -1.0, -1.0, -1.0, 1.0, -1.0, -1.0, 0.0, -1.0, 1.0, 3.0, -1.0, 2.0, 3.0, 1.0, -1.0, 2.0, 2.0, 1.0, 3.0, 2.0, -1.0, 3.0, -1.0, 2.0, 2.0, 0.0, 2.0, 0.0, 0.0, 2.0, 3.0, 0.0, 2.0, 3.0, 0.0, 2.0, 3.0, 0.0, 1.0, 0.0, 2.0, 0.0, 1.0, -1.0, 0.0, 95799.0, 522.0
0.0, 1.0, -1.0, 3.0, 0.0, 3.0, 1.0, -1.0, -1.0, 0.0, 0.0, -1.0, 0.0, 0.0, 2.0, 3.0, -1.0, 2.0, -1.0, -1.0, 1.0, 2.0, -1.0, 1.0, -1.0, -1.0, 3.0, 0.0, 1.0, 3.0, 0.0, -1.0, 2.0, 1.0, 1.0, 1.0, 2.0, 2.0, -1.0, 3.0, 0.0, 2.0, -1.0, 0.0, 1.0, 2.0, 3.0, 1.0, 0.0, 2.0, 95676.0, 534.0
0.0, 1.0, -1.0, 3.0, 0.0, 3.0, 1.0, -1.0, -1.0, 0.0, 0.0, -1.0, 0.0, 0.0, 2.0, 3.0, -1.0, 2.0, -1.0, -1.0, 1.0, 2.0, -1.0, 1.0, -1.0, -1.0, 3.0, 0.0, 1.0, 3.0, 0.0, -1.0, 2.0, 1.0, 1.0, 1.0, 2.0, 2.0, -1.0, 3.0, 0.0, 2.0, -1.0, 0.0, 1.0, 2.0, 3.0, 1.0, 0.0, 2.0, 95676.0, 534.0
1.0, -1.0, 0.0, 0.0, 0.0, -1.0, -1.0, 0.0, -1.0, 3.0, -1.0, 0.0, 2.0, 3.0, 2.0, 1.0, 2.0, -1.0, -1.0, -1.0, 2.0, 3.0, 1.0, 0.0, 0.0, 2.0, -1.0, 2.0, -1.0, 1.0, -1.0, -1.0, 0.0, 3.0, 2.0, 0.0, 0.0, 1.0, 2.0, 1.0, -1.0, 2.0, 1.0, 3.0, 1.0, 3.0, 3.0, 1.0, -1.0, 1.0, 95836.0, 519.0
1.0, 2.0, 0.0, 2.0, 0.0, 3.0, -1.0, 2.0, -1.0, 3.0, 0.0, 2.0, -1.0, 0.0, -1.0, 2.0, -1.0, 1.0, -1.0, 1.0, 1.0, 0.0, 1.0, 2.0, -1.0, 1.0, 0.0, 2.0, 2.0, -1.0, -1.0, -1.0, -1.0, 1.0, 1.0, 3.0, 3.0, 3.0, 3.0, 0.0, 1.0, 3.0, -1.0, -1.0, -1.0, 2.0, 0.0, 1.0, 0.0, -1.0, 95973.0, 491.0
-1.0, 2.0, 0.0, -1.0, 2.0, 1.0, 3.0, -1.0, 3.0, 3.0, 0.0, 1.0, -1.0, 3.0, 0.0, -1.0, -1.0, 1.0, 2.0, 2.0, 2.0, 0.0, 1.0, 3.0, -1.0, 2.0, 3.0, 0.0, -1.0, -1.0, 0.0, 0.0, 2.0, 3.0, 2.0, 0.0, 1.0, 1.0, 2.0, -1.0, 3.0, 1.0, -1.0, 1.0, -1.0, -1.0, -1.0, 0.0, -1.0, 1.0, 96220.0, 492.0
-1.0, 1.0, -1.0, 0.0, 1.0, 2.0, 2.0, 0.0, -1.0, 0.0, 0.0, 2.0, -1.0, 3.0, -1.0, 2.0, 2.0, 1.0, 2.0, -1.0, -1.0, -1.0, 1.0, -1.0, 3.0, 1.0, 0.0, 3.0, 3.0, -1.0, -1.0, -1.0, -1.0, 2.0, 2.0, 1.0, 1.0, 1.0, 0.0, 2.0, 0.0, -1.0, -1.0, 1.0, 0.0, 1.0, 1.0, 1.0, 3.0, 2.0, 96019.0, 494.0
1.0, 0.0, -1.0, -1.0, 2.0, 1.0, 3.0, 0.0, 1.0, 0.0, 1.0, 2.0, -1.0, -1.0, -1.0, 1.0, 1.0, -1.0, -1.0, 1.0, 2.0, 2.0, 2.0, 0.0, -1.0, -1.0, 3.0, 0.0, 2.0, -1.0, 2.0, 0.0, 1.0, -1.0, 0.0, 2.0, 3.0, 0.0, 3.0, 2.0, 3.0, 2.0, 2.0, -1.0, 1.0, -1.0, 0.0, 3.0, 0.0, 0.0, 95840.0, 533.0
2.0, -1.0, -1.0, 1.0, 1.0, 1.0, 3.0, 2.0, 2.0, 1.0, -1.0, -1.0, 0.0, 0.0, 2.0, 0.0, 0.0, -1.0, 3.0, 3.0, 1.0, 0.0, -1.0, 0.0, -1.0, 1.0, 2.0, 2.0, -1.0, -1.0, 3.0, 1.0, 2.0, -1.0, 1.0, -1.0, -1.0, 3.0, 3.0, 2.0, 3.0, 0.0, -1.0, 3.0, 0.0, 0.0, -1.0, -1.0, 0.0, 3.0, 95977.0, 508.0
0.0, 1.0, -1.0, 3.0, 0.0, 3.0, 1.0, -1.0, -1.0, 0.0, 0.0, -1.0, 0.0, 0.0, 2.0, 3.0, -1.0, 2.0, -1.0, -1.0, 1.0, 2.0, -1.0, 1.0, -1.0, -1.0, 3.0, 0.0, 1.0, 3.0, 0.0, -1.0, 2.0, 1.0, 1.0, 1.0, 2.0, 2.0, -1.0, 3.0, 0.0, 2.0, -1.0, 0.0, 1.0, 2.0, 3.0, 1.0, 1.0, 2.0, 95706.0, 534.0
1.0, 0.0, 1.0, -1.0, 2.0, 1.0, 3.0, 0.0, 1.0, 0.0, 1.0, 2.0, -1.0, -1.0, -1.0, 1.0, 1.0, -1.0, -1.0, 1.0, 2.0, 2.0, 2.0, 0.0, -1.0, -1.0, 3.0, 0.0, 2.0, -1.0, 2.0, 0.0, 1.0, -1.0, 0.0, 2.0, 3.0, 0.0, 3.0, 2.0, 3.0, 2.0, 2.0, -1.0, 1.0, -1.0, 0.0, 3.0, 0.0, 0.0, 95635.0, 544.0
2.0, -1.0, -1.0, 1.0, 1.0, 1.0, 3.0, 2.0, 2.0, 1.0, -1.0, -1.0, 0.0, 0.0, 2.0, 0.0, 0.0, -1.0, 3.0, 3.0, 1.0, 0.0, -1.0, 0.0, -1.0, 1.0, 2.0, 2.0, -1.0, -1.0, 3.0, 1.0, 2.0, -1.0, 1.0, -1.0, -1.0, 3.0, 3.0, 2.0, 3.0, 0.0, -1.0, 3.0, 0.0, 0.0, -1.0, -1.0, 0.0, 3.0, 95977.0, 508.0
2.0, 0.0, 1.0, 0.0, 1.0, 0.0, 2.0, 2.0, -1.0, 1.0, 2.0, -1.0, 3.0, 2.0, 3.0, 0.0, 1.0, 2.0, -1.0, -1.0, -1.0, -1.0, 0.0, 3.0, 3.0, 0.0, 3.0, 0.0, -1.0, -1.0, 0.0, 1.0, 3.0, 2.0, 1.0, 2.0, 0.0, -1.0, 1.0, 2.0, 3.0, 3.0, 3.0, 0.0, 2.0, 1.0, 1.0, 1.0, 0.0, 1.0, 95315.0, 584.0
2.0, 0.0, 1.0, 0.0, 1.0, 0.0, 2.0, 2.0, -1.0, 1.0, 2.0, -1.0, 3.0, 2.0, 3.0, 0.0, 1.0, 2.0, -1.0, -1.0, -1.0, -1.0, 0.0, 3.0, 3.0, 0.0, 3.0, 0.0, -1.0, -1.0, 0.0, 1.0, 3.0, 2.0, 1.0, 2.0, 0.0, -1.0, 1.0, 2.0, 3.0, 3.0, 3.0, 0.0, 2.0, 1.0, 1.0, 1.0, 0.0, 1.0, 95315.0, 584.0
