2.51428466791, 1.42806136877, 1.73126175403, 1.00000085334, 7.0018757149, 1.07640799843, 1.40854456559, 1.26000054588, 1.00000096997, 5.08017449579, 6.91682684086, 1.09279075983, 2.9027694502, 1.04070585964, 1.01068326287, 1.58646476686, 1.09451849977, 1.0429001097, 3.10090080713, 1.00000021273, 1.00000027133, 75.1699282491, 1.0517362302, 1.22866086233, 0.972419429142, 3.75929138176, 0.870000992698, 1153.80496136, 32.4713351096
4.33508066036, 1.39852910222, 1.55961734739, 1.00000033917, 6.97964932165, 1.05040830482, 4.95871033043, 1.26000082556, 1.00000067791, 5.29462631408, 6.76931218262, 1.0647930361, 3.79560605595, 1.088454466, 1.04457043546, 1.5629406913, 1.12138508216, 0.962652271117, 4.18937214798, 1.00000060471, 1.00000008266, 91.110357924, 1.00205508646, 4.86443196327, 1.01474522856, 3.63723856077, 0.870000598761, 3269.71842649, 37.131478234
2.18093774878, 1.15870893576, 1.45347947462, 1.00000063939, 7.06028604957, 1.07463287391, 1.51969692397, 1.26000096145, 1.00000038134, 5.20125627326, 4.28964651078, 1.09727791031, 2.08524046727, 1.0506458459, 1.05351780036, 1.53856558743, 1.14334825263, 1.06672905925, 5.64305032556, 1.00000029803, 1.00000056576, 77.070860506, 0.993569988977, 2.52814042098, 0.976965662219, 3.33102157786, 0.870000588513, 3296.68878934, 55.2327313824
5.31676812269, 1.26729729505, 1.36204982955, 1.00000049642, 6.98854257665, 1.08142189769, 1.44055403508, 1.26000021768, 1.0000009834, 5.01583541582, 7.04436395858, 1.09571151049, 3.8554920758, 1.05929638905, 1.06122371424, 1.26086765553, 1.13732517135, 0.977238993615, 3.06949653958, 1.00000019591, 1.0000003688, 87.1693268556, 0.984188430609, 4.11839785686, 1.06790799731, 3.51900347099, 0.870000006217, 2355.12251581, 50.8411690213
2.35949103276, 1.42193673819, 1.56521366077, 1.00000066533, 6.98290037693, 1.03912978432, 2.45046604924, 1.26000026594, 1.00000033012, 5.0764349463, 4.54377503484, 1.05511599287, 1.47635130793, 1.08134555518, 1.02447709281, 1.51194938861, 1.09907162052, 1.05459998091, 7.60222448035, 1.00000030164, 1.00000086307, 78.5748826548, 0.968405725031, 2.60219233632, 1.03662313617, 3.90526291361, 0.870000973077, 2084.73858478, 30.3216889913
3.41571037857, 1.2953017215, 1.60567675757, 1.00000085163, 7.01244869344, 1.09405876782, 1.93152007405, 1.26000061223, 1.00000085719, 5.09295869234, 6.41429399599, 1.06486354923, 2.41357943671, 1.09145302567, 1.07144889369, 1.37245385339, 1.16719602868, 1.09776858852, 6.3350796805, 1.00000025918, 1.00000031884, 77.0388926128, 1.03784542985, 3.97045195032, 1.04639854622, 4.35606483734, 0.870000252575, 648.127933633, 19.1689842514
2.55002802062, 1.35008131123, 1.35008320317, 1.00000034178, 6.35082160181, 1.06108482549, 1.03941309397, 1.26000019379, 1.00000097057, 5.22229860687, 6.34263541517, 1.01322218496, 3.44977945543, 1.00543485174, 1.02096387769, 1.17508941379, 1.03618454695, 1.03021667469, 8.67235793682, 1.00000044104, 1.00000096095, 76.7889603979, 0.944956253143, 4.95731182329, 1.00565402331, 3.43073685902, 0.870000211132, 1458.02777452, 24.7363297696
3.72139916727, 1.37914224804, 1.34567747134, 1.0000007686, 5.52792305147, 1.01615687134, 3.80821315555, 1.26000073046, 1.00000006811, 4.97546632229, 6.46560070662, 1.08443235151, 1.26016384141, 1.09390644805, 1.03697227396, 1.3361969997, 1.14313035858, 1.10246767386, 3.85868962398, 1.00000045794, 1.00000046793, 84.9875074256, 0.947921885409, 4.81878770504, 1.03855613955, 3.5007589007, 0.870000879133, 7053.66314692, 38.9554145932
3.02071913801, 1.42985109281, 1.68754283377, 1.00000087142, 4.64932480054, 1.08675554573, 1.07495821237, 1.26000030796, 1.00000025306, 5.20107735905, 6.84280111355, 1.08151393689, 2.61299699015, 1.0584088688, 1.00557151014, 1.49603393551, 1.02706448202, 0.912406492401, 8.5124562857, 1.00000023478, 1.00000049537, 78.3238752185, 0.955293487299, 3.14922208325, 1.03646611261, 4.04283129426, 0.870000110452, 208.357119144, 19.236645863
2.33635319728, 1.32707564681, 1.54694398768, 1.00000058851, 5.14982132896, 1.03514249378, 2.1547477312, 1.2600005895, 1.00000043951, 5.11333042829, 7.77519366414, 1.03244023474, 2.39826367467, 1.05431543268, 1.05344016516, 1.56804868866, 1.00771524842, 0.998950982678, 8.70113468574, 1.00000003516, 1.00000033833, 95.8785664112, 1.00458445814, 5.04901854813, 0.983372481403, 3.80529435494, 0.870000195128, 3418.7027019, 37.0431125408
5.95111041539, 1.24732638526, 1.54037320075, 1.00000065016, 6.87030713515, 1.09033961961, 2.17257886978, 1.26000085692, 1.00000070738, 5.51434734307, 5.49414819692, 1.03960331091, 2.93462441755, 1.11119663755, 1.02933233895, 1.61709086976, 1.1100241652, 0.929062747555, 6.75531763797, 1.00000090931, 1.00000051882, 96.3836982537, 1.06739283609, 5.29120911981, 1.00372611529, 3.51714987975, 0.870000735812, 1846.81502755, 49.7049480223
5.39940997043, 1.3316882496, 1.36392931694, 1.00000022501, 6.96179957895, 1.04854932472, 3.69664153356, 1.26000023599, 1.00000043561, 5.35582139892, 7.32451703676, 1.07190519244, 3.8820886726, 1.0655964892, 1.05895899548, 1.35747435463, 1.07709710929, 1.0364342805, 7.21451777144, 1.00000056475, 1.00000050142, 106.896592759, 1.07649273875, 4.75582611997, 1.03524237165, 3.73855060296, 0.870000390601, 3209.41623621, 36.0900477129
2.30502992852, 1.24961660045, 1.54307045563, 1.00000047751, 5.94600769001, 1.01445632214, 2.44815040539, 1.26000036084, 1.00000006199, 5.41244994721, 7.74319225453, 1.0522982937, 3.72080297624, 1.10596166368, 1.07022634979, 1.6155785912, 1.02529039805, 1.06055312309, 6.60063778611, 1.00000058039, 1.00000018669, 76.7579941004, 0.975754197513, 2.90250923312, 1.06002139765, 4.01680924689, 0.870000359883, 1272.64330277, 46.8080034271
3.87572974463, 1.24419706982, 1.42934313498, 1.0000000555, 6.53364294348, 1.06994324351, 1.25694745497, 1.2600006114, 1.0000004923, 5.41054151011, 5.20986119575, 1.08200839136, 3.12926090358, 1.08090738386, 1.02715501473, 1.22588376664, 1.0280443584, 1.03731968758, 7.31502602505, 1.00000011622, 1.00000080726, 89.7407865299, 1.02286931191, 1.19772352225, 1.0332736924, 3.72084247126, 0.870000467108, 1860.3782527, 25.2040788523
2.24194131406, 1.25060047823, 1.37169224945, 1.00000022004, 6.94310401247, 1.17243073807, 1.64763661565, 1.2600005828, 1.00000048846, 5.19083485119, 5.14743115456, 1.00217562126, 1.48725680018, 1.03919101203, 1.05333573699, 1.59081129028, 1.08676294684, 1.03191782773, 6.5974860092, 1.00000092345, 1.00000096805, 90.7131211187, 1.05040898839, 3.74005605312, 1.00569000551, 3.49774183195, 0.870000866789, 1678.90284914, 50.7455779323
3.16179622036, 1.16007323635, 1.60538482193, 1.0000005993, 6.46943026782, 1.04845784074, 2.00973123936, 1.26000001982, 1.00000093242, 5.20454954967, 5.87338002404, 1.03561926738, 3.28737050573, 1.1128416871, 1.05414341089, 1.3441109401, 1.10997079909, 1.06254191648, 7.96854529456, 1.00000012004, 1.00000058292, 79.0473968316, 1.08710212715, 4.76788912962, 1.0578635753, 3.42076722268, 0.870000663492, 2413.87743492, 26.7427445713
2.5936015851, 1.39617691311, 1.52881615981, 1.00000053252, 6.64698889343, 1.0929555743, 3.38430446869, 1.26000043884, 1.0000001124, 5.25811698524, 4.96896374332, 1.04020801969, 1.17723930246, 1.07921910767, 1.04878292465, 1.33288142516, 1.15778878326, 1.02036485474, 9.89877566488, 1.00000090826, 1.0000004576, 75.0081681403, 1.06323960827, 2.40024909506, 1.04039247376, 3.72840949179, 0.870000514079, 5617.58954081, 56.687572669
5.89994856404, 1.18545568914, 1.48937780554, 1.00000030058, 5.96058235836, 1.02705660211, 1.24025469694, 1.26000006388, 1.00000054745, 5.17764129354, 5.61757565253, 1.04999612236, 3.8024661965, 1.1070996219, 1.00436062328, 1.20952652461, 1.08632445156, 0.913181932174, 9.46555693194, 1.00000055992, 1.00000073022, 75.8717265827, 1.03043758258, 5.64956606252, 0.971958951212, 3.50400988937, 0.870000864625, 733.154156898, 19.0165084622
4.55921372783, 1.37856684677, 1.35390784012, 1.00000064765, 6.78804350085, 1.16708016873, 3.97918999865, 1.26000054808, 1.00000009257, 5.22746040432, 4.66140924816, 1.08742409552, 2.13734901836, 1.09858480825, 1.0534560488, 1.52304144239, 1.14206160167, 1.01821662378, 4.8067799498, 1.00000095854, 1.00000008294, 92.8893328678, 1.04860971048, 4.65480973667, 1.01698708515, 3.61076531171, 0.870000641447, 2297.3986021, 38.3968030586
1.24778693961, 1.30971573874, 1.70827378567, 1.00000032305, 5.63403791992, 1.03006457034, 1.75442649065, 1.2600003504, 1.00000075026, 5.22164940605, 5.38463349401, 1.07121375659, 3.04429046262, 1.0782226277, 1.06673815245, 1.25878886965, 1.08824285148, 0.963984736866, 8.59772889036, 1.00000032286, 1.00000016971, 86.7728587769, 0.979120692413, 4.9197304273, 1.0444367673, 3.79566148541, 0.870000851938, 1072.88956092, 30.3250502505
2.44073507168, 1.32788501828, 1.62958418349, 1.00000073259, 6.33900462149, 1.04582911366, 1.36521036682, 1.26000068804, 1.00000022598, 6.07893415487, 6.94617605154, 1.06623652474, 3.26327435888, 1.11844656746, 1.01803262985, 1.4694012524, 1.02607773759, 1.03371173444, 5.35467066584, 1.00000004119, 1.00000074864, 79.9967546066, 1.01141952455, 3.7749288718, 1.05697815702, 4.00976800155, 0.870000318497, 3223.37265405, 32.1069783971
5.94456174492, 1.34436287184, 1.45198627562, 1.0000008504, 6.60540453283, 1.02424728522, 1.15951799126, 1.26000030527, 1.00000070445, 5.29691441411, 6.39641489182, 1.078326405, 1.52464417816, 1.10653616011, 1.0858375168, 1.60804331948, 1.13608908466, 0.973603034332, 7.79718026345, 1.00000034253, 1.00000071114, 123.396717474, 1.08377962522, 4.92716346219, 1.01011610427, 4.33293966903, 0.870000586522, 5413.5559291, 43.8916441985
5.31014745719, 1.21050430874, 1.34338268961, 1.00000000627, 6.65690670618, 1.15229748742, 2.22958533974, 1.26000024571, 1.00000055034, 5.2089477683, 5.77929391772, 1.09222846011, 2.26368774675, 1.08971378246, 1.06580170017, 1.55104199332, 1.08318294119, 1.07694039887, 9.67775423261, 1.00000028016, 1.00000012481, 82.4415767588, 0.947627907349, 1.08725427263, 1.06684604761, 3.46321406502, 0.870000356477, 3644.99718292, 48.559043071
3.97030982043, 1.41611075649, 1.40469414327, 1.00000062306, 6.45399220268, 1.00107040709, 3.11550957123, 1.26000085777, 1.00000062949, 5.40138206812, 6.49727308635, 1.09367735613, 2.07991623276, 1.03745758509, 1.03014368357, 1.21860740927, 1.0563701824, 0.938784129165, 6.52730247872, 1.00000047794, 1.00000036168, 86.7550802027, 1.06543954621, 5.10552534093, 1.05656104234, 3.61468622236, 0.87000074578, 2554.60023237, 39.3709251945
4.71411021309, 1.35174172155, 1.3795858081, 1.00000001999, 6.91234677975, 1.07189553175, 1.57210535337, 1.26000039244, 1.00000030499, 5.29402554659, 5.85991217647, 1.0936929326, 2.63386032453, 1.10685046483, 1.04414109672, 1.40108317712, 1.06988353144, 1.06045059255, 4.63745636357, 1.00000029796, 1.00000049692, 76.5392863972, 1.0094618108, 5.64925390737, 1.02308572856, 4.08914204714, 0.870000419388, 114.387513511, 16.0621080859
3.83469112186, 1.2506884507, 1.43650750284, 1.00000099423, 6.13942772606, 1.06890209056, 1.07135797306, 1.26000078869, 1.00000086586, 5.12885898627, 4.03490511822, 1.05361051687, 1.82347605905, 1.0938723351, 1.01879707479, 1.59820056527, 1.12680650625, 0.922794442828, 4.06262705072, 1.00000097259, 1.00000035669, 78.5637480481, 1.05290569576, 5.3593956406, 1.032747409, 3.49207972313, 0.870000334652, 1049.39819405, 42.0244955543
2.34502705019, 1.34845905054, 1.44111021207, 1.00000041237, 5.33347475984, 1.05199468789, 1.32562764799, 1.26000076042, 1.0000006155, 5.24767611841, 3.51610340781, 1.05197271104, 3.05632311661, 1.09820733929, 1.02975586719, 1.50509698943, 1.05642196251, 0.973311522489, 5.38554445453, 1.00000091172, 1.00000097747, 85.8694382034, 1.08431996215, 4.78742835006, 0.97040646075, 3.98343355589, 0.870000725172, 3036.34558592, 29.3825219454
3.29204198239, 1.30796524195, 1.52244642761, 1.00000048521, 6.41567504406, 1.12793214554, 4.4205887189, 1.2600000095, 1.00000000682, 5.16438216192, 7.22324582039, 1.01145139635, 2.82587655149, 1.08813344124, 1.04332025705, 1.49141693631, 1.03829909105, 1.1009502289, 9.49448555628, 1.00000024094, 1.00000006406, 97.7326645206, 1.0251120361, 4.13373230505, 1.0382179075, 4.03461475709, 0.870000252062, 4272.85173186, 48.5940198538
4.23221178817, 1.36239313532, 1.4730271959, 1.00000051249, 6.83903884331, 1.01470078834, 2.30137916446, 1.26000043397, 1.00000032287, 4.97192926457, 4.37998712245, 1.09717385726, 2.58954972341, 1.0756164503, 1.06639815548, 1.39074126026, 1.00907748658, 1.0264617114, 6.47810351135, 1.00000028684, 1.00000095967, 80.5812832915, 1.08244556871, 5.24098830732, 1.06840666472, 3.75743984523, 0.870000262619, 6363.62395437, 36.3090720487
4.18163268335, 1.32900986669, 1.34563978153, 1.00000021184, 5.66363645327, 1.03846678945, 2.65025801601, 1.26000049067, 1.00000028222, 5.50265712665, 7.48516317121, 1.03013468025, 3.64974433226, 1.09113007404, 1.06052131438, 1.46043243676, 1.02391517757, 1.08747309773, 4.65198000046, 1.00000070917, 1.00000000473, 76.4505173471, 0.955149164168, 5.83731903446, 1.06564778359, 3.66848194922, 0.87000048656, 1261.42692913, 41.920601579
3.68519715051, 1.15042097647, 1.66689877933, 1.00000092785, 7.05134717078, 1.03632369683, 2.8532219041, 1.26000019827, 1.00000051309, 5.73078642543, 6.48691190178, 1.06048781788, 2.95456034738, 1.09724729337, 1.0160700661, 1.24644577048, 1.14625181824, 0.972788321526, 8.82936832775, 1.0000007082, 1.00000043006, 88.1442105316, 1.04646522287, 5.67265978042, 1.06279123243, 3.79947453122, 0.870000900285, 2644.65339584, 34.3267843609
4.53873480981, 1.36653061821, 1.3420213204, 1.00000065216, 4.75820885801, 1.00623568057, 3.69132303315, 1.26000001064, 1.00000081509, 5.47291491026, 6.54878833837, 1.07420327917, 3.69454825373, 1.09644964683, 1.02414708232, 1.3914931306, 1.02916921982, 1.05237864395, 6.22036651359, 1.00000071281, 1.0000004301, 75.0172170809, 0.983803117633, 4.24850269171, 1.03735478826, 3.98638547774, 0.870000657049, 2073.37730681, 25.5506400598
5.74000225576, 1.11721216826, 1.41728263163, 1.00000066577, 5.87463144796, 1.01365260975, 1.78780733542, 1.26000065216, 1.000000645, 5.49916065609, 7.14237673577, 1.05565259281, 3.47882889046, 1.06082664155, 1.02374641609, 1.61230933652, 1.06837085944, 1.04881911563, 8.84424443131, 1.00000059742, 1.00000026434, 102.625506538, 0.985166577991, 4.82028620695, 1.05326684562, 4.24577135295, 0.870000904951, 570.629889987, 25.9978971752
1.3607403387, 1.17790818963, 1.43972788379, 1.00000018282, 5.75247310188, 1.05147287079, 2.40258423273, 1.26000033912, 1.00000010834, 5.35669776134, 5.66391027958, 1.05586247971, 3.12333201423, 1.0761511134, 1.02105165712, 1.40621013784, 1.03817764936, 1.04607919018, 8.07810880649, 1.00000008125, 1.00000055965, 76.3983995327, 1.04762833602, 2.99654184373, 0.998267120522, 3.93054763202, 0.870000124194, 1396.7165887, 28.8084634561
2.75284355553, 1.2672921846, 1.35049437669, 1.00000017226, 6.42521758178, 1.06270731191, 4.4308847337, 1.26000067655, 1.00000040543, 5.16563250304, 5.83687346359, 1.05048171212, 2.12399508926, 1.10500090192, 1.07222690751, 1.43441456235, 1.05025793922, 1.03969902741, 4.29098967764, 1.00000071942, 1.0000003465, 89.9761006874, 1.06056594809, 3.38614145675, 1.01978248104, 4.04997187157, 0.870000992831, 624.220439776, 36.4403510795
4.22579245978, 1.13901770555, 1.37117473789, 1.00000014152, 4.92611495713, 1.06854231637, 3.46866089708, 1.26000013219, 1.00000039232, 5.1181812624, 6.50001513323, 1.06048722815, 3.97615577215, 1.02095216613, 1.0188278167, 1.6190999951, 1.09343988254, 1.03441993296, 5.86031661598, 1.00000011969, 1.00000069724, 83.3587277623, 1.03334067851, 5.1696671245, 1.04430310098, 4.16137017251, 0.870000104471, 368.223630548, 29.6919921338
5.39195094796, 1.09365854766, 1.43328969129, 1.00000061864, 4.54777657195, 1.10193596114, 1.89287463463, 1.26000068341, 1.00000072085, 5.08164211183, 6.64910207711, 1.06887317898, 2.73121666486, 1.08878058042, 1.0591773788, 1.55619781529, 1.03034848731, 1.04233860699, 5.96046414511, 1.00000068762, 1.00000055346, 89.7743561024, 1.0499220537, 2.27903770601, 1.0578113998, 3.8543596732, 0.870000435624, 274.706997151, 28.0603554647
5.24880131873, 1.24053963088, 1.40674692666, 1.00000068947, 5.02901655965, 1.11464012837, 1.56418405625, 1.26000012263, 1.00000019328, 5.01702510331, 6.34826716845, 1.06241210231, 2.6644650306, 1.06979102155, 1.03974730264, 1.32014431905, 1.09162429869, 0.994629519552, 8.59094850353, 1.00000094826, 1.00000065007, 77.8802629124, 0.980452202917, 5.04587820585, 1.03464114594, 3.67810525654, 0.870000329417, 680.853300814, 36.8218334407
5.10561908245, 1.31156693203, 1.53348267771, 1.00000075464, 6.8553230522, 1.03904889576, 1.93317188782, 1.26000009528, 1.00000028389, 5.10344787452, 3.7312428653, 1.05762693709, 1.39725431372, 1.10637995998, 1.04011777646, 1.38205823269, 1.07353677848, 1.0393732302, 9.94188523183, 1.00000086258, 1.00000075478, 86.0444537929, 1.06619325504, 2.90075720406, 1.06718036628, 4.02929652879, 0.8700003174, 1891.46171749, 25.8906757941
5.85403155637, 1.19074817115, 1.45584522211, 1.00000056171, 6.30619892286, 1.07654267779, 2.39627990253, 1.2600000476, 1.00000009228, 5.03302250613, 4.83988042661, 1.09723095471, 2.55697450371, 1.08867456403, 1.03884679868, 1.42766415951, 1.05025908477, 0.924785916157, 8.56855786945, 1.00000008416, 1.00000065684, 75.8398651985, 1.01593555657, 4.71681481403, 1.01239623563, 3.57253294792, 0.870000167125, 211.818258794, 27.2181130728
3.00737468155, 1.21375760248, 1.41741121617, 1.00000057141, 5.29586673374, 1.00706763802, 3.24118926164, 1.26000007494, 1.00000022417, 5.25844989435, 7.65746357131, 1.07931866561, 1.4799771078, 1.08992085874, 1.03560272071, 1.58860340557, 1.10061068596, 0.960848550694, 3.9518949443, 1.00000050896, 1.0000006726, 103.759844214, 1.06756180803, 4.46571285492, 1.05059404034, 3.95623552235, 0.870000615065, 514.512660537, 35.215983015
3.97984311969, 1.22470286942, 1.39622117749, 1.00000075671, 6.70718046302, 1.17296458193, 3.7136708987, 1.26000090646, 1.00000073089, 5.01897685865, 3.79142979607, 1.04351170152, 2.91046241536, 1.11189814531, 1.06276127445, 1.55954265705, 1.09905812452, 0.947514817048, 4.85114231143, 1.00000022651, 1.00000084143, 96.4523660532, 1.07803741757, 5.39884788595, 1.03770312849, 3.76537140134, 0.870000046103, 738.565980505, 22.4998623486
4.23254058374, 1.41169744429, 1.38596072171, 1.00000056176, 5.92817860133, 1.15131011221, 4.56064343907, 1.26000012075, 1.00000074023, 5.321577804, 6.57139730496, 1.09121390833, 2.36152259123, 1.10697250876, 1.0387826825, 1.59364503843, 1.09384211822, 1.02103044956, 8.15002038757, 1.00000093113, 1.00000099774, 94.0359029298, 1.01245567725, 5.87111426975, 1.06211250505, 4.15494057026, 0.870000634759, 668.986264163, 18.899502377
3.5591071811, 1.31130058017, 1.51855062687, 1.00000095751, 5.1181231107, 1.08884086356, 2.14306584255, 1.26000017995, 1.00000080877, 5.27658951317, 5.7513929856, 1.08449238963, 1.44346774408, 1.08628243125, 1.04403891886, 1.59666733429, 1.04429017483, 1.05359091211, 9.96716164931, 1.00000033314, 1.00000076952, 75.4456136478, 0.917458401101, 5.84922336229, 1.04608805762, 4.22595462685, 0.870000562278, 5645.29892404, 74.1276078512
1.84016932722, 1.11851054645, 1.40390671914, 1.00000045874, 5.49897543572, 1.10092157223, 1.49119072138, 1.26000010787, 1.00000023594, 5.3730737021, 7.52857255943, 1.07618696194, 1.38375927908, 1.03983017937, 1.03446092908, 1.22277200025, 1.0439174041, 1.01389516461, 4.41943672207, 1.00000052904, 1.00000076454, 88.8275404724, 1.08758746075, 4.84776075502, 1.06598495101, 3.54791918242, 0.870000845365, 2298.72839124, 38.0755894666
4.64419245148, 1.10550404016, 1.35903870601, 1.00000003846, 6.01386822028, 1.10373460994, 5.0595350588, 1.26000083285, 1.00000009415, 5.17536399781, 6.67399447122, 1.06461754997, 1.71549035087, 1.09279696324, 1.05839640718, 1.62408917491, 1.07974338711, 1.0325550618, 7.90494913694, 1.00000059564, 1.00000006406, 87.1909992455, 1.08958673513, 3.40872869607, 1.02327052688, 4.27593857964, 0.870000105904, 2703.61748991, 52.9732962718
3.25794176063, 1.28755420234, 1.3853667821, 1.00000093648, 4.93182664806, 1.0715528148, 2.52154204572, 1.26000025004, 1.00000055622, 5.293471944, 4.0757435106, 1.0709940999, 2.54005023171, 1.0878479042, 1.03468251252, 1.26852693239, 1.09065602666, 0.999455686028, 9.15214258636, 1.00000019219, 1.00000032877, 76.9465905704, 1.04032686804, 5.69903615028, 1.03934358535, 4.33407214136, 0.870000293704, 1904.3526373, 29.2196230757
1.03954110902, 1.13151755917, 1.36584351636, 1.0000005702, 6.28222759925, 1.12612626459, 2.44997962246, 1.2600003781, 1.00000090778, 5.48662209743, 7.11814530002, 1.05873406435, 1.08118936886, 1.09980668989, 1.0240353539, 1.35185993768, 1.05613494334, 0.999515871796, 5.58426652524, 1.00000057695, 1.0000009548, 84.8310339418, 1.08622680569, 4.91986085927, 1.06723771519, 4.31710233185, 0.870000153665, 2366.13053447, 31.0410733385
1.07332101143, 1.1876700357, 1.38119109611, 1.00000028467, 5.58421018126, 1.13542052806, 2.37242523843, 1.26000001565, 1.00000052074, 5.81056948845, 4.48292888883, 1.08999665218, 1.25335504158, 1.10325748623, 1.01787691608, 1.49196566389, 1.00263177732, 0.948301100487, 6.65004768076, 1.00000015107, 1.00000002376, 76.4051890907, 1.08663605813, 5.03205555715, 1.04323141904, 4.34186062379, 0.870000688053, 1241.32223719, 46.2625699629
