1.0, 1.0, -1.0, 1.0, 1.0, 2.0, 0.0, 0.0, 2.0, -1.0, 2.0, 0.0, 2.0, 0.0, 3.0, -1.0, -1.0, 0.0, 3.0, 3.0, 3.0, 0.0, 3.0, 3.0, 2.0, 3.0, 0.0, 2.0, 2.0, 3.0, -1.0, 0.0, -1.0, 3.0, -1.0, 1.0, 2.0, 0.0, 0.0, 2.0, 1.0, 2.0, -1.0, 3.0, 1.0, 1.0, 1.0, 1.0, 3.0, 0.0, 567.0, 99463.0
2.0, 1.0, 0.0, -1.0, 3.0, 0.0, 1.0, 3.0, 1.0, 3.0, -1.0, 0.0, 0.0, 0.0, 3.0, 3.0, 2.0, -1.0, -1.0, 1.0, 3.0, -1.0, 0.0, 2.0, 1.0, 1.0, 2.0, -1.0, -1.0, 2.0, -1.0, -1.0, 1.0, 0.0, 0.0, -1.0, -1.0, 2.0, -1.0, 1.0, 1.0, -1.0, 2.0, 2.0, 0.0, 0.0, -1.0, 2.0, 0.0, 1.0, 492.0, 99543.0
0.0, 1.0, -1.0, 1.0, -1.0, 2.0, 2.0, -1.0, 2.0, 2.0, -1.0, 2.0, 1.0, -1.0, -1.0, 1.0, 2.0, 1.0, 1.0, -1.0, 3.0, 1.0, 3.0, 1.0, -1.0, 0.0, 0.0, 3.0, 0.0, 2.0, 3.0, -1.0, -1.0, 0.0, -1.0, 0.0, 3.0, -1.0, 3.0, 3.0, 1.0, -1.0, 3.0, 0.0, 2.0, 2.0, 0.0, 3.0, -1.0, 0.0, 491.0, 99548.0
-1.0, 3.0, 3.0, 0.0, 1.0, 1.0, 3.0, 2.0, 3.0, -1.0, -1.0, 2.0, -1.0, 0.0, -1.0, 1.0, 3.0, 2.0, 1.0, 2.0, 0.0, -1.0, 0.0, 1.0, 2.0, 1.0, 0.0, 2.0, 1.0, 3.0, 0.0, -1.0, 0.0, 1.0, 2.0, 1.0, 3.0, 1.0, 1.0, 3.0, 0.0, -1.0, -1.0, 3.0, 0.0, -1.0, 2.0, 0.0, -1.0, 2.0, 541.0, 99488.0
-1.0, 1.0, -1.0, -1.0, 2.0, 0.0, -1.0, -1.0, 2.0, 0.0, -1.0, 1.0, 3.0, 2.0, 0.0, 1.0, 3.0, 3.0, 0.0, 1.0, 1.0, 2.0, -1.0, 1.0, -1.0, 0.0, -1.0, -1.0, 2.0, 0.0, -1.0, 0.0, -1.0, 2.0, -1.0, 3.0, 1.0, 3.0, 2.0, 0.0, 1.0, -1.0, 2.0, 0.0, 1.0, 2.0, 0.0, -1.0, -1.0, 2.0, 458.0, 99564.0
1.0, 1.0, -1.0, 1.0, 1.0, 2.0, 0.0, 0.0, 2.0, -1.0, 2.0, 0.0, 2.0, 0.0, 3.0, -1.0, -1.0, 0.0, 3.0, 3.0, 3.0, 0.0, 3.0, 3.0, 2.0, 3.0, 0.0, 2.0, 2.0, 3.0, -1.0, 0.0, -1.0, 3.0, -1.0, 1.0, 2.0, 0.0, 0.0, 2.0, 1.0, 2.0, -1.0, 3.0, 1.0, 1.0, 1.0, 1.0, 3.0, 0.0, 567.0, 99463.0
2.0, 1.0, 0.0, -1.0, 3.0, 0.0, 1.0, 3.0, 1.0, 3.0, -1.0, 0.0, 0.0, 0.0, 3.0, 3.0, 2.0, -1.0, -1.0, 1.0, 3.0, -1.0, 0.0, 2.0, 1.0, 1.0, 2.0, -1.0, -1.0, 2.0, -1.0, -1.0, 1.0, 0.0, 0.0, -1.0, -1.0, 2.0, -1.0, 1.0, 1.0, -1.0, 2.0, 2.0, 0.0, 0.0, -1.0, 2.0, 0.0, 1.0, 492.0, 99543.0
0.0, 1.0, -1.0, 1.0, -1.0, 2.0, 2.0, -1.0, 2.0, 2.0, -1.0, 2.0, 1.0, -1.0, -1.0, 1.0, 2.0, 1.0, 1.0, -1.0, 3.0, 1.0, 3.0, 1.0, -1.0, 0.0, 0.0, 3.0, 0.0, 2.0, 3.0, -1.0, -1.0, 0.0, -1.0, 0.0, 3.0, -1.0, 3.0, 3.0, 1.0, -1.0, 3.0, 0.0, 2.0, 2.0, 0.0, 3.0, -1.0, 0.0, 491.0, 99548.0
-1.0, 3.0, 3.0, 0.0, 1.0, 1.0, 3.0, 2.0, 3.0, -1.0, -1.0, 2.0, -1.0, 0.0, -1.0, 1.0, 3.0, 2.0, 1.0, 2.0, 0.0, -1.0, 0.0, 1.0, 2.0, 1.0, 0.0, 2.0, 1.0, 3.0, 0.0, -1.0, 0.0, 1.0, 2.0, 1.0, 3.0, 1.0, 1.0, 3.0, 0.0, -1.0, -1.0, 3.0, 0.0, -1.0, 2.0, 0.0, -1.0, 2.0, 541.0, 99488.0
1.0, 1.0, -1.0, 1.0, 1.0, 2.0, 0.0, 0.0, 2.0, -1.0, 2.0, 0.0, 2.0, 0.0, 3.0, -1.0, -1.0, 0.0, 3.0, 3.0, 3.0, 0.0, 3.0, 3.0, 2.0, 3.0, 0.0, 2.0, 2.0, 3.0, -1.0, 0.0, -1.0, 3.0, -1.0, 1.0, 2.0, 0.0, 0.0, 2.0, 1.0, 2.0, -1.0, 3.0, 1.0, 1.0, 1.0, 1.0, 3.0, 0.0, 567.0, 99463.0
2.0, 1.0, 0.0, -1.0, 3.0, 0.0, 1.0, 3.0, 1.0, 3.0, -1.0, 0.0, 0.0, 0.0, 3.0, 3.0, 2.0, -1.0, -1.0, 1.0, 3.0, -1.0, 0.0, 2.0, 1.0, 1.0, 2.0, -1.0, -1.0, 2.0, -1.0, -1.0, 1.0, 0.0, 0.0, -1.0, -1.0, 2.0, -1.0, 1.0, 1.0, -1.0, 2.0, 2.0, 0.0, 0.0, -1.0, 2.0, 0.0, 1.0, 492.0, 99543.0
0.0, 1.0, -1.0, 1.0, -1.0, 2.0, 2.0, -1.0, 2.0, 2.0, -1.0, 2.0, 1.0, -1.0, -1.0, 1.0, 2.0, 1.0, 1.0, -1.0, 3.0, 1.0, 3.0, 1.0, -1.0, 0.0, 0.0, 3.0, 0.0, 2.0, 3.0, -1.0, -1.0, 0.0, -1.0, 0.0, 3.0, -1.0, 3.0, 3.0, 1.0, -1.0, 3.0, 0.0, 2.0, 2.0, 0.0, 3.0, -1.0, 0.0, 491.0, 99548.0
-1.0, 3.0, 3.0, 0.0, 1.0, 1.0, 3.0, 2.0, 3.0, -1.0, -1.0, 2.0, -1.0, 0.0, -1.0, 1.0, 3.0, 2.0, 1.0, 2.0, 0.0, -1.0, 0.0, 3.0, 2.0, 1.0, 0.0, 2.0, 1.0, 3.0, 0.0, -1.0, 0.0, 1.0, 2.0, 1.0, 3.0, 1.0, 1.0, 3.0, 0.0, -1.0, -1.0, 3.0, 0.0, -1.0, 2.0, 0.0, -1.0, 2.0, 541.0, 99488.0
-1.0, -1.0, 1.0, 3.0, -1.0, 3.0, 0.0, 2.0, 1.0, 2.0, 3.0, 1.0, 3.0, 2.0, 0.0, 3.0, -1.0, 1.0, 3.0, 1.0, 0.0, -1.0, 3.0, 1.0, 0.0, 3.0, 0.0, 3.0, 2.0, 2.0, -1.0, 0.0, 1.0, 1.0, -1.0, -1.0, -1.0, 0.0, 2.0, -1.0, 1.0, -1.0, 1.0, 0.0, 3.0, 2.0, 1.0, 0.0, 2.0, 0.0, 527.0, 99497.0
-1.0, 1.0, -1.0, -1.0, 2.0, 0.0, -1.0, -1.0, 2.0, 0.0, -1.0, 1.0, 3.0, 2.0, 0.0, 1.0, 3.0, 3.0, 0.0, 1.0, 1.0, 2.0, -1.0, 1.0, -1.0, 0.0, -1.0, -1.0, 2.0, 0.0, -1.0, 0.0, -1.0, 2.0, -1.0, 3.0, 1.0, 3.0, 2.0, 0.0, 1.0, -1.0, 2.0, 0.0, 1.0, 2.0, 0.0, -1.0, -1.0, 2.0, 458.0, 99564.0
2.0, 1.0, 0.0, -1.0, 3.0, 0.0, 1.0, 3.0, 1.0, 3.0, -1.0, 0.0, 0.0, 0.0, 3.0, 3.0, 2.0, -1.0, -1.0, 1.0, 3.0, -1.0, 0.0, 2.0, 1.0, 1.0, 2.0, -1.0, -1.0, 2.0, -1.0, -1.0, 1.0, 0.0, 0.0, -1.0, -1.0, 2.0, -1.0, 1.0, 1.0, -1.0, 2.0, 2.0, 0.0, 0.0, -1.0, 2.0, 0.0, 1.0, 492.0, 99543.0
0.0, 1.0, -1.0, 1.0, -1.0, 2.0, 2.0, -1.0, 2.0, 2.0, -1.0, 2.0, 1.0, -1.0, -1.0, 1.0, 2.0, 1.0, 1.0, -1.0, 3.0, 1.0, 3.0, 1.0, -1.0, 0.0, 0.0, 3.0, 0.0, 2.0, 3.0, -1.0, -1.0, 0.0, -1.0, 0.0, 3.0, -1.0, 3.0, 3.0, 1.0, -1.0, 3.0, 0.0, 2.0, 2.0, 0.0, 3.0, -1.0, 0.0, 491.0, 99548.0
-1.0, 3.0, 3.0, 0.0, 1.0, 1.0, 3.0, 2.0, 3.0, -1.0, -1.0, 2.0, -1.0, 0.0, -1.0, 1.0, 3.0, 2.0, 1.0, 2.0, 0.0, -1.0, 0.0, 1.0, 2.0, 1.0, 0.0, 2.0, 1.0, 3.0, 0.0, -1.0, 0.0, 1.0, 2.0, 1.0, 3.0, 1.0, 1.0, 3.0, 0.0, -1.0, -1.0, 3.0, 0.0, -1.0, 2.0, 0.0, -1.0, 2.0, 541.0, 99488.0
-1.0, 1.0, 2.0, -1.0, 1.0, 1.0, 0.0, 3.0, 0.0, 2.0, -1.0, 0.0, 2.0, 2.0, 1.0, 0.0, -1.0, 1.0, 1.0, -1.0, 2.0, 2.0, 0.0, 0.0, -1.0, 3.0, 2.0, 0.0, -1.0, 0.0, 1.0, -1.0, 3.0, 3.0, 3.0, 3.0, 3.0, -1.0, 3.0, 1.0, -1.0, 0.0, 1.0, 1.0, -1.0, 3.0, 2.0, -1.0, 2.0, 1.0, 508.0, 99514.0
1.0, 1.0, -1.0, 1.0, 1.0, 2.0, 0.0, 0.0, 2.0, -1.0, 2.0, 0.0, 2.0, 0.0, 3.0, -1.0, -1.0, 0.0, 3.0, 3.0, 3.0, 0.0, 3.0, 3.0, 2.0, 3.0, 0.0, 2.0, 2.0, 3.0, -1.0, 0.0, -1.0, 3.0, -1.0, 1.0, 2.0, 0.0, 0.0, 2.0, 1.0, 2.0, -1.0, 0.0, 1.0, 1.0, 1.0, 1.0, 3.0, 0.0, 567.0, 99463.0
2.0, 1.0, 0.0, -1.0, 3.0, 0.0, 1.0, 3.0, 1.0, 3.0, -1.0, 0.0, 0.0, 0.0, 3.0, 3.0, 2.0, -1.0, -1.0, 1.0, 3.0, -1.0, 0.0, 2.0, 1.0, 1.0, 2.0, -1.0, -1.0, 2.0, -1.0, -1.0, 1.0, 0.0, 0.0, -1.0, -1.0, 2.0, -1.0, 1.0, 1.0, -1.0, 2.0, 2.0, 0.0, 0.0, -1.0, 2.0, 0.0, 1.0, 492.0, 99543.0
0.0, 1.0, -1.0, 1.0, -1.0, 2.0, 2.0, -1.0, 2.0, 2.0, -1.0, 2.0, 1.0, -1.0, -1.0, 1.0, 2.0, 1.0, 1.0, -1.0, 3.0, 1.0, 3.0, 1.0, -1.0, 0.0, 0.0, 3.0, 0.0, 2.0, 3.0, -1.0, -1.0, 0.0, -1.0, 0.0, 3.0, -1.0, 3.0, 3.0, 1.0, -1.0, 3.0, 0.0, 2.0, 2.0, 0.0, 3.0, -1.0, 0.0, 491.0, 99548.0
-1.0, 1.0, -1.0, -1.0, 2.0, 0.0, -1.0, 0.0, 2.0, 0.0, -1.0, 1.0, 3.0, 2.0, 0.0, 1.0, 3.0, 3.0, 0.0, 1.0, 1.0, 2.0, -1.0, 1.0, -1.0, 0.0, -1.0, -1.0, 2.0, 0.0, -1.0, 0.0, -1.0, 2.0, -1.0, 3.0, 1.0, 3.0, 2.0, 0.0, 1.0, -1.0, 2.0, 0.0, 1.0, 2.0, 0.0, -1.0, -1.0, 2.0, 471.0, 99551.0
1.0, 1.0, -1.0, 1.0, 1.0, 2.0, 0.0, -1.0, 2.0, -1.0, 2.0, 0.0, 2.0, 0.0, 3.0, -1.0, -1.0, 0.0, 3.0, 3.0, 3.0, 0.0, 3.0, 3.0, 2.0, 3.0, 0.0, 2.0, 2.0, 3.0, -1.0, 0.0, -1.0, 3.0, -1.0, 1.0, 2.0, 0.0, 0.0, 2.0, 1.0, 2.0, -1.0, 3.0, 1.0, 1.0, 1.0, 1.0, 3.0, 0.0, 554.0, 99476.0
2.0, 1.0, 0.0, -1.0, 3.0, 0.0, 1.0, 3.0, 1.0, 3.0, -1.0, 0.0, 0.0, 0.0, 3.0, 3.0, 2.0, -1.0, -1.0, 1.0, 3.0, -1.0, 0.0, 2.0, 1.0, 1.0, 2.0, -1.0, -1.0, 2.0, -1.0, -1.0, 1.0, 0.0, 0.0, -1.0, -1.0, 2.0, -1.0, 1.0, 1.0, -1.0, 2.0, 2.0, 0.0, 0.0, -1.0, 2.0, 0.0, 1.0, 492.0, 99543.0
0.0, 1.0, -1.0, 1.0, -1.0, 2.0, 2.0, -1.0, 2.0, 2.0, -1.0, 2.0, 1.0, -1.0, -1.0, 1.0, 2.0, 1.0, 1.0, -1.0, 3.0, 1.0, 3.0, 1.0, -1.0, 0.0, 0.0, 3.0, 0.0, 2.0, 3.0, -1.0, -1.0, 0.0, -1.0, 0.0, 3.0, -1.0, 3.0, 3.0, 1.0, -1.0, 3.0, 0.0, 2.0, 2.0, 0.0, 3.0, -1.0, 0.0, 491.0, 99548.0
-1.0, 3.0, 3.0, 0.0, 1.0, 1.0, 3.0, 2.0, 3.0, -1.0, -1.0, 2.0, -1.0, 0.0, -1.0, 1.0, 3.0, 2.0, 1.0, 2.0, 0.0, -1.0, 0.0, 1.0, 2.0, 1.0, 0.0, 2.0, 1.0, 3.0, 0.0, -1.0, 0.0, 1.0, 2.0, 1.0, 3.0, 1.0, 1.0, 3.0, 0.0, -1.0, -1.0, 3.0, 0.0, -1.0, 2.0, 0.0, -1.0, 2.0, 541.0, 99488.0
2.0, 1.0, 0.0, -1.0, 3.0, 0.0, 1.0, 3.0, 1.0, 3.0, -1.0, 0.0, 0.0, 0.0, 3.0, 3.0, 2.0, -1.0, -1.0, 1.0, 3.0, -1.0, 0.0, 2.0, 1.0, 1.0, 2.0, -1.0, -1.0, 2.0, -1.0, -1.0, 1.0, 0.0, 0.0, -1.0, -1.0, 2.0, -1.0, 1.0, 1.0, -1.0, 2.0, 2.0, 0.0, 0.0, -1.0, 2.0, 0.0, 1.0, 492.0, 99543.0
0.0, 1.0, -1.0, 1.0, -1.0, 2.0, 2.0, -1.0, 2.0, 2.0, -1.0, 2.0, 1.0, -1.0, -1.0, 1.0, 2.0, 1.0, 1.0, -1.0, 3.0, 1.0, 3.0, 1.0, -1.0, 0.0, 0.0, 3.0, 0.0, 2.0, 3.0, -1.0, -1.0, 0.0, -1.0, 0.0, 3.0, -1.0, 3.0, 3.0, 1.0, -1.0, 3.0, 0.0, 2.0, 2.0, 0.0, 3.0, -1.0, 0.0, 491.0, 99548.0
-1.0, 3.0, 3.0, 0.0, 1.0, 1.0, 3.0, 2.0, 3.0, -1.0, -1.0, 2.0, -1.0, 0.0, -1.0, 1.0, 3.0, 2.0, 1.0, 2.0, 0.0, -1.0, 0.0, 3.0, 2.0, 1.0, 0.0, 2.0, 1.0, 3.0, 0.0, -1.0, 0.0, 1.0, 2.0, 1.0, 3.0, 1.0, 1.0, 3.0, 0.0, -1.0, -1.0, 3.0, 0.0, -1.0, 2.0, 0.0, -1.0, 2.0, 541.0, 99488.0
-1.0, -1.0, 1.0, 3.0, -1.0, 3.0, 0.0, 2.0, 1.0, 2.0, 3.0, 1.0, 3.0, 2.0, 0.0, 3.0, -1.0, 1.0, 3.0, 1.0, 0.0, -1.0, 3.0, 1.0, 0.0, 3.0, 0.0, 3.0, 2.0, 2.0, -1.0, 0.0, 1.0, 1.0, -1.0, -1.0, -1.0, 0.0, 2.0, -1.0, 1.0, -1.0, 1.0, 0.0, 3.0, 2.0, 1.0, 0.0, 2.0, 0.0, 527.0, 99497.0
-1.0, 1.0, -1.0, -1.0, 2.0, 0.0, -1.0, -1.0, 2.0, 0.0, -1.0, 1.0, 3.0, 2.0, 0.0, 1.0, 3.0, 3.0, 0.0, 1.0, 1.0, 2.0, -1.0, 1.0, -1.0, 0.0, -1.0, -1.0, 2.0, 0.0, -1.0, 0.0, -1.0, 2.0, -1.0, 3.0, 1.0, 3.0, 2.0, 0.0, 1.0, -1.0, 2.0, 0.0, 1.0, 2.0, 0.0, -1.0, -1.0, 2.0, 458.0, 99564.0
0.0, 1.0, -1.0, 1.0, -1.0, 2.0, 2.0, -1.0, 2.0, 2.0, -1.0, 2.0, 1.0, -1.0, -1.0, 1.0, 2.0, 1.0, 1.0, -1.0, 3.0, 1.0, 3.0, 1.0, -1.0, 0.0, 0.0, 3.0, 0.0, 2.0, 3.0, -1.0, -1.0, 0.0, -1.0, 0.0, 3.0, -1.0, 3.0, 3.0, 1.0, -1.0, 3.0, 0.0, 2.0, 2.0, 0.0, 3.0, -1.0, 0.0, 491.0, 99548.0
-1.0, 3.0, 3.0, 0.0, 1.0, 1.0, 3.0, 2.0, 3.0, -1.0, -1.0, 2.0, -1.0, 0.0, -1.0, 1.0, 3.0, 2.0, 1.0, 2.0, 0.0, -1.0, 0.0, 1.0, 2.0, 1.0, 0.0, 2.0, 1.0, 3.0, 0.0, -1.0, 0.0, 1.0, 2.0, 1.0, 3.0, 1.0, 1.0, 3.0, 0.0, -1.0, -1.0, 3.0, 0.0, -1.0, 2.0, 0.0, -1.0, 2.0, 541.0, 99488.0
-1.0, 1.0, -1.0, -1.0, 1.0, 1.0, 0.0, 3.0, 0.0, 2.0, -1.0, 0.0, 2.0, 2.0, 1.0, 0.0, -1.0, 1.0, 1.0, -1.0, 2.0, 2.0, 0.0, 0.0, -1.0, 3.0, 2.0, 0.0, -1.0, 0.0, 1.0, -1.0, 3.0, 3.0, 3.0, 3.0, 3.0, -1.0, 3.0, 1.0, -1.0, 0.0, 1.0, 1.0, -1.0, 3.0, 2.0, -1.0, 2.0, 1.0, 493.0, 99525.0
-1.0, 1.0, -1.0, -1.0, 2.0, 0.0, -1.0, -1.0, 2.0, 0.0, -1.0, 1.0, 3.0, 2.0, 0.0, 1.0, 3.0, 3.0, 0.0, 1.0, 1.0, 2.0, -1.0, 1.0, -1.0, 0.0, -1.0, -1.0, 2.0, 0.0, 3.0, 0.0, -1.0, 2.0, -1.0, 3.0, 1.0, 3.0, 2.0, 0.0, 1.0, -1.0, 2.0, 0.0, 1.0, 2.0, 0.0, -1.0, -1.0, 2.0, 477.0, 99555.0
-1.0, 1.0, -1.0, -1.0, 2.0, 0.0, -1.0, -1.0, 2.0, 0.0, -1.0, 1.0, 3.0, 2.0, 0.0, 1.0, 3.0, 3.0, 0.0, 1.0, 1.0, 2.0, -1.0, 1.0, -1.0, 0.0, -1.0, -1.0, 2.0, 0.0, 3.0, 0.0, -1.0, 2.0, -1.0, 3.0, 1.0, 3.0, 2.0, 0.0, 1.0, -1.0, 2.0, 0.0, 1.0, 2.0, 0.0, -1.0, -1.0, 2.0, 477.0, 99555.0
-1.0, 1.0, -1.0, -1.0, 2.0, 0.0, -1.0, -1.0, 2.0, 0.0, -1.0, 1.0, 3.0, 2.0, 0.0, 1.0, 3.0, 3.0, 0.0, 1.0, 1.0, 2.0, -1.0, 1.0, -1.0, 0.0, -1.0, -1.0, 2.0, 0.0, 3.0, 0.0, -1.0, 2.0, -1.0, 3.0, 1.0, 3.0, 2.0, 0.0, 1.0, -1.0, 2.0, 3.0, 1.0, 2.0, 0.0, -1.0, -1.0, 2.0, 477.0, 99555.0
-1.0, 1.0, -1.0, -1.0, 2.0, 0.0, -1.0, -1.0, 2.0, 0.0, -1.0, 1.0, 3.0, 2.0, 0.0, 1.0, 3.0, 3.0, 0.0, 1.0, 1.0, 2.0, -1.0, 1.0, -1.0, 3.0, -1.0, -1.0, 2.0, 0.0, 3.0, 0.0, -1.0, 2.0, -1.0, 3.0, 1.0, 3.0, 2.0, 0.0, 1.0, -1.0, 2.0, 0.0, 1.0, 2.0, 1.0, -1.0, -1.0, 2.0, 477.0, 99555.0
-1.0, 3.0, -1.0, -1.0, 0.0, 0.0, 1.0, -1.0, 2.0, -1.0, -1.0, 0.0, 0.0, 3.0, -1.0, 1.0, 3.0, 1.0, 1.0, 0.0, 1.0, 2.0, 2.0, 1.0, 2.0, 3.0, 2.0, 2.0, -1.0, -1.0, 3.0, 3.0, 1.0, 0.0, 0.0, -1.0, 3.0, 1.0, -1.0, 2.0, 1.0, 0.0, 2.0, 3.0, 2.0, 1.0, -1.0, 0.0, 2.0, 0.0, 521.0, 99509.0
-1.0, 3.0, -1.0, -1.0, 0.0, 0.0, 1.0, -1.0, 2.0, -1.0, -1.0, 0.0, 0.0, 3.0, -1.0, 1.0, 3.0, 1.0, 1.0, 0.0, 1.0, 2.0, 2.0, 1.0, 2.0, 3.0, 2.0, 2.0, -1.0, -1.0, 3.0, 3.0, 1.0, 0.0, 0.0, -1.0, 3.0, 1.0, -1.0, 2.0, 1.0, 0.0, 2.0, 3.0, 2.0, 1.0, -1.0, 0.0, 2.0, 0.0, 521.0, 99509.0
-1.0, 3.0, -1.0, -1.0, 0.0, 0.0, 1.0, -1.0, 2.0, -1.0, -1.0, 0.0, 0.0, 3.0, -1.0, 1.0, 3.0, 1.0, 1.0, 0.0, 1.0, 2.0, 2.0, 1.0, 2.0, 3.0, 2.0, 2.0, -1.0, -1.0, 3.0, 3.0, 1.0, 0.0, 0.0, -1.0, 3.0, 1.0, -1.0, 2.0, 1.0, 0.0, 2.0, 3.0, 2.0, 1.0, -1.0, 0.0, 2.0, 0.0, 521.0, 99509.0
-1.0, 0.0, 3.0, -1.0, 3.0, 1.0, 1.0, 1.0, -1.0, -1.0, 1.0, 2.0, 2.0, -1.0, 0.0, 0.0, -1.0, 0.0, -1.0, 3.0, 0.0, 3.0, 2.0, 2.0, 1.0, 3.0, 3.0, 0.0, -1.0, 1.0, -1.0, -1.0, 3.0, 1.0, 3.0, 2.0, 0.0, 2.0, 2.0, 1.0, 3.0, -1.0, 0.0, 1.0, 2.0, 0.0, -1.0, -1.0, 2.0, 0.0, 498.0, 99525.0
-1.0, 0.0, -1.0, 3.0, 3.0, 3.0, 1.0, 2.0, 2.0, 0.0, 3.0, -1.0, 3.0, -1.0, -1.0, 2.0, -1.0, 2.0, 0.0, 3.0, 0.0, -1.0, 0.0, 1.0, 3.0, 1.0, 0.0, 2.0, -1.0, 0.0, -1.0, 2.0, 1.0, 0.0, 0.0, 3.0, 2.0, 1.0, 0.0, 2.0, 0.0, 1.0, 2.0, 3.0, 1.0, 3.0, 2.0, -1.0, 1.0, 1.0, 549.0, 99481.0
-1.0, 0.0, -1.0, 3.0, 3.0, 3.0, 1.0, 2.0, 2.0, 0.0, 3.0, -1.0, 3.0, -1.0, -1.0, 2.0, -1.0, 2.0, 0.0, 3.0, 0.0, -1.0, 0.0, 1.0, 3.0, 1.0, 0.0, 2.0, -1.0, 0.0, -1.0, 2.0, 1.0, 0.0, 0.0, 2.0, 2.0, 1.0, 0.0, 2.0, 0.0, 1.0, 2.0, 3.0, 1.0, 3.0, 2.0, -1.0, 1.0, 1.0, 549.0, 99481.0
-1.0, 0.0, -1.0, 3.0, 3.0, 3.0, 1.0, 2.0, 2.0, 0.0, 3.0, -1.0, 3.0, -1.0, -1.0, 2.0, -1.0, 2.0, 0.0, 3.0, 0.0, -1.0, 0.0, 1.0, 3.0, 1.0, 0.0, 2.0, -1.0, 0.0, -1.0, 2.0, 1.0, 0.0, 0.0, 3.0, 2.0, 1.0, 0.0, 2.0, 0.0, 1.0, 2.0, 3.0, 1.0, 3.0, 2.0, -1.0, 1.0, 1.0, 549.0, 99481.0
-1.0, 0.0, -1.0, 3.0, 3.0, 3.0, 1.0, 2.0, 2.0, 0.0, 3.0, -1.0, 3.0, -1.0, -1.0, 2.0, -1.0, 2.0, 0.0, 3.0, 0.0, -1.0, 0.0, 1.0, 3.0, 1.0, 0.0, 2.0, -1.0, 0.0, -1.0, 2.0, 1.0, 0.0, 0.0, 2.0, 2.0, 1.0, 0.0, 2.0, 0.0, 1.0, 2.0, 3.0, 1.0, 3.0, 2.0, -1.0, 1.0, 1.0, 549.0, 99481.0
-1.0, 0.0, -1.0, 3.0, 3.0, 3.0, 2.0, 2.0, 2.0, 0.0, 3.0, -1.0, 3.0, -1.0, -1.0, 2.0, -1.0, 0.0, 0.0, 3.0, 0.0, -1.0, 0.0, 1.0, 3.0, 1.0, 0.0, 2.0, -1.0, 0.0, -1.0, 2.0, 1.0, 0.0, 0.0, 3.0, 2.0, 1.0, 0.0, 2.0, 0.0, 1.0, 2.0, 3.0, 1.0, 3.0, 2.0, -1.0, 1.0, 1.0, 549.0, 99481.0
-1.0, 0.0, -1.0, 3.0, 3.0, 3.0, 1.0, 2.0, 2.0, 0.0, 3.0, -1.0, 0.0, -1.0, -1.0, 2.0, -1.0, 2.0, 0.0, 3.0, 0.0, -1.0, 0.0, 1.0, 3.0, 1.0, 0.0, 2.0, -1.0, 0.0, -1.0, 3.0, 1.0, 0.0, 0.0, 2.0, 2.0, 1.0, 0.0, 2.0, 0.0, 1.0, 2.0, 3.0, 1.0, 3.0, 2.0, -1.0, 1.0, 1.0, 549.0, 99481.0
-1.0, 0.0, -1.0, 3.0, 3.0, 3.0, 1.0, 2.0, 2.0, 0.0, 3.0, -1.0, 3.0, -1.0, -1.0, 2.0, -1.0, 2.0, 0.0, 3.0, 0.0, -1.0, 0.0, 1.0, 3.0, 1.0, 0.0, 2.0, -1.0, 0.0, -1.0, 2.0, 1.0, 0.0, 0.0, 2.0, 2.0, 1.0, 0.0, 2.0, 0.0, 1.0, 2.0, 3.0, 1.0, 3.0, 2.0, -1.0, 1.0, 1.0, 549.0, 99481.0
-1.0, 3.0, -1.0, -1.0, 0.0, 0.0, 1.0, -1.0, 2.0, -1.0, -1.0, 0.0, 0.0, 3.0, -1.0, 1.0, 3.0, -1.0, -1.0, 0.0, 1.0, 2.0, 2.0, 1.0, 2.0, 3.0, 2.0, 2.0, -1.0, -1.0, 3.0, 3.0, 1.0, 0.0, 0.0, -1.0, 3.0, 1.0, -1.0, 2.0, 1.0, 0.0, 2.0, 3.0, 2.0, 1.0, -1.0, 0.0, 2.0, 0.0, 499.0, 99537.0
-1.0, 3.0, -1.0, -1.0, 0.0, 2.0, -1.0, 1.0, 1.0, 1.0, 3.0, 1.0, 3.0, 2.0, 0.0, 1.0, 2.0, 0.0, 3.0, 0.0, 1.0, -1.0, -1.0, 1.0, 3.0, 2.0, 3.0, 0.0, 0.0, -1.0, 0.0, 1.0, 1.0, -1.0, -1.0, -1.0, 0.0, 1.0, -1.0, 1.0, 2.0, -1.0, 0.0, 2.0, -1.0, 3.0, 2.0, 3.0, 2.0, 0.0, 500.0, 99539.0
-1.0, 3.0, -1.0, -1.0, 0.0, 2.0, -1.0, 1.0, 1.0, 1.0, 3.0, 1.0, 3.0, 2.0, 0.0, 1.0, 2.0, 0.0, 3.0, 0.0, 1.0, -1.0, -1.0, 1.0, 3.0, 2.0, 3.0, 0.0, 0.0, -1.0, 0.0, 1.0, 1.0, -1.0, -1.0, -1.0, 0.0, 1.0, -1.0, 1.0, 2.0, -1.0, 0.0, 2.0, -1.0, 3.0, 2.0, 3.0, 2.0, 0.0, 500.0, 99539.0
3.0, 0.0, 0.0, 2.0, 2.0, -1.0, -1.0, 2.0, 1.0, 1.0, 1.0, 3.0, 2.0, 3.0, -1.0, 0.0, -1.0, 0.0, 2.0, -1.0, 3.0, -1.0, 0.0, 2.0, 0.0, -1.0, 2.0, 3.0, 1.0, -1.0, 2.0, 0.0, 3.0, 0.0, 0.0, -1.0, 1.0, -1.0, -1.0, 1.0, 1.0, 2.0, -1.0, 1.0, -1.0, -1.0, 2.0, 1.0, 3.0, -1.0, 486.0, 99562.0
3.0, 0.0, 0.0, 2.0, 2.0, -1.0, -1.0, 2.0, 1.0, 1.0, 1.0, 3.0, 2.0, 3.0, -1.0, 0.0, -1.0, 0.0, 2.0, -1.0, 3.0, -1.0, 0.0, 2.0, 0.0, -1.0, 2.0, 3.0, 1.0, -1.0, 2.0, 0.0, 3.0, 0.0, 0.0, -1.0, 1.0, -1.0, -1.0, 1.0, 1.0, 2.0, -1.0, 1.0, -1.0, -1.0, 2.0, 1.0, 3.0, -1.0, 486.0, 99562.0
3.0, 0.0, 0.0, 2.0, 2.0, -1.0, 0.0, 2.0, -1.0, 1.0, 1.0, 3.0, 2.0, 3.0, -1.0, 0.0, -1.0, 0.0, 2.0, -1.0, 3.0, -1.0, 0.0, 2.0, 0.0, -1.0, 2.0, 3.0, 1.0, -1.0, 2.0, 0.0, 3.0, 0.0, 0.0, -1.0, 1.0, -1.0, 1.0, 1.0, 1.0, 2.0, -1.0, 1.0, -1.0, -1.0, 2.0, 1.0, 3.0, -1.0, 500.0, 99545.0
3.0, 0.0, 0.0, 2.0, 2.0, -1.0, 0.0, 2.0, -1.0, 1.0, 1.0, 3.0, 2.0, 3.0, -1.0, 0.0, -1.0, 0.0, 2.0, -1.0, 3.0, -1.0, 0.0, 2.0, 0.0, -1.0, 2.0, 3.0, 1.0, -1.0, 2.0, 0.0, 3.0, 0.0, 0.0, -1.0, 1.0, -1.0, 1.0, 1.0, 1.0, 2.0, -1.0, 1.0, -1.0, -1.0, 2.0, 1.0, 3.0, -1.0, 500.0, 99545.0
-1.0, 0.0, -1.0, 3.0, 3.0, 3.0, 1.0, 2.0, 2.0, 0.0, 3.0, -1.0, 3.0, -1.0, -1.0, 2.0, -1.0, 2.0, 0.0, 3.0, 0.0, 1.0, 0.0, 1.0, 3.0, 1.0, 0.0, 2.0, -1.0, 0.0, -1.0, 2.0, 1.0, 0.0, 0.0, 3.0, 2.0, 1.0, 0.0, 2.0, 0.0, 1.0, 2.0, 3.0, 1.0, 3.0, 2.0, -1.0, 1.0, 1.0, 563.0, 99474.0
3.0, 2.0, 0.0, 1.0, 2.0, 1.0, -1.0, 0.0, -1.0, -1.0, 3.0, 2.0, -1.0, 0.0, 0.0, -1.0, -1.0, 3.0, 2.0, 2.0, 2.0, -1.0, 1.0, 3.0, 0.0, 3.0, -1.0, 3.0, 1.0, -1.0, 1.0, 2.0, -1.0, -1.0, 2.0, -1.0, 2.0, 1.0, 3.0, -1.0, 0.0, -1.0, 3.0, 2.0, 2.0, 0.0, -1.0, 3.0, 0.0, 3.0, 480.0, 99567.0
3.0, 2.0, 0.0, 1.0, 2.0, 1.0, -1.0, 0.0, -1.0, -1.0, 3.0, 2.0, -1.0, 0.0, 0.0, -1.0, -1.0, 3.0, 2.0, 2.0, 2.0, -1.0, 1.0, 3.0, 0.0, 3.0, -1.0, 3.0, 1.0, -1.0, 1.0, 2.0, -1.0, -1.0, 2.0, -1.0, 2.0, 1.0, 3.0, -1.0, 0.0, -1.0, 3.0, 2.0, 2.0, 0.0, -1.0, 3.0, 0.0, 3.0, 480.0, 99567.0
0.0, 2.0, -1.0, -1.0, 0.0, 1.0, 2.0, 2.0, 1.0, 1.0, 1.0, 1.0, 0.0, 0.0, 0.0, -1.0, 1.0, 0.0, 3.0, -1.0, 2.0, -1.0, 3.0, -1.0, 0.0, 0.0, -1.0, 1.0, 1.0, -1.0, -1.0, 0.0, 2.0, 1.0, 3.0, 0.0, -1.0, 3.0, 3.0, 2.0, 0.0, 2.0, 2.0, 1.0, 2.0, 3.0, -1.0, 2.0, 3.0, -1.0, 524.0, 99513.0
0.0, 2.0, -1.0, -1.0, 0.0, 1.0, 2.0, 2.0, 1.0, 1.0, 1.0, 1.0, 0.0, 0.0, 0.0, -1.0, 1.0, 0.0, 3.0, -1.0, 2.0, -1.0, 3.0, -1.0, 0.0, 0.0, -1.0, 1.0, 1.0, -1.0, -1.0, 0.0, 2.0, 1.0, 3.0, 0.0, -1.0, 3.0, 3.0, 2.0, 0.0, 2.0, 2.0, 1.0, 2.0, 3.0, -1.0, 2.0, 3.0, -1.0, 524.0, 99513.0
-1.0, 0.0, 2.0, -1.0, 1.0, 2.0, 2.0, 3.0, 2.0, 2.0, 0.0, 1.0, 0.0, -1.0, -1.0, 0.0, 2.0, 2.0, 2.0, -1.0, 0.0, 1.0, 1.0, 0.0, -1.0, -1.0, -1.0, -1.0, 1.0, 0.0, 0.0, 3.0, -1.0, -1.0, 3.0, 3.0, -1.0, -1.0, -1.0, 3.0, 1.0, 1.0, 2.0, 1.0, 3.0, -1.0, 0.0, 0.0, 1.0, 3.0, 490.0, 99568.0
-1.0, 0.0, 2.0, -1.0, 1.0, 2.0, 2.0, 3.0, 2.0, 2.0, 0.0, 1.0, 0.0, -1.0, -1.0, 0.0, 2.0, 2.0, 2.0, -1.0, 0.0, 1.0, 1.0, 0.0, -1.0, -1.0, -1.0, -1.0, 1.0, 0.0, 0.0, 3.0, -1.0, -1.0, 3.0, 3.0, -1.0, -1.0, -1.0, 3.0, 1.0, 1.0, 2.0, 1.0, 3.0, -1.0, 0.0, 0.0, 1.0, 3.0, 490.0, 99568.0
