0.104648651158, 0.821010404434, 86.0264063987, 0.641587960984, 47.247956153, 1.25170532937, 0.167375628713, 2.83631957826, 1.39595997636, 1229.11083303, 0.00494352659797
0.104648651158, 0.822270617055, 85.133293966, 0.641587960984, 54.3894172082, 1.25170532937, 0.795724916664, 2.83631957826, 1.08482073795, 1216.23315018, 0.00738949043318
0.230636613397, 0.82105748827, 80.6663656811, 0.66621623887, 45.4167427693, 21.7060099634, 0.473672139954, 1.65338682236, 1.27170462984, 922.380231045, 0.129541416521
0.261503136777, 0.862316760164, 87.23068988, 0.628153585312, 40.8640439101, 45.0330295277, 0.765839423353, 4.28372132461, 6.38187684801, 1334.92873384, 0.0
0.133318818463, 0.834212572181, 90.6614407959, 0.687379190063, 11.4950983819, 11.5181161022, 0.728828953518, 1.05684963849, 8.15007553508, 1187.14449815, 0.0704246111035
0.115707926741, 0.82062368355, 81.7238204407, 0.603818140981, 51.4510436755, 45.0330295277, 0.0481474164514, 2.1247033422, 2.50027257341, 754.210049446, 0.131482404207
0.261503136777, 0.837781170723, 87.23068988, 0.691306957913, 60.6140358697, 1.14194057347, 0.728828953518, 4.01156946568, 6.38187684801, 1217.50729838, 0.0128166842328
0.541344861533, 0.832081090321, 87.23068988, 0.543166813223, 40.8640439101, 46.1317482652, 0.129141668371, 4.01156946568, 6.38187684801, 2524.35054847, 1.11022302463e-16
0.104648651158, 0.822270617055, 86.0264063987, 0.641587960984, 44.6322914819, 1.25170532937, 0.167375628713, 2.83631957826, 1.39595997636, 1980.81768203, 0.000534212879498
0.104648651158, 0.821010404434, 86.0264063987, 0.641587960984, 47.247956153, 1.25170532937, 0.167375628713, 2.83631957826, 1.39595997636, 1363.05239817, 0.00620889903431
0.104648651158, 0.833490968692, 85.133293966, 0.641587960984, 54.3894172082, 1.25170532937, 0.795724916664, 2.83631957826, 1.03676935215, 1626.94979243, 0.00301372834543
0.192874117308, 0.874467189828, 90.6614407959, 0.686709651242, 60.6140358697, 11.5181161022, 0.728828953518, 1.05684963849, 2.50027257341, 3763.28245825, 0.0
0.104648651158, 0.821264484716, 85.133293966, 0.664286516992, 54.3894172082, 1.25170532937, 0.167375628713, 2.83631957826, 1.39595997636, 1585.1596684, 0.00344146720075
0.261503136777, 0.837781170723, 87.23068988, 0.628153585312, 40.8640439101, 45.0330295277, 0.765839423353, 4.01156946568, 6.38187684801, 1113.01973173, 0.410479112738
0.670855790228, 0.843546995551, 85.4772285411, 0.602408553121, 84.6609836883, 16.7210151561, 0.905387909008, 0.730789615092, 7.45878677299, 1054.78230911, 0.483956956061
0.133318818463, 0.834212572181, 90.6614407959, 0.687379190063, 11.4950983819, 11.5181161022, 0.728828953518, 1.05684963849, 8.15007553508, 1210.30464884, 0.169812477327
0.261503136777, 0.832081090321, 87.23068988, 0.619120690818, 40.8640439101, 46.1317482652, 0.765839423353, 4.01156946568, 6.38187684801, 1170.43822423, 0.346702241003
0.261503136777, 0.837781170723, 87.23068988, 0.691306957913, 60.6140358697, 1.14194057347, 0.728828953518, 4.01156946568, 6.38187684801, 1217.50729838, 0.0137398314803
0.261503136777, 0.822270617055, 85.133293966, 0.684756029204, 60.6140358697, 1.89205972272, 0.167375628713, 0.625879240781, 1.39595997636, 2172.0650012, 0.000740363497072
0.139905250502, 0.833490968692, 86.0264063987, 0.425860999327, 45.4167427693, 1.25170532937, 0.906105149976, 4.05238231302, 7.42924987006, 2074.46213112, 0.00265463058385
0.104648651158, 0.822270617055, 85.133293966, 0.641587960984, 54.3894172082, 1.25170532937, 0.795724916664, 2.83631957826, 1.39595997636, 2016.26287031, 0.0029608688661
0.104648651158, 0.822270617055, 85.133293966, 0.641587960984, 54.3894172082, 1.25170532937, 0.167375628713, 2.83631957826, 1.39595997636, 1512.19715273, 0.00880676504586
0.104648651158, 0.820141494831, 85.133293966, 0.699621004563, 54.3894172082, 1.60081732239, 0.167375628713, 1.58613208496, 14.5445421446, 1502.03639637, 0.0116290485039
0.104648651158, 0.822270617055, 85.133293966, 0.641587960984, 56.0412610299, 1.60893572939, 0.000217352705161, 1.37554669246, 1.39595997636, 1543.05831912, 0.00703567001544
0.802535352899, 1.05428745977, 91.9504882697, 0.501457496608, 61.7498770914, 9.75932449398, 0.338974656417, 2.54709146678, 1.33984765729, 6028.96680098, 0.0
0.104648651158, 0.822270617055, 85.133293966, 0.641587960984, 54.3894172082, 1.89205972272, 0.167375628713, 2.83631957826, 1.39595997636, 1747.86424147, 0.0064396821463
0.101322459084, 0.822270617055, 85.133293966, 0.699621004563, 54.3894172082, 1.67004243327, 0.167375628713, 1.58613208496, 14.5445421446, 1880.93661068, 0.00485090700515
0.139905250502, 0.833490968692, 86.0264063987, 0.425860999327, 45.4167427693, 1.89205972272, 0.906105149976, 3.39388986565, 13.1177777178, 1838.11734834, 0.00562224074033
0.499814795817, 0.821688106278, 83.8496597183, 0.619120690818, 28.4839835754, 16.7210151561, 0.894952325822, 3.20788628609, 2.50027257341, 1129.84692919, 0.413247140236
0.862316671436, 0.822385534326, 85.6998166509, 0.625094782643, 58.5464951273, 43.3073638772, 0.534118888601, 3.97979263114, 8.15007553508, 1093.54800575, 0.759155655377
0.863445615772, 0.822270617055, 81.7238204407, 0.664286516992, 65.3687903212, 45.0330295277, 0.842335119688, 2.40190148759, 4.34535872701, 1204.52332733, 0.347265620106
0.499814795817, 0.823030157771, 83.8496597183, 0.684756029204, 28.4839835754, 16.7210151561, 0.894952325822, 3.20788628609, 2.50027257341, 1178.19171696, 0.413119095771
0.541344861533, 0.824758551405, 85.133293966, 0.6654183261, 67.5325282263, 1.00562632638, 0.129141668371, 1.41562339419, 1.39595997636, 1284.1037869, 0.0232550671279
0.100641388144, 0.822270617055, 88.373095517, 0.641587960984, 54.3894172082, 1.89205972272, 0.795724916664, 1.58613208496, 1.01323954101, 1396.64851361, 0.0195875862494
0.265247549128, 0.82105748827, 80.6663656811, 0.59454485861, 45.4167427693, 21.7060099634, 0.473672139954, 1.65338682236, 1.27170462984, 1261.4749287, 0.114183118334
0.100641388144, 0.822270617055, 85.133293966, 0.641587960984, 54.3894172082, 1.89205972272, 0.167375628713, 1.58613208496, 1.01323954101, 2228.90696333, 0.00447216121911
0.104648651158, 0.822270617055, 85.133293966, 0.641587960984, 54.3894172082, 1.25170532937, 0.795724916664, 2.83631957826, 1.39595997636, 2268.2957291, 0.00402375633191
0.104648651158, 0.822270617055, 85.133293966, 0.683020556574, 54.3894172082, 1.15847159933, 0.795724916664, 2.83631957826, 1.39595997636, 1586.38864363, 0.00814157087071
0.104648651158, 0.822270617055, 85.133293966, 0.641587960984, 54.3894172082, 1.36523621398, 0.167375628713, 2.83631957826, 1.39595997636, 1626.10291229, 0.00706893519237
0.140611501133, 1.24615275853, 89.8906084646, 0.555144652219, 51.4510436755, 1.89205972272, 0.0481474164514, 2.1247033422, 1.10690457071, 14973.3559295, 0.00349502819639
0.104648651158, 0.830220529348, 85.133293966, 0.641587960984, 76.7624132589, 1.00562632638, 0.940183280621, 0.625879240781, 1.11017701167, 1788.95332231, 0.00655699341262
0.100641388144, 0.822270617055, 85.133293966, 0.641587960984, 54.3894172082, 1.89205972272, 0.167375628713, 4.15538796259, 1.01323954101, 1886.75019265, 0.00508813382769
0.863445615772, 0.822270617055, 81.7238204407, 0.602408553121, 65.3687903212, 45.0330295277, 0.344517146332, 3.97979263114, 2.03237924743, 1199.96792559, 0.477165514091
0.261503136777, 0.837781170723, 87.23068988, 0.691306957913, 24.5606024211, 1.14194057347, 0.728828953518, 4.01156946568, 6.38187684801, 1373.36500649, 0.0366045625601
0.139905250502, 0.833490968692, 86.0264063987, 0.425860999327, 45.4167427693, 1.25170532937, 0.906105149976, 3.39388986565, 7.42924987006, 1559.55983605, 0.0227342390165
0.261503136777, 0.837781170723, 87.23068988, 0.691306957913, 24.5606024211, 1.14194057347, 0.728828953518, 4.01156946568, 6.38187684801, 1524.40797724, 0.0283312727373
0.862316671436, 0.822385534326, 87.3755504864, 0.677497537591, 10.0737983304, 4.49370137505, 0.534118888601, 3.97979263114, 8.15007553508, 1358.21463493, 0.234974369485
0.670855790228, 0.843546995551, 85.4772285411, 0.602408553121, 84.6609836883, 16.7210151561, 0.905387909008, 1.83582935225, 7.45878677299, 1265.07642725, 0.284350033933
0.104648651158, 0.862316760164, 87.23068988, 0.641587960984, 54.3894172082, 1.0437990636, 0.728828953518, 4.01156946568, 6.38187684801, 2341.55673025, 0.00441690116723
0.104648651158, 0.821264484716, 85.133293966, 0.664286516992, 11.4950983819, 1.25170532937, 0.167375628713, 2.83631957826, 1.39595997636, 1600.41398345, 0.0138837412466
0.104648651158, 0.821589407535, 85.133293966, 0.641587960984, 54.3894172082, 1.10597135167, 0.167375628713, 2.83631957826, 4.11210638132, 1757.04282143, 0.00753957440097
0.104648651158, 0.820141494831, 85.133293966, 0.699621004563, 54.3894172082, 1.60081732239, 0.167375628713, 1.58613208496, 14.5445421446, 1698.19786604, 0.00850290764944
0.139905250502, 0.833490968692, 86.0264063987, 0.425860999327, 45.4167427693, 1.89205972272, 0.906105149976, 3.39388986565, 13.1177777178, 1655.65717038, 0.0132675400651
0.206304100633, 0.904100458396, 85.133293966, 0.684756029204, 13.9161365707, 1.25170532937, 0.765839423353, 3.39388986565, 4.70768856222, 1858.00340181, 0.00715225205032
0.104648651158, 0.822270617055, 85.133293966, 0.641587960984, 54.3894172082, 1.25170532937, 0.795724916664, 2.83631957826, 1.08482073795, 2213.3703946, 0.00572746033464
0.104648651158, 0.822270617055, 85.133293966, 0.641587960984, 54.3894172082, 1.89205972272, 0.167375628713, 1.58613208496, 1.39595997636, 2097.43708977, 0.00703576809148
0.863445615772, 0.822270617055, 81.7238204407, 0.664286516992, 65.3687903212, 45.0330295277, 0.842335119688, 3.97979263114, 2.03237924743, 1256.19830665, 0.617015077996
0.139905250502, 0.833490968692, 86.0264063987, 0.425860999327, 45.4167427693, 4.59406158375, 0.906105149976, 3.39388986565, 7.42924987006, 1406.78662762, 0.0685278782547
0.206304100633, 0.904100458396, 85.133293966, 0.688002552214, 13.9161365707, 1.25170532937, 0.765839423353, 3.39388986565, 4.70768856222, 1490.31430756, 0.0382964154813
0.689501025441, 0.823030157771, 85.133293966, 0.684756029204, 50.0414818641, 1.29709462477, 0.74556640406, 0.625879240781, 8.42289639631, 1427.77624677, 0.0558542667361
0.44217576349, 0.821264484716, 85.133293966, 0.664286516992, 11.4950983819, 1.25170532937, 0.167375628713, 2.1247033422, 1.39595997636, 1564.10441664, 0.037136929632
0.499814795817, 0.821688106278, 83.8496597183, 0.619120690818, 28.4839835754, 32.9968731629, 0.728828953518, 3.20788628609, 2.50027257341, 1381.28685273, 0.28370040993
0.140611501133, 0.851163520842, 86.0264063987, 0.405248587931, 68.1056394232, 38.3347485902, 0.733462004352, 4.93818885793, 3.95249196162, 1322.19995433, 0.379724678596
0.670855790228, 0.843546995551, 83.7540239156, 0.602408553121, 84.6609836883, 16.7210151561, 0.905387909008, 0.730789615092, 7.45878677299, 1276.08177041, 0.442213373898
0.140611501133, 1.24615275853, 89.8906084646, 0.555144652219, 51.4510436755, 1.89205972272, 0.728828953518, 4.01156946568, 1.10690457071, 12716.1979805, 0.00445590894945
0.104648651158, 0.830220529348, 81.6608248337, 0.641587960984, 76.7624132589, 1.00562632638, 0.940183280621, 0.625879240781, 1.39595997636, 2465.1490848, 0.00487342243247
0.140611501133, 0.904100458396, 85.133293966, 0.684756029204, 53.7431548815, 1.10600823196, 0.473672139954, 1.65338682236, 6.40380591638, 3549.70543645, 0.00467938208356
0.123079911396, 0.851163520842, 81.2193145431, 0.425860999327, 49.4910612037, 1.373218197, 0.733462004352, 2.1247033422, 4.70768856222, 1648.44492779, 0.0206962487
0.261503136777, 0.837781170723, 87.23068988, 0.691306957913, 60.6140358697, 1.14194057347, 0.728828953518, 4.01156946568, 6.38187684801, 1612.74287658, 0.0305504180416
0.261503136777, 0.862316760164, 87.23068988, 0.691306957913, 60.6140358697, 1.0437990636, 0.728828953518, 4.01156946568, 6.38187684801, 1723.57887154, 0.00871747836507
0.206304100633, 0.822270617055, 85.133293966, 0.641587960984, 45.4167427693, 1.25170532937, 0.167375628713, 0.136097580004, 4.70768856222, 1707.1591253, 0.0111356315169
0.104648651158, 0.822270617055, 85.133293966, 0.641587960984, 54.3894172082, 1.25170532937, 0.795724916664, 2.83631957826, 1.39595997636, 1810.70879847, 0.00858673480655
0.261503136777, 0.862316760164, 87.23068988, 0.691306957913, 60.6140358697, 1.14194057347, 0.728828953518, 4.01156946568, 6.38187684801, 2020.49792084, 0.00788806315111
0.139905250502, 0.833490968692, 86.0264063987, 0.425860999327, 45.4167427693, 1.89205972272, 0.906105149976, 3.39388986565, 7.42924987006, 2425.27468381, 0.00594457259123
0.102304513402, 0.851163520842, 81.2193145431, 0.423462439567, 49.4910612037, 1.373218197, 0.733462004352, 2.1247033422, 4.70768856222, 2309.30798443, 0.00598699057564
0.123079911396, 0.904100458396, 81.2193145431, 0.440230858224, 49.4910612037, 1.373218197, 0.733462004352, 2.1247033422, 4.70768856222, 2265.2456389, 0.00754835584627
0.104648651158, 0.822270617055, 85.133293966, 0.699621004563, 54.3894172082, 1.67004243327, 0.167375628713, 1.58613208496, 14.5445421446, 2166.97476505, 0.00757148659616
0.103875991979, 0.822270617055, 85.133293966, 0.639836512009, 54.3894172082, 1.25170532937, 0.795724916664, 3.10408226656, 1.08482073795, 2152.49183758, 0.00786184566002
0.271549219156, 0.821688106278, 81.4861781403, 0.615246552398, 77.9139736816, 11.1824822816, 0.894952325822, 3.20788628609, 4.80101590925, 1492.76366297, 0.12376156214
0.689501025441, 0.823030157771, 90.8504674425, 0.684756029204, 50.0414818641, 1.29709462477, 0.74556640406, 0.625879240781, 8.42289639631, 1509.4455098, 0.077763097596
0.862316671436, 0.822385534326, 85.6998166509, 0.625094782643, 58.5464951273, 24.8476450699, 0.534118888601, 3.97979263114, 8.15007553508, 1476.99990388, 0.214759597598
0.192874117308, 0.874467189828, 90.6614407959, 0.684756029204, 60.6140358697, 11.5181161022, 0.728828953518, 1.05684963849, 2.50027257341, 1515.91377896, 0.0565934109935
0.863445615772, 0.822270617055, 81.7238204407, 0.664286516992, 65.3687903212, 45.0330295277, 0.842335119688, 2.40190148759, 4.34535872701, 1296.17184137, 0.894712578305
0.863445615772, 0.822270617055, 81.7238204407, 0.686013479987, 65.3687903212, 43.3073638772, 0.842335119688, 2.79972898355, 2.90174734503, 1309.98110456, 0.45570980434
0.101322459084, 0.822270617055, 85.133293966, 0.699621004563, 54.3894172082, 1.67004243327, 0.167375628713, 0.122861450949, 14.5445421446, 2515.33960046, 0.00516326223509
0.261503136777, 1.17596047941, 92.679050362, 0.691306957913, 60.6140358697, 1.07002769253, 0.728828953518, 4.01156946568, 6.38187684801, 12749.6428602, 0.00502674266184
0.206304100633, 0.823030157771, 89.8906084646, 0.5223645372, 94.3635881285, 2.30610735279, 0.74556640406, 4.04185348492, 6.53852822655, 1670.40803459, 0.0260871742174
0.142877174687, 0.868728935727, 80.3690172493, 0.684756029204, 10.0737983304, 4.49370137505, 0.555483866454, 3.33649293812, 4.87385939732, 1648.42738024, 0.0326587082891
0.140611501133, 0.851163520842, 86.0264063987, 0.46641312185, 68.1056394232, 1.89205972272, 0.733462004352, 4.93818885793, 2.50027257341, 1755.17838991, 0.0102909574965
0.115707926741, 0.82062368355, 87.23068988, 0.603818140981, 51.4510436755, 1.14194057347, 0.0481474164514, 2.1247033422, 2.50027257341, 1714.43913824, 0.0118651320184
0.261503136777, 0.837781170723, 87.23068988, 0.676778320384, 60.6140358697, 1.14194057347, 0.765839423353, 4.01156946568, 6.38187684801, 1713.33649665, 0.0127703915357
0.104648651158, 0.822270617055, 85.133293966, 0.641587960984, 54.3894172082, 1.25170532937, 0.795724916664, 2.83631957826, 1.08482073795, 1712.54679742, 0.0145028798183
0.206304100633, 0.823030157771, 89.8906084646, 0.5223645372, 94.3635881285, 5.62266030529, 0.74556640406, 1.24506375248, 6.53852822655, 1887.54894831, 0.00957018015284
0.123079911396, 0.851163520842, 81.2193145431, 0.46641312185, 49.4910612037, 1.373218197, 0.733462004352, 2.1247033422, 4.70768856222, 2151.25245403, 0.00951366936192
0.114227233514, 0.82249501865, 85.133293966, 0.691306957913, 31.5950655015, 1.29709462477, 0.74556640406, 2.83631957826, 8.42289639631, 2506.11660432, 0.0061643953072
0.23220078184, 0.904100458396, 80.6883004855, 0.641587960984, 45.4167427693, 1.25170532937, 0.167375628713, 0.625879240781, 13.1177777178, 2501.80126188, 0.00628513690469
0.115707926741, 0.833490968692, 86.0264063987, 0.425860999327, 73.8323047388, 1.0437990636, 0.906105149976, 3.39388986565, 13.1177777178, 2356.62371264, 0.00686595803414
0.139905250502, 0.833490968692, 86.0264063987, 0.425860999327, 45.4167427693, 1.25170532937, 0.906105149976, 3.39388986565, 7.42924987006, 2187.09700817, 0.00787758616299
0.888852129035, 0.821688106278, 85.6998166509, 0.625094782643, 58.5464951273, 43.3073638772, 0.534118888601, 3.97979263114, 8.15007553508, 1347.02359329, 0.482510567677
0.104648651158, 0.874467189828, 87.23068988, 0.691306957913, 60.6140358697, 1.0437990636, 0.919249486603, 3.37585609736, 1.39595997636, 2741.5037304, 0.00526726298341
