3.0, 0.0, 2.0, 2.0, 2.0, -1.0, -1.0, 2.0, 1.0, 1.0, 1.0, 3.0, 2.0, 3.0, -1.0, -1.0, -1.0, 1.0, 2.0, -1.0, 3.0, -1.0, 0.0, 2.0, 0.0, -1.0, 2.0, 3.0, 1.0, -1.0, 2.0, -1.0, 3.0, 0.0, 0.0, -1.0, 1.0, 0.0, -1.0, 1.0, 1.0, 2.0, -1.0, 1.0, -1.0, -1.0, 2.0, -1.0, 3.0, -1.0, 448.0, 99592.0
3.0, 0.0, 2.0, 2.0, 2.0, -1.0, -1.0, 2.0, 1.0, 1.0, 1.0, 1.0, 2.0, 3.0, -1.0, -1.0, -1.0, 1.0, 2.0, -1.0, 3.0, -1.0, 0.0, 2.0, 0.0, -1.0, 2.0, 2.0, 1.0, -1.0, 1.0, -1.0, 3.0, 0.0, 0.0, -1.0, 1.0, 0.0, -1.0, 1.0, 1.0, 2.0, -1.0, 1.0, -1.0, -1.0, 2.0, -1.0, 3.0, -1.0, 448.0, 99592.0
-1.0, -1.0, -1.0, 3.0, -1.0, 3.0, 0.0, 2.0, 1.0, 2.0, 2.0, 1.0, 3.0, 3.0, 0.0, 3.0, -1.0, 1.0, 3.0, -1.0, 0.0, -1.0, 3.0, 3.0, 0.0, 3.0, 0.0, 3.0, 2.0, 2.0, -1.0, 0.0, 1.0, 1.0, -1.0, -1.0, -1.0, 0.0, 2.0, -1.0, 1.0, -1.0, 1.0, 0.0, 3.0, 2.0, 0.0, 0.0, 2.0, 0.0, 493.0, 99520.0
-1.0, -1.0, -1.0, 3.0, -1.0, 3.0, 0.0, 2.0, 1.0, 2.0, -1.0, 0.0, 3.0, 3.0, 0.0, 3.0, -1.0, -1.0, 3.0, -1.0, 0.0, -1.0, 3.0, 3.0, 0.0, 3.0, 0.0, 3.0, 2.0, 2.0, -1.0, 0.0, 1.0, 1.0, -1.0, -1.0, -1.0, 0.0, 2.0, -1.0, 1.0, -1.0, 1.0, 0.0, 3.0, 2.0, 0.0, 0.0, 2.0, 0.0, 466.0, 99542.0
-1.0, 1.0, -1.0, -1.0, 2.0, 0.0, -1.0, -1.0, -1.0, 0.0, -1.0, 1.0, 3.0, 2.0, 0.0, 1.0, 3.0, 3.0, 0.0, 1.0, 1.0, 2.0, -1.0, 1.0, -1.0, 0.0, -1.0, -1.0, 2.0, 0.0, 3.0, 0.0, -1.0, 2.0, -1.0, 3.0, 1.0, 3.0, 2.0, 0.0, 1.0, -1.0, 2.0, 0.0, 1.0, 2.0, 0.0, -1.0, -1.0, 2.0, 464.0, 99571.0
-1.0, -1.0, -1.0, 3.0, -1.0, 3.0, 0.0, 2.0, 1.0, 2.0, -1.0, 1.0, 3.0, 3.0, 0.0, 3.0, -1.0, 1.0, 3.0, -1.0, 0.0, -1.0, 3.0, 3.0, 0.0, 3.0, 0.0, 3.0, 2.0, 2.0, -1.0, 0.0, 1.0, 1.0, -1.0, -1.0, -1.0, 0.0, 2.0, -1.0, 1.0, -1.0, 1.0, 0.0, 3.0, 2.0, 0.0, 0.0, 2.0, 0.0, 477.0, 99528.0
-1.0, 2.0, -1.0, 2.0, 2.0, -1.0, -1.0, 2.0, 2.0, -1.0, -1.0, 3.0, 0.0, 1.0, 1.0, 3.0, -1.0, 0.0, 2.0, 0.0, 1.0, 1.0, -1.0, 1.0, 0.0, 3.0, 0.0, -1.0, 1.0, 1.0, -1.0, 3.0, 0.0, 2.0, 1.0, 2.0, 3.0, -1.0, 2.0, 3.0, 0.0, 1.0, -1.0, 1.0, 3.0, 0.0, 0.0, 3.0, -1.0, 1.0, 505.0, 99508.0
3.0, 0.0, 2.0, 2.0, 2.0, -1.0, -1.0, 2.0, 1.0, 1.0, 1.0, 3.0, 2.0, 3.0, -1.0, -1.0, -1.0, 1.0, 2.0, -1.0, 3.0, -1.0, 0.0, 2.0, 0.0, -1.0, 2.0, 3.0, 1.0, -1.0, 2.0, 1.0, 3.0, 1.0, 0.0, -1.0, 1.0, 0.0, -1.0, 1.0, 1.0, 2.0, -1.0, 1.0, -1.0, -1.0, 2.0, -1.0, 3.0, -1.0, 463.0, 99578.0
-1.0, -1.0, -1.0, 3.0, -1.0, 3.0, 0.0, 2.0, 1.0, 2.0, -1.0, 1.0, 3.0, 3.0, 0.0, 3.0, -1.0, 1.0, 3.0, -1.0, 0.0, -1.0, 3.0, 3.0, 0.0, 3.0, 0.0, 3.0, 2.0, 2.0, -1.0, 0.0, 1.0, 1.0, -1.0, -1.0, -1.0, 0.0, 2.0, -1.0, 1.0, -1.0, 1.0, 0.0, 3.0, 2.0, 0.0, 0.0, 2.0, 0.0, 477.0, 99528.0
0.0, 2.0, 1.0, 2.0, 2.0, -1.0, 0.0, 2.0, 2.0, -1.0, 3.0, 3.0, 0.0, 1.0, 1.0, 3.0, -1.0, 0.0, 3.0, 0.0, 2.0, 1.0, -1.0, 1.0, 0.0, 1.0, 0.0, -1.0, 3.0, 1.0, -1.0, 3.0, 0.0, 2.0, 1.0, 2.0, 3.0, -1.0, 2.0, 3.0, 0.0, 1.0, -1.0, 0.0, 3.0, 0.0, 1.0, 3.0, -1.0, 1.0, 567.0, 99461.0
-1.0, 2.0, -1.0, 2.0, 2.0, -1.0, -1.0, 2.0, 2.0, -1.0, -1.0, 3.0, 0.0, 1.0, 1.0, 3.0, -1.0, 0.0, 2.0, 0.0, 1.0, 1.0, -1.0, 1.0, 0.0, 1.0, 0.0, -1.0, 1.0, 1.0, -1.0, 3.0, 0.0, 2.0, 1.0, 2.0, 3.0, -1.0, 2.0, 3.0, 0.0, 1.0, -1.0, 1.0, 3.0, 0.0, 0.0, 3.0, -1.0, 1.0, 505.0, 99508.0
-1.0, 3.0, 3.0, 0.0, 1.0, 1.0, 3.0, 2.0, 3.0, -1.0, -1.0, 2.0, -1.0, 0.0, -1.0, -1.0, 3.0, 2.0, 1.0, 2.0, 0.0, -1.0, 0.0, 1.0, 2.0, 1.0, 0.0, 2.0, 1.0, 3.0, 1.0, -1.0, 0.0, 1.0, 2.0, 1.0, 3.0, 1.0, 1.0, 3.0, 0.0, -1.0, -1.0, 3.0, 0.0, -1.0, 2.0, 0.0, -1.0, 2.0, 522.0, 99501.0
1.0, 1.0, -1.0, 1.0, 1.0, 3.0, 0.0, 0.0, 2.0, -1.0, -1.0, 0.0, 2.0, 0.0, 3.0, -1.0, -1.0, 0.0, 3.0, 3.0, 0.0, -1.0, 3.0, 3.0, 2.0, 3.0, 0.0, 2.0, 2.0, 3.0, -1.0, 0.0, -1.0, 3.0, -1.0, 1.0, 2.0, 0.0, 0.0, 2.0, 1.0, 2.0, -1.0, 3.0, 1.0, 1.0, 1.0, 1.0, 3.0, 0.0, 537.0, 99478.0
3.0, 0.0, 2.0, 2.0, 2.0, -1.0, -1.0, 2.0, 1.0, 1.0, 1.0, 3.0, 2.0, 3.0, -1.0, 0.0, -1.0, 1.0, 2.0, -1.0, 3.0, -1.0, 0.0, 2.0, 0.0, -1.0, 2.0, 3.0, 1.0, -1.0, 2.0, -1.0, 3.0, 0.0, 0.0, -1.0, 1.0, -1.0, -1.0, 1.0, 1.0, 2.0, -1.0, 1.0, -1.0, -1.0, 2.0, -1.0, 3.0, -1.0, 454.0, 99589.0
-1.0, -1.0, -1.0, 3.0, -1.0, 3.0, 0.0, 2.0, 1.0, 2.0, -1.0, 0.0, 3.0, 3.0, 0.0, 3.0, -1.0, -1.0, 3.0, -1.0, 0.0, -1.0, 3.0, 3.0, 0.0, 3.0, 0.0, 3.0, 2.0, 2.0, -1.0, 2.0, 1.0, 1.0, -1.0, -1.0, -1.0, 0.0, 2.0, -1.0, 1.0, -1.0, 1.0, 0.0, 3.0, 2.0, 0.0, 0.0, 2.0, 0.0, 466.0, 99542.0
3.0, 0.0, 2.0, 2.0, 2.0, -1.0, -1.0, 2.0, 1.0, 1.0, 1.0, 3.0, 2.0, 3.0, -1.0, 0.0, -1.0, 1.0, 2.0, -1.0, 3.0, -1.0, 0.0, 2.0, 0.0, -1.0, 2.0, 3.0, 1.0, -1.0, 2.0, -1.0, 3.0, 0.0, 0.0, -1.0, 1.0, -1.0, -1.0, 1.0, 1.0, 2.0, -1.0, 1.0, -1.0, -1.0, 2.0, -1.0, 3.0, -1.0, 454.0, 99589.0
1.0, 1.0, -1.0, 1.0, 1.0, 3.0, 0.0, 0.0, 2.0, -1.0, 2.0, 0.0, 2.0, 0.0, 3.0, -1.0, -1.0, 0.0, 3.0, 3.0, 0.0, -1.0, 3.0, 3.0, 2.0, 3.0, 0.0, 2.0, 2.0, 3.0, -1.0, 0.0, -1.0, 3.0, -1.0, 1.0, 2.0, 0.0, 0.0, 2.0, 1.0, 2.0, -1.0, 3.0, 1.0, 1.0, 1.0, 1.0, 3.0, 0.0, 553.0, 99470.0
2.0, 1.0, -1.0, 3.0, 1.0, 1.0, 1.0, 3.0, 0.0, 2.0, -1.0, 3.0, 2.0, 0.0, 3.0, -1.0, 3.0, 3.0, 0.0, 0.0, 0.0, -1.0, 2.0, 0.0, 2.0, 2.0, 3.0, 3.0, 2.0, 3.0, -1.0, 2.0, -1.0, 0.0, 1.0, 1.0, 2.0, 0.0, 1.0, 0.0, 1.0, 0.0, 3.0, -1.0, 0.0, 1.0, 1.0, 2.0, 3.0, 1.0, 582.0, 99450.0
-1.0, 1.0, -1.0, -1.0, 2.0, 0.0, -1.0, -1.0, -1.0, 0.0, -1.0, 1.0, 3.0, 2.0, 0.0, 1.0, 3.0, 3.0, 0.0, 1.0, 1.0, 2.0, -1.0, 1.0, -1.0, 0.0, -1.0, -1.0, 2.0, 0.0, 3.0, 0.0, -1.0, 2.0, -1.0, 3.0, 1.0, 3.0, 2.0, 0.0, 1.0, -1.0, 2.0, 0.0, 1.0, 2.0, 0.0, -1.0, -1.0, 2.0, 464.0, 99571.0
-1.0, 3.0, 3.0, 0.0, 1.0, 1.0, 3.0, 2.0, 3.0, -1.0, -1.0, 2.0, -1.0, 0.0, -1.0, -1.0, 3.0, 2.0, 1.0, 2.0, 0.0, -1.0, 0.0, 1.0, 2.0, 1.0, 0.0, 2.0, 1.0, 3.0, 1.0, -1.0, 0.0, 1.0, 2.0, 1.0, 3.0, 1.0, 1.0, 3.0, 0.0, -1.0, -1.0, 3.0, 0.0, -1.0, 2.0, 0.0, -1.0, 0.0, 522.0, 99501.0
1.0, 1.0, -1.0, 1.0, 1.0, 3.0, 0.0, 0.0, 2.0, -1.0, 2.0, 0.0, 2.0, 0.0, 3.0, -1.0, -1.0, 0.0, 3.0, 3.0, 0.0, -1.0, 3.0, 3.0, 2.0, 3.0, 0.0, 2.0, 2.0, 3.0, -1.0, 0.0, -1.0, 3.0, -1.0, 1.0, 2.0, 0.0, 0.0, 2.0, 1.0, 2.0, -1.0, 3.0, 1.0, 1.0, 1.0, 1.0, 3.0, 0.0, 553.0, 99470.0
-1.0, 2.0, -1.0, 2.0, 2.0, -1.0, -1.0, 2.0, 2.0, -1.0, -1.0, 3.0, 0.0, 1.0, 1.0, 3.0, -1.0, 0.0, 2.0, 0.0, 1.0, 1.0, -1.0, 1.0, 3.0, 1.0, 0.0, -1.0, 1.0, 1.0, 2.0, 3.0, 0.0, 2.0, 1.0, 2.0, 3.0, -1.0, 2.0, 3.0, 0.0, 1.0, -1.0, 1.0, 3.0, 3.0, 0.0, 3.0, -1.0, 1.0, 524.0, 99499.0
0.0, 2.0, 1.0, 2.0, 2.0, -1.0, 0.0, 2.0, 2.0, -1.0, 3.0, 3.0, 0.0, 1.0, 1.0, 3.0, -1.0, 0.0, 3.0, 0.0, 2.0, 1.0, -1.0, 1.0, 0.0, 1.0, 0.0, -1.0, 1.0, 1.0, -1.0, 3.0, 0.0, 2.0, 1.0, 2.0, 3.0, -1.0, 2.0, 3.0, 0.0, 1.0, -1.0, 0.0, 3.0, 0.0, 1.0, 3.0, -1.0, 1.0, 567.0, 99461.0
-1.0, 2.0, -1.0, 2.0, 2.0, -1.0, -1.0, 2.0, 2.0, -1.0, -1.0, 3.0, 0.0, 1.0, 1.0, 3.0, -1.0, 0.0, 2.0, 0.0, 1.0, 1.0, -1.0, 1.0, 3.0, 1.0, 0.0, -1.0, 1.0, 1.0, 2.0, 3.0, 0.0, 2.0, 1.0, 2.0, 3.0, -1.0, 2.0, 3.0, 0.0, 3.0, -1.0, 1.0, 3.0, 1.0, 0.0, 3.0, -1.0, 1.0, 524.0, 99499.0
-1.0, -1.0, -1.0, 3.0, -1.0, 3.0, 0.0, 2.0, 1.0, 2.0, -1.0, 0.0, 3.0, 3.0, 0.0, 3.0, -1.0, -1.0, 3.0, -1.0, 0.0, -1.0, 3.0, 3.0, 0.0, 3.0, 0.0, 3.0, 2.0, 2.0, -1.0, 0.0, 1.0, 1.0, -1.0, -1.0, -1.0, 0.0, 2.0, -1.0, 1.0, -1.0, 1.0, 0.0, 3.0, 2.0, 0.0, 0.0, 2.0, 0.0, 466.0, 99542.0
-1.0, -1.0, -1.0, 3.0, -1.0, 3.0, 0.0, 2.0, 1.0, 2.0, -1.0, 0.0, 3.0, 3.0, 0.0, 3.0, -1.0, -1.0, 3.0, -1.0, 0.0, -1.0, 3.0, 3.0, 0.0, 1.0, 0.0, 3.0, 2.0, 2.0, -1.0, 2.0, 1.0, 1.0, -1.0, -1.0, -1.0, 0.0, 2.0, -1.0, 1.0, -1.0, 1.0, 0.0, 3.0, 2.0, 0.0, 0.0, 2.0, 0.0, 466.0, 99542.0
-1.0, 2.0, -1.0, 2.0, 2.0, -1.0, -1.0, 2.0, 2.0, -1.0, -1.0, 3.0, 0.0, 1.0, 1.0, 3.0, -1.0, 0.0, 2.0, 0.0, 1.0, 1.0, -1.0, 1.0, 3.0, 1.0, 0.0, -1.0, 1.0, 1.0, 2.0, 3.0, 0.0, 2.0, 1.0, 2.0, 3.0, -1.0, 2.0, 3.0, 0.0, 1.0, -1.0, 1.0, 3.0, 3.0, 0.0, 3.0, -1.0, 1.0, 524.0, 99499.0
-1.0, 2.0, -1.0, 2.0, 2.0, -1.0, -1.0, 2.0, 2.0, -1.0, -1.0, 3.0, 0.0, 1.0, 1.0, 3.0, -1.0, 0.0, 2.0, 0.0, 1.0, 1.0, -1.0, 1.0, 3.0, 1.0, 0.0, -1.0, 1.0, 1.0, 2.0, 3.0, 0.0, 2.0, 1.0, 2.0, 3.0, -1.0, 2.0, 3.0, 0.0, 3.0, -1.0, 1.0, 3.0, 1.0, 0.0, 3.0, -1.0, 1.0, 524.0, 99499.0
0.0, 2.0, 1.0, 2.0, 2.0, -1.0, 0.0, 2.0, 2.0, -1.0, 3.0, 3.0, 0.0, 1.0, 1.0, 3.0, -1.0, 0.0, 3.0, 0.0, 2.0, 1.0, -1.0, 1.0, 0.0, 1.0, 0.0, -1.0, 1.0, 1.0, -1.0, 3.0, 0.0, 2.0, 1.0, 2.0, 3.0, -1.0, 2.0, 3.0, 0.0, 1.0, -1.0, 0.0, 3.0, 0.0, 1.0, 3.0, -1.0, 1.0, 567.0, 99461.0
0.0, 2.0, 1.0, 2.0, 2.0, -1.0, 0.0, 2.0, 2.0, -1.0, 3.0, 3.0, 0.0, 1.0, 1.0, 3.0, -1.0, 0.0, 3.0, 0.0, 2.0, 1.0, -1.0, 1.0, 0.0, 1.0, 0.0, -1.0, 1.0, 1.0, -1.0, 3.0, 0.0, 2.0, 1.0, 2.0, 3.0, -1.0, 2.0, 3.0, 0.0, 1.0, -1.0, 0.0, 3.0, 0.0, 1.0, 3.0, -1.0, 1.0, 567.0, 99461.0
0.0, 2.0, 1.0, 2.0, 2.0, -1.0, 0.0, 2.0, 2.0, -1.0, 3.0, 3.0, 0.0, 1.0, 1.0, 3.0, -1.0, 0.0, 3.0, 0.0, 2.0, 1.0, -1.0, 1.0, 0.0, 1.0, 0.0, -1.0, 1.0, 1.0, -1.0, 3.0, 0.0, 2.0, 1.0, 2.0, 3.0, -1.0, 2.0, 3.0, 0.0, 1.0, -1.0, 0.0, 3.0, 0.0, 1.0, 3.0, -1.0, 1.0, 567.0, 99461.0
-1.0, 0.0, -1.0, 3.0, 2.0, 3.0, 1.0, 2.0, 2.0, 0.0, 3.0, -1.0, 3.0, -1.0, -1.0, 2.0, -1.0, 2.0, 0.0, 0.0, 0.0, -1.0, 3.0, 1.0, 3.0, 1.0, 0.0, 2.0, 3.0, 0.0, -1.0, 2.0, 1.0, 0.0, 0.0, 3.0, 2.0, 1.0, 0.0, 2.0, 0.0, 1.0, 2.0, 3.0, 1.0, 1.0, 2.0, -1.0, 1.0, 1.0, 566.0, 99468.0
-1.0, 0.0, -1.0, 3.0, 2.0, 3.0, 1.0, 2.0, 2.0, 0.0, 3.0, -1.0, 3.0, -1.0, -1.0, 2.0, -1.0, 2.0, 0.0, 0.0, 0.0, -1.0, 3.0, 1.0, 3.0, 1.0, 0.0, 2.0, 3.0, 0.0, -1.0, 2.0, 1.0, 0.0, 0.0, 3.0, 2.0, 1.0, 0.0, 2.0, 0.0, 1.0, 2.0, 3.0, 1.0, 1.0, 2.0, -1.0, 1.0, 1.0, 566.0, 99468.0
-1.0, 0.0, -1.0, 3.0, 3.0, 3.0, 1.0, 2.0, 2.0, 0.0, 3.0, -1.0, 3.0, -1.0, -1.0, 2.0, -1.0, 2.0, 0.0, 0.0, 0.0, -1.0, 3.0, 1.0, 3.0, 1.0, 0.0, 2.0, 3.0, 0.0, -1.0, 2.0, 1.0, 0.0, 0.0, 3.0, 2.0, 1.0, 0.0, 2.0, 0.0, 1.0, 2.0, 3.0, 1.0, 1.0, 2.0, -1.0, 1.0, 1.0, 566.0, 99468.0
-1.0, 0.0, -1.0, 3.0, 2.0, 3.0, 1.0, 2.0, 2.0, 0.0, 3.0, -1.0, 3.0, -1.0, -1.0, 2.0, -1.0, 2.0, 0.0, 3.0, 0.0, -1.0, 0.0, 1.0, 3.0, 1.0, 0.0, 2.0, 3.0, 0.0, -1.0, 2.0, 1.0, 0.0, 0.0, 3.0, 2.0, 1.0, 0.0, 2.0, 0.0, 1.0, 2.0, 3.0, 1.0, 3.0, 2.0, -1.0, 1.0, 1.0, 566.0, 99468.0
