0.127559867714, 1.25385668496, 93.005845748, 0.485871047958, 36.2829907057, 2.36088821989, 1.51043058428, 0.782048422418, 9.26228583774, 0.020674849935, 0.0666666666667
0.411689996071, 1.09271806374, 92.621950298, 0.525751464997, 81.4016022739, 1.34854772164, 1.48869211285, 0.139043229585, 13.8928340687, 0.0324021059189, 0.0294117647059
0.438427699934, 0.94446650871, 84.3043140199, 0.590268061206, 36.2784136221, 1.2115106091, 0.8820572947, 1.02128478533, 16.6923528276, 0.0349066919848, 0.0
0.152717943734, 1.21945426551, 93.9770347694, 0.456110655576, 27.2187227127, 13.2361048172, 0.712481673884, 0.96658722667, 10.2915345578, 0.0837642160863, 0.0
0.172005911764, 1.00184892436, 80.0360748525, 0.651258454984, 11.1837480484, 9.09177050389, 0.666220046612, 1.20417858097, 5.42271732315, 0.0346397661016, 0.538461538462
0.321142335456, 1.08585679026, 81.1056888907, 0.684718003758, 28.0869078029, 4.28599755389, 1.89769269767, 1.13168270054, 13.4739241085, 0.0786503239128, 0.0294117647059
0.218620679028, 1.03493496992, 90.202801858, 0.514058779922, 4.75701318619, 12.1208157293, 1.08736522892, 0.719513225267, 18.1432301351, 0.108372127712, 0.0
0.411689996071, 1.09271806374, 92.621950298, 0.525751464997, 5.29888914825, 1.34854772164, 0.987081811751, 0.139043229585, 9.0325160818, 0.0512628304387, 0.153846153846
0.31538383132, 1.25551249215, 88.6278819669, 0.61316335247, 85.4325875168, 4.55476801092, 1.24100703584, 1.58712090646, 7.80815638654, 0.0755753399213, 0.0769230769231
0.264974987572, 1.15284125691, 89.5388495981, 0.565750220188, 5.65966586564, 17.377687307, 0.880520086129, 1.95533411378, 5.04120657365, 0.125882282357, 0.0
0.172217994053, 0.879329683235, 88.0723528491, 0.547339310972, 51.8416411143, 8.63447541276, 1.57430685265, 1.87018954599, 8.88353755299, 0.0778096110197, 0.255319148936
0.333637541021, 0.956626868724, 87.6197775797, 0.695862156605, 51.2173977098, 19.0343794582, 0.00153912949282, 0.749036400491, 11.2410089135, 0.142214091631, 0.0
0.198620235527, 1.02962954597, 81.6982791528, 0.654560308871, 61.7496364065, 33.6238045262, 1.88244670734, 0.980656806831, 12.6629869531, 0.169053057601, 0.0
0.152717943734, 1.21945426551, 93.9770347694, 0.529652206595, 27.2187227127, 13.2361048172, 0.712481673884, 0.96658722667, 10.2915345578, 0.10668770892, 0.181818181818
0.377864731927, 0.824035282709, 85.4671314206, 0.409808702677, 95.5591356663, 3.08727109352, 1.76460755093, 2.35561650653, 14.4431256596, 0.0881488448397, 0.230769230769
0.428707466518, 0.92294888093, 82.3332639927, 0.664955898071, 42.9198619468, 14.2517312207, 1.40347391232, 4.13795230386, 17.6270075585, 0.181621719033, 0.0
0.428707466518, 0.92294888093, 82.3332639927, 0.642749659751, 42.9198619468, 1.2115106091, 1.85648619612, 4.13795230386, 17.6270075585, 0.086597538678, 0.450980392157
0.309467548559, 1.02431074982, 92.9569033157, 0.630427732852, 23.1258957398, 11.2054109141, 1.92118480327, 4.44400873529, 2.44604179937, 0.144476803918, 0.0384615384615
0.557303402079, 1.0737950194, 89.1970497836, 0.643669828317, 2.9825572411, 12.6284783818, 1.64294170151, 3.79540511494, 13.5740930031, 0.191301707757, 0.0
0.205352254111, 1.11670351656, 87.4708497293, 0.608879385857, 44.2311906338, 11.9260379957, 0.169990015362, 3.8056631013, 4.9671416287, 0.157427187689, 0.0526315789474
0.25285618633, 1.20352362802, 90.2012004756, 0.52308999501, 23.8449509638, 30.985306468, 0.714850121728, 4.15409665362, 6.72063336009, 0.209105260885, 0.0
0.11143807878, 1.00892003668, 90.8423741691, 0.411732718941, 90.5641345511, 14.7606211203, 1.36645210597, 2.98653852742, 16.8837506797, 0.116385842646, 0.405797101449
0.879694031482, 1.02691950394, 88.3052636583, 0.614305752617, 13.0924405228, 6.48088678092, 1.23054020285, 3.6594243222, 17.0973455366, 0.215892829062, 0.0
0.321142335456, 1.08585679026, 88.3134631227, 0.684718003758, 28.0869078029, 4.28599755389, 1.89769269767, 1.13168270054, 13.4739241085, 0.117173843274, 0.491228070175
0.644854825142, 0.931901335129, 86.5029718647, 0.65045825504, 36.2829907057, 10.9988983495, 1.41897989784, 4.76232224885, 15.5559665421, 0.227639567161, 0.0
0.64563971551, 0.948282283435, 87.1729681117, 0.67469559521, 2.75401759296, 27.2551634878, 0.760545396821, 0.795050111143, 2.04282651025, 0.134879838337, 0.5
0.172005911764, 1.00184892436, 80.0360748525, 0.651258454984, 11.1837480484, 9.09177050389, 0.0204086390174, 1.20417858097, 5.42271732315, 0.133005004423, 0.681818181818
0.19805650389, 0.84511616105, 92.2952577607, 0.563231075152, 81.5770713616, 14.9504984208, 1.63864377356, 4.98640844128, 19.5017472239, 0.229691038149, 0.0
0.11143807878, 1.00892003668, 90.8423741691, 0.411732718941, 90.5641345511, 12.2002921638, 1.36645210597, 2.98653852742, 16.8837506797, 0.143375510405, 0.298245614035
0.25285618633, 1.20352362802, 90.2012004756, 0.410685121809, 23.8449509638, 30.985306468, 0.714850121728, 4.15409665362, 6.72063336009, 0.151311859236, 0.25
0.131187695336, 1.02962954597, 81.6982791528, 0.654560308871, 61.7496364065, 44.5576099487, 1.88244670734, 0.980656806831, 8.42383028224, 0.234479339922, 0.0
0.130665090506, 1.09939202328, 83.2882281694, 0.490471493442, 74.4865606551, 26.8221343839, 0.919930129275, 4.87731058836, 1.54281747201, 0.142729839798, 0.6
0.183986950505, 1.14333335895, 83.5613330006, 0.564195766753, 40.5763020439, 33.0802244894, 0.961306031597, 2.03912183632, 5.61125170007, 0.171471350712, 0.2
0.707351382374, 1.23585836466, 92.8374912847, 0.584274276044, 99.7721333993, 20.3344644016, 0.0204086390174, 3.56020620462, 18.4274926238, 0.24308367871, 0.0
0.105012981627, 1.06073723023, 80.7261566115, 0.403850509373, 51.5428901879, 39.415620282, 1.62235673256, 3.44211799178, 19.9153568457, 0.193237103684, 0.09375
0.183986950505, 1.1920237002, 81.3961815501, 0.581095794269, 80.1003591315, 28.6645537, 1.95077096239, 3.41710873893, 7.57027403456, 0.192025328506, 0.15
0.377864731927, 0.824035282709, 85.4671314206, 0.409808702677, 95.5591356663, 3.08727109352, 1.76460755093, 3.6177269419, 14.4431256596, 0.155270834054, 0.553571428571
0.525375418462, 1.22533928394, 91.1256989318, 0.672445123908, 0.408820200678, 11.0543158418, 1.39453424503, 3.57685501039, 13.6771753708, 0.250754585945, 0.0
0.358621669326, 1.04887395589, 85.8944860058, 0.410842876918, 9.89727626403, 12.8923444785, 1.6096883861, 1.84238566869, 3.50802765489, 0.225163268417, 0.0697674418605
0.573002468685, 1.01442630168, 86.701515598, 0.657591236998, 57.3528049667, 4.55476801092, 1.72057437931, 1.58712090646, 13.9236408728, 0.169736707822, 0.318181818182
0.815614006043, 1.02818235229, 81.5914229485, 0.527751865594, 73.996878926, 47.6191791615, 0.918328568737, 3.9748243589, 9.46716634892, 0.254351290308, 0.0
0.179836319741, 1.23658210864, 89.7947882215, 0.675591897663, 84.2984843263, 44.3002714672, 1.76940933431, 0.719089338303, 5.29359202069, 0.257837656261, 0.0
0.447307222493, 1.10304333603, 82.1310062745, 0.690824613166, 72.0863391973, 7.26681351597, 1.52750383712, 0.311908339779, 7.37367551794, 0.206962419936, 0.183673469388
0.221427887851, 1.17656038029, 87.1653412715, 0.691678354243, 83.9666297639, 30.8792882282, 1.52807555371, 2.75058530162, 12.424742219, 0.265596802787, 0.0
0.19805650389, 0.84511616105, 92.2952577607, 0.563231075152, 62.5647585385, 14.9504984208, 1.63864377356, 4.98640844128, 19.5017472239, 0.191974961044, 0.257142857143
0.110158742234, 0.958173827625, 94.0635848622, 0.548204854641, 37.514449277, 47.6494898814, 0.974077078876, 3.14973682287, 4.03852628271, 0.22309348426, 0.153846153846
0.127559867714, 1.25385668496, 93.005845748, 0.485871047958, 89.4208968103, 14.2532724216, 1.51043058428, 0.782048422418, 9.26228583774, 0.184212952422, 0.466101694915
0.31538383132, 1.25551249215, 88.6278819669, 0.61316335247, 85.4325875168, 39.3886516758, 1.33958701253, 4.97335362253, 7.80815638654, 0.285782036549, 0.0
0.7999772412, 1.07238136387, 91.5587392514, 0.581408460359, 36.1616782189, 7.77298431783, 0.402779839686, 2.80157552438, 19.2274303815, 0.286566590573, 0.0
0.309467548559, 1.02431074982, 90.0667221714, 0.630427732852, 23.1258957398, 11.2054109141, 1.92118480327, 4.44400873529, 2.44604179937, 0.202398264087, 0.295454545455
0.438427699934, 0.94446650871, 84.3043140199, 0.590268061206, 83.2820232264, 14.2517312207, 0.8820572947, 1.02128478533, 16.6923528276, 0.287784328669, 0.0
0.796732634251, 0.840387788981, 85.418718391, 0.558809910966, 21.1874631651, 15.240214587, 0.394457332988, 3.95712528531, 12.4383750136, 0.208704300957, 0.294117647059
0.179836319741, 1.23658210864, 88.0433957887, 0.675591897663, 84.2984843263, 44.3002714672, 1.76940933431, 0.719089338303, 5.29359202069, 0.292858334451, 0.0
0.415611567277, 1.13583525649, 94.4466872478, 0.555853925178, 80.2917161205, 36.638468626, 0.537594064052, 1.53855589748, 15.6525337022, 0.310746696198, 0.0
0.333637541021, 0.956626868724, 87.6197775797, 0.695862156605, 51.2173977098, 19.0343794582, 0.00153912949282, 0.749036400491, 11.2410089135, 0.319434446025, 0.0
0.518604450512, 0.923472671054, 87.6305431907, 0.569393450063, 16.9837268006, 16.5517080743, 1.53991619123, 4.65557858163, 16.1414870426, 0.315843476795, 0.0263157894737
0.829199433452, 1.2213486409, 94.6505643553, 0.68199373979, 92.5817855414, 9.78932338852, 0.45802193252, 0.608059936172, 4.85177718897, 0.329839494179, 0.0
0.229049470324, 0.88582405082, 90.9991681512, 0.585970338256, 11.130531614, 49.310870492, 0.51915315642, 0.445979398649, 14.2698713511, 0.341233391075, 0.0
0.415611567277, 1.13583525649, 94.252543653, 0.555853925178, 80.2917161205, 36.638468626, 0.537594064052, 3.87842412845, 16.5709668356, 0.258414982821, 0.1
0.211194807884, 0.844725450565, 82.1310062745, 0.627889284979, 12.9650498144, 28.9050194534, 0.846766350702, 0.0209473664588, 15.6759016055, 0.36588177334, 0.0
0.172217994053, 0.879329683235, 93.9066029523, 0.547339310972, 51.8416411143, 26.8759217104, 1.57430685265, 1.87018954599, 8.88353755299, 0.21712858262, 0.486486486486
0.362384322519, 1.20534762487, 92.9569033157, 0.542200355865, 66.9492466701, 35.5283473559, 0.276009624036, 1.07550717029, 8.7053350793, 0.368234696763, 0.0
0.613832715853, 0.850772262235, 92.7792428839, 0.51539667702, 15.9873140229, 11.9260379957, 1.52920661407, 2.64453234335, 3.27629674817, 0.25521157984, 0.173076923077
0.359554757378, 1.01442630168, 86.701515598, 0.657591236998, 57.3528049667, 39.3886516758, 1.72057437931, 4.97335362253, 13.9236408728, 0.384650032989, 0.0
0.179700345986, 0.851788555219, 93.435618751, 0.661043394149, 64.4143502787, 38.767657471, 0.939212345788, 1.19788746984, 3.14820625727, 0.397394491904, 0.0
0.612265596307, 1.22184718141, 84.1447221072, 0.690981063619, 55.3694127391, 22.1914778395, 1.76194169243, 4.63374940856, 16.2408667717, 0.41060173958, 0.0
0.692153955537, 1.1920237002, 81.3961815501, 0.581095794269, 80.1003591315, 28.6645537, 1.95077096239, 3.41710873893, 7.57027403456, 0.428172688743, 0.0
0.514102191086, 0.878644961967, 90.7210116548, 0.598930739701, 52.9880539938, 40.8493009075, 1.24011746614, 2.183552619, 4.89255351545, 0.432232984748, 0.0
0.617935866576, 1.20086356223, 91.2992482671, 0.665509592257, 44.9615108967, 38.637263348, 1.59018810639, 2.89851962061, 18.5832985791, 0.445014533287, 0.0
0.218620679028, 1.03493496992, 90.202801858, 0.514058779922, 4.75701318619, 12.1208157293, 0.835675613361, 0.719513225267, 18.1432301351, 0.236117377796, 0.4
0.265915490797, 1.25558211821, 89.7381599346, 0.646725590047, 54.5703146725, 44.5576099487, 1.40529130405, 4.59059220754, 8.42383028224, 0.462039339378, 0.0
0.61167444597, 1.16692471819, 90.4990218033, 0.687000113527, 48.5985064318, 40.2501550132, 0.813547652572, 2.64659751807, 9.85767807295, 0.490629935335, 0.0
0.613832715853, 0.850772262235, 92.7792428839, 0.51539667702, 15.9873140229, 12.5626251899, 1.62452408648, 2.64453234335, 3.27629674817, 0.295728690781, 0.121621621622
0.61167444597, 1.16692471819, 90.4990218033, 0.687000113527, 48.5985064318, 40.2501550132, 0.813547652572, 2.64659751807, 9.85767807295, 0.518817122193, 0.0
0.211194807884, 0.844725450565, 93.0044288704, 0.627889284979, 12.9650498144, 28.9050194534, 0.846766350702, 0.0209473664588, 15.6759016055, 0.246522065633, 0.357142857143
0.767541377897, 0.938789462011, 87.2763544924, 0.514312222128, 47.272852964, 24.5401143538, 0.141414488921, 1.01649368395, 15.4996517886, 0.527159785041, 0.0
0.796825595547, 0.845468964204, 93.0571975603, 0.449780875408, 1.70939232009, 22.2802829448, 1.71168534731, 2.1307463389, 1.59466217215, 0.353497230141, 0.0689655172414
0.27401682011, 1.19936307879, 92.9891183915, 0.594262435195, 43.6761240846, 27.5009820483, 1.39399579232, 0.783186157577, 5.51661903928, 0.298288413661, 0.142857142857
0.730114819329, 1.01817862428, 81.1056888907, 0.487461992303, 62.6349823815, 46.4868133528, 0.635037221112, 2.91384378314, 11.4989957948, 0.536564061033, 0.0
0.158537958023, 1.11134934515, 84.0390629601, 0.622422905004, 30.1290344561, 38.2833448758, 1.89021567448, 0.795050111143, 1.70026956294, 0.276871631186, 0.1875
0.525375418462, 1.22533928394, 91.1256989318, 0.672445123908, 0.408820200678, 11.0543158418, 1.39453424503, 3.57685501039, 13.6771753708, 0.271419835442, 0.19512195122
0.85125885602, 1.22182196033, 92.7858522834, 0.486581427756, 71.7039859286, 34.5012929696, 0.574173069992, 1.53855589748, 15.6525337022, 0.547350465178, 0.0
0.326695632374, 1.09164258639, 82.3919886687, 0.490471493442, 14.8690828945, 41.3316093971, 0.57109469003, 2.50821991492, 13.6836356725, 0.554916197125, 0.0
0.205352254111, 1.11670351656, 83.2559655313, 0.608879385857, 44.2311906338, 12.5626251899, 0.169990015362, 3.82657951585, 4.9671416287, 0.237902030993, 0.512195121951
0.518499032726, 1.03249456608, 89.5873751084, 0.654557117555, 0.0468587081757, 38.7666872892, 0.939855711138, 4.74295873825, 16.3937688539, 0.57958923192, 0.0
0.546391639466, 0.938789462011, 87.2763544924, 0.514312222128, 47.272852964, 24.5401143538, 0.141414488921, 1.01649368395, 15.4996517886, 0.259380663107, 0.230769230769
0.692153955537, 1.14333335895, 83.5613330006, 0.564195766753, 40.5763020439, 33.0802244894, 0.961306031597, 2.03912183632, 5.61125170007, 0.60243949842, 0.0
0.571737064938, 0.956783852547, 82.0256449142, 0.691923142227, 82.4128721163, 40.7911883228, 0.824529917934, 4.66305417706, 17.4308683626, 0.725014199115, 0.0
0.777355928929, 1.11415676794, 88.0404279642, 0.643151971588, 14.4389973717, 30.6093029222, 0.705738855582, 3.47043953387, 13.0694625316, 0.822227793335, 0.0
0.644854825142, 0.84455479243, 86.5029718647, 0.65045825504, 39.9258700451, 5.7230108858, 1.41897989784, 4.76232224885, 15.5559665421, 0.269878782575, 0.214285714286
0.668517805811, 0.856408247357, 91.4941637108, 0.464606595929, 84.8105577318, 5.49673538613, 1.26035187269, 4.52673005624, 4.36391774441, 0.249054720881, 0.486486486486
0.194841802351, 0.99111679906, 81.3079931702, 0.58750284119, 16.1629110326, 44.4137442378, 1.93822761197, 1.59388947174, 1.44289612599, 0.323095675199, 0.12
0.179700345986, 0.851788555219, 93.435618751, 0.545826144877, 17.3370019457, 35.0963447656, 0.939212345788, 1.19788746984, 3.14820625727, 0.345795383344, 0.0769230769231
0.447307222493, 1.10304333603, 93.0044288704, 0.690824613166, 72.0863391973, 7.26681351597, 1.52750383712, 0.311908339779, 7.37367551794, 0.251521707634, 0.432432432432
0.783651942369, 1.15103333835, 86.6373869323, 0.543894217222, 79.7657724984, 14.4350201184, 0.186592386393, 1.61694819345, 14.3290020026, 0.351325580271, 0.0909090909091
0.221427887851, 1.17656038029, 87.1653412715, 0.661280001947, 83.9666297639, 30.8792882282, 1.52807555371, 2.75058530162, 14.6053542903, 0.282827706834, 0.220338983051
0.612265596307, 1.22184718141, 84.1447221072, 0.690981063619, 55.3694127391, 22.1914778395, 1.76194169243, 4.63374940856, 16.2408667717, 0.404518298438, 0.0689655172414
0.461743433582, 1.09560660947, 81.9218441227, 0.600165668975, 20.9646641198, 35.4806881826, 0.728887274833, 4.30429598386, 9.31798887274, 0.467199421037, 0.04
0.571737064938, 0.923472671054, 87.6305431907, 0.691923142227, 82.4128721163, 40.7911883228, 1.70909074049, 4.66305417706, 17.4308683626, 0.51218301184, 0.0384615384615
0.717900000922, 1.00884750576, 89.976581318, 0.441525605702, 30.3809825435, 27.4278211579, 1.23230545423, 4.16084533554, 17.8647941349, 0.456345238366, 0.0645161290323
