1.0, 2.0, 2.0, -1.0, 0.0, 3.0, -1.0, 2.0, -1.0, 1.0, 0.0, 2.0, -1.0, 0.0, -1.0, 2.0, -1.0, 1.0, -1.0, -1.0, 2.0, 0.0, 1.0, 2.0, -1.0, 1.0, 0.0, 2.0, 2.0, -1.0, -1.0, -1.0, -1.0, 1.0, 1.0, -1.0, 3.0, 3.0, -1.0, 0.0, 1.0, -1.0, -1.0, -1.0, -1.0, 1.0, 0.0, 0.0, 0.0, -1.0, 96449.0, 411.0
2.0, -1.0, 2.0, 1.0, 3.0, 0.0, -1.0, 3.0, -1.0, -1.0, 0.0, -1.0, 2.0, 1.0, -1.0, -1.0, 1.0, -1.0, 0.0, 0.0, 2.0, 2.0, 0.0, 2.0, 1.0, 0.0, -1.0, -1.0, 1.0, 1.0, 2.0, 1.0, 1.0, 3.0, 0.0, -1.0, -1.0, 3.0, 0.0, 3.0, 1.0, 0.0, 1.0, -1.0, -1.0, 0.0, -1.0, -1.0, 2.0, 1.0, 95741.0, 472.0
1.0, 0.0, 2.0, -1.0, 0.0, 3.0, -1.0, 2.0, -1.0, -1.0, 0.0, 2.0, -1.0, 0.0, -1.0, 2.0, -1.0, 1.0, -1.0, -1.0, 2.0, 0.0, 1.0, 2.0, -1.0, 1.0, 0.0, 2.0, 2.0, -1.0, -1.0, -1.0, -1.0, 1.0, 1.0, 3.0, 3.0, 3.0, -1.0, 0.0, 1.0, -1.0, -1.0, -1.0, -1.0, 1.0, 0.0, 0.0, 0.0, 1.0, 96287.0, 420.0
1.0, 2.0, 2.0, -1.0, 0.0, 3.0, -1.0, 2.0, -1.0, 1.0, 0.0, 2.0, -1.0, 0.0, -1.0, 2.0, -1.0, 1.0, -1.0, -1.0, 2.0, 0.0, 1.0, 2.0, -1.0, 1.0, 0.0, 2.0, 2.0, -1.0, -1.0, -1.0, -1.0, 1.0, 1.0, -1.0, 3.0, 3.0, -1.0, 0.0, 1.0, -1.0, -1.0, -1.0, -1.0, 1.0, 0.0, 0.0, 0.0, -1.0, 96449.0, 411.0
2.0, -1.0, 2.0, 1.0, 3.0, 0.0, -1.0, 3.0, -1.0, -1.0, 0.0, -1.0, 2.0, 1.0, -1.0, -1.0, 1.0, -1.0, 0.0, 0.0, 2.0, 2.0, 0.0, 2.0, 1.0, 0.0, -1.0, -1.0, 1.0, 1.0, 2.0, 1.0, 1.0, 3.0, 0.0, -1.0, -1.0, 3.0, 0.0, 3.0, 1.0, 0.0, 1.0, -1.0, -1.0, 0.0, -1.0, -1.0, 2.0, 1.0, 95741.0, 472.0
1.0, 2.0, 2.0, -1.0, 0.0, 3.0, -1.0, 2.0, -1.0, -1.0, 0.0, 2.0, -1.0, 0.0, -1.0, 2.0, -1.0, 1.0, -1.0, -1.0, 2.0, 0.0, 1.0, 2.0, -1.0, 1.0, 0.0, 2.0, 2.0, -1.0, -1.0, -1.0, -1.0, 1.0, 1.0, 3.0, 3.0, 3.0, -1.0, 0.0, 1.0, -1.0, -1.0, -1.0, -1.0, 1.0, 0.0, 0.0, 0.0, 1.0, 96345.0, 420.0
1.0, 2.0, 2.0, -1.0, 0.0, 3.0, -1.0, 2.0, -1.0, -1.0, 0.0, 2.0, -1.0, 0.0, -1.0, 2.0, -1.0, 1.0, -1.0, -1.0, 2.0, 0.0, 1.0, 2.0, -1.0, 1.0, 0.0, 2.0, 2.0, -1.0, -1.0, -1.0, -1.0, 1.0, 1.0, 3.0, 3.0, 3.0, -1.0, 0.0, 1.0, -1.0, -1.0, -1.0, -1.0, 1.0, 0.0, 0.0, 0.0, 1.0, 96345.0, 420.0
1.0, 2.0, 2.0, -1.0, 0.0, 3.0, -1.0, 2.0, -1.0, -1.0, 0.0, 2.0, -1.0, 0.0, -1.0, 2.0, -1.0, 1.0, -1.0, -1.0, 2.0, 0.0, 1.0, 2.0, -1.0, 1.0, 0.0, 2.0, 2.0, -1.0, -1.0, -1.0, -1.0, 1.0, 1.0, 3.0, 3.0, 3.0, -1.0, 0.0, 1.0, -1.0, -1.0, -1.0, -1.0, 1.0, 0.0, 0.0, 0.0, 1.0, 96345.0, 420.0
3.0, 2.0, 2.0, -1.0, -1.0, -1.0, 2.0, 2.0, 3.0, 1.0, -1.0, 1.0, -1.0, 1.0, -1.0, -1.0, -1.0, -1.0, -1.0, -1.0, 0.0, -1.0, 1.0, -1.0, -1.0, 3.0, 3.0, -1.0, 1.0, 2.0, -1.0, 2.0, 0.0, 0.0, -1.0, -1.0, 0.0, 3.0, -1.0, 1.0, 0.0, 0.0, 0.0, 0.0, -1.0, 2.0, 0.0, 0.0, 1.0, 0.0, 96500.0, 419.0
3.0, 2.0, 2.0, -1.0, -1.0, -1.0, 2.0, 2.0, 3.0, 1.0, -1.0, 1.0, -1.0, 1.0, -1.0, -1.0, -1.0, -1.0, -1.0, -1.0, 0.0, -1.0, 1.0, -1.0, -1.0, 3.0, 3.0, -1.0, 1.0, 2.0, -1.0, 2.0, 0.0, 0.0, -1.0, -1.0, 0.0, 3.0, -1.0, 1.0, 0.0, 0.0, 0.0, 0.0, -1.0, 2.0, 0.0, 0.0, 1.0, 0.0, 96500.0, 419.0
3.0, 3.0, 2.0, -1.0, 2.0, -1.0, 2.0, 2.0, 3.0, 1.0, -1.0, 1.0, -1.0, 1.0, -1.0, -1.0, -1.0, -1.0, -1.0, -1.0, 0.0, -1.0, 1.0, -1.0, -1.0, 3.0, 3.0, -1.0, 2.0, 2.0, -1.0, 2.0, -1.0, 0.0, -1.0, -1.0, 0.0, 3.0, -1.0, 1.0, 0.0, 0.0, 0.0, 0.0, -1.0, 2.0, 0.0, 0.0, 1.0, 0.0, 96660.0, 417.0
3.0, 2.0, 2.0, -1.0, -1.0, -1.0, 2.0, 2.0, 3.0, 1.0, -1.0, 1.0, -1.0, 1.0, -1.0, -1.0, -1.0, -1.0, -1.0, -1.0, 0.0, -1.0, 1.0, -1.0, -1.0, 3.0, 3.0, -1.0, 1.0, 2.0, -1.0, 2.0, 0.0, 0.0, -1.0, -1.0, 0.0, 3.0, -1.0, 1.0, 0.0, 0.0, 0.0, 0.0, -1.0, 2.0, 0.0, 0.0, 1.0, 0.0, 96500.0, 419.0
3.0, 3.0, 2.0, -1.0, 2.0, -1.0, 2.0, 2.0, 3.0, 1.0, -1.0, 1.0, -1.0, 1.0, -1.0, -1.0, -1.0, -1.0, -1.0, -1.0, 0.0, -1.0, 1.0, -1.0, -1.0, 3.0, 3.0, -1.0, 2.0, 2.0, -1.0, 2.0, -1.0, 0.0, -1.0, -1.0, 0.0, 3.0, -1.0, 1.0, 0.0, 0.0, 0.0, 0.0, -1.0, 2.0, 0.0, 0.0, 1.0, 0.0, 96660.0, 417.0
1.0, 2.0, 0.0, -1.0, 0.0, 3.0, -1.0, 2.0, -1.0, 1.0, 0.0, 2.0, -1.0, 0.0, -1.0, 2.0, -1.0, 1.0, -1.0, -1.0, 2.0, 0.0, 1.0, 2.0, -1.0, 1.0, 0.0, 2.0, 2.0, -1.0, -1.0, -1.0, -1.0, 1.0, 1.0, -1.0, 3.0, 3.0, 3.0, 0.0, 1.0, -1.0, -1.0, -1.0, -1.0, 1.0, 0.0, 0.0, 0.0, -1.0, 96275.0, 427.0
1.0, 2.0, 0.0, -1.0, 0.0, 3.0, -1.0, 2.0, -1.0, 1.0, 0.0, 2.0, -1.0, 0.0, -1.0, 2.0, -1.0, 1.0, -1.0, -1.0, 2.0, 0.0, 1.0, 2.0, -1.0, 1.0, 0.0, 2.0, 2.0, -1.0, -1.0, -1.0, -1.0, 1.0, 1.0, -1.0, 3.0, 3.0, 3.0, 0.0, 1.0, -1.0, -1.0, -1.0, -1.0, 1.0, 0.0, 0.0, 0.0, -1.0, 96275.0, 427.0
2.0, -1.0, 2.0, 1.0, 3.0, 0.0, 3.0, 3.0, -1.0, -1.0, 0.0, -1.0, 2.0, 1.0, -1.0, -1.0, 1.0, -1.0, 0.0, 0.0, 2.0, 2.0, 0.0, 2.0, 1.0, 0.0, -1.0, -1.0, 1.0, 1.0, 2.0, -1.0, 1.0, 3.0, 0.0, -1.0, -1.0, 3.0, 0.0, 3.0, 1.0, 1.0, 1.0, -1.0, -1.0, 0.0, -1.0, -1.0, 2.0, 1.0, 95792.0, 472.0
2.0, -1.0, 0.0, 1.0, 3.0, 0.0, 3.0, 3.0, -1.0, -1.0, 0.0, -1.0, 1.0, 1.0, -1.0, -1.0, 1.0, -1.0, 0.0, 0.0, 2.0, 2.0, 0.0, 3.0, -1.0, 0.0, -1.0, -1.0, 1.0, 1.0, 2.0, 1.0, 1.0, 3.0, 0.0, -1.0, -1.0, 3.0, 0.0, 3.0, 1.0, 0.0, 3.0, -1.0, -1.0, 0.0, -1.0, -1.0, 0.0, 1.0, 95669.0, 476.0
2.0, -1.0, 0.0, 1.0, 3.0, 0.0, 3.0, 3.0, -1.0, -1.0, 0.0, -1.0, 1.0, 1.0, -1.0, -1.0, 1.0, -1.0, 0.0, 0.0, 2.0, 2.0, 0.0, 3.0, -1.0, 0.0, -1.0, -1.0, 1.0, 1.0, 2.0, 1.0, 1.0, 3.0, 0.0, -1.0, -1.0, 3.0, 0.0, 3.0, 1.0, 0.0, 3.0, -1.0, -1.0, 0.0, -1.0, -1.0, 0.0, 1.0, 95669.0, 476.0
1.0, 2.0, 2.0, -1.0, 0.0, 3.0, -1.0, 2.0, -1.0, 1.0, 0.0, 2.0, -1.0, 0.0, -1.0, 2.0, -1.0, 1.0, -1.0, -1.0, 2.0, 0.0, 1.0, 2.0, -1.0, 1.0, 0.0, 2.0, 2.0, -1.0, -1.0, -1.0, -1.0, 1.0, 1.0, 3.0, 3.0, 3.0, -1.0, 0.0, 1.0, -1.0, -1.0, -1.0, -1.0, 1.0, 0.0, 0.0, 0.0, -1.0, 96420.0, 425.0
1.0, 2.0, 2.0, -1.0, 0.0, 3.0, -1.0, 2.0, -1.0, 1.0, 0.0, 2.0, -1.0, 0.0, -1.0, 2.0, -1.0, 1.0, -1.0, -1.0, 2.0, 0.0, 1.0, 2.0, -1.0, 1.0, 0.0, 2.0, 2.0, -1.0, -1.0, -1.0, -1.0, 1.0, 1.0, 3.0, 3.0, 3.0, -1.0, 0.0, 1.0, -1.0, -1.0, -1.0, -1.0, 1.0, 0.0, 0.0, 0.0, -1.0, 96420.0, 425.0
1.0, 2.0, 0.0, -1.0, 0.0, -1.0, -1.0, 2.0, -1.0, 1.0, 0.0, 2.0, -1.0, 0.0, -1.0, 2.0, -1.0, 1.0, -1.0, -1.0, 2.0, 0.0, 1.0, 2.0, -1.0, 1.0, 0.0, 2.0, 2.0, -1.0, -1.0, -1.0, -1.0, 1.0, 1.0, 3.0, 3.0, 3.0, 3.0, 0.0, 1.0, -1.0, -1.0, -1.0, -1.0, 1.0, 0.0, 0.0, 0.0, -1.0, 96285.0, 430.0
1.0, 2.0, 0.0, -1.0, 0.0, -1.0, -1.0, 2.0, -1.0, 1.0, 0.0, 2.0, -1.0, 0.0, -1.0, 2.0, -1.0, 1.0, -1.0, -1.0, 2.0, 0.0, 1.0, 2.0, -1.0, 1.0, 0.0, 2.0, 2.0, -1.0, -1.0, -1.0, -1.0, 1.0, 1.0, 3.0, 3.0, 3.0, 3.0, 0.0, 1.0, -1.0, -1.0, -1.0, -1.0, 1.0, 0.0, 0.0, 0.0, -1.0, 96285.0, 430.0
1.0, 2.0, 0.0, -1.0, 0.0, -1.0, -1.0, 2.0, -1.0, 1.0, 0.0, 2.0, -1.0, 0.0, -1.0, 2.0, -1.0, 1.0, -1.0, -1.0, 2.0, 0.0, 1.0, 2.0, -1.0, 1.0, 0.0, 2.0, 2.0, -1.0, -1.0, -1.0, -1.0, 1.0, 1.0, 3.0, 3.0, 3.0, 3.0, 0.0, 1.0, -1.0, -1.0, -1.0, -1.0, 1.0, 0.0, 0.0, 0.0, -1.0, 96285.0, 430.0
1.0, 2.0, 0.0, -1.0, 0.0, -1.0, -1.0, 2.0, -1.0, 1.0, 0.0, 2.0, -1.0, 0.0, -1.0, 2.0, -1.0, 1.0, -1.0, -1.0, 2.0, 0.0, 1.0, 2.0, -1.0, 1.0, 0.0, 2.0, 2.0, -1.0, -1.0, -1.0, -1.0, 1.0, 1.0, 3.0, 3.0, 3.0, 3.0, 0.0, 1.0, -1.0, -1.0, -1.0, -1.0, 1.0, 0.0, 0.0, 0.0, -1.0, 96285.0, 430.0
1.0, 2.0, 0.0, -1.0, 0.0, -1.0, -1.0, 2.0, -1.0, 1.0, 0.0, 2.0, -1.0, 0.0, -1.0, 2.0, -1.0, 1.0, -1.0, -1.0, 2.0, 0.0, 1.0, 2.0, -1.0, 1.0, 0.0, 2.0, 2.0, -1.0, -1.0, -1.0, -1.0, 1.0, 1.0, 3.0, 3.0, 3.0, 3.0, 0.0, 1.0, -1.0, -1.0, -1.0, -1.0, 1.0, 0.0, 0.0, 0.0, -1.0, 96285.0, 430.0
1.0, 2.0, 0.0, -1.0, 0.0, -1.0, -1.0, 2.0, -1.0, 1.0, 0.0, 2.0, -1.0, 0.0, -1.0, 2.0, -1.0, 1.0, -1.0, -1.0, 2.0, 0.0, 1.0, 2.0, -1.0, 1.0, 0.0, 2.0, 2.0, -1.0, -1.0, -1.0, -1.0, 1.0, 1.0, 3.0, 3.0, 3.0, 3.0, 0.0, 1.0, -1.0, -1.0, -1.0, -1.0, 1.0, 0.0, 0.0, 0.0, -1.0, 96285.0, 430.0
1.0, 2.0, 0.0, -1.0, 0.0, -1.0, -1.0, 2.0, -1.0, 1.0, 0.0, 2.0, -1.0, 0.0, -1.0, 2.0, -1.0, 1.0, -1.0, -1.0, 2.0, 0.0, 1.0, 2.0, -1.0, 1.0, 0.0, 2.0, 2.0, -1.0, -1.0, -1.0, -1.0, 1.0, 1.0, 3.0, 3.0, 3.0, 3.0, 0.0, 1.0, -1.0, -1.0, -1.0, -1.0, 1.0, 0.0, 0.0, 0.0, -1.0, 96285.0, 430.0
