0.880374523617, 0.885278576748, 6.01030725656, 0.678698306883, 65.4187732675, 40.919362048, 0.210959863597, 2.33860717558, 22.806113517, 0.0, 0.0
0.302583273272, 1.13959552205, 9.62169044524, 0.58063035152, 94.6417995392, 2.78234689908, 3.20523988584, 0.446237371083, 2.34759755214, 0.0350461387715, 0.0404624277457
0.880675055278, 0.967590768774, 5.14531610056, 0.618900638972, 1.26269464109, 1.66199319306, 0.536352122851, 1.43031118181, 24.1574392869, 0.0197878997944, 0.25
0.632783101915, 1.19050292759, 4.95431419896, 0.667940456495, 29.4666641822, 1.66199319306, 1.91745808913, 3.75371360859, 5.52139274155, 0.0364250105916, 0.0
0.277103758182, 0.904488430325, 8.45856625569, 0.565002400576, 37.3007144862, 25.6021697632, 0.625869854886, 2.67258168415, 25.3897624844, 0.0283260221964, 0.166666666667
0.101169481972, 0.824587484112, 7.99888878327, 0.519807470926, 87.1327602574, 3.38504837504, 0.06447447748, 1.80809545221, 39.4794932406, 0.0227408688876, 0.5
0.418594494566, 1.0426558298, 2.81756702466, 0.599574520433, 63.2596516799, 2.86020953578, 2.49782023869, 3.45708684459, 43.2347522351, 0.0549976341804, 0.0
0.104845607442, 0.824587484112, 7.99888878327, 0.519807470926, 87.1327602574, 3.38504837504, 0.06447447748, 1.80809545221, 6.42507323377, 0.0373417226305, 0.681818181818
0.458082117353, 1.18628574075, 3.69189754444, 0.555437720542, 49.271810116, 1.9612217937, 2.50036050756, 1.26218336521, 28.9800455745, 0.0585385702128, 0.141843971631
0.180107398439, 1.15041772889, 3.15725054505, 0.503494031843, 48.2369486179, 7.55723578531, 0.702785031376, 3.84738525995, 3.60202765795, 0.0622944799186, 0.0909090909091
0.212399056247, 1.1783509383, 6.93166752306, 0.403384040996, 79.4554906507, 3.03232711651, 1.26400219963, 1.59459429613, 20.3080411446, 0.0558018394991, 0.606060606061
0.895378431572, 1.14131869073, 2.25004935748, 0.545793803926, 97.9554881997, 2.78636470766, 2.70744227004, 4.47863704072, 15.1177237262, 0.110392198617, 0.0
0.180107398439, 1.15041772889, 3.15725054505, 0.503494031843, 38.6234382137, 7.55723578531, 0.702785031376, 3.84738525995, 3.60202765795, 0.0906034523264, 0.2
0.221577520989, 1.1783509383, 6.93166752306, 0.403384040996, 79.4554906507, 3.03232711651, 1.26400219963, 1.59459429613, 20.3080411446, 0.0754237142381, 0.627906976744
0.259387171511, 1.11013183579, 8.32719342558, 0.440983764453, 57.6706624403, 7.30855851934, 3.70001200231, 3.76647438334, 21.3408670077, 0.117964536275, 0.169724770642
0.434228666611, 1.04503830474, 4.59543476726, 0.538214027846, 35.6389266325, 7.29288027741, 3.12859965774, 4.21664053367, 4.85846384668, 0.134449757401, 0.026455026455
0.101936845912, 1.1861185226, 7.00227286487, 0.415307491892, 63.9384717464, 20.2850916193, 2.88713037162, 4.32426477081, 17.5628054199, 0.1340180372, 0.113636363636
0.644194815291, 1.08065368066, 3.43900639996, 0.480664566016, 5.82431221206, 5.32961271989, 0.182399098251, 4.47708674854, 37.3386753071, 0.118738224369, 0.166666666667
0.148028062843, 1.1885927329, 7.02786397379, 0.486855958209, 88.5538115597, 35.0826463416, 0.779472660765, 1.29801230282, 28.9800455745, 0.147995191218, 0.0
0.302583273272, 1.09860809996, 9.62169044524, 0.58063035152, 85.474596396, 2.78234689908, 3.85967993745, 0.446237371083, 2.34759755214, 0.0912286767219, 0.601214574899
0.418594494566, 1.11734383156, 2.81756702466, 0.599574520433, 63.2596516799, 2.86020953578, 2.49782023869, 3.45708684459, 43.2347522351, 0.0918556344546, 0.288343558282
0.895378431572, 1.14131869073, 2.25004935748, 0.545793803926, 97.9554881997, 2.78636470766, 2.70744227004, 4.47863704072, 9.05550291831, 0.138270951051, 0.140939597315
0.292862514807, 0.970882552625, 2.1196467173, 0.489195241066, 6.96809807241, 5.98785738062, 1.88190561119, 2.04228495981, 6.59277439534, 0.123833071408, 0.28
0.174395983042, 1.17595648574, 5.79234656442, 0.670487760206, 79.5929752342, 20.1364158888, 3.81523594303, 0.550997514148, 22.2962760851, 0.156050293104, 0.0
0.571891013276, 0.929206309926, 2.02429526675, 0.447119373495, 81.9247136953, 3.12721920373, 0.526158812722, 4.41606528961, 7.25992781601, 0.111907791435, 0.384615384615
0.458082117353, 1.18628574075, 3.69189754444, 0.555437720542, 49.271810116, 1.9612217937, 2.50036050756, 1.26218336521, 33.3349596761, 0.095497598808, 0.615606936416
0.259387171511, 1.11013183579, 8.14996478333, 0.440983764453, 66.1492056827, 7.30855851934, 3.70001200231, 3.76647438334, 21.3408670077, 0.153726464258, 0.297794117647
0.264625454548, 0.833599233672, 2.0815498374, 0.613459581062, 53.517896576, 12.6814649828, 3.99191989158, 1.79501489202, 24.2560781503, 0.156536879392, 0.0
0.571891013276, 0.880468557699, 2.02429526675, 0.447119373495, 81.9247136953, 3.12721920373, 0.526158812722, 4.41606528961, 7.25992781601, 0.146740254606, 0.416666666667
0.164056668801, 0.945508888369, 8.97584552165, 0.541376027158, 86.9475538783, 16.6130248004, 0.760808546255, 2.6524885293, 29.6639502473, 0.11692888153, 0.555555555556
0.221577520989, 0.841133503015, 6.16049463422, 0.54258742369, 88.3595110211, 16.6238339295, 3.10651342455, 2.1047606602, 42.5360845528, 0.164337074976, 0.0
0.135064196952, 0.828466552455, 7.17860320901, 0.619935878051, 4.57594087523, 22.8740216111, 0.355975815148, 2.86502265038, 20.4879287152, 0.160543964431, 0.1
0.217733916186, 0.98645143844, 4.43947248556, 0.553943060307, 93.2917372508, 18.5754765049, 1.9569235814, 4.35390554873, 24.4403238722, 0.213960694374, 0.0
0.178550438564, 0.8720902849, 7.33546320704, 0.520489864957, 98.8951840849, 24.7652342676, 3.53884665481, 2.84830876831, 12.668531939, 0.187276907549, 0.0140350877193
0.292862514807, 0.970882552625, 2.1196467173, 0.489195241066, 6.96809807241, 5.98785738062, 1.88190561119, 2.04228495981, 6.59277439534, 0.161115332288, 0.389380530973
0.101936845912, 1.1861185226, 7.00227286487, 0.415307491892, 63.9384717464, 20.2850916193, 2.88713037162, 4.51439794769, 17.5628054199, 0.178161005382, 0.275132275132
0.489379632372, 1.08593037389, 8.43302308619, 0.607534456992, 61.0063085866, 43.1861053204, 1.73407012999, 2.09621951069, 41.1469011192, 0.218633023664, 0.0
0.594811208956, 0.980261725449, 2.7606772503, 0.51187771128, 20.1691488768, 6.23837341037, 3.32632500356, 2.26844468453, 10.0556567133, 0.192359948585, 0.158482142857
0.174395983042, 1.17595648574, 4.86215022876, 0.670487760206, 79.5929752342, 20.1364158888, 3.81523594303, 0.550997514148, 22.2962760851, 0.21604502234, 0.0788381742739
0.349597613523, 1.03391607792, 5.5844635695, 0.478828569204, 71.5182758372, 47.1802379963, 0.595528979163, 4.68142831924, 31.4196045209, 0.232262143153, 0.0
0.434228666611, 1.04503830474, 4.59543476726, 0.538214027846, 35.6389266325, 7.29288027741, 3.12859965774, 4.21664053367, 4.85846384668, 0.214614115709, 0.30985915493
0.164056668801, 0.945508888369, 8.97584552165, 0.541376027158, 86.9475538783, 16.6130248004, 0.760808546255, 2.6524885293, 29.6639502473, 0.20709589668, 0.3125
0.217733916186, 1.06257570174, 7.21162365095, 0.64114169549, 57.7306206396, 21.1782364176, 1.03013564374, 2.526104548, 8.72763404326, 0.239098382036, 0.0
0.151319309257, 0.905650540599, 7.47390377886, 0.532325285613, 76.0918162029, 24.9690171923, 0.380478489265, 3.68144941669, 2.68813073475, 0.215981489959, 0.52380952381
0.353720556925, 0.851781915158, 8.36922708777, 0.570505924638, 50.5234554177, 8.96262401702, 1.5517618239, 1.86696325865, 18.3726219363, 0.241266553601, 0.520547945205
0.157466026231, 1.17823816965, 9.17896059671, 0.525899580625, 2.4050357654, 30.7643070322, 3.83553669301, 2.96426147571, 21.9779056904, 0.252072820709, 0.107692307692
0.166938871629, 1.1710895702, 6.96697336243, 0.670496202867, 94.5044285109, 41.7604035506, 3.27120083576, 3.3025401134, 28.2461738753, 0.252136956779, 0.0
0.212399056247, 0.841133503015, 6.16049463422, 0.54258742369, 88.3595110211, 16.6238339295, 3.10651342455, 2.1047606602, 42.5360845528, 0.243418169846, 0.260806916427
0.314150213415, 1.15077028611, 5.50854698694, 0.546544856439, 72.5535060725, 20.9393784831, 2.51858454728, 1.47811511194, 8.08257562987, 0.247347944436, 0.174603174603
0.644194815291, 1.08065368066, 3.43900639996, 0.480664566016, 5.82431221206, 5.32961271989, 0.182399098251, 4.47708674854, 37.3386753071, 0.243325228533, 0.5625
0.607120285321, 1.05158929173, 5.73814462647, 0.639940241639, 60.4869840876, 12.0135104096, 3.03754368173, 0.849013142896, 28.8643860903, 0.26975065862, 0.00689655172414
0.755047262182, 0.913109060159, 8.08578887525, 0.570471239353, 91.8097046291, 19.2343931499, 0.643335502501, 1.0669245838, 43.5978868189, 0.310684118808, 0.0
0.178550438564, 0.8720902849, 9.78953140519, 0.520489864957, 98.8951840849, 24.7652342676, 3.53884665481, 2.84830876831, 12.668531939, 0.258856168377, 0.205769230769
0.293400785756, 0.872817529091, 4.04052808144, 0.619935878051, 56.7020180479, 22.8740216111, 0.355975815148, 2.86502265038, 20.4879287152, 0.253459097409, 0.25
0.60503277105, 0.868799812598, 8.6060543495, 0.673257897531, 70.3492791165, 33.1688932908, 0.387403908754, 2.91046762443, 13.1337081683, 0.314193314374, 0.0
0.745251894341, 1.17083915211, 2.80488920206, 0.520408004237, 81.3962725033, 10.3618439495, 2.31456835994, 3.71820356096, 23.4614903696, 0.313270248991, 0.12
0.465273657018, 0.98645143844, 4.43947248556, 0.553943060307, 93.2917372508, 18.5754765049, 1.9569235814, 4.49473792305, 24.4403238722, 0.292893636771, 0.22641509434
0.353720556925, 0.851781915158, 8.36922708777, 0.570505924638, 50.5234554177, 8.96262401702, 1.5517618239, 0.942182806406, 18.3726219363, 0.267848655015, 0.347826086957
0.568614192337, 0.980409839104, 8.07660011162, 0.523245031387, 27.911533001, 5.00361183355, 1.64978398562, 3.96482539063, 22.6697638468, 0.258124124217, 0.390243902439
0.275761216338, 0.854713754757, 9.77100488739, 0.532096248879, 51.5637217558, 22.0541912476, 0.575110306825, 0.491415329479, 34.368195797, 0.329560329126, 0.0
0.166938871629, 1.1710895702, 6.96697336243, 0.670496202867, 61.8027027367, 38.7912732778, 3.27120083576, 3.3025401134, 28.2461738753, 0.320301225961, 0.123076923077
0.157466026231, 0.965550175437, 9.17896059671, 0.525899580625, 6.72894177581, 30.7643070322, 2.61858455276, 2.96426147571, 17.3444822441, 0.304032929524, 0.316831683168
0.226078631754, 0.880287269378, 2.48006771888, 0.463153757774, 98.2133137395, 22.9695908188, 1.51954179196, 2.97986000168, 40.542626342, 0.300066055622, 0.32
0.314150213415, 1.15077028611, 5.50854698694, 0.546544856439, 72.5535060725, 20.9393784831, 2.51858454728, 1.47811511194, 8.08257562987, 0.277812931002, 0.371428571429
0.107146517764, 0.913328900982, 8.84335161083, 0.669827846527, 57.6706624403, 34.1581766933, 1.45711709705, 1.8182306704, 28.7886700551, 0.261235150477, 0.449438202247
0.264625454548, 0.833599233672, 2.0815498374, 0.613459581062, 53.517896576, 33.1688932908, 3.99191989158, 1.79501489202, 24.2560781503, 0.332514720696, 0.016393442623
0.576870176228, 0.965550175437, 7.62903086545, 0.596507477544, 18.1431625978, 19.5487591199, 2.61858455276, 2.39921279255, 36.1994268429, 0.332717861971, 0.0
0.257623741894, 0.937438036466, 2.97322919543, 0.572758451618, 33.740201748, 21.4819869857, 1.10850428668, 0.133328744353, 24.7889870114, 0.331970319721, 0.279069767442
0.880600690352, 0.854713754757, 9.77100488739, 0.532096248879, 51.5637217558, 18.6728920687, 0.575110306825, 4.29243948137, 34.368195797, 0.324404061801, 0.363636363636
0.107146517764, 0.913328900982, 8.84335161083, 0.669827846527, 66.1492056827, 37.094901867, 1.45711709705, 1.8182306704, 28.7886700551, 0.279375271622, 0.435483870968
0.594811208956, 0.980261725449, 4.16600449443, 0.51187771128, 20.1691488768, 7.984017024, 3.32632500356, 2.26844468453, 10.0556567133, 0.312269713437, 0.423772609819
0.253225324233, 1.19659646423, 3.08759688542, 0.578556582231, 28.2506598096, 37.3856383826, 2.2709640712, 3.09040589025, 17.2527578186, 0.332719642098, 0.0333333333333
0.340916588006, 0.987406629768, 8.47104377338, 0.662427942634, 41.7840811194, 43.2133753112, 2.49342518282, 4.1533741056, 27.5090331763, 0.337895534621, 0.0
0.538632103886, 1.18485349004, 9.51980843101, 0.449511194412, 72.2369568647, 22.0541912476, 0.0467932159931, 0.491415329479, 17.8056283443, 0.337095716531, 0.166666666667
0.277103758182, 0.904488430325, 8.45856625569, 0.565002400576, 37.3007144862, 25.6021697632, 0.625869854886, 2.67258168415, 25.3897624844, 0.382118150197, 0.0
0.28046373904, 0.987406629768, 8.47104377338, 0.662427942634, 41.7840811194, 43.2133753112, 2.49342518282, 4.1533741056, 18.5167143971, 0.351769566093, 0.0520833333333
0.465666416439, 0.883955165468, 2.16761623089, 0.656094781772, 99.0800611149, 13.1219197698, 2.46133818024, 3.70636521335, 18.6636454704, 0.337788530508, 0.2
0.566481657159, 1.1369145815, 9.30235709042, 0.499024609865, 4.59806976612, 21.7620123297, 0.45418146657, 1.29297800934, 35.8348325233, 0.383403546444, 0.0
0.394787974119, 0.976298555669, 9.16339840337, 0.573828989305, 60.1205552332, 22.6334113186, 0.402635099222, 4.80652049579, 25.8008151283, 0.38266524405, 0.05
0.353599502492, 0.999551180078, 2.44645012817, 0.576062789082, 8.58292711435, 20.4664832313, 3.00648213796, 4.93044570055, 12.709833273, 0.352469517295, 0.174242424242
0.387418742762, 1.15022438759, 5.99837023455, 0.669134755053, 34.9740739358, 42.6936128247, 1.70685807113, 1.53429500237, 6.57471667275, 0.374468962744, 0.0689655172414
0.650408238318, 1.13387886458, 5.77760934711, 0.413979936752, 52.9487745027, 11.9528915374, 0.644690463637, 1.58453262229, 19.4911874326, 0.355882696785, 0.133333333333
0.122159016252, 1.14352720243, 6.70803729675, 0.608337211894, 26.0366327425, 48.9857294967, 0.917884940282, 2.98123836252, 21.931561601, 0.340563906196, 0.538461538462
0.179560750831, 1.0643131362, 8.44053254239, 0.633403382467, 34.7197506292, 46.0578430972, 2.46640653534, 1.22516261306, 23.2151501436, 0.342734563273, 0.454545454545
0.759749034979, 0.972104074486, 7.51391614577, 0.494658845505, 91.53986458, 25.426673946, 1.70575959273, 1.60041646889, 28.8188139517, 0.385313468636, 0.0
0.759933840388, 1.00456420905, 4.15099534534, 0.658003657313, 1.48623920352, 12.1395324286, 3.95416189265, 1.12735079659, 4.39246552219, 0.357519603546, 0.296296296296
0.248977603166, 1.17685290622, 7.18599575205, 0.442170579973, 1.25964111899, 39.2945857836, 2.85200103788, 3.33111003213, 25.2179612045, 0.361829534071, 0.2
0.248977603166, 1.17685290622, 7.18599575205, 0.442170579973, 1.25964111899, 39.2945857836, 2.85200103788, 3.33111003213, 25.2179612045, 0.363441546992, 0.15625
0.573605605796, 0.947389731377, 7.85357484833, 0.503568756, 8.91997211452, 20.0461349074, 2.5520935289, 4.69509906757, 22.6109798147, 0.38552524322, 0.106557377049
0.258599877829, 0.881111839557, 3.70953527613, 0.652903924468, 22.5101405843, 26.612318974, 0.362953093174, 4.57806550508, 25.8018636576, 0.414434925067, 0.0
0.639544228886, 0.883955165468, 2.16761623089, 0.656094781772, 99.0800611149, 13.1219197698, 3.24354670718, 3.65879499044, 18.6636454704, 0.365104259625, 0.194827586207
0.398491273315, 1.15584923284, 8.38482397042, 0.664061878198, 11.4017081896, 24.5268637209, 3.24036740315, 2.89396208548, 15.0762996345, 0.386160727811, 0.16957605985
0.425674466917, 1.06347713043, 3.26298793707, 0.632456343066, 74.6580835278, 41.653836449, 0.997512620858, 4.85190504057, 33.1251991181, 0.39237812552, 0.111111111111
0.716156649521, 1.14314382398, 6.30231829923, 0.571566666881, 38.2446775436, 18.6830993209, 1.46603192239, 1.81749662237, 31.5724853233, 0.424076931133, 0.0
0.386657203289, 0.943065692324, 2.7606772503, 0.442640518637, 20.2240606637, 31.1565706514, 1.70596317731, 2.44802564652, 18.292206889, 0.422218277179, 0.0212765957447
0.60503277105, 0.868799812598, 8.6060543495, 0.673257897531, 70.3492791165, 12.6814649828, 0.387403908754, 2.91046762443, 13.1337081683, 0.365132735227, 0.333333333333
0.257623741894, 0.937438036466, 2.97322919543, 0.572758451618, 33.740201748, 21.4819869857, 1.10850428668, 0.133328744353, 24.7889870114, 0.373805323844, 0.215384615385
0.49093235456, 0.932430162166, 4.42013596439, 0.640412020492, 30.4933790071, 36.2103773944, 2.24008716129, 2.18538409277, 38.3937989407, 0.427788724571, 0.0
0.759933840388, 1.00456420905, 4.75247699056, 0.658003657313, 1.48623920352, 12.1395324286, 3.93747487281, 1.12735079659, 2.20598334334, 0.36623277218, 0.373643410853
0.398491273315, 1.15584923284, 8.38482397042, 0.652903924468, 11.4017081896, 28.9320810679, 3.24036740315, 2.89396208548, 15.0762996345, 0.404407197668, 0.121951219512
