5.95114180333, 1.00424643925, 1.54260285085, 0.885280949569, 2.83000022342, 1.17648233885, 4.67731520775, 1.26000050786, 1.14000000313, 3.0804833516, 1.88637686899, 0.96480563658, 3.04000038482, 1.0895527463, 0.895022977828, 1.00000046805, 1.00000096043, 1.0904226094, 8.93215722774, 0.937178956978, 1.0000004482, 105.008816826, 1.04753291974, 5.55997208381, 1.04408946361, 3.29000024446, 1.00000087682, 6.84424747281, 8.95411959997
4.12990270346, 1.08650715468, 1.43218054834, 0.965527514067, 2.83000057128, 1.02564764653, 1.3374418162, 1.26000090283, 1.14000045325, 2.48388187233, 1.58142594698, 0.943557908546, 3.04000052493, 1.03065883885, 0.903238980444, 1.00000017513, 1.00000079551, 1.09997417336, 9.07021604833, 0.957646222558, 1.00000081959, 105.723155167, 0.965642869321, 2.30903004334, 0.974487477813, 3.29000097911, 1.00000099242, 11.3732994035, 7.8595628134
2.06332810802, 1.06755383203, 1.40770471173, 0.850891757021, 2.83000045767, 1.15179142187, 5.64279317579, 1.26000064794, 1.14000079515, 2.59004879537, 1.78622059986, 0.941465116152, 3.04000047199, 1.02949033152, 0.973461333946, 1.00000080882, 1.00000091989, 1.06650008199, 3.54396861309, 0.916959203063, 1.00000054562, 78.6661387371, 0.960376462643, 4.18507243514, 0.965749349903, 3.29000095257, 1.00000021921, 23.3273262274, 6.83939955627
5.76708028851, 1.01296979758, 1.4306645896, 0.88657245085, 2.83000073161, 1.17102461448, 3.37058912778, 1.26000031525, 1.14000062919, 1.46383909029, 2.94633978206, 0.935487621991, 3.04000044405, 1.02774802193, 0.795337820321, 1.00000026626, 1.00000081283, 1.06765642, 9.18379796495, 0.93394076495, 1.00000059516, 96.0476422874, 0.891428453021, 1.58340159468, 1.04091269224, 3.29000064569, 1.00000085985, 20.4990586054, 12.304882875
5.88044193414, 1.00424643925, 1.45519629488, 0.885280949569, 2.8300002206, 1.10780285472, 4.67731520775, 1.26000096169, 1.14000000313, 1.5588010266, 2.50114105655, 0.96480563658, 3.04000038482, 1.05539209349, 0.900935080383, 1.00000046805, 1.00000096043, 1.10930650606, 7.6152773355, 0.937178956978, 1.00000081577, 105.008816826, 1.04753291974, 5.55997208381, 1.04408946361, 3.29000024446, 1.00000087067, 27.1403839036, 7.24901688511
4.01478455835, 1.132698672, 1.70452553797, 0.822067902339, 2.83000039997, 0.944172981384, 3.68082794145, 1.26000056286, 1.14000008032, 3.15847659877, 2.57579968793, 0.880051557638, 3.04000003825, 1.08259849645, 0.781141380166, 1.00000017513, 1.00000072255, 1.0287061976, 4.62605525402, 0.977366590596, 1.00000083261, 87.6201384715, 1.08863178488, 1.84833665245, 0.951271131543, 3.29000089635, 1.00000094179, 21.5912280388, 12.8014912625
5.32038880041, 1.05350932255, 1.40062384549, 0.862279121722, 2.83000096617, 1.18339150793, 5.72462792448, 1.26000044841, 1.1400007801, 2.59719055883, 2.38382441583, 1.02016339359, 3.04000075304, 1.03252823725, 0.780023355058, 1.00000001285, 1.00000000069, 1.02803784463, 7.10645089918, 0.957972912546, 1.0000007346, 100.358807887, 1.01311439079, 5.00801688621, 0.972595142567, 3.2900001483, 1.0000007496, 49.1911825812, 8.49630147031
3.70671582384, 1.02275818741, 1.54956947039, 0.868925524585, 2.83000052592, 0.8700209243, 1.60032179774, 1.26000019035, 1.14000003999, 2.27913723861, 1.7905868215, 1.05332330049, 3.04000023684, 1.05155843571, 0.815942996405, 1.00000089996, 1.00000065985, 1.09191199296, 4.62605525402, 0.956933953893, 1.000000735, 104.441870967, 1.0300750413, 1.39472600694, 1.02575515997, 3.29000025461, 1.00000091673, 42.4100531137, 9.64046613305
3.08902072066, 1.02206545472, 1.67729481556, 0.805446755028, 2.8300006942, 0.906245966498, 2.94931031172, 1.26000077491, 1.14000023581, 1.92417986603, 1.59665589122, 1.09721564144, 3.04000060965, 1.08259849645, 0.999364590749, 1.00000008978, 1.00000032025, 1.01538092257, 7.45365351448, 0.951585793926, 1.00000086451, 90.9407604388, 0.871390816428, 1.65877047868, 0.993969572982, 3.29000021525, 1.00000089387, 29.6035159775, 14.3839622232
4.49325286784, 1.05693224527, 1.37733555722, 0.923942422748, 2.8300008455, 1.00585855602, 4.27171187534, 1.2600005913, 1.14000066619, 3.13681738877, 1.74738533998, 1.01878369914, 3.04000055176, 1.01538696242, 0.887944876457, 1.00000084843, 1.00000067291, 1.00761192272, 5.6268567759, 0.942556329118, 1.00000077784, 119.623732945, 1.06465669394, 3.08876144234, 1.00310333624, 3.29000084485, 1.00000091119, 35.0096446547, 14.269839264
4.09859504413, 1.07938471002, 1.50134667257, 0.971763911326, 2.83000041323, 1.087981323, 5.97194247203, 1.26000030441, 1.14000046223, 3.64418371061, 2.60300396934, 1.03195778869, 3.04000082641, 1.09930619072, 1.02312267161, 1.00000022087, 1.0000007393, 1.05298286135, 4.86239711986, 0.960856578633, 1.00000050044, 84.1270417558, 0.91139251166, 4.88403927975, 1.01698920774, 3.29000026043, 1.00000040429, 52.1747706765, 8.71198000527
5.80704002227, 1.08650715468, 1.43218054834, 0.965527514067, 2.83000057128, 1.02564764653, 2.6665481992, 1.26000042075, 1.14000045325, 2.48388187233, 1.58142594698, 0.943557908546, 3.04000080723, 1.03065883885, 0.903238980444, 1.00000017513, 1.00000079551, 1.09997417336, 9.07021604833, 0.957646222558, 1.00000040315, 105.723155167, 1.03301498422, 2.30903004334, 0.974487477813, 3.29000065185, 1.00000057531, 48.6642662629, 10.1589598606
4.8409161573, 1.03527157257, 1.38001518681, 0.924904630906, 2.83000056089, 1.17863982578, 3.01560756161, 1.26000090532, 1.1400009857, 2.98262968078, 2.70392371555, 0.880415836859, 3.04000060493, 1.09057716784, 1.00790950617, 1.00000097376, 1.00000069385, 1.10493106293, 7.01504181927, 0.96475074795, 1.00000040651, 122.397720045, 0.904018305333, 1.52676060711, 0.973025994041, 3.29000067373, 1.00000009404, 48.4210019615, 10.3447954233
3.1409669158, 1.06143582879, 1.3641362508, 0.909048469463, 2.83000058237, 1.02017296511, 5.31267300837, 1.26000007696, 1.14000087369, 2.05263831546, 3.06034740954, 0.999582170762, 3.04000011669, 1.00167970591, 1.04467332267, 1.00000012105, 1.00000007773, 1.07975149924, 9.85585644672, 0.992639495665, 1.00000024037, 118.871813021, 1.01800885486, 2.01644563888, 1.02253862926, 3.29000000618, 1.00000021401, 38.9045198906, 15.5777736233
5.72709069749, 1.10332647132, 1.53658866087, 0.801683027657, 2.83000055589, 0.968957857717, 3.17839217307, 1.26000060853, 1.14000056687, 2.60469622689, 2.46838270531, 0.982650947746, 3.04000025097, 1.086051976, 1.0448656135, 1.00000002787, 1.00000033817, 1.07432023206, 6.16241911658, 0.910131773908, 1.00000091533, 116.802604045, 1.04540801164, 2.89825846606, 0.993193180846, 3.29000045825, 1.00000051536, 54.8597047489, 8.88539648422
5.90630168123, 1.03976627828, 1.57873201896, 0.91038137737, 2.83000095995, 1.13206731433, 2.05246072429, 1.26000066518, 1.14000029604, 2.30607332783, 2.63434428131, 1.03038692976, 3.04000015603, 1.04225964065, 0.958547476293, 1.00000082822, 1.00000066294, 1.02875802363, 9.16900943504, 0.964873415746, 1.00000032236, 121.178499875, 0.854737522303, 3.67513088591, 0.970455143894, 3.29000007823, 1.00000022177, 41.9026656852, 16.1613120138
3.1409669158, 1.06143582879, 1.40424226518, 0.909048469463, 2.83000058237, 1.02017296511, 3.09069290334, 1.26000007696, 1.14000087369, 2.05263831546, 3.09687125208, 0.999582170762, 3.04000011669, 1.00167970591, 1.04467332267, 1.00000012105, 1.00000007773, 1.07975149924, 9.85585644672, 0.992639495665, 1.00000024037, 118.871813021, 1.03543430816, 1.27756337083, 1.02253862926, 3.29000000618, 1.00000025537, 59.3991441196, 8.94172258482
2.1714644002, 1.05931131791, 1.38653937643, 0.936908126088, 2.83000088772, 0.930402309258, 4.55799577554, 1.26000094921, 1.14000051628, 1.33077121834, 3.05509075342, 1.03205568397, 3.04000051693, 1.07779782005, 0.828398692086, 1.00000014066, 1.00000050026, 1.03485644183, 7.37902252009, 0.94295903767, 1.00000099556, 120.236381498, 1.08863178488, 3.73294039737, 1.04175479513, 3.2900001483, 1.00000098627, 51.1910002575, 16.2821627201
3.39786770048, 1.00878449081, 1.63648296926, 0.929583727933, 2.83000072418, 1.0552849566, 3.26605381101, 1.2600007767, 1.14000033994, 2.52840152581, 3.00296875438, 1.05332330049, 3.04000050949, 1.08316124519, 0.785076501395, 1.00000000772, 1.00000087283, 1.08291908768, 4.58501177199, 0.967669028539, 1.0000001211, 116.492357363, 0.91741873576, 2.5545190258, 0.977724983855, 3.29000075461, 1.00000090504, 62.3701840223, 12.9214146097
4.12990270346, 1.08650715468, 1.56964492381, 0.965527514067, 2.83000057128, 1.16036123069, 1.3374418162, 1.26000042075, 1.14000067414, 2.48388187233, 1.58142594698, 0.943557908546, 3.04000056656, 1.03065883885, 0.903238980444, 1.00000017513, 1.00000079551, 1.09997417336, 9.07021604833, 0.957646222558, 1.00000040315, 105.723155167, 1.03301498422, 2.30903004334, 1.04175479513, 3.29000065185, 1.00000099242, 65.127654904, 10.8634133613
5.90630168123, 1.03976627828, 1.57873201896, 0.91038137737, 2.83000095995, 1.13206731433, 2.05246072429, 1.26000066518, 1.14000029604, 2.30607332783, 2.63434428131, 1.03038692976, 3.04000015603, 1.04225964065, 0.958547476293, 1.00000002787, 1.00000066294, 1.02875802363, 9.16900943504, 0.964873415746, 1.00000032236, 124.255232134, 0.854737522303, 3.67513088591, 0.970455143894, 3.29000007823, 1.00000022177, 75.6814927464, 9.43289705389
2.1714644002, 1.00424643925, 1.41300369878, 0.936908126088, 2.83000088772, 0.930402309258, 4.55799577554, 1.26000094921, 1.14000051628, 1.33077121834, 1.58142594698, 1.03205568397, 3.04000051693, 1.08116395424, 0.828398692086, 1.00000014066, 1.00000050026, 1.03485644183, 7.37902252009, 0.94295903767, 1.00000099556, 120.236381498, 1.08863178488, 3.73294039737, 1.04175479513, 3.2900001483, 1.00000099754, 61.1964814427, 13.3520307818
5.88044193414, 1.01486790285, 1.54260285085, 0.885280949569, 2.83000022342, 1.11807717951, 4.67731520775, 1.26000096169, 1.14000049717, 3.0804833516, 1.88637686899, 0.96480563658, 3.04000039742, 1.05539209349, 1.02361113018, 1.00000046805, 1.00000096398, 1.10282316669, 7.6152773355, 0.937178956978, 1.00000075219, 99.4871223671, 1.01130430873, 5.55997208381, 1.04408946361, 3.29000004575, 1.00000087682, 75.3232283627, 9.66305737161
5.54840080152, 1.13829291045, 1.41781613294, 0.913657558026, 2.83000091966, 0.989544870845, 2.95915063518, 1.26000015044, 1.14000008166, 1.38225442505, 2.79868348249, 0.940503964684, 3.04000080385, 1.10566215194, 1.07875699915, 1.00000079946, 1.00000018934, 1.03780641427, 8.21430926964, 0.952050836801, 1.00000087158, 84.9457044533, 0.958570998368, 2.80601865944, 1.05559994271, 3.29000047895, 1.00000034001, 58.3642308225, 17.4077270777
2.06332810802, 1.06755383203, 1.53331577616, 0.850891757021, 2.83000070121, 1.15179142187, 5.64279317579, 1.2600001198, 1.14000079515, 2.47219043851, 1.78622059986, 0.941465116152, 3.04000047199, 1.02949033152, 0.877541395167, 1.00000080882, 1.00000091989, 1.06650008199, 3.54396861309, 0.923271638945, 1.00000054562, 78.6661387371, 0.960376462643, 4.18507243514, 0.965749349903, 3.29000095257, 1.00000021921, 71.8782503783, 11.2765072934
2.06332810802, 1.06755383203, 1.40770471173, 0.850891757021, 2.83000045691, 0.928241671076, 5.64279317579, 1.26000064794, 1.14000079515, 3.13711663171, 1.78622059986, 0.941465116152, 3.04000047199, 1.02949033152, 0.973461333946, 1.00000078343, 1.00000094907, 1.06650008199, 3.54396861309, 0.916959203063, 1.00000054562, 78.6661387371, 0.960376462643, 4.18507243514, 0.965749349903, 3.29000095257, 1.00000087682, 66.7161675576, 13.4826190161
1.02423596977, 1.08377726065, 1.69772800675, 0.808006364502, 2.83000091321, 0.911274327737, 1.02984142022, 1.26000064794, 1.14000089681, 2.58748678798, 1.77274108018, 0.958481815854, 3.04000096978, 1.0327511471, 0.802973948511, 1.00000011323, 1.00000004301, 1.03244835864, 7.35247341438, 0.995735410785, 1.00000043609, 78.5563558118, 0.848669103919, 2.72720552307, 0.970546807469, 3.29000053533, 1.00000019589, 93.4005324092, 10.2072709005
3.1409669158, 1.12587411581, 1.70399002168, 0.972289087237, 2.8300007358, 1.12003568946, 4.78306141959, 1.26000038876, 1.14000033994, 1.28144749996, 3.08214972569, 0.999582170762, 3.0400002105, 1.09244830351, 0.871606742969, 1.00000016651, 1.00000059797, 1.0936684178, 7.6527914913, 0.99755800093, 1.00000012405, 92.828906439, 1.04168218218, 2.4449714179, 1.00049107749, 3.29000025304, 1.00000068402, 75.81887787, 18.3804848756
5.75177142493, 1.09349852391, 1.53904238968, 0.992253967682, 2.83000059549, 1.09259603082, 5.58399681255, 1.26000018189, 1.14000017257, 3.18797762259, 3.01065632964, 0.987553469273, 3.04000009886, 1.05600412351, 1.08932157314, 1.00000003082, 1.00000097781, 1.05503724373, 7.36463423797, 0.992558154429, 1.000000735, 113.771621984, 0.917025149848, 2.4669845061, 1.02206697497, 3.29000038653, 1.00000013754, 82.0489880821, 14.0160033996
4.09859504413, 1.07938471002, 1.50134667257, 0.971763911326, 2.83000041323, 1.15608932436, 5.97194247203, 1.26000030441, 1.14000046223, 3.0804833516, 2.60300396934, 1.03195778869, 3.04000082641, 1.09930619072, 1.02312267161, 1.00000042287, 1.0000007393, 1.05298286135, 4.86239711986, 0.960856578633, 1.00000050044, 84.1270417558, 0.91139251166, 4.88403927975, 1.01698920774, 3.29000026043, 1.00000040429, 70.3113219371, 19.1114208749
2.06332810802, 1.06755383203, 1.40770471173, 0.802499282582, 2.83000045767, 1.15179142187, 5.64279317579, 1.26000064794, 1.14000079515, 2.59004879537, 1.78622059986, 0.941465116152, 3.04000047199, 1.02949033152, 0.973461333946, 1.00000080882, 1.00000091989, 1.02650963861, 3.54396861309, 0.916959203063, 1.00000054562, 78.6661387371, 0.960376462643, 4.18507243514, 0.965749349903, 3.29000095257, 1.00000087261, 94.1202560842, 10.3918260591
2.25929285843, 1.06366004299, 1.6217228041, 0.817668515159, 2.83000022455, 1.1273785042, 1.84139240106, 1.26000096024, 1.14000091677, 3.28757573456, 2.87024430058, 0.950553265454, 3.04000097342, 1.07172430813, 0.796987292988, 1.00000061116, 1.00000008913, 1.07665811506, 9.77321633093, 0.917572041762, 1.00000066137, 117.945252101, 0.928263019812, 1.03434717523, 0.974098392598, 3.29000089033, 1.00000012941, 78.8844880559, 18.7127508422
4.43189084147, 1.08650715468, 1.56964492381, 0.965527514067, 2.83000057128, 0.977410088009, 1.18576622419, 1.26000042075, 1.14000067414, 2.48388187233, 1.58142594698, 0.943557908546, 3.04000056656, 1.03065883885, 0.903238980444, 1.00000017513, 1.00000079551, 1.09997417336, 9.07021604833, 0.988812942587, 1.00000040315, 105.723155167, 1.03301498422, 2.30903004334, 1.04175479513, 3.29000065185, 1.00000099601, 86.9039806035, 14.7123214864
2.06332810802, 1.06755383203, 1.40770471173, 0.850891757021, 2.83000045767, 1.15179142187, 5.64279317579, 1.26000064794, 1.14000079515, 2.59004879537, 1.78622059986, 0.941465116152, 3.04000047199, 1.02949033152, 0.973461333946, 1.00000080882, 1.00000091989, 1.06650008199, 7.19720192255, 0.916959203063, 1.0000004719, 78.6661387371, 0.960376462643, 1.58340159468, 0.965749349903, 3.29000095257, 1.00000021921, 90.6723111359, 14.3818880163
4.12990270346, 1.13853865086, 1.73872797793, 0.830385609628, 2.83000001721, 0.871334312921, 2.32714507622, 1.26000022711, 1.14000094447, 2.99926425332, 2.67257036594, 0.976564259135, 3.04000065496, 1.04174213523, 1.01384293037, 1.00000000913, 1.0000001472, 1.01075443478, 7.16295480098, 0.963183082551, 1.00000081023, 103.514921732, 1.08189094387, 4.70430421186, 0.981746965135, 3.29000042595, 1.00000025537, 72.9787423997, 19.2490650946
5.88044193414, 1.02275818741, 1.54956947039, 0.868925524585, 2.83000022342, 0.883034292227, 1.60032179774, 1.26000019035, 1.14000003999, 2.27913723861, 2.75993496247, 1.0984956965, 3.04000015373, 1.08259849645, 0.815942996405, 1.00000014066, 1.00000065985, 1.09908587138, 3.16551088074, 0.956933953893, 1.00000091301, 86.604325988, 0.965642869321, 1.55935163051, 1.03290249187, 3.29000025461, 1.00000044937, 141.412433954, 11.9555957196
4.12990270346, 1.08650715468, 1.56964492381, 0.965527514067, 2.83000057128, 1.16036123069, 1.3374418162, 1.26000042075, 1.14000067414, 2.48388187233, 1.58142594698, 0.943557908546, 3.04000056656, 1.03065883885, 0.903238980444, 1.00000017513, 1.00000087283, 1.09997417336, 9.07021604833, 0.988812942587, 1.00000040315, 105.723155167, 1.03301498422, 2.30903004334, 0.977724983855, 3.29000065185, 1.00000099242, 146.158386706, 11.8026368462
1.00690100023, 1.12782659211, 1.42819361453, 0.867480231816, 2.83000043245, 1.18339150793, 4.78306141959, 1.26000041825, 1.140000077, 1.56746009918, 2.20990828249, 0.961253911672, 3.0400002105, 1.03564031246, 1.0261203043, 1.00000018661, 1.00000083729, 1.1039515166, 4.12440071828, 0.944932153436, 1.00000067743, 105.299675998, 0.951566150552, 3.47183789508, 0.994500948119, 3.29000084165, 1.00000030189, 94.4541948061, 12.3291152434
1.59872936434, 1.08782593405, 1.69606428654, 0.811122281585, 2.83000032691, 0.964260427895, 4.91411883546, 1.26000037133, 1.140000248, 2.41614882853, 2.51645725814, 0.893226819252, 3.04000085566, 1.065293747, 1.00767114961, 1.00000055447, 1.00000032025, 1.04076447241, 3.94693503451, 0.995332292801, 1.0000008163, 87.1586385537, 0.861315859868, 1.71096181511, 1.04330937841, 3.29000075918, 1.00000087774, 79.6359583975, 18.910712494
1.02423596977, 1.08377726065, 1.69772800675, 0.808006364502, 2.83000099274, 0.911274327737, 1.02984142022, 1.26000064794, 1.14000089681, 2.58748678798, 1.77274108018, 0.958481815854, 3.04000096978, 1.0327511471, 0.802973948511, 1.00000056062, 1.00000004301, 1.03244835864, 7.35247341438, 0.995735410785, 1.00000043609, 119.623732945, 0.848669103919, 3.08876144234, 0.970546807469, 3.29000053533, 1.00000019589, 90.463383119, 15.1363298184
3.39786770048, 1.01605350263, 1.63648296926, 0.929583727933, 2.83000072418, 1.0552849566, 3.26605381101, 1.2600007767, 1.14000095185, 3.35910956779, 3.00296875438, 1.05332330049, 3.04000014582, 1.08316124519, 0.785076501395, 1.00000000772, 1.00000075297, 1.08291908768, 4.58501177199, 0.992129956359, 1.00000013606, 83.8936055225, 1.08992940978, 2.5545190258, 1.01069130479, 3.29000075461, 1.00000090504, 90.7977712113, 14.4440981682
2.07440005076, 1.07600145962, 1.37635642612, 0.807845088143, 2.83000084698, 1.06556732627, 5.31267300837, 1.26000037133, 1.1400008939, 3.1469722538, 2.38219518304, 1.05986644573, 3.04000079364, 1.02484640613, 1.02691643916, 1.00000084556, 1.00000077559, 1.03719609317, 4.43207884253, 0.940009046827, 1.00000096642, 101.288216505, 0.853172654927, 1.71096181511, 1.04865322865, 3.29000078908, 1.00000026493, 77.8071660472, 20.3826289751
5.88044193414, 1.01486790285, 1.54260285085, 0.885280949569, 2.83000022342, 1.11807717951, 4.67731520775, 1.26000096169, 1.14000000384, 3.0804833516, 1.88637686899, 0.96480563658, 3.04000038482, 1.05539209349, 1.02361113018, 1.00000046805, 1.00000096398, 1.10282316669, 7.6152773355, 0.937178956978, 1.00000081577, 105.008816826, 1.01130430873, 5.55997208381, 1.04408946361, 3.29000004575, 1.00000087682, 170.580955521, 11.843611422
3.1409669158, 1.06143582879, 1.45058344127, 0.909048469463, 2.83000058237, 1.02017296511, 3.09069290334, 1.26000007696, 1.14000087369, 2.05263831546, 3.06034740954, 0.999582170762, 3.04000011669, 1.00167970591, 1.04467332267, 1.00000012105, 1.00000007773, 1.07975149924, 9.85585644672, 0.992639495665, 1.00000024037, 118.871813021, 1.01800885486, 1.31303926797, 1.02253862926, 3.29000000618, 1.00000021401, 104.880839115, 12.4235618252
5.76708028851, 1.01296979758, 1.4306645896, 0.88657245085, 2.83000073161, 1.17269589374, 3.37058912778, 1.26000040705, 1.14000034768, 1.46383909029, 2.94633978206, 0.935487621991, 3.04000044405, 1.02774802193, 0.795337820321, 1.00000026626, 1.000000585, 1.06765642, 9.18379796495, 0.93394076495, 1.00000045501, 96.0476422874, 0.962327426835, 2.80304150569, 1.04091269224, 3.29000064569, 1.00000085985, 98.9552331177, 20.7091934103
4.01478455835, 1.10748636, 1.65981746326, 0.822067902339, 2.83000039997, 0.944172981384, 3.68082794145, 1.26000056286, 1.14000008032, 3.15847659877, 1.92934283169, 0.900907450336, 3.0400001146, 1.022054053, 0.781141380166, 1.00000017513, 1.00000072255, 1.0287061976, 8.76669043237, 0.918381031228, 1.00000085654, 81.4677390811, 1.08863178488, 1.84833665245, 0.957216125718, 3.29000089635, 1.00000094179, 159.345785589, 12.4768235957
1.21243249777, 1.08919821931, 1.35763839561, 0.844876223049, 2.83000079888, 1.14273175004, 2.74132966484, 1.26000086415, 1.14000086719, 2.09611580052, 1.87223681156, 1.03850939177, 3.04000051904, 1.07053986172, 1.05996563827, 1.00000059306, 1.00000042914, 1.00325740217, 3.78331211501, 0.954340577878, 1.00000033273, 82.1172646014, 1.03635677188, 4.89072982105, 1.04861211872, 3.2900002866, 1.00000038858, 112.125359229, 12.5162148077
2.14679752344, 1.08919821931, 1.34991536727, 0.844876223049, 2.83000036644, 1.11067403666, 2.74132966484, 1.26000086415, 1.14000048527, 2.09611580052, 1.87223681156, 1.00992091291, 3.04000051829, 1.07053986172, 1.05996563827, 1.00000059306, 1.00000042914, 1.00325740217, 6.13554949942, 0.954340577878, 1.00000033273, 82.1172646014, 1.01283386866, 4.89072982105, 1.04861211872, 3.2900002866, 1.00000004157, 193.699349451, 13.0801728448
5.75177142493, 1.09349852391, 1.53904238968, 0.992253967682, 2.83000059549, 1.09259603082, 5.58399681255, 1.26000018189, 1.14000017257, 3.18797762259, 3.01065632964, 0.957985737088, 3.04000009886, 1.05600412351, 1.0183494354, 1.00000003082, 1.00000097781, 1.05503724373, 5.32063604198, 0.992558154429, 1.00000044356, 113.771621984, 0.945051014461, 2.4669845061, 1.02206697497, 3.29000038653, 1.00000013754, 129.356345944, 13.3953020974
5.73985339207, 1.01296979758, 1.4306645896, 0.812408360079, 2.83000073161, 1.17102461448, 3.37058912778, 1.26000009052, 1.14000062919, 1.46383909029, 2.94633978206, 1.05356380824, 3.04000044405, 1.02774802193, 0.795337820321, 1.00000016683, 1.00000081283, 1.06765642, 9.18379796495, 0.93394076495, 1.0000005277, 118.311151114, 0.891428453021, 2.91856551359, 1.04091269224, 3.29000064569, 1.00000057531, 127.457023709, 13.4855460136
3.1409669158, 1.08650715468, 1.45058344127, 0.909048469463, 2.83000058237, 1.02017296511, 3.09069290334, 1.26000007696, 1.14000087369, 3.28757573456, 3.06034740954, 0.999582170762, 3.04000011669, 1.00167970591, 1.04467332267, 1.00000012105, 1.00000058752, 1.07975149924, 9.07021604833, 0.992639495665, 1.00000039202, 117.945252101, 1.01800885486, 2.98364947362, 1.02253862926, 3.29000000618, 1.00000021401, 114.932076554, 15.9114868655
4.43189084147, 1.08650715468, 1.56964492381, 0.965527514067, 2.83000057128, 0.931738983951, 1.18576622419, 1.26000042075, 1.14000067414, 2.48388187233, 1.58142594698, 0.900595675664, 3.04000056656, 1.09930619072, 0.903238980444, 1.00000017513, 1.00000079551, 1.09997417336, 9.50423112935, 0.931599950828, 1.00000048137, 105.723155167, 1.03301498422, 2.30903004334, 1.04175479513, 3.29000065185, 1.00000099601, 223.562611649, 13.1087186446
1.00690100023, 1.12782659211, 1.42819361453, 0.867480231816, 2.83000043245, 1.18339150793, 4.78306141959, 1.26000075066, 1.140000077, 1.44453267493, 2.20990828249, 0.961253911672, 3.0400002105, 1.03564031246, 1.0261203043, 1.00000018661, 1.00000083729, 1.1039515166, 4.12440071828, 0.944932153436, 1.00000067743, 105.299675998, 0.951566150552, 5.57396779032, 0.994500948119, 3.29000083747, 1.00000030189, 222.188673971, 13.362684724
5.16623514864, 1.01615144514, 1.3859645896, 0.874920223097, 2.83000066792, 0.910353881094, 2.82704630686, 1.26000051283, 1.14000083532, 3.10821406695, 2.03256607826, 0.95542591627, 3.04000080911, 1.05407030121, 0.996268678132, 1.00000029821, 1.00000050694, 1.09533438629, 9.53932748913, 0.96792920875, 1.00000041758, 85.0248761185, 0.873067778151, 2.01064935307, 1.01412973282, 3.29000000562, 1.00000093018, 185.925762329, 13.4519643957
3.1409669158, 1.05595827984, 1.45058344127, 0.909048469463, 2.83000058237, 0.911274327737, 3.09069290334, 1.26000007696, 1.14000087369, 2.05263831546, 3.06034740954, 0.999582170762, 3.04000011669, 1.00167970591, 1.04467332267, 1.00000012105, 1.00000007773, 1.07975149924, 9.85585644672, 0.992639495665, 1.00000024037, 118.871813021, 1.01800885486, 1.31303926797, 1.02253862926, 3.29000000618, 1.00000021401, 139.28096999, 13.7989789286
4.10313510613, 1.07938471002, 1.50134667257, 0.971763911326, 2.83000041323, 0.928591320793, 5.97224664345, 1.26000060556, 1.14000046223, 3.44556569433, 2.60300396934, 1.01281068063, 3.04000082641, 1.09930619072, 1.02312267161, 1.00000022087, 1.0000007393, 1.05896395421, 4.86239711986, 0.960856578633, 1.00000050044, 84.1270417558, 0.91139251166, 4.88403927975, 1.01698920774, 3.29000026043, 1.00000040429, 136.360285798, 16.3498398364
5.16623514864, 1.06654606235, 1.3859645896, 0.874920223097, 2.83000034384, 0.910353881094, 2.82704630686, 1.2600003659, 1.14000083532, 3.10821406695, 2.03256607826, 0.913444519987, 3.04000002588, 1.05407030121, 0.996268678132, 1.0000002509, 1.00000050694, 1.09533438629, 9.53932748913, 0.96792920875, 1.00000036048, 85.0248761185, 0.90867913807, 2.01064935307, 0.997901721672, 3.29000000562, 1.00000093018, 119.433480521, 16.5285869355
4.8409161573, 1.03527157257, 1.38001518681, 0.924904630906, 2.83000056089, 1.17863982578, 3.01560756161, 1.26000090532, 1.1400009857, 2.98262968078, 2.70392371555, 0.880415836859, 3.04000060493, 1.09057716784, 0.947851570706, 1.00000097376, 1.00000069385, 1.10493106293, 7.01504181927, 0.96475074795, 1.00000040651, 117.460827948, 0.904018305333, 1.52676060711, 0.973025994041, 3.29000067373, 1.00000009404, 117.795125817, 21.3181928868
3.70671582384, 1.02275818741, 1.54956947039, 0.868925524585, 2.83000052592, 0.883034292227, 1.60032179774, 1.26000019035, 1.14000003999, 2.27913723861, 1.7905868215, 1.0984956965, 3.04000023684, 1.05155843571, 0.815942996405, 1.00000089996, 1.00000065985, 1.09191199296, 4.62605525402, 0.956933953893, 1.000000735, 104.441870967, 1.0300750413, 1.39472600694, 1.02575515997, 3.29000025461, 1.00000091673, 119.84793705, 16.4838258139
5.73985339207, 1.09349852391, 1.4306645896, 0.812408360079, 2.83000073161, 1.17102461448, 3.37058912778, 1.26000009052, 1.14000062919, 1.45356870876, 2.94633978206, 1.05569462013, 3.04000044405, 1.02774802193, 0.795337820321, 1.00000016683, 1.00000081283, 1.06765642, 9.996981762, 0.93394076495, 1.0000005277, 118.311151114, 0.891428453021, 2.91856551359, 1.04091269224, 3.2900008317, 1.00000057531, 227.837885092, 13.3966072796
3.39786770048, 1.02275818741, 1.63648296926, 0.929583727933, 2.83000072418, 1.0552849566, 3.26605381101, 1.2600007767, 1.14000095185, 3.33384646006, 3.00296875438, 1.05332330049, 3.04000014582, 1.08316124519, 0.785076501395, 1.00000000772, 1.00000075297, 1.08291908768, 4.58501177199, 0.992129956359, 1.00000013606, 91.3914102366, 1.08992940978, 2.5545190258, 1.01069130479, 3.29000075461, 1.00000090504, 225.362796796, 13.5517107781
3.30379223368, 1.13814660315, 1.60848220682, 0.818458820198, 2.8300004329, 0.977410088009, 2.54966358449, 1.26000068242, 1.1400009926, 2.60492556003, 2.10548607545, 1.04504280418, 3.04000011026, 1.00999400709, 0.780525180778, 1.00000019659, 1.00000082307, 1.03687005498, 7.91831000033, 0.946671483818, 1.0000005145, 118.716315734, 1.01800885486, 5.62413678156, 0.99901358432, 3.29000000618, 1.00000099796, 165.498763626, 14.1182505711
3.1409669158, 1.08782593405, 1.70399002168, 0.972289087237, 2.83000036354, 1.12003568946, 4.78306141959, 1.26000038876, 1.14000033994, 1.28144749996, 3.08214972569, 0.999582170762, 3.0400002105, 1.09244830351, 0.871606742969, 1.00000016651, 1.00000059797, 1.0936684178, 7.6527914913, 0.995977141503, 1.00000012405, 92.828906439, 1.04168218218, 2.4449714179, 1.00049107749, 3.29000025304, 1.00000068402, 149.95154993, 14.2261597847
4.12990270346, 1.08650715468, 1.56964492381, 0.965527514067, 2.83000057128, 1.16036123069, 1.3374418162, 1.26000042075, 1.14000067414, 2.48388187233, 1.58142594698, 0.943557908546, 3.04000056656, 1.03065883885, 0.903238980444, 1.00000017513, 1.00000079551, 1.09997417336, 9.07021604833, 0.988812942587, 1.00000040315, 105.723155167, 1.03301498422, 2.30903004334, 1.04175479513, 3.29000065185, 1.00000099242, 146.569961726, 14.709050609
3.39786770048, 1.00878449081, 1.63648296926, 0.929583727933, 2.83000072418, 1.0552849566, 3.26605381101, 1.2600007767, 1.14000095185, 2.52840152581, 3.00296875438, 1.05332330049, 3.04000014582, 1.08316124519, 0.785076501395, 1.00000000772, 1.00000087283, 1.08291908768, 4.58501177199, 0.967669028539, 1.0000001211, 91.3914102366, 0.91741873576, 2.5545190258, 0.977724983855, 3.29000075461, 1.00000090504, 130.859441021, 16.8211765006
3.1409669158, 1.06143582879, 1.45058344127, 0.909048469463, 2.83000058237, 1.02017296511, 3.09069290334, 1.26000007696, 1.14000087369, 3.28757573456, 3.06034740954, 0.999582170762, 3.04000011669, 1.00167970591, 1.04467332267, 1.00000012105, 1.00000007773, 1.07975149924, 7.77452526195, 0.992639495665, 1.00000039202, 117.945252101, 1.01800885486, 1.31303926797, 1.02253862926, 3.29000000618, 1.00000021401, 269.921193086, 13.6298193708
2.06332810802, 1.06755383203, 1.40770471173, 0.850891757021, 2.83000045767, 1.15179142187, 5.64279317579, 1.26000064794, 1.14000079515, 2.59004879537, 1.78622059986, 0.941465116152, 3.04000047199, 1.02949033152, 0.973461333946, 1.00000080882, 1.00000091989, 1.06650008199, 3.54396861309, 0.937178956978, 1.00000054562, 78.6661387371, 0.918120341583, 4.18507243514, 0.965749349903, 3.29000095257, 1.00000021921, 232.530535137, 13.7356335172
2.06332810802, 1.06755383203, 1.40770471173, 0.850891757021, 2.8300004195, 1.15179142187, 5.64279317579, 1.26000064794, 1.14000079515, 2.59004879537, 1.78622059986, 0.941465116152, 3.04000047199, 1.02949033152, 0.973461333946, 1.00000080882, 1.00000091989, 1.06650008199, 3.54396861309, 0.937178956978, 1.00000054562, 78.6661387371, 0.908199524734, 4.18507243514, 0.965749349903, 3.29000098027, 1.00000021921, 199.53962702, 14.7558868956
5.19184920042, 1.06198357202, 1.49486904683, 0.927542168551, 2.83000036518, 0.871334312921, 2.32714507622, 1.26000095699, 1.1400005229, 1.5588010266, 2.50114105655, 1.04904281569, 3.04000051776, 1.02708598899, 0.883834346729, 1.00000026412, 1.00000056778, 1.0121094373, 4.57487932876, 0.99572822428, 1.00000044921, 94.1376197382, 0.842422036402, 5.29894427083, 1.06243606142, 3.29000015456, 1.00000062365, 179.975322561, 15.2311048569
3.39786770048, 1.00878449081, 1.63648296926, 0.929583727933, 2.83000072418, 1.0552849566, 3.26605381101, 1.2600007767, 1.14000095185, 3.30418941044, 3.00296875438, 1.05332330049, 3.04000014582, 1.08316124519, 0.785076501395, 1.00000000772, 1.00000087283, 1.08291908768, 4.58501177199, 0.967669028539, 1.0000001211, 91.3914102366, 1.0552795326, 2.5545190258, 1.01069130479, 3.29000075461, 1.00000090504, 180.548453217, 14.8716322432
3.07265134005, 1.05693224527, 1.37733555722, 0.923942422748, 2.8300008455, 1.00585855602, 4.27171187534, 1.2600005913, 1.14000066619, 3.13681738877, 1.74738533998, 1.01878369914, 3.04000055176, 1.01538696242, 0.887944876457, 1.00000084843, 1.00000067291, 1.10493106293, 5.6268567759, 0.942556329118, 1.00000077784, 119.623732945, 1.08227362036, 3.08876144234, 1.00310333624, 3.29000084485, 1.00000091119, 132.70497693, 17.0492536405
5.95114180333, 1.00424643925, 1.54260285085, 0.885280949569, 2.83000022342, 1.17648233885, 4.67731520775, 1.26000050786, 1.14000000313, 3.0804833516, 1.56303926609, 0.892122965489, 3.04000038482, 1.0895527463, 0.841869264308, 1.00000046805, 1.00000096043, 1.0904226094, 8.93215722774, 0.937178956978, 1.0000004482, 105.723155167, 1.04753291974, 5.55997208381, 1.04408946361, 3.29000024446, 1.00000087682, 147.587004077, 16.9389800418
4.12990270346, 1.10536667372, 1.59687530738, 0.830385609628, 2.83000001721, 1.00590324312, 3.74139923689, 1.26000022711, 1.14000094447, 2.99926425332, 2.67257036594, 0.976564259135, 3.04000065496, 1.04174213523, 1.01384293037, 1.00000000913, 1.00000025438, 1.01075443478, 7.16295480098, 0.963183082551, 1.00000081023, 103.514921732, 1.08189094387, 4.70430421186, 0.981746965135, 3.29000042595, 1.00000025537, 265.810206965, 13.796875563
5.80704002227, 1.08650715468, 1.43218054834, 0.965527514067, 2.83000057128, 1.02564764653, 2.6665481992, 1.26000042075, 1.14000045325, 2.48388187233, 1.58142594698, 0.943557908546, 3.04000056656, 1.03065883885, 0.903238980444, 1.00000017513, 1.00000079551, 1.09997417336, 9.07021604833, 0.957646222558, 1.00000040315, 105.723155167, 1.03301498422, 2.30903004334, 0.974487477813, 3.29000065185, 1.00000090339, 182.605960705, 15.1132924867
3.39786770048, 1.00878449081, 1.63648296926, 0.929583727933, 2.83000072418, 1.0552849566, 3.26605381101, 1.2600007767, 1.14000095185, 3.30418941044, 3.00296875438, 1.05332330049, 3.04000014582, 1.08316124519, 0.785076501395, 1.00000000772, 1.00000087283, 1.08291908768, 4.58501177199, 0.957646222558, 1.0000001211, 91.3914102366, 1.0552795326, 1.48106746088, 1.01069130479, 3.29000075461, 1.00000090339, 146.580277237, 22.1332518632
2.1714644002, 1.00424643925, 1.41300369878, 0.936908126088, 2.83000088772, 0.930402309258, 4.55799577554, 1.26000094921, 1.14000051628, 1.33077121834, 3.09687125208, 1.03205568397, 3.04000051693, 1.08116395424, 0.828398692086, 1.00000014066, 1.00000050026, 1.03485644183, 7.37902252009, 0.94295903767, 1.00000099556, 120.236381498, 1.08863178488, 3.73294039737, 1.04175479513, 3.2900001483, 1.00000098627, 137.289459607, 22.9888456349
5.80704002227, 1.08650715468, 1.43218054834, 0.965527514067, 2.83000057128, 1.02564764653, 2.6665481992, 1.26000042075, 1.14000045325, 2.48388187233, 1.58142594698, 0.943557908546, 3.04000056656, 1.09425382015, 0.903238980444, 1.00000017513, 1.00000067545, 1.10211897528, 9.07021604833, 0.957646222558, 1.00000040315, 105.723155167, 0.943853271731, 2.30903004334, 0.974487477813, 3.29000065185, 1.00000090339, 171.096830478, 17.4488222039
3.39786770048, 1.00878449081, 1.63648296926, 0.929583727933, 2.83000072418, 1.0552849566, 3.26605381101, 1.2600007767, 1.14000095185, 3.30418941044, 2.69666496594, 1.05332330049, 3.04000014582, 1.08316124519, 0.785076501395, 1.00000000772, 1.00000058164, 1.08291908768, 4.58501177199, 0.967669028539, 1.00000013606, 91.3914102366, 1.0552795326, 2.5545190258, 1.01069130479, 3.29000075461, 1.00000090504, 270.832142741, 14.2426164742
2.99717731403, 1.0227259629, 1.46889515719, 0.835652895747, 2.83000070121, 1.13596322785, 3.44942734007, 1.26000024324, 1.14000068874, 2.47219043851, 1.91994568026, 0.9011276821, 3.04000028192, 1.01245090508, 0.812448822494, 1.00000051372, 1.00000097567, 1.03952420202, 7.954246844, 0.92845761078, 1.000000799, 80.7064865262, 0.960376462643, 5.85465439994, 1.05094387972, 3.29000030662, 1.00000035726, 185.485166837, 15.405236266
5.88044193414, 1.00424643925, 1.45519629488, 0.885280949569, 2.8300002206, 1.10780285472, 4.67731520775, 1.26000096169, 1.14000000313, 3.0804833516, 1.88637686899, 0.96480563658, 3.04000038482, 1.05539209349, 0.900935080383, 1.00000046805, 1.00000096043, 1.10282316669, 7.6152773355, 0.937178956978, 1.00000081577, 105.008816826, 1.04753291974, 5.55997208381, 1.04408946361, 3.29000024446, 1.00000087067, 151.060932649, 23.3860140052
2.1714644002, 1.05931131791, 1.38653937643, 0.936908126088, 2.83000088772, 0.930402309258, 4.55799577554, 1.26000094921, 1.14000051628, 1.33077121834, 3.09687125208, 1.03205568397, 3.04000051693, 1.08116395424, 0.828398692086, 1.00000014066, 1.00000050026, 1.03485644183, 7.37902252009, 0.94295903767, 1.00000099556, 120.236381498, 1.08863178488, 3.73294039737, 1.04175479513, 3.2900001483, 1.00000098627, 180.77414123, 17.6768058905
2.1714644002, 1.05931131791, 1.60848220682, 0.944273090246, 2.8300004329, 0.930402309258, 4.55799577554, 1.26000094921, 1.14000051628, 1.54058458009, 3.05509075342, 1.03205568397, 3.04000051693, 1.02693394012, 0.99171911816, 1.00000000882, 1.00000050026, 1.03687005498, 7.37902252009, 0.917938801661, 1.00000099556, 120.236381498, 0.965642869321, 3.73294039737, 1.03618815767, 3.2900001483, 1.00000098627, 294.479075854, 14.3293647257
4.12990270346, 1.08650715468, 1.43218054834, 0.965527514067, 2.83000057128, 1.02564764653, 1.3374418162, 1.26000090283, 1.14000045325, 2.48388187233, 1.58142594698, 0.943557908546, 3.04000056656, 1.03065883885, 0.903238980444, 1.00000017513, 1.00000079551, 1.09997417336, 9.07021604833, 0.957646222558, 1.00000024009, 105.723155167, 1.03301498422, 2.30903004334, 0.974487477813, 3.29000097911, 1.00000099242, 280.234101108, 14.6731891732
4.01478455835, 1.132698672, 1.70452553797, 0.822067902339, 2.83000039997, 0.944172981384, 3.68082794145, 1.26000056286, 1.14000008032, 3.15847659877, 2.57579968793, 0.880051557638, 3.04000003825, 1.08259849645, 0.781141380166, 1.00000017513, 1.00000072255, 1.0287061976, 8.76669043237, 0.977366590596, 1.00000083261, 87.6201384715, 1.08863178488, 1.84833665245, 0.951271131543, 3.29000089635, 1.00000094179, 202.731496978, 16.1503257277
5.73985339207, 1.13294229732, 1.4306645896, 0.812408360079, 2.83000073161, 1.17102461448, 3.37058912778, 1.26000009052, 1.14000062919, 1.46383909029, 2.94633978206, 1.05356380824, 3.04000044405, 1.02774802193, 0.781141380166, 1.00000016683, 1.00000081283, 1.06765642, 9.18379796495, 0.93394076495, 1.0000005277, 118.311151114, 0.891428453021, 2.91856551359, 1.04091269224, 3.29000055345, 1.00000057531, 157.164317923, 23.8051009506
5.88044193414, 1.02275818741, 1.54956947039, 0.868925524585, 2.83000022342, 0.883034292227, 1.60032179774, 1.26000019035, 1.14000003999, 2.27913723861, 3.05509075342, 1.0984956965, 3.04000015373, 1.05155843571, 0.815942996405, 1.00000014066, 1.00000065985, 1.09908587138, 4.62605525402, 0.956933953893, 1.00000091301, 86.604325988, 0.965642869321, 1.39472600694, 1.03290249187, 3.29000025461, 1.00000091673, 195.203084755, 18.0438368333
5.90630168123, 1.03976627828, 1.57873201896, 0.91038137737, 2.83000095995, 1.13206731433, 2.05246072429, 1.26000066518, 1.14000054423, 2.30607332783, 2.63434428131, 1.03038692976, 3.04000015603, 1.04225964065, 0.958547476293, 1.00000082822, 1.00000066294, 1.02875802363, 9.16900943504, 0.964873415746, 1.00000032236, 121.178499875, 0.90867913807, 3.67513088591, 0.970455143894, 3.29000007823, 1.00000022177, 300.508664711, 14.6895361611
4.12990270346, 1.08650715468, 1.56964492381, 0.965527514067, 2.83000057128, 1.16036123069, 1.3374418162, 1.26000042075, 1.14000067414, 2.48388187233, 1.58142594698, 0.999582170762, 3.04000056656, 1.03065883885, 0.903238980444, 1.00000017513, 1.00000079551, 1.09997417336, 9.07021604833, 0.988812942587, 1.00000099024, 105.723155167, 1.03301498422, 2.30903004334, 1.04175479513, 3.29000065185, 1.00000099242, 297.536593295, 14.8063878571
4.61499574134, 1.12027383199, 1.34447435086, 0.954924617451, 2.83000005172, 1.05844917069, 2.82684128777, 1.26000051317, 1.14000029604, 3.0804833516, 2.38854637492, 0.90705105184, 3.04000014645, 1.01846831126, 0.833212247491, 1.00000046805, 1.00000090509, 1.08900200533, 5.81429228088, 0.985908803567, 1.00000012295, 107.164866119, 0.858601971941, 1.29999997861, 1.05378747228, 3.29000024384, 1.00000019931, 243.211999449, 16.3501587228
5.59114657591, 1.05350932255, 1.40062384549, 0.862279121722, 2.83000096617, 1.18339150793, 5.72462792448, 1.26000044841, 1.14000085224, 2.59719055883, 2.38382441583, 1.02016339359, 3.04000075304, 1.06583680824, 0.781352398988, 1.00000001285, 1.00000000793, 1.02803784463, 7.10645089918, 0.957972912546, 1.0000007346, 100.358807887, 1.01311439079, 5.00801688621, 0.972595142567, 3.2900007542, 1.00000082675, 167.71433118, 24.3501096691
5.88044193414, 1.02275818741, 1.54956947039, 0.868925524585, 2.83000022342, 0.883034292227, 1.60032179774, 1.26000019035, 1.14000003999, 2.27913723861, 1.7905868215, 1.0984956965, 3.04000015373, 1.05155843571, 0.815942996405, 1.00000092445, 1.00000065985, 1.09191199296, 4.62605525402, 0.956933953893, 1.00000083651, 86.604325988, 1.0300750413, 1.17789974785, 1.03290249187, 3.29000025461, 1.00000091673, 201.610242671, 18.4689288787
5.59114657591, 1.05350932255, 1.40062384549, 0.862279121722, 2.83000096617, 0.933613746568, 5.72462792448, 1.26000044841, 1.14000080775, 2.59719055883, 2.38382441583, 1.02016339359, 3.04000075304, 1.10362302185, 0.781352398988, 1.00000001285, 1.00000000793, 1.02803784463, 7.10645089918, 0.957972912546, 1.0000007346, 100.358807887, 1.01311439079, 5.00801688621, 0.972595142567, 3.29000042161, 1.00000082675, 199.467258555, 19.1851734352
5.19184920042, 1.06198357202, 1.49486904683, 0.927542168551, 2.83000036518, 0.871334312921, 2.32714507622, 1.26000095699, 1.1400005229, 1.5588010266, 2.05779264521, 1.04904281569, 3.04000051776, 1.02708598899, 0.883834346729, 1.00000026412, 1.00000056778, 1.0121094373, 4.57487932876, 0.99572822428, 1.00000055647, 94.1376197382, 0.932863960704, 5.29894427083, 1.06243606142, 3.29000015456, 1.00000062365, 199.392901867, 24.0444736408
5.80704002227, 1.08650715468, 1.43218054834, 0.965527514067, 2.83000057128, 1.02564764653, 2.6665481992, 1.26000042075, 1.14000045325, 2.48388187233, 1.58142594698, 0.943557908546, 3.04000056656, 1.03065883885, 0.903238980444, 1.00000017513, 1.00000079551, 1.09997417336, 9.07021604833, 0.957646222558, 1.00000040315, 119.578344875, 1.03301498422, 2.30903004334, 0.974487477813, 3.29000065185, 1.00000090339, 319.382293602, 15.4689414925
5.74579829353, 1.10332647132, 1.53658866087, 0.801683027657, 2.83000055589, 0.968957857717, 3.17839217307, 1.26000060853, 1.14000077515, 2.60469622689, 2.46838270531, 0.982650947746, 3.04000063385, 1.10918137182, 1.0448656135, 1.00000002787, 1.00000033817, 1.07432023206, 4.07890559718, 0.910131773908, 1.00000027503, 116.802604045, 1.04540801164, 2.89825846606, 0.993193180846, 3.29000052796, 1.00000051536, 346.625230153, 15.090741626
2.72329607855, 1.02963021131, 1.38992148095, 0.861573153243, 2.83000079374, 0.943286047296, 1.13416143162, 1.2600001913, 1.14000005255, 2.07120630074, 2.49710145742, 1.07827005042, 3.0400009399, 1.07834878062, 0.94622211237, 1.00000055469, 1.00000053111, 1.10253841338, 3.88769588154, 0.929906087258, 1.0000009597, 103.814927667, 0.843043483596, 2.61530741048, 0.977168481487, 3.29000007559, 1.00000036289, 246.510757753, 16.7041110034
2.72329607855, 1.02963021131, 1.44114645427, 0.861573153243, 2.83000079374, 0.943286047296, 1.13416143162, 1.26000037477, 1.14000034484, 2.07120630074, 2.49710145742, 1.09913980596, 3.0400009399, 1.07834878062, 0.85398952287, 1.00000055469, 1.00000078536, 1.10253841338, 3.72369653729, 0.929906087258, 1.00000096833, 101.19692854, 0.883700229011, 2.61530741048, 0.977168481487, 3.29000007559, 1.00000036289, 172.293628634, 24.6174596168
2.99717731403, 1.0227259629, 1.46889515719, 0.835652895747, 2.83000070121, 1.13596322785, 3.86188822045, 1.26000024324, 1.14000068874, 2.47219043851, 1.91994568026, 0.9011276821, 3.04000028192, 1.01245090508, 0.812448822494, 1.00000051372, 1.00000097567, 1.03952420202, 7.954246844, 0.92845761078, 1.000000799, 118.311151114, 0.960376462643, 4.80032241111, 1.05094387972, 3.29000030662, 1.00000035726, 239.942666918, 19.3147852686
5.16623514864, 1.06654606235, 1.3859645896, 0.874920223097, 2.83000034384, 0.910353881094, 1.91702070275, 1.2600003659, 1.1400005676, 3.10821406695, 2.03256607826, 0.913444519987, 3.04000043193, 1.05407030121, 0.996268678132, 1.0000002509, 1.0000007393, 1.09533438629, 9.53932748913, 0.96792920875, 1.00000036048, 85.0248761185, 0.90867913807, 2.01064935307, 0.997901721672, 3.29000000562, 1.00000093018, 413.597072123, 15.3531166391
4.01478455835, 1.132698672, 1.65981746326, 0.822067902339, 2.83000039997, 0.944172981384, 3.68082794145, 1.26000056286, 1.14000008032, 3.15847659877, 1.92934283169, 0.880083581585, 3.04000004744, 1.022054053, 0.781141380166, 1.00000017513, 1.00000072255, 1.0287061976, 8.76669043237, 0.977366590596, 1.00000083261, 87.6201384715, 1.08863178488, 1.84833665245, 0.957216125718, 3.29000089635, 1.00000094179, 173.017498264, 25.2877604494
