1.0, 2.0, -1.0, 1.0, 0.0, 2.0, 0.0, -1.0, -1.0, 0.0, -1.0, -1.0, 2.0, -1.0, 0.0, 3.0, -1.0, 0.0, 0.0, 1.0, -1.0, 0.0, -1.0, 2.0, -1.0, -1.0, 0.0, 1.0, -1.0, 3.0, 3.0, 0.0, 1.0, 2.0, -1.0, -1.0, -1.0, 2.0, 1.0, 3.0, 3.0, -1.0, 1.0, 2.0, -1.0, -1.0, 3.0, 0.0, 3.0, 0.0, 96821.0, 484.0
2.0, 0.0, -1.0, 3.0, -1.0, 2.0, 1.0, 0.0, -1.0, 0.0, 1.0, 3.0, 0.0, 1.0, 2.0, 0.0, 3.0, 1.0, 0.0, 2.0, 2.0, -1.0, 0.0, -1.0, 1.0, -1.0, 1.0, 0.0, 1.0, -1.0, 1.0, 2.0, -1.0, 3.0, 2.0, -1.0, 0.0, 3.0, 3.0, 0.0, 2.0, -1.0, -1.0, -1.0, -1.0, 2.0, 3.0, 1.0, 1.0, -1.0, 96454.0, 533.0
1.0, 2.0, -1.0, 1.0, 0.0, 2.0, 0.0, -1.0, -1.0, 0.0, -1.0, -1.0, 2.0, -1.0, 0.0, 3.0, -1.0, 0.0, 0.0, 2.0, 2.0, 0.0, 0.0, 2.0, -1.0, -1.0, 0.0, 1.0, -1.0, 3.0, 3.0, 0.0, 1.0, 2.0, -1.0, -1.0, -1.0, 2.0, 1.0, 3.0, 3.0, -1.0, 1.0, 2.0, -1.0, -1.0, 3.0, 0.0, 3.0, 0.0, 96524.0, 516.0
1.0, 2.0, -1.0, 1.0, 0.0, 2.0, 0.0, -1.0, -1.0, 0.0, -1.0, -1.0, 2.0, 1.0, 0.0, 3.0, -1.0, 0.0, 0.0, 1.0, -1.0, 0.0, -1.0, 2.0, -1.0, -1.0, 0.0, 1.0, -1.0, 3.0, 3.0, 0.0, 1.0, 2.0, -1.0, -1.0, -1.0, 2.0, 1.0, 3.0, 3.0, -1.0, 1.0, 2.0, -1.0, -1.0, 3.0, 0.0, 3.0, 0.0, 96693.0, 499.0
2.0, 0.0, -1.0, 3.0, -1.0, 2.0, 1.0, 0.0, -1.0, 0.0, 1.0, 3.0, 0.0, 1.0, 2.0, 0.0, -1.0, 1.0, 0.0, 2.0, 2.0, -1.0, 0.0, -1.0, 1.0, -1.0, 1.0, 0.0, 1.0, -1.0, 1.0, 2.0, -1.0, 3.0, 2.0, -1.0, 0.0, 3.0, 3.0, 0.0, 2.0, -1.0, -1.0, -1.0, -1.0, 2.0, 3.0, 1.0, 1.0, -1.0, 96497.0, 517.0
2.0, 0.0, -1.0, 3.0, -1.0, 2.0, 1.0, 0.0, -1.0, 0.0, 1.0, 3.0, 0.0, 1.0, 2.0, 3.0, 3.0, 1.0, 0.0, 2.0, 2.0, -1.0, 0.0, 1.0, 1.0, -1.0, 1.0, 0.0, 1.0, -1.0, 1.0, 2.0, -1.0, 3.0, 2.0, 0.0, 0.0, 3.0, 3.0, 0.0, 2.0, -1.0, -1.0, -1.0, -1.0, 2.0, 3.0, 1.0, -1.0, 0.0, 96163.0, 565.0
1.0, 2.0, 2.0, 1.0, 0.0, 2.0, 0.0, -1.0, -1.0, 0.0, -1.0, -1.0, 2.0, -1.0, 0.0, 3.0, -1.0, 0.0, 1.0, 1.0, -1.0, 0.0, -1.0, 2.0, -1.0, -1.0, 0.0, 1.0, -1.0, 3.0, 3.0, 0.0, 1.0, 2.0, -1.0, -1.0, -1.0, 2.0, 1.0, -1.0, 3.0, 1.0, 1.0, 2.0, 1.0, -1.0, 3.0, 0.0, 3.0, 0.0, 96656.0, 514.0
2.0, 0.0, -1.0, 3.0, -1.0, -1.0, 1.0, 0.0, -1.0, 0.0, 1.0, 3.0, 0.0, 1.0, 2.0, 3.0, 3.0, 1.0, 0.0, 2.0, 2.0, -1.0, 0.0, 1.0, 1.0, -1.0, 1.0, 0.0, 1.0, -1.0, 1.0, 2.0, -1.0, 3.0, 2.0, 2.0, 0.0, 3.0, 3.0, 0.0, 2.0, -1.0, -1.0, -1.0, -1.0, 2.0, 3.0, 1.0, 1.0, 0.0, 96168.0, 564.0
3.0, -1.0, 0.0, -1.0, 1.0, 2.0, 0.0, -1.0, 2.0, 0.0, 2.0, 2.0, -1.0, 0.0, 1.0, -1.0, 0.0, 0.0, 2.0, 1.0, -1.0, -1.0, 3.0, 1.0, 3.0, -1.0, -1.0, 0.0, 3.0, -1.0, -1.0, -1.0, 0.0, 1.0, 1.0, 2.0, 2.0, 0.0, -1.0, -1.0, 1.0, 1.0, 2.0, 2.0, 3.0, 1.0, 2.0, -1.0, 0.0, 1.0, 96478.0, 533.0
2.0, 0.0, -1.0, 3.0, -1.0, 2.0, 1.0, 0.0, -1.0, 0.0, 1.0, 3.0, 0.0, 1.0, 2.0, 3.0, 3.0, 1.0, 0.0, 2.0, 2.0, 0.0, 0.0, -1.0, 1.0, -1.0, 1.0, 0.0, 1.0, -1.0, 1.0, 2.0, -1.0, 3.0, 2.0, 2.0, 0.0, 3.0, 3.0, 0.0, 2.0, -1.0, -1.0, -1.0, -1.0, -1.0, 3.0, 1.0, 1.0, 0.0, 96209.0, 564.0
1.0, 2.0, 2.0, 1.0, 0.0, 2.0, 0.0, -1.0, -1.0, 0.0, -1.0, -1.0, 2.0, -1.0, 0.0, 3.0, -1.0, 0.0, 1.0, 1.0, -1.0, 0.0, -1.0, 2.0, -1.0, -1.0, 0.0, 1.0, -1.0, 3.0, 3.0, 0.0, 1.0, 0.0, -1.0, -1.0, -1.0, 2.0, 1.0, 3.0, 3.0, -1.0, 1.0, 2.0, 1.0, -1.0, 3.0, 0.0, 3.0, 0.0, 96662.0, 514.0
2.0, 0.0, -1.0, 3.0, -1.0, 2.0, 1.0, 0.0, -1.0, 0.0, 1.0, 3.0, 0.0, 1.0, 2.0, 3.0, 3.0, 1.0, 0.0, 1.0, -1.0, -1.0, -1.0, -1.0, 1.0, -1.0, 1.0, 0.0, 1.0, -1.0, 1.0, 2.0, -1.0, 3.0, 2.0, 2.0, 0.0, 3.0, 3.0, 0.0, 2.0, -1.0, -1.0, -1.0, -1.0, 2.0, 3.0, 1.0, 1.0, 0.0, 96495.0, 534.0
2.0, 0.0, -1.0, 3.0, -1.0, 2.0, 1.0, 0.0, -1.0, 0.0, 1.0, 3.0, 0.0, 1.0, 2.0, 3.0, 3.0, 1.0, 0.0, 1.0, -1.0, -1.0, -1.0, -1.0, 1.0, -1.0, 1.0, 0.0, 1.0, -1.0, 1.0, 2.0, -1.0, 3.0, 2.0, 2.0, 0.0, 3.0, 3.0, 0.0, 2.0, -1.0, -1.0, -1.0, -1.0, 2.0, 3.0, 1.0, 1.0, 0.0, 96495.0, 534.0
3.0, -1.0, 2.0, 2.0, 3.0, -1.0, 0.0, 3.0, -1.0, 1.0, 2.0, 3.0, 1.0, 1.0, 1.0, 2.0, -1.0, 2.0, 0.0, 0.0, -1.0, 3.0, 2.0, 1.0, 0.0, 1.0, 0.0, 1.0, -1.0, -1.0, 2.0, 2.0, 2.0, 0.0, 0.0, 2.0, 0.0, -1.0, 3.0, -1.0, -1.0, 1.0, -1.0, 1.0, 3.0, 1.0, 0.0, 0.0, 0.0, 2.0, 96161.0, 568.0
1.0, 2.0, 2.0, 1.0, 0.0, 2.0, 2.0, -1.0, -1.0, 0.0, -1.0, -1.0, 2.0, -1.0, 0.0, 3.0, -1.0, 0.0, 1.0, 1.0, -1.0, 0.0, -1.0, 2.0, -1.0, -1.0, 0.0, 1.0, -1.0, 3.0, 3.0, 0.0, 1.0, 2.0, -1.0, -1.0, -1.0, 0.0, 1.0, 3.0, 3.0, -1.0, 1.0, 2.0, 1.0, -1.0, 3.0, 0.0, 3.0, 0.0, 96710.0, 514.0
2.0, 0.0, -1.0, 3.0, -1.0, 2.0, 1.0, 0.0, -1.0, 0.0, 1.0, 3.0, 0.0, 1.0, 2.0, 3.0, 3.0, 1.0, 0.0, 2.0, 2.0, -1.0, 0.0, -1.0, 1.0, -1.0, 1.0, 0.0, 1.0, -1.0, 1.0, 2.0, -1.0, 3.0, 2.0, 2.0, 0.0, 3.0, 3.0, 0.0, 2.0, -1.0, -1.0, -1.0, -1.0, 2.0, 3.0, 1.0, 1.0, 0.0, 96198.0, 566.0
2.0, 0.0, -1.0, 3.0, -1.0, 2.0, 1.0, 0.0, -1.0, 0.0, 1.0, 3.0, 0.0, 1.0, 2.0, 3.0, 3.0, 1.0, 0.0, 2.0, 2.0, -1.0, 0.0, -1.0, 1.0, -1.0, 1.0, 0.0, 1.0, -1.0, 1.0, 2.0, -1.0, 3.0, 2.0, 2.0, 0.0, 3.0, 3.0, 0.0, 2.0, -1.0, -1.0, -1.0, -1.0, 2.0, 3.0, 1.0, 1.0, 0.0, 96198.0, 566.0
2.0, 0.0, -1.0, 3.0, -1.0, 2.0, 1.0, 0.0, -1.0, 0.0, 1.0, 3.0, 0.0, 1.0, 2.0, 3.0, 3.0, 1.0, 0.0, 2.0, 2.0, -1.0, 0.0, -1.0, 1.0, -1.0, 1.0, 0.0, 1.0, -1.0, 1.0, 2.0, -1.0, 3.0, 2.0, 2.0, 0.0, 3.0, 3.0, 0.0, 2.0, -1.0, -1.0, -1.0, -1.0, 2.0, 3.0, 1.0, 1.0, 0.0, 96198.0, 566.0
2.0, 0.0, -1.0, 3.0, -1.0, 2.0, 1.0, 0.0, -1.0, 0.0, 1.0, 3.0, 0.0, 1.0, 2.0, 3.0, 3.0, 1.0, 0.0, 2.0, 2.0, -1.0, 0.0, -1.0, 1.0, -1.0, 1.0, 0.0, 1.0, -1.0, 1.0, 2.0, -1.0, 3.0, 2.0, 2.0, 0.0, 3.0, 3.0, 0.0, 2.0, -1.0, -1.0, -1.0, -1.0, 2.0, 3.0, 1.0, 1.0, 0.0, 96198.0, 566.0
2.0, 0.0, -1.0, 3.0, -1.0, 2.0, 1.0, 0.0, -1.0, 0.0, 1.0, 3.0, 0.0, 1.0, 2.0, 3.0, 3.0, 1.0, 0.0, 2.0, 2.0, -1.0, 0.0, -1.0, 1.0, -1.0, 1.0, 0.0, 1.0, -1.0, 1.0, 2.0, -1.0, 3.0, 2.0, 2.0, 0.0, 3.0, 3.0, 0.0, 2.0, -1.0, -1.0, -1.0, -1.0, 2.0, 3.0, 1.0, 1.0, 0.0, 96198.0, 566.0
2.0, 0.0, -1.0, 3.0, -1.0, 2.0, 1.0, 0.0, -1.0, 0.0, 1.0, 3.0, 0.0, 1.0, 2.0, 3.0, 3.0, 1.0, 0.0, 2.0, 2.0, -1.0, 0.0, -1.0, 1.0, -1.0, 1.0, 0.0, 1.0, -1.0, 1.0, 2.0, -1.0, 3.0, 2.0, 2.0, 0.0, 3.0, 3.0, 0.0, 2.0, -1.0, -1.0, -1.0, -1.0, 2.0, 3.0, 1.0, 1.0, 0.0, 96198.0, 566.0
2.0, 0.0, -1.0, 3.0, -1.0, 2.0, 1.0, 0.0, -1.0, 0.0, 1.0, 3.0, 0.0, 1.0, 2.0, 3.0, 3.0, 1.0, 0.0, 2.0, 2.0, -1.0, 0.0, -1.0, 1.0, -1.0, 1.0, 0.0, 1.0, -1.0, 1.0, 2.0, -1.0, 3.0, 2.0, 2.0, 0.0, 3.0, 3.0, 0.0, 2.0, -1.0, -1.0, -1.0, -1.0, 2.0, 3.0, 1.0, 1.0, 0.0, 96198.0, 566.0
1.0, 0.0, -1.0, 0.0, -1.0, 2.0, -1.0, 1.0, 3.0, 1.0, 2.0, 0.0, 2.0, 1.0, 3.0, 0.0, -1.0, 1.0, 0.0, 2.0, 2.0, 2.0, -1.0, -1.0, 1.0, -1.0, 2.0, -1.0, 0.0, 0.0, 2.0, 3.0, 2.0, -1.0, 1.0, -1.0, 3.0, -1.0, 0.0, 1.0, 1.0, -1.0, 0.0, 1.0, -1.0, 3.0, 0.0, 3.0, 0.0, -1.0, 96606.0, 530.0
1.0, 0.0, -1.0, 0.0, -1.0, 2.0, -1.0, 1.0, 3.0, 1.0, 2.0, 0.0, 2.0, 1.0, 3.0, 0.0, -1.0, 1.0, 0.0, 2.0, 2.0, 2.0, -1.0, -1.0, 1.0, -1.0, 2.0, -1.0, 0.0, 0.0, 2.0, 3.0, 2.0, -1.0, 1.0, -1.0, 3.0, -1.0, 0.0, 1.0, 1.0, -1.0, 0.0, 1.0, -1.0, 3.0, 0.0, 3.0, 0.0, -1.0, 96606.0, 530.0
1.0, 0.0, -1.0, 0.0, -1.0, 2.0, -1.0, 1.0, 3.0, 1.0, 2.0, 0.0, 2.0, 1.0, 3.0, 0.0, -1.0, 1.0, 0.0, 2.0, 2.0, 2.0, -1.0, -1.0, 1.0, -1.0, 2.0, -1.0, 0.0, 0.0, 2.0, 3.0, 2.0, -1.0, 1.0, -1.0, 3.0, -1.0, 0.0, 1.0, 1.0, -1.0, 0.0, 1.0, -1.0, 3.0, 0.0, 3.0, 0.0, -1.0, 96606.0, 530.0
1.0, 0.0, -1.0, 0.0, -1.0, 2.0, -1.0, 1.0, 3.0, 1.0, 2.0, 0.0, 2.0, 1.0, 3.0, 0.0, -1.0, 1.0, 0.0, 2.0, 2.0, 2.0, -1.0, -1.0, 1.0, -1.0, 2.0, -1.0, 0.0, 0.0, 2.0, 3.0, 2.0, -1.0, 1.0, -1.0, 3.0, -1.0, 0.0, 1.0, 1.0, -1.0, 0.0, 1.0, -1.0, 3.0, 0.0, 3.0, 0.0, -1.0, 96606.0, 530.0
1.0, 0.0, -1.0, 0.0, -1.0, 2.0, -1.0, 1.0, 3.0, 1.0, 2.0, 0.0, 2.0, 1.0, 3.0, 0.0, -1.0, 1.0, 0.0, 2.0, 2.0, 2.0, -1.0, -1.0, 1.0, -1.0, 2.0, -1.0, 0.0, 0.0, 2.0, 3.0, 2.0, -1.0, 1.0, -1.0, 3.0, -1.0, 0.0, 1.0, 1.0, -1.0, 0.0, 1.0, -1.0, 3.0, 0.0, 3.0, 0.0, -1.0, 96606.0, 530.0
1.0, 0.0, -1.0, 0.0, -1.0, 2.0, -1.0, 1.0, 3.0, 1.0, 2.0, 0.0, 2.0, 1.0, 3.0, 0.0, -1.0, 1.0, 0.0, 2.0, 2.0, 2.0, -1.0, -1.0, 1.0, -1.0, 2.0, -1.0, 0.0, 0.0, 2.0, 3.0, 2.0, -1.0, 1.0, -1.0, 3.0, -1.0, 0.0, 1.0, 1.0, -1.0, 0.0, 1.0, -1.0, 3.0, 0.0, 3.0, 0.0, -1.0, 96606.0, 530.0
1.0, 0.0, -1.0, 0.0, -1.0, 2.0, -1.0, 1.0, 3.0, 1.0, 2.0, 0.0, 2.0, 1.0, 3.0, 0.0, -1.0, 1.0, 0.0, 2.0, 2.0, 2.0, -1.0, -1.0, 1.0, -1.0, 2.0, -1.0, 0.0, 0.0, 2.0, 3.0, 2.0, -1.0, 1.0, -1.0, 3.0, -1.0, 0.0, 1.0, 1.0, -1.0, 0.0, 1.0, -1.0, 3.0, 0.0, 3.0, 0.0, -1.0, 96606.0, 530.0
