0.104845607442, 0.824587484112, 7.99888878327, 0.519807470926, 87.1327602574, 3.38504837504, 0.06447447748, 1.80809545221, 6.42507323377, 0.0066881797435, 0.25
0.104845607442, 1.04849428162, 2.81756702466, 0.540696529419, 63.2596516799, 2.86020953578, 2.49782023869, 3.45708684459, 43.2347522351, 0.0132379837711, 0.0
0.180107398439, 1.15041772889, 2.09445630621, 0.503494031843, 38.6234382137, 7.55723578531, 0.702785031376, 3.84738525995, 3.58347247565, 0.00211311846463, 0.3
0.221577520989, 1.1783509383, 6.93166752306, 0.403384040996, 89.8013172207, 3.03232711651, 1.26400219963, 1.59459429613, 25.4386248683, 0.051563512726, 0.0
0.434228666611, 1.04503830474, 3.22926840124, 0.538214027846, 35.6389266325, 2.1343171807, 3.12859965774, 2.8713700727, 4.85846384668, 0.0424487955493, 0.053164556962
0.302583273272, 1.13959552205, 9.62169044524, 0.58063035152, 94.6417995392, 2.78234689908, 3.20523988584, 0.446237371083, 2.34759755214, 0.0513170666662, 0.222972972973
0.104845607442, 0.824587484112, 7.99888878327, 0.519807470926, 64.8617232622, 3.38504837504, 0.06447447748, 1.80809545221, 6.42507323377, 0.0281703743112, 0.466666666667
0.418594494566, 0.824587484112, 7.99888878327, 0.519807470926, 94.6417995392, 1.70938023894, 0.06447447748, 1.80809545221, 6.42507323377, 0.0385022182183, 0.416666666667
0.221577520989, 1.1783509383, 3.500472186, 0.403384040996, 79.4554906507, 3.03232711651, 1.26400219963, 1.59459429613, 20.3080411446, 0.0422382297853, 0.3625
0.104845607442, 1.04849428162, 2.81756702466, 0.540696529419, 87.1327602574, 2.86020953578, 2.49782023869, 3.45708684459, 43.9790702219, 0.0360083578353, 0.466992665037
0.418594494566, 0.824587484112, 7.99888878327, 0.519807470926, 87.1327602574, 3.38504837504, 0.06447447748, 1.80809545221, 6.42507323377, 0.0782729498609, 0.0
0.563973798969, 1.13959552205, 8.15439088704, 0.58063035152, 94.6417995392, 2.78234689908, 3.85967993745, 0.446237371083, 2.34759755214, 0.0705928122852, 0.0564334085779
0.180107398439, 0.922735044566, 3.15725054505, 0.487298599526, 98.5053556752, 7.55723578531, 2.25601405993, 3.84738525995, 2.79424653895, 0.0665206023333, 0.0990099009901
0.259387171511, 0.913328900982, 8.84335161083, 0.440983764453, 66.1492056827, 7.30855851934, 3.70001200231, 3.76647438334, 39.3909123545, 0.0835570056831, 0.00757575757576
0.164056668801, 0.945508888369, 8.97584552165, 0.541376027158, 86.9475538783, 16.6130248004, 0.760808546255, 2.6524885293, 29.6639502473, 0.0959559180511, 0.0
0.458082117353, 1.18628574075, 3.69189754444, 0.555437720542, 49.271810116, 1.9612217937, 2.50036050756, 1.26218336521, 33.3349596761, 0.0607369071374, 0.251572327044
0.221577520989, 1.1783509383, 6.93166752306, 0.403384040996, 79.4554906507, 3.03232711651, 1.26400219963, 1.59459429613, 20.3080411446, 0.0538430249559, 0.318181818182
0.458082117353, 1.18628574075, 3.69189754444, 0.555437720542, 49.271810116, 1.9612217937, 2.50036050756, 1.26218336521, 33.3349596761, 0.0605348102829, 0.36
0.895378431572, 1.14131869073, 6.16049463422, 0.577581287887, 88.3595110211, 4.08969381258, 1.89428337027, 2.1047606602, 15.1177237262, 0.0962177794685, 0.0
0.164056668801, 0.945508888369, 8.97584552165, 0.541376027158, 86.9475538783, 16.6130248004, 2.15364856119, 2.6524885293, 29.6639502473, 0.113160316381, 0.0
0.221577520989, 1.1783509383, 6.93166752306, 0.403384040996, 89.8013172207, 3.03232711651, 1.26400219963, 1.59459429613, 20.3080411446, 0.0648328971572, 0.537234042553
0.418594494566, 1.0426558298, 2.81756702466, 0.599574520433, 63.2596516799, 2.86020953578, 2.49782023869, 3.45708684459, 43.2347522351, 0.0903600566072, 0.111111111111
0.292862514807, 1.15077028611, 6.56656543699, 0.546544856439, 72.5535060725, 5.98785738062, 2.51858454728, 1.47811511194, 8.08257562987, 0.102553465303, 0.02
0.710864310884, 1.1421016589, 4.15099534534, 0.651942803064, 56.7020180479, 43.9864756408, 0.917332588719, 3.54200768267, 4.39246552219, 0.115494665017, 0.0
0.880675055278, 0.967590768774, 5.14531610056, 0.618900638972, 1.26269464109, 1.66199319306, 0.536352122851, 1.43031118181, 24.1574392869, 0.0714234806398, 0.416666666667
0.217733916186, 0.8555681377, 2.29530608296, 0.553943060307, 93.2917372508, 18.5754765049, 1.9569235814, 4.35390554873, 24.4403238722, 0.1415299355, 0.0
0.458082117353, 1.18628574075, 3.69189754444, 0.650021240742, 74.9630996322, 1.9612217937, 1.42248472474, 1.86696325865, 33.3349596761, 0.0812739286827, 0.55
0.264625454548, 0.833599233672, 2.0815498374, 0.613459581062, 53.517896576, 12.6814649828, 3.99191989158, 1.79501489202, 24.2560781503, 0.151216546716, 0.0
0.302583273272, 1.13959552205, 9.62169044524, 0.58063035152, 87.1327602574, 2.78234689908, 3.20523988584, 0.446237371083, 2.34759755214, 0.0892124680734, 0.460355029586
0.353720556925, 0.851781915158, 8.36922708777, 0.570505924638, 50.5234554177, 8.96262401702, 1.5517618239, 1.86696325865, 18.3726219363, 0.120498097951, 0.0384615384615
0.895378431572, 1.14131869073, 2.25004935748, 0.577581287887, 97.9554881997, 2.78636470766, 1.89428337027, 4.47863704072, 15.1177237262, 0.12145037237, 0.0243902439024
0.458082117353, 1.18628574075, 3.69189754444, 0.486855958209, 49.271810116, 1.9612217937, 2.50036050756, 1.26218336521, 33.3349596761, 0.0859209108377, 0.621776504298
0.880675055278, 0.967590768774, 7.17940719578, 0.618900638972, 1.26269464109, 1.25482329757, 0.536352122851, 1.43031118181, 4.75962651293, 0.0883859161931, 0.571428571429
0.880675055278, 0.967590768774, 7.17940719578, 0.618900638972, 1.26269464109, 1.25482329757, 0.536352122851, 1.43031118181, 24.1574392869, 0.106164904776, 0.157894736842
0.101936845912, 1.1861185226, 7.00227286487, 0.415307491892, 63.9384717464, 20.2850916193, 2.88713037162, 4.32426477081, 17.5628054199, 0.113994977331, 0.0746268656716
0.212399056247, 0.841133503015, 8.67588456531, 0.54258742369, 88.3595110211, 16.6238339295, 3.99191989158, 2.1047606602, 42.9395597939, 0.153104921822, 0.0
0.101936845912, 1.1861185226, 8.84695902234, 0.415307491892, 63.9384717464, 20.2850916193, 2.88713037162, 4.32426477081, 17.5628054199, 0.139233869369, 0.0520231213873
0.212399056247, 0.841133503015, 8.67588456531, 0.54258742369, 88.3595110211, 16.6238339295, 3.10651342455, 2.1047606602, 42.9395597939, 0.166178739422, 0.0
0.880675055278, 0.967590768774, 8.97584552165, 0.434809211806, 3.8250074191, 1.66199319306, 0.536352122851, 1.43031118181, 24.1574392869, 0.105308293353, 0.35
0.164056668801, 0.945508888369, 5.14531610056, 0.541376027158, 86.9475538783, 16.6130248004, 2.15364856119, 2.6524885293, 29.6639502473, 0.142347898773, 0.0388349514563
0.212399056247, 0.841133503015, 6.16049463422, 0.54258742369, 88.3595110211, 16.6238339295, 3.10651342455, 2.1047606602, 42.5360845528, 0.166431011524, 0.0
0.180107398439, 1.15041772889, 3.15725054505, 0.503494031843, 38.6234382137, 7.55723578531, 0.702785031376, 3.84738525995, 3.60202765795, 0.131567559839, 0.0714285714286
0.499477187596, 1.12826778874, 3.43900639996, 0.53534754216, 5.82431221206, 5.32961271989, 0.112687526564, 4.47708674854, 37.3386753071, 0.178274551605, 0.0
0.257623741894, 0.841302619665, 2.97322919543, 0.581810888166, 18.1767207022, 21.4819869857, 1.10850428668, 0.133328744353, 24.7889870114, 0.19076651704, 0.0
0.259387171511, 1.11013183579, 8.14996478333, 0.440983764453, 66.1492056827, 7.30855851934, 3.70001200231, 3.76647438334, 21.3408670077, 0.129610406606, 0.138613861386
0.594811208956, 0.980261725449, 4.16600449443, 0.51187771128, 20.1691488768, 7.984017024, 3.32632500356, 2.26844468453, 10.0556567133, 0.181674753009, 0.00974025974026
0.465666416439, 0.883955165468, 2.16761623089, 0.656094781772, 99.0800611149, 13.1219197698, 2.46133818024, 3.70636521335, 18.6636454704, 0.202757559558, 0.0
0.164056668801, 0.945508888369, 8.97584552165, 0.541376027158, 86.9475538783, 16.6130248004, 3.25660921674, 2.6524885293, 29.6639502473, 0.141255329654, 0.133663366337
0.465666416439, 0.883955165468, 3.15725054505, 0.656094781772, 99.0800611149, 13.1219197698, 3.9329128011, 3.70636521335, 18.6636454704, 0.209912236369, 0.0
0.650408238318, 1.13387886458, 5.77760934711, 0.413979936752, 52.9487745027, 11.9528915374, 0.644690463637, 1.58453262229, 19.4911874326, 0.241957574153, 0.0
0.465666416439, 0.883955165468, 2.16761623089, 0.694162123858, 99.0800611149, 13.1219197698, 2.46133818024, 3.70636521335, 40.4826239342, 0.250827644362, 0.0
0.594811208956, 0.980261725449, 4.16600449443, 0.51187771128, 20.1691488768, 7.984017024, 3.32632500356, 2.26844468453, 10.0556567133, 0.211674092603, 0.00787401574803
0.174395983042, 1.17595648574, 4.86215022876, 0.670487760206, 79.5929752342, 20.1364158888, 3.81523594303, 0.550997514148, 22.2962760851, 0.185482719163, 0.0388059701493
0.571891013276, 1.1885927329, 7.02786397379, 0.447119373495, 81.9247136953, 1.85920772246, 0.526158812722, 4.41606528961, 7.25992781601, 0.123808549956, 0.416666666667
0.745251894341, 1.06109345873, 2.80488920206, 0.520408004237, 35.9136752377, 10.3618439495, 1.48547873356, 3.71820356096, 26.7827827563, 0.281237198678, 0.0
0.314150213415, 0.846870816858, 2.1196467173, 0.489195241066, 16.5146631893, 6.96806958314, 1.88190561119, 2.04228495981, 6.59277439534, 0.147910325014, 0.18
0.286487290115, 1.19659646423, 3.08759688542, 0.578556582231, 28.2506598096, 37.3856383826, 2.12460775643, 3.09040589025, 17.2527578186, 0.310265766158, 0.0
0.371054614515, 1.08593037389, 8.43302308619, 0.607534456992, 61.0063085866, 43.1861053204, 2.03655941514, 2.09621951069, 41.1469011192, 0.320872895138, 0.0
0.468531859869, 1.15077028611, 6.56656543699, 0.546544856439, 72.5535060725, 2.86020953578, 2.51858454728, 1.47811511194, 8.08257562987, 0.132829644215, 0.586206896552
0.248977603166, 1.17685290622, 8.08578887525, 0.442170579973, 1.25964111899, 39.2945857836, 2.85200103788, 3.33111003213, 25.2179612045, 0.322863314345, 0.0
0.563973798969, 1.13959552205, 8.15439088704, 0.58063035152, 94.6417995392, 2.78234689908, 3.85967993745, 0.446237371083, 1.45898066241, 0.140359102729, 0.659824046921
0.157466026231, 0.965550175437, 9.17896059671, 0.525899580625, 6.72894177581, 30.7643070322, 2.61858455276, 2.96426147571, 17.3444822441, 0.26096501321, 0.018018018018
0.340916588006, 0.987406629768, 5.72929370237, 0.662427942634, 41.7840811194, 43.2133753112, 2.49342518282, 0.970369576541, 27.5090331763, 0.328597864557, 0.0
0.264625454548, 0.833599233672, 2.0815498374, 0.673257897531, 53.517896576, 12.6814649828, 3.99191989158, 1.79501489202, 24.2560781503, 0.175094101563, 0.134328358209
0.60503277105, 0.868799812598, 8.6060543495, 0.66851813329, 70.3492791165, 33.1688932908, 0.0494832833447, 4.83328639522, 7.7042279578, 0.328807394113, 0.0
0.148028062843, 1.1885927329, 7.02786397379, 0.555437720542, 88.5538115597, 35.0826463416, 0.779472660765, 1.29801230282, 28.9800455745, 0.339668902477, 0.0
0.314150213415, 1.15077028611, 5.50854698694, 0.546544856439, 72.5535060725, 20.9393784831, 2.51858454728, 1.47811511194, 8.08257562987, 0.267449417607, 0.0253164556962
0.571891013276, 0.880468557699, 2.02429526675, 0.447119373495, 81.9247136953, 3.12721920373, 0.526158812722, 4.41606528961, 7.25992781601, 0.143712223877, 0.6
0.880374523617, 0.885278576748, 3.69465719238, 0.678698306883, 65.4187732675, 40.919362048, 0.210959863597, 2.33860717558, 22.806113517, 0.346648917784, 0.0
0.782026920221, 0.980409839104, 9.55685944068, 0.533638488429, 27.911533001, 12.2936551943, 0.194692132087, 4.34801319113, 29.650910538, 0.150980025018, 0.571428571429
0.568614192337, 0.980409839104, 8.07660011162, 0.523245031387, 27.911533001, 12.2936551943, 1.64978398562, 3.96482539063, 22.6697638468, 0.361380570003, 0.0
0.264625454548, 0.833599233672, 2.0815498374, 0.613459581062, 53.517896576, 12.6814649828, 3.10651342455, 2.33518247795, 24.2560781503, 0.194648331143, 0.106904231626
0.398491273315, 1.15584923284, 7.86828263005, 0.652903924468, 38.5022118747, 28.9320810679, 2.24704030418, 2.89396208548, 15.0762996345, 0.367340054754, 0.0
0.178550438564, 0.8720902849, 8.74616060329, 0.520489864957, 56.3873548936, 8.96262401702, 3.53884665481, 2.84830876831, 18.3726219363, 0.156320727321, 0.374622356495
0.178550438564, 0.8720902849, 7.33546320704, 0.520489864957, 98.8951840849, 8.96262401702, 3.53884665481, 2.84830876831, 18.3726219363, 0.156424734921, 0.398002853067
0.571891013276, 0.880468557699, 2.02429526675, 0.447119373495, 81.9247136953, 3.12721920373, 0.526158812722, 4.41606528961, 7.25992781601, 0.172716002409, 0.285714285714
0.538632103886, 1.18485349004, 9.51980843101, 0.449511194412, 72.2369568647, 22.0541912476, 0.0467932159931, 0.359594107159, 28.5855225434, 0.387406007721, 0.0
0.895378431572, 1.14131869073, 2.25004935748, 0.571566666881, 97.9554881997, 2.78636470766, 2.36724823492, 4.47863704072, 15.1177237262, 0.181758006436, 0.175824175824
0.371054614515, 1.08593037389, 8.43302308619, 0.607534456992, 61.0063085866, 43.1861053204, 2.85200103788, 2.09621951069, 25.2179612045, 0.404867949988, 0.0
0.232391032972, 0.934934087512, 8.44053254239, 0.623113099015, 34.7197506292, 29.4981803533, 2.94414705362, 1.22516261306, 3.64263247857, 0.251114683604, 0.0555555555556
0.24327994571, 0.942539009595, 2.88601121787, 0.543884620005, 18.8283920002, 49.416669566, 0.0839323764752, 0.0874341097356, 15.9374721044, 0.426912388748, 0.0
0.292862514807, 0.970882552625, 2.1196467173, 0.489195241066, 6.96809807241, 5.98785738062, 1.88190561119, 2.04228495981, 6.59277439534, 0.16119347244, 0.56
0.226078631754, 1.11263758472, 6.45437202349, 0.512771047967, 12.869660118, 45.3823866562, 2.3415709432, 4.48878268559, 10.3109040832, 0.350419393401, 0.0138888888889
0.489379632372, 1.08593037389, 8.43302308619, 0.607534456992, 61.0063085866, 43.1861053204, 1.73407012999, 2.09621951069, 41.1469011192, 0.447764321839, 0.0
0.226078631754, 1.11263758472, 6.45437202349, 0.512771047967, 12.869660118, 45.3823866562, 3.12859965774, 4.38809775924, 10.3109040832, 0.353189924315, 0.0148698884758
0.471411864412, 0.922735044566, 5.74455973617, 0.487298599526, 76.5932104102, 41.084414299, 2.25601405993, 0.569893348679, 35.9378462581, 0.456302756919, 0.0
0.259387171511, 1.11013183579, 5.77760934711, 0.440983764453, 66.1492056827, 7.30855851934, 3.70001200231, 3.76647438334, 21.3408670077, 0.171896988917, 0.410891089109
0.340916588006, 0.987406629768, 5.72929370237, 0.662427942634, 41.7840811194, 43.2133753112, 2.49342518282, 0.970369576541, 27.5090331763, 0.470481429874, 0.0
0.226078631754, 1.11263758472, 6.45437202349, 0.512771047967, 12.869660118, 45.3823866562, 2.3415709432, 4.14430767206, 10.3109040832, 0.3675311137, 0.0128205128205
0.716156649521, 1.14314382398, 6.30231829923, 0.571566666881, 38.2446775436, 18.6830993209, 1.46603192239, 1.81749662237, 31.5724853233, 0.471561258965, 0.0
0.692629984982, 0.904488430325, 8.45856625569, 0.565002400576, 37.3007144862, 25.6021697632, 0.625869854886, 2.67258168415, 14.8838572717, 0.476132717338, 0.0
0.425674466917, 1.06347713043, 3.26298793707, 0.632456343066, 74.6580835278, 41.653836449, 0.997512620858, 4.85190504057, 33.1251991181, 0.482855255969, 0.0
0.314150213415, 0.846870816858, 2.1196467173, 0.489195241066, 16.5146631893, 6.96806958314, 1.88190561119, 2.04228495981, 6.59277439534, 0.173256183977, 0.422535211268
0.353720556925, 0.851781915158, 9.4754295843, 0.570505924638, 70.9218263138, 8.96262401702, 1.5517618239, 1.26218336521, 18.3726219363, 0.1706076477, 0.515151515152
0.434228666611, 1.04503830474, 4.59543476726, 0.538214027846, 35.6389266325, 7.29288027741, 2.3415709432, 4.21664053367, 33.0676205595, 0.204273846957, 0.174825174825
0.779771673688, 0.961916586452, 3.7728133189, 0.420094334735, 41.8198644616, 25.785020367, 3.73844914195, 0.994827805283, 34.3505595973, 0.495179929418, 0.00613496932515
0.499837554254, 1.19050292759, 4.95431419896, 0.667940456495, 29.4666641822, 49.7680725424, 2.33486630554, 0.84458726476, 5.52139274155, 0.500323468366, 0.0
0.855560182489, 0.998741831673, 4.07827108669, 0.525001578431, 95.4271893753, 48.9053197505, 2.57405198942, 0.806831721705, 41.6441951062, 0.520246486918, 0.0
0.312089071693, 1.05198764981, 6.70803729675, 0.608337211894, 26.0366327425, 48.9857294967, 0.917884940282, 2.98123836252, 29.211597446, 0.248407441421, 0.125
0.563973798969, 1.0842185512, 8.15439088704, 0.678698306883, 99.8425329488, 49.339836053, 3.85967993745, 0.988976383624, 34.8881796634, 0.52732034588, 0.0
