0.326997197987, 0.94880231034, 2.59586785224, 0.417929396582, 60.3692931248, 1.17321834835, 1.60333212829, 2.27396294049, 43.4222435353, 360.183925848, 0.0268268571164
0.126363652188, 1.16467560497, 2.51185174685, 0.580616202944, 33.0336590857, 10.7704712728, 0.192718370381, 1.24378437774, 41.8778905141, 169.762641797, 0.119684995052
0.12973054051, 1.05395820411, 4.47062443798, 0.579420224816, 84.4217353963, 1.11032518654, 2.6517860993, 2.94658664762, 28.0722196072, 656.420524746, 0.0205759314528
0.126363652188, 0.99303584183, 2.51185174685, 0.580616202944, 33.0336590857, 10.7704712728, 0.371223359436, 1.24378437774, 41.8778905141, 200.140969774, 0.0678163028741
0.29136599477, 0.862102621336, 4.44547837608, 0.540276025295, 25.7312972495, 39.586807544, 0.298177485031, 0.194957409597, 33.5184700794, 148.909020714, 0.259589604042
0.437117881544, 1.15967268539, 2.71219113825, 0.517049875946, 88.9567092764, 42.5170930787, 0.73979922176, 2.81698878765, 11.903488907, 126.412880849, 0.509490071632
0.326997197987, 0.94880231034, 2.59586785224, 0.417929396582, 60.3692931248, 1.17321834835, 1.30474155274, 2.27396294049, 43.4222435353, 296.091227324, 0.0387812409772
0.892954768937, 0.865782758737, 2.02482582852, 0.6807089701, 35.5951676413, 13.7212326313, 1.15443627133, 4.8416243514, 1.31367115071, 140.163987405, 0.297130568197
0.154743955879, 0.836792316606, 7.35856741325, 0.679668180523, 41.0749120752, 4.1565156775, 1.82367938406, 4.05852440149, 3.11349828378, 417.61374808, 0.0284817399706
0.18759123191, 0.87303001411, 3.37866198595, 0.491942747426, 50.7569568784, 18.4509551556, 0.533731453408, 2.19421957993, 22.4062099798, 171.681992242, 0.174490920366
0.154743955879, 0.836792316606, 7.35856741325, 0.679668180523, 41.0749120752, 10.4547387768, 1.82367938406, 4.05852440149, 3.11349828378, 395.66951522, 0.121671500512
0.733901393436, 0.994109473397, 3.07522168679, 0.626571370361, 73.7409339418, 27.8680082881, 0.621828433059, 3.55213540943, 5.10137565413, 159.767154671, 0.566739041475
0.277001712214, 1.05395820411, 4.47062443798, 0.626571370361, 84.4217353963, 1.11032518654, 2.6517860993, 2.94658664762, 28.0722196072, 666.897187052, 0.0292735756598
0.358733362294, 0.928614966994, 3.83019292002, 0.695379681978, 11.6526082019, 2.8706694261, 3.4622734884, 4.97217241108, 27.1489907805, 544.135498267, 0.0435490814774
0.733901393436, 1.10775938605, 3.07522168679, 0.579420224816, 73.7409339418, 27.8680082881, 0.621828433059, 3.55213540943, 5.10137565413, 179.480042809, 0.430823467067
0.540196084009, 1.15081035623, 2.38634288835, 0.455443075052, 43.9580940956, 16.7986133491, 1.15443627133, 0.0339678563229, 1.31367115071, 180.809703977, 0.383166757207
0.419548690283, 1.13269327093, 3.01209590839, 0.670869663737, 62.9432965926, 12.6089353969, 1.3248041166, 4.85665278738, 5.07360187323, 235.835319962, 0.234170094769
0.144190195999, 1.08741528645, 5.1127500422, 0.565142897184, 35.5843070578, 34.7179881802, 0.304545604075, 4.86396314734, 28.2450879906, 376.425084527, 0.188952961477
0.856889644822, 0.87535230273, 2.87323831464, 0.40437009466, 12.0170586909, 23.9596741276, 0.976031906611, 1.08354576595, 35.6883220443, 171.747790318, 0.617540870078
0.358733362294, 0.928614966994, 3.83019292002, 0.695379681978, 65.792075007, 2.8706694261, 3.4622734884, 4.97217241108, 27.1489907805, 594.70833582, 0.12355132733
0.643735384539, 0.944641846196, 4.78387619698, 0.554157950163, 94.8508230383, 1.88692933577, 2.09932465867, 3.71892351184, 42.9982133667, 659.009673647, 0.0772061926804
0.492375225515, 1.16909692868, 7.95404402077, 0.486108537238, 54.1081390002, 13.912485695, 0.96202970891, 4.48101003409, 9.14300744527, 581.075274153, 0.156904456272
0.892954768937, 0.865782758737, 2.02482582852, 0.6807089701, 35.5951676413, 13.7212326313, 2.47345227939, 4.8416243514, 9.84362176441, 193.07356635, 0.418103354884
0.362636162358, 0.856772130518, 2.75232456946, 0.546328528309, 23.2994260917, 24.7491219109, 1.60652804444, 4.25610477585, 41.8733646574, 234.466570507, 0.390439606197
0.18759123191, 0.919904082355, 4.58907253935, 0.491942747426, 50.7569568784, 18.4509551556, 0.533731453408, 2.19421957993, 27.1593346848, 255.317644127, 0.290574279061
0.419548690283, 1.12291023679, 3.01209590839, 0.670869663737, 62.9432965926, 12.6089353969, 1.3248041166, 4.85665278738, 5.07360187323, 294.373871626, 0.243499898393
0.336503194284, 0.947435272834, 4.94507732208, 0.511697948796, 8.91430000844, 11.4968389662, 1.23545034727, 1.71015453756, 10.546589301, 389.345027438, 0.190973045284
0.148187826279, 1.13158094662, 5.6267468482, 0.632786464068, 7.95587839316, 26.041734125, 2.68705487659, 3.75173336856, 10.9874494617, 903.131765155, 0.137383283427
0.643735384539, 0.944641846196, 4.78387619698, 0.554157950163, 94.8508230383, 1.88692933577, 2.09932465867, 3.71892351184, 42.9982133667, 693.985061079, 0.158711324287
0.35725764809, 1.12936576686, 3.4412997776, 0.616204499371, 8.14012611369, 47.3235946086, 0.153178653128, 2.81433991524, 7.72461416225, 193.284173623, 0.529100153382
0.834683129482, 1.04353100291, 2.1555098237, 0.55898935035, 27.147070535, 29.2409040428, 2.60760680126, 3.82556671454, 11.5646344304, 241.378943357, 0.520740084019
0.879773112091, 0.952640809229, 3.04721185965, 0.556155258306, 73.7975094828, 17.9124305193, 1.05551327445, 1.89561830919, 21.8453753729, 254.764492958, 0.506993251052
0.29136599477, 0.862102621336, 4.44547837608, 0.540276025295, 25.7312972495, 39.586807544, 0.298177485031, 0.194957409597, 33.5184700794, 271.948253932, 0.444048986401
0.513713751604, 1.09013159231, 2.24870393174, 0.543168725597, 72.3698545503, 24.3464852193, 3.5432011092, 2.72125769145, 3.6123185693, 300.236624483, 0.39883063399
0.836187330679, 1.05242553887, 3.3633138367, 0.443498311439, 48.6595859298, 14.0228747361, 1.03551439188, 1.17085611078, 8.25572075359, 310.365221667, 0.37128173552
0.427133849863, 1.18936768403, 3.8701129312, 0.598468082366, 69.8187836472, 29.1965326747, 0.798259993491, 0.0538117898811, 10.4034171122, 333.061793173, 0.368372611051
0.318999324643, 0.87303001411, 3.37866198595, 0.638450825484, 16.4758091985, 16.446562171, 1.53001999093, 0.00804060797983, 38.557148386, 338.301020527, 0.261545084563
0.365566493582, 0.865990155833, 6.26332796962, 0.653247176791, 16.2467558452, 11.8789178411, 2.80329849244, 0.147587134712, 6.57184117232, 452.160131569, 0.211562663625
0.148719007982, 0.868882113839, 2.99784861935, 0.648087344973, 95.0298390866, 26.8662432885, 3.41478171845, 3.73324027771, 29.6749724447, 480.960295586, 0.194087755257
0.293775454105, 1.08239423426, 7.37031756117, 0.56702541136, 67.0878525184, 11.3027261173, 3.46646092483, 0.364242823811, 35.0276984312, 1602.20236567, 0.138543070065
0.548447144754, 0.900720547177, 7.17096438407, 0.689839357494, 13.9602797315, 3.70512305122, 3.55851150039, 1.18329706247, 38.8957620179, 1152.97180261, 0.142358659133
0.220534678843, 0.888646521428, 7.35262855061, 0.553429795911, 72.8868974224, 26.0396272127, 3.6075283705, 0.372712103739, 1.02757471965, 764.476038904, 0.193117245222
0.548447144754, 0.900720547177, 5.95702602697, 0.689839357494, 4.13520975594, 3.70512305122, 3.05869019864, 1.18329706247, 38.8957620179, 890.186573211, 0.175932656813
0.148187826279, 1.13158094662, 5.6267468482, 0.632786464068, 74.8864433708, 26.041734125, 2.68705487659, 3.75173336856, 10.9874494617, 945.726836001, 0.174274387959
0.883233060435, 1.12936576686, 2.87127565972, 0.616204499371, 8.14012611369, 47.3235946086, 0.600336944157, 2.81433991524, 7.72461416225, 197.478549463, 0.56606861611
0.437117881544, 1.15967268539, 3.38566796639, 0.517049875946, 88.9567092764, 42.5170930787, 0.73979922176, 2.81698878765, 11.903488907, 254.130921917, 0.56087526752
0.780365503344, 0.856772130518, 2.75232456946, 0.546328528309, 23.2994260917, 24.7491219109, 1.60652804444, 4.25610477585, 41.8733646574, 293.411220103, 0.525883337029
0.834683129482, 1.04353100291, 2.1555098237, 0.55898935035, 27.147070535, 29.2409040428, 2.60760680126, 3.82556671454, 11.5646344304, 273.658017511, 0.529232077903
0.841334083496, 1.10886565441, 3.58369610754, 0.419594287551, 30.2456124579, 16.4757480833, 1.06683884523, 1.73128940677, 1.19100796039, 309.448690946, 0.451005728116
0.384454764714, 0.902791795652, 4.47062565185, 0.429753111326, 69.7709452388, 23.5560083901, 1.91896725853, 0.0706418839931, 5.1428108355, 322.445995067, 0.438679960121
0.540196084009, 1.15081035623, 2.38634288835, 0.455443075052, 43.9580940956, 16.7986133491, 2.47345227939, 0.0339678563229, 9.84362176441, 310.842788436, 0.439721982729
0.318999324643, 0.919904082355, 3.87000546058, 0.638450825484, 16.4758091985, 16.446562171, 1.53001999093, 0.0208725520817, 38.557148386, 354.22698513, 0.270028197153
0.256289061824, 0.923110808509, 4.60005279675, 0.498393099782, 31.8075537963, 25.9860022704, 1.27285012726, 2.57951991316, 17.1787492618, 340.942633251, 0.296053295657
0.144190195999, 1.08741528645, 8.51220625354, 0.565142897184, 35.5843070578, 34.7179881802, 0.304545604075, 4.86396314734, 28.2450879906, 458.277025821, 0.231886839797
0.148719007982, 0.868882113839, 2.99784861935, 0.648087344973, 95.0298390866, 26.8662432885, 3.41478171845, 3.73324027771, 29.6749724447, 456.332381579, 0.24858727581
0.566888672897, 0.873317003817, 4.34192075707, 0.596352110329, 69.166284544, 10.6854132665, 1.11226895025, 0.224481315454, 37.1178707667, 474.143003295, 0.217532797433
0.11344093184, 0.986085196109, 6.27820771141, 0.604006045781, 83.9540016215, 31.2219783958, 2.70616697908, 2.61235007514, 19.1372266688, 724.919136944, 0.195662477556
0.52287366628, 1.13770879572, 5.45049417204, 0.595981086858, 9.87784123387, 9.47696813286, 2.62299298533, 0.772323196155, 20.4164585854, 969.105259404, 0.187822318322
0.856889644822, 0.87535230273, 4.01935483272, 0.40437009466, 12.0170586909, 39.5308338168, 0.976031906611, 1.08354576595, 35.6883220443, 220.811010001, 0.668492985534
0.879773112091, 0.952640809229, 3.72361454696, 0.556155258306, 73.7975094828, 17.9124305193, 1.05551327445, 2.09349082445, 21.8453753729, 279.696097559, 0.539401565214
0.554015805831, 0.828546929313, 7.96380062708, 0.486108537238, 54.1081390002, 41.6537394559, 0.694933355203, 3.0162157285, 9.14300744527, 339.943845193, 0.52487172272
0.426888480653, 0.870817891658, 5.01148967178, 0.688428025885, 59.2421043976, 11.2543579228, 1.38144721649, 4.78696504603, 21.9570937426, 376.662894698, 0.276140078487
0.336503194284, 0.947435272834, 4.94507732208, 0.511697948796, 8.91430000844, 11.4968389662, 1.23545034727, 1.71015453756, 10.546589301, 426.438746359, 0.27366501909
0.251147015353, 0.909545693952, 3.50848618933, 0.581882357379, 60.345711053, 29.0888483867, 1.4644646279, 0.430927717806, 32.9353123259, 344.286060144, 0.352792328765
0.427133849863, 1.18936768403, 3.8701129312, 0.598468082366, 44.3846069478, 29.1965326747, 0.798259993491, 0.0538117898811, 10.4034171122, 342.791688254, 0.364775151166
0.384454764714, 0.926911278631, 4.47062565185, 0.415321038536, 69.7709452388, 23.5560083901, 1.91896725853, 2.99931613477, 3.84693033486, 372.120505875, 0.311310362003
0.365566493582, 0.865990155833, 6.26332796962, 0.653247176791, 51.2963786448, 11.8789178411, 2.80329849244, 0.147587134712, 6.57184117232, 632.56930949, 0.266926511139
0.229599558913, 1.14139670918, 8.83645968882, 0.437524134005, 62.1374827907, 7.33289266154, 0.7973788489, 2.43098876695, 37.0798712679, 724.206241874, 0.226869748242
0.844086031357, 0.970201435405, 5.45049417204, 0.595981086858, 9.87784123387, 9.47696813286, 2.62299298533, 0.772323196155, 20.4164585854, 696.549620422, 0.237344223315
0.229599558913, 1.14139670918, 8.83645968882, 0.437524134005, 62.1374827907, 7.33289266154, 0.7973788489, 2.43098876695, 37.0798712679, 917.615861142, 0.195949718757
0.11344093184, 0.986085196109, 7.73134619943, 0.604006045781, 88.6598775871, 31.2219783958, 2.70616697908, 2.61235007514, 19.1372266688, 1122.97193529, 0.192792945579
0.554015805831, 0.828546929313, 7.96380062708, 0.561060960272, 34.6927845327, 41.6537394559, 0.694933355203, 3.0162157285, 30.2693574947, 288.974471006, 0.66891456495
0.330882274457, 0.946301012886, 2.96831023814, 0.443071236547, 38.9785827699, 20.2244141662, 3.95570479077, 1.73128940677, 25.8498414123, 542.825156991, 0.286796826402
0.251147015353, 0.909545693952, 3.50848618933, 0.581882357379, 60.345711053, 29.0888483867, 1.4644646279, 0.430927717806, 32.9353123259, 353.323297017, 0.390202131649
0.404740338741, 0.921137414176, 5.11770423433, 0.47895459911, 98.6125245298, 18.9357992504, 2.40419242648, 1.41313990572, 10.2038402934, 479.88650282, 0.332083689009
0.454039400482, 1.01022780704, 8.67764098526, 0.405213339872, 67.6116473552, 17.5461933946, 1.10658001832, 3.2078098708, 35.7642163923, 906.592536645, 0.242235948024
0.222749694748, 0.839184444469, 9.17693028992, 0.553429795911, 72.8868974224, 26.0396272127, 3.6075283705, 0.372712103739, 1.02757471965, 953.461771613, 0.233590095429
0.698805509855, 0.831831406325, 8.56514784341, 0.660242238439, 92.2552488965, 7.82733718261, 3.17256130032, 3.49077083542, 40.1262907756, 1157.14508862, 0.202399858722
0.776925686376, 0.893875473444, 4.32603896565, 0.521017462552, 89.2015926755, 4.15887085371, 2.53877183307, 4.5586363277, 41.7212575982, 543.144135797, 0.289115361214
0.513713751604, 1.09013159231, 2.24870393174, 0.543168725597, 56.2378422373, 24.3464852193, 3.04246062968, 4.68280087845, 27.7189752599, 402.114555602, 0.429683653493
0.882039409806, 0.826313250027, 6.08321925034, 0.497936621352, 39.1043258002, 29.6894000658, 1.68367194876, 4.51804011556, 9.96262772915, 357.05884867, 0.553554684138
0.491312591106, 0.826313250027, 6.08321925034, 0.497936621352, 55.2636216039, 29.6894000658, 1.68367194876, 4.51804011556, 9.96262772915, 368.121692441, 0.495115543152
0.619553319124, 1.03388336375, 4.32267687784, 0.504807851175, 25.2038182132, 21.5454741269, 0.362295251931, 0.530051903335, 39.6987386452, 383.16522736, 0.479814061249
0.256289061824, 0.923110808509, 4.60005279675, 0.498393099782, 31.8075537963, 33.5436707784, 1.27285012726, 2.57951991316, 17.1787492618, 526.736143955, 0.333470516978
0.330882274457, 0.946301012886, 2.96831023814, 0.443071236547, 38.9785827699, 20.2244141662, 3.95570479077, 3.92376475301, 10.2909025919, 482.48335339, 0.345067106978
0.293775454105, 1.08239423426, 7.37031756117, 0.56702541136, 67.0878525184, 11.3027261173, 3.31388684436, 0.364242823811, 35.0276984312, 1465.49912139, 0.272907334313
0.158844869929, 1.09558775841, 7.95903716946, 0.403143205953, 63.9879527077, 43.7187767729, 1.91447583116, 1.29827665889, 40.6639546131, 1425.57206226, 0.283503586666
0.459566102251, 1.16173219483, 8.52912546286, 0.6654889758, 11.0680666731, 13.2004927464, 3.92526105755, 3.00452084274, 39.6514928523, 2413.72935285, 0.259015862997
0.245903339862, 0.826742204541, 7.35262855061, 0.64333763133, 62.9787800291, 36.1121615673, 1.28114599761, 2.80692796821, 30.0184506174, 604.446408903, 0.291067675516
0.741055486906, 0.893875473444, 4.32603896565, 0.521017462552, 89.2015926755, 4.15887085371, 2.53877183307, 4.5586363277, 41.7212575982, 551.229351406, 0.296055972393
0.841334083496, 1.10886565441, 3.58369610754, 0.419594287551, 30.2456124579, 16.4757480833, 1.06683884523, 3.92376475301, 10.2909025919, 404.782054406, 0.451545378335
0.566888672897, 0.873317003817, 4.34192075707, 0.55713103743, 69.166284544, 10.6854132665, 1.11226895025, 0.224481315454, 37.1178707667, 470.478129839, 0.440241217556
0.82151100921, 0.914840725682, 8.03960630614, 0.552496203264, 37.4042498185, 43.962909885, 0.848959083517, 2.53461079118, 22.8853616494, 374.509932883, 0.582032996249
0.811614570164, 1.01901748021, 4.13151327309, 0.596352110329, 7.13142262332, 45.0944345315, 1.56952151938, 3.38945452587, 33.8094842496, 396.53460643, 0.503987017958
0.628930381474, 1.04761572199, 2.36232326009, 0.467087592085, 31.4639979504, 24.2303977794, 3.01398959915, 4.72685211085, 25.3020574164, 383.233465508, 0.536210170971
0.619553319124, 1.03388336375, 4.32267687784, 0.504807851175, 36.3921262748, 21.5454741269, 0.362295251931, 0.530051903335, 39.6987386452, 391.859350855, 0.529571917351
0.404740338741, 0.921137414176, 5.11770423433, 0.662696316985, 98.6125245298, 18.9357992504, 2.40419242648, 3.71669759771, 8.25572075359, 522.528469904, 0.38443610988
0.198577634258, 1.04939964013, 8.87142302978, 0.411108884565, 42.4312358425, 34.2266768395, 0.122788915802, 1.17405951809, 22.2305299187, 503.446016568, 0.424549701425
0.670224895114, 0.84991560454, 7.18425023677, 0.504698921509, 21.6161340521, 19.53870559, 1.76038325193, 4.23402441159, 9.7057582448, 518.248125542, 0.407161791356
0.69256232422, 0.980708539243, 7.87743251422, 0.502867970104, 2.98646502543, 11.5923673056, 1.69469943183, 3.11995340793, 29.6980019852, 727.883113076, 0.295861941287
