0.783651942369, 1.15103333835, 86.6373869323, 0.543894217222, 79.7657724984, 14.4350201184, 0.186592386393, 1.61694819345, 14.3290020026, 0.0, 0.166666666667
0.205051343891, 1.23000393904, 86.3996236195, 0.441306561788, 68.2024654727, 1.2115106091, 0.442427573417, 3.70030829314, 16.9993175033, 0.0030501596285, 0.0
0.411689996071, 1.09271806374, 92.621950298, 0.525751464997, 85.1337583276, 1.34854772164, 0.916221047981, 0.139043229585, 19.0870633312, 0.00609027775591, 0.0
0.411689996071, 1.09271806374, 92.621950298, 0.525751464997, 85.1337583276, 1.34854772164, 0.916221047981, 0.139043229585, 19.0870633312, 0.00416078856738, 0.125
0.11143807878, 1.25385668496, 90.8423741691, 0.63845673409, 36.2829907057, 1.67778427357, 1.51043058428, 0.782048422418, 12.9471133516, 0.00690739728602, 0.0
0.411689996071, 1.14941369993, 92.621950298, 0.651258454984, 36.2829907057, 1.34854772164, 0.987081811751, 0.0733406289441, 9.0325160818, 0.00765698643929, 0.0
0.113319179965, 1.22021973404, 94.6103240217, 0.61316335247, 36.2829907057, 1.04709352224, 0.402532584277, 3.5395499379, 9.26228583774, 0.00618768622644, 0.333333333333
0.158537958023, 1.11134934515, 83.7835712356, 0.622422905004, 30.1290344561, 3.08727109352, 1.92032376078, 3.21316951562, 14.2799521937, 0.00903904546184, 0.0
0.127559867714, 1.25660640467, 93.005845748, 0.485871047958, 30.8448398169, 2.36088821989, 1.51043058428, 4.41670156076, 5.39856385041, 0.00934384723574, 0.0
0.127559867714, 0.92294888093, 93.005845748, 0.472735725958, 36.2829907057, 1.41656702626, 1.51043058428, 0.782048422418, 19.066376799, 0.0106212170919, 0.0
0.130665090506, 0.94446650871, 91.9162033436, 0.61316335247, 0.0150105637999, 1.04709352224, 1.24100703584, 1.58712090646, 13.065463567, 0.00913409294509, 0.325581395349
0.160612555386, 1.00452103066, 93.6374417645, 0.525751464997, 5.11865025188, 1.34854772164, 0.987081811751, 0.139043229585, 9.0325160818, 0.0109144760267, 0.0
0.110314818704, 1.25385668496, 93.005845748, 0.485871047958, 36.2829907057, 2.36088821989, 1.51043058428, 0.782048422418, 9.26228583774, 0.0116808117691, 0.0222222222222
0.411689996071, 1.14941369993, 92.621950298, 0.651258454984, 5.29888914825, 1.34854772164, 0.987081811751, 0.0733406289441, 9.0325160818, 0.0117028916141, 0.0
0.110158742234, 1.06990301425, 90.8423741691, 0.63845673409, 71.926817526, 1.2115106091, 0.146070947374, 4.19798773198, 12.9471133516, 0.0114601403738, 0.111111111111
0.127559867714, 1.25385668496, 93.005845748, 0.685509145611, 72.0863391973, 2.36088821989, 1.52750383712, 0.782048422418, 9.26228583774, 0.0141321571393, 0.0
0.127559867714, 1.25385668496, 93.005845748, 0.485871047958, 36.2829907057, 2.36088821989, 1.51043058428, 0.782048422418, 9.26228583774, 0.0160892683771, 0.0
0.130665090506, 0.84511616105, 82.3332639927, 0.501282656143, 24.9771527588, 1.2115106091, 1.85648619612, 4.60552773688, 17.6270075585, 0.0136075178327, 0.16
0.130665090506, 1.25385668496, 93.005845748, 0.485871047958, 36.2829907057, 2.36088821989, 1.51043058428, 2.16561284069, 9.26228583774, 0.0168436944437, 0.0
0.127559867714, 1.25385668496, 93.005845748, 0.485871047958, 30.8448398169, 1.39185652251, 1.24100703584, 1.43902595671, 9.26228583774, 0.0146741727821, 0.133333333333
0.411689996071, 1.09271806374, 94.0635848622, 0.525751464997, 6.94908389007, 1.34854772164, 0.974077078876, 0.139043229585, 9.0325160818, 0.0171658540677, 0.0
0.123961880266, 1.22021973404, 93.005845748, 0.61316335247, 36.2829907057, 1.04709352224, 0.402532584277, 2.16561284069, 9.26228583774, 0.0122383089982, 0.555555555556
0.158537958023, 1.11134934515, 84.0390629601, 0.622422905004, 30.1290344561, 3.08727109352, 1.92032376078, 3.21316951562, 14.2799521937, 0.0208689903638, 0.0
0.411689996071, 1.09271806374, 90.8423741691, 0.63845673409, 30.7856947309, 1.67778427357, 1.51043058428, 0.139043229585, 12.9471133516, 0.0244641820466, 0.0
0.127559867714, 1.25385668496, 93.005845748, 0.485871047958, 36.2829907057, 2.36088821989, 1.51043058428, 0.782048422418, 9.26228583774, 0.0234312509093, 0.107142857143
0.158537958023, 1.11134934515, 84.0390629601, 0.622422905004, 30.1290344561, 3.08727109352, 1.92032376078, 3.21316951562, 14.2799521937, 0.0276346386208, 0.0
0.411689996071, 1.09271806374, 92.621950298, 0.525751464997, 5.29888914825, 1.34854772164, 0.987081811751, 0.139043229585, 9.0325160818, 0.0280460313377, 0.0
0.110158742234, 1.00356637505, 94.0635848622, 0.570798654585, 71.926817526, 1.2115106091, 0.974077078876, 4.19798773198, 7.80145218648, 0.0168660008381, 0.428571428571
0.411689996071, 1.09271806374, 92.621950298, 0.525751464997, 6.94908389007, 1.34854772164, 0.987081811751, 0.139043229585, 9.0325160818, 0.0284061157748, 0.0
0.127559867714, 0.92294888093, 93.005845748, 0.472735725958, 36.2829907057, 1.41656702626, 1.51043058428, 0.782048422418, 18.8614339629, 0.0187646277586, 0.180722891566
0.127559867714, 0.88013898302, 93.005845748, 0.485871047958, 45.1542431356, 1.31114799283, 1.51043058428, 0.782048422418, 9.26228583774, 0.0173068689574, 0.322580645161
0.152717943734, 1.21945426551, 93.9770347694, 0.529652206595, 27.2187227127, 4.10859896884, 0.712481673884, 0.96658722667, 6.6714361459, 0.0265090512247, 0.111111111111
0.123961880266, 1.25385668496, 93.005845748, 0.485871047958, 36.2829907057, 2.36088821989, 1.85648619612, 2.16561284069, 9.26228583774, 0.0206672989179, 0.238095238095
0.411689996071, 1.25385668496, 92.621950298, 0.525751464997, 5.29888914825, 1.34854772164, 0.987081811751, 0.139043229585, 9.0325160818, 0.0199307052582, 0.3
0.411689996071, 1.09271806374, 92.621950298, 0.525751464997, 5.29888914825, 1.34854772164, 0.987081811751, 0.139043229585, 9.0325160818, 0.0289172708484, 0.0
0.123961880266, 1.22184718141, 93.005845748, 0.485871047958, 36.2829907057, 2.36088821989, 1.85648619612, 2.16561284069, 17.6270075585, 0.0267152929825, 0.12676056338
0.11143807878, 1.00452103066, 93.6374417645, 0.525751464997, 6.94908389007, 1.34854772164, 0.987081811751, 0.782048422418, 9.0325160818, 0.0175380145023, 0.538461538462
0.127559867714, 0.84511616105, 93.005845748, 0.485871047958, 50.1496569004, 2.36088821989, 1.85648619612, 0.782048422418, 10.0642882508, 0.0216170907865, 0.190476190476
0.411689996071, 1.25385668496, 90.8423741691, 0.63845673409, 30.7856947309, 1.67778427357, 1.51043058428, 0.139043229585, 12.9471133516, 0.0292856474244, 0.0
0.300515173632, 1.22184718141, 86.2704073506, 0.632837760774, 85.4325875168, 1.46442533797, 0.630758728942, 4.63374940856, 16.2408667717, 0.0189454559432, 0.461538461538
0.11143807878, 1.25385668496, 90.8423741691, 0.63845673409, 36.2829907057, 1.67778427357, 1.51043058428, 0.782048422418, 12.9471133516, 0.0210892626644, 0.262295081967
0.123961880266, 1.25385668496, 93.005845748, 0.485871047958, 42.9198619468, 2.36088821989, 1.51043058428, 2.16561284069, 9.26228583774, 0.0227211507033, 0.2
0.411689996071, 1.09271806374, 81.1056888907, 0.525751464997, 5.29888914825, 1.34854772164, 0.987081811751, 0.139043229585, 9.0325160818, 0.0295057364558, 0.0
0.428707466518, 1.22184718141, 83.0873514699, 0.642749659751, 42.9198619468, 1.2115106091, 1.51043058428, 4.13795230386, 17.6270075585, 0.0264941172118, 0.179487179487
0.411689996071, 1.09271806374, 92.621950298, 0.470362441822, 5.29888914825, 1.34854772164, 0.648739768388, 0.139043229585, 9.0325160818, 0.0297273750333, 0.0
0.377864731927, 0.966553644877, 82.6711728156, 0.409808702677, 95.5591356663, 1.04709352224, 0.974077078876, 3.14973682287, 14.4431256596, 0.0313125377288, 0.0
0.205051343891, 1.07081093984, 86.3996236195, 0.556664956131, 68.2024654727, 1.34854772164, 0.442427573417, 3.70030829314, 16.9993175033, 0.0238928861649, 0.304347826087
0.110158742234, 0.94446650871, 94.0635848622, 0.570798654585, 71.926817526, 1.2115106091, 0.974077078876, 4.19798773198, 7.80145218648, 0.0226270829319, 0.4
0.110158742234, 0.94446650871, 94.0635848622, 0.570798654585, 71.926817526, 1.2115106091, 0.974077078876, 4.19798773198, 7.80145218648, 0.0220448231641, 0.466666666667
0.428707466518, 0.94446650871, 82.3332639927, 0.642749659751, 71.0068014754, 1.2115106091, 1.85648619612, 4.13795230386, 17.6270075585, 0.0300424828402, 0.0344827586207
0.123961880266, 1.25385668496, 93.005845748, 0.420529562262, 36.2829907057, 1.35586607822, 1.51043058428, 2.16561284069, 9.26228583774, 0.0223758884561, 0.525862068966
0.612265596307, 1.22184718141, 84.1447221072, 0.632837760774, 55.3694127391, 1.46442533797, 0.630758728942, 4.63374940856, 16.2408667717, 0.0352947339588, 0.0
0.160612555386, 1.00452103066, 93.6374417645, 0.525751464997, 5.11865025188, 1.34854772164, 0.987081811751, 0.782048422418, 9.0325160818, 0.0233063356983, 0.409090909091
0.411689996071, 1.09271806374, 94.0635848622, 0.551945521641, 6.94908389007, 1.34854772164, 0.974077078876, 0.139043229585, 9.0325160818, 0.0225207567372, 0.6
0.112966324685, 0.84511616105, 92.2952577607, 0.563231075152, 81.5770713616, 5.26570086015, 1.64294170151, 4.98640844128, 13.5740930031, 0.035134485426, 0.0263157894737
0.110158742234, 0.895396501078, 94.0635848622, 0.570798654585, 71.926817526, 47.6494898814, 0.974077078876, 3.14973682287, 7.80145218648, 0.0382575017871, 0.0
0.127559867714, 0.88013898302, 93.005845748, 0.485871047958, 55.3694127391, 2.36088821989, 1.51043058428, 0.782048422418, 9.26228583774, 0.0270951476985, 0.25
0.428707466518, 0.92294888093, 81.1056888907, 0.642749659751, 42.9198619468, 1.2115106091, 1.51043058428, 4.13795230386, 17.6270075585, 0.0348519064025, 0.0512820512821
0.50539684247, 1.10304333603, 93.0044288704, 0.525751464997, 5.29888914825, 1.34854772164, 0.987081811751, 3.56020620462, 9.0325160818, 0.0382822779955, 0.0
0.11143807878, 1.25385668496, 94.0635848622, 0.570798654585, 36.2829907057, 1.67778427357, 1.51043058428, 0.244361041588, 7.80145218648, 0.0235491863221, 0.513157894737
0.130665090506, 1.09271806374, 83.2882281694, 0.501282656143, 85.4325875168, 26.8221343839, 0.987081811751, 4.87731058836, 1.54281747201, 0.0412872790119, 0.0
0.11143807878, 1.25385668496, 90.8423741691, 0.63845673409, 36.2829907057, 1.67778427357, 1.80602617852, 0.782048422418, 12.9471133516, 0.0262109787103, 0.439024390244
0.428707466518, 1.25551249215, 82.3332639927, 0.642749659751, 59.1422918692, 1.34854772164, 0.227292515952, 4.13795230386, 13.615780845, 0.0444063152012, 0.0
0.377864731927, 0.966553644877, 83.2882281694, 0.409808702677, 95.5591356663, 1.04709352224, 1.02247093012, 3.6177269419, 14.4431256596, 0.0343508745028, 0.123076923077
0.321142335456, 1.08585679026, 81.1056888907, 0.68199373979, 28.0869078029, 4.28599755389, 0.45802193252, 1.13168270054, 13.4739241085, 0.0482092919405, 0.0
0.368542467702, 0.820092619383, 83.2882281694, 0.61316335247, 91.9118821915, 3.08727109352, 1.02247093012, 1.58712090646, 14.4431256596, 0.0507394491594, 0.0
0.368542467702, 0.820092619383, 83.2882281694, 0.61316335247, 61.3098617238, 3.08727109352, 1.02247093012, 1.58712090646, 14.4431256596, 0.0518877283767, 0.0
0.411689996071, 1.14941369993, 92.621950298, 0.651258454984, 5.29888914825, 1.34854772164, 0.987081811751, 0.0733406289441, 13.6439043767, 0.031971719141, 0.142857142857
0.428707466518, 1.25551249215, 82.3332639927, 0.642749659751, 62.4521012479, 4.55476801092, 0.227292515952, 4.13795230386, 17.6270075585, 0.0525675140391, 0.0
0.112966324685, 1.05363703121, 92.4442798142, 0.563231075152, 71.0068014754, 5.26570086015, 1.41596208816, 4.13795230386, 17.6270075585, 0.0432959478912, 0.0892857142857
0.31538383132, 1.08585679026, 81.1056888907, 0.68199373979, 28.0869078029, 4.28599755389, 0.45802193252, 1.13168270054, 13.4739241085, 0.0536554856005, 0.0
0.368542467702, 0.820092619383, 83.2882281694, 0.409808702677, 85.4325875168, 3.08727109352, 1.02247093012, 4.19167834546, 14.4431256596, 0.0551369311736, 0.0
0.300515173632, 0.94446650871, 89.6478650412, 0.61316335247, 85.4325875168, 1.04709352224, 1.24100703584, 1.58712090646, 13.065463567, 0.0276720692179, 0.55223880597
0.130665090506, 0.909213340022, 85.4671314206, 0.490471493442, 99.26217637, 9.44363384445, 1.16747593178, 4.87731058836, 1.54281747201, 0.0471487191716, 0.1
0.428707466518, 0.94446650871, 82.3332639927, 0.642749659751, 24.9771527588, 1.2115106091, 1.85648619612, 4.13795230386, 17.6270075585, 0.0305150973475, 0.186046511628
0.130665090506, 1.25385668496, 82.3332639927, 0.501282656143, 24.9771527588, 1.2115106091, 1.51043058428, 4.60552773688, 17.6270075585, 0.0276537849603, 0.558139534884
0.123961880266, 1.08585679026, 93.005845748, 0.655381664319, 24.5373169532, 3.14113875918, 1.57180684321, 2.16561284069, 13.4739241085, 0.034956572886, 0.145833333333
0.428707466518, 1.25437284922, 83.0873514699, 0.642749659751, 42.9198619468, 1.2115106091, 1.85648619612, 4.13795230386, 17.6270075585, 0.0385331943685, 0.114285714286
0.411689996071, 1.14941369993, 92.621950298, 0.651258454984, 5.29888914825, 1.34854772164, 0.987081811751, 0.0733406289441, 9.0325160818, 0.0476933978499, 0.1
0.377864731927, 0.820092619383, 83.2882281694, 0.409808702677, 95.5591356663, 3.08727109352, 1.02247093012, 3.6177269419, 14.4431256596, 0.0561373968637, 0.0
0.368542467702, 0.820092619383, 83.2882281694, 0.409808702677, 95.5591356663, 3.08727109352, 1.02247093012, 4.19167834546, 14.4431256596, 0.057935929138, 0.0
0.363704166937, 1.02962954597, 88.6278819669, 0.638131922207, 85.4325875168, 4.55476801092, 1.96349456404, 0.96658722667, 7.80815638654, 0.0582026290533, 0.0
0.130665090506, 0.84511616105, 83.2882281694, 0.501282656143, 74.4865606551, 11.9260379957, 1.11514169134, 4.87731058836, 1.54281747201, 0.0600784590984, 0.0
0.412875169106, 1.25437284922, 83.0873514699, 0.642749659751, 42.9198619468, 1.2115106091, 1.85648619612, 4.13795230386, 17.6270075585, 0.0379918386135, 0.152173913043
0.644854825142, 0.84455479243, 86.5029718647, 0.65045825504, 39.9258700451, 2.09092649907, 1.41897989784, 4.76232224885, 15.5559665421, 0.0616409317076, 0.0
0.644854825142, 1.09008266884, 91.4556523709, 0.65045825504, 39.9258700451, 2.09092649907, 1.45394262215, 4.79610480152, 15.5559665421, 0.0659780219691, 0.0
0.612265596307, 1.22184718141, 89.6478650412, 0.69360602215, 55.3694127391, 1.46442533797, 0.630758728942, 4.63374940856, 18.7528782577, 0.0730833292161, 0.0
0.853592374105, 0.88013898302, 91.4556523709, 0.691902180422, 55.3694127391, 1.46442533797, 1.76194169243, 4.63374940856, 3.32110526655, 0.0567980327579, 0.0588235294118
0.130665090506, 1.09939202328, 83.2882281694, 0.501282656143, 74.4865606551, 26.8221343839, 1.11514169134, 4.87731058836, 1.54281747201, 0.084064461991, 0.0
0.123961880266, 1.25385668496, 93.005845748, 0.485871047958, 36.2829907057, 2.36088821989, 1.51043058428, 2.16561284069, 9.26228583774, 0.029680687007, 0.448275862069
0.612265596307, 1.22184718141, 89.6478650412, 0.632837760774, 55.3694127391, 1.46442533797, 0.630758728942, 4.63374940856, 18.7528782577, 0.0841155349519, 0.0
0.127559867714, 1.25551249215, 93.005845748, 0.485871047958, 63.7766143278, 2.36088821989, 1.51043058428, 0.782048422418, 17.6270075585, 0.0325229669621, 0.28
0.152717943734, 1.21945426551, 93.9770347694, 0.529652206595, 27.2187227127, 13.1604392169, 0.712481673884, 0.96658722667, 6.6714361459, 0.087022361333, 0.0
0.411689996071, 1.25385668496, 92.6105582864, 0.63845673409, 30.7856947309, 1.67778427357, 1.51043058428, 0.139043229585, 12.9471133516, 0.0591223048454, 0.0701754385965
0.31538383132, 1.25551249215, 88.6278819669, 0.61316335247, 85.4325875168, 4.55476801092, 1.24100703584, 1.58712090646, 7.80815638654, 0.087154341457, 0.0
0.127559867714, 1.25385668496, 93.005845748, 0.485871047958, 30.8448398169, 13.4398354326, 1.24100703584, 0.782048422418, 9.26228583774, 0.0753624271965, 0.0277777777778
0.447307222493, 1.10304333603, 93.0044288704, 0.69943628293, 72.0863391973, 6.20214699284, 1.52750383712, 3.56020620462, 7.37367551794, 0.0882517331104, 0.0
0.300515173632, 0.94446650871, 91.9162033436, 0.61316335247, 0.124764729366, 1.04709352224, 1.24100703584, 1.58712090646, 13.065463567, 0.0349033235517, 0.266666666667
0.172005911764, 1.23585836466, 92.8374912847, 0.651258454984, 99.7721333993, 20.3344644016, 0.0204086390174, 3.56020620462, 18.4274926238, 0.0891876085041, 0.0
0.300515173632, 1.25551249215, 88.6278819669, 0.61316335247, 75.3844369621, 4.55476801092, 1.24100703584, 1.58712090646, 7.80815638654, 0.0895448924945, 0.0
