0.0, 0.0, 0.0, -1.0, 1.0, -1.0, 0.0, 0.0, -1.0, 1.0, 1.0, 1.0, 3.0, 1.0, 0.0, -1.0, 0.0, -1.0, 0.0, 2.0, 2.0, -1.0, 1.0, -1.0, -1.0, 0.0, -1.0, -1.0, 3.0, 0.0, 2.0, 1.0, 2.0, 2.0, 2.0, 2.0, -1.0, 1.0, -1.0, -1.0, -1.0, 2.0, 2.0, -1.0, 0.0, 0.0, 1.0, 2.0, 0.0, 1.0, 96451.0, 493.0
2.0, -1.0, -1.0, -1.0, 1.0, 2.0, -1.0, -1.0, -1.0, 2.0, 0.0, 1.0, 3.0, 0.0, 2.0, 0.0, 2.0, 1.0, 1.0, 3.0, -1.0, -1.0, -1.0, -1.0, -1.0, 0.0, -1.0, 2.0, 1.0, 1.0, 2.0, 1.0, -1.0, 0.0, -1.0, 1.0, -1.0, 0.0, -1.0, -1.0, 0.0, -1.0, 0.0, 2.0, 0.0, 1.0, 1.0, 3.0, 0.0, 2.0, 96998.0, 441.0
2.0, -1.0, -1.0, 1.0, 1.0, 2.0, -1.0, -1.0, 0.0, 2.0, 0.0, 1.0, 3.0, 0.0, 2.0, 0.0, 2.0, 1.0, 1.0, 3.0, -1.0, -1.0, -1.0, -1.0, -1.0, 0.0, -1.0, 2.0, 1.0, 1.0, 0.0, 1.0, -1.0, 0.0, -1.0, 1.0, -1.0, 0.0, -1.0, -1.0, 0.0, -1.0, 0.0, 2.0, 0.0, 1.0, 1.0, 3.0, 0.0, 2.0, 96695.0, 469.0
2.0, -1.0, -1.0, 1.0, 1.0, 2.0, -1.0, -1.0, 0.0, 2.0, 0.0, 1.0, 3.0, 0.0, 2.0, 0.0, 2.0, 1.0, 1.0, 3.0, -1.0, -1.0, -1.0, -1.0, -1.0, 0.0, -1.0, 2.0, 1.0, 1.0, 2.0, 1.0, -1.0, 0.0, -1.0, 1.0, -1.0, 0.0, -1.0, -1.0, 0.0, -1.0, 0.0, -1.0, 0.0, 1.0, 1.0, 3.0, 0.0, 2.0, 96824.0, 453.0
2.0, -1.0, -1.0, -1.0, 1.0, 2.0, -1.0, -1.0, -1.0, 2.0, 0.0, 1.0, 3.0, 0.0, 2.0, 0.0, 2.0, 1.0, 1.0, 3.0, -1.0, -1.0, -1.0, -1.0, -1.0, 0.0, -1.0, 2.0, 1.0, 1.0, 2.0, 1.0, -1.0, 0.0, -1.0, 1.0, -1.0, 0.0, -1.0, -1.0, 0.0, -1.0, 0.0, 2.0, 0.0, 1.0, 1.0, 3.0, 0.0, 2.0, 96998.0, 441.0
2.0, -1.0, -1.0, 1.0, 1.0, 2.0, -1.0, -1.0, 0.0, 2.0, 0.0, 1.0, 3.0, 0.0, 2.0, 0.0, 2.0, 1.0, 1.0, 3.0, -1.0, -1.0, -1.0, -1.0, -1.0, 0.0, -1.0, 2.0, 1.0, 1.0, 0.0, 1.0, -1.0, 0.0, -1.0, 1.0, -1.0, 0.0, -1.0, -1.0, 0.0, -1.0, 0.0, 2.0, 0.0, 1.0, 1.0, 3.0, 0.0, 2.0, 96695.0, 469.0
-1.0, -1.0, -1.0, 1.0, 1.0, -1.0, -1.0, -1.0, 0.0, 2.0, 0.0, 1.0, 3.0, 0.0, 2.0, 0.0, 2.0, 1.0, 0.0, 3.0, -1.0, -1.0, -1.0, -1.0, -1.0, 0.0, 1.0, 2.0, 1.0, 1.0, 2.0, 3.0, -1.0, 0.0, -1.0, 1.0, -1.0, 0.0, -1.0, -1.0, 0.0, -1.0, 0.0, 2.0, 0.0, 1.0, 1.0, 3.0, 0.0, 2.0, 96846.0, 451.0
-1.0, -1.0, -1.0, 1.0, 1.0, 2.0, -1.0, -1.0, 0.0, 2.0, 0.0, 1.0, 3.0, 0.0, 2.0, 0.0, 2.0, 1.0, 0.0, 3.0, -1.0, -1.0, -1.0, -1.0, -1.0, 0.0, 1.0, 1.0, 1.0, 1.0, 2.0, 3.0, -1.0, 0.0, -1.0, 1.0, -1.0, 0.0, -1.0, -1.0, 0.0, -1.0, 0.0, 2.0, 0.0, 1.0, 1.0, 3.0, 0.0, 2.0, 96799.0, 462.0
0.0, 0.0, 0.0, -1.0, 1.0, -1.0, 0.0, 0.0, -1.0, 1.0, 1.0, 1.0, 3.0, 1.0, 0.0, -1.0, 0.0, -1.0, 0.0, 2.0, 2.0, -1.0, 1.0, -1.0, -1.0, 0.0, -1.0, -1.0, 3.0, 0.0, 2.0, 1.0, 2.0, 2.0, 2.0, 2.0, -1.0, 1.0, -1.0, -1.0, -1.0, 2.0, 2.0, -1.0, 0.0, 0.0, 1.0, 2.0, 0.0, 1.0, 96451.0, 493.0
2.0, -1.0, -1.0, -1.0, 1.0, 2.0, -1.0, -1.0, -1.0, 2.0, 0.0, 1.0, 3.0, 0.0, 2.0, 0.0, 2.0, 1.0, 1.0, 3.0, -1.0, -1.0, -1.0, -1.0, -1.0, 0.0, -1.0, 2.0, 1.0, 1.0, 2.0, 1.0, -1.0, 0.0, -1.0, 1.0, -1.0, 0.0, -1.0, -1.0, 0.0, -1.0, 0.0, 2.0, 0.0, 1.0, 1.0, 3.0, 0.0, 2.0, 96998.0, 441.0
2.0, -1.0, -1.0, 1.0, 1.0, 2.0, -1.0, -1.0, 0.0, 2.0, 0.0, 1.0, 3.0, 0.0, 2.0, 0.0, 2.0, 1.0, 1.0, 3.0, -1.0, -1.0, -1.0, -1.0, -1.0, 0.0, -1.0, 2.0, 1.0, 1.0, 0.0, 1.0, -1.0, 0.0, -1.0, 1.0, -1.0, 0.0, -1.0, -1.0, 0.0, -1.0, 0.0, 2.0, 0.0, 1.0, 1.0, 3.0, 0.0, 2.0, 96695.0, 469.0
2.0, -1.0, -1.0, 1.0, 1.0, 2.0, -1.0, -1.0, 0.0, 2.0, 0.0, 1.0, 3.0, 0.0, 2.0, 0.0, 2.0, 1.0, 1.0, 3.0, -1.0, -1.0, -1.0, -1.0, -1.0, 0.0, -1.0, 2.0, 1.0, 1.0, 2.0, 1.0, -1.0, 0.0, -1.0, 1.0, -1.0, 0.0, -1.0, -1.0, 0.0, -1.0, 0.0, -1.0, 0.0, 1.0, 1.0, 3.0, 0.0, 2.0, 96824.0, 453.0
2.0, -1.0, -1.0, -1.0, 1.0, -1.0, -1.0, -1.0, -1.0, 2.0, 0.0, 1.0, 3.0, 0.0, 2.0, 0.0, 2.0, 1.0, 1.0, 3.0, -1.0, -1.0, -1.0, -1.0, -1.0, 0.0, -1.0, 2.0, 1.0, 1.0, 2.0, 1.0, -1.0, 0.0, -1.0, 1.0, -1.0, 0.0, -1.0, -1.0, 0.0, -1.0, 0.0, 2.0, 0.0, 1.0, 1.0, 3.0, 0.0, 2.0, 97027.0, 430.0
2.0, -1.0, -1.0, 1.0, 1.0, 2.0, -1.0, -1.0, 0.0, 2.0, 0.0, 1.0, 3.0, 0.0, 2.0, 0.0, 2.0, 1.0, 1.0, 3.0, -1.0, -1.0, -1.0, -1.0, -1.0, 0.0, -1.0, 2.0, 1.0, 1.0, 0.0, 1.0, -1.0, 0.0, -1.0, 1.0, -1.0, 0.0, -1.0, -1.0, 0.0, -1.0, 0.0, 2.0, 0.0, 1.0, 1.0, 3.0, 0.0, 2.0, 96695.0, 469.0
-1.0, -1.0, 0.0, -1.0, 0.0, 1.0, -1.0, 3.0, -1.0, 1.0, -1.0, -1.0, 3.0, 0.0, 1.0, 1.0, 2.0, 2.0, 0.0, 2.0, -1.0, -1.0, -1.0, 1.0, -1.0, -1.0, 3.0, 0.0, 1.0, 0.0, 0.0, 2.0, 3.0, 2.0, 1.0, 3.0, 1.0, -1.0, 1.0, 2.0, -1.0, -1.0, -1.0, -1.0, 1.0, -1.0, 2.0, 1.0, 0.0, 2.0, 97309.0, 430.0
0.0, 0.0, 0.0, -1.0, 1.0, -1.0, -1.0, 0.0, 3.0, 1.0, 1.0, 1.0, 3.0, 1.0, 0.0, -1.0, 0.0, -1.0, 0.0, 2.0, 2.0, -1.0, -1.0, -1.0, 2.0, 0.0, -1.0, -1.0, 1.0, 0.0, 2.0, 1.0, 2.0, 2.0, 2.0, 2.0, -1.0, 1.0, -1.0, -1.0, 0.0, 2.0, 2.0, -1.0, 0.0, 0.0, 1.0, 2.0, 0.0, 2.0, 96328.0, 506.0
-1.0, -1.0, 0.0, -1.0, 0.0, 1.0, -1.0, 3.0, -1.0, 1.0, -1.0, -1.0, 3.0, 0.0, 1.0, 1.0, 2.0, 2.0, 0.0, 2.0, -1.0, -1.0, -1.0, 1.0, -1.0, -1.0, 3.0, 0.0, 1.0, 0.0, 0.0, 2.0, 3.0, 2.0, 1.0, 3.0, 1.0, -1.0, 1.0, 2.0, -1.0, -1.0, -1.0, -1.0, 1.0, -1.0, 2.0, 1.0, 0.0, 2.0, 97309.0, 430.0
0.0, 0.0, 0.0, -1.0, 1.0, -1.0, -1.0, 0.0, 3.0, 1.0, 1.0, 1.0, 3.0, 1.0, 0.0, -1.0, 0.0, -1.0, 0.0, 2.0, 2.0, -1.0, -1.0, -1.0, 2.0, 0.0, -1.0, -1.0, 1.0, 0.0, 2.0, 1.0, 2.0, 2.0, 2.0, 2.0, -1.0, 1.0, -1.0, -1.0, 0.0, 2.0, 2.0, -1.0, 0.0, 0.0, 1.0, 2.0, 0.0, 2.0, 96328.0, 506.0
2.0, -1.0, -1.0, -1.0, 1.0, 2.0, -1.0, -1.0, 0.0, 2.0, 0.0, 1.0, 3.0, 0.0, 2.0, 0.0, 2.0, 1.0, 1.0, 3.0, -1.0, -1.0, -1.0, -1.0, -1.0, 0.0, -1.0, 2.0, 1.0, 1.0, 2.0, 1.0, -1.0, 0.0, -1.0, 1.0, -1.0, 0.0, -1.0, -1.0, 0.0, -1.0, 0.0, 2.0, 0.0, 1.0, 1.0, 3.0, 0.0, 2.0, 96880.0, 452.0
-1.0, -1.0, 0.0, -1.0, 0.0, 1.0, -1.0, 3.0, -1.0, 1.0, -1.0, -1.0, 3.0, 0.0, 1.0, 1.0, 2.0, 2.0, 0.0, 2.0, -1.0, -1.0, -1.0, 1.0, -1.0, -1.0, 3.0, 0.0, 1.0, 0.0, 0.0, 2.0, 3.0, 2.0, 1.0, 3.0, 1.0, -1.0, 1.0, 2.0, -1.0, -1.0, -1.0, -1.0, 1.0, -1.0, 2.0, 1.0, 0.0, 2.0, 97309.0, 430.0
0.0, 0.0, 0.0, -1.0, 1.0, -1.0, -1.0, 0.0, 3.0, 1.0, 1.0, 1.0, 3.0, 1.0, 0.0, -1.0, 0.0, -1.0, 0.0, 2.0, 2.0, -1.0, -1.0, -1.0, 2.0, 0.0, -1.0, -1.0, 1.0, 0.0, 2.0, 1.0, 2.0, 2.0, 2.0, 2.0, -1.0, 1.0, -1.0, -1.0, 0.0, 2.0, 2.0, -1.0, 0.0, 0.0, 1.0, 2.0, 0.0, 2.0, 96328.0, 506.0
-1.0, -1.0, 0.0, -1.0, 0.0, 1.0, -1.0, 3.0, -1.0, 1.0, -1.0, -1.0, 3.0, 0.0, 1.0, 1.0, 2.0, 2.0, 0.0, 2.0, -1.0, -1.0, -1.0, 1.0, -1.0, -1.0, 3.0, 0.0, 1.0, 0.0, 0.0, 2.0, 3.0, 2.0, 1.0, 3.0, 1.0, -1.0, 1.0, 2.0, -1.0, -1.0, -1.0, -1.0, 1.0, -1.0, 2.0, 1.0, 0.0, 2.0, 97309.0, 430.0
2.0, -1.0, -1.0, -1.0, 1.0, 2.0, -1.0, -1.0, 0.0, 2.0, 0.0, 1.0, 3.0, 0.0, 2.0, 0.0, 2.0, 1.0, 1.0, 3.0, -1.0, -1.0, -1.0, -1.0, -1.0, 0.0, -1.0, 2.0, 1.0, 1.0, 2.0, 1.0, -1.0, 0.0, -1.0, 1.0, -1.0, 0.0, -1.0, -1.0, 0.0, -1.0, 0.0, 2.0, 0.0, 1.0, 1.0, 3.0, 0.0, 2.0, 96880.0, 452.0
-1.0, -1.0, -1.0, 1.0, 1.0, 2.0, -1.0, -1.0, 0.0, 2.0, 0.0, 1.0, 3.0, 0.0, 2.0, 0.0, 2.0, -1.0, 0.0, 3.0, -1.0, -1.0, -1.0, -1.0, -1.0, 0.0, 1.0, 2.0, 1.0, 1.0, 2.0, 3.0, -1.0, 2.0, -1.0, 1.0, -1.0, 0.0, -1.0, -1.0, 0.0, -1.0, 0.0, 2.0, 0.0, 1.0, 1.0, 3.0, 0.0, 2.0, 96998.0, 446.0
-1.0, -1.0, -1.0, 1.0, 1.0, 2.0, 0.0, -1.0, 0.0, 2.0, 0.0, 1.0, 3.0, 0.0, 2.0, 0.0, 2.0, 0.0, 0.0, 3.0, 1.0, -1.0, -1.0, -1.0, -1.0, 0.0, 1.0, 2.0, 1.0, 1.0, 2.0, 1.0, -1.0, 0.0, -1.0, 1.0, -1.0, 0.0, -1.0, -1.0, 0.0, -1.0, 2.0, 2.0, 0.0, 1.0, 1.0, 3.0, 0.0, 2.0, 96551.0, 485.0
-1.0, -1.0, -1.0, 1.0, 1.0, 2.0, 0.0, -1.0, 0.0, 2.0, 0.0, 1.0, 3.0, 0.0, 2.0, 0.0, 2.0, 0.0, 0.0, 3.0, 1.0, -1.0, -1.0, -1.0, -1.0, 0.0, 1.0, 2.0, 1.0, 1.0, 2.0, 1.0, -1.0, 0.0, -1.0, 1.0, -1.0, 0.0, -1.0, -1.0, 0.0, -1.0, 2.0, 2.0, 0.0, 1.0, 1.0, 3.0, 0.0, 2.0, 96551.0, 485.0
-1.0, -1.0, -1.0, 1.0, 1.0, 2.0, -1.0, -1.0, 0.0, 2.0, 0.0, 1.0, 3.0, 0.0, 2.0, 0.0, 2.0, 1.0, 0.0, 3.0, -1.0, -1.0, -1.0, -1.0, -1.0, 0.0, 1.0, 2.0, 1.0, 1.0, 2.0, 3.0, -1.0, 0.0, -1.0, 1.0, -1.0, 0.0, -1.0, -1.0, 0.0, -1.0, 0.0, 2.0, 0.0, 1.0, 1.0, 3.0, 0.0, 2.0, 96817.0, 462.0
-1.0, -1.0, -1.0, 1.0, 1.0, 2.0, -1.0, -1.0, 0.0, 2.0, 0.0, 1.0, 3.0, 0.0, 2.0, 0.0, 2.0, 1.0, 0.0, 3.0, -1.0, -1.0, -1.0, -1.0, -1.0, 0.0, 1.0, 2.0, 1.0, 1.0, 2.0, 3.0, -1.0, 0.0, -1.0, 1.0, -1.0, 0.0, -1.0, -1.0, 0.0, -1.0, 0.0, 2.0, 0.0, 1.0, 1.0, 3.0, 0.0, 2.0, 96817.0, 462.0
-1.0, -1.0, -1.0, 1.0, 1.0, 2.0, -1.0, -1.0, 0.0, 2.0, 0.0, 1.0, 3.0, 0.0, 2.0, 0.0, 2.0, 1.0, 0.0, 3.0, -1.0, -1.0, -1.0, -1.0, -1.0, 0.0, 1.0, 2.0, 1.0, 1.0, 2.0, 3.0, -1.0, 0.0, -1.0, 1.0, -1.0, 0.0, -1.0, -1.0, 0.0, -1.0, 0.0, 2.0, 0.0, 1.0, 1.0, 3.0, 0.0, 2.0, 96817.0, 462.0
-1.0, -1.0, -1.0, 1.0, 1.0, 2.0, -1.0, -1.0, 0.0, 2.0, 0.0, 1.0, 3.0, 0.0, 2.0, 0.0, 2.0, 1.0, 0.0, 3.0, -1.0, -1.0, -1.0, -1.0, -1.0, 0.0, 1.0, 2.0, 1.0, 1.0, 2.0, 3.0, -1.0, 0.0, -1.0, 1.0, -1.0, 0.0, -1.0, -1.0, 0.0, -1.0, 0.0, 2.0, 0.0, 1.0, 1.0, 3.0, 0.0, 2.0, 96817.0, 462.0
-1.0, -1.0, -1.0, 1.0, 1.0, 2.0, -1.0, -1.0, 0.0, 2.0, 0.0, 1.0, 3.0, 0.0, 2.0, 0.0, 2.0, 1.0, 0.0, 3.0, -1.0, -1.0, -1.0, -1.0, -1.0, 0.0, 1.0, 2.0, 1.0, 1.0, 2.0, 3.0, -1.0, 0.0, -1.0, 1.0, -1.0, 0.0, -1.0, -1.0, 0.0, -1.0, 0.0, 2.0, 0.0, 1.0, 1.0, 3.0, 0.0, 2.0, 96817.0, 462.0
-1.0, -1.0, -1.0, 1.0, 1.0, 2.0, -1.0, -1.0, 0.0, 2.0, 0.0, 1.0, 3.0, 0.0, 2.0, 0.0, 2.0, 1.0, 0.0, 3.0, -1.0, -1.0, -1.0, -1.0, -1.0, 0.0, 1.0, 2.0, 1.0, 1.0, 2.0, 3.0, -1.0, 0.0, -1.0, 1.0, -1.0, 0.0, -1.0, -1.0, 0.0, -1.0, 0.0, 2.0, 0.0, 1.0, 1.0, 3.0, 0.0, 2.0, 96817.0, 462.0
-1.0, -1.0, -1.0, 1.0, 1.0, 2.0, -1.0, -1.0, 0.0, 2.0, 0.0, 1.0, 3.0, 0.0, 2.0, 0.0, 2.0, 1.0, 0.0, 3.0, -1.0, -1.0, -1.0, -1.0, -1.0, 0.0, 1.0, 2.0, 1.0, 1.0, 2.0, 3.0, -1.0, 0.0, -1.0, 1.0, -1.0, 0.0, -1.0, -1.0, 0.0, -1.0, 0.0, 2.0, 0.0, 1.0, 1.0, 3.0, 0.0, 2.0, 96817.0, 462.0
-1.0, -1.0, -1.0, 1.0, 1.0, 2.0, -1.0, -1.0, 0.0, 2.0, 0.0, 1.0, 3.0, 0.0, 2.0, 0.0, 2.0, 1.0, 0.0, 3.0, -1.0, -1.0, -1.0, -1.0, -1.0, 0.0, 1.0, 2.0, 1.0, 1.0, 2.0, 3.0, -1.0, 0.0, -1.0, 1.0, -1.0, 0.0, -1.0, -1.0, 0.0, -1.0, 0.0, 2.0, 0.0, 1.0, 1.0, 3.0, 0.0, 2.0, 96817.0, 462.0
-1.0, -1.0, -1.0, 1.0, 1.0, 2.0, -1.0, -1.0, 0.0, 2.0, 0.0, 1.0, 3.0, 0.0, 2.0, 0.0, 2.0, 1.0, 0.0, 3.0, -1.0, -1.0, -1.0, -1.0, -1.0, 0.0, 1.0, 2.0, 1.0, 1.0, 2.0, 3.0, -1.0, 0.0, -1.0, 1.0, -1.0, 0.0, -1.0, -1.0, 0.0, -1.0, 0.0, 2.0, 0.0, 1.0, 1.0, 3.0, 0.0, 2.0, 96817.0, 462.0
-1.0, -1.0, -1.0, 1.0, 1.0, 2.0, -1.0, -1.0, 0.0, 2.0, 0.0, 1.0, 3.0, 0.0, 2.0, 0.0, 2.0, 1.0, 0.0, 3.0, -1.0, -1.0, -1.0, -1.0, -1.0, 0.0, 1.0, 2.0, 1.0, 1.0, 2.0, 3.0, -1.0, 0.0, -1.0, 1.0, -1.0, 0.0, -1.0, -1.0, 0.0, -1.0, 0.0, 2.0, 0.0, 1.0, 1.0, 3.0, 0.0, 2.0, 96817.0, 462.0
-1.0, -1.0, -1.0, 1.0, 1.0, 2.0, -1.0, -1.0, 0.0, 2.0, 0.0, 1.0, 3.0, 0.0, 2.0, 0.0, 2.0, 1.0, 0.0, 3.0, -1.0, -1.0, -1.0, -1.0, -1.0, 0.0, 1.0, 2.0, 1.0, 1.0, 2.0, 3.0, -1.0, 0.0, -1.0, 1.0, -1.0, 0.0, -1.0, -1.0, 0.0, -1.0, 0.0, 2.0, 0.0, 1.0, 1.0, 3.0, 0.0, 2.0, 96817.0, 462.0
-1.0, -1.0, -1.0, 1.0, 1.0, 2.0, -1.0, -1.0, 0.0, 2.0, 0.0, 1.0, 3.0, 0.0, 2.0, 0.0, 2.0, 1.0, 0.0, 3.0, -1.0, -1.0, -1.0, -1.0, -1.0, 0.0, 1.0, 2.0, 1.0, 1.0, 2.0, 3.0, -1.0, 0.0, -1.0, 1.0, -1.0, 0.0, -1.0, -1.0, 0.0, -1.0, 0.0, 2.0, 0.0, 1.0, 1.0, 3.0, 0.0, 2.0, 96817.0, 462.0
2.0, -1.0, -1.0, 1.0, 1.0, 2.0, -1.0, -1.0, 0.0, 2.0, 0.0, 1.0, 3.0, 1.0, 2.0, 0.0, 2.0, 1.0, 1.0, 3.0, -1.0, -1.0, -1.0, -1.0, -1.0, 0.0, -1.0, 2.0, 1.0, 1.0, 2.0, 1.0, -1.0, 0.0, -1.0, 1.0, -1.0, 0.0, -1.0, -1.0, 0.0, -1.0, 0.0, -1.0, 0.0, 1.0, 1.0, 3.0, 0.0, 2.0, 96848.0, 453.0
-1.0, -1.0, -1.0, 1.0, 1.0, 2.0, -1.0, -1.0, 0.0, 2.0, 0.0, 1.0, 3.0, 0.0, 2.0, 0.0, 2.0, 1.0, 0.0, 3.0, -1.0, -1.0, -1.0, -1.0, -1.0, 0.0, 1.0, 2.0, 1.0, 1.0, 2.0, 3.0, -1.0, 0.0, -1.0, 1.0, -1.0, 0.0, -1.0, -1.0, 0.0, -1.0, 0.0, 2.0, 0.0, 1.0, 1.0, 3.0, 0.0, 2.0, 96817.0, 462.0
