4.67960238901, 1.13437923301, 1.50098209979, 0.886265000061, 2.83000017304, 1.15551399155, 5.99985379954, 1.26000045214, 1.14000073463, 3.61905928839, 2.11801384482, 1.06382934261, 3.04000048065, 1.04260233444, 1.01274100416, 1.00000011332, 1.00000077888, 1.06522886273, 7.46058137029, 0.917056673942, 1.00000039851, 81.4614398566, 1.05165202146, 5.31679318174, 0.978944707248, 3.29000088361, 1.00000004422, 8.71419656308, 68.8579581334
1.02001934607, 1.05866559687, 1.45197469595, 0.840343545968, 2.83000080925, 1.01014618726, 2.48192770571, 1.26000091933, 1.14000023869, 1.33597410279, 2.05577377158, 0.978876962569, 3.04000051244, 1.01065447541, 1.02734178502, 1.00000004072, 1.00000086284, 1.08419670033, 7.50968238177, 0.93782660367, 1.00000068816, 80.1232274528, 1.03713524377, 1.95644315351, 1.06009120889, 3.2900004074, 1.00000008815, 9.26916686509, 41.1385237218
1.53411233693, 1.00634101209, 1.62491110561, 0.841584098251, 2.83000079224, 1.11162517791, 3.06685407218, 1.2600006734, 1.14000020638, 3.28317636505, 1.56518735566, 0.985061289299, 3.04000061154, 1.07556606342, 0.958221964328, 1.00000032067, 1.00000064655, 1.10497125663, 6.02487983643, 0.985061470873, 1.00000012993, 103.905073837, 1.07036258917, 2.67704536512, 0.95705310585, 3.29000077013, 1.00000082412, 8.9508011726, 951.888301091
5.70353756412, 1.0968836712, 1.39619017715, 0.978590144328, 2.83000092483, 1.18366718423, 2.83931236325, 1.26000048814, 1.14000007431, 1.53740709259, 2.13807978758, 1.08106616641, 3.04000085637, 1.01284757389, 0.784605087926, 1.00000047699, 1.00000080238, 1.06686662465, 8.64257324266, 0.982523128201, 1.00000069967, 83.6271307483, 0.867489294719, 3.81601668445, 1.06057786449, 3.29000043688, 1.00000049089, 10.4242738432, 78.4223203857
3.9194269182, 1.11702108501, 1.60056733806, 0.912969701803, 2.83000097712, 1.10913995005, 2.19752998678, 1.26000097051, 1.14000013038, 1.24910613854, 2.13110222974, 0.890228894018, 3.04000055719, 1.03046677784, 1.02443423488, 1.00000029018, 1.00000047109, 1.0353891655, 8.64799627162, 0.988295727731, 1.00000022093, 93.8957217972, 0.863813155211, 2.7383256783, 1.00099540558, 3.29000087202, 1.00000059808, 11.0181532737, 96.2102333105
2.60862190234, 1.13313128023, 1.54930919632, 0.918381620465, 2.83000004685, 1.06530368883, 1.69916394998, 1.26000092454, 1.14000015393, 2.96786190957, 2.23283952577, 0.897771193247, 3.04000076786, 1.1102402279, 0.78176798518, 1.0000009125, 1.00000020287, 1.0002201951, 6.00879236246, 0.926785681099, 1.0000004662, 90.339115763, 0.924320258247, 4.07080233846, 1.06877834978, 3.29000069845, 1.00000024768, 11.0732252721, 183.031661288
2.90812944674, 1.00193490617, 1.34361267704, 0.916042892239, 2.83000057139, 1.02026362366, 2.65856593635, 1.26000077202, 1.14000000651, 3.69557044345, 2.20427842313, 1.07033813835, 3.0400004594, 1.09366189799, 0.972887716636, 1.00000019887, 1.00000082009, 1.00870438787, 5.29695595343, 0.939443289653, 1.00000034473, 103.626519339, 1.03251201775, 1.2298177753, 1.0115849607, 3.29000070189, 1.00000085061, 16.812618986, 205.272541215
1.02001934607, 1.05866559687, 1.45197469595, 0.840343545968, 2.83000080925, 1.01014618726, 2.48192770571, 1.26000069646, 1.14000023869, 1.33597410279, 2.05577377158, 0.978876962569, 3.04000000389, 1.01065447541, 1.02734178502, 1.00000004072, 1.00000086284, 1.07653052352, 7.50968238177, 0.93782660367, 1.00000068816, 80.1232274528, 1.03713524377, 1.95644315351, 1.06009120889, 3.2900004074, 1.00000008815, 12.8797322318, 223.927596756
1.75328198276, 1.08737226424, 1.37439562595, 0.993655113112, 2.83000038363, 1.09099444894, 3.04182364046, 1.26000089115, 1.14000009697, 2.40084991469, 2.61767997189, 0.982276591779, 3.04000037454, 1.10303793839, 0.967933222206, 1.0000002118, 1.00000058534, 1.08419670033, 8.49247557965, 0.912692346772, 1.0000001607, 98.733188763, 1.05774022844, 5.38447972085, 1.06465944717, 3.29000093672, 1.00000055062, 11.8331492464, 503.659616212
1.53411233693, 1.00634101209, 1.62491110561, 0.841584098251, 2.83000079224, 1.11162517791, 3.06685407218, 1.2600006734, 1.14000072277, 3.28317636505, 1.56518735566, 0.985061289299, 3.04000061154, 1.07556606342, 0.958221964328, 1.00000032067, 1.00000064655, 1.10497125663, 7.47965834971, 0.985061470873, 1.00000012993, 103.905073837, 1.00593810646, 2.67704536512, 0.95705310585, 3.29000077013, 1.00000082412, 11.8382062211, 616.068906082
1.1934311114, 1.11098694377, 1.39086417952, 0.833933573718, 2.83000005184, 0.985601729288, 4.08774180697, 1.26000075412, 1.14000077739, 1.42954462171, 2.0583613821, 0.951032112415, 3.04000021523, 1.11103112046, 0.780148070394, 1.0000007138, 1.00000089303, 1.07397048515, 3.12329477311, 0.993306359506, 1.0000006082, 93.5419581657, 1.00107293158, 3.24171118983, 1.03237997536, 3.2900001565, 1.00000056046, 12.9110405417, 320.193725075
5.59729409873, 1.05353619915, 1.43672543629, 0.826740143049, 2.83000031472, 0.850618059927, 4.42780926838, 1.26000089572, 1.14000077167, 2.82177347925, 2.94379544375, 1.01056275984, 3.04000075084, 1.11159076054, 0.787849203383, 1.00000030461, 1.0000009455, 1.02806918786, 3.32741937773, 0.955163264652, 1.0000000792, 122.752004421, 0.917783199145, 4.45918670589, 0.998188837731, 3.29000063506, 1.00000084192, 19.1373761563, 241.978492019
5.31671541673, 1.01903487442, 1.40381125479, 0.983307824466, 2.83000090749, 1.00997549826, 2.35713490956, 1.26000034757, 1.1400006314, 3.63591863384, 1.72053641721, 1.07640735046, 3.0400003436, 1.04812762541, 0.978598374912, 1.00000095173, 1.00000021266, 1.09339521636, 7.7880855791, 0.953595346157, 1.00000006997, 78.6544999846, 0.85416367443, 3.07438972635, 1.04840967713, 3.29000064341, 1.00000072101, 12.9777108171, 393.919961052
5.62879628882, 1.05908997694, 1.56124367074, 0.835030483072, 2.8300005926, 0.972495546245, 5.91278128339, 1.26000007379, 1.14000010196, 3.47879666766, 2.67358274159, 0.945221060778, 3.0400003309, 1.02186304724, 0.788762177019, 1.00000023892, 1.00000001556, 1.02771863206, 8.93426071944, 0.923952900133, 1.00000050322, 95.3432034655, 1.08297585296, 3.12864589119, 0.9559805922, 3.29000049193, 1.00000022565, 14.9420969111, 326.487751004
2.4627134219, 1.03922606303, 1.34090488119, 0.875189692423, 2.83000022364, 0.897906019931, 5.05772422844, 1.26000091134, 1.14000033163, 3.17811867088, 3.04067518165, 0.980653788481, 3.0400000069, 1.00773678644, 1.07722187684, 1.00000075268, 1.00000085906, 1.06724156848, 4.61235546657, 0.956384222913, 1.00000067789, 77.501039162, 0.980930169391, 4.86258941875, 1.03217097506, 3.29000059751, 1.00000025836, 13.1457349257, 388.15088636
2.34361807843, 1.04693580544, 1.45880285054, 0.964594101196, 2.83000095818, 1.08253433908, 1.91670241631, 1.26000080292, 1.14000053647, 2.00377109315, 1.92506353661, 1.00771298304, 3.04000078533, 1.00183322403, 0.906872598297, 1.00000084232, 1.0000002975, 1.10748853654, 7.89585843531, 0.910760505083, 1.00000030184, 96.9773562823, 0.883443502361, 5.30396767402, 1.0658594119, 3.29000000576, 1.00000059603, 28.9899298787, 292.191323643
5.48125131671, 1.12142034493, 1.44132914782, 0.868006377548, 2.83000009616, 1.00620786893, 3.11755773986, 1.26000072489, 1.14000012501, 2.77792423087, 1.77038917354, 0.931323676024, 3.04000007648, 1.04714702468, 0.835548339941, 1.00000017508, 1.00000046531, 1.02247819623, 4.4493579392, 0.988642893311, 1.00000022138, 81.4130023594, 1.01610327311, 2.23401406438, 0.956996920563, 3.29000058504, 1.0000003377, 13.7308350769, 417.768471801
3.9194269182, 1.11702108501, 1.60056733806, 0.919950661544, 2.83000097712, 1.10913995005, 2.19752998678, 1.26000095356, 1.14000013038, 1.24910613854, 2.13110222974, 0.890228894018, 3.04000055719, 1.03046677784, 1.01223002847, 1.00000029018, 1.00000076971, 1.0353891655, 8.64799627162, 0.988295727731, 1.00000053891, 93.8957217972, 0.863813155211, 1.15613817219, 1.00099540558, 3.29000057686, 1.00000059808, 21.4992182935, 346.337529035
2.30459343847, 1.13066980611, 1.4828964724, 0.823999080742, 2.83000099891, 0.98475787496, 5.40620136896, 1.26000074128, 1.14000024088, 3.68211399674, 1.96472667503, 1.02424321149, 3.04000041933, 1.00004919638, 0.836489534015, 1.00000043911, 1.00000050708, 1.08665867979, 5.46968730913, 0.942949561031, 1.00000012217, 101.367318012, 0.924320258247, 3.81599685738, 1.00991121523, 3.29000058598, 1.00000070136, 13.0510536699, 662.624682436
5.70353756412, 1.0968836712, 1.39619017715, 0.941906198337, 2.83000092483, 1.18366718423, 2.83931236325, 1.26000048814, 1.14000007431, 3.63249653221, 2.13807978758, 1.08423190161, 3.04000085637, 1.07420773682, 0.784605087926, 1.00000047699, 1.00000080238, 1.06686662465, 9.0681484098, 0.982523128201, 1.00000069967, 83.6271307483, 0.842181605309, 3.81601668445, 0.991227404373, 3.29000076606, 1.00000078446, 16.1732014244, 485.812727674
4.22563076112, 1.00954294822, 1.45926769826, 0.867459393022, 2.83000095058, 1.07236754638, 4.49532562219, 1.26000032124, 1.14000039471, 2.16337550346, 1.90147451027, 1.06524036257, 3.04000004721, 1.09320874066, 0.860249133941, 1.00000066874, 1.00000009329, 1.05250282585, 6.60166739156, 0.990293290016, 1.00000010278, 83.6778342061, 1.01495076379, 2.08472669781, 1.06154368464, 3.29000081724, 1.0000004591, 13.501071102, 763.78917994
2.09693524899, 1.11280431124, 1.72281506156, 0.89792049182, 2.83000029649, 0.898776972504, 5.40620136896, 1.2600007145, 1.14000010835, 2.66941062975, 1.9070857582, 0.885397192648, 3.04000040885, 1.01211805462, 0.895880150384, 1.00000096391, 1.00000065822, 1.06011690806, 8.85165970604, 0.997293378155, 1.00000064524, 120.999419845, 1.00802200369, 4.43008677679, 0.977693248078, 3.29000052864, 1.00000027991, 13.4299577252, 868.920845321
1.34919143793, 1.04176876837, 1.36824761656, 0.997516588076, 2.83000078372, 0.901807382434, 3.3312227461, 1.26000043498, 1.14000018389, 1.95831564113, 1.77752167443, 0.962360096311, 3.04000067612, 1.10832439047, 0.928154838461, 1.00000051475, 1.00000097852, 1.02611754314, 8.78577373614, 0.945526495532, 1.00000051051, 90.0199718789, 0.845249997101, 2.03440634381, 1.01892128737, 3.29000046494, 1.00000031219, 19.4321961038, 441.630976186
3.9194269182, 1.11702108501, 1.60056733806, 0.919950661544, 2.83000097712, 1.10913995005, 2.19752998678, 1.26000095356, 1.14000013038, 1.24910613854, 2.13110222974, 0.890228894018, 3.04000055719, 1.03046677784, 1.01223002847, 1.00000029018, 1.00000076971, 1.0353891655, 8.64799627162, 0.988295727731, 1.00000053891, 93.8957217972, 0.863813155211, 1.15613817219, 1.00099540558, 3.29000057686, 1.00000059808, 26.4860115746, 433.279410469
4.7030610261, 1.0946864592, 1.5922798231, 0.879868218082, 2.83000087039, 0.987595213219, 4.98653903937, 1.26000081721, 1.14000022483, 1.91235902895, 2.76238254681, 0.948108139324, 3.04000046753, 1.08079871363, 0.854308432068, 1.00000090424, 1.00000079777, 1.01725134885, 3.14938039038, 0.917372160371, 1.00000025025, 106.888075571, 0.936972445263, 2.08525538051, 1.03514559306, 3.290000641, 1.00000099417, 19.3362597493, 492.030856346
1.24488729076, 1.03753163169, 1.41383498722, 0.869882086684, 2.83000033368, 0.903396441036, 3.621509352, 1.26000037653, 1.14000088884, 3.34545157565, 2.72986939245, 1.07303526831, 3.04000058632, 1.04236108819, 1.08910578694, 1.00000059265, 1.00000024956, 1.06104616761, 5.20454715256, 0.984988920294, 1.00000072805, 81.8715265455, 0.979125130968, 2.32766776983, 0.986486284178, 3.29000022115, 1.00000034476, 18.1782153312, 605.303108027
1.05245304818, 1.10931159323, 1.57659575499, 0.914053871457, 2.83000048142, 1.02478758686, 1.95231405499, 1.26000079624, 1.14000068478, 3.48486304524, 3.0864451785, 1.09914863336, 3.04000078581, 1.09778359894, 1.06736537864, 1.00000077778, 1.00000048723, 1.08484748943, 3.33460461211, 0.918815038225, 1.00000070713, 90.840166734, 0.859967473042, 4.73620649949, 0.961531860197, 3.29000018104, 1.0000007552, 21.1271520459, 487.875259777
5.61789035704, 1.04676433727, 1.46931764557, 0.994677631687, 2.83000051313, 1.11965086017, 4.66159418394, 1.26000056292, 1.14000038042, 1.98444596219, 3.04465593142, 0.966309290951, 3.04000059921, 1.04457263826, 0.901084004084, 1.00000036652, 1.00000049746, 1.03989006202, 7.52484237622, 0.995892505853, 1.00000080717, 90.8805318437, 0.867460216849, 1.75296662814, 1.03054754594, 3.2900008918, 1.00000058979, 13.964229077, 1174.04065036
5.62879628882, 1.05908997694, 1.56124367074, 0.835030483072, 2.8300005926, 0.972495546245, 5.88975936269, 1.26000007379, 1.14000010196, 3.47879666766, 2.67358274159, 0.954312008583, 3.0400003309, 1.00482103363, 0.788762177019, 1.00000023892, 1.00000023429, 1.02771863206, 8.93426071944, 0.923952900133, 1.00000050322, 95.3432034655, 1.08297585296, 3.12864589119, 0.9559805922, 3.29000049193, 1.00000022565, 18.1583596324, 701.124321074
4.97336521654, 1.13408453679, 1.55322791351, 0.801302102523, 2.83000027436, 1.00773927057, 3.12792372786, 1.26000013394, 1.14000095245, 2.37456918655, 1.58246638923, 1.01693048607, 3.04000019087, 1.09008844483, 0.87805537382, 1.0000006782, 1.00000013674, 1.05151155749, 6.49540863961, 0.94037696723, 1.00000067939, 79.552115507, 0.934879095864, 4.82492723945, 0.989357590638, 3.29000046797, 1.00000074244, 16.076964747, 877.204846349
4.84391013657, 1.02940734924, 1.36249289362, 0.907031142173, 2.83000029707, 1.07497012999, 5.94062667783, 1.26000029636, 1.14000038995, 2.33446481067, 1.66094158903, 0.963186162879, 3.04000031417, 1.11155025784, 0.974392324022, 1.00000015551, 1.00000009263, 1.03373132051, 5.32582979204, 0.934107721059, 1.00000037155, 99.3059185539, 0.870502968008, 5.26880832251, 0.963504674308, 3.29000012584, 1.00000070915, 16.1890762096, 863.9956437
2.95691690214, 1.09775796421, 1.47709263882, 0.811561466788, 2.83000006066, 0.93199777081, 4.01349089222, 1.26000003961, 1.14000074016, 2.60530513589, 2.38425921369, 0.979532098263, 3.04000063576, 1.10908440815, 1.08986354951, 1.00000042964, 1.00000054491, 1.07471928865, 4.2922841834, 0.978179775276, 1.00000037338, 79.8336871629, 1.02969376479, 2.64305010354, 1.01075587729, 3.29000023684, 1.00000012655, 16.406454568, 792.590294814
3.74354131482, 1.10732248207, 1.4828964724, 0.823999080742, 2.83000099891, 0.98475787496, 1.94344814127, 1.26000074128, 1.14000024088, 3.67303088816, 2.44837946809, 1.02424321149, 3.04000041933, 1.00004919638, 0.836489534015, 1.00000043911, 1.00000050708, 1.08665867979, 5.46968730913, 0.942949561031, 1.00000012217, 101.367318012, 0.924320258247, 2.55115869894, 0.995469677729, 3.29000058598, 1.00000082016, 14.3047587628, 1412.54846691
1.49665537365, 1.11266934669, 1.55338532801, 0.891224009691, 2.83000077365, 0.86569018773, 2.01899083081, 1.26000003147, 1.1400002873, 3.43344171828, 1.64069575145, 0.924605570369, 3.04000049297, 1.0053786172, 0.89738257239, 1.00000038502, 1.00000052414, 1.09651587048, 3.89591509854, 0.999778377959, 1.00000006499, 120.793091986, 1.00923043187, 4.48275315327, 1.06573441428, 3.29000072792, 1.00000083953, 14.8805330724, 1746.45658758
1.75328198276, 1.08737226424, 1.37439562595, 0.993655113112, 2.83000038363, 1.09099444894, 3.04182364046, 1.26000089115, 1.14000009697, 2.40084991469, 2.61767997189, 1.0893534847, 3.04000037454, 1.10303793839, 0.967933222206, 1.0000002118, 1.00000058231, 1.09905807584, 8.49247557965, 0.912692346772, 1.0000001607, 98.733188763, 1.05774022844, 5.38447972085, 1.06465944717, 3.29000093672, 1.00000055062, 26.5442291957, 530.31519144
1.25658841687, 1.07367360971, 1.62435681214, 0.970896603253, 2.83000008341, 0.883243706398, 5.55068104443, 1.26000011003, 1.14000088592, 2.79212248829, 1.78569286326, 0.967507556842, 3.04000040175, 1.0360845405, 0.912301504056, 1.00000061633, 1.0000000552, 1.0839702447, 9.68604218376, 0.960531891555, 1.00000087062, 123.381572713, 0.956129845122, 2.09746482034, 1.01024949744, 3.29000080249, 1.00000048476, 15.4031095748, 1613.47816899
3.35283920456, 1.12454504193, 1.60994377286, 0.901673283894, 2.83000064927, 1.01132197912, 4.82346031986, 1.26000095999, 1.14000041625, 3.06027129276, 2.30732040335, 0.935373512186, 3.04000050099, 1.04270515695, 1.01714979149, 1.00000023397, 1.00000070497, 1.00266599941, 7.46238723004, 0.916613758207, 1.00000023042, 84.6449400214, 0.934360393517, 2.90756504096, 0.96942596122, 3.29000033768, 1.00000074401, 15.2191755167, 3624.81380449
1.49665537365, 1.11266934669, 1.37666918896, 0.946110862027, 2.83000077365, 0.86569018773, 2.01899083081, 1.26000003147, 1.1400002873, 3.1576318559, 1.60827822883, 0.924605570369, 3.04000049297, 1.0053786172, 0.958710731061, 1.00000082871, 1.00000005507, 1.06299913716, 3.89591509854, 0.999778377959, 1.00000033715, 124.921134976, 1.07607251077, 4.48275315327, 1.04396237937, 3.29000072792, 1.00000088882, 15.6418429815, 2159.01109836
2.2492674093, 1.00959136325, 1.67774223258, 0.831908672461, 2.83000044507, 1.06264070005, 2.76758590121, 1.26000084485, 1.14000059993, 2.54614481793, 2.9099224907, 0.914643380789, 3.04000091516, 1.05031240444, 0.805540437784, 1.00000091722, 1.00000004153, 1.04524318962, 8.50557299603, 0.954665799713, 1.00000001518, 99.5030683678, 0.951469100738, 4.74311105745, 0.96208441896, 3.29000060555, 1.00000055715, 16.1328052308, 1711.61434121
1.88649842381, 1.06708423878, 1.59410307987, 0.976218120218, 2.83000071711, 1.16724684973, 5.60774487463, 1.26000044061, 1.14000073463, 2.65440497691, 2.3436673783, 1.01987478958, 3.04000070071, 1.01884524726, 0.933057562384, 1.00000013947, 1.00000036528, 1.01296681544, 8.10817681597, 0.952207303262, 1.00000059228, 121.513175979, 1.02855938847, 3.31859359339, 0.980340168259, 3.29000041143, 1.00000062037, 33.309694313, 611.086535269
2.2492674093, 1.00959136325, 1.67774223258, 0.831908672461, 2.83000044507, 1.06264070005, 2.76758590121, 1.26000084485, 1.14000059993, 1.67234577904, 2.9099224907, 0.914643380789, 3.04000091516, 1.05031240444, 0.805540437784, 1.00000091722, 1.00000004153, 1.04524318962, 5.87169183687, 0.954665799713, 1.00000001518, 99.5030683678, 0.951469100738, 4.74311105745, 0.96208441896, 3.29000060555, 1.00000055715, 15.7418873538, 2907.53979139
1.49665537365, 1.12486393184, 1.66245888781, 0.886265000061, 2.83000050189, 0.914700197098, 2.01899083081, 1.26000034224, 1.1400002873, 3.66155624932, 1.64069575145, 0.924605570369, 3.04000011051, 1.01649079618, 0.84968652216, 1.00000008967, 1.00000005507, 1.03460152245, 3.89591509854, 0.999778377959, 1.00000058364, 120.793091986, 1.07607251077, 4.74311105745, 1.01994852515, 3.29000080669, 1.00000082423, 15.8624501239, 2191.61590129
1.88324698995, 1.04522905253, 1.45864547434, 0.953803073636, 2.83000014089, 0.904351320716, 3.30771796549, 1.26000048406, 1.14000046532, 1.94556010044, 3.04292282014, 0.977063807795, 3.04000098746, 1.02853565045, 1.03028049878, 1.0000008378, 1.00000078727, 1.09848987162, 9.87292665012, 0.942949561031, 1.00000030401, 76.2077438928, 1.00852770648, 3.06392596519, 1.02946949109, 3.29000034102, 1.00000094134, 22.7815551058, 716.152985144
5.59729409873, 1.02062717761, 1.43672543629, 0.826740143049, 2.83000090749, 0.850618059927, 4.42780926838, 1.26000093794, 1.14000077167, 2.82177347925, 2.94379544375, 1.01056275984, 3.0400003436, 1.11159076054, 0.780869319613, 1.00000030461, 1.0000009455, 1.02806918786, 3.32741937773, 0.955163264652, 1.0000000792, 113.338068817, 0.917783199145, 4.45918670589, 0.998188837731, 3.29000045216, 1.0000004591, 21.7489662378, 791.619167662
4.46467650182, 1.12636701805, 1.57077668399, 0.902549123294, 2.83000096587, 1.10945244371, 2.05698783397, 1.26000027948, 1.14000071849, 2.36271891762, 1.75326219113, 1.08731743463, 3.04000049239, 1.09822080263, 0.963409619999, 1.0000003975, 1.00000051003, 1.07462102638, 3.64688199804, 0.956130554032, 1.00000016507, 99.1947189645, 1.08811875544, 5.94773595756, 0.955667318681, 3.29000059836, 1.00000086735, 18.2034940707, 1174.40197524
2.09693524899, 1.11280431124, 1.72281506156, 0.89792049182, 2.83000029649, 0.898776972504, 5.40620136896, 1.2600007145, 1.14000010835, 2.66941062975, 1.9070857582, 0.885397192648, 3.04000075773, 1.01211805462, 0.878311784708, 1.00000096391, 1.00000065822, 1.06011690806, 8.85165970604, 0.997620231006, 1.00000064524, 120.999419845, 1.00802200369, 4.43008677679, 0.977693248078, 3.29000052864, 1.00000027991, 16.701122379, 1848.4925022
1.84842389278, 1.0655749502, 1.35646009262, 0.802602763261, 2.83000058789, 0.907207824892, 2.62761003597, 1.26000070576, 1.14000020213, 2.85746401894, 2.71390906031, 0.998617462153, 3.04000097785, 1.07486342266, 0.881166878315, 1.00000090195, 1.00000051011, 1.04809990109, 8.50557299603, 0.943035677633, 1.00000077099, 110.887712783, 0.883306002462, 2.57422516073, 0.981269299202, 3.29000031748, 1.00000058764, 16.1736373132, 2926.53648329
1.49665537365, 1.11266934669, 1.37666918896, 0.831908672461, 2.83000077365, 0.992311675878, 2.01899083081, 1.26000003147, 1.1400002873, 3.1576318559, 1.60827822883, 0.924605570369, 3.04000049297, 1.0053786172, 1.07739628817, 1.00000082871, 1.00000005507, 1.06299913716, 3.89591509854, 0.999778377959, 1.00000033715, 124.921134976, 1.07607251077, 5.03183848661, 1.04396237937, 3.29000072792, 1.00000088882, 16.3913488028, 2718.35479542
2.6609571532, 1.09702970287, 1.38078802916, 0.825929768208, 2.83000000352, 0.901009899913, 4.70372859803, 1.26000001484, 1.14000053128, 1.96509638817, 2.04858096887, 0.980087233088, 3.04000077613, 1.02823833971, 0.934695307178, 1.00000062783, 1.00000048399, 1.06963110467, 6.13402909731, 0.983983443608, 1.00000085802, 102.796088231, 0.874720888597, 3.53462827645, 1.06057786449, 3.29000063255, 1.00000032237, 20.77295168, 982.444240964
3.74354131482, 1.10732248207, 1.4828964724, 0.823999080742, 2.83000099891, 0.98475787496, 1.94344814127, 1.26000074128, 1.14000024088, 3.67303088816, 2.44837946809, 1.02424321149, 3.04000041933, 1.00004919638, 0.836489534015, 1.00000043911, 1.00000050708, 1.08665867979, 5.46968730913, 0.942949561031, 1.00000012217, 101.367318012, 0.924320258247, 4.07080233846, 0.995469677729, 3.29000058598, 1.00000070136, 17.5406963994, 2073.34873039
1.88649842381, 1.06708423878, 1.59410307987, 0.976218120218, 2.83000071711, 1.16724684973, 5.60774487463, 1.26000044061, 1.14000073463, 2.65440497691, 2.3436673783, 1.01987478958, 3.04000070071, 1.01884524726, 0.933057562384, 1.00000013947, 1.00000036528, 1.08109831367, 9.08237877121, 0.952207303262, 1.00000059228, 124.492372664, 1.02855938847, 3.31859359339, 0.980340168259, 3.29000041143, 1.00000062037, 36.8917618432, 845.193184217
4.46467650182, 1.12636701805, 1.57077668399, 0.902549123294, 2.83000096587, 1.02796730998, 2.05698783397, 1.26000027948, 1.14000071849, 2.36271891762, 1.75326219113, 1.08731743463, 3.04000049239, 1.09822080263, 0.963409619999, 1.0000003975, 1.00000065822, 1.07462102638, 3.64688199804, 0.956130554032, 1.00000016507, 99.1947189645, 1.08811875544, 5.94773595756, 0.955667318681, 3.29000059836, 1.00000086735, 22.659370521, 975.513715349
3.77046554953, 1.13283361262, 1.43747858492, 0.99892847016, 2.83000039312, 1.18938797773, 3.11307367366, 1.26000069738, 1.14000091965, 3.11624178004, 3.11634668031, 1.03043896935, 3.04000066785, 1.06187307223, 1.03329636326, 1.00000094171, 1.00000091816, 1.06114047527, 8.90992512484, 0.957642576248, 1.00000032523, 76.6899068881, 1.074745944, 2.3626562948, 1.0004216084, 3.29000009337, 1.00000065845, 25.8629901362, 967.964190445
1.49665537365, 1.12486393184, 1.66245888781, 0.886265000061, 2.83000090134, 0.977670646414, 2.01899083081, 1.26000034224, 1.1400002873, 3.1576318559, 1.64069575145, 0.924605570369, 3.04000049297, 1.01649079618, 0.958710731061, 1.00000083434, 1.00000005507, 1.06438527952, 3.89591509854, 0.999778377959, 1.00000033715, 120.793091986, 1.07607251077, 4.74311105745, 1.01994852515, 3.29000080669, 1.00000082423, 20.8989372832, 1510.30597858
4.94593953541, 1.11751431693, 1.45266179125, 0.966737994041, 2.83000079037, 0.875588573743, 5.38623939668, 1.26000041495, 1.14000060873, 2.83657417988, 2.69991861331, 0.914367576778, 3.0400008866, 1.03996453438, 0.973857763407, 1.00000086436, 1.00000048884, 1.01955820866, 6.5294827756, 0.927805743978, 1.00000031847, 99.1609945291, 0.853796060426, 3.62355807965, 0.954286740277, 3.29000016625, 1.00000061116, 26.8117950475, 962.76292633
2.5537511493, 1.06350631702, 1.51433917018, 0.82585427377, 2.83000035208, 1.12454242608, 1.138989234, 1.26000050593, 1.14000089153, 1.70605432057, 2.50230568549, 0.907541633066, 3.04000020335, 1.09601164995, 0.783741844257, 1.00000078042, 1.00000047347, 1.01296681544, 7.27679145342, 0.942568979931, 1.00000058364, 102.796088231, 0.943925513397, 5.1559637013, 0.960111733771, 3.29000063255, 1.00000036981, 24.1933383289, 1071.38667276
1.75328198276, 1.08737226424, 1.37439562595, 0.993655113112, 2.83000038363, 1.09099444894, 3.04182364046, 1.26000089115, 1.14000009697, 2.40084991469, 2.61767997189, 0.982276591779, 3.04000037454, 1.10303793839, 0.967933222206, 1.0000002118, 1.00000058534, 1.08419670033, 8.49247557965, 0.912692346772, 1.0000001607, 98.733188763, 1.05774022844, 5.38447972085, 1.06465944717, 3.29000093672, 1.00000055062, 19.5110400985, 1808.12638745
2.49962392172, 1.08682415812, 1.55763723412, 0.948024345196, 2.83000099137, 0.947049964481, 1.07089043917, 1.26000089235, 1.14000048348, 2.35525246265, 2.29528170478, 1.02064074489, 3.04000092783, 1.0033293041, 0.955184767774, 1.0000003108, 1.00000021436, 1.09229401155, 4.39085448513, 0.96395273325, 1.00000069402, 116.687613684, 1.03077292331, 5.85481883139, 0.988922518705, 3.29000046999, 1.00000034516, 18.0595520581, 3980.06707845
5.18137792478, 1.05786885999, 1.54873917006, 0.95421101076, 2.83000093242, 1.00730793996, 2.01103277874, 1.26000004322, 1.14000050798, 2.30952767842, 2.40427613268, 0.985126991674, 3.04000068053, 1.04728945503, 0.884066024846, 1.00000058518, 1.00000010735, 1.10780588583, 5.73478922723, 0.97845152153, 1.00000023159, 111.003929381, 1.02479551496, 1.73427200536, 1.03237231811, 3.29000020012, 1.0000000044, 18.0914340566, 4725.52671019
2.89394453355, 1.11926856572, 1.62298812687, 0.940086924694, 2.83000047709, 0.984434939569, 5.4008909092, 1.26000017328, 1.14000033387, 2.69707798382, 2.6568748018, 0.908397508323, 3.04000038924, 1.0417322593, 1.07746269143, 1.0000004623, 1.00000011493, 1.09782320835, 6.27385722465, 0.939792216108, 1.00000040947, 87.7103961022, 0.922838228325, 3.87160699881, 0.976343768392, 3.29000056083, 1.00000038755, 24.3650306167, 1326.23695801
2.04792993406, 1.0604160042, 1.54190662921, 0.896560462299, 2.83000019948, 0.875349310748, 1.63785991301, 1.26000013149, 1.14000059839, 3.1254662754, 1.82959877864, 0.889954824402, 3.04000057257, 1.08276462337, 1.04872929865, 1.00000099562, 1.00000014797, 1.08497624211, 4.39908435633, 0.983143808446, 1.00000080764, 99.1609945291, 0.954431338558, 5.01348180638, 0.983672338596, 3.29000027239, 1.00000013062, 19.5304456006, 2015.72208268
3.9194269182, 1.11702108501, 1.60056733806, 0.837217627374, 2.83000097712, 1.10913995005, 2.19752998678, 1.26000095356, 1.14000013038, 1.24910613854, 2.13110222974, 0.890228894018, 3.04000055719, 1.03046677784, 1.01223002847, 1.00000029018, 1.00000076971, 1.0353891655, 8.64799627162, 0.988295727731, 1.00000053891, 93.8957217972, 0.863813155211, 1.15613817219, 1.00099540558, 3.29000057686, 1.00000059808, 21.173992523, 1750.05516582
3.35283920456, 1.12454504193, 1.60994377286, 0.963762646086, 2.83000064927, 1.01132197912, 4.82346031986, 1.26000095999, 1.14000041625, 2.78158911268, 2.30732040335, 0.935373512186, 3.04000050099, 1.04270515695, 0.97163284138, 1.00000023397, 1.00000070497, 1.00810934773, 7.46238723004, 0.916613758207, 1.00000023042, 84.6449400214, 0.934360393517, 2.90756504096, 1.01494092858, 3.29000033768, 1.00000074401, 31.6680421695, 1078.62459737
5.18137792478, 1.11358313887, 1.54873917006, 0.95421101076, 2.83000082333, 1.00730793996, 2.01103277874, 1.26000004322, 1.14000089109, 2.30952767842, 2.40427613268, 0.985126991674, 3.04000068053, 1.04728945503, 1.03269197535, 1.00000058518, 1.00000010735, 1.10780588583, 5.73478922723, 0.976007306586, 1.00000054861, 111.003929381, 1.02479551496, 1.39309087589, 1.03237231811, 3.29000020012, 1.0000000044, 20.3952424771, 2145.20025613
4.01229085562, 1.13659152146, 1.39659092133, 0.843601892789, 2.8300000738, 0.975636731098, 1.50166850965, 1.26000022148, 1.14000008411, 1.80787315736, 1.96346625128, 1.09108418972, 3.04000037315, 1.05225228872, 0.980848825324, 1.00000020113, 1.00000085232, 1.08233700568, 7.46782435228, 0.910729320825, 1.00000074089, 114.642612511, 0.9123503702, 1.80174072496, 1.03838368783, 3.29000002133, 1.00000002017, 25.942834951, 1414.34578465
1.49665537365, 1.12486393184, 1.66245888781, 0.886265000061, 2.83000090134, 0.86569018773, 2.01899083081, 1.2600000028, 1.1400002873, 3.1576318559, 1.64069575145, 0.924605570369, 3.04000049297, 1.01649079618, 0.958710731061, 1.00000083434, 1.00000005507, 1.06438527952, 3.89591509854, 0.999778377959, 1.00000033715, 120.793091986, 1.07607251077, 4.74311105745, 1.01994852515, 3.29000080669, 1.00000083953, 24.3881430192, 1593.32128099
1.05245304818, 1.10931159323, 1.57659575499, 0.914053871457, 2.83000048142, 1.02478758686, 1.95231405499, 1.26000031032, 1.14000068478, 3.48486304524, 2.82014655169, 1.05510775653, 3.04000078581, 1.09778359894, 1.06736537864, 1.00000077778, 1.00000048723, 1.08484748943, 3.33460461211, 0.963604069484, 1.00000070713, 90.840166734, 0.859967473042, 4.73620649949, 0.961531860197, 3.29000018104, 1.00000083796, 21.0692468925, 2028.64910455
4.94593953541, 1.11751431693, 1.45266179125, 0.966737994041, 2.83000079037, 0.875588573743, 5.38623939668, 1.26000041495, 1.14000060873, 2.83657417988, 3.0182977695, 0.914367576778, 3.04000074072, 1.03996453438, 0.973857763407, 1.00000086436, 1.00000048884, 1.01955820866, 6.5294827756, 0.927805743978, 1.00000031847, 118.358834874, 0.853796060426, 3.62355807965, 0.954286740277, 3.29000016625, 1.00000061116, 18.9810762329, 5825.57438491
4.84391013657, 1.02940734924, 1.36249289362, 0.907031142173, 2.83000029707, 1.07497012999, 5.94062667783, 1.26000029636, 1.14000038995, 2.33446481067, 1.66094158903, 0.963186162879, 3.04000031417, 1.11155025784, 0.974392324022, 1.00000015551, 1.00000009263, 1.03373132051, 5.32582979204, 0.934107721059, 1.00000037155, 99.3059185539, 0.870502968008, 5.26880832251, 0.963504674308, 3.29000012584, 1.00000070915, 19.0760365831, 5650.28447764
2.09181400314, 1.0564920462, 1.58874180074, 0.896482945237, 2.83000096639, 0.897535396765, 5.72356375787, 1.26000002837, 1.14000043879, 2.90625130459, 2.06345692308, 1.0635467451, 3.04000044803, 1.00657760543, 1.07134920011, 1.00000070487, 1.0000002945, 1.03912712979, 8.25315362128, 0.955509134266, 1.00000098606, 111.811210391, 0.946473742942, 3.28305044091, 1.04838681032, 3.29000060493, 1.00000016382, 18.6097316715, 8195.98166089
1.62223416154, 1.11036184251, 1.70307888942, 0.933043640273, 2.83000078122, 0.930880720453, 1.88408344695, 1.26000011908, 1.14000082646, 1.3618616561, 2.96941997471, 1.09914863336, 3.04000050555, 1.04905136381, 0.976669122301, 1.00000059477, 1.00000053992, 1.01556207858, 7.64101161695, 0.992381462441, 1.00000051833, 82.4280627219, 1.02791109737, 3.33130087991, 0.966395035771, 3.29000091118, 1.0000007552, 28.0048827597, 1355.11837185
1.24488729076, 1.03753163169, 1.41383498722, 0.869882086684, 2.83000033368, 0.903396441036, 3.621509352, 1.26000020886, 1.14000088884, 3.34545157565, 2.72986939245, 1.07303526831, 3.04000058632, 1.04236108819, 1.08910578694, 1.00000059265, 1.00000024956, 1.06104616761, 5.20454715256, 0.984988920294, 1.00000072805, 81.8715265455, 0.979125130968, 2.32766776983, 0.986486284178, 3.29000022115, 1.00000034476, 18.7097107131, 14386.8682597
2.65345067369, 1.02617984788, 1.36546811012, 0.965336584644, 2.83000056293, 0.94907482572, 4.88173123149, 1.26000047616, 1.14000052251, 2.01659741705, 2.36316812027, 0.940732857051, 3.04000037315, 1.08689748948, 1.04899523246, 1.00000043701, 1.00000050368, 1.08109831367, 6.51836681728, 0.9386787524, 1.00000060301, 102.448140126, 0.840199465389, 3.09034100644, 1.01868052475, 3.29000011903, 1.00000074047, 43.6789536159, 1215.1140538
1.88649842381, 1.06708423878, 1.59410307987, 0.976218120218, 2.83000071711, 1.16724684973, 5.60774487463, 1.26000044061, 1.14000073463, 2.65440497691, 2.3436673783, 1.01987478958, 3.04000070071, 1.01884524726, 0.933057562384, 1.00000013947, 1.00000036528, 1.08109831367, 9.08237877121, 0.952207303262, 1.00000059228, 124.492372664, 1.03195939075, 3.31859359339, 0.980340168259, 3.29000041143, 1.00000062037, 19.2564664727, 8033.00464969
1.88649842381, 1.02124319636, 1.59410307987, 0.891485100932, 2.83000071711, 0.975636731098, 5.60774487463, 1.26000044061, 1.14000073463, 3.64855959569, 2.3436673783, 1.01987478958, 3.04000070071, 1.01884524726, 0.88943512043, 1.00000013947, 1.00000036528, 1.01458109067, 9.08237877121, 0.952207303262, 1.00000059228, 124.492372664, 1.02855938847, 3.31859359339, 0.980340168259, 3.29000041143, 1.00000062037, 22.2598763857, 1984.11142708
2.51187031853, 1.13532425819, 1.57617776431, 0.814070777236, 2.83000009697, 1.05076404664, 5.68644967907, 1.26000082076, 1.14000080303, 1.6127128088, 1.58213555497, 1.01218452384, 3.04000096402, 1.04542289144, 0.851834808635, 1.00000049454, 1.00000076479, 1.04842428381, 9.20203738506, 0.956130554032, 1.00000092674, 100.44179142, 0.843290884984, 1.06612288267, 1.03096994591, 3.29000036931, 1.00000070506, 26.4103367384, 1658.5743436
2.82153932731, 1.11280431124, 1.70216156329, 0.89792049182, 2.83000029649, 0.898776972504, 5.40620136896, 1.2600008384, 1.1400000679, 2.66941062975, 1.9070857582, 1.01631216841, 3.04000075773, 1.01211805462, 0.878311784708, 1.00000096391, 1.00000065822, 1.06011690806, 8.85165970604, 0.997620231006, 1.00000064524, 120.999419845, 1.00802200369, 4.43008677679, 0.977693248078, 3.29000052864, 1.00000027991, 30.532542499, 1445.57922707
4.67960238901, 1.13437923301, 1.50098209979, 0.886265000061, 2.83000017304, 1.15551399155, 5.99985379954, 1.26000045214, 1.14000094477, 3.61905928839, 2.11801384482, 1.06382934261, 3.04000048065, 1.04260233444, 1.01274100416, 1.00000011332, 1.00000077888, 1.06522886273, 7.46058137029, 0.917056673942, 1.00000039851, 81.4614398566, 1.05165202146, 5.31679318174, 0.978944707248, 3.29000080669, 1.00000004422, 22.7223586653, 1889.1705148
5.70353756412, 1.0968836712, 1.39619017715, 0.941906198337, 2.83000092483, 1.18366718423, 2.83931236325, 1.26000048814, 1.14000007431, 3.63249653221, 2.13807978758, 1.08423190161, 3.04000085637, 1.07420773682, 0.784605087926, 1.00000047699, 1.00000080238, 1.06686662465, 9.0681484098, 0.982523128201, 1.00000069967, 83.6271307483, 0.842181605309, 3.81601668445, 0.991227404373, 3.29000076606, 1.00000015671, 27.3527138304, 1602.71626481
2.62156826327, 1.02617984788, 1.36546811012, 0.965336584644, 2.83000056293, 0.94907482572, 4.88173123149, 1.26000055241, 1.14000052251, 2.01659741705, 2.36316812027, 0.940732857051, 3.04000023941, 1.08689748948, 1.04899523246, 1.00000043701, 1.00000050368, 1.08109831367, 6.51836681728, 0.935656459492, 1.00000060301, 102.448140126, 0.840199465389, 3.09034100644, 1.01868052475, 3.29000002462, 1.00000074047, 20.7675938423, 3454.97512776
1.74180598296, 1.08218005693, 1.70437089884, 0.827440052864, 2.83000001985, 0.968233094326, 1.27166683871, 1.26000072077, 1.14000022247, 1.62485926493, 2.22479956248, 0.910995161957, 3.04000040824, 1.10118989035, 0.848564606283, 1.00000080014, 1.00000039008, 1.06379284742, 3.661627665, 0.930703978022, 1.00000046665, 100.218235015, 0.876182966134, 1.3221746262, 0.957209141225, 3.29000033916, 1.0000007544, 22.9401632758, 1849.07378654
3.35283920456, 1.12454504193, 1.60994377286, 0.901673283894, 2.83000064927, 1.01132197912, 4.82346031986, 1.26000095999, 1.14000041625, 3.06027129276, 2.30732040335, 0.935373512186, 3.04000079002, 1.04270515695, 1.01714979149, 1.00000023397, 1.00000070497, 1.00266599941, 7.46238723004, 0.952207303262, 1.00000023042, 84.6449400214, 0.934360393517, 2.90756504096, 0.96942596122, 3.29000033768, 1.00000074401, 34.516424464, 1428.15013076
2.2492674093, 1.00959136325, 1.67774223258, 0.831908672461, 2.83000044507, 1.06264070005, 2.76758590121, 1.26000084485, 1.14000059993, 1.67234577904, 2.9099224907, 0.914643380789, 3.04000091516, 1.09560345858, 0.805540437784, 1.00000091722, 1.00000004153, 1.04524318962, 8.7309011376, 0.954665799713, 1.00000001518, 99.5030683678, 0.951469100738, 4.74311105745, 0.96208441896, 3.29000060555, 1.00000055715, 19.3907290223, 9530.06704004
5.48766875714, 1.07426006471, 1.70372919854, 0.829888334354, 2.83000087039, 1.1396646822, 5.13495262178, 1.26000089468, 1.14000059523, 3.1447578083, 3.08822482069, 0.966127614847, 3.04000006303, 1.00501106122, 0.995927963141, 1.00000033091, 1.00000052024, 1.03815657863, 8.05687899204, 0.918652652494, 1.00000041398, 81.9194381701, 1.03567081576, 1.94342674444, 1.04412671246, 3.2900000472, 1.00000045455, 37.5538373158, 1418.94185201
2.18279026495, 1.12081227532, 1.6625057172, 0.945219625457, 2.8300004509, 1.11130843556, 1.75581598801, 1.26000013614, 1.14000016023, 2.9806874744, 3.06939082682, 0.958578175982, 3.04000000013, 1.02444629037, 1.02443423488, 1.00000071387, 1.0000008287, 1.08155755595, 4.40251769505, 0.985243810852, 1.00000028216, 107.084591463, 1.04988918999, 5.57308598379, 0.952794080326, 3.29000034724, 1.00000098917, 20.2400509323, 4543.44666178
1.88324698995, 1.05692772293, 1.58642248564, 0.953803073636, 2.83000014089, 0.904351320716, 3.30771796549, 1.26000048406, 1.14000046532, 1.94556010044, 3.04292282014, 0.977063807795, 3.04000098746, 1.02853565045, 1.03028049878, 1.0000008378, 1.00000059542, 1.09848987162, 9.87292665012, 0.971601079777, 1.00000030401, 76.2077438928, 1.00852770648, 3.06392596519, 1.02946949109, 3.29000034102, 1.00000096359, 19.593407368, 4758.82921965
1.53411233693, 1.00634101209, 1.55464050561, 0.841584098251, 2.83000079224, 1.11162517791, 3.06685407218, 1.26000085245, 1.14000072277, 3.28317636505, 1.56518735566, 0.985061289299, 3.04000052677, 1.01508396538, 0.958221964328, 1.00000032067, 1.00000064655, 1.10497125663, 7.47965834971, 0.985061470873, 1.00000012993, 103.905073837, 1.08517650948, 2.67704536512, 0.95705310585, 3.29000077013, 1.00000082412, 20.4642667413, 4116.30969367
2.13277833311, 1.00139985921, 1.68193043733, 0.832289687405, 2.83000004021, 0.947061109464, 1.21631791049, 1.26000074754, 1.14000021735, 1.90296698265, 3.04211509594, 1.06571616749, 3.04000098989, 1.02269725623, 1.08835018281, 1.00000053596, 1.00000062105, 1.01368163475, 9.11748474022, 0.919299756027, 1.00000072805, 122.706864682, 0.976637409846, 2.84196730316, 0.97035145375, 3.29000063442, 1.00000067041, 20.027172721, 5093.47302302
2.09693524899, 1.11280431124, 1.70216156329, 0.89792049182, 2.83000029649, 0.898776972504, 5.40620136896, 1.2600008384, 1.14000015599, 2.66941062975, 1.9070857582, 1.01631216841, 3.04000075773, 1.01211805462, 0.878311784708, 1.00000096391, 1.00000065822, 1.06011690806, 8.85165970604, 0.997620231006, 1.00000064524, 120.999419845, 1.00802200369, 4.43008677679, 0.977693248078, 3.29000052864, 1.00000027991, 22.5902240204, 2187.29469586
2.36639341835, 1.00432424906, 1.64258044244, 0.986222624816, 2.83000073125, 1.11060277305, 2.36390794924, 1.26000009505, 1.14000098471, 1.96865072876, 1.64732383816, 1.00444102092, 3.04000070662, 1.09597371991, 0.784957319349, 1.00000064111, 1.00000057796, 1.0118235899, 6.79780285101, 0.947875590933, 1.00000053413, 102.028147513, 0.973173386969, 4.27115530952, 0.972484307612, 3.29000083678, 1.00000050402, 19.5626313424, 12577.9293536
1.74180598296, 1.08218005693, 1.70437089884, 0.827440052864, 2.83000001985, 0.897906019931, 1.27166683871, 1.26000072077, 1.14000022247, 1.62485926493, 2.22479956248, 0.910995161957, 3.04000040824, 1.10118989035, 0.848564606283, 1.00000080014, 1.00000039008, 1.06379284742, 3.661627665, 0.930703978022, 1.00000046665, 100.218235015, 0.876182966134, 1.58670618064, 1.05078108498, 3.29000033916, 1.0000007544, 21.3316246233, 3454.38085962
1.49665537365, 1.11266934669, 1.66245888781, 0.886265000061, 2.83000090134, 0.86569018773, 2.01899083081, 1.2600000028, 1.1400002873, 3.1576318559, 1.64069575145, 0.924605570369, 3.04000049297, 1.0053786172, 0.958710731061, 1.00000082871, 1.00000005507, 1.06299913716, 3.89591509854, 0.999778377959, 1.00000033715, 120.793091986, 1.07607251077, 5.88662883836, 1.04396237937, 3.29000080669, 1.00000083953, 22.4700905369, 2202.24709754
2.4627134219, 1.03922606303, 1.34090488119, 0.875189692423, 2.83000022364, 0.968233094326, 5.05772422844, 1.26000093581, 1.14000033163, 3.17811867088, 3.04067518165, 0.980653788481, 3.0400000069, 1.00773678644, 1.07722187684, 1.00000075268, 1.00000085906, 1.06724156848, 4.61235546657, 0.956384222913, 1.00000067789, 77.501039162, 0.980930169391, 4.86258941875, 1.03217097506, 3.29000059751, 1.00000025836, 20.1162709546, 10565.3142065
4.01229085562, 1.11582008107, 1.39659092133, 0.843601892789, 2.8300000738, 0.975636731098, 1.18582743577, 1.26000022148, 1.14000008411, 1.80787315736, 1.96346625128, 1.09108418972, 3.04000037315, 1.05225228872, 0.980848825324, 1.00000020113, 1.00000085232, 1.08233700568, 7.46782435228, 0.910729320825, 1.00000074089, 114.642612511, 0.9123503702, 1.80174072496, 1.03838368783, 3.29000002133, 1.00000011025, 21.7156975169, 3067.59711035
4.84391013657, 1.00614335568, 1.58874180074, 0.896482945237, 2.83000096639, 1.02022746508, 5.72356375787, 1.26000002837, 1.14000043879, 2.33446481067, 2.06345692308, 1.0635467451, 3.04000086681, 1.06107934124, 1.07134920011, 1.00000012129, 1.0000002945, 1.03912712979, 8.25315362128, 0.931426500143, 1.00000098606, 111.811210391, 0.946473742942, 3.28305044091, 1.04838681032, 3.29000060493, 1.00000016382, 20.7248659994, 8882.49152073
1.49665537365, 1.11266934669, 1.55338532801, 0.891224009691, 2.83000077365, 0.86569018773, 2.01899083081, 1.26000003147, 1.1400002873, 3.43344171828, 1.64069575145, 0.924605570369, 3.04000049297, 1.0053786172, 0.958710731061, 1.00000082871, 1.00000005507, 1.09651587048, 3.89591509854, 0.999778377959, 1.00000033715, 120.793091986, 1.00923043187, 4.48275315327, 1.06573441428, 3.29000072792, 1.00000083953, 21.9451224914, 3256.33800891
2.5537511493, 1.06350631702, 1.51433917018, 0.82585427377, 2.8300004686, 1.12454242608, 1.15460218409, 1.26000050593, 1.14000089153, 1.70605432057, 2.50230568549, 0.907541633066, 3.04000045169, 1.09601164995, 0.783741844257, 1.00000083434, 1.00000047347, 1.01296681544, 7.27679145342, 0.942568979931, 1.00000033715, 102.796088231, 0.943925513397, 5.1559637013, 0.960111733771, 3.29000063255, 1.00000036981, 20.6080158127, 13026.481769
2.18279026495, 1.12081227532, 1.55338532801, 0.945219625457, 2.8300004509, 1.11130843556, 1.75581598801, 1.26000013614, 1.14000016023, 2.9806874744, 3.06939082682, 0.932118231625, 3.04000000013, 1.02444629037, 1.02443423488, 1.00000071387, 1.0000008287, 1.08155755595, 4.40251769505, 0.985243810852, 1.00000045004, 107.084591463, 1.00923043187, 5.01891907415, 0.952794080326, 3.29000083563, 1.00000098917, 21.1803631457, 4609.90721489
3.9194269182, 1.11702108501, 1.60056733806, 0.919950661544, 2.83000097712, 1.10913995005, 2.19752998678, 1.26000097051, 1.14000013038, 1.24910613854, 2.13110222974, 0.890228894018, 3.04000055719, 1.03046677784, 1.01223002847, 1.00000029018, 1.00000047109, 1.0353891655, 8.64799627162, 0.988295727731, 1.00000022093, 93.8957217972, 0.863813155211, 2.7383256783, 1.00099540558, 3.29000087202, 1.00000059808, 21.1343113269, 4880.82154707
3.74354131482, 1.10732248207, 1.4828964724, 0.823999080742, 2.83000099891, 0.98475787496, 1.94344814127, 1.26000074128, 1.14000015393, 3.67303088816, 2.44837946809, 1.02424321149, 3.04000041933, 1.00004919638, 0.836489534015, 1.00000043911, 1.00000050708, 1.08665867979, 5.46968730913, 0.942949561031, 1.00000012217, 101.367318012, 0.924320258247, 4.07080233846, 0.995469677729, 3.29000058598, 1.00000017072, 37.9617087852, 1806.24229542
