0.18759123191, 0.862102621336, 2.62910957967, 0.540276025295, 33.0336590857, 18.4509551556, 0.247833738745, 0.194957409597, 33.5184700794, 121.428192202, 0.0
0.122325358055, 0.820262370123, 2.51185174685, 0.589264990561, 33.0336590857, 10.2260591188, 0.0603972705252, 1.24378437774, 14.7026254313, 40.7892548255, 0.126427069677
0.106327361359, 0.99303584183, 2.17347650095, 0.589264990561, 33.0336590857, 7.25795457259, 0.939389691641, 1.24378437774, 1.31367115071, 72.880994149, 0.0317855684524
0.126363652188, 0.831080994124, 2.62910957967, 0.557540567766, 25.7312972495, 6.66207171369, 0.298177485031, 4.85665278738, 35.7534428372, 109.713501732, 0.0261310224083
0.18759123191, 0.862102621336, 2.62910957967, 0.540276025295, 25.7312972495, 18.4509551556, 0.247833738745, 0.194957409597, 33.5184700794, 42.7940765468, 0.230888145518
0.540196084009, 0.865782758737, 2.02482582852, 0.682181896118, 35.5951676413, 27.8680082881, 0.621828433059, 4.8416243514, 1.17566611427, 71.7083639412, 0.308593531882
0.122325358055, 0.820262370123, 2.51185174685, 0.589264990561, 33.0336590857, 10.2260591188, 0.0603972705252, 1.24378437774, 1.19100796039, 99.9074408537, 0.0851564458993
0.126363652188, 0.865782758737, 2.32812962645, 0.43664097344, 35.5951676413, 34.931280375, 0.740823903364, 2.80692796821, 1.31367115071, 91.1100402851, 0.0856134815079
0.540196084009, 0.865782758737, 2.02482582852, 0.682181896118, 35.5951676413, 27.8680082881, 0.217159405514, 2.12930066978, 1.17566611427, 134.45318239, 0.0
0.733901393436, 0.836792316606, 2.17688504201, 0.579420224816, 73.7409339418, 16.7986133491, 0.621828433059, 1.38324148532, 5.10137565413, 78.4566773715, 0.185407487995
0.540196084009, 0.861044893456, 2.02482582852, 0.417929396582, 35.5951676413, 13.5520366992, 0.558823682405, 1.24378437774, 1.31367115071, 81.4903499026, 0.135186607276
0.126363652188, 0.99303584183, 2.51185174685, 0.580616202944, 33.0336590857, 10.7704712728, 0.371223359436, 1.24378437774, 41.8778905141, 81.0626832883, 0.169539868814
0.836798030223, 0.94880231034, 2.02482582852, 0.6807089701, 62.9787800291, 1.11032518654, 1.15443627133, 4.8416243514, 1.31367115071, 117.702038006, 0.0476140030896
0.126363652188, 0.865782758737, 2.51185174685, 0.43664097344, 35.5951676413, 34.931280375, 0.740823903364, 4.8416243514, 1.31367115071, 86.9446555683, 0.136171984775
0.124539885957, 0.882366936118, 2.51185174685, 0.603429164407, 33.0336590857, 10.7704712728, 0.265268812323, 1.24378437774, 41.8778905141, 108.127945658, 0.0894078628952
0.124539885957, 0.83822717416, 2.51185174685, 0.603429164407, 33.0336590857, 10.7704712728, 0.371223359436, 1.24378437774, 41.8778905141, 197.137393633, 0.0
0.122325358055, 0.99303584183, 2.51185174685, 0.580616202944, 25.7312972495, 1.11032518654, 0.371223359436, 1.80955486539, 43.2735563241, 146.954070716, 0.00832921942104
0.126363652188, 0.94880231034, 2.59586785224, 0.580616202944, 3.4368688569, 1.17321834835, 0.247833738745, 3.87107584559, 33.5184700794, 163.545675646, 0.00776755044499
0.18759123191, 1.05504917967, 2.17688504201, 0.491942747426, 2.21905109432, 3.70512305122, 0.621828433059, 3.55213540943, 1.65980556846, 136.548061436, 0.0230203668101
0.124539885957, 0.99303584183, 2.02482582852, 0.580616202944, 33.0336590857, 10.7704712728, 0.371223359436, 4.8416243514, 41.8778905141, 120.355866415, 0.0613609881188
0.122325358055, 0.99303584183, 2.51185174685, 0.589264990561, 33.0336590857, 10.2260591188, 0.371223359436, 1.24378437774, 1.19100796039, 119.68273177, 0.0811666845324
0.326997197987, 0.99303584183, 2.02482582852, 0.491942747426, 35.5951676413, 34.931280375, 0.740823903364, 0.647083457691, 1.13336565858, 81.0887520016, 0.562060531224
0.109095782524, 0.99303584183, 2.51185174685, 0.580616202944, 33.0336590857, 1.11032518654, 0.371223359436, 0.214091321209, 43.2735563241, 248.691504289, 0.00472797976039
0.122325358055, 0.99303584183, 2.51185174685, 0.580616202944, 33.0336590857, 1.11032518654, 0.371223359436, 0.486216165795, 43.2735563241, 161.272672478, 0.0180592214412
0.326997197987, 0.83822717416, 2.51185174685, 0.6807089701, 39.1957053583, 34.931280375, 0.740823903364, 0.647083457691, 1.31367115071, 86.4402175472, 0.333849873588
0.326997197987, 0.99303584183, 2.02482582852, 0.6807089701, 35.5951676413, 34.931280375, 0.740823903364, 0.647083457691, 1.31367115071, 90.7096689067, 0.206226379193
0.118050651781, 0.99303584183, 2.51185174685, 0.580616202944, 33.0336590857, 10.2260591188, 0.371223359436, 1.24378437774, 43.2735563241, 130.311836212, 0.0402310245534
0.12815776032, 0.94880231034, 2.59586785224, 0.682181896118, 60.3692931248, 1.17321834835, 1.30474155274, 2.27396294049, 43.4222435353, 281.990306643, 0.00649042334904
0.229599558913, 1.14139670918, 8.83645968882, 0.437524134005, 62.1374827907, 7.33289266154, 0.7973788489, 2.43098876695, 1.19100796039, 668.205940185, 0.00673853339196
0.126363652188, 0.865782758737, 2.51185174685, 0.43664097344, 35.5951676413, 34.931280375, 0.740823903364, 4.8416243514, 1.31367115071, 101.886255636, 0.163061472493
0.892954768937, 0.99303584183, 2.51185174685, 0.6807089701, 35.5951676413, 3.97484809806, 0.740823903364, 0.194957409597, 1.31367115071, 112.359040947, 0.108568644219
0.184014925925, 0.87303001411, 2.51185174685, 0.491942747426, 1.70376037763, 6.85129012379, 0.533731453408, 0.285705500174, 1.17566611427, 117.486720434, 0.102585554673
0.122325358055, 0.99303584183, 2.51185174685, 0.580616202944, 33.0336590857, 1.11032518654, 0.0889767615488, 0.486216165795, 43.2735563241, 229.851238812, 0.00800709193371
0.540196084009, 0.865782758737, 2.02482582852, 0.682181896118, 35.5951676413, 27.6348106053, 0.371223359436, 2.12930066978, 1.17566611427, 89.0129864895, 0.407347957562
0.540196084009, 0.836792316606, 2.17688504201, 0.579420224816, 73.7409339418, 13.5520366992, 0.621828433059, 1.38324148532, 5.10137565413, 96.7496850488, 0.191954066415
0.122325358055, 0.99303584183, 2.51185174685, 0.580616202944, 33.0336590857, 1.11032518654, 0.371223359436, 0.486216165795, 43.2735563241, 152.434875218, 0.0235902300759
0.106327361359, 0.99303584183, 2.17347650095, 0.589264990561, 33.0336590857, 10.2260591188, 0.939389691641, 1.24378437774, 1.31367115071, 118.854977549, 0.096045619491
0.733901393436, 0.861044893456, 2.02482582852, 0.417929396582, 35.5951676413, 16.7986133491, 0.558823682405, 1.24378437774, 1.31367115071, 95.6046915524, 0.317347833604
0.113385355182, 0.862102621336, 2.62910957967, 0.435706309636, 40.0166296491, 12.6089353969, 0.298177485031, 0.772323196155, 20.3150587904, 122.621625139, 0.070726025991
0.126363652188, 0.94880231034, 2.59586785224, 0.580616202944, 4.13520975594, 1.17321834835, 0.247833738745, 2.12930066978, 33.5184700794, 203.446879644, 0.0161369215222
0.12815776032, 0.99303584183, 2.59586785224, 0.580616202944, 60.3692931248, 1.17321834835, 0.411713511597, 2.27396294049, 43.4222435353, 203.237787052, 0.0170132458057
0.109835756654, 0.94880231034, 2.59586785224, 0.417929396582, 60.3692931248, 1.17321834835, 1.30474155274, 2.27396294049, 1.9805201941, 208.511762298, 0.00851418907965
0.326997197987, 0.99303584183, 2.02482582852, 0.491942747426, 35.5951676413, 34.931280375, 0.740823903364, 0.647083457691, 1.31367115071, 96.3704978686, 0.399252804957
0.385473264384, 1.10775938605, 2.13254821845, 0.579420224816, 61.4134044123, 27.8680082881, 0.621828433059, 3.55213540943, 6.25270400293, 98.0174373477, 0.32966639077
0.277001712214, 0.94880231034, 2.62910957967, 0.626571370361, 92.2352280768, 1.06844185857, 0.298177485031, 0.214091321209, 28.0722196072, 145.207731706, 0.0392777099531
0.18759123191, 0.862102621336, 2.58302110172, 0.540276025295, 35.5951676413, 7.96406759018, 0.156514129186, 4.8416243514, 25.1710767972, 134.420445067, 0.0619655682916
0.733901393436, 0.836792316606, 2.17688504201, 0.579420224816, 73.7409339418, 27.8680082881, 0.621828433059, 4.05852440149, 5.10137565413, 98.8561525995, 0.425844007942
0.184212485421, 0.99303584183, 2.51185174685, 0.580616202944, 33.0336590857, 1.11032518654, 0.371223359436, 0.214091321209, 43.2735563241, 197.284494203, 0.0195104216114
0.126363652188, 0.865782758737, 2.32812962645, 0.43664097344, 35.5951676413, 34.931280375, 0.740823903364, 2.80692796821, 1.31367115071, 103.158375728, 0.234044613383
0.109835756654, 0.94880231034, 2.59586785224, 0.417929396582, 60.3692931248, 1.17321834835, 1.30474155274, 2.27396294049, 35.8932408635, 220.796891021, 0.0164865891685
0.126363652188, 0.94880231034, 2.70982465156, 0.554157950163, 94.8508230383, 1.11032518654, 2.6517860993, 1.48039524168, 28.0722196072, 466.365643783, 0.00836326415836
0.182895182138, 0.87303001411, 3.37866198595, 0.491942747426, 50.7569568784, 37.2344982282, 0.533731453408, 2.19421957993, 22.4062099798, 109.763896679, 0.175584801591
0.326997197987, 0.83822717416, 3.27662889448, 0.6807089701, 33.0336590857, 34.931280375, 0.740823903364, 0.647083457691, 1.31367115071, 111.216548182, 0.175069527646
0.132043971299, 0.94880231034, 2.88115997447, 0.417929396582, 60.3692931248, 1.03940412036, 1.30474155274, 2.27396294049, 43.4222435353, 278.041452626, 0.0123104878372
0.100621383421, 0.941353553251, 2.17688504201, 0.695379681978, 11.6526082019, 1.5777738463, 1.6332281226, 4.05852440149, 43.6686371948, 188.918957472, 0.0241723098854
0.18759123191, 1.05504917967, 2.17688504201, 0.579420224816, 2.21905109432, 27.8680082881, 0.621828433059, 3.55213540943, 5.10137565413, 108.390204681, 0.247365887336
0.733901393436, 1.10775938605, 3.07522168679, 0.579420224816, 73.7409339418, 27.8680082881, 0.621828433059, 3.55213540943, 5.10137565413, 106.706813607, 0.34061852839
0.540196084009, 0.861044893456, 2.02482582852, 0.417929396582, 35.5951676413, 18.3251890735, 1.15443627133, 1.24378437774, 1.31367115071, 105.976716757, 0.349748698704
0.326997197987, 0.99303584183, 2.02482582852, 0.6807089701, 25.7312972495, 34.931280375, 0.740823903364, 0.647083457691, 6.32886094779, 105.820290168, 0.372756101585
0.126363652188, 0.94880231034, 2.70982465156, 0.554157950163, 94.8508230383, 1.11032518654, 2.6517860993, 1.48039524168, 28.0722196072, 378.921671147, 0.0122455300767
0.892954768937, 0.865782758737, 2.51185174685, 0.6807089701, 35.5951676413, 34.931280375, 0.740823903364, 0.194957409597, 1.31367115071, 104.816612546, 0.433070410106
0.148719007982, 0.879671332821, 2.59586785224, 0.648087344973, 60.3692931248, 1.17321834835, 1.30474155274, 0.532526574347, 22.5477303976, 233.227386406, 0.0167735245131
0.124539885957, 0.99303584183, 2.02482582852, 0.580616202944, 33.0336590857, 10.7704712728, 0.371223359436, 1.24378437774, 41.8778905141, 139.913694708, 0.058824359884
0.126363652188, 0.94880231034, 2.59586785224, 0.580616202944, 4.13520975594, 1.17321834835, 1.90264480478, 2.12930066978, 41.8778905141, 288.001312962, 0.0145913801073
0.540196084009, 0.865782758737, 2.02482582852, 0.682181896118, 35.5951676413, 16.7986133491, 1.15443627133, 4.8416243514, 1.17566611427, 108.22126214, 0.331302062892
0.126363652188, 0.94880231034, 2.59586785224, 0.508687831467, 4.13520975594, 1.17321834835, 1.30389352092, 2.12930066978, 41.8778905141, 386.4684009, 0.0127500409173
0.18759123191, 1.05504917967, 2.17688504201, 0.658685691891, 2.21905109432, 27.8680082881, 0.621828433059, 3.55213540943, 5.10137565413, 115.214773124, 0.184372560921
0.326997197987, 1.05395820411, 2.52734771475, 0.417929396582, 40.0016879325, 1.17321834835, 1.30474155274, 2.12930066978, 43.4329960635, 428.423792419, 0.0138800551534
0.109835756654, 0.900720547177, 5.95702602697, 0.417929396582, 60.3692931248, 1.17321834835, 1.30474155274, 2.27396294049, 35.8932408635, 483.888598209, 0.0135663698743
0.277001712214, 0.94880231034, 2.62910957967, 0.626571370361, 84.4217353963, 1.11032518654, 0.298177485031, 4.04037523868, 28.0722196072, 168.145003975, 0.0278590097379
0.339970331032, 1.05395820411, 2.52734771475, 0.417929396582, 73.7409339418, 1.03710135812, 1.30474155274, 2.12930066978, 43.4222435353, 308.05594175, 0.0164614720986
0.277001712214, 0.865782758737, 3.21086182725, 0.43664097344, 35.5951676413, 34.931280375, 0.740823903364, 2.80692796821, 1.31367115071, 110.662344314, 0.29271636482
0.100621383421, 0.941353553251, 5.56902172419, 0.695379681978, 11.6526082019, 1.5777738463, 1.6332281226, 3.55912037114, 43.6686371948, 593.039383561, 0.0164568832463
0.326997197987, 0.838361865486, 2.59586785224, 0.682181896118, 60.3692931248, 1.15771656081, 1.30474155274, 2.27396294049, 43.9011163531, 253.440009307, 0.0174312385226
0.330549108809, 0.886346980537, 2.59586785224, 0.687034697283, 60.3692931248, 1.15771656081, 1.30474155274, 3.61443077908, 34.7806028814, 208.540932677, 0.0235649745287
0.126363652188, 1.14606379765, 2.02482582852, 0.580616202944, 33.0336590857, 10.7704712728, 0.371223359436, 0.528546867783, 41.8778905141, 154.188144831, 0.0469488926434
0.126363652188, 0.869324369989, 2.51185174685, 0.43664097344, 35.5951676413, 34.931280375, 0.740823903364, 4.8416243514, 1.31367115071, 123.477103455, 0.108260704752
0.148719007982, 0.900720547177, 5.95702602697, 0.648087344973, 4.13520975594, 3.70512305122, 0.939389691641, 1.18329706247, 38.8957620179, 337.429967291, 0.0169876744562
0.122325358055, 0.99303584183, 2.51185174685, 0.589264990561, 33.0336590857, 10.2260591188, 0.371223359436, 1.24378437774, 1.19100796039, 150.793983042, 0.0607155702357
0.111202209358, 0.922071185092, 2.02482582852, 0.578953226678, 60.3692931248, 10.7704712728, 0.0614775477014, 1.24378437774, 21.656000008, 141.232944222, 0.0787906814643
0.148719007982, 0.94880231034, 2.59586785224, 0.648087344973, 4.13520975594, 3.70512305122, 0.939389691641, 1.49226393829, 1.65980556846, 137.680779792, 0.0843633718004
0.339970331032, 0.937541504124, 2.52734771475, 0.417929396582, 73.7409339418, 1.03710135812, 1.30474155274, 2.12930066978, 1.31367115071, 177.131265392, 0.0329709185537
0.326997197987, 0.83822717416, 2.51185174685, 0.6807089701, 35.5951676413, 34.931280375, 0.740823903364, 0.647083457691, 1.31367115071, 123.506954902, 0.123972780071
0.154743955879, 0.882931090166, 3.38566796639, 0.517049875946, 84.3137474107, 16.7986133491, 0.73979922176, 4.8416243514, 3.11349828378, 127.800406108, 0.122895960129
0.326997197987, 0.94880231034, 2.59586785224, 0.682181896118, 60.3692931248, 1.17321834835, 1.30474155274, 2.27396294049, 43.4222435353, 305.28396657, 0.0177518140159
0.229599558913, 1.14139670918, 3.37866198595, 0.588002474381, 50.7569568784, 1.17321834835, 1.30474155274, 2.43098876695, 1.19100796039, 319.837660412, 0.0174629798433
0.184212485421, 1.10888665978, 2.51185174685, 0.580616202944, 33.0336590857, 1.11032518654, 0.371223359436, 4.04037523868, 43.2735563241, 261.404819332, 0.0207727779408
0.148719007982, 0.900720547177, 5.95702602697, 0.491942747426, 4.13520975594, 3.70512305122, 0.939389691641, 1.49226393829, 1.65980556846, 244.194472118, 0.0233087844577
0.277001712214, 1.06767301521, 8.44518224044, 0.417929396582, 60.3692931248, 1.17321834835, 2.6517860993, 1.49226393829, 43.4222435353, 1543.52690037, 0.017027983657
0.109835756654, 0.94880231034, 2.59586785224, 0.417929396582, 60.3692931248, 1.17321834835, 1.30474155274, 2.27396294049, 35.8932408635, 285.485174663, 0.0190190077199
0.326997197987, 0.99303584183, 2.59586785224, 0.417929396582, 60.3692931248, 1.17321834835, 1.30474155274, 1.50953120418, 43.4222435353, 267.983768654, 0.0223002522749
0.245903339862, 0.918019843555, 2.59586785224, 0.417929396582, 62.9787800291, 1.17321834835, 1.30474155274, 2.27396294049, 43.4222435353, 277.264115863, 0.021831299811
0.18759123191, 0.862102621336, 2.62910957967, 0.540276025295, 25.7312972495, 18.4509551556, 0.156514129186, 4.8416243514, 25.1710767972, 144.476585545, 0.0830660880914
0.111202209358, 0.922071185092, 2.02482582852, 0.578953226678, 60.3692931248, 10.7704712728, 0.371223359436, 1.24378437774, 21.656000008, 131.861149648, 0.119459499708
0.148904328939, 0.941353553251, 2.58076535176, 0.695379681978, 11.6526082019, 1.5777738463, 1.6332281226, 3.55912037114, 43.6686371948, 295.722906512, 0.0189720649458
0.154743955879, 0.882931090166, 3.38566796639, 0.517049875946, 68.5193653278, 42.5170930787, 0.73979922176, 2.81698878765, 3.11349828378, 120.024190921, 0.198475445178
0.182895182138, 0.87303001411, 7.13497377487, 0.6807089701, 62.1374827907, 37.2344982282, 0.533731453408, 0.143830185002, 11.3187489378, 171.696687885, 0.0443702648903
0.124539885957, 0.99303584183, 2.02482582852, 0.580616202944, 33.0336590857, 10.7704712728, 0.371223359436, 1.24378437774, 41.8778905141, 134.798570385, 0.101957900973
0.277001712214, 0.901601820433, 4.47062443798, 0.626571370361, 90.9162876903, 1.11032518654, 1.15443627133, 3.92414265851, 1.31367115071, 354.124818192, 0.0185979312033
0.165215484604, 0.976207515317, 2.51185174685, 0.580616202944, 33.0336590857, 10.2260591188, 0.178780657576, 1.24378437774, 43.2735563241, 151.495808803, 0.0780112594183
