-1.0, 2.0, 0.0, 3.0, -1.0, 2.0, 0.0, 0.0, 0.0, 0.0, 3.0, 1.0, -1.0, 2.0, 0.0, -1.0, 1.0, 1.0, 1.0, 0.0, 3.0, 3.0, 1.0, 2.0, 2.0, 0.0, 0.0, 3.0, 0.0, 1.0, 0.0, -1.0, 2.0, 3.0, 1.0, 0.0, 1.0, 2.0, 2.0, 1.0, 2.0, 0.0, 2.0, 1.0, 2.0, -1.0, 2.0, 3.0, 2.0, -1.0, 602.0, 99380.0
3.0, 1.0, 0.0, -1.0, -1.0, 3.0, 3.0, 2.0, 2.0, 1.0, 0.0, 1.0, 0.0, 1.0, 2.0, 1.0, 1.0, 0.0, -1.0, 3.0, -1.0, -1.0, 3.0, 2.0, 3.0, 0.0, 1.0, 3.0, 0.0, 2.0, 0.0, 0.0, 1.0, 3.0, 2.0, 2.0, 2.0, 3.0, 0.0, 0.0, 0.0, 0.0, 0.0, 2.0, 1.0, -1.0, 1.0, 1.0, -1.0, 2.0, 615.0, 99378.0
-1.0, 1.0, 3.0, 1.0, -1.0, 2.0, 3.0, 1.0, 0.0, 2.0, 0.0, 2.0, 2.0, 2.0, 1.0, -1.0, 1.0, 3.0, -1.0, 0.0, 3.0, 2.0, 1.0, 2.0, 2.0, 1.0, 0.0, 0.0, 0.0, 1.0, 3.0, -1.0, 0.0, 2.0, 1.0, -1.0, 2.0, 3.0, 2.0, 0.0, -1.0, 1.0, 1.0, -1.0, 3.0, -1.0, 1.0, 1.0, 0.0, 3.0, 571.0, 99414.0
-1.0, 2.0, 0.0, 3.0, -1.0, 2.0, 0.0, 0.0, 0.0, 0.0, 3.0, 1.0, -1.0, 2.0, 0.0, -1.0, 1.0, 1.0, 1.0, 0.0, 3.0, 3.0, 1.0, 2.0, 2.0, 0.0, 0.0, 3.0, 0.0, 1.0, 0.0, -1.0, 2.0, 3.0, 1.0, 0.0, 1.0, 2.0, 2.0, 1.0, 2.0, 0.0, 2.0, 1.0, 2.0, -1.0, 2.0, 3.0, 2.0, -1.0, 602.0, 99380.0
-1.0, 2.0, 0.0, 3.0, -1.0, 2.0, 0.0, 0.0, 0.0, 0.0, 3.0, 1.0, -1.0, 2.0, 0.0, -1.0, 1.0, 1.0, 1.0, 0.0, 3.0, 3.0, 1.0, 2.0, 2.0, 0.0, 0.0, 3.0, 0.0, 1.0, 0.0, -1.0, 2.0, 3.0, 1.0, 0.0, 1.0, 2.0, 2.0, 1.0, 2.0, 0.0, 2.0, 1.0, 2.0, -1.0, 2.0, 3.0, 2.0, -1.0, 602.0, 99380.0
-1.0, 1.0, 3.0, 1.0, -1.0, 2.0, 3.0, 1.0, 0.0, 2.0, 0.0, 2.0, 2.0, 2.0, 1.0, -1.0, 1.0, 3.0, 3.0, 0.0, 3.0, 2.0, 1.0, 2.0, 2.0, 1.0, 0.0, 0.0, 0.0, 1.0, 1.0, -1.0, 0.0, 2.0, 1.0, -1.0, 2.0, 3.0, 2.0, 0.0, -1.0, 1.0, 3.0, -1.0, 3.0, -1.0, 1.0, 1.0, 0.0, 3.0, 581.0, 99398.0
-1.0, 2.0, 0.0, 3.0, -1.0, 2.0, 0.0, 0.0, 0.0, 0.0, 3.0, 1.0, -1.0, 2.0, 0.0, -1.0, 1.0, 1.0, 1.0, 0.0, 3.0, 3.0, 1.0, 2.0, 2.0, 0.0, 0.0, 3.0, 0.0, 1.0, 0.0, -1.0, 2.0, 3.0, 1.0, 0.0, 1.0, 2.0, 2.0, 1.0, 2.0, 0.0, 2.0, 1.0, 2.0, -1.0, 2.0, 3.0, 2.0, -1.0, 602.0, 99380.0
-1.0, 2.0, 0.0, 3.0, -1.0, 2.0, 0.0, 0.0, 0.0, 0.0, 3.0, 1.0, -1.0, 2.0, 0.0, -1.0, 1.0, 1.0, 1.0, 0.0, 3.0, 3.0, 1.0, 2.0, 2.0, 0.0, 0.0, 3.0, 0.0, 1.0, 0.0, -1.0, 2.0, 3.0, 1.0, 0.0, 1.0, 2.0, 2.0, 1.0, 2.0, 0.0, 2.0, 1.0, 2.0, -1.0, 2.0, 3.0, 2.0, -1.0, 602.0, 99380.0
-1.0, 3.0, 2.0, 3.0, -1.0, 3.0, 1.0, -1.0, 0.0, 2.0, 2.0, 1.0, 0.0, 0.0, -1.0, 1.0, 2.0, 1.0, 3.0, 3.0, 0.0, -1.0, 2.0, 2.0, 1.0, 3.0, 1.0, -1.0, 0.0, 0.0, -1.0, 3.0, 0.0, -1.0, 2.0, -1.0, 2.0, 2.0, 3.0, 0.0, -1.0, -1.0, -1.0, 2.0, 0.0, -1.0, -1.0, 3.0, 2.0, 0.0, 497.0, 99474.0
3.0, 1.0, 0.0, -1.0, -1.0, 3.0, 3.0, 2.0, 2.0, 1.0, 0.0, 1.0, 0.0, 1.0, 2.0, 1.0, 1.0, 0.0, -1.0, 3.0, -1.0, -1.0, 2.0, 2.0, 3.0, 0.0, 1.0, 3.0, 0.0, 2.0, 0.0, 0.0, 1.0, 3.0, 2.0, 2.0, 2.0, 3.0, 0.0, 0.0, 0.0, 0.0, 0.0, 2.0, 1.0, -1.0, 1.0, 1.0, -1.0, 2.0, 615.0, 99378.0
-1.0, 1.0, 3.0, 1.0, -1.0, 2.0, 3.0, 1.0, 0.0, 2.0, 0.0, 2.0, 2.0, 2.0, 1.0, -1.0, 1.0, 3.0, -1.0, 0.0, 3.0, 2.0, 1.0, 2.0, 2.0, 1.0, 0.0, 0.0, 0.0, 1.0, 3.0, -1.0, 0.0, 2.0, 1.0, -1.0, 2.0, 3.0, 2.0, 0.0, -1.0, 1.0, 1.0, -1.0, 3.0, -1.0, 1.0, 1.0, 0.0, 3.0, 571.0, 99414.0
3.0, 1.0, 3.0, -1.0, -1.0, 3.0, 3.0, 2.0, 2.0, 1.0, 0.0, 1.0, 0.0, 1.0, 2.0, 1.0, 1.0, 0.0, -1.0, 3.0, -1.0, -1.0, 3.0, 2.0, 3.0, 0.0, 1.0, 3.0, 0.0, 2.0, 0.0, 0.0, 1.0, 3.0, 2.0, 2.0, 2.0, 3.0, 0.0, 0.0, 0.0, 0.0, 0.0, 0.0, 1.0, -1.0, 1.0, 1.0, -1.0, 2.0, 615.0, 99378.0
-1.0, 0.0, 0.0, 3.0, -1.0, 2.0, 0.0, 0.0, 0.0, 0.0, 3.0, -1.0, -1.0, 2.0, 0.0, -1.0, 1.0, 2.0, 1.0, 3.0, 3.0, -1.0, 3.0, 2.0, -1.0, 0.0, 0.0, 1.0, 0.0, 1.0, 0.0, -1.0, 2.0, -1.0, 1.0, 0.0, 1.0, 2.0, 2.0, 1.0, 2.0, 0.0, 2.0, 2.0, 2.0, -1.0, 2.0, 3.0, 2.0, -1.0, 542.0, 99435.0
-1.0, 1.0, 3.0, 1.0, -1.0, 2.0, 3.0, 1.0, 0.0, 2.0, 0.0, 2.0, 2.0, 2.0, 1.0, -1.0, 1.0, 3.0, 3.0, 0.0, 3.0, 2.0, 1.0, 2.0, 2.0, 1.0, 0.0, 0.0, 0.0, 1.0, 1.0, -1.0, 0.0, 2.0, 1.0, -1.0, 2.0, 3.0, 2.0, 0.0, -1.0, 1.0, 3.0, -1.0, 3.0, -1.0, 1.0, 1.0, 0.0, 3.0, 581.0, 99398.0
-1.0, 2.0, 0.0, 0.0, -1.0, 2.0, 0.0, 0.0, 0.0, 0.0, 3.0, 1.0, -1.0, 2.0, 0.0, -1.0, 1.0, 1.0, 1.0, 0.0, 3.0, 3.0, 1.0, 2.0, 2.0, 0.0, 0.0, 3.0, 0.0, 1.0, 0.0, -1.0, 2.0, 3.0, 1.0, 0.0, 1.0, 2.0, 2.0, 1.0, 2.0, 0.0, 2.0, 1.0, 2.0, -1.0, 2.0, 3.0, 2.0, -1.0, 602.0, 99380.0
-1.0, 3.0, 2.0, 3.0, -1.0, 3.0, 0.0, 0.0, 0.0, 0.0, 3.0, 1.0, -1.0, 2.0, 0.0, -1.0, 1.0, 1.0, 1.0, 0.0, 3.0, 3.0, 1.0, 2.0, 2.0, 0.0, 0.0, 3.0, 0.0, 1.0, 0.0, -1.0, 2.0, 3.0, 1.0, 0.0, 1.0, 2.0, 2.0, 1.0, 2.0, 0.0, 2.0, 1.0, 2.0, -1.0, 2.0, 3.0, 2.0, -1.0, 602.0, 99380.0
-1.0, 2.0, 0.0, 3.0, -1.0, 2.0, 0.0, 0.0, 0.0, 0.0, 3.0, -1.0, -1.0, 2.0, 0.0, -1.0, 1.0, 2.0, 1.0, 0.0, 3.0, -1.0, 3.0, 2.0, -1.0, 0.0, 1.0, 1.0, 0.0, 1.0, 0.0, -1.0, 2.0, -1.0, 1.0, 0.0, 1.0, 2.0, 3.0, 1.0, 2.0, 0.0, 2.0, 2.0, 2.0, -1.0, 2.0, 3.0, 2.0, -1.0, 542.0, 99435.0
-1.0, 1.0, 3.0, 1.0, -1.0, 2.0, 3.0, 1.0, 0.0, 2.0, 0.0, 2.0, 2.0, 2.0, 1.0, -1.0, 1.0, 3.0, -1.0, 0.0, 3.0, 2.0, 1.0, 2.0, 2.0, 1.0, 0.0, 0.0, 0.0, 1.0, 3.0, -1.0, 0.0, 2.0, 1.0, -1.0, 2.0, 3.0, 2.0, 0.0, -1.0, 1.0, 1.0, -1.0, 3.0, -1.0, 1.0, 1.0, 0.0, 3.0, 571.0, 99414.0
-1.0, 2.0, 0.0, 3.0, -1.0, 2.0, 0.0, 0.0, 0.0, 0.0, 3.0, 1.0, -1.0, 2.0, 0.0, -1.0, 1.0, 1.0, 1.0, 0.0, 3.0, 3.0, 1.0, 2.0, 2.0, 0.0, 0.0, 3.0, 0.0, 1.0, 0.0, -1.0, 2.0, 3.0, 1.0, 0.0, 1.0, 2.0, 2.0, 1.0, 2.0, 0.0, 2.0, 1.0, 2.0, -1.0, 2.0, 3.0, 2.0, -1.0, 602.0, 99380.0
-1.0, 3.0, 2.0, 3.0, -1.0, 3.0, 1.0, -1.0, 0.0, 2.0, 2.0, 1.0, 0.0, 0.0, -1.0, 2.0, 2.0, 2.0, 3.0, 2.0, 0.0, -1.0, 2.0, 2.0, 1.0, 3.0, 1.0, -1.0, 0.0, 0.0, -1.0, 3.0, 0.0, -1.0, 2.0, -1.0, 2.0, 2.0, 3.0, 0.0, -1.0, -1.0, -1.0, 2.0, 0.0, 0.0, -1.0, 3.0, -1.0, 0.0, 495.0, 99481.0
-1.0, 2.0, 0.0, 0.0, -1.0, 2.0, 0.0, 0.0, 0.0, 0.0, 3.0, -1.0, -1.0, 2.0, 0.0, -1.0, 1.0, 2.0, 1.0, 0.0, 3.0, -1.0, 3.0, 1.0, -1.0, 0.0, 0.0, 1.0, 0.0, 1.0, 0.0, -1.0, 2.0, -1.0, 1.0, 0.0, 1.0, 2.0, 2.0, 1.0, 2.0, 0.0, 2.0, 2.0, 2.0, -1.0, 2.0, 3.0, 2.0, -1.0, 542.0, 99435.0
3.0, 2.0, 0.0, 1.0, -1.0, 3.0, 3.0, 2.0, 2.0, 1.0, 0.0, 1.0, 0.0, 1.0, 2.0, 1.0, 1.0, 0.0, -1.0, 3.0, -1.0, 1.0, 3.0, 2.0, 3.0, 0.0, 1.0, -1.0, 0.0, 2.0, 0.0, 0.0, 1.0, 3.0, 0.0, 2.0, 2.0, 3.0, 0.0, 0.0, 2.0, 0.0, 3.0, 0.0, 1.0, -1.0, 1.0, 1.0, -1.0, 2.0, 629.0, 99363.0
-1.0, 1.0, 0.0, 3.0, -1.0, 2.0, 0.0, 0.0, 0.0, 0.0, 3.0, -1.0, -1.0, 2.0, 0.0, -1.0, 1.0, 2.0, 1.0, 0.0, 3.0, -1.0, 3.0, 2.0, -1.0, 0.0, 0.0, 1.0, 0.0, 1.0, 0.0, -1.0, 2.0, -1.0, 1.0, 0.0, 1.0, 2.0, 2.0, 1.0, 0.0, 0.0, 2.0, 2.0, 2.0, -1.0, 2.0, 3.0, 2.0, -1.0, 542.0, 99435.0
-1.0, 1.0, 3.0, 1.0, -1.0, 2.0, 3.0, 1.0, 0.0, 2.0, 0.0, 2.0, 2.0, 2.0, 1.0, -1.0, 1.0, 3.0, 3.0, 0.0, 3.0, 2.0, 1.0, 2.0, 2.0, 1.0, 0.0, 0.0, 0.0, 1.0, 1.0, -1.0, 0.0, 2.0, 1.0, -1.0, 2.0, 3.0, 2.0, 0.0, -1.0, 1.0, 3.0, -1.0, 3.0, -1.0, 1.0, 1.0, 0.0, 3.0, 581.0, 99398.0
-1.0, 2.0, 0.0, 3.0, -1.0, 2.0, 0.0, 0.0, 1.0, 0.0, 3.0, 1.0, -1.0, 2.0, 0.0, -1.0, 1.0, 1.0, 1.0, 0.0, 3.0, 3.0, 1.0, 2.0, 2.0, 0.0, 0.0, 3.0, 0.0, 1.0, 0.0, -1.0, 2.0, 3.0, 1.0, 0.0, 1.0, 2.0, 2.0, 1.0, 2.0, 0.0, 2.0, 1.0, 2.0, -1.0, 2.0, 3.0, 2.0, -1.0, 602.0, 99380.0
3.0, 1.0, 0.0, -1.0, -1.0, 3.0, 3.0, 2.0, 2.0, 1.0, 0.0, 1.0, 0.0, 1.0, 2.0, 1.0, 1.0, 0.0, -1.0, 3.0, -1.0, -1.0, 2.0, 2.0, 3.0, 0.0, 1.0, 3.0, 0.0, 2.0, 0.0, 0.0, 1.0, 3.0, 2.0, 2.0, 2.0, 3.0, 0.0, 0.0, 0.0, 0.0, 0.0, 2.0, 1.0, -1.0, 1.0, 1.0, -1.0, 2.0, 615.0, 99378.0
-1.0, 1.0, 3.0, 1.0, -1.0, 2.0, 3.0, 1.0, 0.0, 2.0, 0.0, 2.0, 2.0, 2.0, 1.0, -1.0, 1.0, 3.0, -1.0, 0.0, 3.0, 2.0, 1.0, 2.0, 2.0, 1.0, 0.0, 0.0, 0.0, 1.0, 3.0, -1.0, 0.0, 2.0, 1.0, -1.0, 2.0, 3.0, 2.0, 0.0, -1.0, 1.0, 1.0, -1.0, 3.0, -1.0, 1.0, 1.0, 0.0, 3.0, 571.0, 99414.0
-1.0, 1.0, 3.0, 1.0, -1.0, 2.0, 3.0, 1.0, 0.0, 2.0, 0.0, 2.0, 2.0, 2.0, 1.0, -1.0, 1.0, 3.0, 3.0, 0.0, 3.0, 2.0, 1.0, 2.0, 2.0, 1.0, 0.0, 0.0, 0.0, 1.0, 1.0, -1.0, 0.0, 2.0, 1.0, -1.0, 2.0, 3.0, 2.0, 0.0, -1.0, 1.0, 3.0, -1.0, 3.0, -1.0, 1.0, 1.0, 0.0, 3.0, 581.0, 99398.0
-1.0, 2.0, 0.0, 0.0, -1.0, 2.0, 0.0, 0.0, 0.0, 0.0, 3.0, 1.0, -1.0, 2.0, 0.0, -1.0, 1.0, 1.0, 1.0, 0.0, 3.0, 3.0, 1.0, 2.0, 2.0, 0.0, 0.0, 3.0, 0.0, 1.0, 0.0, -1.0, 2.0, 3.0, 1.0, 0.0, 1.0, 2.0, 2.0, 1.0, 2.0, 0.0, 2.0, 1.0, 2.0, -1.0, 2.0, 3.0, 2.0, -1.0, 602.0, 99380.0
