3.33528197956, 1.00448890616, 1.73157781299, 0.980351609896, 2.83000087123, 1.0018630611, 2.64605749551, 1.26000062922, 1.14000080829, 1.52027908761, 2.48016840736, 1.08811393102, 3.04000080161, 1.03309851036, 0.901484423203, 1.00000006892, 1.00000053313, 1.03372708999, 8.78155429161, 0.939226527534, 1.00000081153, 100.289266119, 1.03988394508, 5.09138319307, 1.03076391071, 3.29000015439, 1.00000047671, 81.3233803049, 0.0
1.25408666061, 1.11308832741, 1.60910253312, 0.8923633816, 2.83000098482, 1.11571467245, 2.81036708191, 1.26000005524, 1.14000076678, 1.32959713201, 3.05428498048, 0.949794630711, 3.0400009143, 1.00394526608, 0.945275039274, 1.00000018332, 1.0000000804, 1.02067204253, 4.86074808355, 0.992331089368, 1.00000049091, 123.4077717, 1.07805326258, 3.30674373429, 0.97323953318, 3.29000000251, 1.00000052871, 37.9766727758, 0.268096514745
5.74914672324, 1.03598529808, 1.56075347148, 0.973800787256, 2.83000095107, 1.07374492098, 2.86746209578, 1.2600004015, 1.14000088219, 2.3932324537, 1.68586016009, 1.03017849338, 3.04000067955, 1.10928210759, 0.995955347781, 1.00000000139, 1.00000062439, 1.04787589512, 5.49664901634, 0.968874783957, 1.00000014279, 95.4944494753, 1.08471910161, 2.925435224, 1.01855521205, 3.29000019843, 1.00000076766, 112.77987332, 0.0
3.79199328088, 1.01373779408, 1.55039140616, 0.878598904278, 2.83000041999, 1.16121447775, 1.56431675028, 1.26000080548, 1.14000093248, 1.92054473896, 2.05866794445, 1.01312941877, 3.04000095537, 1.01129037157, 0.815524882258, 1.00000053868, 1.00000099756, 1.04690060418, 5.08962635977, 0.929260907209, 1.0000005245, 86.0898387321, 0.994569257258, 2.48889470265, 0.95222940318, 3.29000001265, 1.00000054226, 44.2263096148, 4.82573726542
1.40061981662, 1.05559815097, 1.38797733052, 0.972279544439, 2.83000072076, 1.15001806292, 3.95032403989, 1.26000089909, 1.14000078654, 1.94917205823, 3.07827972666, 0.951693741451, 3.040000758, 1.11504851277, 0.836521170477, 1.00000020435, 1.00000007217, 1.06596479076, 7.0254909333, 0.993311574562, 1.00000096418, 88.1325941917, 0.891088655183, 2.17906127408, 0.96846708902, 3.29000026292, 1.00000014568, 48.55525746, 0.804289544236
1.59023510375, 1.10690246537, 1.66740725338, 0.970483908842, 2.83000030336, 0.90337890454, 5.14724237676, 1.26000032371, 1.14000030225, 1.77373574043, 2.82237101011, 1.03221230558, 3.04000064325, 1.04715895141, 0.959686998284, 1.00000009301, 1.00000074676, 1.05087429367, 8.23310278916, 0.952340313061, 1.00000016515, 82.5375494256, 0.853642009986, 2.96297016469, 1.01736002846, 3.29000055363, 1.00000032937, 112.937860697, 0.0
1.10244675825, 1.06959964685, 1.51591404165, 0.93277546819, 2.83000078037, 1.07628550331, 3.96829408285, 1.26000016762, 1.14000015492, 3.08957882836, 1.61117600186, 0.953551098345, 3.04000045515, 1.05748687529, 0.840246230926, 1.00000053354, 1.00000045639, 1.05101697491, 9.77292225578, 0.916441629717, 1.00000045228, 81.0601842324, 1.03692281549, 3.99072876086, 0.971319724606, 3.29000068006, 1.00000032261, 100.602421072, 1.34048257373
3.79199328088, 1.10324180252, 1.55039140616, 0.878598904278, 2.83000041999, 1.16121447775, 1.74276871983, 1.26000038588, 1.14000093248, 1.39842984134, 2.52737700114, 1.01312941877, 3.04000095537, 1.01129037157, 0.80132034802, 1.00000060233, 1.0000009215, 1.04690060418, 5.08962635977, 0.929260907209, 1.0000005245, 86.0898387321, 0.994569257258, 2.57414169187, 0.952903236684, 3.29000009178, 1.00000054226, 65.4206094131, 1.87667560322
3.29606276812, 1.05865525847, 1.35649739307, 0.877874823928, 2.83000070936, 1.14692049034, 5.75474574193, 1.26000052909, 1.14000068564, 2.02584677232, 1.70040163825, 0.924556161028, 3.0400002231, 1.05122420509, 1.07214861005, 1.00000064198, 1.00000037799, 1.08828358532, 4.5976551615, 0.955162520524, 1.00000013327, 106.16733963, 0.900823169654, 3.77589425936, 0.975571466048, 3.29000037329, 1.00000085035, 70.6607615584, 1.60857908847
2.66849555478, 1.11049669511, 1.59228558872, 0.884179403569, 2.8300003154, 0.916464462216, 4.5894809596, 1.26000080331, 1.14000087883, 1.76691340346, 2.30619945109, 1.01787474442, 3.04000073297, 1.04191989556, 0.866210341665, 1.00000098898, 1.00000093169, 1.04366665204, 6.91418672035, 0.987704604261, 1.00000056948, 91.6448867525, 1.08272947146, 2.79990002548, 1.0122703685, 3.29000096003, 1.00000082514, 119.906071207, 0.0
1.11787550161, 1.04510151925, 1.64394747058, 0.885744130554, 2.83000080808, 0.855578291393, 2.64605749551, 1.26000016554, 1.14000036156, 2.21722244174, 1.64622799512, 1.03208789785, 3.04000029937, 1.11057871146, 0.793866953547, 1.00000006244, 1.00000026582, 1.03476732524, 9.92780371069, 0.928015907899, 1.0000009801, 100.289266119, 1.00641732263, 3.89017491746, 1.01736002846, 3.29000075936, 1.00000012382, 91.0445909169, 2.68096514745
3.79199328088, 1.10324180252, 1.55039140616, 0.878598904278, 2.83000041999, 1.16121447775, 5.9483674319, 1.26000092862, 1.14000093248, 1.39842984134, 2.52737700114, 1.01312941877, 3.04000095537, 1.01129037157, 0.80132034802, 1.00000060233, 1.00000096381, 1.10962418881, 5.08962635977, 0.929260907209, 1.0000005245, 86.0898387321, 0.994569257258, 2.57414169187, 0.950497540168, 3.29000009178, 1.00000054226, 104.357649767, 2.14477211796
3.60991090432, 1.04057247685, 1.70826153859, 0.834889296254, 2.83000096406, 1.14832294885, 3.86207924584, 1.26000080888, 1.14000030627, 1.82694868038, 2.31832149922, 0.959539909686, 3.04000059626, 1.10089929215, 1.0299762488, 1.00000053428, 1.00000064364, 1.06275078172, 7.09942880204, 0.987260656941, 1.0000002681, 116.900621358, 0.877607881613, 3.55317201504, 1.05387671753, 3.29000075106, 1.00000093731, 137.013675562, 0.0
5.15994817611, 1.04415850321, 1.50643764935, 0.973971312605, 2.83000087337, 0.954025137482, 2.69747475584, 1.26000055067, 1.14000046876, 2.11349099885, 1.89295647762, 1.0799446443, 3.04000058613, 1.08265562805, 0.804511649515, 1.00000096174, 1.000000134, 1.10191130981, 9.77800923288, 0.967568483298, 1.00000086905, 109.711074211, 0.937158777824, 4.42269867956, 1.01069455331, 3.29000019476, 1.00000003613, 92.0624361717, 2.68096514745
2.68778621316, 1.11166767559, 1.46035786498, 0.900826920356, 2.83000075661, 0.864389423454, 5.45348085336, 1.26000081387, 1.14000075633, 3.18681898946, 1.81228562731, 1.02627539525, 3.04000067136, 1.09286572921, 0.783880256342, 1.00000008057, 1.00000053995, 1.08354863014, 3.8439955797, 0.973267612795, 1.0000008908, 76.6571523664, 0.960832833887, 5.30831771554, 1.01543678607, 3.29000001265, 1.00000081878, 307.952569029, 0.0
3.78149528412, 1.04913238648, 1.3960308745, 0.92811780633, 2.83000042106, 1.03730851822, 3.68701366671, 1.26000058129, 1.14000030954, 2.36621818959, 1.7446068267, 0.967878419785, 3.04000043659, 1.03837034486, 0.845092702415, 1.00000057855, 1.00000006947, 1.07095349336, 7.33263661934, 0.936069847128, 1.00000045087, 86.2532073664, 1.06312357648, 2.78796729247, 0.952903236684, 3.29000096031, 1.00000005488, 170.287186162, 1.07238605898
1.66673667274, 1.02572434473, 1.63327799264, 0.923264644656, 2.83000009174, 0.887758870328, 5.66775908456, 1.26000090116, 1.1400008685, 3.02097347572, 2.87041856319, 0.999559708448, 3.04000028116, 1.10253733493, 0.953928435947, 1.00000010842, 1.00000083723, 1.07990990405, 3.58638193139, 0.92321797676, 1.00000013996, 121.124148781, 1.03141372168, 3.30674373429, 0.982243609819, 3.29000057799, 1.00000051045, 294.445231564, 0.268096514745
1.59023510375, 1.10690246537, 1.66740725338, 0.970483908842, 2.83000030336, 0.90337890454, 5.96573493093, 1.26000055998, 1.14000030225, 1.77373574043, 3.03433238011, 1.03221230558, 3.04000064325, 1.07996050442, 0.959686998284, 1.00000009301, 1.00000074676, 1.05087429367, 8.23310278916, 0.952340313061, 1.00000016515, 82.5375494256, 0.853642009986, 2.96297016469, 1.01736002846, 3.29000046958, 1.00000032937, 339.476448002, 0.0
5.73413299868, 1.09769650742, 1.58997171409, 0.972836908407, 2.83000030407, 1.15178955118, 3.59736452586, 1.26000009972, 1.14000031202, 1.47890246465, 1.83893878109, 1.05637138345, 3.04000019357, 1.00982983617, 1.04185394578, 1.00000068011, 1.00000077995, 1.08118182903, 6.70876537693, 0.954363624052, 1.00000032748, 88.9453068963, 0.975884498226, 2.10087965411, 0.960682727837, 3.29000062888, 1.00000085179, 172.844897041, 2.14477211796
1.32011860194, 1.04723022153, 1.64394747058, 0.885744130554, 2.83000080808, 0.855578291393, 2.64605749551, 1.26000016554, 1.14000036156, 2.21722244174, 1.64622799512, 0.985495649519, 3.04000029937, 1.05711097062, 0.793866953547, 1.00000006892, 1.00000026582, 1.03476732524, 9.92780371069, 0.928015907899, 1.0000009801, 100.289266119, 1.00641732263, 3.70638293845, 0.957113647513, 3.29000075936, 1.00000012382, 175.015922647, 1.07238605898
1.28548808377, 1.13792525002, 1.63688365701, 0.979686834493, 2.8300000484, 0.903997061047, 2.56510924146, 1.26000084249, 1.14000068385, 3.64848121461, 2.17040147834, 0.975264270898, 3.0400009786, 1.08844985796, 1.03905686164, 1.00000080942, 1.00000020676, 1.00915076872, 6.51997700761, 0.934024818679, 1.00000037282, 111.761222414, 1.04546808424, 1.44346017319, 0.976131121084, 3.29000072965, 1.00000021949, 357.012610981, 0.0
1.20829901044, 1.129189143, 1.67456479278, 0.859582515314, 2.83000028186, 0.930716962937, 5.81544001042, 1.26000044403, 1.14000071636, 1.73952356505, 2.17040147834, 1.05653362862, 3.04000016955, 1.08844985796, 0.946082086336, 1.00000022136, 1.00000032546, 1.08054986674, 8.77002791602, 0.94963463735, 1.00000003101, 75.0200623186, 1.07592694386, 2.87779850444, 0.972644650145, 3.29000094639, 1.00000085962, 256.542074925, 2.14477211796
3.02948010524, 1.04374056944, 1.59863283686, 0.862288350824, 2.83000000374, 0.934950721331, 5.12786814008, 1.26000081233, 1.14000024936, 1.48843429787, 2.89755445781, 1.01165878579, 3.04000088393, 1.11996290947, 0.841561978227, 1.00000047012, 1.00000043796, 1.0228931452, 6.08663211826, 0.933981432893, 1.00000044532, 96.044105593, 0.880940958298, 1.08021492294, 0.998054824128, 3.29000020949, 1.00000019205, 293.484357355, 1.60857908847
1.25408666061, 1.11308832741, 1.60910253312, 0.8923633816, 2.83000095683, 1.11571467245, 2.81036708191, 1.26000005524, 1.14000076678, 2.15905178442, 3.05428498048, 1.04333352094, 3.0400009143, 1.00394526608, 0.945275039274, 1.00000018332, 1.00000028546, 1.02067204253, 4.86074808355, 0.992331089368, 1.00000049091, 110.824807088, 1.07805326258, 5.21769420551, 0.97323953318, 3.29000000251, 1.00000023353, 200.495056746, 3.21715817694
5.96943864002, 1.00610775228, 1.48370813589, 0.927639880486, 2.83000078401, 1.09921942705, 1.93781685714, 1.26000061704, 1.14000020771, 2.60426412046, 1.63626005154, 1.0937342334, 3.04000084083, 1.10976603283, 0.889254260779, 1.00000011258, 1.00000093279, 1.02633714357, 4.87551613318, 0.998482248861, 1.00000040199, 75.1352365426, 0.90918433298, 4.11243599044, 0.994325927587, 3.29000035769, 1.00000099429, 374.426524373, 0.0
1.32011860194, 1.07314729489, 1.64394747058, 0.885744130554, 2.83000080808, 0.855578291393, 2.64605749551, 1.26000016554, 1.14000036156, 2.21722244174, 2.19102487611, 0.985495649519, 3.04000029937, 1.05711097062, 0.793866953547, 1.00000006892, 1.00000026582, 1.03476732524, 9.92780371069, 0.928015907899, 1.0000009801, 100.289266119, 1.00641732263, 3.41061963265, 0.957113647513, 3.29000075936, 1.00000007584, 268.692364791, 2.14477211796
3.78149528412, 1.04913238648, 1.3960308745, 0.92811780633, 2.83000042106, 1.03730851822, 3.68701366671, 1.26000058129, 1.14000030954, 2.36621818959, 1.7446068267, 0.967878419785, 3.04000043659, 1.03837034486, 0.845092702415, 1.00000057855, 1.00000006947, 1.07095349336, 7.33263661934, 0.912843300269, 1.00000045087, 86.2532073664, 1.06312357648, 2.78796729247, 0.952903236684, 3.29000096031, 1.00000051045, 316.722847038, 1.60857908847
5.08843184854, 1.04374056944, 1.51905971204, 0.862288350824, 2.83000060991, 1.13677776468, 5.81301698907, 1.26000039398, 1.14000004332, 2.52558744578, 2.20209450752, 1.09147116529, 3.04000029864, 1.11294862019, 1.07691515065, 1.00000000385, 1.00000059188, 1.03392019658, 7.41594993785, 0.928015907899, 1.00000026707, 120.00581043, 0.912207271268, 3.07949678176, 1.04253142331, 3.29000017475, 1.0000000379, 381.122544782, 0.0
5.13125872278, 1.11017184985, 1.4685484245, 0.933385877604, 2.83000087649, 1.18743572172, 4.74787215376, 1.26000014538, 1.14000022285, 2.24009070394, 1.57146612686, 0.895073683366, 3.04000086764, 1.01613829141, 0.869520787588, 1.00000078077, 1.00000018846, 1.05091632737, 7.52361075495, 0.946345593512, 1.00000098475, 107.356377825, 0.98148727629, 1.76943481353, 0.993310644657, 3.29000096672, 1.00000082119, 313.93395386, 2.68096514745
5.74914672324, 1.03598529808, 1.56075347148, 0.973800787256, 2.8300009908, 1.07374492098, 2.86746209578, 1.2600004015, 1.14000088219, 2.3932324537, 1.68586016009, 1.03017849338, 3.04000067955, 1.04364131428, 0.995955347781, 1.00000000139, 1.00000062439, 1.04787589512, 5.49664901634, 0.978146889641, 1.00000066424, 95.4944494753, 1.08471910161, 4.08349681228, 1.01855521205, 3.29000019843, 1.00000076766, 292.820899895, 8.57908847185
4.09839736549, 1.06898653057, 1.4170239875, 0.947988415937, 2.83000060188, 1.15809050621, 3.14577452774, 1.26000034295, 1.1400001927, 2.23416039659, 2.11339724276, 0.940656142252, 3.04000029331, 1.04339266528, 0.857039381489, 1.00000006299, 1.00000094848, 1.00474092488, 5.18978838825, 0.94954235451, 1.00000075326, 116.905153704, 1.06136529122, 5.2136129974, 0.997549944495, 3.29000079496, 1.00000014051, 340.563875936, 1.87667560322
2.66849555478, 1.11049669511, 1.62203969814, 0.884179403569, 2.8300003154, 0.982522739671, 4.5894809596, 1.26000080331, 1.14000094972, 1.76691340346, 1.89295647762, 1.01787474442, 3.04000073297, 1.04191989556, 0.866210341665, 1.00000099463, 1.00000093169, 1.04366665204, 9.89389380593, 0.987704604261, 1.00000096331, 91.6448867525, 1.06186190427, 2.79990002548, 1.06340369062, 3.29000096003, 1.00000019281, 448.95861105, 0.0
5.83705228492, 1.1324555384, 1.58110397508, 0.933446879241, 2.83000092993, 0.940850826377, 4.18722059623, 1.26000005264, 1.14000015703, 1.64487816402, 2.6657517643, 1.00362201759, 3.04000054954, 1.04369121738, 0.852872683765, 1.00000038467, 1.00000036386, 1.07882403113, 5.96145880065, 0.959770205011, 1.00000056164, 102.383675794, 0.969885259839, 1.47998935285, 1.00189572698, 3.29000028414, 1.00000036086, 402.583438697, 0.536193029491
1.81003720549, 1.13383172919, 1.57345102496, 0.820658102824, 2.83000093557, 0.979434419477, 5.21449649754, 1.26000086145, 1.14000071903, 2.40034040746, 2.10730586906, 0.898959521622, 3.04000046482, 1.10334752034, 0.98034556181, 1.00000071002, 1.00000077995, 1.0878669916, 8.55786840701, 0.910614567935, 1.00000083247, 77.1968157363, 0.935069399227, 5.92688081321, 0.983730820228, 3.29000072084, 1.00000009133, 321.756832995, 2.68096514745
2.44289879395, 1.00980716598, 1.35566983392, 0.826359271306, 2.83000094067, 0.962229028525, 3.49327421747, 1.26000011488, 1.14000061363, 1.37122123989, 1.83610437456, 1.02906592115, 3.04000002292, 1.05506792516, 0.940504163436, 1.00000045167, 1.00000000259, 1.02198821685, 4.86390705382, 0.919385342408, 1.00000090549, 109.245103475, 0.885408198585, 1.00180209914, 1.00792203825, 3.29000002267, 1.00000094273, 565.497084842, 0.268096514745
1.46241044961, 1.13383172919, 1.35084347625, 0.820658102824, 2.83000097108, 0.979434419477, 5.21449649754, 1.26000086145, 1.14000067011, 2.40034040746, 2.00775958431, 0.898549712395, 3.04000046482, 1.10334752034, 0.98034556181, 1.00000020706, 1.00000089747, 1.0878669916, 7.24023483955, 0.983138138165, 1.00000072299, 75.1623080561, 0.935069399227, 5.70221685128, 0.983730820228, 3.29000099952, 1.00000015518, 629.22739835, 0.0
5.84181207034, 1.09350145667, 1.63443912982, 0.872066863057, 2.83000072704, 1.01457651198, 4.16825900958, 1.26000092103, 1.14000095087, 1.70349656447, 2.36044984277, 0.989130431942, 3.04000020901, 1.06701953684, 0.901484423203, 1.00000097875, 1.00000093088, 1.08427457397, 6.99641265555, 0.936223044311, 1.00000006086, 80.5527860987, 1.07213447978, 2.33454345983, 1.01498784934, 3.29000037149, 1.00000047671, 446.865838837, 1.07238605898
1.10244675825, 1.06959964685, 1.51591404165, 0.93277546819, 2.83000078037, 1.07628550331, 3.96829408285, 1.26000016762, 1.14000015492, 2.80216812542, 1.61117600186, 0.953551098345, 3.04000045515, 1.05748687529, 0.829787517203, 1.00000053354, 1.00000045639, 1.01509632308, 9.77292225578, 0.916441629717, 1.00000045228, 81.0601842324, 1.03692281549, 3.99072876086, 0.971319724606, 3.29000068006, 1.00000032261, 409.055620162, 1.87667560322
1.28548808377, 1.13792525002, 1.63688365701, 0.979686834493, 2.8300000484, 0.873374536325, 2.56510924146, 1.26000084249, 1.14000068385, 2.43733363878, 2.17040147834, 0.975264270898, 3.04000084103, 1.10106105786, 1.03905686164, 1.00000071002, 1.00000020676, 1.00915076872, 6.51997700761, 0.934024818679, 1.00000037282, 111.761222414, 1.04546808424, 1.44346017319, 1.01532900802, 3.29000071386, 1.00000021949, 347.218222518, 2.68096514745
1.32011860194, 1.03774087944, 1.64394747058, 0.885744130554, 2.83000080808, 0.855578291393, 1.00047056997, 1.26000016554, 1.14000036156, 2.2579021105, 1.64622799512, 0.985495649519, 3.04000035489, 1.05711097062, 0.788071836785, 1.00000079237, 1.00000026582, 1.03476732524, 4.77861792821, 0.928015907899, 1.0000009801, 100.289266119, 1.00641732263, 3.70638293845, 0.953823169229, 3.29000075936, 1.00000012382, 748.745196534, 0.268096514745
1.81003720549, 1.13383172919, 1.43004888819, 0.820658102824, 2.83000093557, 0.929271686825, 5.21449649754, 1.26000086145, 1.14000071903, 2.40034040746, 1.60578380952, 0.983521226368, 3.04000046482, 1.10334752034, 0.98034556181, 1.00000071002, 1.00000089747, 1.0878669916, 8.55786840701, 0.910614567935, 1.00000072299, 77.1968157363, 0.935069399227, 5.87132803664, 0.983730820228, 3.29000042386, 1.00000015518, 754.349976951, 0.0
4.99469228163, 1.12198701084, 1.46883227969, 0.936647999034, 2.83000023226, 0.882753745157, 4.90021649339, 1.2600009792, 1.14000093222, 2.0595919457, 2.94881792917, 0.957945842511, 3.04000005111, 1.09769904959, 0.899473142022, 1.00000056302, 1.00000037257, 1.05633759226, 6.37084284849, 0.992158540975, 1.00000093058, 78.0495357675, 0.937449253351, 4.52197470064, 0.955015062006, 3.29000034792, 1.00000075247, 546.544030311, 1.07238605898
1.30904492323, 1.13383172919, 1.35084347625, 0.820658102824, 2.83000093557, 0.979434419477, 5.21449649754, 1.26000086145, 1.14000068564, 2.40034040746, 2.00775958431, 0.911966312332, 3.04000046482, 1.10334752034, 0.98034556181, 1.00000071002, 1.00000089747, 1.0878669916, 8.55786840701, 0.910614567935, 1.00000072299, 77.1968157363, 1.04546808424, 1.32066955558, 0.983730820228, 3.29000099952, 1.00000015518, 478.513573734, 1.34048257373
3.79199328088, 1.01373779408, 1.55039140616, 0.878598904278, 2.83000041999, 1.16121447775, 1.56431675028, 1.26000080548, 1.14000093248, 1.92054473896, 2.29757066225, 1.01312941877, 3.04000095537, 1.01129037157, 0.815524882258, 1.00000053868, 1.00000099756, 1.04690060418, 5.08962635977, 0.929260907209, 1.00000076636, 86.0898387321, 0.994569257258, 2.48889470265, 0.95222940318, 3.29000001265, 1.00000054226, 452.99409847, 1.87667560322
1.33921511094, 1.1243821724, 1.67989167948, 0.952136601625, 2.83000093734, 1.14529234108, 4.34256847437, 1.26000000662, 1.14000017392, 2.73421586674, 3.06297141998, 0.986965182747, 3.04000012412, 1.04143102575, 0.890693706486, 1.00000067583, 1.00000058261, 1.0331249199, 6.05875801254, 0.934263223353, 1.0000000794, 124.05023231, 0.85193259014, 1.56042251541, 1.00582796589, 3.29000004911, 1.00000029515, 362.235999774, 3.48525469169
1.04510598584, 1.09862658588, 1.67626994889, 0.918041293057, 2.83000072883, 0.987579374988, 2.76619579101, 1.26000042201, 1.14000039141, 3.1553568027, 3.020061918, 0.8823097362, 3.04000072458, 1.06064842395, 0.78763289237, 1.00000043216, 1.00000024463, 1.08008894007, 8.80344433906, 0.910614567935, 1.00000078599, 100.629004946, 0.96106383161, 3.87813404871, 1.02643273898, 3.29000015145, 1.00000052871, 852.414062797, 0.0
1.25408666061, 1.11308832741, 1.60910253312, 0.8923633816, 2.83000095683, 1.11571467245, 2.81036708191, 1.26000005524, 1.14000076678, 2.15905178442, 3.05428498048, 1.04333352094, 3.0400009143, 1.00394526608, 0.945275039274, 1.00000018332, 1.0000000804, 1.02067204253, 4.86074808355, 0.992331089368, 1.00000049091, 110.824807088, 1.07805326258, 3.30674373429, 0.97323953318, 3.29000000251, 1.00000023353, 821.653771385, 0.268096514745
5.10282743237, 1.08399243837, 1.49308848945, 0.89145420315, 2.8300000383, 1.05599372573, 5.16798090235, 1.26000064296, 1.14000020699, 2.82162400765, 2.13175709937, 1.0995654596, 3.04000065232, 1.08772547751, 0.896003759064, 1.00000093689, 1.00000050721, 1.01305463594, 7.98938914733, 0.994789110939, 1.0000002135, 88.4661592427, 0.867500439592, 1.02921687812, 1.05121442203, 3.29000011339, 1.00000041978, 723.488326087, 1.07238605898
3.79199328088, 1.00638632901, 1.55039140616, 0.959001790637, 2.83000041999, 1.16121447775, 1.56431675028, 1.26000072309, 1.14000093248, 1.92054473896, 2.05866794445, 1.01312941877, 3.04000095537, 1.03135094625, 0.815524882258, 1.00000060233, 1.00000061252, 1.04690060418, 5.08962635977, 0.929260907209, 1.0000005245, 86.0898387321, 0.994569257258, 2.57414169187, 0.953823169229, 3.29000009178, 1.00000054226, 537.05182247, 2.41286863271
2.44289879395, 1.00980716598, 1.35566983392, 0.826359271306, 2.83000094067, 0.962229028525, 3.49327421747, 1.26000011488, 1.14000061363, 1.37122123989, 1.83610437456, 1.02906592115, 3.04000002292, 1.05506792516, 0.940504163436, 1.00000045167, 1.00000000259, 1.02198821685, 4.86390705382, 0.919385342408, 1.00000090549, 109.245103475, 0.885408198585, 1.00180209914, 1.00792203825, 3.29000002267, 1.00000094273, 703.829603089, 2.14477211796
2.66849555478, 1.11049669511, 1.59228558872, 0.884179403569, 2.8300003154, 0.982522739671, 4.5894809596, 1.26000080331, 1.14000087883, 1.76691340346, 1.89295647762, 1.01787474442, 3.04000073297, 1.04191989556, 0.866210341665, 1.00000099463, 1.00000093169, 1.04366665204, 9.89389380593, 0.987704604261, 1.00000086905, 91.6448867525, 1.08272947146, 2.79990002548, 1.0122703685, 3.29000096003, 1.00000082514, 705.489500842, 1.87667560322
5.98524692012, 1.00610775228, 1.48370813589, 0.927639880486, 2.83000078401, 1.09921942705, 4.79380587804, 1.26000061704, 1.14000020771, 2.75355881984, 1.81802627473, 1.00159089672, 3.04000084083, 1.10976603283, 0.869946051306, 1.00000011258, 1.00000093279, 1.02633714357, 4.87551613318, 0.99376756163, 1.00000040199, 75.1352365426, 0.884419396153, 4.11243599044, 0.994325927587, 3.29000035769, 1.00000088966, 533.516629453, 2.9490616622
1.33921511094, 1.04143261886, 1.67989167948, 0.952136601625, 2.83000093734, 1.14529234108, 4.34256847437, 1.26000000662, 1.14000017392, 2.73421586674, 3.06297141998, 1.06594451394, 3.04000012412, 1.04143102575, 0.890693706486, 1.00000067583, 1.00000058261, 1.08235366574, 6.05875801254, 0.920945203869, 1.0000000794, 123.516688328, 0.85193259014, 1.56042251541, 1.00582796589, 3.29000004911, 1.00000025415, 393.212686615, 3.75335120643
5.73413299868, 1.09769650742, 1.53274616371, 0.972836908407, 2.83000030407, 1.15178955118, 3.59736452586, 1.26000009972, 1.14000031202, 1.47890246465, 1.83893878109, 1.01377692691, 3.04000019357, 1.00982983617, 1.04185394578, 1.00000068011, 1.00000077995, 1.08118182903, 6.70876537693, 0.954363624052, 1.00000032748, 88.9453068963, 0.975884498226, 2.10087965411, 0.960682727837, 3.29000021594, 1.00000076573, 944.88486893, 0.0
1.81003720549, 1.13383172919, 1.35084347625, 0.820658102824, 2.83000093557, 0.979434419477, 5.21449649754, 1.26000086145, 1.14000071903, 2.40034040746, 2.00775958431, 0.898959521622, 3.04000046482, 1.10334752034, 0.98034556181, 1.00000071002, 1.00000089747, 1.0878669916, 8.55786840701, 0.910614567935, 1.00000083247, 77.1968157363, 0.935069399227, 5.70221685128, 0.983730820228, 3.29000072084, 1.00000015518, 838.236601882, 0.268096514745
2.44289879395, 1.00980716598, 1.35566983392, 0.826359271306, 2.83000094067, 0.962229028525, 3.49327421747, 1.26000011488, 1.14000061363, 1.37122123989, 1.83610437456, 1.02906592115, 3.04000002292, 1.04946318908, 0.940504163436, 1.00000045167, 1.00000000259, 1.02198821685, 4.86390705382, 0.919385342408, 1.00000090549, 109.245103475, 0.92485672512, 1.00180209914, 1.00792203825, 3.29000002267, 1.00000090553, 768.694391182, 1.07238605898
1.46241044961, 1.13383172919, 1.35084347625, 0.820658102824, 2.83000093557, 0.979434419477, 2.44581427409, 1.26000086145, 1.14000071903, 2.40034040746, 2.00775958431, 0.911966312332, 3.04000046482, 1.10334752034, 0.98034556181, 1.00000071002, 1.00000089747, 1.0878669916, 8.55786840701, 0.968681964239, 1.00000072299, 77.1968157363, 0.935069399227, 5.70221685128, 0.983730820228, 3.29000099952, 1.00000015518, 548.30781061, 2.68096514745
5.74914672324, 1.03598529808, 1.56075347148, 0.973800787256, 2.83000095107, 1.07374492098, 2.86746209578, 1.2600004015, 1.14000088219, 2.3932324537, 1.68586016009, 1.03017849338, 3.04000067955, 1.04364131428, 0.995955347781, 1.00000000139, 1.00000062439, 1.04787589512, 5.49664901634, 0.968874783957, 1.00000066424, 95.4944494753, 1.08471910161, 2.925435224, 1.01855521205, 3.29000019843, 1.00000076766, 491.780757559, 5.63002680965
5.74914672324, 1.03598529808, 1.56075347148, 0.973800787256, 2.83000095107, 1.07374492098, 2.86746209578, 1.2600004015, 1.14000088219, 2.3932324537, 1.68586016009, 0.957945842511, 3.04000067955, 1.04364131428, 0.995955347781, 1.00000000139, 1.00000037257, 1.0352365277, 5.49664901634, 0.968874783957, 1.00000066424, 90.3950772383, 1.08471910161, 2.925435224, 0.958377191059, 3.29000019843, 1.00000076766, 421.082396608, 6.70241286863
1.33921511094, 1.04143261886, 1.53333287783, 0.912681342084, 2.83000093734, 1.14529234108, 4.34256847437, 1.26000000662, 1.14000017392, 2.73421586674, 2.91007949676, 1.06594451394, 3.04000070051, 1.04143102575, 1.07962621752, 1.00000067583, 1.00000058261, 1.08235366574, 6.05875801254, 0.920945203869, 1.0000000794, 123.516688328, 0.85193259014, 1.56042251541, 1.00582796589, 3.29000004911, 1.00000025415, 545.669902503, 5.36193029491
2.68778621316, 1.11166767559, 1.46035786498, 0.900826920356, 2.83000075661, 0.864389423454, 5.45348085336, 1.26000046893, 1.14000075633, 3.18681898946, 2.52747931991, 0.967878419785, 3.04000092737, 1.09286572921, 0.783880256342, 1.00000008057, 1.00000051772, 1.08354863014, 3.6486189065, 0.973267612795, 1.0000008908, 76.6571523664, 0.960832833887, 5.30831771554, 0.996665075726, 3.2900000097, 1.00000081878, 1229.99565708, 0.0
4.57725819418, 1.09011615665, 1.34334445651, 0.92529989672, 2.83000055687, 1.16198638941, 5.56957662778, 1.26000090388, 1.14000031538, 3.0639796124, 2.23614551661, 0.961195923802, 3.04000063571, 1.07117053438, 0.861216978587, 1.00000032976, 1.0000007629, 1.04852506349, 3.24920548485, 0.929260907209, 1.00000042453, 80.9581438151, 0.93244350449, 4.56044069323, 0.979748781056, 3.29000041025, 1.00000079897, 847.413777003, 0.268096514745
2.68778621316, 1.11166767559, 1.46035786498, 0.900826920356, 2.83000075661, 0.864389423454, 5.45348085336, 1.26000087324, 1.14000075633, 3.18681898946, 1.81228562731, 1.02627539525, 3.04000064156, 1.10482800314, 0.783880256342, 1.00000008057, 1.00000053995, 1.08354863014, 3.8439955797, 0.973267612795, 1.0000008908, 76.6571523664, 0.960832833887, 5.30831771554, 1.01543678607, 3.29000001265, 1.00000081878, 772.1435487, 1.87667560322
3.88318974386, 1.0846681696, 1.60340835641, 0.846700711495, 2.8300005714, 0.897300431727, 2.65451211117, 1.26000075111, 1.14000062591, 3.08026354546, 1.82516727504, 1.0307412124, 3.04000074482, 1.11461691271, 0.853517576699, 1.00000087958, 1.00000098844, 1.0169853251, 7.89527434045, 0.993078774109, 1.00000051767, 116.530015709, 0.9962411629, 4.44699405966, 1.05209658386, 3.2900005189, 1.00000076229, 821.100401458, 1.07238605898
2.9437156943, 1.00980716598, 1.35566983392, 0.826359271306, 2.83000073231, 0.962229028525, 3.49327421747, 1.26000011488, 1.14000061363, 1.37122123989, 1.83610437456, 1.02906592115, 3.04000002292, 1.05506792516, 0.940504163436, 1.00000045167, 1.00000000259, 1.02198821685, 4.86390705382, 0.957330287588, 1.00000090549, 109.245103475, 0.885408198585, 1.00180209914, 1.00792203825, 3.29000002267, 1.00000094273, 565.47913268, 2.68096514745
1.91022894646, 1.11744618813, 1.46502566787, 0.936647999034, 2.83000023226, 0.882753745157, 5.40704652549, 1.26000097143, 1.14000098383, 2.27426716216, 2.94881792917, 0.957945842511, 3.04000008465, 1.09769904959, 0.899473142022, 1.00000056302, 1.00000037257, 1.04112664095, 6.37084284849, 0.992158540975, 1.00000093058, 78.0495357675, 0.937449253351, 4.52197470064, 0.955015062006, 3.29000015583, 1.00000075247, 477.466894979, 9.38337801609
4.09839736549, 1.06898653057, 1.40067425822, 0.89145420315, 2.83000060188, 1.15809050621, 5.16798090235, 1.26000034295, 1.1400001927, 2.23416039659, 2.11339724276, 0.940656142252, 3.04000029331, 1.04339266528, 0.857039381489, 1.00000006299, 1.00000095404, 1.00474092488, 5.18978838825, 0.94954235451, 1.00000075326, 116.905153704, 1.06136529122, 5.2136129974, 0.997549944495, 3.29000079496, 1.00000014051, 552.570321349, 6.70241286863
1.25408666061, 1.11308832741, 1.55199065417, 0.8923633816, 2.83000095683, 1.11571467245, 1.87315645788, 1.26000005524, 1.14000076678, 2.15905178442, 3.05428498048, 1.04333352094, 3.0400009143, 1.05388754744, 0.945275039274, 1.00000018332, 1.00000028546, 1.01614092213, 4.86074808355, 0.992331089368, 1.00000049091, 110.824807088, 1.07805326258, 5.21769420551, 0.97323953318, 3.29000000251, 1.00000023353, 1274.93605203, 0.0
3.79199328088, 1.01373779408, 1.55039140616, 0.878598904278, 2.83000041999, 1.16121447775, 1.56431675028, 1.26000072309, 1.14000093248, 1.92054473896, 2.05866794445, 1.01312941877, 3.04000095537, 1.01129037157, 0.815524882258, 1.00000060233, 1.00000099756, 1.04690060418, 5.08962635977, 0.929260907209, 1.0000005245, 86.0898387321, 0.994569257258, 2.57414169187, 0.95222940318, 3.29000009178, 1.00000054226, 928.371858164, 0.268096514745
1.28548808377, 1.13792525002, 1.63688365701, 0.979686834493, 2.8300000484, 0.903997061047, 2.64605749551, 1.26000016554, 1.14000068385, 3.64848121461, 1.64622799512, 0.892690325619, 3.04000089572, 1.08844985796, 1.03905686164, 1.00000088872, 1.00000020676, 1.00447854778, 4.67674567022, 0.934024818679, 1.00000037282, 111.761222414, 1.04546808424, 1.44346017319, 0.954550791225, 3.29000072965, 1.00000021949, 866.336872435, 0.804289544236
3.60143197275, 1.10324180252, 1.44885368089, 0.952136601625, 2.83000013192, 1.14478659434, 1.87255063814, 1.26000011151, 1.14000085301, 1.39842984134, 3.04152936866, 0.945600398829, 3.04000091632, 1.09826468476, 0.926609066081, 1.00000020706, 1.00000028546, 1.04731842598, 5.20956110685, 0.983138138165, 1.00000066936, 79.9212534016, 1.08423399012, 2.33246953875, 1.05737004609, 3.29000063528, 1.00000023353, 853.406554011, 2.14477211796
5.08843184854, 1.04374056944, 1.51905971204, 0.862288350824, 2.83000060991, 1.12141611245, 5.81301698907, 1.26000039398, 1.14000029102, 2.52558744578, 2.20209450752, 1.09147116529, 3.04000029864, 1.11294862019, 0.991782305344, 1.00000000385, 1.00000071196, 1.03392019658, 7.41594993785, 0.974232938509, 1.00000026707, 120.00581043, 0.937786562743, 3.07949678176, 1.04253142331, 3.29000017475, 1.00000069329, 662.503496667, 2.68096514745
5.08843184854, 1.04374056944, 1.51905971204, 0.862288350824, 2.83000060991, 0.99091884111, 5.81301698907, 1.26000039398, 1.14000075125, 2.52558744578, 2.20209450752, 1.07314699668, 3.04000029864, 1.03191281698, 0.991782305344, 1.00000000385, 1.00000059188, 1.03392019658, 7.41594993785, 0.974232938509, 1.00000026707, 122.377544285, 0.912207271268, 3.07949678176, 1.04253142331, 3.29000050866, 1.0000000379, 587.68223595, 5.09383378016
1.32011860194, 1.03774087944, 1.64394747058, 0.885744130554, 2.83000080808, 0.855578291393, 1.00047056997, 1.26000016554, 1.14000036156, 1.47890246465, 1.64622799512, 0.985495649519, 3.04000035489, 1.05711097062, 0.793866953547, 1.00000079237, 1.00000026582, 1.03476732524, 9.92780371069, 0.928015907899, 1.0000009801, 100.289266119, 1.00641732263, 3.70638293845, 0.953823169229, 3.29000075936, 1.00000012382, 1294.67038291, 0.0
5.70588221766, 1.06898653057, 1.60193282375, 0.883007702036, 2.83000097175, 0.904507947906, 4.23386195762, 1.26000005264, 1.1400007922, 3.38926046047, 2.11339724276, 1.01846504269, 3.04000061813, 1.11288955053, 1.07174436901, 1.00000018316, 1.00000082705, 1.08450844128, 9.63596910018, 0.930902022995, 1.00000037152, 89.9393719397, 1.00700388308, 3.73358525473, 1.05867740425, 3.29000069916, 1.00000001062, 992.20756081, 0.268096514745
1.33921511094, 1.11048992641, 1.53333287783, 0.912681342084, 2.83000093734, 1.15744562833, 4.34256847437, 1.26000000662, 1.14000017392, 2.73421586674, 2.91007949676, 1.06594451394, 3.04000070051, 1.04143102575, 1.07962621752, 1.00000067583, 1.00000058261, 1.05766017983, 8.49716774366, 0.920945203869, 1.0000000794, 123.516688328, 0.85193259014, 1.56042251541, 1.00582796589, 3.29000001087, 1.00000025415, 940.092987924, 1.60857908847
1.28548808377, 1.13792525002, 1.63688365701, 0.979686834493, 2.8300000484, 0.903997061047, 2.56510924146, 1.26000084249, 1.14000068385, 3.51447441122, 2.17040147834, 0.975264270898, 3.0400009786, 1.08844985796, 1.03905686164, 1.00000080942, 1.00000020676, 1.00915076872, 6.51997700761, 0.934024818679, 1.00000037282, 111.761222414, 1.08869050578, 1.44346017319, 0.976131121084, 3.29000072965, 1.00000021949, 946.421545331, 0.804289544236
3.60991090432, 1.04057247685, 1.70826153859, 0.837664645248, 2.83000096406, 1.14832294885, 3.86207924584, 1.26000080888, 1.14000030627, 1.82694868038, 2.31832149922, 0.959539909686, 3.04000059626, 1.10089929215, 1.0299762488, 1.00000053428, 1.00000064364, 1.06275078172, 7.09942880204, 0.987260656941, 1.0000002681, 116.900621358, 0.877607881613, 3.55317201504, 1.05387671753, 3.29000075106, 1.00000085782, 878.085742443, 2.14477211796
1.91022894646, 1.11744618813, 1.55199065417, 0.936647999034, 2.83000023226, 0.882753745157, 5.40704652549, 1.26000097143, 1.14000098383, 2.27426716216, 2.94881792917, 1.04333352094, 3.04000008465, 1.09769904959, 0.899473142022, 1.00000056302, 1.00000037257, 1.04112664095, 6.37084284849, 0.992158540975, 1.00000093058, 78.0495357675, 0.937449253351, 5.66101712206, 0.955015062006, 3.29000015583, 1.00000075247, 702.34344185, 4.82573726542
3.79199328088, 1.10324180252, 1.55039140616, 0.878598904278, 2.83000041999, 1.16121447775, 1.74276871983, 1.26000038588, 1.14000093248, 1.39842984134, 2.52737700114, 1.01312941877, 3.04000095537, 1.01129037157, 0.80132034802, 1.00000060233, 1.0000009215, 1.04690060418, 5.08962635977, 0.929260907209, 1.0000005245, 86.0898387321, 0.994569257258, 2.57414169187, 0.952903236684, 3.29000009178, 1.00000054226, 713.796989116, 4.28954423592
5.96943864002, 1.00610775228, 1.48370813589, 0.927639880486, 2.83000078401, 1.09921942705, 1.93781685714, 1.26000061704, 1.14000020771, 1.7545380294, 1.63626005154, 1.0937342334, 3.04000084083, 1.10976603283, 0.889254260779, 1.00000011258, 1.00000093279, 1.03519490602, 9.92780371069, 0.998482248861, 1.00000040199, 75.1352365426, 0.90918433298, 4.11243599044, 0.994325927587, 3.29000035769, 1.00000099429, 721.652503983, 3.21715817694
3.79199328088, 1.01373779408, 1.55039140616, 0.878598904278, 2.83000041999, 1.16121447775, 1.56431675028, 1.26000080548, 1.14000093248, 1.92054473896, 2.05866794445, 1.01312941877, 3.04000095537, 1.01129037157, 0.815524882258, 1.00000053868, 1.00000099756, 1.04690060418, 3.74371391154, 0.92951985186, 1.0000005245, 86.0898387321, 0.994569257258, 2.48889470265, 1.03076391071, 3.29000001265, 1.00000054226, 1368.44098704, 0.0
1.46241044961, 1.13383172919, 1.35084347625, 0.820658102824, 2.83000093557, 0.979434419477, 2.44581427409, 1.2600004015, 1.14000071903, 2.40034040746, 1.63470898769, 0.911966312332, 3.04000046482, 1.10334752034, 0.98034556181, 1.00000071002, 1.00000089747, 1.0878669916, 8.55786840701, 0.968681964239, 1.00000072299, 95.1482036007, 0.935069399227, 5.70221685128, 0.983730820228, 3.29000099952, 1.00000015518, 1136.32263749, 0.536193029491
1.32011860194, 1.06011410424, 1.64394747058, 0.885744130554, 2.83000080808, 0.855578291393, 2.64605749551, 1.26000016554, 1.14000036156, 2.21722244174, 1.64622799512, 0.985495649519, 3.04000029937, 1.05711097062, 0.792127003223, 1.00000006244, 1.00000026582, 1.03476732524, 9.92780371069, 0.928015907899, 1.0000009801, 100.289266119, 1.00641732263, 3.89017491746, 0.983408004252, 3.29000075936, 1.00000012382, 950.630708614, 1.60857908847
1.40061981662, 1.05559815097, 1.38797733052, 0.972279544439, 2.8300002912, 1.15001806292, 3.95032403989, 1.26000089909, 1.14000078654, 1.94917205823, 3.07827972666, 0.951693741451, 3.040000758, 1.11504851277, 0.959686998284, 1.00000020435, 1.00000007217, 1.06596479076, 7.0254909333, 0.952340313061, 1.00000096418, 88.1325941917, 0.90084970385, 2.17906127408, 0.96846708902, 3.29000026292, 1.00000014568, 971.120887443, 1.07238605898
1.2001520589, 1.11308832741, 1.55199065417, 0.8923633816, 2.83000095683, 1.11571467245, 1.87315645788, 1.26000005524, 1.14000076678, 2.15905178442, 3.07886757124, 0.95458525248, 3.0400009143, 1.03191281698, 0.945275039274, 1.00000018332, 1.00000028546, 1.01614092213, 4.86074808355, 0.992331089368, 1.00000042453, 110.824807088, 1.07805326258, 5.21769420551, 0.97323953318, 3.29000000251, 1.00000023353, 1054.92739516, 0.804289544236
1.10244675825, 1.06959964685, 1.51591404165, 0.93277546819, 2.83000078037, 1.07628550331, 3.96829408285, 1.26000016762, 1.14000015492, 3.08957882836, 1.61117600186, 0.953551098345, 3.04000045515, 1.05748687529, 0.840246230926, 1.00000053354, 1.00000045639, 1.05101697491, 9.77292225578, 0.916441629717, 1.00000045228, 81.0601842324, 1.03692281549, 3.99072876086, 0.971319724606, 3.29000068006, 1.00000032261, 940.672007106, 2.68096514745
1.10244675825, 1.06959964685, 1.51591404165, 0.923272068437, 2.83000078037, 1.07628550331, 3.96829408285, 1.26000016762, 1.14000015492, 2.82162400765, 1.61117600186, 0.953551098345, 3.04000045515, 1.05748687529, 1.02647777799, 1.00000053354, 1.00000045639, 1.01509632308, 9.77292225578, 0.916441629717, 1.00000045228, 81.0601842324, 1.03692281549, 3.99072876086, 0.971319724606, 3.29000022056, 1.00000032261, 762.210817538, 3.21715817694
5.74914672324, 1.03598529808, 1.56075347148, 0.973800787256, 2.83000095107, 1.07374492098, 2.86746209578, 1.2600004015, 1.14000088219, 2.3932324537, 1.68586016009, 0.957945842511, 3.04000067955, 1.04364131428, 0.995955347781, 1.00000000139, 1.00000037257, 1.0352365277, 5.49664901634, 0.968874783957, 1.00000066424, 95.4944494753, 1.08471910161, 2.925435224, 1.01855521205, 3.29000019843, 1.00000076766, 1414.5787424, 0.268096514745
5.83705228492, 1.1324555384, 1.58110397508, 0.915136853723, 2.83000092993, 0.940850826377, 4.18722059623, 1.26000063326, 1.14000023515, 1.64487816402, 2.6657517643, 1.00362201759, 3.04000054954, 1.04369121738, 0.852872683765, 1.00000038467, 1.00000036386, 1.07882403113, 7.1201688336, 0.959770205011, 1.00000056164, 102.383675794, 0.969885259839, 1.47998935285, 1.00189572698, 3.2900000727, 1.00000036086, 1486.64762983, 0.0
5.08843184854, 1.04374056944, 1.51905971204, 0.862288350824, 2.83000060991, 1.12141611245, 5.81301698907, 1.26000039398, 1.14000029102, 2.52558744578, 2.20209450752, 1.09147116529, 3.04000029864, 1.11294862019, 0.991782305344, 1.00000000385, 1.00000059188, 1.03392019658, 7.41594993785, 0.974232938509, 1.00000026707, 120.00581043, 0.912207271268, 3.07949678176, 1.04253142331, 3.29000017475, 1.0000000379, 1219.88788815, 0.536193029491
3.60143197275, 1.10324180252, 1.507795408, 0.952136601625, 2.83000013192, 1.14478659434, 1.87255063814, 1.26000011151, 1.14000085301, 1.39842984134, 3.04152936866, 0.945600398829, 3.04000091632, 1.09826468476, 0.926609066081, 1.00000020706, 1.00000032603, 1.04731842598, 5.20956110685, 0.983138138165, 1.00000066936, 100.31143071, 1.08423399012, 2.33246953875, 1.05737004609, 3.29000013252, 1.00000070898, 1096.86082521, 0.804289544236
5.88325322541, 1.12287796956, 1.57472183663, 0.918854685143, 2.8300003574, 1.01218644956, 5.204534318, 1.26000006841, 1.14000065041, 2.38661590358, 3.01379526905, 0.894775021577, 3.04000015813, 1.10272637032, 1.06769112694, 1.00000061665, 1.00000092375, 1.01801640463, 8.98092702147, 0.912838617547, 1.00000042311, 119.798915453, 0.953439932827, 2.59972374408, 0.991725989804, 3.2900005285, 1.00000032897, 1073.09617007, 2.41286863271
1.28548808377, 1.13792525002, 1.63688365701, 0.979686834493, 2.8300000484, 0.903997061047, 2.56510924146, 1.26000084249, 1.14000068385, 2.43733363878, 2.17040147834, 0.975264270898, 3.04000084103, 1.10106105786, 1.03905686164, 1.00000084617, 1.00000020676, 1.00915076872, 6.51997700761, 0.934024818679, 1.00000037282, 111.761222414, 1.04546808424, 1.44346017319, 1.01532900802, 3.29000071386, 1.00000021949, 1085.72993629, 2.14477211796
1.30904492323, 1.13383172919, 1.35084347625, 0.820658102824, 2.83000093557, 0.979434419477, 5.21449649754, 1.26000086145, 1.14000068564, 2.40034040746, 2.00775958431, 0.911966312332, 3.04000046482, 1.10334752034, 0.98034556181, 1.00000071002, 1.00000089747, 1.0878669916, 8.55786840701, 0.910614567935, 1.00000072299, 77.1968157363, 0.935069399227, 5.70221685128, 0.983730820228, 3.29000099952, 1.00000015518, 1048.01948439, 2.9490616622
1.19136783681, 1.05414008673, 1.63688365701, 0.912681342084, 2.83000077575, 0.910239699522, 5.62642581608, 1.26000067829, 1.14000082796, 1.35422932536, 2.66663635928, 0.921632380964, 3.0400009786, 1.00701465786, 0.891865529089, 1.00000036475, 1.00000058113, 1.03137995881, 6.05875801254, 0.991255548912, 1.00000081403, 108.431241472, 0.964110431476, 1.6581031193, 1.03348920319, 3.29000035519, 1.00000068508, 818.988234553, 3.75335120643
5.15994817611, 1.04415850321, 1.50643764935, 0.973971312605, 2.83000087337, 0.954025137482, 2.69747475584, 1.26000055067, 1.14000046876, 2.11349099885, 1.89295647762, 1.0799446443, 3.04000058613, 1.08265562805, 0.804511649515, 1.00000096174, 1.000000134, 1.10191130981, 9.85994841886, 0.936728103346, 1.00000086905, 109.711074211, 0.937158777824, 4.42269867956, 1.01069455331, 3.29000019476, 1.00000003613, 787.179421681, 8.04289544236
5.74914672324, 1.03598529808, 1.56075347148, 0.973800787256, 2.83000095107, 1.07374492098, 2.86746209578, 1.2600004015, 1.14000088219, 2.3932324537, 1.68586016009, 1.03017849338, 3.04000067955, 1.04364131428, 0.995955347781, 1.00000000139, 1.00000062439, 1.04787589512, 5.49664901634, 0.968874783957, 1.00000066424, 95.4944494753, 1.08471910161, 2.925435224, 1.01855521205, 3.29000019843, 1.00000076766, 984.469558044, 3.21715817694
3.79199328088, 1.10324180252, 1.55039140616, 0.878598904278, 2.83000041999, 1.16121447775, 5.9483674319, 1.26000038588, 1.14000093248, 1.39842984134, 2.52737700114, 1.01312941877, 3.04000095537, 1.01129037157, 0.80132034802, 1.00000060233, 1.00000096381, 1.10962418881, 5.08962635977, 0.929260907209, 1.0000005245, 86.0898387321, 0.994569257258, 2.57414169187, 0.952903236684, 3.29000009178, 1.00000054226, 1742.75956343, 0.0
1.20829901044, 1.12792729352, 1.67456479278, 0.859582515314, 2.83000028186, 0.903997061047, 5.81544001042, 1.26000044403, 1.14000071636, 1.73952356505, 2.17040147834, 1.05653362862, 3.04000016955, 1.08844985796, 0.946082086336, 1.00000022136, 1.00000044698, 1.08054986674, 8.77002791602, 0.94963463735, 1.00000003101, 78.9457422742, 1.07592694386, 2.87779850444, 0.972644650145, 3.29000094639, 1.00000069329, 819.662677321, 4.55764075067
