0.172005911764, 0.910698686025, 87.2763544924, 0.664368695648, 15.9873140229, 3.9232486203, 0.460659987655, 3.46246950915, 5.42271732315, 0.00401271207741, 0.0
0.514102191086, 1.10867812189, 83.719827576, 0.664368695648, 76.8087214147, 48.4194054488, 0.31952515665, 1.62079294276, 4.91549103289, 0.0, 0.333333333333
0.265657057291, 1.10304333603, 86.3902880831, 0.690824613166, 11.0169782496, 1.2115106091, 0.666220046612, 3.18333188834, 5.42271732315, 0.00558694035669, 0.0
0.127559867714, 0.84292501207, 81.1056888907, 0.6856408678, 79.248101909, 1.2115106091, 1.51043058428, 2.52068889353, 1.53863700964, 0.00516530968991, 0.4
0.127559867714, 0.850772262235, 92.7792428839, 0.485871047958, 15.9873140229, 1.18595866177, 0.169990015362, 2.64453234335, 12.0194511206, 0.00709029457605, 0.0
0.102560291577, 1.25385668496, 93.005845748, 0.525751464997, 5.29888914825, 1.24600463124, 0.987081811751, 0.139043229585, 9.0325160818, 0.00636279415997, 0.4
0.411689996071, 0.828744334078, 92.7792428839, 0.640995106256, 15.9873140229, 1.34854772164, 0.169990015362, 2.64453234335, 12.0194511206, 0.00740740597129, 0.142857142857
0.100202737979, 0.96875378281, 93.005845748, 0.664368695648, 15.6410702967, 1.88487021904, 1.89769269767, 0.782048422418, 5.52980231639, 0.00757453491411, 0.0
0.102560291577, 0.850772262235, 93.005845748, 0.525751464997, 5.29888914825, 1.24600463124, 0.987081811751, 0.139043229585, 18.8078917282, 0.00725554685719, 0.153846153846
0.102560291577, 1.25385668496, 93.758970932, 0.525751464997, 5.29888914825, 1.24600463124, 0.987081811751, 0.139043229585, 9.0325160818, 0.00769417655977, 0.0
0.102560291577, 1.25385668496, 93.005845748, 0.525751464997, 5.29888914825, 1.24600463124, 0.987081811751, 0.139043229585, 9.0325160818, 0.00748127807358, 0.684210526316
0.127559867714, 1.25385668496, 93.005845748, 0.485871047958, 36.2829907057, 1.74529364844, 1.51043058428, 0.782048422418, 9.26228583774, 0.00858273232488, 0.0
0.100202737979, 0.960712440286, 93.005845748, 0.447534344175, 15.6410702967, 1.88487021904, 1.89769269767, 0.782048422418, 5.52980231639, 0.0077602441028, 0.0227272727273
0.127559867714, 1.03493496992, 81.1056888907, 0.684718003758, 72.0863391973, 1.2115106091, 1.31873509308, 1.60662358266, 11.8876038439, 0.00922237183169, 0.0
0.11143807878, 0.92294888093, 80.593409629, 0.642749659751, 42.9198619468, 1.2115106091, 1.36645210597, 3.6594243222, 17.6270075585, 0.00855981822943, 0.372881355932
0.210261712378, 1.00184892436, 86.4407367705, 0.651258454984, 36.2829907057, 1.34854772164, 0.666220046612, 1.20417858097, 5.42271732315, 0.00950766194803, 0.0
0.127559867714, 0.84455479243, 93.005845748, 0.525751464997, 36.2829907057, 2.36088821989, 1.41897989784, 0.782048422418, 14.5280318683, 0.0096828404843, 0.0
0.11143807878, 1.11943855021, 80.2140463124, 0.525751464997, 5.29888914825, 1.34854772164, 1.36645210597, 0.139043229585, 7.69255839108, 0.00952561192421, 0.18
0.438427699934, 0.94446650871, 81.849055414, 0.590268061206, 15.9873140229, 1.2115106091, 0.666220046612, 1.02128478533, 16.6923528276, 0.0104501471707, 0.0
0.265657057291, 1.10304333603, 86.3902880831, 0.690824613166, 11.0169782496, 1.2115106091, 1.36645210597, 0.311908339779, 5.42271732315, 0.0110654902247, 0.0
0.127559867714, 1.11943855021, 81.849055414, 0.684718003758, 79.248101909, 2.36088821989, 0.169990015362, 1.13168270054, 12.0194511206, 0.0111395670777, 0.0
0.127559867714, 1.11943855021, 92.7792428839, 0.684718003758, 79.248101909, 2.36088821989, 0.169990015362, 1.13168270054, 12.0194511206, 0.0111829642344, 0.0
0.127559867714, 1.25385668496, 92.7792428839, 0.485871047958, 15.9873140229, 1.18595866177, 0.169990015362, 2.64453234335, 9.0325160818, 0.0114278379968, 0.0
0.210261712378, 1.00184892436, 80.0360748525, 0.525751464997, 36.2829907057, 1.34854772164, 0.666220046612, 1.20417858097, 5.42271732315, 0.0115386588102, 0.0
0.210261712378, 0.865168650082, 92.509067701, 0.525751464997, 4.31711135005, 1.34854772164, 0.987081811751, 0.139043229585, 1.05807252593, 0.0115019822179, 0.730769230769
0.100795339063, 1.11558527694, 93.005845748, 0.485871047958, 28.2618095848, 2.36088821989, 1.77756297537, 0.603658315278, 19.5695751069, 0.0120821362215, 0.0980392156863
0.265657057291, 1.10304333603, 86.3902880831, 0.690824613166, 11.0169782496, 1.2115106091, 0.666220046612, 0.311908339779, 9.36274303766, 0.0121098293475, 0.0
0.11143807878, 1.09271806374, 82.3332639927, 0.525751464997, 5.29888914825, 1.34854772164, 1.36645210597, 0.139043229585, 19.2292587945, 0.0116486949726, 0.267857142857
0.127559867714, 1.11558527694, 93.005845748, 0.485871047958, 36.2829907057, 2.36088821989, 1.68972135558, 0.603658315278, 9.26228583774, 0.0122174196697, 0.0
0.11143807878, 0.976256619732, 87.2763544924, 0.525751464997, 5.29888914825, 1.34854772164, 1.26110077936, 0.139043229585, 19.2986679777, 0.0122381383272, 0.0
0.127559867714, 1.25385668496, 93.005845748, 0.684718003758, 5.29888914825, 1.61674866546, 0.666220046612, 0.0773042341604, 5.42271732315, 0.012800819047, 0.0
0.103722507544, 1.25385668496, 93.005845748, 0.630427732852, 36.2829907057, 3.73581983327, 0.169990015362, 0.782048422418, 5.84776508614, 0.01274610305, 0.333333333333
0.127559867714, 1.11943855021, 80.2140463124, 0.664368695648, 11.1837480484, 2.36088821989, 1.89769269767, 1.13168270054, 14.5280318683, 0.0128455320633, 0.0
0.127559867714, 1.11943855021, 80.2140463124, 0.6856408678, 79.248101909, 2.00977919842, 1.89769269767, 4.06270675869, 14.5280318683, 0.0132418946893, 0.0
0.103722507544, 1.25385668496, 93.005845748, 0.630427732852, 36.2829907057, 3.73581983327, 0.169990015362, 0.782048422418, 9.26228583774, 0.0145111468492, 0.0
0.115559991862, 1.11943855021, 80.0493138221, 0.6856408678, 79.248101909, 2.36088821989, 1.89769269767, 1.13168270054, 14.5280318683, 0.0146923303075, 0.0
0.210261712378, 1.00184892436, 86.4407367705, 0.651258454984, 15.9873140229, 1.20243383377, 0.666220046612, 2.69777424173, 5.42271732315, 0.0145967048431, 0.272727272727
0.321142335456, 1.11943855021, 81.1056888907, 0.684718003758, 79.248101909, 1.16530340247, 1.89769269767, 0.0246129556092, 13.4739241085, 0.0161140090889, 0.0
0.172005911764, 0.938789462011, 87.2763544924, 0.6856408678, 79.248101909, 3.9232486203, 0.666220046612, 3.94999746919, 10.7578786248, 0.0150810546367, 0.142857142857
0.137598039558, 1.03493496992, 90.8423741691, 0.514058779922, 85.1415496802, 2.20174868672, 1.36645210597, 3.6177269419, 18.1432301351, 0.0151465855332, 0.037037037037
0.127559867714, 1.11943855021, 81.1056888907, 0.684718003758, 79.248101909, 1.16530340247, 1.89769269767, 1.29457369314, 13.4739241085, 0.0146951440471, 0.366666666667
0.447307222493, 1.20198164144, 92.509067701, 0.525751464997, 90.5641345511, 1.34854772164, 1.52750383712, 0.139043229585, 9.0325160818, 0.0168040162934, 0.0
0.127559867714, 1.25385668496, 93.005845748, 0.485871047958, 36.2829907057, 1.74529364844, 1.51043058428, 0.782048422418, 16.7920958355, 0.0154181009253, 0.190476190476
0.110518308856, 1.00184892436, 86.4407367705, 0.651258454984, 55.6886846313, 1.34854772164, 0.666220046612, 1.20417858097, 5.42271732315, 0.0147994216991, 0.5
0.137598039558, 1.03493496992, 90.202801858, 0.514058779922, 0.371182939589, 1.21974157048, 1.51043058428, 3.6177269419, 11.8876038439, 0.0151219152109, 0.377358490566
0.101110672394, 1.15284125691, 90.8423741691, 0.565750220188, 5.65966586564, 2.17903869845, 0.67321026073, 1.95533411378, 5.04120657365, 0.0172734994077, 0.0526315789474
0.100795339063, 1.10304333603, 93.005845748, 0.485871047958, 28.2618095848, 2.36088821989, 1.77756297537, 0.603658315278, 19.5695751069, 0.0169507370553, 0.176470588235
0.127559867714, 1.25385668496, 93.4952518441, 0.485871047958, 36.2829907057, 1.74529364844, 1.51043058428, 0.782048422418, 9.26228583774, 0.0172802745824, 0.0
0.127559867714, 1.25385668496, 93.005845748, 0.485871047958, 36.2829907057, 1.74529364844, 1.51043058428, 0.782048422418, 16.7920958355, 0.0170217059394, 0.108695652174
0.127559867714, 1.25385668496, 93.005845748, 0.525751464997, 5.29888914825, 1.61674866546, 0.666220046612, 0.511406718432, 5.42271732315, 0.0157251346522, 0.307692307692
0.438427699934, 0.875266885675, 92.509067701, 0.590268061206, 85.1415496802, 1.2115106091, 1.85648619612, 1.02128478533, 16.6923528276, 0.0174143635891, 0.0
0.127559867714, 1.11943855021, 81.1056888907, 0.684718003758, 79.248101909, 2.36088821989, 1.51043058428, 3.6177269419, 11.8876038439, 0.0172154520148, 0.27027027027
0.127559867714, 1.03493496992, 81.1056888907, 0.684718003758, 72.0863391973, 1.2115106091, 1.31873509308, 1.60662358266, 11.8876038439, 0.0159749619508, 0.532258064516
0.321142335456, 1.11943855021, 88.6915965512, 0.684718003758, 79.248101909, 1.2115106091, 1.89769269767, 1.13168270054, 17.6270075585, 0.0187495231236, 0.0
0.137598039558, 1.03493496992, 90.202801858, 0.514058779922, 1.41955852032, 3.08727109352, 1.08736522892, 3.6177269419, 18.1432301351, 0.0180231961297, 0.037037037037
0.11143807878, 1.08974886133, 92.509067701, 0.525751464997, 5.29888914825, 1.34854772164, 1.36645210597, 0.139043229585, 19.2292587945, 0.0175128742062, 0.275862068966
0.127559867714, 0.92294888093, 80.593409629, 0.642749659751, 42.9198619468, 1.2115106091, 1.85648619612, 3.6594243222, 17.6270075585, 0.0172311977985, 0.28
0.411689996071, 1.09271806374, 92.509067701, 0.525751464997, 4.31711135005, 1.34854772164, 0.987081811751, 0.139043229585, 1.05807252593, 0.0195973696342, 0.0
0.137598039558, 1.03493496992, 90.202801858, 0.514058779922, 0.907195478619, 3.08727109352, 1.08736522892, 3.6177269419, 9.0325160818, 0.0188507404869, 0.0294117647059
0.210261712378, 1.00184892436, 80.0360748525, 0.651258454984, 36.2829907057, 1.34854772164, 1.2097678691, 1.20417858097, 5.42271732315, 0.0183167637501, 0.261904761905
0.514102191086, 1.10867812189, 83.719827576, 0.407514458535, 76.8087214147, 48.4194054488, 0.31952515665, 1.62079294276, 4.91549103289, 0.0188437301817, 0.142857142857
0.115932687395, 0.9424457452, 93.005845748, 0.485871047958, 36.2829907057, 2.36088821989, 0.608675283138, 0.413842486051, 9.26228583774, 0.0185737768604, 0.25
0.127559867714, 1.11943855021, 80.2140463124, 0.6856408678, 79.248101909, 2.36088821989, 1.89769269767, 1.13168270054, 14.5280318683, 0.0176193576802, 0.279069767442
0.438427699934, 0.875266885675, 92.509067701, 0.590268061206, 85.1415496802, 1.2115106091, 1.85648619612, 1.02128478533, 16.6923528276, 0.0203035784737, 0.0
0.127559867714, 1.21945426551, 93.005845748, 0.485871047958, 36.2829907057, 2.36088821989, 0.608675283138, 0.413842486051, 9.26228583774, 0.0189073925597, 0.0384615384615
0.127559867714, 1.11943855021, 94.0809566781, 0.684718003758, 79.248101909, 1.34854772164, 0.169990015362, 1.13168270054, 14.810167474, 0.0177941496946, 0.5
0.321142335456, 1.11943855021, 88.6915965512, 0.684718003758, 79.248101909, 1.2115106091, 1.89769269767, 1.13168270054, 17.6270075585, 0.0206619433867, 0.0
0.11143807878, 1.09271806374, 92.509067701, 0.525751464997, 5.29888914825, 1.34854772164, 1.36645210597, 0.139043229585, 19.2292587945, 0.0190110728795, 0.446153846154
0.172005911764, 0.938789462011, 87.2763544924, 0.664368695648, 11.1837480484, 3.9232486203, 0.666220046612, 3.46246950915, 5.42271732315, 0.0194124805167, 0.125
0.114384185021, 1.09271806374, 82.3332639927, 0.664368695648, 11.1837480484, 1.53427914916, 1.89769269767, 1.13168270054, 14.5280318683, 0.0185827948498, 0.588785046729
0.428707466518, 0.850772262235, 92.7792428839, 0.640995106256, 15.9873140229, 1.2115106091, 0.169990015362, 2.64453234335, 12.0194511206, 0.0210637338722, 0.0
0.115932687395, 1.11558527694, 93.005845748, 0.485871047958, 36.2829907057, 2.36088821989, 0.608675283138, 0.413842486051, 9.26228583774, 0.0200365822301, 0.125
0.100202737979, 0.828744334078, 92.7792428839, 0.664368695648, 15.6410702967, 1.88487021904, 1.89769269767, 0.782048422418, 5.52980231639, 0.019424669234, 0.307692307692
0.438427699934, 0.94446650871, 82.3332639927, 0.590268061206, 85.1415496802, 1.2115106091, 1.85648619612, 1.02128478533, 16.6923528276, 0.0211047603401, 0.0666666666667
0.137598039558, 1.03493496992, 90.202801858, 0.514058779922, 4.75701318619, 3.08727109352, 1.08736522892, 3.6177269419, 18.1432301351, 0.021512076705, 0.0
0.127559867714, 1.11943855021, 81.1056888907, 0.684718003758, 79.248101909, 2.36088821989, 1.51043058428, 1.13168270054, 11.8876038439, 0.0201654363792, 0.139534883721
0.210261712378, 1.09271806374, 92.509067701, 0.525751464997, 4.31711135005, 1.34854772164, 0.987081811751, 0.139043229585, 1.05807252593, 0.0200766456996, 0.769230769231
0.428707466518, 0.92294888093, 82.3332639927, 0.642749659751, 12.1271253836, 1.2115106091, 1.85648619612, 4.13795230386, 17.6270075585, 0.0217036467468, 0.0
0.127559867714, 1.11943855021, 81.1056888907, 0.684718003758, 55.9697861115, 2.36088821989, 1.51043058428, 1.58037262096, 11.8876038439, 0.020963300045, 0.479166666667
0.101126056778, 0.87826089243, 90.202801858, 0.525751464997, 38.0857375242, 2.36088821989, 1.45229950664, 0.782048422418, 10.2915345578, 0.0216363731597, 0.280701754386
0.127559867714, 0.84455479243, 93.005845748, 0.525751464997, 36.2829907057, 4.28599755389, 0.169990015362, 0.898249491479, 13.4739241085, 0.0205778904024, 0.5
0.127559867714, 0.94446650871, 90.202801858, 0.514058779922, 24.458324393, 3.08727109352, 1.20232776941, 1.02128478533, 18.1432301351, 0.0219293130947, 0.0645161290323
0.127559867714, 0.94446650871, 90.202801858, 0.514058779922, 85.1415496802, 3.08727109352, 1.08736522892, 1.02128478533, 18.1432301351, 0.0222411735297, 0.0
0.137598039558, 1.03493496992, 90.202801858, 0.514058779922, 1.41955852032, 3.08727109352, 1.08736522892, 3.6177269419, 9.0325160818, 0.0219335697193, 0.0571428571429
0.110518308856, 1.00184892436, 86.4407367705, 0.651258454984, 55.6886846313, 1.34854772164, 0.151073264185, 1.20417858097, 5.42271732315, 0.0218836270347, 0.4
0.438427699934, 0.94446650871, 82.3332639927, 0.590268061206, 72.0863391973, 1.2115106091, 1.85648619612, 1.02128478533, 16.6923528276, 0.023689840948, 0.0
0.127559867714, 1.25385668496, 93.005845748, 0.525751464997, 5.29888914825, 2.36088821989, 1.45229950664, 0.400259772852, 9.26228583774, 0.0236041118511, 0.0869565217391
0.127559867714, 1.25385668496, 93.005845748, 0.525751464997, 38.0857375242, 2.36088821989, 1.45229950664, 0.782048422418, 10.2915345578, 0.022300222792, 0.157142857143
0.137598039558, 1.03493496992, 90.202801858, 0.514058779922, 4.75701318619, 3.08727109352, 1.08736522892, 3.6177269419, 18.1432301351, 0.0240394014452, 0.0
0.447307222493, 1.20198164144, 92.509067701, 0.525751464997, 90.5641345511, 1.34854772164, 1.52750383712, 0.139043229585, 9.0325160818, 0.0237915437841, 0.0384615384615
0.127559867714, 1.11943855021, 81.1056888907, 0.684718003758, 79.248101909, 2.36088821989, 1.08736522892, 3.6177269419, 17.0328742135, 0.0223929741757, 0.219512195122
0.205352254111, 1.11670351656, 87.4708497293, 0.608879385857, 44.2311906338, 11.9260379957, 0.169990015362, 3.8056631013, 4.9671416287, 0.0241258326396, 0.0
0.127559867714, 1.11943855021, 81.1056888907, 0.68779179302, 99.7096113383, 2.36088821989, 1.51043058428, 1.13168270054, 11.8876038439, 0.0238953925758, 0.225
0.127559867714, 1.11943855021, 80.2140463124, 0.6856408678, 79.248101909, 2.36088821989, 1.89769269767, 1.13168270054, 14.5280318683, 0.0231753812181, 0.409836065574
0.127559867714, 0.84455479243, 93.005845748, 0.525751464997, 36.2829907057, 4.28599755389, 0.987081811751, 0.782048422418, 13.4739241085, 0.0243164407918, 0.0
0.127559867714, 1.11558527694, 82.3332639927, 0.485871047958, 36.2829907057, 2.36088821989, 1.68972135558, 3.6177269419, 16.6923528276, 0.0236461384506, 0.410714285714
0.127559867714, 1.11943855021, 93.005845748, 0.485871047958, 36.2829907057, 2.36088821989, 1.32225321457, 1.83502008836, 1.78473138781, 0.0235501662248, 0.469565217391
0.438427699934, 0.94446650871, 82.3332639927, 0.590268061206, 72.0863391973, 1.2115106091, 1.85648619612, 1.02128478533, 16.6923528276, 0.024522428147, 0.0
0.210261712378, 1.00184892436, 86.4407367705, 0.651258454984, 15.9873140229, 1.20243383377, 0.666220046612, 1.20417858097, 5.42271732315, 0.0243098490279, 0.52380952381
0.411689996071, 1.09271806374, 92.509067701, 0.525751464997, 4.31711135005, 1.34854772164, 0.987081811751, 0.139043229585, 1.05807252593, 0.0245361676975, 0.0
