3.0, -1.0, -1.0, 1.0, 0.0, 0.0, -1.0, 0.0, 2.0, 1.0, -1.0, -1.0, 2.0, 3.0, 0.0, 2.0, 2.0, 2.0, 1.0, 3.0, 2.0, 3.0, 3.0, 1.0, 1.0, 0.0, 1.0, 0.0, 0.0, 0.0, 2.0, -1.0, 1.0, 3.0, -1.0, 0.0, 1.0, -1.0, -1.0, -1.0, 0.0, -1.0, 2.0, 1.0, -1.0, -1.0, 0.0, -1.0, -1.0, -1.0, 495.0, 99590.0
3.0, -1.0, -1.0, 1.0, 0.0, 0.0, -1.0, 0.0, 2.0, 1.0, -1.0, -1.0, 2.0, 3.0, 0.0, 2.0, 2.0, 2.0, 1.0, 3.0, 2.0, 3.0, 3.0, 1.0, 1.0, 0.0, 1.0, 0.0, 0.0, 0.0, 2.0, -1.0, 1.0, 3.0, -1.0, 0.0, 1.0, -1.0, -1.0, -1.0, 0.0, -1.0, 2.0, 1.0, -1.0, -1.0, 0.0, -1.0, -1.0, -1.0, 495.0, 99590.0
2.0, 3.0, 0.0, 1.0, -1.0, 0.0, 1.0, 2.0, 3.0, -1.0, 1.0, 2.0, 1.0, -1.0, 1.0, 0.0, 0.0, 0.0, 1.0, 1.0, 2.0, 3.0, 3.0, -1.0, -1.0, 1.0, 0.0, 0.0, 1.0, 0.0, 2.0, 2.0, -1.0, 3.0, 3.0, 2.0, -1.0, 0.0, -1.0, 0.0, -1.0, 3.0, -1.0, -1.0, 1.0, 2.0, 1.0, 2.0, -1.0, -1.0, 530.0, 99542.0
-1.0, 0.0, 2.0, 1.0, -1.0, -1.0, 1.0, 2.0, 1.0, 2.0, 1.0, -1.0, 2.0, 1.0, 0.0, 2.0, -1.0, 1.0, 3.0, 2.0, -1.0, 1.0, 3.0, -1.0, 2.0, 0.0, -1.0, 3.0, 3.0, 3.0, 2.0, 0.0, 3.0, 0.0, 3.0, 3.0, 0.0, 1.0, 0.0, -1.0, -1.0, 1.0, 2.0, 2.0, 0.0, -1.0, -1.0, -1.0, 0.0, -1.0, 513.0, 99562.0
-1.0, 0.0, 2.0, 1.0, -1.0, -1.0, 1.0, 2.0, 1.0, 2.0, 1.0, -1.0, 2.0, 1.0, 0.0, 2.0, -1.0, 1.0, 3.0, 2.0, -1.0, 1.0, 3.0, -1.0, 2.0, 0.0, -1.0, 3.0, 3.0, 3.0, 2.0, 0.0, 1.0, 0.0, 3.0, 3.0, 0.0, 1.0, 0.0, -1.0, -1.0, 1.0, 2.0, 2.0, 0.0, -1.0, -1.0, -1.0, 0.0, -1.0, 513.0, 99562.0
3.0, 0.0, 1.0, -1.0, -1.0, -1.0, -1.0, 1.0, -1.0, 1.0, 2.0, -1.0, -1.0, -1.0, 2.0, 0.0, 2.0, 1.0, -1.0, 2.0, -1.0, 2.0, 3.0, 1.0, -1.0, 3.0, 1.0, 1.0, 3.0, 0.0, 1.0, -1.0, 2.0, 2.0, 0.0, 2.0, -1.0, 3.0, 1.0, 0.0, -1.0, 1.0, -1.0, 1.0, 2.0, 0.0, 0.0, 3.0, 3.0, 2.0, 511.0, 99577.0
0.0, 1.0, 1.0, 1.0, 2.0, 2.0, -1.0, 1.0, 3.0, 2.0, 2.0, 2.0, 2.0, 1.0, 2.0, -1.0, 0.0, 0.0, -1.0, 1.0, 3.0, 3.0, -1.0, 3.0, -1.0, 1.0, 0.0, 0.0, -1.0, 1.0, 0.0, -1.0, 0.0, 3.0, -1.0, -1.0, 3.0, -1.0, 1.0, 0.0, -1.0, -1.0, 1.0, 1.0, 0.0, -1.0, 2.0, 3.0, -1.0, -1.0, 504.0, 99589.0
2.0, 0.0, 0.0, 3.0, 1.0, -1.0, -1.0, 3.0, 1.0, -1.0, 2.0, 2.0, 1.0, 3.0, 1.0, 1.0, 3.0, 0.0, 3.0, 1.0, 0.0, -1.0, 2.0, 0.0, 3.0, 3.0, 2.0, 3.0, 1.0, 2.0, -1.0, -1.0, 1.0, -1.0, -1.0, 2.0, 0.0, 0.0, 2.0, 1.0, 1.0, 3.0, 0.0, -1.0, -1.0, 2.0, 1.0, 3.0, 0.0, 2.0, 575.0, 99509.0
1.0, 1.0, 0.0, 3.0, 2.0, -1.0, -1.0, 3.0, 1.0, -1.0, 2.0, 2.0, 1.0, 3.0, 1.0, 0.0, 3.0, 0.0, 3.0, 0.0, 0.0, 3.0, 2.0, 0.0, 3.0, 3.0, 2.0, 3.0, 1.0, 2.0, -1.0, -1.0, 1.0, -1.0, -1.0, 2.0, 1.0, 0.0, 2.0, 1.0, 1.0, 2.0, 0.0, -1.0, -1.0, 2.0, 1.0, 3.0, 0.0, 2.0, 594.0, 99496.0
3.0, 0.0, 1.0, -1.0, -1.0, -1.0, -1.0, 1.0, -1.0, 1.0, 2.0, -1.0, -1.0, -1.0, 2.0, 0.0, 2.0, 1.0, -1.0, 2.0, -1.0, 2.0, 3.0, 1.0, -1.0, 3.0, 1.0, 1.0, 3.0, 0.0, 1.0, -1.0, 2.0, 2.0, 0.0, 2.0, -1.0, 3.0, 1.0, 0.0, -1.0, 1.0, -1.0, 1.0, 2.0, 0.0, 0.0, 3.0, 3.0, 2.0, 511.0, 99577.0
1.0, 1.0, 0.0, 3.0, 2.0, -1.0, -1.0, 3.0, 1.0, -1.0, 2.0, 2.0, 1.0, 3.0, 1.0, 0.0, 3.0, 0.0, 3.0, 0.0, 0.0, 3.0, 2.0, 0.0, 3.0, 3.0, 2.0, 3.0, 1.0, 2.0, -1.0, -1.0, 1.0, -1.0, -1.0, 2.0, 1.0, 0.0, 2.0, 1.0, 1.0, 2.0, 0.0, -1.0, -1.0, 2.0, 1.0, 3.0, 0.0, 2.0, 594.0, 99496.0
2.0, 0.0, 0.0, 3.0, 1.0, -1.0, -1.0, 3.0, 1.0, -1.0, 2.0, 2.0, 1.0, 3.0, 1.0, 1.0, 3.0, 0.0, 3.0, 1.0, 0.0, -1.0, 2.0, 0.0, 3.0, 3.0, 2.0, 3.0, 1.0, 2.0, -1.0, -1.0, 1.0, -1.0, -1.0, 2.0, 0.0, 0.0, 2.0, 1.0, 1.0, 3.0, 0.0, -1.0, -1.0, 2.0, 1.0, 3.0, 0.0, 2.0, 575.0, 99509.0
0.0, 1.0, 1.0, 1.0, 2.0, 2.0, -1.0, 1.0, 3.0, 2.0, 2.0, 2.0, 2.0, 1.0, 2.0, -1.0, 0.0, 0.0, -1.0, 1.0, 3.0, 3.0, -1.0, 3.0, -1.0, 1.0, 0.0, 0.0, -1.0, 1.0, 0.0, -1.0, 0.0, 3.0, -1.0, -1.0, 3.0, -1.0, 1.0, 0.0, -1.0, -1.0, 1.0, 1.0, 0.0, -1.0, 2.0, 3.0, -1.0, -1.0, 504.0, 99589.0
2.0, 1.0, 0.0, 3.0, 2.0, -1.0, -1.0, 3.0, 1.0, -1.0, 2.0, 2.0, 1.0, 3.0, 1.0, 0.0, 3.0, 0.0, 3.0, 1.0, 0.0, -1.0, 2.0, 0.0, 3.0, 3.0, 2.0, 3.0, 1.0, 0.0, -1.0, -1.0, 1.0, -1.0, -1.0, 2.0, 0.0, 0.0, 2.0, 1.0, 1.0, 1.0, -1.0, -1.0, -1.0, 2.0, 1.0, 3.0, 0.0, 2.0, 558.0, 99523.0
3.0, -1.0, -1.0, 1.0, 0.0, 0.0, -1.0, 0.0, 2.0, 1.0, -1.0, -1.0, 2.0, 3.0, 0.0, 2.0, 2.0, 2.0, 1.0, 3.0, 2.0, 3.0, 3.0, 1.0, 1.0, 0.0, 1.0, 0.0, 0.0, 0.0, 2.0, -1.0, 1.0, 3.0, -1.0, 0.0, 1.0, -1.0, -1.0, -1.0, 0.0, -1.0, 2.0, 1.0, -1.0, -1.0, 0.0, -1.0, -1.0, -1.0, 495.0, 99590.0
3.0, -1.0, -1.0, 1.0, 0.0, 0.0, -1.0, 0.0, 2.0, 1.0, -1.0, -1.0, 2.0, 3.0, 0.0, 2.0, 2.0, 2.0, 1.0, 3.0, 2.0, 3.0, 3.0, 1.0, 1.0, 0.0, 1.0, 0.0, 0.0, 0.0, 2.0, -1.0, 1.0, 3.0, -1.0, 0.0, 1.0, -1.0, -1.0, -1.0, 0.0, -1.0, 2.0, 1.0, -1.0, -1.0, 0.0, -1.0, -1.0, -1.0, 495.0, 99590.0
3.0, -1.0, -1.0, 1.0, 0.0, 0.0, -1.0, 0.0, 2.0, 1.0, -1.0, -1.0, 2.0, 3.0, 0.0, 2.0, 2.0, 2.0, 1.0, 3.0, 2.0, 3.0, 3.0, 1.0, 1.0, 0.0, 1.0, 0.0, 0.0, 0.0, 2.0, -1.0, 1.0, 3.0, -1.0, 0.0, 1.0, -1.0, -1.0, -1.0, 0.0, -1.0, 2.0, 1.0, -1.0, -1.0, 0.0, -1.0, -1.0, -1.0, 495.0, 99590.0
3.0, -1.0, -1.0, 1.0, 0.0, 0.0, -1.0, 0.0, 2.0, 1.0, -1.0, -1.0, 2.0, 3.0, 0.0, 2.0, 2.0, 2.0, 1.0, 3.0, 2.0, 3.0, 3.0, 1.0, 1.0, 0.0, 1.0, 0.0, 0.0, 0.0, 2.0, -1.0, 1.0, 3.0, -1.0, 0.0, 1.0, -1.0, -1.0, -1.0, 0.0, -1.0, 2.0, 1.0, -1.0, -1.0, 0.0, -1.0, -1.0, -1.0, 495.0, 99590.0
3.0, -1.0, -1.0, 1.0, 0.0, 0.0, -1.0, 0.0, 2.0, 1.0, -1.0, -1.0, 2.0, 3.0, 0.0, 2.0, 2.0, 2.0, 1.0, 3.0, 2.0, 3.0, 3.0, 1.0, 1.0, 0.0, 1.0, 0.0, 0.0, 0.0, 2.0, -1.0, 1.0, 3.0, -1.0, 0.0, 1.0, -1.0, -1.0, -1.0, 0.0, -1.0, 2.0, 1.0, -1.0, -1.0, 0.0, -1.0, -1.0, -1.0, 495.0, 99590.0
3.0, -1.0, -1.0, 1.0, 0.0, 0.0, -1.0, 0.0, 2.0, 1.0, -1.0, -1.0, 2.0, 3.0, 0.0, 2.0, 2.0, 2.0, 1.0, 3.0, 2.0, 3.0, 3.0, 1.0, 1.0, 0.0, 1.0, 0.0, 0.0, 0.0, 2.0, -1.0, 1.0, 3.0, -1.0, 0.0, 1.0, -1.0, -1.0, -1.0, 0.0, -1.0, 2.0, 1.0, -1.0, -1.0, 0.0, -1.0, -1.0, -1.0, 495.0, 99590.0
3.0, -1.0, -1.0, 1.0, 0.0, 0.0, -1.0, 0.0, 2.0, 1.0, -1.0, -1.0, 2.0, 3.0, 0.0, 2.0, 2.0, 2.0, 1.0, 3.0, 2.0, 3.0, 3.0, 1.0, 1.0, 0.0, 1.0, 0.0, 0.0, 0.0, 2.0, -1.0, 1.0, 3.0, -1.0, 0.0, 1.0, -1.0, -1.0, -1.0, 0.0, -1.0, 2.0, 1.0, -1.0, -1.0, 0.0, -1.0, -1.0, -1.0, 495.0, 99590.0
3.0, -1.0, -1.0, 1.0, 0.0, 0.0, -1.0, 0.0, 2.0, 1.0, -1.0, -1.0, 2.0, 3.0, 0.0, 2.0, 2.0, 2.0, 1.0, 3.0, 2.0, 3.0, 3.0, 1.0, 1.0, 0.0, 1.0, 0.0, 0.0, 0.0, 2.0, -1.0, 1.0, 3.0, -1.0, 0.0, 1.0, -1.0, -1.0, -1.0, 0.0, -1.0, 2.0, 1.0, -1.0, -1.0, 0.0, -1.0, -1.0, -1.0, 495.0, 99590.0
3.0, -1.0, -1.0, 1.0, 0.0, 0.0, -1.0, 0.0, 2.0, 1.0, -1.0, -1.0, 2.0, 3.0, 0.0, 2.0, 2.0, 2.0, 1.0, 3.0, 2.0, 3.0, 3.0, 1.0, 1.0, 0.0, 1.0, 0.0, 0.0, 0.0, 2.0, -1.0, 1.0, 3.0, -1.0, 0.0, 1.0, -1.0, -1.0, -1.0, 0.0, -1.0, 2.0, 1.0, -1.0, -1.0, 0.0, -1.0, -1.0, -1.0, 495.0, 99590.0
3.0, -1.0, -1.0, 1.0, 0.0, 0.0, -1.0, 0.0, 2.0, 1.0, -1.0, -1.0, 2.0, 3.0, 0.0, 2.0, 2.0, 2.0, 1.0, 3.0, 2.0, 3.0, 3.0, 1.0, 1.0, 0.0, 1.0, 0.0, 0.0, 0.0, 2.0, -1.0, 1.0, 3.0, -1.0, 0.0, 1.0, -1.0, -1.0, -1.0, 0.0, -1.0, 2.0, 1.0, -1.0, -1.0, 0.0, -1.0, -1.0, -1.0, 495.0, 99590.0
3.0, -1.0, -1.0, 1.0, 0.0, 0.0, -1.0, 0.0, 2.0, 1.0, -1.0, -1.0, 2.0, 3.0, 0.0, 2.0, 2.0, 2.0, 1.0, 3.0, 2.0, 3.0, 3.0, 1.0, 1.0, 0.0, 1.0, 0.0, 0.0, 0.0, 2.0, -1.0, 1.0, 3.0, -1.0, 0.0, 1.0, -1.0, -1.0, -1.0, 0.0, -1.0, 2.0, 1.0, -1.0, -1.0, 0.0, -1.0, -1.0, -1.0, 495.0, 99590.0
3.0, -1.0, -1.0, 1.0, 0.0, 0.0, -1.0, 0.0, 2.0, 1.0, -1.0, -1.0, 2.0, 3.0, 0.0, 2.0, 2.0, 2.0, 1.0, 3.0, 2.0, 3.0, 3.0, 1.0, 1.0, 0.0, 1.0, 0.0, 0.0, 0.0, 2.0, -1.0, 1.0, 3.0, -1.0, 0.0, 1.0, -1.0, -1.0, -1.0, 0.0, -1.0, 2.0, 1.0, -1.0, -1.0, 0.0, -1.0, -1.0, -1.0, 495.0, 99590.0
3.0, -1.0, -1.0, 1.0, 0.0, 0.0, -1.0, 0.0, 2.0, 1.0, -1.0, -1.0, 2.0, 3.0, 0.0, 2.0, 2.0, 2.0, 1.0, 3.0, 2.0, 3.0, 3.0, 1.0, 1.0, 0.0, 1.0, 0.0, 0.0, 0.0, 2.0, -1.0, 1.0, 3.0, -1.0, 0.0, 1.0, -1.0, -1.0, -1.0, 0.0, -1.0, 2.0, 1.0, -1.0, -1.0, 0.0, -1.0, -1.0, -1.0, 495.0, 99590.0
3.0, -1.0, -1.0, 1.0, 0.0, 0.0, -1.0, 0.0, 2.0, 1.0, -1.0, -1.0, 2.0, 3.0, 0.0, 2.0, 2.0, 2.0, 1.0, 3.0, 2.0, 3.0, 3.0, 1.0, 1.0, 0.0, 1.0, 0.0, 0.0, 0.0, 2.0, -1.0, 1.0, 3.0, -1.0, 0.0, 1.0, -1.0, -1.0, -1.0, 0.0, -1.0, 2.0, 1.0, -1.0, -1.0, 0.0, -1.0, -1.0, -1.0, 495.0, 99590.0
1.0, 1.0, 0.0, 3.0, 2.0, -1.0, -1.0, 3.0, 1.0, -1.0, 2.0, 2.0, 1.0, 3.0, 1.0, 0.0, 3.0, 0.0, 3.0, 0.0, 0.0, 3.0, 2.0, 0.0, 3.0, 3.0, 2.0, 3.0, 1.0, 2.0, -1.0, -1.0, 1.0, -1.0, -1.0, 2.0, 1.0, 0.0, 2.0, 1.0, 1.0, 2.0, 0.0, -1.0, -1.0, 2.0, 1.0, 3.0, 0.0, 2.0, 594.0, 99496.0
1.0, 1.0, 0.0, 3.0, 2.0, -1.0, -1.0, 3.0, 1.0, -1.0, 2.0, 2.0, 1.0, 3.0, 1.0, 0.0, 3.0, 0.0, 3.0, 0.0, 0.0, 3.0, 2.0, 0.0, 3.0, 3.0, 2.0, 3.0, 1.0, 2.0, -1.0, -1.0, 1.0, -1.0, -1.0, 2.0, 1.0, 0.0, 2.0, 1.0, 1.0, 2.0, 0.0, -1.0, -1.0, 2.0, 1.0, 3.0, 0.0, 2.0, 594.0, 99496.0
2.0, 1.0, 0.0, 3.0, 2.0, -1.0, -1.0, 3.0, 1.0, -1.0, 2.0, 2.0, 1.0, 3.0, 1.0, 0.0, 3.0, 0.0, 3.0, 1.0, 0.0, -1.0, 2.0, 0.0, 3.0, 3.0, 2.0, 3.0, 1.0, 0.0, -1.0, -1.0, 1.0, -1.0, -1.0, 2.0, 0.0, 0.0, 2.0, 1.0, 1.0, 1.0, -1.0, -1.0, -1.0, 2.0, 1.0, 3.0, 0.0, 2.0, 558.0, 99523.0
0.0, 1.0, 1.0, 1.0, 2.0, 2.0, -1.0, 1.0, 3.0, 2.0, 2.0, 2.0, 2.0, 1.0, 2.0, -1.0, 0.0, 0.0, -1.0, 1.0, 3.0, 3.0, -1.0, 3.0, -1.0, 1.0, 0.0, 0.0, -1.0, 1.0, 0.0, -1.0, 0.0, 3.0, -1.0, -1.0, 3.0, -1.0, 1.0, 0.0, -1.0, -1.0, 1.0, 1.0, 0.0, -1.0, 2.0, 3.0, -1.0, -1.0, 504.0, 99589.0
0.0, 1.0, 1.0, 1.0, 2.0, 2.0, -1.0, 1.0, 3.0, 2.0, 2.0, 2.0, 2.0, 1.0, 2.0, -1.0, 0.0, 0.0, -1.0, 1.0, 3.0, 3.0, -1.0, 3.0, -1.0, 1.0, 0.0, 0.0, -1.0, 1.0, 0.0, -1.0, 0.0, 3.0, -1.0, -1.0, 3.0, -1.0, 1.0, 0.0, -1.0, -1.0, 1.0, 1.0, 0.0, -1.0, 2.0, 3.0, -1.0, -1.0, 504.0, 99589.0
0.0, 1.0, 1.0, 1.0, 2.0, 2.0, -1.0, 1.0, 3.0, 2.0, 2.0, 2.0, 2.0, 1.0, 2.0, -1.0, 0.0, 0.0, -1.0, 1.0, 3.0, 3.0, -1.0, 3.0, -1.0, 1.0, 0.0, 0.0, -1.0, 1.0, 0.0, -1.0, 0.0, 3.0, -1.0, -1.0, 3.0, -1.0, 1.0, 0.0, -1.0, -1.0, 1.0, 1.0, 0.0, -1.0, 2.0, 3.0, -1.0, -1.0, 504.0, 99589.0
0.0, 1.0, 1.0, 1.0, 2.0, 2.0, -1.0, 1.0, 3.0, 2.0, 2.0, 2.0, 2.0, 1.0, 2.0, -1.0, 0.0, 0.0, -1.0, 1.0, 3.0, 3.0, -1.0, 3.0, -1.0, 1.0, 0.0, 0.0, -1.0, 1.0, 0.0, -1.0, 0.0, 3.0, -1.0, -1.0, 3.0, -1.0, 1.0, 0.0, -1.0, -1.0, 1.0, 1.0, 0.0, -1.0, 2.0, 3.0, -1.0, -1.0, 504.0, 99589.0
0.0, 1.0, 1.0, 1.0, 2.0, 2.0, -1.0, 1.0, 3.0, 2.0, 2.0, 2.0, 2.0, 1.0, 2.0, -1.0, 0.0, 0.0, -1.0, 1.0, 3.0, 3.0, -1.0, 3.0, -1.0, 1.0, 0.0, 0.0, -1.0, 1.0, 0.0, -1.0, 0.0, 3.0, -1.0, -1.0, 3.0, -1.0, 1.0, 0.0, -1.0, -1.0, 1.0, 1.0, 0.0, -1.0, 2.0, 3.0, -1.0, -1.0, 504.0, 99589.0
