0.206304100633, 0.904100458396, 85.133293966, 0.684756029204, 52.5823745807, 1.25170532937, 1.64517738259, 0.625879240781, 4.70768856222, 3411.81918981, 0.00856607690984
0.169073582673, 0.8321906501, 89.7551791509, 0.412152909392, 98.6117737322, 5.00167378559, 0.479146962558, 0.625879240781, 3.50496496775, 1911.51712779, 0.0161012781253
0.169073582673, 0.8321906501, 81.6608248337, 0.412152909392, 97.6499130706, 5.00167378559, 0.555483866454, 3.89790274512, 3.50496496775, 1375.97437649, 0.0175229478758
0.862316671436, 0.822385534326, 87.3755504864, 0.625094782643, 2.54826076885, 45.4180819037, 0.534118888601, 3.97979263114, 13.0430609503, 3508.60723095, 0.0
0.237543533612, 0.868728935727, 84.9518468976, 0.471379103831, 80.7292011298, 1.25170532937, 0.555483866454, 4.99982133121, 4.70768856222, 1265.4466769, 0.0205287122833
0.499814795817, 0.822005832641, 83.4346135154, 0.619120690818, 54.2085539333, 2.34047943481, 0.894952325822, 1.13684163007, 8.42289639631, 1175.38078414, 0.154738405924
0.160644563124, 0.820457372253, 92.2441045601, 0.679103794337, 71.9652054865, 1.21622376957, 0.479146962558, 0.17883086542, 13.0430609503, 2624.65953569, 0.00896036488945
0.206304100633, 0.862316760164, 93.8874452088, 0.504748432468, 45.4167427693, 1.49657428735, 0.762929715001, 3.39388986565, 12.2802984726, 2121.21815255, 0.00911399412561
0.237543533612, 0.868728935727, 89.3196453023, 0.449745103917, 80.7292011298, 5.10849742843, 0.652304117124, 4.99984196679, 13.1046157553, 1257.80323564, 0.0911728433854
0.748812761523, 0.8321906501, 81.6608248337, 0.534228808966, 97.6499130706, 5.00167378559, 0.479146962558, 3.99874915177, 4.70768856222, 1111.6398531, 0.307468811314
0.871530823842, 0.82652655774, 84.066192802, 0.566066767956, 66.8883419059, 16.7210151561, 0.548139149499, 3.11291239115, 2.31921886204, 1156.05524406, 0.38099018069
0.151386288166, 0.897892459527, 81.6159216863, 0.684756029204, 52.5823745807, 1.25170532937, 1.64517738259, 3.32859657632, 6.7611360173, 3993.24155578, 0.00594851492798
0.206304100633, 0.904100458396, 85.133293966, 0.684756029204, 52.5823745807, 1.25170532937, 1.53365101554, 0.625879240781, 4.70768856222, 3975.04985569, 0.00745060356327
0.863445615772, 0.822270617055, 81.4861781403, 0.56525712692, 21.0185247165, 30.6120322857, 0.0481474164514, 2.40190148759, 4.34535872701, 1221.23449605, 0.465147584235
0.151386288166, 0.904100458396, 85.2032084199, 0.698058774009, 74.5383427719, 1.11259434479, 1.64517738259, 0.625879240781, 4.70768856222, 4294.67382781, 0.00677739076833
0.151386288166, 0.904100458396, 85.2032084199, 0.684756029204, 52.5823745807, 1.05894997244, 0.0936825226676, 0.625879240781, 2.50027257341, 2233.55848019, 0.0143876976812
0.151386288166, 0.904100458396, 85.2032084199, 0.684756029204, 74.5383427719, 1.11259434479, 1.64517738259, 0.625879240781, 4.70768856222, 5294.60562938, 0.00681682288347
0.206304100633, 0.904100458396, 85.133293966, 0.684756029204, 52.5823745807, 1.25170532937, 1.64517738259, 0.625879240781, 4.70768856222, 5547.82569166, 0.00682310349428
0.160644563124, 0.822385534326, 92.2441045601, 0.679103794337, 37.2353636033, 1.21622376957, 0.479146962558, 0.17883086542, 5.28535136806, 2644.739636, 0.0102467788834
0.151386288166, 0.904100458396, 85.2032084199, 0.684756029204, 52.5823745807, 1.05894997244, 0.0936825226676, 1.11976909712, 2.50027257341, 2674.10255913, 0.00933274191838
0.886559508065, 0.822270617055, 85.7899837679, 0.56525712692, 21.0185247165, 6.97532119621, 0.842335119688, 2.40190148759, 6.38187684801, 1296.13537325, 0.222048791309
0.886559508065, 0.822270617055, 85.7899837679, 0.56525712692, 21.0185247165, 6.97532119621, 0.842335119688, 2.40190148759, 6.38187684801, 1314.05429546, 0.21404308694
0.169073582673, 0.8321906501, 81.6608248337, 0.532929581524, 99.226226177, 2.2294672316, 0.479146962558, 3.89790274512, 3.50496496775, 1642.17500705, 0.0214583128372
0.169073582673, 0.8321906501, 81.6608248337, 0.412152909392, 97.6499130706, 2.39038545654, 0.555483866454, 3.89790274512, 3.50496496775, 1446.04244437, 0.0405880012143
0.499814795817, 0.822005832641, 83.8496597183, 0.619120690818, 54.2085539333, 15.4274776095, 0.894952325822, 1.65338682236, 19.6278942176, 1297.65393234, 0.354770400586
0.206304100633, 1.17077832129, 88.2554675994, 0.629371064847, 73.9716917957, 1.25170532937, 1.64517738259, 2.15224205251, 4.70768856222, 13583.5851734, 0.00872961112963
0.1540767175, 0.822385534326, 81.7588235913, 0.414237702907, 59.7182509017, 1.49657428735, 0.906105149976, 3.99874915177, 16.4669507243, 2652.83701421, 0.0141546249851
0.169073582673, 0.8321906501, 81.6608248337, 0.412152909392, 97.6499130706, 5.00167378559, 0.479146962558, 3.89790274512, 3.50496496775, 1497.10654353, 0.083179997958
0.118889157006, 0.8321906501, 81.6608248337, 0.532929581524, 19.230490124, 1.25170532937, 0.479146962558, 4.99982133121, 3.50496496775, 2193.43516843, 0.0179128389992
0.198386333676, 0.822385534326, 81.7588235913, 0.532929581524, 59.7182509017, 2.34047943481, 0.906105149976, 3.99874915177, 9.35892465267, 1852.26835998, 0.0332063368687
0.169073582673, 0.868728935727, 82.7715812459, 0.471379103831, 3.80922154095, 4.49370137505, 0.555483866454, 4.45997419916, 5.28535136806, 1712.58518786, 0.0378345545044
0.198386333676, 0.904100458396, 86.6412745936, 0.684756029204, 15.1051406216, 1.25170532937, 1.64517738259, 3.89790274512, 3.50496496775, 3388.13934812, 0.0104373631044
0.151386288166, 0.904100458396, 85.2032084199, 0.684756029204, 52.5823745807, 1.11259434479, 1.64517738259, 0.625879240781, 4.70768856222, 3509.02639469, 0.00988304660971
0.261503136777, 0.862316760164, 87.23068988, 0.657258114409, 40.8640439101, 12.5189818295, 0.765839423353, 3.32859657632, 6.38187684801, 1543.33532942, 0.103914570927
0.198386333676, 0.851163520842, 91.094905622, 0.46641312185, 63.157201314, 11.2700293597, 0.922703768374, 3.39388986565, 13.1177777178, 1552.33332139, 0.127163485577
0.151386288166, 0.879152613734, 80.5182899213, 0.684756029204, 52.5823745807, 1.08976600626, 1.64517738259, 2.11030973984, 2.13228523871, 3475.85606006, 0.0112283954992
0.118889157006, 0.8321906501, 81.6608248337, 0.532929581524, 19.230490124, 3.99643390429, 0.479146962558, 3.89790274512, 3.50496496775, 1862.6790716, 0.0390460873003
0.23648625068, 0.868728935727, 84.9518468976, 0.471379103831, 80.7292011298, 1.25170532937, 0.555483866454, 4.99982133121, 4.70768856222, 2330.7096987, 0.0181046861853
0.169073582673, 0.8321906501, 81.6608248337, 0.412152909392, 99.226226177, 5.00167378559, 0.479146962558, 3.89790274512, 3.50496496775, 1794.41155936, 0.0620498686355
0.237543533612, 0.8321906501, 87.3755504864, 0.625094782643, 2.54826076885, 2.57518636238, 0.534118888601, 3.97979263114, 19.5898125495, 1566.04131342, 0.136062909015
0.206304100633, 0.862316760164, 93.8874452088, 0.504748432468, 45.4167427693, 1.21622376957, 0.762929715001, 3.39388986565, 12.2802984726, 3153.07577796, 0.0148575391228
0.105547617228, 0.868728935727, 82.7715812459, 0.471379103831, 3.80922154095, 4.49370137505, 0.555483866454, 4.45997419916, 5.28535136806, 2086.14065578, 0.0351617544566
0.748812761523, 0.868728935727, 80.5182899213, 0.471379103831, 10.0737983304, 4.49370137505, 0.555483866454, 3.32859657632, 6.63782730639, 1505.76847558, 0.278070566183
0.871530823842, 0.82652655774, 84.066192802, 0.566066767956, 66.8883419059, 16.7210151561, 0.548139149499, 3.11291239115, 2.31921886204, 1492.79118713, 0.44837860872
0.169073582673, 0.8321906501, 81.6608248337, 0.412152909392, 97.6499130706, 5.00167378559, 0.555483866454, 3.89790274512, 3.50496496775, 1823.34939927, 0.0724487488458
0.111938653649, 0.851163520842, 85.133293966, 0.532929581524, 45.4167427693, 16.2966788946, 0.906105149976, 3.39388986565, 13.1177777178, 1724.69935984, 0.0842885700448
0.237543533612, 0.868728935727, 89.3196453023, 0.449745103917, 80.7292011298, 5.10849742843, 0.652304117124, 4.99984196679, 13.1046157553, 1854.03463955, 0.0615603877415
0.218175332166, 0.880370703004, 94.6533500379, 0.526067298983, 74.5383427719, 1.49657428735, 1.88871908489, 0.677182070074, 16.4669507243, 6271.53992015, 0.00957197490754
0.237543533612, 0.84778623602, 84.9518468976, 0.471379103831, 80.7292011298, 1.25170532937, 0.555483866454, 4.99982133121, 4.70768856222, 2170.568464, 0.0215857608408
0.169073582673, 0.822385534326, 91.0488038461, 0.412152909392, 97.6499130706, 5.00167378559, 0.555483866454, 3.44598809387, 3.50496496775, 2127.25654074, 0.0220617166021
0.862316671436, 0.868728935727, 84.9518468976, 0.471379103831, 80.7292011298, 1.25170532937, 0.555483866454, 4.99982133121, 4.70768856222, 1662.23927898, 0.111986597775
0.151386288166, 0.904100458396, 80.5182899213, 0.526067298983, 52.5823745807, 1.11259434479, 1.64517738259, 3.32859657632, 4.70768856222, 4535.41890364, 0.0100951863275
0.862316671436, 0.8321906501, 87.3755504864, 0.625094782643, 2.54826076885, 2.57518636238, 0.534118888601, 3.97979263114, 13.0430609503, 1639.07408738, 0.195523779571
0.368246204141, 0.868728935727, 88.2554675994, 0.471379103831, 50.0414818641, 1.25170532937, 0.479146962558, 4.99982133121, 1.31604833236, 3145.72212655, 0.0165834698706
0.151386288166, 0.904100458396, 85.2032084199, 0.698058774009, 74.5383427719, 1.11259434479, 1.64517738259, 0.625879240781, 4.70768856222, 4238.94774272, 0.0102939290944
0.151386288166, 0.904100458396, 85.2032084199, 0.684756029204, 52.5823745807, 1.11259434479, 1.30388617493, 0.625879240781, 2.50027257341, 3446.17765757, 0.0146174483778
0.151386288166, 0.904100458396, 85.2032084199, 0.684756029204, 74.5383427719, 1.05052141662, 1.64517738259, 0.625879240781, 4.70768856222, 3718.2455907, 0.0117838295403
0.169073582673, 0.8321906501, 85.2032084199, 0.412152909392, 97.6499130706, 2.39038545654, 0.555483866454, 3.89790274512, 3.50496496775, 2164.79581397, 0.0261312864493
0.588464755442, 0.822385534326, 81.6608248337, 0.412152909392, 99.226226177, 2.34047943481, 0.906105149976, 3.99874915177, 3.50496496775, 1845.73306306, 0.089771715125
0.862316671436, 0.822385534326, 87.3755504864, 0.625094782643, 0.793371000369, 47.6553011672, 0.534118888601, 3.97979263114, 6.38187684801, 1571.27894089, 0.32156933471
0.169073582673, 0.8321906501, 81.6608248337, 0.412152909392, 97.6499130706, 5.00167378559, 0.479146962558, 3.89790274512, 3.50496496775, 1874.28454868, 0.0685734058037
0.206304100633, 0.904100458396, 85.133293966, 0.684756029204, 52.5823745807, 1.25170532937, 0.796075424675, 3.89790274512, 7.14022730315, 2395.6039566, 0.0209973143459
0.111938653649, 0.851163520842, 81.6608248337, 0.532929581524, 45.4167427693, 16.2966788946, 0.906105149976, 3.39388986565, 9.30389639914, 1747.74505704, 0.12034293099
0.237543533612, 0.868728935727, 84.9518468976, 0.471379103831, 80.7292011298, 1.25170532937, 0.555483866454, 4.99982133121, 4.70768856222, 2048.03277913, 0.0473079863703
0.169073582673, 0.822385534326, 91.0488038461, 0.412152909392, 97.6499130706, 5.00167378559, 0.555483866454, 3.44598809387, 3.50496496775, 1914.53088666, 0.0560126677528
0.169073582673, 0.8321906501, 81.6608248337, 0.412152909392, 97.7541676535, 5.00167378559, 0.479146962558, 3.89790274512, 4.96532272319, 1919.99591317, 0.0523119094828
0.237543533612, 0.833882936798, 89.3196453023, 0.449745103917, 80.7292011298, 5.10849742843, 0.652304117124, 4.99984196679, 13.1046157553, 1869.98778444, 0.0829327579175
0.151386288166, 0.880370703004, 94.6533500379, 0.684756029204, 74.5383427719, 1.49657428735, 1.88871908489, 0.677182070074, 16.4669507243, 3986.40782865, 0.0128849654971
0.863445615772, 0.830606683234, 80.3926112961, 0.685900432321, 43.2241153973, 45.0330295277, 0.842335119688, 1.8745993206, 4.34535872701, 1587.67965601, 0.448017949076
0.169073582673, 0.8321906501, 89.7551791509, 0.412152909392, 98.6117737322, 5.00167378559, 0.479146962558, 0.625879240781, 3.50496496775, 2119.40095336, 0.0449437857363
0.169073582673, 0.8321906501, 86.3515067919, 0.412152909392, 98.8018581672, 4.34969070438, 0.479146962558, 3.89790274512, 4.96532272319, 2178.46295331, 0.0264460338553
0.845622043187, 0.868728935727, 80.5182899213, 0.471379103831, 10.0737983304, 4.49370137505, 0.555483866454, 3.32859657632, 6.63782730639, 1659.13378328, 0.231045882601
0.797814956869, 0.830606683234, 80.3926112961, 0.685900432321, 43.2241153973, 45.0330295277, 0.842335119688, 1.8745993206, 3.50496496775, 1610.73333893, 0.552794138973
0.748812761523, 0.8321906501, 81.6608248337, 0.412152909392, 97.6499130706, 5.00167378559, 0.479146962558, 1.95464884886, 4.70768856222, 1662.31329885, 0.221260050933
0.1540767175, 0.822385534326, 81.7588235913, 0.509642870742, 49.2026117123, 1.49657428735, 0.906105149976, 3.99874915177, 16.4669507243, 2204.38452468, 0.0250030194297
0.862316671436, 0.822385534326, 87.3755504864, 0.625094782643, 2.54826076885, 45.4180819037, 0.534118888601, 3.97979263114, 13.0430609503, 1628.99621437, 0.589680870494
0.169073582673, 0.8321906501, 89.7551791509, 0.412152909392, 98.6117737322, 5.00167378559, 0.479146962558, 0.625879240781, 3.50496496775, 1985.67080947, 0.0595026324615
0.476762819295, 0.84778623602, 84.3203381983, 0.412152909392, 94.3635881285, 26.5605855142, 0.479146962558, 3.89790274512, 3.50496496775, 1659.64980126, 0.245196097705
0.120529087364, 0.904100458396, 93.7784571814, 0.684756029204, 52.5823745807, 1.11259434479, 1.77415901112, 0.53308376829, 4.70768856222, 4438.96135649, 0.011280805608
0.218175332166, 0.904100458396, 93.7784571814, 0.526067298983, 52.5823745807, 1.11259434479, 1.77415901112, 0.53308376829, 4.70768856222, 3994.33761768, 0.0139194434849
0.499814795817, 0.822005832641, 88.9285339406, 0.619120690818, 54.2085539333, 2.34047943481, 0.894952325822, 1.13684163007, 8.42289639631, 1890.93645991, 0.0832185184682
0.198386333676, 0.862316760164, 93.8874452088, 0.504748432468, 45.4167427693, 1.21622376957, 0.762929715001, 3.39388986565, 19.9193522022, 2631.569148, 0.0211200279803
0.206304100633, 0.904100458396, 85.133293966, 0.642750984394, 52.5823745807, 1.25170532937, 1.64517738259, 2.40190148759, 4.70768856222, 4186.89059817, 0.0140438782466
0.862316671436, 0.822385534326, 87.3755504864, 0.625094782643, 2.54826076885, 2.57518636238, 0.534118888601, 3.97979263114, 13.0430609503, 1782.78257027, 0.157974535761
0.261503136777, 0.862316760164, 87.23068988, 0.628153585312, 40.8640439101, 12.5189818295, 0.765839423353, 4.01156946568, 6.38187684801, 1730.1910667, 0.212248000697
0.499814795817, 0.822005832641, 83.8496597183, 0.619120690818, 89.2816058658, 1.15816385685, 0.894952325822, 0.451069259199, 2.50027257341, 2094.84561507, 0.0574750214401
0.169073582673, 0.8321906501, 81.6608248337, 0.412152909392, 97.6499130706, 5.00167378559, 0.479146962558, 3.89790274512, 3.50496496775, 1914.17837615, 0.0806666865083
0.499814795817, 0.822005832641, 83.8496597183, 0.619120690818, 30.3033501366, 15.4274776095, 0.894952325822, 0.451069259199, 2.50027257341, 1692.95263169, 0.266944820996
0.151386288166, 0.904100458396, 85.2032084199, 0.684756029204, 52.5823745807, 1.11259434479, 1.64517738259, 0.625879240781, 4.70768856222, 4681.60173271, 0.0112962820216
0.212349416977, 0.861046431286, 91.094905622, 0.630493629824, 80.7292011298, 1.49657428735, 1.55662789702, 4.99989323415, 4.70768856222, 4755.8541536, 0.0113882764382
0.151386288166, 0.904100458396, 80.5182899213, 0.684756029204, 32.0483401218, 1.08976600626, 1.64517738259, 4.01156946568, 4.70768856222, 3133.04483559, 0.0193004829569
0.285126491395, 0.829256097433, 85.133293966, 0.66621623887, 59.7182509017, 2.34047943481, 0.954833731938, 2.20641279714, 2.50027257341, 2039.67572497, 0.0652589725556
0.476762819295, 0.84778623602, 87.1715336505, 0.409759100089, 80.7292011298, 26.5605855142, 0.479146962558, 3.89790274512, 3.50496496775, 1647.71171126, 0.463371709234
0.151386288166, 0.904100458396, 80.5182899213, 0.684756029204, 52.5823745807, 1.11259434479, 1.64517738259, 3.32859657632, 4.70768856222, 4535.86658096, 0.0120295368035
0.198386333676, 0.862316760164, 93.8874452088, 0.504748432468, 45.4167427693, 1.21622376957, 0.762929715001, 3.39388986565, 13.1177777178, 2455.26993406, 0.0217921808931
0.261503136777, 0.862316760164, 87.23068988, 0.619120690818, 33.6613908775, 12.5189818295, 0.765839423353, 4.91535759893, 6.38187684801, 1698.23212343, 0.350256333736
0.845622043187, 0.868728935727, 80.5182899213, 0.439970907325, 10.0737983304, 4.49370137505, 0.555483866454, 4.99982133121, 4.70768856222, 1680.60010218, 0.368653497869
0.151386288166, 0.904100458396, 93.7784571814, 0.684756029204, 52.5823745807, 1.11259434479, 1.64517738259, 0.625879240781, 4.70768856222, 4638.01902891, 0.0137570654866
0.198386333676, 0.862316760164, 93.8874452088, 0.532929581524, 45.4167427693, 1.21622376957, 0.906105149976, 2.23263471748, 13.1177777178, 3182.66781806, 0.0190989529643
0.169073582673, 0.8321906501, 85.133293966, 0.412152909392, 97.6499130706, 5.00167378559, 0.555483866454, 2.99758633343, 3.50496496775, 2051.51378882, 0.0702463554666
