0.19373959501, 0.904172458981, 2.01744623922, 0.68885961357, 80.174938542, 8.95685605733, 0.53481270269, 4.11458036604, 14.8386774882, 57.8605686661, 0.148646342424
0.197728148553, 0.849026796235, 3.76302894144, 0.805272690691, 93.0064006789, 1.24001537495, 0.682538261476, 3.64150780552, 12.5965248292, 122.30731339, 0.0042621426796
0.107124042468, 0.864687171979, 2.18054281343, 0.703270952608, 80.2942686215, 4.95223641512, 0.898137240606, 4.65856889631, 12.0501823438, 62.9660322629, 0.0536177353734
0.145426046481, 0.938946224225, 2.36502895991, 0.839704641296, 94.9967995585, 5.48732275189, 0.0718925014246, 1.16495968535, 11.0474060462, 77.8542560808, 0.0370175370023
0.130278011663, 0.946616170765, 3.34233520729, 0.841000609253, 99.2040565952, 8.90018908144, 0.0448203097636, 2.93049488625, 10.45531603, 154.870932506, 0.0
0.124674816195, 1.05605149059, 2.26593004526, 0.946233600741, 97.5965335667, 1.39414787785, 0.235486734004, 1.90719792409, 14.1475042362, 91.8337222145, 0.00497517764961
0.19373959501, 0.904172458981, 2.01744623922, 0.803945186148, 82.7677857975, 8.95685605733, 0.472470663511, 4.38497190172, 18.4779326145, 68.138398512, 0.102312962933
0.11094562174, 1.24664698853, 2.10213943161, 0.698070407709, 82.5108421417, 5.63451365265, 0.930014543675, 3.91710123875, 10.2956024919, 73.6094013113, 0.0655879653549
0.194099259795, 0.820745127222, 2.05827667584, 0.655624216775, 98.7657735489, 3.90017340799, 0.178093518474, 3.00346428909, 14.2330442945, 80.5072310434, 0.0633050335449
0.194099259795, 0.820745127222, 2.05827667584, 0.655624216775, 98.7657735489, 3.90017340799, 0.178093518474, 3.00346428909, 17.2889373545, 87.381624449, 0.0548000275882
0.136140315555, 0.845807161245, 2.84984547379, 0.795034917012, 80.7248224415, 3.05896283705, 0.682511001119, 0.552952218814, 14.1539993946, 161.264165813, 0.00409335200163
0.124708253332, 0.870150557846, 2.85346461449, 0.764959548954, 90.5993637941, 1.75693635139, 0.420897394264, 2.61309062135, 14.7748854331, 95.9938724618, 0.0151962096915
0.194099259795, 0.820745127222, 2.05827667584, 0.655624216775, 86.2686179181, 1.84682285118, 0.178093518474, 3.00346428909, 14.2330442945, 93.4891720254, 0.0303762936632
0.153344752767, 1.05995200225, 2.77245108802, 0.874041925958, 92.6253750758, 1.44290463958, 0.0641891515172, 2.9774518607, 12.7054348611, 160.946407475, 0.010582368251
0.145426046481, 0.864687171979, 2.36502895991, 0.839704641296, 94.9967995585, 5.48732275189, 0.0718925014246, 1.16495968535, 11.0474060462, 106.712390894, 0.0106967050999
0.107993952022, 0.904172458981, 2.01744623922, 0.752573413429, 99.0590317265, 8.95685605733, 0.472470663511, 2.91028811072, 13.7835375012, 78.7303853327, 0.0748355851205
0.116062888632, 1.0345418546, 2.29795269359, 0.748495081588, 99.0590317265, 7.00601126002, 0.223373967753, 4.82653924721, 13.0295623465, 82.8613366227, 0.0685794522128
0.124708253332, 0.870150557846, 2.85346461449, 0.810641408554, 90.5993637941, 1.9385650451, 0.420897394264, 1.95267188338, 14.7748854331, 171.034767686, 0.00814280392562
0.100125950329, 1.1116122054, 7.19496020094, 0.85184254931, 83.9796917989, 1.61533682098, 1.16775946084, 2.13892345543, 16.0804239076, 779.495266903, 0.00511893783043
0.122511127961, 1.25911105119, 2.77245108802, 0.738842528436, 96.9905545884, 1.26657599176, 0.369593787221, 4.78034628847, 12.6336448772, 193.93226249, 0.00757201612681
0.143871918461, 0.955717373946, 6.10509658872, 0.845558047048, 98.8616838981, 7.5223251727, 0.831672296684, 3.97572417679, 17.9219812816, 194.505722572, 0.00514672732954
0.123099425558, 0.820745127222, 2.04475003764, 0.605771587623, 89.5404729665, 1.84682285118, 0.351065936333, 2.98415636806, 14.1539993946, 98.9336989031, 0.0200659058984
0.194099259795, 0.830396136027, 2.05827667584, 0.82681118406, 98.7657735489, 3.90017340799, 0.178093518474, 3.00346428909, 14.2330442945, 98.3752703936, 0.0623735953306
0.166411271938, 0.864687171979, 2.97613069511, 0.817050734134, 86.2218181279, 1.61126411103, 0.898137240606, 0.34224791341, 14.2023494259, 116.898588665, 0.0137164303545
0.145426046481, 0.938946224225, 2.36502895991, 0.764959548954, 94.9967995585, 8.46408859508, 0.0718925014246, 1.16495968535, 11.0474060462, 117.66897336, 0.012990880596
0.145426046481, 0.938946224225, 2.36502895991, 0.781930728964, 99.0651925391, 5.48732275189, 0.0718925014246, 1.16495968535, 11.0474060462, 95.6422689871, 0.0697596786789
0.194099259795, 0.830396136027, 2.05827667584, 0.82681118406, 98.7657735489, 3.90017340799, 0.178093518474, 3.00346428909, 14.2330442945, 91.6726701228, 0.0892669524769
0.19373959501, 1.24664698853, 2.10213943161, 0.698070407709, 82.7677857975, 8.95685605733, 0.930014543675, 3.91710123875, 10.2956024919, 84.9339245899, 0.116191258567
0.136140315555, 0.845807161245, 2.84984547379, 0.870942530285, 85.1104264568, 3.05896283705, 0.0279604803369, 0.552952218814, 15.1505208375, 184.676385403, 0.0129009534179
0.107993952022, 0.949703331639, 4.96740429465, 0.752573413429, 82.5299544953, 1.84682285118, 0.0365867932484, 2.91028811072, 13.7835375012, 338.005424621, 0.00558671633929
0.166411271938, 0.93124937552, 2.97613069511, 0.897681458506, 86.2218181279, 1.61126411103, 0.898137240606, 1.73869728139, 14.2023494259, 195.533923577, 0.00791968005428
0.124674816195, 0.889903453482, 5.86775585261, 0.946233600741, 97.5965335667, 1.39414787785, 0.235486734004, 1.90719792409, 14.1475042362, 380.690845408, 0.00552402464036
0.136140315555, 0.845807161245, 2.84984547379, 0.605771587623, 85.1104264568, 3.05896283705, 0.0279604803369, 0.552952218814, 14.1539993946, 99.7934550802, 0.0221855331446
0.125984543123, 1.13922964886, 2.26593004526, 0.623140645353, 90.9909578534, 9.43339157711, 0.404009553077, 1.53823118359, 14.649978991, 110.911071221, 0.0211787667122
0.132866895548, 1.08890915336, 2.38862902162, 0.874041925958, 92.6253750758, 5.55230021065, 0.375613816565, 2.9774518607, 16.3400020665, 99.5114539972, 0.0665402451814
0.122511127961, 1.16657432731, 3.66743870009, 0.738842528436, 97.8931990218, 7.95314708791, 0.369593787221, 4.78034628847, 13.0295623465, 165.460737017, 0.0140390594585
0.19373959501, 0.904172458981, 2.01744623922, 0.68885961357, 81.7304304047, 1.61126411103, 1.00669533285, 4.36736106046, 18.4779326145, 153.242004765, 0.0176145556727
0.1587733917, 0.9068820884, 2.97330344347, 0.942782799614, 90.3429849896, 6.00425938387, 0.456341505544, 1.23114662853, 19.3965201888, 141.909876531, 0.017826955216
0.136086064267, 0.820795012109, 2.26593004526, 0.729439162543, 80.3265149225, 2.21831276967, 0.109058545991, 1.12121430305, 14.649978991, 130.415425261, 0.0184386589727
0.16009889833, 0.850472871211, 2.18054281343, 0.703270952608, 99.0590317265, 7.00601126002, 0.109058545991, 4.65856889631, 13.0295623465, 97.3738749042, 0.101127282503
0.15011752844, 1.07404399447, 4.65819613313, 0.874432533827, 96.0962427393, 5.56457212575, 0.984163131985, 0.362371418702, 16.197688932, 94.1337012741, 0.119647577409
0.140241223884, 0.941357897434, 3.61121876858, 0.747774471527, 94.1246620591, 2.32194970964, 0.24911354204, 1.04978947772, 12.542468513, 188.106592134, 0.0134016112279
0.197728148553, 0.845807161245, 3.76302894144, 0.805272690691, 93.0064006789, 1.24001537495, 0.682538261476, 3.64150780552, 12.5965248292, 206.198421609, 0.00912674591032
0.197728148553, 1.20906212149, 6.91533720696, 0.805272690691, 93.0064006789, 1.24001537495, 0.682538261476, 3.64150780552, 12.5965248292, 735.977729274, 0.00773453686656
0.190825448332, 0.889903453482, 5.86775585261, 0.946233600741, 96.0962427393, 1.39414787785, 1.78742061246, 1.90719792409, 14.2673082124, 509.540861762, 0.00837120776839
0.100125950329, 1.1116122054, 7.04114172338, 0.85184254931, 83.9796917989, 1.61533682098, 1.16775946084, 1.16495968535, 16.0804239076, 983.383637704, 0.00604290588846
0.190825448332, 0.889903453482, 5.86775585261, 0.946233600741, 97.5965335667, 1.39414787785, 1.78742061246, 1.90719792409, 14.2673082124, 585.137603749, 0.00792070135315
0.107511464496, 0.844496363863, 2.60176911208, 0.769000395804, 86.8818505036, 2.21934523524, 0.87291718371, 0.324453745149, 15.6081594052, 106.182953517, 0.02300357521
0.11094562174, 1.24664698853, 2.10213943161, 0.698070407709, 82.5108421417, 5.63451365265, 0.930014543675, 3.91710123875, 10.2307266417, 102.204893086, 0.0241228967086
0.124708253332, 0.820745127222, 2.05827667584, 0.870942530285, 86.2686179181, 1.84682285118, 0.351065936333, 3.00346428909, 14.2330442945, 116.610838116, 0.0212088483467
0.153344752767, 1.05995200225, 2.92338514833, 0.874041925958, 92.6253750758, 3.05896283705, 0.0641891515172, 2.9774518607, 12.7054348611, 182.046573197, 0.015896586399
0.136086064267, 0.832626830757, 2.26593004526, 0.919230945859, 80.3265149225, 2.21831276967, 1.9951405818, 1.12121430305, 14.649978991, 174.993594898, 0.018126737981
0.124708253332, 0.888452504285, 2.85346461449, 0.810641408554, 90.5993637941, 1.9385650451, 0.420897394264, 1.95267188338, 14.7748854331, 139.77695706, 0.0198396968497
0.116062888632, 1.0345418546, 2.29795269359, 0.704032418831, 99.0590317265, 7.00601126002, 0.322639375565, 4.82653924721, 13.0295623465, 151.741953898, 0.0184945813882
0.130278011663, 1.08413172098, 2.05827667584, 0.841000609253, 99.2040565952, 8.90018908144, 0.0448203097636, 0.324453745149, 10.45531603, 97.9103392217, 0.143797279191
0.19373959501, 0.904172458981, 2.01744623922, 0.68885961357, 80.2397801551, 8.95685605733, 0.472470663511, 4.11458036604, 14.8386774882, 102.154680594, 0.124808179184
0.140241223884, 0.941357897434, 3.61121876858, 0.747774471527, 94.1246620591, 2.32194970964, 0.24911354204, 1.11966266853, 12.542468513, 190.498501571, 0.0137332965859
0.197728148553, 0.849026796235, 3.76302894144, 0.805272690691, 93.0064006789, 1.24001537495, 0.682538261476, 3.64150780552, 12.5965248292, 210.908192988, 0.00916002862934
0.198764545459, 1.03907051703, 2.18054281343, 0.703270952608, 80.2942686215, 4.95223641512, 0.109058545991, 4.65856889631, 14.4822997066, 107.139201579, 0.104453687514
0.197728148553, 1.02309469475, 3.76302894144, 0.854825665475, 95.5497787618, 1.24001537495, 0.682538261476, 3.64150780552, 12.5965248292, 116.591292263, 0.0288209857364
0.145426046481, 0.938946224225, 2.36502895991, 0.781930728964, 94.9967995585, 5.48732275189, 0.0718925014246, 1.16495968535, 11.0474060462, 108.412685585, 0.0354188437548
0.136140315555, 0.849026796235, 2.84984547379, 0.605771587623, 80.7248224415, 3.05896283705, 0.918059054147, 0.552952218814, 14.1539993946, 136.969760074, 0.0232808507552
0.107124042468, 1.03907051703, 2.09527586321, 0.703270952608, 80.2942686215, 4.95223641512, 0.211063077716, 4.65856889631, 14.4822997066, 120.930780668, 0.025306828219
0.197728148553, 0.845807161245, 3.76302894144, 0.805272690691, 93.0064006789, 1.24001537495, 0.682538261476, 3.64150780552, 12.5965248292, 150.197338582, 0.0216337470855
0.107124042468, 1.03907051703, 2.18054281343, 0.703270952608, 80.2942686215, 4.95223641512, 0.109058545991, 4.65856889631, 14.4822997066, 142.626712558, 0.0228838634428
0.166411271938, 1.03907051703, 2.97613069511, 0.817050734134, 84.3854275614, 1.61126411103, 0.109058545991, 1.73869728139, 14.2023494259, 168.715002693, 0.0190595202072
0.136086064267, 0.832626830757, 2.26593004526, 0.729439162543, 80.3265149225, 2.21831276967, 1.9951405818, 1.12121430305, 14.649978991, 160.217009036, 0.0203117540475
0.180057631834, 1.02309469475, 2.85346461449, 0.764959548954, 90.5993637941, 1.75693635139, 1.33172605055, 2.3947560225, 14.7748854331, 207.952050443, 0.0154213357684
0.18301736582, 0.941357897434, 3.61121876858, 0.747774471527, 88.2665004434, 2.32194970964, 0.375613816565, 1.11966266853, 12.542468513, 204.219946331, 0.0183178573344
0.166411271938, 0.93124937552, 2.97613069511, 0.738842528436, 99.1381569307, 1.04023239202, 0.369593787221, 1.63219195214, 14.2023494259, 246.028947798, 0.00974807649513
0.197728148553, 0.849026796235, 3.76302894144, 0.805272690691, 93.0064006789, 1.20849291273, 0.682538261476, 3.64150780552, 14.5863248113, 212.475789203, 0.0149540049264
0.124708253332, 0.870150557846, 2.85346461449, 0.810641408554, 90.5993637941, 1.75693635139, 0.420897394264, 1.95267188338, 14.7748854331, 222.564473335, 0.0115267384267
0.107993952022, 0.949703331639, 4.96740429465, 0.80406020008, 80.7248224415, 1.84682285118, 0.682511001119, 2.91028811072, 14.0462140854, 317.056033753, 0.00937626930496
0.185172717704, 1.2281642623, 4.35032615226, 0.832200532382, 88.2665004434, 1.9385650451, 0.375613816565, 0.851704766104, 17.9317658907, 312.869130966, 0.00945341962195
0.194099259795, 0.830396136027, 2.05827667584, 0.82681118406, 98.7657735489, 3.90017340799, 0.178093518474, 3.00346428909, 14.2330442945, 109.468509076, 0.0393567523229
0.13302974073, 0.938946224225, 2.18054281343, 0.703270952608, 80.2942686215, 4.95223641512, 0.898137240606, 4.65856889631, 12.0501823438, 109.21928447, 0.0736381452331
0.189548473627, 1.03907051703, 2.3197666642, 0.703270952608, 80.3265149225, 3.74016958375, 0.109058545991, 1.63219195214, 14.649978991, 140.550917513, 0.0232843058036
0.116083767179, 1.22792509195, 2.29795269359, 0.740458704034, 84.38079378, 1.72832396471, 0.767171928822, 4.76032396003, 10.0806496675, 122.530412247, 0.0392738241631
0.124708253332, 0.870150557846, 2.85346461449, 0.910538902635, 90.5993637941, 1.75693635139, 0.420897394264, 1.95267188338, 14.7748854331, 133.159935681, 0.02988008135
0.194099259795, 0.820745127222, 2.05827667584, 0.655624216775, 86.2686179181, 1.84682285118, 0.178093518474, 3.00346428909, 14.2330442945, 132.331011464, 0.0363880582422
0.128904167881, 0.8292171063, 2.84984547379, 0.919230945859, 99.5369610173, 2.22036025831, 0.477569862859, 4.77741578323, 13.6928851557, 133.148489248, 0.032765308097
0.194099259795, 0.870150557846, 2.85346461449, 0.764959548954, 90.5993637941, 1.75693635139, 0.178093518474, 2.14479650091, 14.7748854331, 151.446170361, 0.0232155131147
0.107993952022, 0.861906550089, 4.4506972708, 0.817050734134, 82.5299544953, 1.84682285118, 0.898137240606, 2.91028811072, 13.7835375012, 194.401599827, 0.0204006216191
0.136140315555, 0.835272008225, 2.84984547379, 0.729439162543, 99.5369610173, 2.22036025831, 0.477569862859, 4.77741578323, 13.6928851557, 168.301149421, 0.0206110268641
0.143875134492, 1.03259363339, 5.41983328565, 0.937855393423, 95.9959360926, 1.25992172471, 0.822260422044, 4.85191093912, 12.5415982376, 370.543567783, 0.0094921284505
0.124708253332, 0.947412514668, 2.06081433538, 0.941004252273, 99.4957252828, 9.41197462395, 0.420897394264, 0.47387564635, 15.3863900908, 110.144964629, 0.09283488287
0.107993952022, 0.949703331639, 4.96740429465, 0.752573413429, 99.0590317265, 1.84682285118, 0.223373967753, 2.91028811072, 13.7835375012, 253.019820006, 0.0110220293688
0.110502622636, 1.18906632223, 3.29079450563, 0.764812846454, 90.1151147821, 2.53028517367, 1.2069663386, 1.11966266853, 17.0035211752, 353.418566171, 0.0106936350991
0.136140315555, 0.904172458981, 2.01744623922, 0.803945186148, 82.7677857975, 8.95685605733, 0.472470663511, 4.38497190172, 18.4779326145, 112.543197542, 0.0698946801391
0.136302347812, 0.864687171979, 3.48374413169, 0.928931117154, 90.9775421969, 4.12056403061, 0.557408943854, 1.74657411979, 13.1868534558, 113.882103938, 0.0606854536887
0.107511464496, 0.844496363863, 2.29795269359, 0.748495081588, 99.0590317265, 7.00601126002, 0.223373967753, 4.82653924721, 13.0295623465, 117.483735743, 0.0398654450936
0.180057631834, 0.870150557846, 2.73709055048, 0.764959548954, 96.5979755808, 1.75693635139, 1.76820964524, 2.61309062135, 12.4233909494, 212.743440213, 0.0155684493715
0.197728148553, 1.02309469475, 3.76302894144, 0.854825665475, 95.5497787618, 1.24001537495, 0.682538261476, 1.92080100404, 12.5965248292, 184.169684594, 0.0209968456137
0.194099259795, 0.820745127222, 2.75942724851, 0.655624216775, 98.7657735489, 3.90017340799, 0.178093518474, 3.00346428909, 14.2330442945, 135.311099558, 0.0315487105031
0.116083767179, 1.22792509195, 2.29795269359, 0.689490514748, 84.38079378, 2.50755555494, 0.767171928822, 2.8526342632, 10.0806496675, 149.858048472, 0.0254512330742
0.170435846593, 1.00793641137, 3.29992030328, 0.855179994531, 88.6877179949, 1.45884439061, 1.54616016051, 3.70456698244, 15.0611473826, 236.048801193, 0.0145227207825
0.197728148553, 0.849026796235, 3.76302894144, 0.805272690691, 93.0064006789, 1.24001537495, 0.682538261476, 3.64150780552, 12.5965248292, 167.79350432, 0.0250368277337
0.122511127961, 1.25911105119, 2.77245108802, 0.738842528436, 96.9905545884, 1.28619981783, 0.369593787221, 4.78034628847, 11.3295447837, 228.685873041, 0.0151091442209
0.136140315555, 0.835272008225, 2.84984547379, 0.729439162543, 99.5369610173, 2.22036025831, 0.477569862859, 4.77741578323, 13.6928851557, 135.277519629, 0.0383317835975
0.194099259795, 0.870150557846, 2.85346461449, 0.764959548954, 90.5993637941, 1.75693635139, 0.178093518474, 2.14479650091, 14.7748854331, 134.071209834, 0.0390451478468
