0.571891013276, 0.880468557699, 2.81756702466, 0.447119373495, 87.9553610296, 3.12721920373, 0.526158812722, 3.45708684459, 7.25992781601, 1.11022302463e-16, 0.111111111111
0.109708621992, 0.872648462327, 2.81756702466, 0.603198478185, 63.2596516799, 1.03542423414, 2.49782023869, 4.43392203724, 6.59277439534, 0.0049774339199, 0.0
0.102084570191, 0.997285772914, 2.02429526675, 0.535863648839, 87.1327602574, 1.66199319306, 1.45711709705, 2.15931044862, 1.10531542396, 0.00491079908848, 0.0285714285714
0.107146517764, 0.913328900982, 4.59543476726, 0.535863648839, 57.6706624403, 1.66199319306, 0.160597212061, 1.8182306704, 24.1574392869, 0.00546087831378, 0.0
0.107146517764, 1.0426558298, 2.1281393885, 0.535863648839, 16.3601368227, 1.07872016062, 2.49782023869, 1.8182306704, 24.1574392869, 0.00595430632683, 0.010101010101
0.145307709759, 0.847760418785, 2.3851479517, 0.624136788801, 57.6706624403, 1.17988702784, 1.45711709705, 4.04512388623, 13.5738693558, 0.00596501944468, 0.0
0.104845607442, 0.821981817082, 2.88305519484, 0.519807470926, 63.2596516799, 1.33668492713, 0.06447447748, 1.80809545221, 43.2347522351, 0.00513048739429, 0.333333333333
0.107146517764, 0.870595445612, 9.53307215451, 0.67193232161, 63.2596516799, 1.31675200382, 1.13770868779, 3.45708684459, 24.1574392869, 0.00651859256419, 0.0
0.107146517764, 1.07901783682, 3.09039678059, 0.535863648839, 16.3601368227, 1.09876387068, 1.45711709705, 1.8182306704, 24.1574392869, 0.00571038625545, 0.3
0.103533177715, 0.884381518714, 2.73033274794, 0.59337155535, 63.2596516799, 1.05856201442, 2.49782023869, 1.29801230282, 28.9800455745, 0.00657756539713, 0.0
0.104845607442, 0.837199076721, 2.81756702466, 0.603198478185, 63.2596516799, 1.66199319306, 2.57823299769, 3.45708684459, 43.2347522351, 0.0069343550872, 0.0
0.100992013063, 0.971330450586, 2.02429526675, 0.535863648839, 77.5395527914, 1.66199319306, 1.45711709705, 4.04512388623, 1.10531542396, 0.00696715146106, 0.0
0.302583273272, 0.872817529091, 4.04052808144, 0.58063035152, 94.6417995392, 2.78234689908, 0.355975815148, 0.0588894793449, 2.34759755214, 0.00699978731084, 0.0
0.102084570191, 0.847760418785, 2.02429526675, 0.535863648839, 77.5395527914, 1.66199319306, 1.45711709705, 2.15931044862, 1.10531542396, 0.00694112900474, 0.037037037037
0.145307709759, 0.820395239442, 2.25896048338, 0.599574520433, 63.2596516799, 1.31675200382, 2.49782023869, 1.2112503709, 43.2347522351, 0.00732303458204, 0.0
0.104845607442, 0.847760418785, 2.3851479517, 0.624136788801, 57.6706624403, 1.17988702784, 1.45711709705, 1.8182306704, 13.5738693558, 0.00767227375368, 0.0
0.104845607442, 0.880468557699, 2.81756702466, 0.603198478185, 63.2596516799, 1.66199319306, 2.57823299769, 3.45708684459, 43.2347522351, 0.0077461850919, 0.0
0.102084570191, 0.971330450586, 2.02429526675, 0.535863648839, 77.5395527914, 1.66199319306, 1.45711709705, 1.8182306704, 1.08374310446, 0.00736845528486, 0.0344827586207
0.109708621992, 0.884381518714, 2.79618636879, 0.603198478185, 63.2596516799, 1.66199319306, 2.49782023869, 4.43392203724, 6.59277439534, 0.0078532769213, 0.00961538461538
0.102084570191, 0.847760418785, 3.69189754444, 0.555437720542, 77.5395527914, 1.5777254078, 1.88190561119, 0.550997514148, 40.7697385278, 0.00812014914759, 0.0
0.102084570191, 0.971330450586, 2.02429526675, 0.535863648839, 77.5395527914, 1.66199319306, 1.45711709705, 1.8182306704, 1.10531542396, 0.0070575401133, 0.458333333333
0.148028062843, 1.09086252032, 7.02786397379, 0.486855958209, 88.5538115597, 1.3346776268, 1.44934031569, 1.29801230282, 7.25992781601, 0.00839843775531, 0.0
0.104845607442, 0.847760418785, 2.3851479517, 0.624136788801, 57.6706624403, 1.17988702784, 1.45711709705, 1.8182306704, 13.5738693558, 0.00742084322038, 0.236842105263
0.145307709759, 0.824587484112, 2.25896048338, 0.599574520433, 63.2596516799, 1.31675200382, 2.49782023869, 4.04512388623, 43.2347522351, 0.00846208080742, 0.0
0.107146517764, 0.913328900982, 8.84335161083, 0.669827846527, 57.6706624403, 1.66199319306, 1.45711709705, 1.8182306704, 5.60993121694, 0.00800374863282, 0.0322580645161
0.102084570191, 0.913328900982, 2.02429526675, 0.535863648839, 77.5395527914, 1.66199319306, 1.45711709705, 1.8182306704, 1.10531542396, 0.00748838248187, 0.34
0.104845607442, 0.967590768774, 2.81756702466, 0.599574520433, 63.2596516799, 1.66199319306, 2.57823299769, 3.45708684459, 43.4351614765, 0.00854125924845, 0.0
0.104845607442, 0.967590768774, 2.3851479517, 0.599574520433, 88.8179528078, 1.66199319306, 2.49782023869, 3.45708684459, 43.2347522351, 0.00857057626218, 0.0
0.109708621992, 0.884381518714, 2.79618636879, 0.603198478185, 63.2596516799, 1.66199319306, 3.70001200231, 2.77295373362, 6.59277439534, 0.00847094843066, 0.0119047619048
0.104845607442, 1.0426558298, 7.10881220377, 0.692176745972, 98.1685944974, 2.86020953578, 0.313441845588, 0.84458726476, 28.9800455745, 0.00863196164598, 0.0
0.107146517764, 0.847760418785, 4.59543476726, 0.535863648839, 57.6706624403, 1.66199319306, 1.45711709705, 1.8182306704, 13.5738693558, 0.0082566467052, 0.037037037037
0.101247315542, 0.913328900982, 4.59543476726, 0.543041017926, 57.6706624403, 1.66199319306, 2.70179696552, 1.8182306704, 24.7761067794, 0.00906306659583, 0.0
0.103258360703, 0.860471413238, 2.29517178692, 0.552820567705, 87.5765157814, 2.33259718022, 0.06447447748, 0.260400212228, 6.42507323377, 0.00835545218589, 0.142857142857
0.107146517764, 0.913328900982, 4.59543476726, 0.535863648839, 57.6706624403, 1.66199319306, 2.80929537087, 1.8182306704, 12.84644396, 0.00909008044569, 0.0
0.104845607442, 1.1885927329, 6.04586095639, 0.486855958209, 63.2596516799, 1.9612217937, 0.06447447748, 1.29801230282, 28.9800455745, 0.00918116497615, 0.0
0.107146517764, 0.913328900982, 4.59543476726, 0.535863648839, 57.6706624403, 1.66199319306, 2.70179696552, 1.8182306704, 24.1574392869, 0.0095052139551, 0.0
0.107146517764, 0.913328900982, 4.59543476726, 0.535863648839, 57.6706624403, 1.66199319306, 2.70179696552, 1.8182306704, 12.84644396, 0.0095477757653, 0.0
0.104845607442, 0.967590768774, 2.81756702466, 0.599574520433, 63.2596516799, 1.66199319306, 2.49782023869, 3.45708684459, 43.2347522351, 0.00962726660105, 0.00925925925926
0.107146517764, 1.09485220421, 4.59543476726, 0.535863648839, 57.6706624403, 1.62696000074, 2.70179696552, 1.8182306704, 24.1574392869, 0.00965915019614, 0.0
0.104845607442, 1.0426558298, 4.59543476726, 0.692176745972, 98.1685944974, 1.66199319306, 0.222038770131, 0.84458726476, 28.9800455745, 0.00850004773046, 0.333333333333
0.107146517764, 1.09485220421, 4.59543476726, 0.535863648839, 57.6706624403, 1.62696000074, 2.70179696552, 1.8182306704, 24.1574392869, 0.00882062195861, 0.0490196078431
0.107146517764, 0.913328900982, 4.59543476726, 0.535863648839, 57.6706624403, 1.66199319306, 1.45711709705, 1.8182306704, 24.1574392869, 0.0103108294412, 0.0
0.109708621992, 1.14131869073, 2.02848791324, 0.599574520433, 99.7723046941, 1.9612217937, 2.00589062191, 4.75703134958, 6.59277439534, 0.0101008894345, 0.00840336134454
0.107146517764, 0.913328900982, 4.59543476726, 0.535863648839, 57.6706624403, 1.66199319306, 1.45711709705, 1.8182306704, 24.1574392869, 0.0105110782829, 0.0
0.107146517764, 0.913328900982, 4.59543476726, 0.603198478185, 57.6706624403, 1.02066462974, 2.70179696552, 1.8182306704, 24.1574392869, 0.00874370534346, 0.224637681159
0.109708621992, 0.884381518714, 2.81756702466, 0.603198478185, 63.2596516799, 1.66199319306, 2.49782023869, 4.43392203724, 6.59277439534, 0.0105800685476, 0.0
0.103533177715, 0.884381518714, 2.73033274794, 0.59337155535, 63.2596516799, 1.05856201442, 2.49782023869, 1.29801230282, 28.9800455745, 0.00888742071667, 0.18954248366
0.101791808007, 0.831991120793, 7.99888878327, 0.685751226398, 87.1327602574, 3.03232711651, 0.643335502501, 0.260400212228, 6.42507323377, 0.0110073371051, 0.0
0.109708621992, 0.884381518714, 2.79618636879, 0.603198478185, 63.2596516799, 1.66199319306, 3.70001200231, 2.77295373362, 6.59277439534, 0.00991029161119, 0.0174563591022
0.107146517764, 0.824587484112, 4.59543476726, 0.46633645406, 57.6706624403, 1.66199319306, 1.45711709705, 1.8182306704, 13.5738693558, 0.0090264757329, 0.240740740741
0.107146517764, 0.913328900982, 4.59543476726, 0.535863648839, 57.6706624403, 1.66199319306, 2.70179696552, 1.8182306704, 24.1574392869, 0.0112487068102, 0.0
0.102084570191, 0.847760418785, 2.02429526675, 0.492422210298, 77.5395527914, 1.66199319306, 1.45711709705, 1.8182306704, 1.10531542396, 0.00875549574628, 0.4
0.102084570191, 0.847760418785, 2.02429526675, 0.535863648839, 77.5395527914, 1.66199319306, 1.45711709705, 1.8182306704, 1.10531542396, 0.00876641176634, 0.4
0.107146517764, 0.870595445612, 4.59543476726, 0.535863648839, 57.6706624403, 1.66199319306, 1.13770868779, 1.8182306704, 24.1574392869, 0.0113173207087, 0.0
0.101791808007, 1.14131869073, 7.99888878327, 0.685751226398, 87.1327602574, 3.03232711651, 0.643335502501, 0.260400212228, 5.13106654488, 0.01134412565, 0.0
0.107146517764, 0.913328900982, 7.33615265557, 0.486855958209, 9.9207529212, 1.3346776268, 3.82560321468, 1.29801230282, 22.4913815289, 0.00907867284519, 0.315068493151
0.102084570191, 0.847760418785, 2.02429526675, 0.535863648839, 77.5395527914, 1.66199319306, 1.45711709705, 2.15931044862, 1.10531542396, 0.00955825685781, 0.0810810810811
0.109708621992, 0.980957013432, 4.60474515342, 0.486855958209, 63.2596516799, 2.75802778226, 0.06447447748, 4.75703134958, 1.62346369051, 0.00896269308345, 0.774193548387
0.104845607442, 0.821981817082, 2.88305519484, 0.519807470926, 63.2596516799, 1.66199319306, 0.06447447748, 1.80809545221, 43.2347522351, 0.0118516398754, 0.0
0.109708621992, 0.902302863839, 2.78078398561, 0.669827846527, 88.5538115597, 2.86020953578, 1.45711709705, 1.8182306704, 39.9369547547, 0.0119337088446, 0.0
0.108423514891, 1.11300540129, 7.02786397379, 0.599574520433, 88.8179528078, 1.3346776268, 0.06447447748, 2.38543915882, 28.9800455745, 0.0119818049639, 0.0
0.104845607442, 1.1885927329, 4.60474515342, 0.486855958209, 63.2596516799, 1.9612217937, 0.06447447748, 1.84723009165, 28.9800455745, 0.0123616933231, 0.0
0.102084570191, 0.847760418785, 2.02429526675, 0.535863648839, 77.5395527914, 1.66199319306, 1.45711709705, 1.8182306704, 1.10531542396, 0.00950514408244, 0.37037037037
0.104845607442, 0.824587484112, 7.99888878327, 0.519807470926, 50.6213960485, 3.38504837504, 0.06447447748, 1.80809545221, 43.2347522351, 0.012699371771, 0.0
0.102084570191, 0.872817529091, 2.02429526675, 0.535863648839, 77.5395527914, 2.78234689908, 1.45711709705, 2.15931044862, 1.10531542396, 0.00997006871296, 0.111111111111
0.102084570191, 0.913328900982, 2.02429526675, 0.535863648839, 77.5395527914, 1.66199319306, 1.45711709705, 1.8182306704, 1.10531542396, 0.00959083617885, 0.257142857143
0.13073834386, 0.883955165468, 7.99888878327, 0.447119373495, 68.3771478913, 3.12721920373, 0.526158812722, 4.65652075959, 7.25992781601, 0.0129394665849, 0.0
0.104845607442, 1.08378536777, 2.81756702466, 0.509342852749, 63.2596516799, 2.86020953578, 2.49782023869, 1.94867379813, 43.2347522351, 0.0132147040635, 0.0
0.104845607442, 1.0426558298, 2.81756702466, 0.507681681497, 87.1327602574, 2.86020953578, 2.49782023869, 0.00761673365297, 6.42507323377, 0.0135366102211, 0.0
0.104845607442, 0.967590768774, 2.3851479517, 0.599574520433, 88.8179528078, 1.9612217937, 0.06447447748, 3.45708684459, 43.2347522351, 0.010863974594, 0.0588235294118
0.148028062843, 1.11300540129, 8.22452603004, 0.486855958209, 88.5538115597, 1.05856201442, 1.45711709705, 1.29801230282, 28.9800455745, 0.00969409438456, 0.282051282051
0.107146517764, 0.913328900982, 8.84335161083, 0.669827846527, 37.2724653148, 1.66199319306, 1.45711709705, 0.934089479808, 5.60993121694, 0.0137563865738, 0.0
0.109708621992, 0.913328900982, 2.81756702466, 0.669827846527, 88.5538115597, 2.86020953578, 1.45711709705, 1.8182306704, 39.9369547547, 0.0143220626268, 0.0
0.148028062843, 1.1885927329, 6.93166752306, 0.486855958209, 57.7306206396, 1.9612217937, 0.779472660765, 1.29801230282, 28.9800455745, 0.0144502930405, 0.0
0.109708621992, 0.980957013432, 2.29297387218, 0.599574520433, 99.3047458291, 2.75802778226, 2.49782023869, 4.75703134958, 1.62346369051, 0.0111649012608, 0.107438016529
0.104845607442, 0.824587484112, 4.46824070226, 0.519807470926, 57.7306206396, 3.03232711651, 1.03013564374, 4.45872134662, 1.71674713774, 0.0121949088774, 0.03125
0.148028062843, 1.1783509383, 7.02786397379, 0.486855958209, 88.5538115597, 1.9612217937, 1.44934031569, 1.29801230282, 28.9800455745, 0.0145164608392, 0.0
0.104845607442, 0.966813148506, 2.81756702466, 0.599574520433, 63.2596516799, 2.86020953578, 2.49782023869, 1.94867379813, 43.2347522351, 0.0150942122711, 0.0
0.111665453597, 1.11300540129, 7.02786397379, 0.486855958209, 9.9207529212, 1.3346776268, 3.82560321468, 1.29801230282, 28.9800455745, 0.0102710108717, 0.315972222222
0.103258360703, 1.15398466795, 2.29517178692, 0.552820567705, 87.5765157814, 2.44905758443, 0.06447447748, 0.260400212228, 6.42507323377, 0.0152701181865, 0.0
0.104845607442, 1.0426558298, 2.81756702466, 0.507681681497, 87.1327602574, 2.86020953578, 2.49782023869, 0.00761673365297, 6.42507323377, 0.0148958367096, 0.00847457627119
0.107146517764, 0.913328900982, 4.59543476726, 0.603198478185, 92.0978261563, 1.02066462974, 2.70179696552, 1.8182306704, 8.65529847724, 0.00992269975334, 0.39175257732
0.148028062843, 1.1783509383, 7.02786397379, 0.486855958209, 99.7183824074, 1.9612217937, 1.44934031569, 1.29801230282, 28.9800455745, 0.015774096089, 0.0
0.164056668801, 1.02913107006, 4.30650802428, 0.649937748682, 98.1685944974, 1.9612217937, 3.20523988584, 4.533783744, 5.60993121694, 0.0156546718141, 0.00280112044818
0.104845607442, 0.967590768774, 2.81756702466, 0.603198478185, 63.2596516799, 1.66199319306, 2.57823299769, 3.45708684459, 43.4351614765, 0.011413571946, 0.0867052023121
0.104845607442, 0.824587484112, 2.29297387218, 0.552820567705, 87.5765157814, 2.44905758443, 0.06447447748, 0.260400212228, 6.42507323377, 0.0164871806686, 0.0
0.109708621992, 0.884381518714, 2.02506659987, 0.599574520433, 99.3047458291, 2.86020953578, 2.49782023869, 4.75703134958, 6.59277439534, 0.01688012804, 0.0
0.101791808007, 0.883955165468, 7.99888878327, 0.685751226398, 87.1327602574, 3.12721920373, 0.643335502501, 0.260400212228, 5.13106654488, 0.0100960357065, 0.571428571429
0.104845607442, 0.824587484112, 4.46824070226, 0.519807470926, 57.7306206396, 3.03232711651, 1.03013564374, 2.526104548, 6.42507323377, 0.0173858573442, 0.0
0.109708621992, 0.884381518714, 2.1196467173, 0.599574520433, 63.2596516799, 2.86020953578, 2.49782023869, 4.43392203724, 6.59277439534, 0.0182709817349, 0.0
0.104414373019, 1.19683824483, 4.59543476726, 0.403384040996, 88.5538115597, 3.03232711651, 1.26400219963, 3.10793679126, 20.3080411446, 0.0133851743667, 0.0322580645161
0.104845607442, 0.880468557699, 4.59543476726, 0.603198478185, 63.2596516799, 1.66199319306, 0.06447447748, 3.45708684459, 43.2347522351, 0.0121343590425, 0.0769230769231
0.109708621992, 0.884381518714, 2.1196467173, 0.599574520433, 49.6322351997, 2.86020953578, 2.49782023869, 4.43392203724, 6.59277439534, 0.0177339083127, 0.00735294117647
0.302583273272, 0.847760418785, 4.04052808144, 0.58063035152, 94.6417995392, 1.66199319306, 0.746847968555, 0.0588894793449, 2.34759755214, 0.0187895038882, 0.0
0.104845607442, 0.967590768774, 2.3851479517, 0.599574520433, 88.8179528078, 1.66199319306, 2.49782023869, 3.91228930574, 43.2347522351, 0.0119445464453, 0.0924369747899
0.109708621992, 0.884381518714, 2.1196467173, 0.599574520433, 63.2596516799, 2.86020953578, 2.49782023869, 4.43392203724, 6.59277439534, 0.0151529356511, 0.010752688172
0.104845607442, 0.967590768774, 2.81756702466, 0.599574520433, 57.6706624403, 1.66199319306, 2.49782023869, 3.45708684459, 43.2347522351, 0.0117279609107, 0.130769230769
0.107146517764, 1.1964393905, 4.59543476726, 0.403384040996, 88.5538115597, 3.03232711651, 1.26400219963, 3.10793679126, 20.3080411446, 0.0199800389201, 0.0
0.109708621992, 0.824587484112, 5.8848308469, 0.519807470926, 27.3553929807, 2.86020953578, 2.59818663951, 3.75464792429, 6.59277439534, 0.017603362884, 0.00840336134454
0.107146517764, 0.913328900982, 3.09039678059, 0.535863648839, 16.3601368227, 1.15568120573, 1.45711709705, 1.8182306704, 24.1574392869, 0.0112062707515, 0.293103448276
