5.98129026405, 1.06198357202, 1.49486904683, 0.927542168551, 2.83000036518, 0.871334312921, 3.67256549337, 1.26000095699, 1.1400005229, 2.21315596924, 2.50114105655, 1.04904281569, 3.04000051776, 1.02708598899, 0.883834346729, 1.00000026412, 1.00000056778, 1.0121094373, 4.38363101905, 0.99572822428, 1.00000044921, 94.1376197382, 1.020771632, 3.88091712721, 1.06541135318, 3.29000015456, 1.00000062365, 19.1276243657, 9.28704168188
3.91098481827, 1.06432913511, 1.41711928393, 0.904119046661, 2.83000028163, 1.17523382866, 3.02820513043, 1.26000057229, 1.14000032982, 1.5588010266, 3.01588452396, 0.923004264126, 3.04000075304, 1.08655802453, 0.851605796535, 1.00000026412, 1.0000008709, 1.08708768569, 5.23921890379, 0.987682310163, 1.00000098188, 88.356210776, 0.949330596905, 2.56144222452, 0.984886812761, 3.29000035397, 1.00000079841, 30.4911680351, 7.47814325832
3.22375770913, 1.09998176726, 1.56433321964, 0.858086682212, 2.83000058325, 1.13313672534, 4.13416958364, 1.26000002663, 1.14000079452, 3.09838735435, 1.61440647064, 1.07376573933, 3.04000058159, 1.08157467973, 1.0243622497, 1.00000072726, 1.00000000432, 1.08277609893, 4.37722296748, 0.936274862399, 1.0000002981, 103.855746863, 0.985455043324, 1.91351237346, 1.05658081227, 3.29000061197, 1.00000005785, 58.6444833762, 9.17283863366
1.28849410282, 1.08035636903, 1.57952177019, 0.888029087502, 2.83000089394, 0.963141152844, 3.153560781, 1.26000014757, 1.14000037596, 2.05579643953, 2.03766042188, 1.04396056589, 3.04000039667, 1.03193970884, 0.972615589469, 1.00000022599, 1.00000042833, 1.05333918159, 6.69616686527, 0.936847809034, 1.0000000738, 112.311214409, 0.945640330277, 5.99899080674, 0.952900369751, 3.29000069035, 1.00000003279, 22.890019696, 9.80886814391
5.90921974758, 1.01296979758, 1.67172852739, 0.812408360079, 2.8300004724, 1.17102461448, 3.37058912778, 1.26000031525, 1.14000062919, 1.46383909029, 2.94633978206, 0.935487621991, 3.04000048395, 1.02774802193, 1.05292008295, 1.00000026626, 1.00000081283, 1.04422338858, 9.18379796495, 0.983681615942, 1.00000059516, 96.0476422874, 0.883511429372, 2.11960435716, 1.04091269224, 3.29000064569, 1.00000085985, 27.1344751766, 14.6715964529
2.96018646077, 1.03917811048, 1.59949878831, 0.807003812112, 2.83000015722, 1.04216943033, 4.70862069697, 1.26000048584, 1.140000803, 2.05038541494, 3.09157002637, 0.924727803252, 3.04000055487, 1.0469409587, 0.933416394587, 1.00000038614, 1.00000051367, 1.08555812019, 3.17325247085, 0.911128785425, 1.00000017276, 90.947404305, 0.845844603133, 3.98516906531, 1.01495584168, 3.29000047142, 1.00000039714, 32.221603933, 10.5751772253
3.62106237448, 1.13607224427, 1.60466785397, 0.862841130658, 2.83000040372, 0.962713386638, 2.42347268582, 1.26000062038, 1.14000015073, 2.17613290476, 2.99697255632, 1.06923961645, 3.04000041192, 1.08029833391, 1.02675905601, 1.0000008588, 1.00000071943, 1.04166062238, 7.40722804155, 0.984331782521, 1.00000008266, 95.364331835, 1.0481215832, 5.179281793, 0.980776407082, 3.29000070065, 1.00000065826, 47.4906937988, 10.0565619755
4.81328600315, 1.01296979758, 1.4306645896, 0.812408360079, 2.83000040815, 1.17102461448, 3.37058912778, 1.26000031525, 1.14000062919, 1.46383909029, 2.94633978206, 0.895909908431, 3.04000048395, 1.02774802193, 0.97288929974, 1.00000026626, 1.00000081283, 1.06765642, 9.77818275219, 0.93394076495, 1.00000060123, 96.0476422874, 0.847808098897, 2.91856551359, 1.04091269224, 3.29000057541, 1.00000085985, 76.5799079519, 9.89985225817
1.50264676444, 1.08035636903, 1.41117082921, 0.888029087502, 2.83000052541, 0.963141152844, 3.153560781, 1.2600002873, 1.14000037596, 2.05579643953, 2.03766042188, 1.04396056589, 3.04000054213, 1.03193970884, 0.840442155952, 1.00000022599, 1.00000042833, 1.07432023206, 6.69616686527, 0.936847809034, 1.00000000588, 112.311214409, 0.945640330277, 5.99899080674, 0.952900369751, 3.29000058, 1.00000003279, 56.3993624904, 10.6781006183
1.50264676444, 1.08035636903, 1.39209070008, 0.888029087502, 2.83000089394, 0.963141152844, 3.153560781, 1.26000014757, 1.14000037596, 2.05579643953, 2.03766042188, 1.04396056589, 3.04000054213, 1.03193970884, 1.01197337661, 1.00000022599, 1.00000042833, 1.07432023206, 6.69616686527, 0.936847809034, 1.0000000738, 112.311214409, 0.945640330277, 5.99899080674, 0.952900369751, 3.29000039425, 1.00000045171, 52.0506784363, 16.8460107022
1.39923888941, 1.01401986909, 1.60538761859, 0.968127010879, 2.83000005483, 0.982440896448, 1.11975582734, 1.26000015127, 1.14000055894, 1.25853758473, 1.90000203397, 1.02541272035, 3.04000029151, 1.02715269355, 0.850488165789, 1.00000052004, 1.00000088664, 1.10300493588, 3.08206335018, 0.928772445939, 1.00000030211, 94.4240811951, 1.04606437831, 3.13807210593, 1.01250314455, 3.29000022312, 1.000000065, 103.747047887, 10.5121220593
3.70104516114, 1.0770853983, 1.53039971139, 0.854358669929, 2.83000007279, 1.14136370216, 1.20030979217, 1.26000040783, 1.14000098549, 3.12772697186, 2.44550783095, 0.889918465645, 3.04000071649, 1.116202429, 1.08324725618, 1.00000036842, 1.00000082307, 1.02090513139, 3.79039005413, 0.911294993332, 1.00000066937, 110.52841146, 0.914229419263, 1.12860816437, 1.03275061115, 3.29000039701, 1.0000000147, 55.6487888841, 17.8027683405
4.96699956482, 1.04740983256, 1.46791781364, 0.89178953084, 2.83000091614, 1.07489617564, 3.86924664776, 1.26000093005, 1.1400006516, 2.99874572812, 1.87535937518, 0.921561679304, 3.04000087123, 1.08123281459, 0.896644187459, 1.00000055625, 1.00000007665, 1.01256581295, 4.34929421135, 0.939490587887, 1.00000072323, 115.439209924, 1.04958231701, 1.85918674495, 1.03718734738, 3.29000051721, 1.00000023998, 74.0570338753, 14.2145805734
1.93203350386, 1.08640368482, 1.51323819669, 0.887253474265, 2.83000034762, 0.862797595722, 2.3341353732, 1.26000061315, 1.14000032094, 1.54807639069, 2.76984469344, 0.935567918664, 3.04000031878, 1.04840633265, 1.07232400828, 1.00000034882, 1.00000024131, 1.05324014548, 6.13168660004, 0.986470394923, 1.00000088901, 93.2877668825, 0.95042103197, 1.77334366969, 1.02639073924, 3.29000086856, 1.00000029397, 79.4161182077, 14.0767748423
5.73985339207, 1.01296979758, 1.4306645896, 0.812408360079, 2.83000040815, 1.17102461448, 3.37058912778, 1.26000031525, 1.14000062919, 1.46383909029, 2.94633978206, 0.935487621991, 3.04000048395, 1.02774802193, 1.05292008295, 1.00000026626, 1.00000081283, 1.06765642, 9.18379796495, 0.93394076495, 1.00000059516, 96.0476422874, 0.891428453021, 2.78653327698, 1.04091269224, 3.29000064569, 1.00000085985, 116.573207309, 11.0346614845
2.14679752344, 1.08919821931, 1.35763839561, 0.844876223049, 2.83000036644, 1.11067403666, 2.74132966484, 1.26000086415, 1.14000086719, 2.09611580052, 1.87223681156, 1.00992091291, 3.04000051904, 1.07053986172, 1.05996563827, 1.00000059306, 1.00000042914, 1.00325740217, 3.78331211501, 0.954340577878, 1.00000033273, 82.1172646014, 1.01283386866, 4.89072982105, 1.04861211872, 3.2900002866, 1.00000004157, 89.7552741095, 14.644546811
1.25328019453, 1.07167101793, 1.62971189213, 0.883567252223, 2.83000081839, 0.998738860717, 5.0542387067, 1.26000081734, 1.14000022907, 1.85242053645, 2.62269528661, 1.01121037253, 3.04000083085, 1.01950602567, 1.03440205124, 1.00000085662, 1.0000009935, 1.09477102853, 5.13113105112, 0.971498545637, 1.00000083377, 77.4208703795, 0.893189038782, 1.26432579823, 0.981970608173, 3.29000001326, 1.00000001584, 158.126401782, 12.1061811949
4.01478455835, 1.10748636, 1.65981746326, 0.822067902339, 2.83000072588, 0.944172981384, 3.68082794145, 1.26000056286, 1.14000001971, 3.15847659877, 1.92934283169, 0.893679849304, 3.0400001146, 1.022054053, 0.781141380166, 1.00000017513, 1.00000072255, 1.0287061976, 8.76669043237, 0.913789080426, 1.00000085654, 81.4677390811, 0.965642869321, 1.84833665245, 0.952432727611, 3.29000089635, 1.00000094179, 120.382258387, 13.5038326287
3.62106237448, 1.13607224427, 1.60466785397, 0.862841130658, 2.83000040372, 0.937725612722, 2.42347268582, 1.26000062038, 1.14000015073, 1.98058117498, 2.99697255632, 1.06923961645, 3.04000041192, 1.08029833391, 1.02675905601, 1.0000008588, 1.00000071943, 1.04166062238, 7.40722804155, 0.984331782521, 1.00000008266, 80.9458367502, 0.845844603133, 5.179281793, 0.952350510874, 3.29000018521, 1.00000065826, 150.142180872, 12.3207232465
1.86150547269, 1.05358450959, 1.57158462792, 0.821121466652, 2.83000050667, 1.06286676447, 4.95628666462, 1.26000091929, 1.14000085602, 2.4612497403, 2.21342920175, 0.897019916738, 3.04000053801, 1.0398216303, 1.01192998095, 1.0000004276, 1.0000005319, 1.06116433137, 8.07191568182, 0.963354578298, 1.00000055647, 92.3255049928, 1.02919800025, 1.52060895472, 1.04765038837, 3.29000090412, 1.00000018022, 76.9886183315, 19.7280318097
4.12990270346, 1.10536667372, 1.59687530738, 0.830385609628, 2.83000028163, 1.00590324312, 1.91042651043, 1.26000022711, 1.14000094447, 2.99926425332, 2.67257036594, 0.976564259135, 3.04000063403, 1.04174213523, 0.851605796535, 1.00000000913, 1.00000025438, 1.01075443478, 7.16295480098, 0.963183082551, 1.00000081023, 103.514921732, 1.08189094387, 4.70430421186, 0.981746965135, 3.29000042595, 1.00000025537, 193.023287465, 13.2806330213
2.21568502706, 1.13561857877, 1.57305416817, 0.937024587673, 2.83000031031, 1.02539673544, 3.98650915822, 1.26000079238, 1.14000035954, 3.35802766083, 2.65413155448, 1.07078245952, 3.04000082135, 1.11477879197, 0.872834217844, 1.00000094366, 1.00000021785, 1.08629791221, 6.78084707939, 0.952328768107, 1.00000062688, 117.350193385, 0.875143219569, 5.02271265693, 1.06862114852, 3.29000006432, 1.00000050693, 99.4076046262, 15.2693395966
2.21568502706, 1.13561857877, 1.57305416817, 0.937024587673, 2.83000031031, 1.02539673544, 4.28684868476, 1.26000079238, 1.14000035954, 3.35802766083, 2.65413155448, 1.07078245952, 3.04000082135, 1.11477879197, 0.847095114828, 1.00000094366, 1.00000021785, 1.08629791221, 6.78084707939, 0.952328768107, 1.00000062688, 119.561327, 0.875143219569, 5.02271265693, 1.06862114852, 3.29000006432, 1.00000050693, 203.274047788, 13.6505137661
5.19184920042, 1.06198357202, 1.49486904683, 0.927542168551, 2.83000002299, 0.871334312921, 2.32714507622, 1.26000095699, 1.1400005229, 1.5588010266, 2.50114105655, 1.04904281569, 3.04000051776, 1.02708598899, 0.883834346729, 1.00000023714, 1.00000056778, 1.0121094373, 3.15979587808, 0.993232585692, 1.00000044921, 94.1376197382, 0.842422036402, 5.29894427083, 1.06243606142, 3.29000021942, 1.00000062365, 109.212629221, 16.8157504606
5.90630168123, 1.03976627828, 1.57873201896, 0.91038137737, 2.83000095995, 1.13206731433, 2.05246072429, 1.26000090951, 1.14000054423, 2.30607332783, 2.63434428131, 1.07274691306, 3.04000015603, 1.04225964065, 0.958547476293, 1.00000082822, 1.00000066294, 1.02875802363, 3.66809479718, 0.962357301775, 1.00000032236, 121.178499875, 0.90867913807, 3.67513088591, 0.99021409959, 3.29000007823, 1.00000022177, 94.0933997025, 20.1440507554
5.54281088363, 1.12813303696, 1.49802504558, 0.807690350178, 2.83000059719, 0.928953152916, 2.19866093965, 1.26000025627, 1.14000085778, 1.80314819155, 1.62627817161, 1.00525470447, 3.0400001881, 1.05564575971, 1.08316478744, 1.00000022576, 1.00000019043, 1.04945650772, 6.89507256937, 0.975926701835, 1.00000084108, 123.662686666, 0.936792938962, 1.17843492452, 0.954505108774, 3.29000045102, 1.00000015037, 129.209325213, 16.2032388091
1.99546577918, 1.01655898515, 1.73336391671, 0.827748547727, 2.83000048003, 0.924653257371, 5.19163827, 1.26000068978, 1.14000063835, 1.62021043129, 2.80985295161, 0.89148187896, 3.04000078715, 1.0601864132, 0.788511247246, 1.00000059899, 1.00000000094, 1.0572872624, 8.68276136653, 0.938934391945, 1.00000048757, 99.8616899515, 0.946612384812, 5.00801688621, 0.966876173037, 3.29000058791, 1.00000034148, 292.021996701, 14.5175354393
1.6900243562, 1.08747835868, 1.35277782843, 0.904119046661, 2.83000001171, 1.14863148495, 5.5077111214, 1.26000032589, 1.14000032982, 1.43715883013, 3.01588452396, 0.989956292127, 3.04000095812, 1.08655802453, 1.01384293037, 1.00000028132, 1.0000008709, 1.05680810248, 5.23921890379, 0.922785799891, 1.00000098188, 112.515221033, 0.949370851057, 1.14711561233, 0.951959705191, 3.29000028526, 1.00000074473, 105.292379006, 20.6997374549
1.81588932824, 1.03560130542, 1.69802386849, 0.951342075134, 2.8300002669, 1.02428884559, 3.62276175118, 1.26000089717, 1.14000088991, 3.60054076109, 2.41432613945, 1.04245869288, 3.04000033727, 1.01338603409, 0.992416426655, 1.00000076494, 1.00000038417, 1.07404986774, 8.75749564309, 0.946361518999, 1.00000018815, 114.574645586, 0.902062712809, 5.77444745824, 1.03548928799, 3.29000006167, 1.00000002081, 343.53405077, 14.5465996413
5.19184920042, 1.06198357202, 1.49486904683, 0.927542168551, 2.83000036518, 0.871334312921, 2.32714507622, 1.26000095699, 1.1400005229, 1.5588010266, 2.50114105655, 1.04904281569, 3.04000051776, 1.02708598899, 0.893258064479, 1.00000026412, 1.00000056778, 1.0121094373, 3.15979587808, 0.99572822428, 1.00000044921, 94.1376197382, 0.842422036402, 5.29894427083, 1.06243606142, 3.29000015456, 1.00000062365, 199.509961933, 15.1535689018
5.19184920042, 1.06198357202, 1.49486904683, 0.927542168551, 2.83000036518, 0.904143705108, 2.32714507622, 1.26000095699, 1.1400005229, 1.5588010266, 2.50114105655, 0.913234482784, 3.04000068195, 1.02708598899, 0.883834346729, 1.00000026412, 1.00000056778, 1.0121094373, 4.57487932876, 0.99572822428, 1.00000044921, 94.1376197382, 0.842422036402, 5.29894427083, 1.06243606142, 3.29000015456, 1.00000062365, 130.071369178, 17.0235504694
4.44150652057, 1.08404725174, 1.6644896622, 0.888646635305, 2.83000029727, 0.931806027119, 5.96991505419, 1.26000053934, 1.14000045374, 3.56427343218, 2.83935151655, 1.00470870083, 3.04000053801, 1.09745312528, 0.837076592353, 1.00000004007, 1.00000013624, 1.08926871176, 4.17614451269, 0.953645930071, 1.00000002122, 102.167887333, 1.08381351092, 1.58340159468, 1.03396722134, 3.29000063373, 1.00000019904, 112.932645787, 22.3505250301
5.19184920042, 1.03091687212, 1.49486904683, 0.927542168551, 2.83000036518, 0.871334312921, 2.32714507622, 1.26000095699, 1.1400005229, 1.5588010266, 2.50114105655, 1.04904281569, 3.04000051776, 1.02708598899, 0.883834346729, 1.00000026412, 1.00000056778, 1.0121094373, 4.57487932876, 0.981582973033, 1.00000044921, 94.1376197382, 0.842422036402, 5.29894427083, 1.06243606142, 3.29000015456, 1.00000062365, 160.720829732, 16.7953098118
3.22375770913, 1.05104695525, 1.68048069718, 0.858086682212, 2.83000058325, 1.13313672534, 4.13416958364, 1.26000002663, 1.14000079452, 3.09838735435, 1.61440647064, 1.07376573933, 3.04000058159, 1.05564575971, 0.883993647141, 1.00000072726, 1.00000000432, 1.08277609893, 4.37722296748, 0.999693037388, 1.00000020413, 106.332204007, 1.01226060773, 3.37793814884, 1.05658081227, 3.29000035707, 1.00000034897, 223.462060475, 15.7060203609
4.44150652057, 1.08404725174, 1.6644896622, 0.888646635305, 2.83000029727, 0.931806027119, 5.96991505419, 1.26000053934, 1.14000045374, 3.56427343218, 2.83935151655, 0.982974417867, 3.04000053801, 1.09745312528, 0.837076592353, 1.00000004007, 1.00000013624, 1.08926871176, 4.17614451269, 0.970950914527, 1.00000002122, 102.167887333, 1.08381351092, 1.58340159468, 1.03396722134, 3.29000066996, 1.00000019904, 125.933815292, 22.2917133483
5.19184920042, 1.06198357202, 1.49486904683, 0.927542168551, 2.83000036518, 0.871334312921, 2.32714507622, 1.26000095699, 1.1400005229, 1.5588010266, 2.50114105655, 1.04904281569, 3.04000051776, 1.02708598899, 0.883834346729, 1.00000026412, 1.00000056778, 1.0121094373, 4.57487932876, 0.99572822428, 1.00000044921, 94.1376197382, 0.842422036402, 5.29894427083, 1.06243606142, 3.29000015456, 1.00000062365, 335.625455367, 15.3625712326
5.80704002227, 1.08650715468, 1.43218054834, 0.965527514067, 2.83000057128, 1.11997196516, 2.6665481992, 1.26000050715, 1.14000045325, 2.48388187233, 1.57462029741, 0.956700637571, 3.04000056656, 1.0289301576, 0.998529214751, 1.000000161, 1.00000079551, 1.09997417336, 8.1630683522, 0.957646222558, 1.00000040315, 105.723155167, 1.03301498422, 3.30852815249, 0.983371774345, 3.29000041337, 1.00000090339, 227.021660119, 15.793252659
1.6900243562, 1.08747835868, 1.35277782843, 0.904119046661, 2.83000001171, 1.14863148495, 1.73078470816, 1.26000082751, 1.14000032982, 1.43715883013, 3.01588452396, 0.90870091507, 3.04000095812, 1.08655802453, 1.01384293037, 1.00000028132, 1.00000032541, 1.05680810248, 5.23921890379, 0.987682310163, 1.00000099211, 87.0816216467, 1.03670553622, 1.14711561233, 0.951959705191, 3.29000035397, 1.00000074473, 238.210678203, 16.1989573213
1.6900243562, 1.13697858409, 1.35277782843, 0.904119046661, 2.83000001171, 1.14863148495, 5.5077111214, 1.26000032589, 1.14000032982, 1.43715883013, 3.01588452396, 0.989956292127, 3.04000095812, 1.08655802453, 1.01384293037, 1.00000028132, 1.0000008709, 1.05680810248, 5.23921890379, 0.922785799891, 1.00000098188, 112.515221033, 0.949370851057, 1.14711561233, 0.951959705191, 3.29000028526, 1.00000074473, 163.834810467, 17.7195512027
1.50264676444, 1.08035636903, 1.41117082921, 0.888029087502, 2.83000052541, 0.963141152844, 2.3053074246, 1.2600002873, 1.14000037596, 2.05579643953, 2.03766042188, 1.04396056589, 3.04000054213, 1.00079275305, 0.840442155952, 1.00000036842, 1.00000042833, 1.07432023206, 6.69616686527, 0.960761305681, 1.00000000588, 112.311214409, 0.945640330277, 5.99899080674, 0.952900369751, 3.29000066179, 1.00000003279, 131.415069473, 22.6003320149
4.60896615543, 1.0129216172, 1.69944240403, 0.8336707861, 2.83000091073, 1.15895794707, 2.08672017092, 1.26000039125, 1.14000050215, 2.30299024783, 1.87181668008, 1.06530385114, 3.04000087093, 1.00565415918, 0.901561700636, 1.00000058555, 1.00000014759, 1.00535939513, 9.59214603497, 0.987312588011, 1.00000098123, 83.3879115506, 0.955128171575, 5.48392169728, 1.04538044463, 3.29000062204, 1.00000073929, 146.12476441, 22.3716243924
5.80704002227, 1.04709103878, 1.43218054834, 0.965527514067, 2.83000057128, 1.11997196516, 2.64497780173, 1.26000050715, 1.14000045325, 2.48388187233, 1.58142594698, 0.956700637571, 3.04000056656, 1.07059486363, 0.998529214751, 1.000000161, 1.00000079551, 1.09997417336, 8.1630683522, 0.957646222558, 1.00000040315, 105.723155167, 1.03301498422, 3.20557145136, 0.973525620646, 3.29000041337, 1.00000090339, 278.228679656, 16.3097766309
1.39923888941, 1.01401986909, 1.60538761859, 0.997332853516, 2.83000005483, 0.982440896448, 3.67835561436, 1.26000001021, 1.1400009521, 1.93304615097, 1.90000203397, 0.952778511462, 3.04000029151, 1.02715269355, 0.850488165789, 1.00000023291, 1.00000088664, 1.01063567803, 3.29392785618, 0.928772445939, 1.00000030211, 86.8322105948, 1.04540801164, 4.06632499102, 0.995024522531, 3.29000022312, 1.00000030151, 181.562859584, 18.2438174631
2.25929285843, 1.06366004299, 1.59115944929, 0.897520243009, 2.83000091966, 1.1273785042, 1.84139240106, 1.26000096024, 1.14000091677, 3.28757573456, 2.87024430058, 0.950553265454, 3.04000097342, 1.07172430813, 0.86957974123, 1.00000061116, 1.00000008913, 1.0252269523, 9.77321633093, 0.917572041762, 1.00000066137, 102.489167898, 0.928263019812, 1.03434717523, 0.974098392598, 3.29000089033, 1.00000023943, 134.276513921, 22.9392412743
3.7583826748, 1.04971482723, 1.64370260284, 0.896053347599, 2.83000041344, 1.1583016164, 1.52045452098, 1.26000031525, 1.14000037416, 3.53924101713, 2.06350604811, 1.06530385114, 3.0400009415, 1.11306755863, 0.938483086252, 1.00000002756, 1.00000087437, 1.00972367133, 9.69264928664, 0.952640305154, 1.00000050628, 76.0143600454, 0.841241830379, 4.51299481881, 0.966375417205, 3.29000096262, 1.0000002141, 197.404588869, 18.2388504687
1.50264676444, 1.08035636903, 1.39209070008, 0.888029087502, 2.83000089394, 0.963141152844, 3.153560781, 1.26000015127, 1.14000037596, 2.03845903885, 2.44327308417, 1.04396056589, 3.04000054213, 1.03193970884, 1.01197337661, 1.00000022599, 1.00000042833, 1.07432023206, 6.69616686527, 0.91180396765, 1.0000000738, 112.311214409, 0.945640330277, 5.51808450929, 0.952900369751, 3.29000039425, 1.00000045171, 463.7323259, 16.2813408401
4.12990270346, 1.10536667372, 1.59687530738, 0.830385609628, 2.83000028163, 1.06166038213, 1.91042651043, 1.26000022711, 1.14000058402, 2.70229424664, 2.67257036594, 0.976564259135, 3.04000063403, 1.04174213523, 0.919663667929, 1.00000000913, 1.00000025438, 1.01075443478, 7.16295480098, 0.963183082551, 1.00000098472, 108.830015427, 1.08189094387, 4.70430421186, 0.981746965135, 3.29000042595, 1.00000025537, 159.90351267, 22.8088167212
5.90630168123, 1.01615442189, 1.57873201896, 0.91038137737, 2.83000095995, 1.13206731433, 4.04838176561, 1.26000090951, 1.14000054423, 2.30607332783, 2.63434428131, 1.07274691306, 3.04000015603, 1.04225964065, 0.958547476293, 1.00000082822, 1.00000066294, 1.02875802363, 3.66809479718, 0.98571964405, 1.00000032236, 121.178499875, 1.07903059056, 3.67513088591, 0.99021409959, 3.29000007823, 1.00000015037, 442.234547296, 16.3430093422
2.04961381904, 1.09383789142, 1.71561946417, 0.966692837671, 2.83000025283, 1.0713930663, 1.31924995056, 1.26000095505, 1.14000020144, 2.16855090896, 2.02716093005, 1.02970291518, 3.0400000297, 1.06059032469, 0.990707907023, 1.00000004707, 1.00000003993, 1.05366152229, 3.10087772889, 0.920498574731, 1.00000022662, 119.630696856, 0.978662006393, 3.48734715939, 0.967084910907, 3.29000029287, 1.00000060307, 253.39604301, 17.4545898426
1.50264676444, 1.08035636903, 1.41117082921, 0.888029087502, 2.83000088585, 0.963141152844, 2.7505409312, 1.2600005245, 1.14000069777, 2.05579643953, 2.03766042188, 1.04396056589, 3.04000054213, 1.07059486363, 0.840442155952, 1.00000036842, 1.00000042833, 1.07432023206, 6.69616686527, 0.957646222558, 1.00000000588, 86.8935756503, 0.945640330277, 5.99899080674, 0.952900369751, 3.29000066179, 1.00000003279, 460.032030661, 16.5871406522
4.11573368281, 1.05931131791, 1.38653937643, 0.936908126088, 2.83000088772, 0.930402309258, 4.55799577554, 1.26000094921, 1.14000051628, 1.33077121834, 3.05509075342, 1.03205568397, 3.04000051693, 1.07779782005, 0.828398692086, 1.00000014066, 1.00000050026, 1.03485644183, 7.37902252009, 0.94295903767, 1.00000099556, 120.236381498, 1.08863178488, 3.73294039737, 1.04175479513, 3.2900001483, 1.00000098627, 433.991811746, 16.7976253465
1.25328019453, 1.04149475684, 1.39184054726, 0.83114348465, 2.83000065756, 1.06582985438, 4.94893276004, 1.26000046045, 1.14000096509, 1.68203244009, 1.62841105819, 1.04200747267, 3.04000083085, 1.03929967565, 0.804501702703, 1.00000064913, 1.00000085535, 1.03699045394, 7.78643863496, 0.997032755453, 1.00000036501, 77.446451831, 0.893189038782, 4.33003571418, 0.970193065953, 3.29000038647, 1.00000083551, 210.093940438, 18.7055113439
3.97820682805, 1.03917811048, 1.57131318131, 0.807003812112, 2.83000011048, 1.04216943033, 4.70862069697, 1.26000048584, 1.140000803, 2.39356040066, 3.09157002637, 0.973462997112, 3.04000055487, 1.0469409587, 0.933416394587, 1.00000038614, 1.00000051367, 1.08555812019, 3.17325247085, 0.911128785425, 1.00000017276, 76.0789150001, 0.845844603133, 2.9492976824, 1.01495584168, 3.29000098366, 1.0000002207, 496.430142704, 16.5060267243
4.42736350994, 1.08404725174, 1.6644896622, 0.829221158037, 2.83000029727, 0.958662257765, 4.88390204119, 1.26000053934, 1.14000045374, 3.56427343218, 2.83935151655, 1.00470870083, 3.04000011201, 1.02977718441, 0.838704796245, 1.00000004007, 1.00000013624, 1.08926871176, 4.17614451269, 0.922125722615, 1.00000002122, 83.7501197979, 0.929378930474, 1.58340159468, 1.03396722134, 3.29000063373, 1.00000019904, 210.792378326, 19.0761172213
2.08241242379, 1.05358450959, 1.57158462792, 0.821121466652, 2.83000050667, 1.06286676447, 4.95628666462, 1.26000091929, 1.14000085602, 2.4612497403, 2.21342920175, 0.897019916738, 3.04000053801, 1.0398216303, 1.01192998095, 1.0000004276, 1.0000005319, 1.06116433137, 8.07191568182, 0.963354578298, 1.00000055647, 92.3255049928, 1.02919800025, 1.52060895472, 1.04765038837, 3.29000090412, 1.00000018022, 222.242355017, 18.7176807155
5.73985339207, 1.01296979758, 1.4306645896, 0.812408360079, 2.83000040815, 1.17102461448, 3.37058912778, 1.26000031525, 1.14000062919, 1.46383909029, 2.94633978206, 0.895909908431, 3.04000048395, 1.02774802193, 0.97288929974, 1.00000026626, 1.00000081283, 1.06765642, 9.18379796495, 0.93394076495, 1.00000060123, 96.0476422874, 0.847808098897, 2.91856551359, 1.04091269224, 3.29000064569, 1.00000085985, 217.859183758, 19.1555915913
2.19943985545, 1.13059259306, 1.40452828022, 0.824721861882, 2.83000017123, 0.910353881094, 2.6067408714, 1.26000022063, 1.14000047596, 2.63177797595, 1.76450504852, 1.09286055203, 3.04000055586, 1.08029833391, 1.04156366977, 1.00000002465, 1.00000069832, 1.02914480028, 9.1602505223, 0.959197578264, 1.00000091557, 114.60315174, 1.0481215832, 2.88488561304, 0.951483244652, 3.29000078073, 1.00000056557, 178.549049241, 23.6015886366
1.93203350386, 1.08640368482, 1.51323819669, 0.887253474265, 2.83000034762, 0.862797595722, 2.3341353732, 1.26000061315, 1.14000032094, 1.54807639069, 2.76984469344, 0.935567918664, 3.04000037034, 1.04840633265, 0.904212548682, 1.00000034882, 1.00000024131, 1.07333004525, 6.13168660004, 0.986470394923, 1.00000088901, 93.2877668825, 0.95042103197, 1.77334366969, 1.02639073924, 3.29000017532, 1.00000018786, 165.495993388, 25.0655778839
3.22375770913, 1.05104695525, 1.46748705626, 0.810501190687, 2.83000058325, 1.13313672534, 4.13416958364, 1.26000002663, 1.14000079452, 3.09838735435, 1.58558284667, 1.07376573933, 3.04000058159, 1.05564575971, 0.883993647141, 1.00000022503, 1.00000000432, 1.08277609893, 4.37722296748, 0.999693037388, 1.00000018464, 106.332204007, 1.01226060773, 3.37793814884, 1.05658081227, 3.29000035707, 1.00000057211, 179.525509993, 24.4661590049
5.80688557036, 1.04997536803, 1.49878281488, 0.953398049755, 2.83000006097, 0.883096922484, 3.67022703448, 1.26000085361, 1.14000006875, 1.50571774002, 1.88017041206, 1.03523299295, 3.04000070855, 1.00568858511, 0.873051331766, 1.00000024309, 1.00000077107, 1.05543033653, 8.44815943154, 0.921515171145, 1.00000075998, 76.7565957131, 1.04989056083, 2.43575787356, 0.956378639985, 3.29000088484, 1.00000013387, 190.636470444, 24.8557556198
1.6900243562, 1.08747835868, 1.35277782843, 0.904119046661, 2.83000028163, 1.14863148495, 1.91042651043, 1.26000057229, 1.14000032982, 1.71285904685, 3.08841372413, 0.886420944973, 3.04000095812, 1.11160021264, 0.851605796535, 1.00000070841, 1.0000008709, 1.05680810248, 4.50812795026, 0.987682310163, 1.00000098188, 112.515221033, 0.949330596905, 1.60049223588, 0.951959705191, 3.29000035397, 1.00000074473, 349.266988976, 17.7426394281
4.44150652057, 1.08871047993, 1.6644896622, 0.807341851955, 2.83000029727, 0.931806027119, 5.96991505419, 1.26000053934, 1.14000045374, 3.56427343218, 2.83935151655, 1.00470870083, 3.04000053801, 1.02977718441, 0.837076592353, 1.00000004007, 1.00000013624, 1.08926871176, 4.17614451269, 0.953645930071, 1.00000002122, 102.167887333, 0.971227304783, 1.58340159468, 1.03396722134, 3.29000063373, 1.00000019904, 252.546302005, 19.6102990321
4.44150652057, 1.08404725174, 1.6644896622, 0.829221158037, 2.83000029727, 0.931806027119, 5.96991505419, 1.26000053934, 1.14000045374, 3.56427343218, 2.83935151655, 1.00470870083, 3.04000053801, 1.02977718441, 0.837076592353, 1.00000004007, 1.00000013624, 1.08926871176, 4.17614451269, 0.953645930071, 1.00000002122, 83.7501197979, 0.929378930474, 1.58340159468, 1.03396722134, 3.29000063373, 1.00000019904, 353.831169636, 17.9100278327
3.62106237448, 1.13607224427, 1.60466785397, 0.862841130658, 2.83000040372, 0.962713386638, 2.42347268582, 1.26000062038, 1.14000015073, 2.17613290476, 2.99697255632, 1.06923961645, 3.04000041192, 1.07059486363, 0.854649081241, 1.0000008588, 1.00000071943, 1.04166062238, 3.81102671856, 0.979999097024, 1.00000008266, 95.364331835, 0.944164907376, 5.179281793, 1.00040852723, 3.29000099827, 1.00000065826, 524.781600916, 17.5920792326
5.80704002227, 1.08650715468, 1.43218054834, 0.965527514067, 2.83000057128, 1.11997196516, 2.6665481992, 1.26000050715, 1.14000045325, 2.48388187233, 1.58142594698, 0.956700637571, 3.04000056656, 1.03065883885, 0.998529214751, 1.000000161, 1.00000079551, 1.09997417336, 8.1630683522, 0.957646222558, 1.00000040315, 105.723155167, 1.03301498422, 3.30852815249, 0.983371774345, 3.29000041337, 1.00000090339, 502.832106543, 17.6311506384
1.35838340012, 1.04149475684, 1.37067739129, 0.807341851955, 2.83000065756, 0.902521080226, 4.58837346109, 1.26000046045, 1.1400004405, 1.68203244009, 1.62841105819, 1.04200747267, 3.04000033727, 1.03929967565, 0.794076427119, 1.00000064913, 1.00000085535, 1.03699045394, 7.78643863496, 0.997032755453, 1.00000036501, 77.446451831, 0.896667047823, 4.33003571418, 1.03276987132, 3.29000038647, 1.00000083551, 596.696022569, 17.6990644108
5.98368208063, 1.06198357202, 1.49486904683, 0.927542168551, 2.83000036518, 0.871334312921, 4.39632550866, 1.26000095699, 1.14000004659, 2.21315596924, 2.50114105655, 1.04904281569, 3.04000051776, 1.02708598899, 0.883834346729, 1.00000012657, 1.00000071726, 1.0121094373, 4.38363101905, 0.99572822428, 1.00000044921, 87.9089765379, 1.020771632, 3.88091712721, 1.06541135318, 3.29000015456, 1.00000062365, 501.056179244, 17.7696837448
3.22375770913, 1.09998176726, 1.56433321964, 0.888029087502, 2.83000058325, 1.13313672534, 4.47070525846, 1.26000002663, 1.14000079452, 2.57792186262, 1.61440647064, 1.07376573933, 3.04000058159, 1.08157467973, 0.972615589469, 1.00000072726, 1.00000000432, 1.07574925576, 5.26317143914, 0.936274862399, 1.0000002981, 103.855746863, 0.985455043324, 1.91351237346, 1.05658081227, 3.29000061197, 1.00000009313, 209.689209606, 26.0918406977
5.72709069749, 1.10332647132, 1.35251706805, 0.8787817341, 2.83000055589, 0.968957857717, 3.17839217307, 1.26000060853, 1.14000077515, 2.60469622689, 2.26715372206, 0.982650947746, 3.04000053239, 1.086051976, 1.0448656135, 1.00000058247, 1.00000033817, 1.06653657361, 6.16241911658, 0.910131773908, 1.00000091533, 103.775815324, 1.04606437831, 2.34222000668, 0.99548087957, 3.29000045825, 1.00000042595, 353.237030541, 18.914043643
5.73985339207, 1.01296979758, 1.4306645896, 0.812408360079, 2.83000040815, 1.17102461448, 3.37058912778, 1.26000031525, 1.14000062919, 1.46383909029, 2.94633978206, 0.895909908431, 3.04000048395, 1.02774802193, 0.97288929974, 1.00000026626, 1.00000081283, 1.06765642, 9.18379796495, 0.93394076495, 1.00000060123, 96.0476422874, 0.847808098897, 2.91856551359, 1.04091269224, 3.29000057541, 1.00000085985, 279.333546963, 20.3881449271
1.39923888941, 1.01401986909, 1.60538761859, 0.968127010879, 2.83000005483, 0.982440896448, 3.67835561436, 1.26000001021, 1.1400009521, 1.93304615097, 1.90000203397, 0.952778511462, 3.04000029151, 1.02715269355, 0.850488165789, 1.00000023291, 1.00000088664, 1.10300493588, 3.29392785618, 0.928772445939, 1.00000030211, 94.4240811951, 1.04606437831, 4.06632499102, 0.995024522531, 3.29000022312, 1.00000030151, 385.650795472, 18.7565590191
3.7583826748, 1.01727006964, 1.64370260284, 0.896053347599, 2.83000041344, 1.1583016164, 1.52045452098, 1.26000031525, 1.14000037416, 3.53924101713, 2.06350604811, 1.06530385114, 3.0400009415, 1.00278403441, 0.894883824508, 1.00000002756, 1.00000073833, 1.00972367133, 9.69264928664, 0.952640305154, 1.00000015871, 76.0143600454, 0.841241830379, 3.81809725183, 1.06820586018, 3.29000096262, 1.0000002141, 369.074309292, 19.0224584917
2.04961381904, 1.09383789142, 1.71561946417, 0.966692837671, 2.83000025283, 1.0713930663, 1.31924995056, 1.26000035043, 1.14000020144, 2.16855090896, 2.02716093005, 1.02970291518, 3.0400000297, 1.06059032469, 0.990707907023, 1.00000004707, 1.00000003993, 1.03563396681, 3.10087772889, 0.920498574731, 1.00000022662, 76.0143600454, 0.954831538331, 3.48734715939, 0.967084910907, 3.29000029287, 1.00000060307, 219.302498958, 25.5313454134
4.94968016755, 1.02855036596, 1.50201206592, 0.958878878591, 2.83000059627, 1.09599103558, 1.23284539025, 1.26000090807, 1.14000044242, 3.08993717155, 1.99189038024, 0.952778511462, 3.04000014006, 1.02742487903, 0.920117799944, 1.000000606, 1.00000037938, 1.03698809318, 5.52547553853, 0.922410459331, 1.0000004, 97.0295159103, 1.06231858896, 3.32537677004, 0.952014917382, 3.29000068734, 1.00000005558, 287.262504411, 21.5338682803
1.6900243562, 1.08747835868, 1.35277782843, 0.904119046661, 2.83000028163, 1.14863148495, 1.91042651043, 1.26000057229, 1.14000032982, 1.43715883013, 3.01588452396, 0.923004264126, 3.04000095812, 1.08655802453, 0.851605796535, 1.00000028132, 1.0000008709, 1.05680810248, 5.23921890379, 0.987682310163, 1.00000098188, 112.515221033, 0.949330596905, 1.60049223588, 0.951959705191, 3.29000035397, 1.00000074473, 310.015246817, 21.0628642987
5.60477126083, 1.12813303696, 1.43778122548, 0.807690350178, 2.83000059719, 0.928953152916, 2.19866093965, 1.26000025627, 1.14000085778, 3.25800575676, 1.62627817161, 1.00525470447, 3.0400001881, 1.05564575971, 1.08316478744, 1.00000022576, 1.00000019043, 1.04945650772, 6.89507256937, 0.975926701835, 1.00000084108, 123.662686666, 0.936792938962, 1.00727805515, 0.954505108774, 3.29000045102, 1.00000015037, 316.136678964, 20.9505673364
3.22375770913, 1.05104695525, 1.68048069718, 0.858086682212, 2.83000058325, 1.13313672534, 4.13416958364, 1.26000002663, 1.14000079452, 3.09838735435, 1.61440647064, 1.07376573933, 3.04000058159, 1.08157467973, 1.04329822171, 1.00000072726, 1.00000000432, 1.08277609893, 4.37722296748, 0.999693037388, 1.0000002981, 103.855746863, 0.931658275455, 3.20013585928, 1.05658081227, 3.29000035707, 1.00000034897, 539.799625708, 18.0070475006
5.54281088363, 1.11199831701, 1.5029456195, 0.807690350178, 2.83000059719, 0.928953152916, 2.19866093965, 1.26000049099, 1.14000085778, 1.80314819155, 1.62627817161, 0.925615151068, 3.0400001881, 1.05564575971, 1.08316478744, 1.00000022576, 1.00000019043, 1.04945650772, 6.89507256937, 0.975926701835, 1.00000084108, 123.662686666, 0.936792938962, 3.79108452685, 0.954505108774, 3.29000045102, 1.00000015037, 555.353025387, 18.0391663484
5.72709069749, 1.10332647132, 1.35251706805, 0.852777442052, 2.83000055589, 0.968957857717, 3.17839217307, 1.26000060853, 1.14000077515, 2.60469622689, 2.46838270531, 0.982650947746, 3.04000099252, 1.086051976, 1.0448656135, 1.00000058247, 1.00000033817, 1.06653657361, 6.16241911658, 0.910131773908, 1.00000091533, 78.9908330686, 1.04540801164, 2.89825846606, 0.993193180846, 3.29000045825, 1.00000031729, 226.809909973, 25.9588804872
1.93546539391, 1.13870040195, 1.64609875007, 0.835881570008, 2.83000018647, 1.09766464496, 3.24997540893, 1.26000050715, 1.14000030561, 1.54316855452, 2.81376715285, 0.892174171221, 3.04000079668, 1.10728016347, 0.82854770464, 1.00000083278, 1.00000022519, 1.00831752194, 6.28186008044, 0.94444832897, 1.00000018708, 96.2137255595, 1.03301498422, 4.12761921038, 0.984117764576, 3.29000041337, 1.0000001443, 318.737260384, 21.2897313893
2.21568502706, 1.07729324312, 1.57305416817, 0.937024587673, 2.83000031031, 1.02539673544, 4.28684868476, 1.26000079238, 1.14000035954, 3.35802766083, 2.65413155448, 1.07078245952, 3.04000082135, 1.02742487903, 0.847095114828, 1.00000080036, 1.00000021785, 1.08629791221, 6.78084707939, 0.952328768107, 1.00000062688, 119.561327, 1.00002622851, 3.32537677004, 1.06862114852, 3.29000006432, 1.00000050693, 445.894303503, 19.0671432045
4.12990270346, 1.10536667372, 1.59687530738, 0.830385609628, 2.83000001721, 1.00590324312, 3.74139923689, 1.26000022711, 1.14000094447, 2.99926425332, 2.67257036594, 0.976564259135, 3.04000065496, 1.04174213523, 1.01384293037, 1.00000000913, 1.00000025438, 1.01075443478, 7.16295480098, 0.963183082551, 1.00000081023, 103.514921732, 1.08189094387, 4.70430421186, 0.981746965135, 3.29000042595, 1.00000025537, 583.73054628, 18.1409654288
3.42393868603, 1.09400189895, 1.41571732134, 0.919567973985, 2.83000050714, 1.17650274234, 3.62814155682, 1.26000090233, 1.14000053204, 2.50821538711, 2.70041515275, 0.892032316948, 3.04000098587, 1.06381263109, 0.85932429109, 1.0000000454, 1.0000001122, 1.03125195744, 6.78910650702, 0.9845203565, 1.00000045663, 117.495880233, 1.020771632, 1.16322051058, 0.978353044728, 3.2900001154, 1.00000024287, 242.127840163, 26.2061283584
1.76070989924, 1.08096853899, 1.57305416817, 0.979435381514, 2.83000031031, 1.02539673544, 4.28684868476, 1.26000079238, 1.14000033694, 3.35802766083, 2.65413155448, 1.07078245952, 3.04000082135, 1.02742487903, 0.847095114828, 1.00000031471, 1.00000021785, 1.08629791221, 6.78084707939, 0.952328768107, 1.00000062688, 96.1315832509, 1.00002622851, 3.32537677004, 1.06862114852, 3.29000006432, 1.00000050693, 341.459123324, 22.5894472588
3.30399844218, 1.07938471002, 1.53363754232, 0.971763911326, 2.83000041323, 1.06160239906, 5.97194247203, 1.26000030441, 1.14000046223, 3.44556569433, 2.60300396934, 1.03195778869, 3.04000082641, 1.09930619072, 1.02312267161, 1.00000067494, 1.00000003603, 1.05298286135, 4.86239711986, 0.960856578633, 1.00000050044, 84.1270417558, 0.91139251166, 4.88403927975, 1.01698920774, 3.29000026043, 1.00000040429, 266.800735974, 27.7998332588
3.22375770913, 1.09998176726, 1.56433321964, 0.858086682212, 2.83000058325, 1.13313672534, 4.13416958364, 1.26000002663, 1.14000079452, 3.09838735435, 1.61440647064, 1.07376573933, 3.04000058159, 1.08157467973, 1.0243622497, 1.00000072726, 1.00000000432, 1.08277609893, 4.37722296748, 0.936274862399, 1.0000002981, 103.855746863, 0.985455043324, 1.91351237346, 1.05658081227, 3.29000018695, 1.00000046374, 464.30933565, 20.0439966493
3.7583826748, 1.04971482723, 1.64370260284, 0.896053347599, 2.83000041344, 1.1583016164, 1.52045452098, 1.26000031525, 1.14000037416, 3.53924101713, 2.06350604811, 1.06530385114, 3.0400009415, 1.08029833391, 0.894883824508, 1.00000002756, 1.00000073833, 1.00972367133, 9.69264928664, 0.952640305154, 1.00000015871, 76.0143600454, 0.841241830379, 4.51299481881, 1.06820586018, 3.29000096262, 1.0000002141, 664.400879002, 18.8596670225
1.99546577918, 1.01655898515, 1.72378353784, 0.886565919841, 2.83000048003, 0.924653257371, 5.19163827, 1.26000068978, 1.14000063835, 1.62021043129, 2.80985295161, 0.89148187896, 3.04000078715, 1.10362302185, 0.84909284978, 1.00000059899, 1.00000000793, 1.0572872624, 8.68276136653, 0.938934391945, 1.00000048757, 99.8616899515, 0.946612384812, 5.00801688621, 0.966876173037, 3.29000058791, 1.00000034148, 640.869564262, 18.9399967837
3.22375770913, 1.09998176726, 1.56433321964, 0.858086682212, 2.83000058325, 1.13313672534, 4.13416958364, 1.26000002663, 1.14000079452, 3.09838735435, 1.5876978222, 1.07376573933, 3.04000058159, 1.08157467973, 1.0243622497, 1.00000097107, 1.00000000432, 1.08277609893, 4.37722296748, 0.936274862399, 1.0000002981, 103.855746863, 0.985455043324, 1.91351237346, 1.05658081227, 3.29000018695, 1.00000046374, 392.013990536, 21.9434926702
4.42736350994, 1.06197737242, 1.6644896622, 0.936908126088, 2.83000029727, 0.958662257765, 4.88390204119, 1.26000053934, 1.14000045374, 3.56427343218, 2.83935151655, 0.941839233135, 3.04000011201, 1.02977718441, 0.838704796245, 1.00000003148, 1.00000013624, 1.08926871176, 7.37902252009, 0.926980557787, 1.00000002122, 83.7501197979, 0.907929432708, 1.58340159468, 1.03396722134, 3.29000063373, 1.00000019904, 279.839618049, 26.6877929137
1.93546539391, 1.10500898308, 1.64609875007, 0.835881570008, 2.83000018647, 1.08332344298, 3.24997540893, 1.26000097262, 1.14000030561, 1.45588036484, 2.77844077463, 0.892174171221, 3.04000073383, 1.0601864132, 0.82854770464, 1.00000058243, 1.00000022519, 1.00831752194, 6.28186008044, 0.94444832897, 1.00000018708, 96.2137255595, 1.07942735003, 3.31400240483, 0.984117764576, 3.29000065185, 1.0000001443, 469.29780286, 20.3279344365
5.19184920042, 1.06198357202, 1.49486904683, 0.927542168551, 2.83000036518, 1.0042412951, 2.32714507622, 1.26000095699, 1.1400005229, 1.5588010266, 2.50114105655, 0.913234482784, 3.04000053239, 1.02708598899, 0.883834346729, 1.00000026412, 1.00000056778, 1.0121094373, 4.57487932876, 0.99572822428, 1.00000044921, 102.302094297, 0.842422036402, 5.29894427083, 1.06243606142, 3.29000015456, 1.00000062365, 533.644283678, 19.9778757081
5.72709069749, 1.10332647132, 1.35251706805, 0.852777442052, 2.83000055589, 0.968957857717, 3.17839217307, 1.26000060853, 1.14000077515, 2.60469622689, 2.46838270531, 0.982650947746, 3.04000099252, 1.086051976, 1.0448656135, 1.00000058247, 1.00000033817, 1.06653657361, 6.16241911658, 0.910131773908, 1.00000091533, 78.9908330686, 1.04606437831, 2.34222000668, 0.99548087957, 3.29000045825, 1.00000042595, 790.239048427, 19.0610012905
3.91098481827, 1.05350932255, 1.41711928393, 0.904119046661, 2.83000028163, 1.17523382866, 1.24086923122, 1.26000057229, 1.14000032982, 1.43715883013, 3.01588452396, 0.923004264126, 3.04000075304, 1.08655802453, 0.851605796535, 1.00000028132, 1.0000008709, 1.08708768569, 5.23921890379, 0.987682310163, 1.00000098188, 121.248385853, 0.949330596905, 2.56144222452, 0.984886812761, 3.29000035397, 1.00000079841, 304.115577787, 28.6860870418
1.6900243562, 1.08747835868, 1.35277782843, 0.904119046661, 2.83000001171, 1.14863148495, 3.74139923689, 1.26000057229, 1.14000032982, 1.43715883013, 3.01588452396, 0.90870091507, 3.04000095812, 1.08655802453, 1.01384293037, 1.00000028132, 1.0000008709, 1.05680810248, 5.23921890379, 0.987682310163, 1.00000098188, 112.515221033, 0.949370851057, 1.14711561233, 0.951959705191, 3.29000035397, 1.00000074473, 430.262245252, 22.4519782736
4.12990270346, 1.06074819602, 1.3896726153, 0.8244585312, 2.83000090555, 1.02253482247, 1.73078470816, 1.2600007001, 1.14000008505, 2.80807969894, 1.93891530108, 0.947540443197, 3.04000015696, 1.11125652443, 0.78141578783, 1.00000064858, 1.00000013015, 1.08752343951, 3.175234828, 0.979247541419, 1.00000060954, 87.0816216467, 0.905024932991, 4.20218969511, 1.01855586623, 3.29000086856, 1.00000029397, 502.142594445, 20.5765065343
5.59114657591, 1.12823889679, 1.40062384549, 0.977477833101, 2.83000020311, 0.933613746568, 5.77226942715, 1.26000044841, 1.14000080775, 2.59719055883, 2.28755831766, 0.923004264126, 3.04000075304, 1.08892564706, 0.781352398988, 1.00000001285, 1.00000039292, 1.00055395146, 7.10645089918, 0.957972912546, 1.0000007346, 120.722763771, 1.01311439079, 4.18605855666, 0.972595142567, 3.29000042161, 1.00000082675, 799.739155127, 19.1317891137
4.96699956482, 1.04740983256, 1.42628518213, 0.89178953084, 2.83000091614, 1.07489617564, 3.86924664776, 1.26000042782, 1.1400006516, 2.99874572812, 1.87535937518, 0.921561679304, 3.04000087123, 1.08123281459, 0.896644187459, 1.00000055625, 1.00000007665, 1.01256581295, 4.34929421135, 0.939490587887, 1.00000072323, 115.439209924, 1.04958231701, 1.85918674495, 1.03718734738, 3.29000051721, 1.00000023998, 716.325826167, 19.2088730346
3.75916182412, 1.0230104472, 1.34555713011, 0.927542168551, 2.83000015253, 1.05263957316, 5.46039508348, 1.2600003095, 1.140000667, 1.41291992766, 2.93531409435, 0.958481815854, 3.04000052344, 1.11546946981, 0.904212548682, 1.00000049153, 1.00000064036, 1.0121094373, 4.07139959588, 0.987312588011, 1.00000011043, 102.43283914, 1.04170362991, 3.964456468, 1.05057730418, 3.29000085722, 1.00000014913, 409.8392972, 22.7787298258
1.93203350386, 1.08640368482, 1.51323819669, 0.887253474265, 2.83000034762, 0.862797595722, 2.3341353732, 1.26000061315, 1.14000032094, 1.54807639069, 2.76984469344, 0.935567918664, 3.04000037034, 1.04840633265, 1.07232400828, 1.00000034882, 1.00000024131, 1.07333004525, 6.13168660004, 0.986470394923, 1.00000088901, 93.2877668825, 0.95042103197, 1.77334366969, 1.02639073924, 3.29000017532, 1.0000003173, 370.974969998, 23.0766437105
