0.156151710775, 0.862102621336, 2.02482582852, 0.540276025295, 24.0100296126, 1.10774746388, 0.64950586376, 1.24378437774, 10.2163047221, 50.8672955843, 0.0145176675345
0.115878580563, 0.919561798836, 2.02482582852, 0.682325931427, 83.4680721357, 1.17321834835, 0.183473724878, 4.68280087845, 2.1341686816, 43.6370927341, 0.0183878268394
0.892954768937, 1.08466651519, 2.02482582852, 0.68375852193, 35.5951676413, 10.8095650467, 0.850108581441, 1.18329706247, 1.31367115071, 30.5580572274, 0.364828877074
0.156151710775, 0.862102621336, 2.02482582852, 0.540276025295, 24.0100296126, 1.10774746388, 0.70561318296, 1.24378437774, 10.2163047221, 59.6882138937, 0.00243915024816
0.111327837475, 0.843205049644, 2.02482582852, 0.59368329971, 35.5951676413, 32.1124123621, 0.850108581441, 4.68280087845, 1.20164143477, 39.5267013343, 0.237166051402
0.126363652188, 0.821351731971, 2.29896509268, 0.682325931427, 35.8680172165, 1.05353937969, 0.533731453408, 4.47288146684, 1.02314573855, 54.4256863172, 0.00687590938384
0.892954768937, 0.843205049644, 2.02482582852, 0.540276025295, 35.5951676413, 32.1124123621, 0.850108581441, 4.68280087845, 1.20164143477, 18.3845122485, 0.554818459259
0.114986508499, 0.887230471763, 2.59586785224, 0.479993658529, 80.083085977, 1.17321834835, 0.984423068685, 1.18329706247, 2.04000176694, 52.7822493001, 0.012169105594
0.892954768937, 0.91644939282, 2.0112700282, 0.590305086032, 35.5951676413, 13.7212326313, 0.533731453408, 0.507350489779, 1.31367115071, 89.9065398775, 0.0
0.899015381138, 0.865782758737, 2.02482582852, 0.564301066537, 35.5951676413, 3.70512305122, 0.533731453408, 4.8416243514, 1.31367115071, 46.4927920574, 0.141503396865
0.126363652188, 0.865782758737, 2.02482582852, 0.486108537238, 35.5951676413, 13.7212326313, 0.533731453408, 4.68280087845, 1.31367115071, 47.695191852, 0.0478383095125
0.156151710775, 0.87303001411, 2.29896509268, 0.517206729585, 88.8947562094, 1.11032518654, 0.533731453408, 4.8416243514, 18.5559248058, 83.1763265974, 0.00348679310984
0.115878580563, 0.911184807051, 2.02482582852, 0.640412805842, 93.410767094, 1.11032518654, 0.41512549464, 3.01833013626, 1.20931808193, 86.5612376281, 0.00267119815468
0.126363652188, 0.825913987073, 2.29896509268, 0.682325931427, 35.8680172165, 1.05353937969, 0.533731453408, 4.47288146684, 1.02314573855, 63.5465518513, 0.00406499492253
0.156151710775, 0.87303001411, 2.02482582852, 0.691095699351, 84.6668716247, 31.9446083601, 0.757068567591, 4.68280087845, 1.31367115071, 41.3597181116, 0.404078796145
0.115878580563, 0.911184807051, 2.02482582852, 0.671388460577, 84.7918359037, 1.09451508454, 0.24051866743, 4.8416243514, 1.20931808193, 58.970488985, 0.00735796414381
0.126363652188, 0.911184807051, 2.02482582852, 0.660864942901, 35.5951676413, 1.08992184121, 0.533731453408, 4.8416243514, 1.31367115071, 95.7914448732, 0.00171414016853
0.114986508499, 0.862102621336, 2.59586785224, 0.416519210012, 80.083085977, 1.17321834835, 0.984423068685, 1.28515228945, 1.17906638872, 116.144961494, 0.0
0.115878580563, 0.911184807051, 2.02482582852, 0.626571370361, 84.4217353963, 1.11032518654, 0.24051866743, 4.8416243514, 1.20118388456, 114.43970018, 0.000758543189861
0.115878580563, 0.919561798836, 2.02482582852, 0.682325931427, 18.6374394623, 1.11032518654, 0.533731453408, 4.68280087845, 2.1341686816, 98.3410564988, 0.0010217453509
0.110991932685, 0.911184807051, 2.02482582852, 0.675723356244, 36.1930757208, 1.11032518654, 0.24051866743, 4.8416243514, 1.31367115071, 90.4482392788, 0.00230664103795
0.892954768937, 0.843205049644, 2.00293971822, 0.682325931427, 6.73354506411, 13.7212326313, 0.0761969345885, 4.68280087845, 2.1341686816, 46.6491366579, 0.335859562296
0.126363652188, 0.830102816391, 2.02482582852, 0.682325931427, 35.5951676413, 14.5218413601, 0.533731453408, 4.89109752199, 1.31367115071, 58.3650018294, 0.0509927435706
0.115878580563, 0.865782758737, 2.02482582852, 0.486108537238, 64.1319941924, 13.7212326313, 0.850108581441, 4.68280087845, 2.04000176694, 49.4173727822, 0.154416220556
0.126363652188, 0.834387412639, 2.02482582852, 0.486108537238, 35.5951676413, 13.7212326313, 0.850108581441, 4.68280087845, 2.04000176694, 52.9733248356, 0.113167992343
0.126363652188, 0.865782758737, 2.02482582852, 0.575995844467, 35.5951676413, 13.7212326313, 0.171835105211, 1.18329706247, 1.31367115071, 55.737910478, 0.074643422619
0.126363652188, 0.87303001411, 2.29896509268, 0.517206729585, 30.8008128174, 1.11032518654, 0.720229217865, 4.47288146684, 1.31367115071, 78.6142224365, 0.00448896373272
0.107723355226, 0.825913987073, 2.29896509268, 0.682325931427, 35.8680172165, 1.05353937969, 0.533731453408, 4.47288146684, 1.02314573855, 68.0992836958, 0.00594986916607
0.114986508499, 0.94880231034, 2.59586785224, 0.416519210012, 80.083085977, 1.17321834835, 0.984423068685, 4.85671159995, 1.31367115071, 64.0149934295, 0.006854753111
0.100215788436, 0.919302624237, 2.02482582852, 0.660864942901, 36.1930757208, 1.11032518654, 0.24051866743, 4.8416243514, 9.80832305966, 75.6305238215, 0.0047238922458
0.892954768937, 1.08466651519, 2.02482582852, 0.486108537238, 35.5951676413, 13.7212326313, 0.850108581441, 4.68280087845, 35.7642163923, 43.2795398143, 0.669794218309
0.20997711895, 0.919561798836, 2.02482582852, 0.682325931427, 35.5951676413, 3.70512305122, 0.850108581441, 4.86235212664, 1.31367115071, 59.1452276736, 0.00950514857432
0.115878580563, 0.89678857956, 2.02482582852, 0.640412805842, 88.6669072083, 1.05806195501, 0.533731453408, 4.8416243514, 1.20931808193, 59.9567132118, 0.00863625148128
0.108851656441, 0.84876529036, 2.51185174685, 0.547134694628, 63.1986263954, 1.15109477136, 0.24051866743, 0.547913000243, 1.07632029701, 133.146208711, 0.001590812266
0.156151710775, 0.911184807051, 2.02482582852, 0.675723356244, 36.1930757208, 1.04943000022, 0.24051866743, 4.8416243514, 1.31367115071, 105.737532395, 0.00195611172384
0.126363652188, 0.911184807051, 2.02482582852, 0.691095699351, 45.3376375174, 1.11032518654, 0.757068567591, 4.87862579274, 1.31367115071, 96.5639565254, 0.00277990672271
0.115878580563, 0.919561798836, 2.02482582852, 0.682325931427, 35.5951676413, 1.11032518654, 0.533731453408, 4.68280087845, 2.1341686816, 96.0996648976, 0.00291623547155
0.156151710775, 0.87303001411, 2.02482582852, 0.691095699351, 84.6668716247, 1.11032518654, 0.757068567591, 4.68280087845, 1.31367115071, 91.5553760016, 0.00300559152337
0.892954768937, 0.865782758737, 2.02482582852, 0.575995844467, 89.6803049211, 33.0094676971, 0.533731453408, 1.18329706247, 1.05152971065, 47.4169586406, 0.610754368629
0.892954768937, 0.86561781481, 2.02482582852, 0.682325931427, 14.0812563433, 13.7212326313, 0.533731453408, 4.8416243514, 1.31367115071, 55.0145217827, 0.378096480008
0.29136599477, 0.862102621336, 2.33849179688, 0.540276025295, 25.7312972495, 12.9281465553, 0.298177485031, 0.191416381896, 36.5183516156, 54.0416237346, 0.387485460601
0.126363652188, 0.865125263507, 2.0057798594, 0.671388460577, 31.7803484373, 13.7212326313, 0.371223359436, 4.174778399, 1.31367115071, 57.4835842649, 0.0796194258792
0.126363652188, 0.87303001411, 2.0057798594, 0.682325931427, 31.7803484373, 13.7212326313, 0.371223359436, 2.0587896558, 1.31367115071, 57.1792154855, 0.111340400091
0.128136312695, 0.865782758737, 2.02482582852, 0.44205608836, 50.7569568784, 1.12963469603, 0.0761969345885, 1.18329706247, 18.5559248058, 68.9065838382, 0.00784326182167
0.326997197987, 0.94880231034, 2.59586785224, 0.417929396582, 60.3692931248, 1.17321834835, 0.226469584272, 4.66240867954, 1.19214748596, 69.2518118232, 0.00776571289323
0.10075228132, 0.825320226568, 2.7523034758, 0.626571370361, 60.3692931248, 1.15109477136, 0.592989942066, 3.01833013626, 1.07632029701, 89.7462543919, 0.00529399308237
0.115878580563, 0.911184807051, 2.02482582852, 0.671388460577, 84.7918359037, 1.09451508454, 0.24051866743, 4.8416243514, 1.20931808193, 90.3846747059, 0.00514148727206
0.126363652188, 0.821351731971, 2.29896509268, 0.682325931427, 35.8680172165, 1.05353937969, 0.533731453408, 4.8416243514, 1.02314573855, 77.8669248977, 0.00586668632815
0.126363652188, 0.865782758737, 2.02482582852, 0.575995844467, 35.5951676413, 12.8119912633, 0.391114633354, 1.18329706247, 1.31367115071, 64.6623889533, 0.0228820370961
0.126363652188, 0.865782758737, 2.02482582852, 0.575995844467, 35.5951676413, 13.7212326313, 0.533731453408, 1.18329706247, 1.31367115071, 61.7231894555, 0.0534862786733
0.115878580563, 0.843205049644, 2.02482582852, 0.486108537238, 64.1319941924, 13.7212326313, 0.850108581441, 4.68280087845, 2.04000176694, 63.9116209502, 0.0340961087014
0.115878580563, 0.911184807051, 2.02482582852, 0.640412805842, 36.1930757208, 1.11032518654, 0.24051866743, 4.8416243514, 1.20931808193, 141.053827333, 0.00242357157415
0.108851656441, 0.84876529036, 2.51185174685, 0.541574178886, 63.1986263954, 1.15109477136, 0.533731453408, 0.547913000243, 1.07632029701, 109.067135747, 0.00257553362372
0.115878580563, 0.94880231034, 2.59586785224, 0.547134694628, 60.3692931248, 1.17321834835, 0.533731453408, 4.66240867954, 1.16898660741, 154.667011755, 0.00231025073733
0.108851656441, 0.84876529036, 2.51185174685, 0.583946972709, 63.1986263954, 1.15109477136, 0.688192207108, 0.547913000243, 1.07632029701, 93.2603044791, 0.00444020295471
0.108851656441, 0.84876529036, 2.51185174685, 0.583946972709, 63.1986263954, 1.15109477136, 0.688192207108, 4.66240867954, 1.07632029701, 94.1735880635, 0.00312166121806
0.126363652188, 0.834387412639, 2.02482582852, 0.486108537238, 64.1319941924, 13.7212326313, 0.850108581441, 4.68280087845, 2.04000176694, 60.879791229, 0.169023457152
0.892954768937, 0.911184807051, 2.02482582852, 0.682325931427, 14.0812563433, 13.7212326313, 0.533731453408, 4.8416243514, 1.31367115071, 59.5477731906, 0.452195752541
0.29136599477, 1.08466651519, 2.33849179688, 0.540276025295, 35.5951676413, 39.586807544, 0.298177485031, 3.71892351184, 2.04000176694, 59.6998920978, 0.382730785021
0.156151710775, 0.87303001411, 2.29896509268, 0.517206729585, 88.8947562094, 1.11032518654, 0.533731453408, 0.507350489779, 18.5559248058, 68.9985436546, 0.0175326122155
0.115878580563, 0.911184807051, 2.02482582852, 0.626571370361, 84.4217353963, 1.11032518654, 0.24051866743, 4.8416243514, 1.20118388456, 70.3255201627, 0.00942057260127
0.126363652188, 1.04278583963, 2.02482582852, 0.575143771233, 51.9930520021, 1.0782925732, 0.24051866743, 4.8416243514, 1.31367115071, 75.3482986368, 0.0089538461133
0.126363652188, 0.911184807051, 2.29896509268, 0.688187678487, 51.9930520021, 1.05930022997, 0.757068567591, 1.93434329724, 1.31367115071, 78.0538924526, 0.00729570696413
0.326997197987, 0.94880231034, 2.59586785224, 0.417929396582, 60.3692931248, 1.17321834835, 0.226469584272, 4.66240867954, 1.19214748596, 84.1586336313, 0.00645607579109
0.115878580563, 0.94880231034, 2.59586785224, 0.613220479767, 60.3692931248, 1.17321834835, 0.226469584272, 4.66240867954, 1.16898660741, 86.6421686223, 0.0063741406352
0.126363652188, 0.865782758737, 2.02482582852, 0.486108537238, 35.5951676413, 13.7212326313, 0.850108581441, 4.68280087845, 1.31367115071, 63.5935891359, 0.0825705387418
0.10036902606, 0.865782758737, 2.02482582852, 0.486108537238, 35.5951676413, 13.7212326313, 0.533731453408, 3.60148196024, 1.31367115071, 62.0972693916, 0.094954603627
0.20997711895, 0.919561798836, 2.02482582852, 0.682325931427, 35.5951676413, 3.70512305122, 0.850108581441, 4.68280087845, 2.1341686816, 62.4320952226, 0.0917324046373
0.126363652188, 0.865782758737, 2.02482582852, 0.583770338781, 35.5951676413, 12.8271536806, 0.171835105211, 4.68280087845, 1.31367115071, 65.1522555363, 0.059138962166
0.126363652188, 0.862102621336, 2.02482582852, 0.486108537238, 25.7312972495, 13.7212326313, 0.298177485031, 0.191416381896, 1.31367115071, 64.2282181025, 0.0784888387167
0.126363652188, 0.911184807051, 2.02482582852, 0.660864942901, 35.5951676413, 1.08992184121, 0.24051866743, 4.8416243514, 1.31367115071, 131.602877893, 0.00294288135928
0.144190195999, 1.02656697732, 2.51185174685, 0.583946972709, 35.5951676413, 1.15109477136, 0.533731453408, 0.228243829957, 1.01529741323, 135.45262071, 0.00259872182312
0.10075228132, 0.825320226568, 2.7523034758, 0.626571370361, 60.3692931248, 1.15109477136, 0.592989942066, 3.01833013626, 1.07632029701, 112.09941069, 0.00303779182044
0.115878580563, 0.94880231034, 2.59586785224, 0.547134694628, 60.3692931248, 1.17321834835, 0.533731453408, 4.66240867954, 1.16898660741, 96.0701731969, 0.00416381056804
0.144190195999, 1.02656697732, 2.51185174685, 0.583946972709, 63.1986263954, 1.15109477136, 0.533731453408, 0.228243829957, 1.01529741323, 94.9326059676, 0.00454673472112
0.108851656441, 0.84876529036, 2.51185174685, 0.547134694628, 63.1986263954, 1.15109477136, 0.533731453408, 0.547913000243, 1.07632029701, 99.2669003609, 0.00328258399248
0.10758660302, 0.931512629531, 2.02482582852, 0.486108537238, 31.9888882838, 32.1124123621, 0.780705181496, 4.68280087845, 2.04000176694, 70.1367337033, 0.0308580269487
0.892954768937, 0.830102816391, 2.02482582852, 0.682325931427, 14.0812563433, 1.11032518654, 0.757068567591, 4.68280087845, 1.31367115071, 71.1323459795, 0.0222328083348
0.156151710775, 0.87303001411, 2.02482582852, 0.521676950577, 50.7569568784, 1.12963469603, 0.0761969345885, 4.8416243514, 18.5559248058, 71.3466108737, 0.0219242157103
0.156151710775, 0.865782758737, 2.02482582852, 0.650815986136, 92.3036106592, 2.08058738721, 0.533731453408, 4.58884079198, 2.55446430514, 72.640321755, 0.015000933576
0.115878580563, 0.919561798836, 2.02482582852, 0.699450435613, 83.4680721357, 1.11032518654, 0.533731453408, 4.68280087845, 2.1341686816, 74.2460967868, 0.00943848309113
0.156151710775, 0.87303001411, 2.02482582852, 0.691095699351, 88.6669072083, 1.05930022997, 0.757068567591, 4.68280087845, 1.31367115071, 72.144508297, 0.0176947977882
0.115878580563, 0.911184807051, 2.02482582852, 0.640412805842, 93.410767094, 1.11032518654, 0.24051866743, 4.8416243514, 1.20931808193, 83.8017800373, 0.00800138795979
0.115878580563, 0.919561798836, 2.02482582852, 0.682325931427, 83.4680721357, 1.17321834835, 0.226469584272, 4.68280087845, 2.1341686816, 91.4417729766, 0.00716693191172
0.126363652188, 0.911184807051, 2.02482582852, 0.660864942901, 35.5951676413, 1.11032518654, 0.24051866743, 4.8416243514, 1.31367115071, 88.1950802932, 0.00744937355925
0.892954768937, 0.843205049644, 2.00293971822, 0.682325931427, 35.5951676413, 13.7212326313, 0.0761969345885, 4.68280087845, 2.1341686816, 62.4034503538, 0.209657232124
0.892954768937, 1.09720259031, 2.02482582852, 0.682325931427, 35.5951676413, 13.7212326313, 0.47611972294, 4.68280087845, 2.1341686816, 62.2459032179, 0.235777210329
0.10758660302, 0.865782758737, 2.02482582852, 0.486108537238, 31.9888882838, 32.1124123621, 0.780705181496, 4.68280087845, 2.04000176694, 62.2432557944, 0.326074541667
0.126363652188, 1.01926921866, 2.02482582852, 0.575995844467, 14.0812563433, 22.485225512, 0.171835105211, 1.18329706247, 1.31367115071, 65.5066544237, 0.166972781175
0.892954768937, 0.843205049644, 2.00293971822, 0.682325931427, 35.5951676413, 13.7212326313, 0.0761969345885, 4.68280087845, 2.1341686816, 64.9755832021, 0.172947213421
0.108851656441, 0.84876529036, 2.51185174685, 0.691095699351, 84.6668716247, 1.15109477136, 0.533731453408, 0.547913000243, 1.07632029701, 135.727991152, 0.00280369257753
0.899015381138, 0.90966179894, 2.02482582852, 0.564301066537, 35.5951676413, 1.10774746388, 0.533731453408, 4.8416243514, 1.31367115071, 98.3894635573, 0.00481034202034
0.115878580563, 0.919561798836, 2.02482582852, 0.682325931427, 83.4680721357, 1.11032518654, 0.533731453408, 4.68280087845, 2.1341686816, 96.7534041146, 0.00701136327498
0.126363652188, 0.911184807051, 2.59586785224, 0.688187678487, 35.5951676413, 1.17321834835, 0.24051866743, 1.93434329724, 1.31367115071, 104.487936242, 0.00375471006166
0.114986508499, 0.862102621336, 2.59586785224, 0.416519210012, 40.1266996658, 1.17321834835, 0.984423068685, 1.28515228945, 1.17906638872, 125.759610624, 0.00367737830985
0.126363652188, 0.911184807051, 2.02482582852, 0.660864942901, 73.2328318709, 1.08992184121, 0.24051866743, 4.8416243514, 1.31367115071, 103.323433482, 0.00431101760467
0.115878580563, 0.911184807051, 2.02482582852, 0.671388460577, 93.410767094, 1.11032518654, 0.24051866743, 4.8416243514, 1.20931808193, 103.841336133, 0.00379231195461
0.115878580563, 0.94880231034, 2.10919326997, 0.626571370361, 60.3692931248, 1.17321834835, 0.226469584272, 3.01833013626, 1.16480945059, 99.4690003003, 0.0044357716155
0.892954768937, 1.08466651519, 2.02482582852, 0.682325931427, 35.5951676413, 13.7212326313, 0.850108581441, 1.18329706247, 1.35396057146, 62.7824825966, 0.343314226485
0.115878580563, 0.911184807051, 4.85151330685, 0.671388460577, 84.7918359037, 1.09451508454, 0.24051866743, 3.01833013626, 1.20931808193, 311.482964284, 0.00289816525571
