2.2122301272, 1.13553684901, 1.40585629438, 0.804256735042, 2.83000099698, 0.96361542134, 1.29999220059, 1.26000084665, 1.14000043347, 1.62127222834, 2.95718616265, 0.960571327294, 3.04000081018, 1.1166184319, 0.847897382201, 1.00000093598, 1.0000008741, 1.0642323459, 7.78099685386, 0.949614138843, 1.00000047073, 108.71606839, 0.974477245823, 3.88036883025, 1.00363166342, 3.29000014375, 1.0000002492, 23.8245964513, 0.268096514745
1.66896001246, 1.11150619684, 1.39171937944, 0.887609062189, 2.83000042738, 0.885679128444, 3.51879070317, 1.26000069653, 1.14000025299, 3.27172631854, 1.57339669211, 1.07288133096, 3.04000053373, 1.04561568497, 1.07174436901, 1.00000075539, 1.00000017563, 1.00573120318, 4.5782095229, 0.93868999208, 1.00000029994, 114.958651432, 0.900124182883, 1.87616314023, 1.05268345969, 3.29000069336, 1.00000045993, 677.519285739, 0.0
1.04510598584, 1.09862658588, 1.67626994889, 0.918041293057, 2.83000072883, 0.987579374988, 2.76619579101, 1.26000042201, 1.14000039141, 3.1553568027, 3.020061918, 0.8823097362, 3.04000072458, 1.03487507182, 0.788979289797, 1.00000043216, 1.00000024463, 1.08008894007, 8.80344433906, 0.963645329963, 1.00000078599, 100.629004946, 0.96106383161, 3.87813404871, 1.02643273898, 3.29000015145, 1.00000052871, 167.947817566, 0.536193029491
3.88318974386, 1.03569756972, 1.60340835641, 0.846700711495, 2.8300005714, 0.862573773432, 2.65451211117, 1.26000075111, 1.14000062591, 3.08026354546, 1.82516727504, 1.0307412124, 3.04000074482, 1.11461691271, 0.853517576699, 1.00000087958, 1.00000098844, 1.02459015433, 9.06478059819, 0.993078774109, 1.00000051767, 113.510776888, 0.9962411629, 4.44699405966, 0.971152195278, 3.2900005189, 1.00000076229, 83.5606880602, 2.14477211796
4.34340982743, 1.04829268996, 1.38632952322, 0.917261954485, 2.8300008327, 1.05009260055, 2.71587219375, 1.26000066637, 1.14000054511, 2.29374735843, 2.49484376754, 1.077209962, 3.04000056326, 1.03140516456, 0.923603610337, 1.00000027804, 1.00000029857, 1.10736491827, 5.40139391387, 0.972393356955, 1.00000037248, 91.4971484735, 0.85193259014, 5.8095988137, 1.06540256547, 3.29000083328, 1.00000074048, 746.264152096, 0.0
1.04510598584, 1.09862658588, 1.67626994889, 0.918041293057, 2.83000072883, 0.987579374988, 2.76619579101, 1.26000042201, 1.14000039141, 3.1553568027, 3.020061918, 0.8823097362, 3.04000072458, 1.03487507182, 0.788979289797, 1.00000043216, 1.00000024463, 1.08295092598, 8.80344433906, 0.963645329963, 1.00000078599, 100.629004946, 1.05274326962, 3.87813404871, 1.02643273898, 3.29000015145, 1.00000062105, 109.754341506, 3.48525469169
5.96943864002, 1.00610775228, 1.48370813589, 0.927639880486, 2.83000078401, 1.09921942705, 4.79380587804, 1.26000061704, 1.14000020771, 2.60426412046, 1.81802627473, 1.00159089672, 3.04000084083, 1.10976603283, 0.869946051306, 1.00000011258, 1.00000093279, 1.02633714357, 4.87551613318, 0.99376756163, 1.00000040199, 75.1352365426, 0.884419396153, 4.11243599044, 0.994325927587, 3.29000035769, 1.00000088966, 901.266923151, 0.0
2.25587457269, 1.13222397857, 1.54108344827, 0.8026149709, 2.83000097956, 1.13408161765, 2.93908075267, 1.26000084717, 1.14000009364, 2.05734256617, 2.29518416806, 1.04722940075, 3.04000065746, 1.01626906392, 0.84213292954, 1.0000005203, 1.0000006279, 1.0541434244, 7.88803307367, 0.961862664106, 1.00000085862, 91.4440414558, 1.0244104508, 5.45643923357, 1.00042113066, 3.29000061838, 1.0000007851, 317.458654465, 5.36193029491
3.01874216411, 1.01555964473, 1.42761694134, 0.993663880783, 2.83000005195, 1.05842136941, 4.91736419379, 1.26000094594, 1.14000053571, 2.63127422551, 1.66628847506, 1.0411550841, 3.04000056976, 1.05783002777, 0.889254260779, 1.00000023373, 1.00000006983, 1.03943922681, 3.15812455151, 0.952046641857, 1.00000081382, 116.956019108, 0.843949975857, 3.9847016592, 1.05510941237, 3.29000067639, 1.00000092255, 1023.90218357, 0.0
3.56374867433, 1.0661050905, 1.50937123575, 0.90701793325, 2.83000031303, 1.14668657681, 2.44673012614, 1.26000052792, 1.14000030225, 3.63553429836, 2.99472529866, 1.02945077763, 3.04000095397, 1.10815803816, 1.03056361128, 1.00000077876, 1.00000004407, 1.04597463102, 8.23310278916, 0.965314883782, 1.00000016515, 92.0156091605, 0.970286005044, 5.87993321189, 0.95705210356, 3.29000011455, 1.00000064309, 1028.90017652, 1.87667560322
2.44842469422, 1.09038270523, 1.71791673715, 0.907832188173, 2.83000068519, 1.10643058409, 1.24245114833, 1.26000034839, 1.14000086906, 1.37711780761, 2.4265579531, 0.956107182643, 3.04000006864, 1.03094191609, 1.02068940855, 1.00000095151, 1.00000072014, 1.00169483, 6.39193754495, 0.950450903549, 1.00000024907, 115.410809825, 0.861929274403, 2.59917187992, 0.994117490978, 3.2900004248, 1.00000011708, 1114.55577539, 0.0
4.49176264798, 1.13012376886, 1.47126932173, 0.878191140247, 2.83000060218, 0.945188300062, 2.17240354579, 1.26000060759, 1.14000046117, 3.23223544935, 3.08453475329, 0.983232148865, 3.04000073402, 1.11152202433, 1.00007830533, 1.00000034914, 1.00000050311, 1.09118524976, 9.71106690708, 0.969456289345, 1.00000091786, 89.8361827107, 0.873949779843, 5.36107206244, 1.01484992112, 3.29000006973, 1.00000030266, 1094.0826541, 8.57908847185
1.40061981662, 1.05559815097, 1.46152979734, 0.967018533898, 2.83000072076, 0.991395399333, 3.95032403989, 1.26000011151, 1.14000014519, 1.94917205823, 2.40584349175, 0.951693741451, 3.040000758, 1.11504851277, 0.887731212832, 1.00000020435, 1.00000058766, 1.06513543938, 7.0254909333, 0.985685029474, 1.00000000836, 88.1325941917, 0.891088655183, 5.29225078331, 0.96846708902, 3.29000006144, 1.00000014568, 1119.15713045, 0.804289544236
1.20829901044, 1.12792729352, 1.67456479278, 0.859582515314, 2.83000028186, 0.887309801625, 5.81544001042, 1.26000044403, 1.14000071636, 1.73952356505, 2.38910501573, 1.05653362862, 3.04000016955, 1.04017941601, 0.946082086336, 1.00000003636, 1.00000044698, 1.08054986674, 8.77002791602, 0.94963463735, 1.00000003101, 78.9457422742, 1.07592694386, 2.87779850444, 0.972644650145, 3.29000094639, 1.00000069329, 1279.34036271, 0.0
2.2122301272, 1.13553684901, 1.40585629438, 0.804256735042, 2.83000099698, 0.96361542134, 1.29999220059, 1.26000087332, 1.14000043347, 1.62127222834, 2.95718616265, 0.960571327294, 3.04000081018, 1.1166184319, 0.847897382201, 1.00000093598, 1.0000008741, 1.0642323459, 7.78099685386, 0.949614138843, 1.00000047073, 108.71606839, 0.974477245823, 3.88036883025, 1.00363166342, 3.29000014375, 1.0000002492, 1307.78205774, 0.804289544236
1.28548808377, 1.13792525002, 1.63688365701, 0.979686834493, 2.83000028186, 0.903997061047, 2.56510924146, 1.26000084249, 1.14000068385, 3.64848121461, 2.17040147834, 0.975264270898, 3.0400009786, 1.08844985796, 1.03905686164, 1.00000080942, 1.00000020676, 1.00915076872, 6.51997700761, 0.934024818679, 1.00000037282, 117.057815418, 1.04546808424, 1.8159381716, 0.976131121084, 3.29000072965, 1.00000021949, 1404.93796763, 0.268096514745
4.42634776492, 1.09318923459, 1.68055935159, 0.929054272676, 2.83000026126, 0.925380831169, 3.08072601952, 1.26000062492, 1.14000017758, 1.61441232014, 1.94196238632, 1.00170437595, 3.04000077504, 1.07845420135, 1.03457487062, 1.0000001703, 1.00000002627, 1.02222791062, 8.60684056028, 0.920819992279, 1.0000002347, 77.5937749856, 0.901298465616, 2.91834236598, 0.953700798369, 3.29000041023, 1.00000010736, 1898.68661335, 0.0
5.72981699531, 1.1091380638, 1.36379782719, 0.813807538542, 2.83000003468, 1.07530817014, 1.17377958343, 1.26000088288, 1.14000088182, 2.02004379344, 1.97259614682, 0.999214175168, 3.04000024307, 1.0600505678, 0.853223441697, 1.00000022436, 1.00000096645, 1.02307610234, 4.78202423889, 0.971559282768, 1.00000047282, 87.1838111977, 0.936010289721, 1.31490471501, 1.06209852453, 3.29000026716, 1.00000008187, 1612.78259392, 0.536193029491
1.18546021296, 1.01609179127, 1.47291794699, 0.89386309824, 2.83000039436, 0.979055649354, 5.54509783893, 1.2600004952, 1.14000007115, 2.82313989689, 2.2972982909, 0.951532342483, 3.0400000947, 1.11427573951, 0.991586986981, 1.00000044657, 1.00000037799, 1.00940913708, 3.00993622169, 0.952584252898, 1.00000006434, 77.9628756259, 1.02442654407, 1.52469354038, 1.02529313512, 3.29000014656, 1.00000013173, 1435.34328298, 1.34048257373
1.19136783681, 1.05414008673, 1.71077968663, 0.912681342084, 2.83000077575, 0.910239699522, 5.68759057245, 1.26000077272, 1.14000039542, 3.05497917765, 2.66663635928, 0.921632380964, 3.04000018387, 1.00701465786, 0.891865529089, 1.00000036475, 1.00000058113, 1.048671003, 6.05875801254, 0.991255548912, 1.00000062359, 108.431241472, 0.964110431476, 1.6581031193, 1.03348920319, 3.29000035519, 1.00000068508, 1935.57782075, 0.0
5.88325322541, 1.12287796956, 1.57472183663, 0.918854685143, 2.8300003574, 1.01218644956, 5.204534318, 1.26000006841, 1.14000065041, 2.38661590358, 3.01379526905, 0.934481523849, 3.04000015813, 1.10272637032, 1.03748602499, 1.00000061665, 1.00000092375, 1.01801640463, 8.98092702147, 0.945508204236, 1.00000042311, 119.798915453, 0.953439932827, 2.59972374408, 0.991725989804, 3.29000056889, 1.00000032897, 1614.48792874, 1.07238605898
2.8859198022, 1.06074993457, 1.53209813214, 0.924266298564, 2.83000077788, 1.07872188176, 1.39176561094, 1.26000098078, 1.14000029339, 2.1147814156, 2.08070160668, 1.09692890184, 3.04000082721, 1.06481474142, 0.792399700248, 1.00000082488, 1.0000000628, 1.03194461041, 9.45238558425, 0.972351579116, 1.00000095402, 93.6884054456, 0.860246283501, 3.42968820363, 1.05604748498, 3.29000039667, 1.00000082592, 1486.38024782, 2.41286863271
5.04703201881, 1.01885210651, 1.46083931806, 0.836727722588, 2.83000051518, 0.912504890505, 5.51073979043, 1.26000052174, 1.14000024597, 3.40317319171, 2.66950930369, 0.925021940175, 3.04000062608, 1.09528602164, 0.813525210264, 1.00000088552, 1.00000091886, 1.0851454225, 3.47573674506, 0.94754752575, 1.00000028746, 102.739696037, 0.945748284941, 1.73816869821, 1.03059330083, 3.2900005466, 1.00000013506, 1985.9035872, 0.536193029491
5.15994817611, 1.04415850321, 1.50643764935, 0.973971312605, 2.83000087337, 0.954025137482, 2.69747475584, 1.26000055067, 1.14000046876, 2.11349099885, 1.89295647762, 1.0799446443, 3.04000058613, 1.08265562805, 0.804511649515, 1.00000096174, 1.000000134, 1.10191130981, 9.77800923288, 0.967568483298, 1.00000086905, 109.711074211, 0.937158777824, 4.42269867956, 1.01069455331, 3.29000019476, 1.00000003613, 2098.80189509, 0.0
5.10282743237, 1.11017184985, 1.4685484245, 0.933385877604, 2.83000087649, 1.17905773246, 3.58489947168, 1.26000014538, 1.14000022285, 2.82162400765, 1.57146612686, 0.895073683366, 3.04000086764, 1.0216503289, 0.869520787588, 1.00000095546, 1.00000018846, 1.05091632737, 7.52361075495, 0.946345593512, 1.00000094484, 107.356377825, 0.98148727629, 1.76943481353, 0.993310644657, 3.29000039015, 1.00000082119, 2097.07797869, 0.268096514745
5.08843184854, 1.04374056944, 1.51905971204, 0.862288350824, 2.83000060991, 1.12141611245, 5.81301698907, 1.26000039398, 1.14000029102, 2.52558744578, 2.20209450752, 1.09147116529, 3.04000029864, 1.11294862019, 0.991782305344, 1.00000000385, 1.00000059188, 1.03392019658, 7.41594993785, 0.974232938509, 1.00000026707, 120.00581043, 0.912207271268, 3.07949678176, 1.04253142331, 3.29000017475, 1.0000000379, 2057.28581204, 1.34048257373
3.73674085653, 1.13235250895, 1.70328940388, 0.95716382946, 2.83000014525, 0.977411176947, 4.43492867456, 1.2600007045, 1.14000042302, 1.38770286613, 2.49484376754, 0.912840391875, 3.04000093096, 1.0181555563, 0.919849993123, 1.00000010764, 1.00000096074, 1.0998672753, 3.14101109932, 0.975552680334, 1.00000026214, 106.989342837, 0.971305464669, 5.72865724912, 1.04277983765, 3.2900007738, 1.00000009156, 3864.91109648, 0.0
1.84264681617, 1.0661050905, 1.50937123575, 0.90701793325, 2.83000031303, 1.14668657681, 2.44673012614, 1.26000052792, 1.14000030225, 3.63553429836, 2.33111199113, 0.977956314497, 3.04000061589, 1.10815803816, 0.885064770256, 1.00000077876, 1.00000004407, 1.04597463102, 8.23310278916, 0.965314883782, 1.00000016515, 92.0156091605, 0.970286005044, 5.87993321189, 0.95705210356, 3.29000012072, 1.00000064309, 2435.6507872, 1.07238605898
3.5060409816, 1.09497588815, 1.4981351744, 0.968636345382, 2.83000039424, 0.870181290314, 3.31003053756, 1.26000097055, 1.1400003656, 3.51315350019, 3.05233271011, 0.939199544368, 3.04000094685, 1.00036277872, 0.842617206345, 1.0000002844, 1.00000052753, 1.01600820193, 3.80737358299, 0.967224611754, 1.00000075475, 91.1710363847, 0.985703892963, 3.71067172736, 0.996947543, 3.29000038481, 1.00000086378, 2862.01387236, 0.536193029491
4.34340982743, 1.04829268996, 1.38632952322, 0.917261954485, 2.8300008327, 1.05009260055, 2.71587219375, 1.26000066637, 1.14000054511, 2.29374735843, 1.89113732737, 1.077209962, 3.04000056326, 1.03140516456, 0.923603610337, 1.00000027804, 1.00000029857, 1.10736491827, 5.40139391387, 0.972393356955, 1.00000037248, 91.4971484735, 0.85193259014, 5.8095988137, 1.0696160548, 3.29000083328, 1.00000074048, 3012.1403743, 0.268096514745
2.6342997538, 1.10306860172, 1.43536991475, 0.855117343887, 2.83000050991, 1.05030601358, 1.92883504631, 1.26000035898, 1.14000047241, 2.0821166504, 1.87272955026, 1.03545781479, 3.04000029891, 1.01972185514, 1.02848240163, 1.00000030401, 1.00000069826, 1.08922719991, 9.18990991199, 0.973133570952, 1.0000007171, 98.292588501, 1.08345191529, 2.21743044598, 1.06150327116, 3.29000002933, 1.00000002886, 2345.67598372, 1.87667560322
3.5060409816, 1.09497588815, 1.4981351744, 0.968636345382, 2.83000039424, 0.870181290314, 5.51073979043, 1.26000097055, 1.1400003656, 3.51315350019, 3.05233271011, 0.939199544368, 3.04000094685, 1.00036277872, 0.842617206345, 1.0000002844, 1.00000052753, 1.01396001716, 3.80737358299, 0.967224611754, 1.00000075475, 91.1710363847, 0.985703892963, 2.00588224972, 0.996947543, 3.29000038481, 1.00000086378, 2217.44864756, 2.68096514745
2.84412009901, 1.08217572064, 1.36598027214, 0.830722747692, 2.83000099097, 1.16285734762, 3.81813199316, 1.26000040652, 1.14000073557, 1.56103460824, 2.1021121529, 1.091184792, 3.04000042842, 1.08738027788, 0.90681596388, 1.00000028301, 1.0000006664, 1.06727112622, 4.20538671706, 0.957293155524, 1.00000092129, 84.0784131263, 1.01000052508, 2.45152702909, 0.974730815864, 3.2900002794, 1.00000060952, 10637.6161504, 0.0
3.10903239448, 1.09769650742, 1.58655892639, 0.884179403569, 2.83000030407, 1.15178955118, 4.5894809596, 1.26000009972, 1.14000031202, 1.76691340346, 1.66986010786, 1.01377692691, 3.04000019357, 1.00982983617, 1.04185394578, 1.00000046694, 1.00000077995, 1.08118182903, 6.70876537693, 0.954363624052, 1.00000032748, 88.9453068963, 0.912091050493, 2.10087965411, 0.960682727837, 3.29000021594, 1.00000068576, 5512.33458519, 0.268096514745
4.90296360719, 1.13714624707, 1.58972998746, 0.840150520375, 2.83000017553, 1.06286823697, 3.91059841995, 1.26000077272, 1.14000008198, 3.05497917765, 2.25965568579, 1.02174649266, 3.04000053055, 1.00436261373, 1.01268391405, 1.00000035855, 1.00000061375, 1.06866764947, 5.87751913309, 0.949129003149, 1.00000062359, 119.698170856, 0.858279748074, 2.52375094383, 1.04873332951, 3.29000097146, 1.0000005178, 3264.02896214, 0.536193029491
3.49635189925, 1.06755270764, 1.43023332883, 0.908852267206, 2.8300008071, 0.982301720772, 1.51031762525, 1.26000090043, 1.14000085823, 1.61841644815, 1.95077138324, 0.930665988513, 3.04000038905, 1.08113234896, 0.786682112192, 1.00000076838, 1.00000038952, 1.10184490432, 6.28917341157, 0.923220408099, 1.00000000459, 90.2359205149, 0.985526477603, 4.9921656555, 1.00032853948, 3.29000065201, 1.00000010988, 3258.65815832, 1.07238605898
1.24695384241, 1.05124287503, 1.35155040681, 0.992257034472, 2.83000001034, 0.940516676847, 1.97912943253, 1.26000075114, 1.14000008522, 2.98852341036, 3.01855522971, 0.930251284823, 3.04000008652, 1.09769904959, 0.910957688728, 1.00000096897, 1.00000012301, 1.01353661326, 8.00290841169, 0.958798251256, 1.00000076061, 116.291046687, 0.886486836524, 1.44489555297, 1.0269415754, 3.29000060231, 1.0000006065, 2408.14937683, 2.68096514745
1.66673667274, 1.02572434473, 1.63327799264, 0.923264644656, 2.83000009174, 0.887758870328, 5.66775908456, 1.26000090116, 1.1400008685, 3.02097347572, 2.87041856319, 0.931031604222, 3.04000028116, 1.10253733493, 0.888512353558, 1.00000010842, 1.0000004065, 1.07990990405, 3.58638193139, 0.92321797676, 1.00000046213, 103.014834043, 1.03141372168, 3.30674373429, 0.982243609819, 3.29000057799, 1.00000051045, 12641.2765539, 0.0
4.92891173926, 1.13215914694, 1.65516091419, 0.800188907538, 2.83000090092, 1.18284812582, 5.14408005294, 1.26000006662, 1.14000050769, 1.46577027031, 2.02559221176, 0.990095472465, 3.04000064101, 1.06683195436, 0.862690599774, 1.00000071681, 1.00000012043, 1.01994989627, 9.65745770085, 0.931504516002, 1.00000096799, 113.747410489, 1.02374684487, 3.27718471558, 1.04267134359, 3.29000088165, 1.00000094392, 11568.6984544, 0.268096514745
5.28150022013, 1.09298252436, 1.46035786498, 0.88885080545, 2.83000075661, 0.938626224939, 5.45348085336, 1.26000087324, 1.14000075633, 3.18681898946, 1.63626005154, 1.02627539525, 3.04000062161, 1.10482800314, 0.786387231008, 1.00000008057, 1.00000053995, 1.02789834758, 3.8439955797, 0.973267612795, 1.0000008908, 75.0122909276, 1.00835966224, 4.27888100472, 1.01543678607, 3.29000001265, 1.00000081878, 3398.04168805, 0.536193029491
2.90102214559, 1.02643524094, 1.38604568568, 0.986299633892, 2.83000032142, 0.962626631466, 1.1307639397, 1.26000011092, 1.14000092778, 2.2599853948, 2.8401919471, 0.983095357988, 3.04000061445, 1.07213778048, 0.973448681183, 1.00000082105, 1.00000007833, 1.0923043344, 6.45975301942, 0.980828818165, 1.00000080664, 82.4025879266, 1.0109225245, 2.4068129476, 0.962556702034, 3.29000053624, 1.00000033803, 3309.03822365, 1.60857908847
2.90102214559, 1.02643524094, 1.34607197169, 0.986299633892, 2.83000032142, 0.962626631466, 1.1307639397, 1.26000011092, 1.14000092778, 2.2599853948, 2.8401919471, 0.983095357988, 3.04000061445, 1.06788935625, 0.973448681183, 1.00000082105, 1.00000007833, 1.0923043344, 6.45975301942, 0.972816660325, 1.00000080664, 82.4025879266, 1.0109225245, 2.4068129476, 0.962556702034, 3.29000049245, 1.00000033803, 2425.57114532, 4.02144772118
1.59023510375, 1.09025622054, 1.66740725338, 0.970483908842, 2.83000039692, 0.90337890454, 5.93737854135, 1.26000055998, 1.14000019909, 1.77373574043, 2.75871965396, 1.03221230558, 3.04000064325, 1.07996050442, 0.959686998284, 1.00000009301, 1.00000074676, 1.05087429367, 6.82248267592, 0.952340313061, 1.00000059235, 82.5375494256, 0.853642009986, 2.96297016469, 1.00778531892, 3.29000066021, 1.00000032937, 2529.63550071, 2.68096514745
1.00516653584, 1.01609179127, 1.47291794699, 0.89386309824, 2.83000039436, 0.979055649354, 5.54509783893, 1.2600004952, 1.14000006656, 2.82313989689, 2.68514910927, 0.951532342483, 3.04000002367, 1.11427573951, 0.991586986981, 1.00000044657, 1.00000037799, 1.00940913708, 3.00993622169, 0.952584252898, 1.00000006434, 82.5375494256, 1.02442654407, 1.52469354038, 1.04384894413, 3.29000014656, 1.00000013173, 41907.1635582, 0.0
3.27690579515, 1.0371985695, 1.6609554151, 0.857061705332, 2.83000094296, 1.08975538037, 3.49373398924, 1.2600001645, 1.14000076628, 3.29590649817, 2.06604692481, 0.947411642804, 3.04000007331, 1.00226166216, 0.855714535129, 1.00000034358, 1.00000002092, 1.02036476232, 4.77861792821, 0.964130511894, 1.00000087223, 101.822219454, 0.893681389602, 4.48615422507, 0.991836826128, 3.29000096639, 1.00000076153, 17704.2815097, 0.268096514745
4.92891173926, 1.13391790498, 1.65516091419, 0.800188907538, 2.83000090092, 1.18284812582, 5.14408005294, 1.26000006662, 1.14000061626, 1.46577027031, 2.02559221176, 0.990095472465, 3.04000064101, 1.08848776628, 0.862690599774, 1.00000071681, 1.00000012043, 1.01994989627, 8.44348789632, 0.919385342408, 1.00000096799, 113.747410489, 1.02374684487, 3.27718471558, 1.04267134359, 3.29000088165, 1.00000094392, 3706.76359819, 0.536193029491
4.42634776492, 1.09318923459, 1.68055935159, 0.929054272676, 2.83000026126, 0.918040662218, 3.08072601952, 1.26000062492, 1.14000053784, 1.61441232014, 1.94196238632, 1.00170437595, 3.04000077504, 1.07845420135, 1.03457487062, 1.0000001703, 1.00000002627, 1.02222791062, 8.60684056028, 0.920819992279, 1.0000002347, 77.5937749856, 0.96225244497, 5.58564943476, 0.953700798369, 3.29000041023, 1.00000010736, 3498.85380429, 1.07238605898
1.32011860194, 1.04211412574, 1.47547310207, 0.87365119788, 2.8300005647, 1.12155173967, 1.39045478725, 1.26000036804, 1.14000097832, 2.29069648279, 1.74927652659, 0.89719560564, 3.04000034734, 1.03371184768, 0.807104437523, 1.0000009679, 1.00000025079, 1.03022667101, 5.05723679192, 0.984705871034, 1.00000018929, 100.289266119, 0.854962182024, 4.28934518179, 1.00657776907, 3.29000047611, 1.00000038607, 3400.58800656, 1.87667560322
1.1782349715, 1.06959964685, 1.51591404165, 0.93277546819, 2.83000051405, 1.07628550331, 3.96829408285, 1.26000016762, 1.14000015492, 2.80216812542, 1.61117600186, 0.953551098345, 3.04000009077, 1.05748687529, 0.829787517203, 1.00000053354, 1.00000016226, 1.02421111821, 7.73956090571, 0.916441629717, 1.00000045228, 81.0601842324, 1.03692281549, 3.99072876086, 0.971319724606, 3.29000068006, 1.00000032261, 2784.02312717, 2.68096514745
2.68778621316, 1.11166767559, 1.49454626876, 0.804940465057, 2.83000005777, 0.867288681999, 5.10670356413, 1.26000090717, 1.14000089353, 2.47827598807, 2.54446538157, 0.955108442925, 3.04000003692, 1.01993872775, 1.07669574889, 1.00000071127, 1.00000021001, 1.01615789507, 3.09375983531, 0.968306415872, 1.0000002796, 94.6287657379, 1.05637820855, 2.43780798525, 0.999126899562, 3.29000069589, 1.00000068703, 2620.02208424, 4.28954423592
5.28312927622, 1.06344526959, 1.44899057029, 0.911129548527, 2.83000055716, 1.01133412309, 1.11080714514, 1.260000037, 1.14000088221, 2.07399352153, 2.42414641255, 1.08273825976, 3.04000025163, 1.09948639105, 0.868531132253, 1.00000092821, 1.00000019472, 1.09864669261, 7.31557237722, 0.966793021081, 1.00000086916, 102.448719879, 0.974363377237, 4.81942573012, 0.979585432965, 3.29000053345, 1.00000092593, 32806.4903454, 0.268096514745
1.53576229701, 1.0846681696, 1.49210118626, 0.841030458748, 2.83000077678, 1.04958868531, 4.5757804874, 1.26000067099, 1.14000027931, 2.33335131208, 1.69976502023, 0.941801531024, 3.04000025738, 1.04642580421, 0.902857310727, 1.00000067127, 1.00000007027, 1.00611047949, 6.62494187501, 0.966068740277, 1.00000046486, 100.923593832, 0.916340705855, 1.81099035883, 1.04275342178, 3.29000015856, 1.00000095124, 4093.43200933, 0.536193029491
5.72981699531, 1.1091380638, 1.36379782719, 0.813807538542, 2.83000003468, 1.07530817014, 1.17377958343, 1.26000088288, 1.14000088182, 2.02004379344, 1.97259614682, 0.999214175168, 3.04000024307, 1.0600505678, 0.853223441697, 1.00000022436, 1.00000099676, 1.02307610234, 4.78202423889, 0.971559282768, 1.00000047282, 87.1838111977, 0.936010289721, 1.31490471501, 1.06209852453, 3.29000026716, 1.00000008187, 3714.24957371, 1.60857908847
2.96624670703, 1.13480076404, 1.40153389693, 0.923658432227, 2.83000012664, 0.900476269042, 3.05028758821, 1.26000098922, 1.14000095372, 3.17907702302, 2.52060501586, 0.886266732593, 3.04000054656, 1.06946627079, 0.833097936562, 1.00000088371, 1.00000035355, 1.0606654751, 7.99697811719, 0.951032233399, 1.00000085968, 95.7477633828, 0.995815943737, 4.16808216464, 1.02398354084, 3.29000067234, 1.0000001198, 2953.14498447, 5.63002680965
5.10282743237, 1.11017184985, 1.4685484245, 0.933385877604, 2.83000087649, 1.17905773246, 1.81797312103, 1.26000064296, 1.14000022285, 2.82162400765, 1.5613282809, 0.895073683366, 3.04000086764, 1.0216503289, 0.869520787588, 1.00000095546, 1.00000018846, 1.05091632737, 7.52361075495, 0.946345593512, 1.00000094834, 107.356377825, 0.98148727629, 1.76943481353, 0.993310644657, 3.29000039015, 1.00000082119, 49012.3063725, 0.268096514745
3.29606276812, 1.05865525847, 1.42574453484, 0.877874823928, 2.83000070936, 1.14692049034, 1.62889003491, 1.26000059971, 1.14000068564, 2.02584677232, 1.70040163825, 0.924556161028, 3.0400002231, 1.05122420509, 1.07214861005, 1.00000064198, 1.00000030567, 1.08828358532, 4.5976551615, 0.955162520524, 1.00000013327, 106.16733963, 0.900823169654, 3.77589425936, 0.975571466048, 3.29000037329, 1.00000085035, 4157.32990127, 1.34048257373
5.64378307786, 1.07939008155, 1.68043713827, 0.852253239101, 2.83000096775, 1.02936845011, 4.53760837041, 1.26000068167, 1.14000049027, 3.57659135994, 2.15224020101, 1.0125007551, 3.04000097778, 1.00513461835, 0.805477888316, 1.00000029733, 1.00000013515, 1.02863796826, 9.95476907059, 0.972491788766, 1.00000089237, 105.763510882, 1.08813276165, 2.17906127408, 1.05342541831, 3.29000010247, 1.00000005615, 5287.78508143, 0.536193029491
3.78149528412, 1.04913238648, 1.3960308745, 0.92811780633, 2.83000042106, 1.03730851822, 3.68701366671, 1.26000058129, 1.14000030954, 2.36621818959, 1.97176754002, 0.967878419785, 3.04000043659, 1.03837034486, 0.845092702415, 1.00000057855, 1.00000006947, 1.07095349336, 7.33263661934, 0.936069847128, 1.00000045087, 86.2532073664, 1.06312357648, 2.78796729247, 1.05633824186, 3.29000094363, 1.00000005488, 4079.94235604, 2.41286863271
1.25408666061, 1.11308832741, 1.60910253312, 0.8923633816, 2.83000095683, 1.11571467245, 2.81036708191, 1.26000005524, 1.14000076678, 2.15905178442, 3.05428498048, 1.03878637103, 3.0400009143, 1.00394526608, 0.945275039274, 1.00000018332, 1.00000028546, 1.02067204253, 4.86074808355, 0.992331089368, 1.00000049091, 110.824807088, 0.96225244497, 5.21769420551, 0.97323953318, 3.29000000602, 1.00000023353, 3741.9938844, 3.21715817694
4.73957000559, 1.02112291926, 1.41937457191, 0.921776328823, 2.83000060479, 0.864827754385, 4.02845967533, 1.26000034468, 1.14000026429, 3.60835643862, 1.56345698565, 0.950089556569, 3.04000063141, 1.06289215611, 0.888121027491, 1.00000056685, 1.00000008558, 1.06954634386, 9.20074571199, 0.916762743561, 1.00000057478, 77.0891837667, 1.07408987247, 1.74963943421, 1.01535322592, 3.29000002873, 1.00000038377, 4552.19943541, 1.34048257373
4.42380701386, 1.12837055229, 1.41016285988, 0.869039362018, 2.83000092285, 0.880754018092, 1.59672760324, 1.26000054383, 1.14000027877, 2.57820622606, 2.9962179976, 0.992342340397, 3.04000018342, 1.05777367405, 1.08905318393, 1.00000054511, 1.00000017675, 1.05251806377, 4.20892856404, 0.936661845256, 1.00000081189, 95.0452840635, 1.04392429821, 5.51916525209, 0.975959819267, 3.29000058138, 1.00000030517, 7771.30919426, 0.804289544236
4.42380701386, 1.12837055229, 1.41016285988, 0.869039362018, 2.83000092285, 0.982301720772, 1.59672760324, 1.26000054383, 1.14000027877, 2.57820622606, 2.9962179976, 0.992342340397, 3.04000049549, 1.05777367405, 1.08905318393, 1.00000054511, 1.00000017675, 1.05251806377, 4.20892856404, 0.936661845256, 1.00000081189, 95.0452840635, 1.04392429821, 5.51916525209, 0.961089206821, 3.29000058138, 1.00000030517, 8345.10238246, 0.536193029491
3.21920317511, 1.03428523067, 1.63213270226, 0.847692660573, 2.83000080925, 1.18276500878, 3.98721823455, 1.26000045601, 1.14000099395, 2.93089442261, 2.4810828262, 1.08119908692, 3.0400004347, 1.01935056832, 0.831675778543, 1.00000013454, 1.00000064216, 1.05516498659, 6.19761113789, 0.915859500807, 1.00000061787, 85.6368103077, 1.04486335817, 3.5196445271, 1.04768847101, 3.29000083111, 1.00000036029, 6534.23888392, 1.07238605898
2.96624670703, 1.13480076404, 1.40153389693, 0.923658432227, 2.83000012664, 0.900476269042, 3.05028758821, 1.26000097824, 1.14000095372, 3.17907702302, 2.52060501586, 0.886266732593, 3.04000054656, 1.06946627079, 1.01557151776, 1.00000088371, 1.00000035355, 1.0606654751, 7.99697811719, 0.951032233399, 1.00000085968, 95.7477633828, 0.995815943737, 4.16808216464, 1.02398354084, 3.29000067234, 1.0000001198, 4449.56017968, 3.75335120643
5.31551728881, 1.07468023094, 1.69154367603, 0.933343866617, 2.83000009196, 0.985775670964, 4.86897645312, 1.26000061489, 1.14000080212, 3.1409945173, 1.9664854289, 1.02785910307, 3.04000019899, 1.00201349646, 1.07242797386, 1.00000070164, 1.00000037956, 1.03001289442, 7.89366566977, 0.993562044774, 1.0000007437, 75.4977809261, 0.942727380445, 4.8530240907, 1.03811286769, 3.29000007363, 1.00000035038, 4434.22599063, 5.09383378016
3.93439096895, 1.07171876577, 1.64223187257, 0.84768680658, 2.83000093855, 0.930716962937, 4.21127784084, 1.26000085587, 1.14000022144, 2.07632198777, 2.98368080394, 1.08459781855, 3.04000098475, 1.03147332231, 0.799872623781, 1.00000079945, 1.00000093129, 1.01069890535, 7.09944456672, 0.936482182855, 1.00000055674, 80.6922605683, 0.942412302973, 2.83221899137, 1.06729086793, 3.290000553, 1.00000085962, 4675.96622729, 3.48525469169
3.0432687246, 1.00448890616, 1.73157781299, 0.958457316258, 2.83000091935, 1.0018630611, 4.22413788802, 1.2600007288, 1.14000048608, 1.97503165804, 2.48016840736, 1.06843483918, 3.04000080161, 1.03309851036, 0.901484423203, 1.00000029557, 1.00000053313, 1.03372708999, 8.06827772861, 0.939226527534, 1.00000081153, 93.6585521094, 1.03988394508, 5.09138319307, 1.03076391071, 3.29000075145, 1.00000047671, 4685.79899851, 2.9490616622
1.59023510375, 1.09025622054, 1.66740725338, 0.970483908842, 2.83000039692, 0.90337890454, 5.93737854135, 1.26000055998, 1.14000019909, 2.41728591928, 2.75871965396, 1.03221230558, 3.04000077648, 1.07996050442, 0.959686998284, 1.00000009301, 1.00000074676, 1.05087429367, 6.82248267592, 0.952340313061, 1.00000059235, 99.8862674227, 0.853642009986, 2.96297016469, 0.990163107297, 3.29000066021, 1.00000032937, 4729.49714301, 1.87667560322
4.90296360719, 1.13714624707, 1.58972998746, 0.840150520375, 2.83000017553, 1.06286823697, 3.91059841995, 1.26000067829, 1.14000008198, 1.35422932536, 2.25965568579, 1.02174649266, 3.04000024128, 1.00436261373, 1.01268391405, 1.00000035855, 1.00000061375, 1.06866764947, 5.87751913309, 0.949129003149, 1.00000081403, 119.698170856, 0.858279748074, 2.52375094383, 1.04873332951, 3.29000097146, 1.0000005178, 8460.57243479, 0.804289544236
2.56530872554, 1.05586773129, 1.63607643757, 0.883566817266, 2.83000091204, 1.14359268993, 2.85217335329, 1.26000071743, 1.14000041532, 3.48413545228, 2.01791553062, 1.07093854004, 3.04000065865, 1.09946844709, 0.990254314386, 1.00000024602, 1.00000056997, 1.03675839561, 5.40556008706, 0.950456026335, 1.00000063074, 95.1052833264, 0.900812023041, 3.32289594619, 1.04292221721, 3.29000008096, 1.0000009254, 8843.45330507, 0.536193029491
1.27262670965, 1.0012780935, 1.59863283686, 0.996935669423, 2.83000052168, 0.934950721331, 1.08154211986, 1.26000072831, 1.14000024936, 2.07933996187, 2.33580387482, 1.01165878579, 3.04000048617, 1.11996290947, 0.841561978227, 1.00000047012, 1.00000043796, 1.02785982121, 6.08663211826, 0.933981432893, 1.00000044532, 96.044105593, 0.852900215746, 1.08021492294, 0.998054824128, 3.29000051023, 1.00000019205, 8057.22090024, 1.07238605898
5.64378307786, 1.07939008155, 1.68043713827, 0.852253239101, 2.83000096775, 0.999276992489, 4.53760837041, 1.26000061864, 1.14000049027, 3.57659135994, 1.82122183766, 1.0125007551, 3.04000097778, 1.00513461835, 0.805477888316, 1.00000029733, 1.00000013515, 1.02863796826, 9.95476907059, 0.972491788766, 1.00000089237, 105.763510882, 0.912413474092, 1.44314877445, 1.05342541831, 3.29000010247, 1.00000005615, 4526.24905432, 4.82573726542
4.56103631234, 1.06755270764, 1.43023332883, 0.908852267206, 2.8300008071, 0.880754018092, 1.51031762525, 1.26000090043, 1.14000085823, 1.61841644815, 1.63705899881, 0.930665988513, 3.04000018342, 1.08113234896, 0.786682112192, 1.00000076838, 1.00000038952, 1.10184490432, 6.28917341157, 0.923220408099, 1.00000000459, 85.2153838208, 1.06415738868, 4.77961740144, 1.00032853948, 3.29000065201, 1.00000010988, 4962.3245667, 3.48525469169
4.09839736549, 1.06898653057, 1.53461791873, 0.947988415937, 2.83000060188, 1.15809050621, 3.14577452774, 1.26000034295, 1.1400001927, 2.23416039659, 2.11339724276, 0.940656142252, 3.04000029331, 1.04339266528, 0.857039381489, 1.00000006299, 1.00000094848, 1.00474092488, 5.18978838825, 0.94954235451, 1.0000002821, 116.905153704, 1.06136529122, 5.2136129974, 0.997549944495, 3.29000079496, 1.00000048397, 5254.94585223, 1.87667560322
1.66896001246, 1.11150619684, 1.39171937944, 0.887609062189, 2.83000042738, 0.885679128444, 3.51879070317, 1.26000069653, 1.14000025299, 3.27172631854, 2.19687474385, 1.07288133096, 3.04000053373, 1.05135193323, 1.06515798098, 1.00000075539, 1.00000017563, 1.00573120318, 4.5782095229, 0.93868999208, 1.00000067607, 114.958651432, 0.900124182883, 1.87616314023, 1.05268345969, 3.29000069336, 1.00000045993, 10349.7381916, 0.804289544236
5.57564404912, 1.07282813355, 1.45480657891, 0.908510003935, 2.83000025905, 1.16471672813, 5.22000499438, 1.2600005228, 1.14000006498, 1.94057448141, 2.94502074218, 0.964216135755, 3.04000079331, 1.06730905217, 0.941095856665, 1.0000005549, 1.00000001985, 1.08388737239, 5.97836298007, 0.96780117655, 1.00000019492, 103.340400432, 0.994433581047, 3.78634225787, 1.06336811265, 3.2900005825, 1.00000050806, 12313.6387524, 0.536193029491
5.64637820106, 1.00191321976, 1.73954163272, 0.850613318133, 2.83000050671, 0.913559359309, 1.14473657663, 1.26000098306, 1.14000004363, 3.43845008062, 1.91031463122, 0.993127869306, 3.04000019449, 1.07890618877, 0.934962131488, 1.00000018811, 1.00000059911, 1.02229466895, 4.76094528659, 0.979828571898, 1.00000022302, 91.9411477317, 0.886546471757, 2.51968602862, 0.997722629875, 3.29000081408, 1.00000019937, 8877.80442063, 1.07238605898
1.20829901044, 1.12792729352, 1.67456479278, 0.859582515314, 2.8300000484, 0.887309801625, 5.93550238832, 1.26000044403, 1.14000071636, 1.73952356505, 2.38910501573, 1.05653362862, 3.04000016955, 1.08347452336, 0.946082086336, 1.00000000426, 1.00000044698, 1.08054986674, 8.77002791602, 0.94963463735, 1.00000048674, 78.9457422742, 1.07592694386, 3.35123660313, 0.972644650145, 3.29000098896, 1.0000003257, 5697.64477041, 3.75335120643
2.08025727615, 1.09327392094, 1.52119125194, 0.890982256794, 2.83000028235, 0.920839304862, 3.90690691143, 1.26000001367, 1.14000050315, 2.5987547914, 1.87818714914, 1.07582561422, 3.04000023651, 1.0164571845, 1.03340689932, 1.00000067209, 1.00000069996, 1.06596479076, 4.2801172862, 0.938758791654, 1.0000009074, 99.6802358204, 0.994868075703, 2.70358799714, 0.988140432055, 3.29000013552, 1.00000017697, 5765.04631574, 3.48525469169
2.6342997538, 1.10306860172, 1.43536991475, 0.855117343887, 2.83000050991, 1.05030601358, 4.08271777019, 1.26000014797, 1.14000047241, 2.0821166504, 1.87272955026, 1.03545781479, 3.04000029891, 1.01972185514, 1.02848240163, 1.00000030401, 1.00000069826, 1.08922719991, 9.18990991199, 0.973133570952, 1.0000007171, 98.292588501, 0.986240500464, 2.21743044598, 1.06150327116, 3.29000002933, 1.00000002886, 7952.67625883, 2.14477211796
4.02421300517, 1.09854180583, 1.42716955534, 0.905805934662, 2.8300002386, 0.976381030906, 3.50000446593, 1.26000032914, 1.14000009156, 1.4426465422, 2.31862869214, 1.05094279082, 3.04000004922, 1.01462392436, 1.00207032785, 1.00000069622, 1.00000027333, 1.02807300846, 7.78411364177, 0.984242847699, 1.00000012194, 84.8893764974, 1.01897944822, 2.60214360341, 1.05209151198, 3.29000069564, 1.00000062045, 7129.58388658, 3.21715817694
1.81003720549, 1.13383172919, 1.35084347625, 0.820658102824, 2.83000093557, 0.979434419477, 5.21449649754, 1.26000086145, 1.14000071903, 2.40034040746, 2.00775958431, 0.898959521622, 3.04000046482, 1.10334752034, 0.98034556181, 1.00000071002, 1.00000089747, 1.0878669916, 8.55786840701, 0.910614567935, 1.00000072299, 77.1968157363, 0.935069399227, 5.70221685128, 0.983730820228, 3.29000042386, 1.00000015518, 14236.3325489, 0.536193029491
2.18940330964, 1.05058277965, 1.61184207438, 0.878179202291, 2.83000091664, 1.14644602613, 2.17984094959, 1.26000012506, 1.1400006749, 3.43487609946, 2.49849565702, 0.965826802286, 3.04000091778, 1.06149915809, 0.795490042619, 1.00000030648, 1.00000035301, 1.0517959864, 3.99998418811, 0.982014671908, 1.00000027441, 81.2016532095, 0.907778381905, 5.13532542479, 0.968081678351, 3.29000086694, 1.00000064088, 11100.8765003, 1.60857908847
5.64326934447, 1.00378551555, 1.6402233907, 0.960105548062, 2.83000079748, 1.01938569822, 2.35521277776, 1.26000086861, 1.14000055791, 3.63663852109, 2.07564569117, 0.940025515141, 3.04000078501, 1.01020936781, 1.04567098668, 1.00000001307, 1.00000030825, 1.07697343099, 9.74496132777, 0.948321997692, 1.00000053213, 105.583816268, 0.930962568268, 2.71489350406, 0.971740567648, 3.29000008508, 1.00000001698, 11496.485151, 1.34048257373
3.10903239448, 1.09769650742, 1.53274616371, 0.972836908407, 2.83000030407, 1.15178955118, 3.59736452586, 1.26000009972, 1.14000031202, 1.47890246465, 1.66986010786, 1.01377692691, 3.04000019357, 1.00982983617, 1.04185394578, 1.00000046694, 1.00000077995, 1.08118182903, 6.70876537693, 0.954363624052, 1.00000032748, 88.9453068963, 0.912091050493, 2.10087965411, 0.960682727837, 3.29000021594, 1.00000076573, 10744.9140454, 1.87667560322
3.21920317511, 1.03428523067, 1.63213270226, 0.847692660573, 2.83000080925, 1.18276500878, 3.98721823455, 1.26000085111, 1.14000099395, 2.93089442261, 2.4810828262, 1.08119908692, 3.0400004347, 1.01935056832, 0.831675778543, 1.00000013454, 1.00000064216, 1.05516498659, 6.19761113789, 0.915859500807, 1.00000061787, 85.6368103077, 1.04486335817, 3.5196445271, 1.04768847101, 3.29000083111, 1.00000036029, 6138.45037184, 4.28954423592
1.19136783681, 1.05414008673, 1.71077968663, 0.912681342084, 2.83000077575, 0.910239699522, 5.62642581608, 1.26000067829, 1.14000039542, 1.35422932536, 2.66663635928, 0.921632380964, 3.04000018387, 1.00701465786, 0.891865529089, 1.00000036475, 1.00000058113, 1.048671003, 6.05875801254, 0.991255548912, 1.00000081403, 108.431241472, 0.964110431476, 1.6581031193, 1.03348920319, 3.29000035519, 1.00000068508, 8312.4487696, 2.14477211796
2.25587457269, 1.13222397857, 1.54108344827, 0.803122489308, 2.83000097515, 1.13408161765, 2.93908075267, 1.26000056481, 1.14000009364, 2.05734256617, 2.29518416806, 1.04722940075, 3.04000065746, 1.01626906392, 0.84213292954, 1.0000005203, 1.0000006279, 1.0541434244, 7.88803307367, 0.961862664106, 1.00000085862, 91.4440414558, 1.0244104508, 5.45643923357, 1.00042113066, 3.29000061838, 1.0000007851, 8016.73965505, 2.41286863271
2.68778621316, 1.11166767559, 1.49454626876, 0.804940465057, 2.83000005777, 0.867288681999, 5.10670356413, 1.26000090717, 1.14000089353, 2.47827598807, 1.72233013846, 0.955108442925, 3.04000003692, 1.01993872775, 1.06824136819, 1.00000071127, 1.00000021001, 1.01615789507, 3.09375983531, 0.968306415872, 1.0000002796, 94.6287657379, 1.05637820855, 2.43780798525, 0.999126899562, 3.29000069589, 1.00000034972, 7213.19471585, 3.21715817694
1.10362421228, 1.06368552233, 1.4492592303, 0.97882735785, 2.8300008284, 0.855674198414, 5.17849685484, 1.26000035955, 1.14000073678, 3.71057923895, 2.91986254766, 1.01645992852, 3.0400001184, 1.00680355664, 0.909389386803, 1.00000098087, 1.00000030067, 1.05420528552, 9.81922228906, 0.920215432831, 1.00000044114, 100.789269334, 0.897266765893, 4.39368773154, 0.995993613309, 3.29000087205, 1.00000089538, 14649.1997152, 0.536193029491
3.78149528412, 1.04913238648, 1.3960308745, 0.92811780633, 2.83000042106, 1.03730851822, 3.68701366671, 1.26000058129, 1.14000030954, 2.36621818959, 1.97176754002, 0.967878419785, 3.04000043659, 1.03837034486, 0.845092702415, 1.00000057855, 1.00000006947, 1.07095349336, 7.33263661934, 0.936069847128, 1.00000045087, 86.2532073664, 1.06312357648, 2.78796729247, 1.05633824186, 3.29000094363, 1.00000005488, 14425.747805, 1.87667560322
4.4240886393, 1.09350145667, 1.63443912982, 0.872066863057, 2.83000072704, 1.01457651198, 4.16825900958, 1.26000092103, 1.14000095087, 1.8490299106, 2.36044984277, 0.989130431942, 3.04000006671, 1.06701953684, 0.987104791626, 1.00000097875, 1.00000093088, 1.08427457397, 6.99641265555, 0.913218881751, 1.00000006086, 89.7137308947, 1.07213447978, 2.33454345983, 1.05095973724, 3.29000041019, 1.0000000355, 6415.24272782, 8.04289544236
5.99010131273, 1.09094445729, 1.34881036649, 0.930619108054, 2.83000046754, 0.940942120787, 2.9371439217, 1.26000072604, 1.14000088971, 2.29743359244, 2.87916827946, 0.993562941498, 3.04000099023, 1.11293440928, 0.877012206015, 1.00000069712, 1.00000093652, 1.08335683169, 3.43263422032, 0.964142440635, 1.00000034491, 114.831650991, 1.05490501635, 1.29234191506, 1.04460019371, 3.29000058463, 1.0000005034, 6762.3668571, 5.63002680965
4.44150760301, 1.13336402652, 1.62848244767, 0.904364601385, 2.83000040021, 1.02967057629, 1.898901059, 1.26000008347, 1.14000004511, 3.18263060605, 2.46366228217, 0.944077978755, 3.04000034656, 1.01409131428, 1.00100659033, 1.00000022916, 1.00000060629, 1.02796503886, 7.81190709906, 0.984267309967, 1.00000083935, 117.126552388, 0.971090325628, 1.56202800558, 1.00794211205, 3.29000024465, 1.00000022669, 8797.45010361, 2.14477211796
1.25408666061, 1.11308832741, 1.60910253312, 0.85717547247, 2.83000095683, 1.11571467245, 2.81036708191, 1.26000005524, 1.14000076678, 2.15905178442, 3.05428498048, 1.03878637103, 3.0400009143, 1.00394526608, 0.945275039274, 1.00000018332, 1.00000028546, 1.02067204253, 4.86074808355, 0.992331089368, 1.00000049091, 110.824807088, 0.901298465616, 5.21769420551, 0.97323953318, 3.29000000602, 1.00000023353, 17460.2026097, 0.536193029491
2.44842469422, 1.09038270523, 1.71791673715, 0.907832188173, 2.83000068519, 1.10643058409, 1.24245114833, 1.26000034839, 1.14000086906, 1.37711780761, 2.4265579531, 0.956107182643, 3.04000006864, 1.03094191609, 1.02068940855, 1.00000095151, 1.00000072014, 1.00169483, 6.39193754495, 0.950450903549, 1.00000092338, 90.2369891398, 0.861929274403, 2.59917187992, 0.994117490978, 3.2900004248, 1.00000011708, 14878.9294204, 0.804289544236
2.52637938302, 1.12153379973, 1.50221996225, 0.897916104826, 2.83000044042, 1.10175337671, 5.81387890215, 1.26000099619, 1.14000064238, 1.93425552162, 1.97148769092, 0.932820518932, 3.04000033149, 1.01585389988, 0.990808568789, 1.00000020501, 1.00000015772, 1.06297317585, 3.14937462631, 0.951786985115, 1.00000091499, 98.9759019732, 1.0191554711, 5.86714828769, 1.02262520536, 3.29000097323, 1.00000054462, 6805.42097975, 6.43431635389
4.4240886393, 1.09350145667, 1.63443912982, 0.872066863057, 2.83000072704, 1.01457651198, 4.16825900958, 1.26000092103, 1.14000095087, 1.8490299106, 2.36044984277, 0.989130431942, 3.04000020901, 1.06701953684, 0.987104791626, 1.00000097875, 1.00000093088, 1.08427457397, 6.99641265555, 0.936223044311, 1.00000006086, 80.5527860987, 1.07213447978, 2.33454345983, 1.01498784934, 3.29000041019, 1.0000000355, 22160.1466298, 0.536193029491
3.10748506882, 1.09306289705, 1.5882495451, 0.97836973904, 2.83000097325, 1.1601178688, 5.9942836522, 1.26000075767, 1.14000023504, 2.05799979766, 1.99610279066, 0.935636082632, 3.04000009704, 1.0374722805, 0.912106120513, 1.00000094471, 1.00000051825, 1.0633367588, 9.10399696526, 0.987296250363, 1.00000002687, 122.054193203, 0.995668719187, 2.88812725539, 0.955552287328, 3.2900000358, 1.00000034739, 9188.97663175, 2.41286863271
1.40061981662, 1.05559815097, 1.46152979734, 0.967018533898, 2.83000072076, 1.15001806292, 3.95032403989, 1.26000025535, 1.14000022758, 1.94917205823, 2.40584349175, 0.951693741451, 3.040000758, 1.11504851277, 0.887731212832, 1.00000020435, 1.00000058766, 1.06513543938, 7.0254909333, 0.985685029474, 1.00000000836, 88.1325941917, 0.891088655183, 5.29225078331, 0.96846708902, 3.29000026292, 1.00000014568, 15162.5952866, 1.34048257373
