-1.0, 1.0, -1.0, -1.0, 2.0, -1.0, -1.0, -1.0, 2.0, 0.0, -1.0, 1.0, 3.0, 2.0, 0.0, 1.0, 3.0, 0.0, 0.0, 1.0, 1.0, 2.0, -1.0, 1.0, -1.0, 0.0, -1.0, -1.0, -1.0, 0.0, 3.0, 0.0, 3.0, 2.0, -1.0, -1.0, 1.0, 3.0, 2.0, 0.0, 1.0, -1.0, 2.0, 1.0, 1.0, 2.0, 0.0, -1.0, -1.0, 2.0, 442.0, 99576.0
-1.0, 0.0, -1.0, 3.0, 3.0, 3.0, 1.0, 2.0, 2.0, 0.0, 3.0, 0.0, 3.0, -1.0, -1.0, 2.0, -1.0, 2.0, 0.0, 3.0, 0.0, -1.0, 0.0, 1.0, 3.0, 1.0, 0.0, 2.0, -1.0, 0.0, -1.0, 2.0, 1.0, 0.0, 0.0, 3.0, 2.0, 1.0, 0.0, 2.0, 0.0, 1.0, 2.0, 3.0, 1.0, 3.0, 2.0, -1.0, 1.0, 1.0, 559.0, 99470.0
1.0, 1.0, -1.0, 1.0, 1.0, 2.0, 0.0, 0.0, 2.0, -1.0, 2.0, 0.0, 2.0, 0.0, 3.0, -1.0, -1.0, 0.0, 3.0, 3.0, -1.0, 0.0, -1.0, 3.0, 2.0, 3.0, 0.0, 2.0, 2.0, 3.0, -1.0, 0.0, -1.0, 3.0, -1.0, 1.0, 2.0, 0.0, 0.0, 2.0, 1.0, 2.0, -1.0, 3.0, 1.0, 1.0, 1.0, -1.0, 3.0, 0.0, 527.0, 99492.0
-1.0, 1.0, -1.0, -1.0, 2.0, 0.0, -1.0, -1.0, 2.0, 0.0, -1.0, 1.0, 2.0, 2.0, 0.0, 1.0, 3.0, 3.0, 0.0, 1.0, 1.0, 2.0, -1.0, 1.0, -1.0, 0.0, -1.0, -1.0, 2.0, 0.0, -1.0, 0.0, -1.0, 2.0, -1.0, 3.0, 1.0, 3.0, 2.0, 0.0, 1.0, -1.0, 2.0, 0.0, 1.0, 2.0, 0.0, -1.0, -1.0, 2.0, 458.0, 99564.0
-1.0, 1.0, -1.0, -1.0, 2.0, -1.0, -1.0, -1.0, 2.0, 0.0, -1.0, 1.0, 3.0, 2.0, 0.0, 1.0, 3.0, 0.0, 0.0, 1.0, 1.0, 2.0, -1.0, 1.0, -1.0, 0.0, -1.0, -1.0, -1.0, 0.0, 3.0, 0.0, 3.0, 2.0, -1.0, -1.0, 1.0, 3.0, 2.0, 0.0, 1.0, -1.0, 2.0, 1.0, 1.0, 2.0, 0.0, -1.0, -1.0, 2.0, 442.0, 99576.0
1.0, 1.0, -1.0, 1.0, 1.0, 2.0, 0.0, 0.0, 2.0, -1.0, 2.0, 0.0, 3.0, 0.0, 3.0, -1.0, -1.0, 0.0, 3.0, 3.0, -1.0, 0.0, -1.0, 3.0, 2.0, 3.0, 0.0, 2.0, 2.0, 3.0, -1.0, 0.0, -1.0, 3.0, -1.0, 1.0, 2.0, 0.0, 0.0, 2.0, 1.0, -1.0, -1.0, 3.0, 1.0, 1.0, 1.0, -1.0, 3.0, 0.0, 510.0, 99501.0
-1.0, 1.0, -1.0, -1.0, 2.0, -1.0, -1.0, -1.0, 2.0, 0.0, -1.0, 1.0, 3.0, -1.0, 0.0, 1.0, 3.0, 0.0, 0.0, 1.0, 1.0, 2.0, -1.0, 1.0, -1.0, 0.0, -1.0, -1.0, 2.0, 0.0, 3.0, 0.0, -1.0, 2.0, -1.0, -1.0, 1.0, 3.0, 2.0, 0.0, 1.0, -1.0, 2.0, 1.0, 1.0, 2.0, 0.0, -1.0, -1.0, 2.0, 428.0, 99599.0
-1.0, 1.0, -1.0, -1.0, 2.0, -1.0, -1.0, -1.0, 2.0, 0.0, -1.0, 1.0, 3.0, 2.0, 0.0, 1.0, 3.0, 0.0, 0.0, 1.0, 1.0, 2.0, -1.0, 1.0, -1.0, 0.0, -1.0, -1.0, -1.0, 0.0, 3.0, 0.0, 3.0, 2.0, -1.0, -1.0, 1.0, 3.0, 2.0, 0.0, 1.0, -1.0, 2.0, 1.0, 1.0, 2.0, 0.0, -1.0, -1.0, 2.0, 442.0, 99576.0
-1.0, 0.0, -1.0, 3.0, 3.0, 3.0, 1.0, 2.0, 2.0, 0.0, 3.0, 0.0, 3.0, -1.0, -1.0, 2.0, -1.0, 2.0, 0.0, 3.0, 0.0, -1.0, 0.0, 1.0, 3.0, 1.0, 0.0, 2.0, -1.0, 0.0, -1.0, 2.0, 1.0, 0.0, 0.0, 3.0, 2.0, 1.0, 0.0, 2.0, 0.0, 1.0, 2.0, 3.0, 1.0, 3.0, 2.0, -1.0, 1.0, 1.0, 559.0, 99470.0
1.0, 1.0, -1.0, 1.0, 1.0, 2.0, 0.0, 0.0, 2.0, -1.0, 2.0, 0.0, 2.0, 0.0, 3.0, -1.0, -1.0, 0.0, 3.0, 3.0, 3.0, 0.0, -1.0, 3.0, 2.0, 3.0, 0.0, 2.0, 2.0, 3.0, -1.0, 0.0, -1.0, 3.0, -1.0, 1.0, 2.0, 0.0, 0.0, 2.0, 1.0, 2.0, -1.0, 3.0, 1.0, 1.0, 1.0, -1.0, 3.0, 0.0, 537.0, 99482.0
-1.0, 1.0, -1.0, -1.0, 2.0, 0.0, -1.0, -1.0, 2.0, 0.0, -1.0, 1.0, 2.0, 2.0, 0.0, 1.0, 3.0, 3.0, 0.0, 1.0, 1.0, 2.0, -1.0, 1.0, -1.0, 0.0, -1.0, -1.0, 2.0, 0.0, -1.0, 0.0, -1.0, 2.0, -1.0, 3.0, 1.0, 3.0, 2.0, 0.0, 1.0, -1.0, 2.0, 0.0, 1.0, 2.0, 0.0, -1.0, -1.0, 2.0, 458.0, 99564.0
1.0, 1.0, -1.0, 1.0, 1.0, 2.0, 0.0, 0.0, 2.0, -1.0, 2.0, 0.0, 2.0, 0.0, 3.0, -1.0, -1.0, 0.0, 3.0, 3.0, 3.0, 0.0, 3.0, 3.0, 2.0, 3.0, 0.0, 2.0, 2.0, 3.0, -1.0, 0.0, -1.0, 3.0, 0.0, 1.0, 2.0, 0.0, 0.0, 2.0, 1.0, 2.0, -1.0, 3.0, 1.0, 1.0, 1.0, 1.0, 3.0, 0.0, 581.0, 99451.0
-1.0, -1.0, 1.0, 3.0, -1.0, -1.0, 0.0, 2.0, 1.0, 2.0, 3.0, 1.0, 3.0, 2.0, 0.0, 3.0, -1.0, 1.0, 3.0, 1.0, 0.0, -1.0, 3.0, 3.0, 0.0, 3.0, 0.0, 3.0, 2.0, 2.0, -1.0, 0.0, 1.0, 1.0, -1.0, 1.0, -1.0, 0.0, 2.0, -1.0, 1.0, -1.0, 1.0, 0.0, 3.0, 2.0, 1.0, 0.0, 2.0, 0.0, 528.0, 99483.0
1.0, 1.0, -1.0, 1.0, 1.0, 2.0, 0.0, 0.0, 2.0, -1.0, -1.0, 0.0, 0.0, 0.0, 3.0, -1.0, -1.0, 0.0, 3.0, 3.0, 3.0, 0.0, 3.0, 3.0, 2.0, 3.0, 0.0, 2.0, 2.0, 3.0, -1.0, 0.0, 2.0, 3.0, -1.0, 1.0, 2.0, 0.0, 0.0, 2.0, 1.0, 2.0, -1.0, 3.0, 1.0, 1.0, 1.0, 1.0, 3.0, 0.0, 568.0, 99453.0
1.0, 1.0, -1.0, -1.0, 2.0, 2.0, 0.0, 0.0, 2.0, -1.0, 2.0, 0.0, 3.0, 0.0, 3.0, -1.0, -1.0, 0.0, 3.0, 3.0, -1.0, 0.0, -1.0, 3.0, 2.0, 3.0, 0.0, 2.0, 2.0, 3.0, -1.0, 0.0, -1.0, 3.0, -1.0, 1.0, 2.0, 0.0, 0.0, 2.0, 1.0, -1.0, -1.0, 3.0, 1.0, 1.0, 1.0, -1.0, 3.0, 2.0, 491.0, 99512.0
-1.0, 1.0, -1.0, -1.0, 2.0, -1.0, -1.0, -1.0, 2.0, 0.0, -1.0, 1.0, 3.0, 2.0, 0.0, 1.0, 3.0, 0.0, 0.0, 1.0, 1.0, 2.0, -1.0, 1.0, -1.0, 0.0, -1.0, -1.0, 2.0, 0.0, 3.0, 0.0, 3.0, 2.0, -1.0, -1.0, 1.0, 3.0, 2.0, 0.0, 1.0, -1.0, 2.0, 1.0, 1.0, 2.0, 0.0, -1.0, -1.0, 2.0, 459.0, 99563.0
-1.0, 1.0, -1.0, -1.0, 2.0, 0.0, -1.0, -1.0, 2.0, 0.0, -1.0, 1.0, 3.0, 2.0, 0.0, 1.0, 3.0, 3.0, 0.0, 1.0, 1.0, 2.0, -1.0, 1.0, -1.0, 0.0, -1.0, -1.0, 2.0, 0.0, -1.0, 0.0, -1.0, 2.0, -1.0, 3.0, 1.0, 3.0, 2.0, 0.0, 1.0, -1.0, 2.0, 0.0, 1.0, 2.0, 0.0, -1.0, -1.0, 2.0, 458.0, 99564.0
-1.0, 1.0, -1.0, -1.0, 2.0, -1.0, -1.0, -1.0, 2.0, 0.0, -1.0, 1.0, 3.0, 2.0, 0.0, 1.0, 3.0, 0.0, 0.0, 1.0, 1.0, 2.0, -1.0, 1.0, -1.0, 0.0, -1.0, -1.0, -1.0, 0.0, 3.0, 0.0, 3.0, 2.0, -1.0, -1.0, 1.0, 3.0, 2.0, 0.0, 1.0, -1.0, 2.0, 1.0, 1.0, 2.0, 0.0, -1.0, -1.0, 2.0, 442.0, 99576.0
-1.0, 0.0, -1.0, 3.0, 3.0, 3.0, 1.0, 2.0, 2.0, 0.0, 3.0, 0.0, 3.0, -1.0, -1.0, 2.0, -1.0, 2.0, 0.0, 3.0, 0.0, -1.0, 0.0, 1.0, 3.0, 1.0, 0.0, 2.0, -1.0, 0.0, -1.0, 2.0, 1.0, 0.0, 0.0, 3.0, 2.0, 1.0, 0.0, 2.0, 0.0, 1.0, 2.0, 3.0, 1.0, 3.0, 2.0, -1.0, 1.0, 1.0, 559.0, 99470.0
1.0, 1.0, -1.0, 1.0, 1.0, 2.0, 0.0, 0.0, 2.0, -1.0, -1.0, 0.0, 0.0, 0.0, 3.0, -1.0, -1.0, 0.0, 3.0, 3.0, 3.0, 0.0, 3.0, 3.0, 2.0, 3.0, 0.0, 2.0, 2.0, 3.0, -1.0, 0.0, 2.0, 3.0, -1.0, 1.0, 2.0, 0.0, 0.0, 2.0, 1.0, 2.0, -1.0, 3.0, 1.0, 1.0, 1.0, 1.0, 3.0, 0.0, 568.0, 99453.0
1.0, 1.0, -1.0, 1.0, 1.0, 2.0, 0.0, 0.0, 2.0, -1.0, 2.0, 0.0, 2.0, 0.0, 3.0, -1.0, -1.0, 0.0, 3.0, 3.0, -1.0, 0.0, -1.0, 3.0, 2.0, 3.0, 0.0, 2.0, 2.0, 3.0, -1.0, 0.0, -1.0, 3.0, -1.0, 1.0, 2.0, 0.0, 0.0, 2.0, 1.0, 2.0, -1.0, 3.0, 1.0, 1.0, 1.0, -1.0, 3.0, 0.0, 527.0, 99492.0
-1.0, 1.0, -1.0, -1.0, 2.0, -1.0, -1.0, -1.0, 2.0, 0.0, -1.0, 1.0, 3.0, 2.0, 0.0, 1.0, 3.0, 0.0, 0.0, 1.0, 1.0, 0.0, -1.0, 1.0, -1.0, 0.0, -1.0, -1.0, -1.0, 0.0, 3.0, 0.0, 3.0, 2.0, -1.0, -1.0, 1.0, 3.0, 2.0, 0.0, 1.0, -1.0, 2.0, 1.0, 1.0, 2.0, 0.0, -1.0, -1.0, 2.0, 442.0, 99576.0
1.0, 1.0, -1.0, 1.0, 1.0, 2.0, 0.0, 0.0, 2.0, -1.0, -1.0, 0.0, 0.0, 0.0, 3.0, -1.0, -1.0, 0.0, 3.0, 3.0, 3.0, 0.0, 3.0, 3.0, 2.0, 3.0, 0.0, 2.0, 2.0, 3.0, -1.0, 0.0, 2.0, 3.0, -1.0, 1.0, 2.0, 0.0, 0.0, 2.0, 1.0, 2.0, -1.0, 3.0, 1.0, 1.0, 1.0, 1.0, 3.0, 0.0, 568.0, 99453.0
1.0, 1.0, -1.0, 1.0, 1.0, 2.0, 0.0, 0.0, 2.0, -1.0, 2.0, 0.0, 3.0, 0.0, 3.0, -1.0, -1.0, 0.0, 3.0, 3.0, -1.0, 0.0, -1.0, 1.0, 2.0, 3.0, 0.0, 2.0, 2.0, 3.0, -1.0, 0.0, -1.0, 3.0, -1.0, 1.0, 2.0, 3.0, 0.0, 2.0, 1.0, -1.0, -1.0, 3.0, 1.0, 1.0, 1.0, -1.0, 3.0, 0.0, 510.0, 99501.0
1.0, 1.0, -1.0, 1.0, 1.0, 2.0, 0.0, 0.0, 2.0, -1.0, 2.0, 0.0, 2.0, 0.0, 3.0, -1.0, -1.0, 0.0, 3.0, 3.0, 3.0, 0.0, 3.0, 3.0, 2.0, 3.0, 0.0, 2.0, 2.0, 3.0, -1.0, 1.0, -1.0, 3.0, -1.0, 1.0, 2.0, 0.0, 0.0, 2.0, 1.0, 2.0, -1.0, 3.0, 1.0, 1.0, 0.0, 1.0, 3.0, 0.0, 567.0, 99463.0
-1.0, 1.0, -1.0, -1.0, 2.0, -1.0, -1.0, -1.0, 2.0, 0.0, -1.0, 1.0, 3.0, 2.0, 0.0, 1.0, 3.0, 0.0, 0.0, 1.0, 1.0, 2.0, -1.0, 1.0, -1.0, 0.0, -1.0, -1.0, -1.0, 0.0, 3.0, 0.0, 3.0, 2.0, -1.0, -1.0, 1.0, 3.0, 2.0, 0.0, 1.0, -1.0, 2.0, 1.0, 1.0, 2.0, 0.0, -1.0, -1.0, 2.0, 442.0, 99576.0
-1.0, 0.0, -1.0, 3.0, 3.0, 3.0, 1.0, 2.0, 2.0, 0.0, 3.0, 0.0, 3.0, -1.0, -1.0, 2.0, -1.0, 2.0, 0.0, 3.0, 0.0, -1.0, 0.0, 1.0, 3.0, 1.0, 0.0, 2.0, -1.0, 0.0, -1.0, 2.0, 1.0, 0.0, 0.0, 3.0, 2.0, 1.0, 0.0, 2.0, 0.0, 1.0, 2.0, 3.0, 1.0, 3.0, 2.0, -1.0, 1.0, 1.0, 559.0, 99470.0
-1.0, 1.0, -1.0, -1.0, 2.0, 0.0, -1.0, -1.0, 2.0, 0.0, -1.0, 1.0, 3.0, 2.0, 0.0, 1.0, 3.0, 3.0, 0.0, 1.0, 1.0, 2.0, -1.0, 1.0, -1.0, 0.0, -1.0, 0.0, 2.0, 0.0, -1.0, -1.0, -1.0, 2.0, 2.0, -1.0, 1.0, 3.0, 2.0, 0.0, 1.0, -1.0, 2.0, 0.0, 1.0, 2.0, 0.0, -1.0, -1.0, 2.0, 450.0, 99570.0
1.0, 3.0, -1.0, -1.0, 0.0, 0.0, 1.0, -1.0, 2.0, -1.0, -1.0, 0.0, 0.0, 3.0, -1.0, 1.0, 3.0, 1.0, 1.0, 0.0, 1.0, 2.0, 2.0, 1.0, 2.0, 3.0, 2.0, 2.0, -1.0, -1.0, 3.0, 3.0, 1.0, 0.0, 0.0, 2.0, 3.0, 1.0, -1.0, 2.0, 1.0, 0.0, 2.0, 3.0, 2.0, 1.0, 0.0, 0.0, 2.0, 0.0, 564.0, 99469.0
1.0, 1.0, -1.0, 1.0, 1.0, 2.0, 0.0, 0.0, 2.0, -1.0, 2.0, 0.0, 2.0, 0.0, 3.0, -1.0, -1.0, 0.0, 3.0, 3.0, 3.0, 0.0, 3.0, 3.0, 2.0, 3.0, 0.0, 2.0, 2.0, 3.0, -1.0, 0.0, -1.0, 3.0, -1.0, 1.0, 2.0, 0.0, 0.0, 2.0, 1.0, 2.0, -1.0, 3.0, 1.0, 1.0, 1.0, 1.0, 3.0, 0.0, 567.0, 99463.0
1.0, 3.0, -1.0, -1.0, 0.0, 0.0, 1.0, -1.0, 2.0, -1.0, -1.0, 0.0, 0.0, 3.0, -1.0, 1.0, 3.0, 1.0, 1.0, 0.0, 1.0, 2.0, 2.0, 1.0, 2.0, 3.0, 2.0, 2.0, -1.0, -1.0, 3.0, 3.0, 1.0, 0.0, 0.0, 2.0, 3.0, 1.0, -1.0, 2.0, 1.0, 0.0, 2.0, 3.0, 2.0, 1.0, 0.0, 0.0, 2.0, 0.0, 564.0, 99469.0
1.0, 1.0, -1.0, 1.0, 1.0, 2.0, 0.0, 0.0, 2.0, -1.0, 2.0, 0.0, 2.0, 0.0, 3.0, -1.0, -1.0, 0.0, 3.0, 3.0, 3.0, 0.0, 3.0, 3.0, 2.0, 3.0, 0.0, 2.0, 2.0, 3.0, -1.0, 0.0, -1.0, 3.0, -1.0, 1.0, 2.0, 0.0, 0.0, 2.0, 1.0, 2.0, -1.0, 3.0, 1.0, 2.0, 1.0, 1.0, 3.0, 0.0, 567.0, 99463.0
1.0, 1.0, -1.0, -1.0, 1.0, 2.0, 0.0, 0.0, 2.0, -1.0, 2.0, 0.0, 2.0, 0.0, 3.0, -1.0, -1.0, 0.0, 3.0, 3.0, 3.0, 0.0, 3.0, 1.0, 2.0, 3.0, 0.0, 2.0, 2.0, 3.0, -1.0, 1.0, -1.0, 3.0, -1.0, 1.0, 3.0, 0.0, 0.0, 2.0, 1.0, 2.0, -1.0, 3.0, 1.0, 1.0, 1.0, 1.0, 3.0, 0.0, 548.0, 99474.0
-1.0, 1.0, -1.0, -1.0, 2.0, 0.0, -1.0, -1.0, 2.0, 0.0, -1.0, 1.0, 2.0, 2.0, 0.0, 1.0, 3.0, 3.0, 0.0, 1.0, 1.0, 2.0, -1.0, 1.0, -1.0, 0.0, -1.0, -1.0, 2.0, 0.0, -1.0, 0.0, -1.0, 2.0, -1.0, 3.0, 1.0, 3.0, 2.0, 0.0, 1.0, -1.0, 2.0, 0.0, 1.0, 2.0, 0.0, -1.0, -1.0, 2.0, 458.0, 99564.0
1.0, 1.0, -1.0, 1.0, 1.0, 2.0, 0.0, 0.0, 2.0, -1.0, 2.0, 0.0, 3.0, 0.0, 3.0, -1.0, -1.0, 0.0, 3.0, 3.0, 3.0, 0.0, 3.0, 3.0, 2.0, 3.0, 0.0, 2.0, 2.0, 3.0, -1.0, 0.0, -1.0, 3.0, -1.0, 1.0, 2.0, 0.0, 0.0, 2.0, 1.0, 2.0, -1.0, 3.0, 1.0, 1.0, 1.0, 1.0, 3.0, 0.0, 567.0, 99463.0
-1.0, -1.0, 1.0, 3.0, -1.0, -1.0, 0.0, 2.0, 1.0, 2.0, 3.0, 1.0, 3.0, 2.0, 0.0, 3.0, -1.0, 1.0, 3.0, 1.0, 0.0, -1.0, 3.0, 3.0, 0.0, 3.0, 0.0, 3.0, 2.0, 2.0, -1.0, 0.0, 1.0, 1.0, -1.0, 1.0, -1.0, 0.0, 2.0, -1.0, 1.0, -1.0, 1.0, 0.0, 3.0, 2.0, 1.0, 0.0, 2.0, 0.0, 528.0, 99483.0
1.0, 3.0, -1.0, -1.0, 0.0, 0.0, 1.0, -1.0, 2.0, -1.0, -1.0, 0.0, 0.0, 3.0, -1.0, 1.0, 3.0, 1.0, 1.0, 0.0, 1.0, 2.0, 2.0, 1.0, 2.0, 3.0, 2.0, 2.0, -1.0, -1.0, 3.0, 3.0, 1.0, 0.0, 0.0, 2.0, 3.0, 1.0, -1.0, 2.0, 1.0, 0.0, 2.0, 3.0, 2.0, 1.0, 0.0, 0.0, 3.0, 0.0, 564.0, 99469.0
1.0, 1.0, -1.0, 1.0, 1.0, 2.0, 0.0, 0.0, 2.0, -1.0, -1.0, 0.0, 0.0, 0.0, 3.0, -1.0, -1.0, 0.0, 3.0, 3.0, 3.0, 0.0, 3.0, 3.0, 2.0, 3.0, 0.0, 2.0, 2.0, 3.0, -1.0, 0.0, 2.0, 3.0, -1.0, 1.0, 2.0, 0.0, 0.0, 2.0, 1.0, 2.0, -1.0, 3.0, 1.0, 1.0, 1.0, 1.0, 3.0, 0.0, 568.0, 99453.0
-1.0, 1.0, -1.0, -1.0, 2.0, 0.0, -1.0, 2.0, 2.0, 0.0, -1.0, 1.0, 3.0, 2.0, 0.0, 1.0, 3.0, 3.0, 0.0, 1.0, 1.0, 2.0, -1.0, 1.0, -1.0, 0.0, 0.0, 0.0, 2.0, 0.0, -1.0, -1.0, -1.0, 2.0, 2.0, -1.0, 1.0, 3.0, 2.0, 0.0, 1.0, -1.0, 2.0, 0.0, 1.0, 1.0, 0.0, -1.0, -1.0, 2.0, 473.0, 99547.0
1.0, 1.0, -1.0, -1.0, 2.0, 2.0, 0.0, 0.0, 2.0, -1.0, 2.0, 0.0, 3.0, 0.0, 3.0, -1.0, -1.0, 0.0, 3.0, 3.0, -1.0, 0.0, -1.0, 3.0, 2.0, 3.0, -1.0, 2.0, 2.0, 3.0, -1.0, 0.0, -1.0, 3.0, -1.0, 1.0, 2.0, 0.0, 0.0, 2.0, 1.0, -1.0, -1.0, 3.0, 1.0, 2.0, 1.0, -1.0, 3.0, 2.0, 481.0, 99522.0
