0.0, 2.0, 1.0, 1.0, 0.0, -1.0, 1.0, 3.0, 2.0, 2.0, 0.0, 0.0, 3.0, -1.0, 1.0, 0.0, 0.0, 1.0, -1.0, -1.0, 0.0, -1.0, 3.0, 3.0, 2.0, 3.0, 1.0, 1.0, 0.0, 2.0, 0.0, 2.0, 0.0, -1.0, 1.0, -1.0, 2.0, 2.0, 2.0, 2.0, 2.0, -1.0, 2.0, 1.0, 1.0, 0.0, 0.0, -1.0, 0.0, 3.0, 96308.0, 560.0
0.0, 2.0, 1.0, 1.0, 0.0, -1.0, 1.0, 3.0, 2.0, 2.0, 0.0, 0.0, 3.0, -1.0, 1.0, 0.0, 0.0, 1.0, -1.0, -1.0, 0.0, -1.0, 3.0, 3.0, 2.0, 3.0, 1.0, 1.0, 0.0, 2.0, 0.0, 2.0, 0.0, -1.0, 1.0, -1.0, 2.0, 2.0, 2.0, 2.0, 2.0, -1.0, 2.0, 1.0, 1.0, 0.0, 0.0, -1.0, 0.0, 3.0, 96308.0, 560.0
0.0, 1.0, 2.0, -1.0, 1.0, 2.0, 1.0, 1.0, -1.0, 1.0, 2.0, 1.0, 3.0, -1.0, -1.0, 0.0, 1.0, -1.0, 2.0, -1.0, 2.0, -1.0, -1.0, 1.0, 1.0, 2.0, 2.0, 3.0, 0.0, 2.0, 3.0, 2.0, 0.0, -1.0, 2.0, 0.0, 1.0, 0.0, 1.0, 2.0, 1.0, 2.0, 3.0, 0.0, -1.0, -1.0, 2.0, -1.0, 0.0, 1.0, 96607.0, 515.0
0.0, 1.0, 2.0, -1.0, 1.0, 2.0, 1.0, 1.0, -1.0, 1.0, 2.0, 1.0, 3.0, -1.0, -1.0, 0.0, 1.0, -1.0, 2.0, -1.0, 2.0, -1.0, -1.0, 1.0, 1.0, 2.0, 2.0, 3.0, 0.0, 2.0, 3.0, 2.0, 0.0, -1.0, 2.0, 0.0, 1.0, 0.0, 1.0, 2.0, 1.0, 2.0, 3.0, 0.0, -1.0, -1.0, 2.0, -1.0, 0.0, 1.0, 96607.0, 515.0
0.0, 0.0, 2.0, 0.0, 3.0, 1.0, 1.0, -1.0, 3.0, 1.0, 0.0, 0.0, 2.0, 2.0, -1.0, 0.0, -1.0, -1.0, -1.0, 0.0, 2.0, -1.0, 1.0, 0.0, 1.0, 1.0, 2.0, 1.0, 1.0, 2.0, 1.0, -1.0, -1.0, -1.0, 2.0, -1.0, -1.0, 2.0, 1.0, 0.0, -1.0, -1.0, -1.0, 2.0, 1.0, 1.0, -1.0, 0.0, 0.0, 1.0, 97048.0, 487.0
0.0, 0.0, 2.0, 0.0, 3.0, 1.0, 1.0, -1.0, 3.0, 1.0, 0.0, 0.0, 2.0, 2.0, -1.0, 0.0, -1.0, -1.0, -1.0, 0.0, 2.0, -1.0, 1.0, 0.0, 1.0, 1.0, 2.0, 1.0, 1.0, 2.0, 1.0, -1.0, -1.0, -1.0, 2.0, -1.0, -1.0, 2.0, 1.0, 0.0, -1.0, -1.0, -1.0, 2.0, 1.0, 1.0, -1.0, 0.0, 0.0, 1.0, 97048.0, 487.0
0.0, 1.0, 2.0, -1.0, 1.0, 2.0, 1.0, 1.0, 3.0, 1.0, 2.0, -1.0, 3.0, -1.0, -1.0, 0.0, 1.0, -1.0, 2.0, -1.0, 2.0, -1.0, -1.0, -1.0, 1.0, 2.0, 2.0, 3.0, 0.0, 2.0, 3.0, 3.0, 3.0, -1.0, 2.0, 0.0, 1.0, 0.0, 1.0, 2.0, 1.0, 2.0, 3.0, 0.0, -1.0, -1.0, 2.0, -1.0, 0.0, 1.0, 96831.0, 493.0
0.0, 3.0, 0.0, -1.0, 0.0, 2.0, 2.0, 0.0, -1.0, 1.0, 2.0, 2.0, 3.0, -1.0, 0.0, 2.0, 1.0, 3.0, 2.0, 0.0, -1.0, -1.0, 2.0, 1.0, 1.0, 2.0, -1.0, 2.0, 0.0, 0.0, -1.0, 2.0, 1.0, -1.0, -1.0, 0.0, 2.0, 1.0, 1.0, 2.0, 2.0, 0.0, 1.0, 0.0, 1.0, -1.0, 1.0, 2.0, 0.0, 0.0, 96330.0, 559.0
2.0, 3.0, 0.0, 1.0, 3.0, 0.0, 0.0, 0.0, -1.0, 2.0, -1.0, 0.0, 0.0, 2.0, 1.0, 1.0, 0.0, 3.0, 0.0, -1.0, 0.0, 3.0, 2.0, -1.0, 2.0, 2.0, 2.0, 1.0, 1.0, 2.0, 0.0, -1.0, 0.0, 1.0, 1.0, 0.0, 1.0, 3.0, 1.0, 2.0, 1.0, 1.0, 2.0, 2.0, 3.0, -1.0, 0.0, 1.0, 1.0, 0.0, 95971.0, 615.0
2.0, 3.0, 0.0, 1.0, 3.0, 0.0, 0.0, 0.0, -1.0, 2.0, -1.0, 0.0, 0.0, 2.0, 1.0, 1.0, 0.0, 3.0, 0.0, -1.0, 0.0, 3.0, 2.0, -1.0, 2.0, 2.0, 2.0, 1.0, 1.0, 2.0, 0.0, -1.0, 0.0, 1.0, 1.0, 0.0, 1.0, 3.0, 1.0, 2.0, 1.0, 1.0, 2.0, 2.0, 3.0, -1.0, 0.0, 1.0, 1.0, 0.0, 95971.0, 615.0
0.0, 1.0, 2.0, -1.0, 1.0, 2.0, 1.0, 1.0, -1.0, 1.0, 2.0, -1.0, 3.0, -1.0, -1.0, 0.0, 1.0, -1.0, 2.0, -1.0, 2.0, -1.0, -1.0, 1.0, 1.0, 2.0, 2.0, 3.0, 0.0, 2.0, 3.0, 3.0, 3.0, -1.0, 2.0, 0.0, 1.0, 0.0, 1.0, 2.0, 1.0, 2.0, 3.0, 0.0, -1.0, -1.0, 2.0, -1.0, 0.0, 1.0, 96811.0, 498.0
0.0, 1.0, 2.0, -1.0, 1.0, 2.0, 1.0, 1.0, -1.0, 1.0, 2.0, -1.0, 3.0, -1.0, -1.0, 0.0, 1.0, -1.0, 2.0, -1.0, 2.0, -1.0, -1.0, 1.0, 1.0, 2.0, 2.0, 3.0, 0.0, 2.0, 3.0, 3.0, 3.0, -1.0, 2.0, 0.0, 1.0, 0.0, 1.0, 2.0, 1.0, 2.0, 3.0, 0.0, -1.0, -1.0, 2.0, -1.0, 0.0, 1.0, 96811.0, 498.0
0.0, 1.0, 2.0, -1.0, 1.0, 2.0, 1.0, 1.0, -1.0, 1.0, 2.0, -1.0, 3.0, -1.0, -1.0, 0.0, 1.0, -1.0, 2.0, -1.0, 2.0, -1.0, -1.0, 1.0, 1.0, 2.0, 2.0, 3.0, 0.0, 2.0, 3.0, 3.0, 3.0, -1.0, 2.0, 0.0, 1.0, 0.0, 1.0, 2.0, 1.0, 2.0, 3.0, 0.0, -1.0, -1.0, 2.0, -1.0, 0.0, 1.0, 96811.0, 498.0
2.0, -1.0, -1.0, 1.0, 1.0, 2.0, -1.0, -1.0, 0.0, 3.0, 0.0, 1.0, 2.0, 0.0, 2.0, 2.0, 2.0, 1.0, 1.0, 3.0, -1.0, -1.0, -1.0, -1.0, -1.0, 0.0, 1.0, 2.0, 1.0, 1.0, 2.0, 3.0, -1.0, 0.0, -1.0, 1.0, -1.0, 0.0, 2.0, 0.0, 0.0, -1.0, 3.0, 2.0, 0.0, 1.0, 1.0, 3.0, 0.0, 2.0, 96790.0, 507.0
2.0, -1.0, -1.0, 1.0, 1.0, 2.0, -1.0, -1.0, 0.0, 3.0, 0.0, 1.0, 2.0, 0.0, 2.0, 2.0, 2.0, 1.0, 1.0, 3.0, -1.0, -1.0, -1.0, -1.0, -1.0, 0.0, 1.0, 2.0, 1.0, 1.0, 2.0, 3.0, -1.0, 0.0, -1.0, 1.0, -1.0, 0.0, 2.0, 0.0, 0.0, -1.0, 3.0, 2.0, 0.0, 1.0, 1.0, 3.0, 0.0, 2.0, 96790.0, 507.0
2.0, -1.0, -1.0, 1.0, 1.0, 2.0, -1.0, -1.0, 0.0, 3.0, 0.0, 1.0, 2.0, 0.0, 2.0, 2.0, 2.0, 1.0, 1.0, 3.0, -1.0, -1.0, -1.0, -1.0, -1.0, 0.0, 1.0, 2.0, 1.0, 1.0, 2.0, 3.0, -1.0, 0.0, -1.0, 1.0, -1.0, 0.0, 2.0, 0.0, 0.0, -1.0, 3.0, 2.0, 0.0, 1.0, 1.0, 3.0, 0.0, 2.0, 96790.0, 507.0
2.0, -1.0, -1.0, 1.0, 1.0, 2.0, -1.0, -1.0, 0.0, 3.0, 0.0, 1.0, 2.0, 0.0, 2.0, 2.0, 2.0, 1.0, 1.0, 3.0, -1.0, -1.0, -1.0, -1.0, -1.0, 0.0, 1.0, 2.0, 1.0, 1.0, 2.0, 3.0, -1.0, 0.0, -1.0, 1.0, -1.0, 0.0, 2.0, 0.0, 0.0, -1.0, 3.0, 2.0, 0.0, 1.0, 1.0, 3.0, 0.0, 2.0, 96790.0, 507.0
2.0, -1.0, -1.0, 1.0, 1.0, 2.0, -1.0, -1.0, 0.0, 3.0, 0.0, 1.0, 2.0, 0.0, 2.0, 2.0, 2.0, 1.0, 1.0, 3.0, -1.0, -1.0, -1.0, -1.0, -1.0, 0.0, 1.0, 2.0, 1.0, 1.0, 2.0, 3.0, -1.0, 0.0, -1.0, 1.0, -1.0, 0.0, 2.0, 0.0, 0.0, -1.0, 3.0, 2.0, 0.0, 1.0, 1.0, 3.0, 0.0, 2.0, 96790.0, 507.0
2.0, -1.0, -1.0, 1.0, 1.0, 2.0, -1.0, -1.0, 0.0, 3.0, 0.0, 1.0, 2.0, 0.0, 2.0, 2.0, 2.0, 1.0, 1.0, 3.0, -1.0, -1.0, -1.0, -1.0, -1.0, 0.0, 1.0, 2.0, 1.0, 1.0, 2.0, 3.0, -1.0, 0.0, -1.0, 1.0, -1.0, 0.0, 2.0, 0.0, 0.0, -1.0, 3.0, 2.0, 0.0, 1.0, 1.0, 3.0, 0.0, 2.0, 96790.0, 507.0
2.0, -1.0, -1.0, 1.0, 1.0, 2.0, -1.0, -1.0, 0.0, 3.0, 0.0, 1.0, 2.0, 0.0, 2.0, 2.0, 2.0, 1.0, 1.0, 3.0, -1.0, -1.0, -1.0, -1.0, -1.0, 0.0, 1.0, 2.0, 1.0, 1.0, 2.0, 3.0, -1.0, 0.0, -1.0, 1.0, -1.0, 0.0, 2.0, 0.0, 0.0, -1.0, 3.0, 2.0, 0.0, 1.0, 1.0, 3.0, 0.0, 2.0, 96790.0, 507.0
0.0, 2.0, -1.0, 1.0, 0.0, -1.0, 1.0, 3.0, 2.0, 2.0, 0.0, 0.0, 3.0, -1.0, 1.0, 0.0, 0.0, 1.0, 1.0, -1.0, 0.0, -1.0, 3.0, 3.0, 2.0, 3.0, 1.0, 1.0, 0.0, 2.0, 0.0, 2.0, 0.0, -1.0, 1.0, -1.0, 2.0, 2.0, 2.0, 2.0, 2.0, -1.0, 2.0, 1.0, 1.0, 0.0, 0.0, -1.0, 0.0, 3.0, 96374.0, 555.0
-1.0, -1.0, 0.0, -1.0, 0.0, 1.0, 2.0, 3.0, -1.0, 1.0, -1.0, -1.0, 1.0, 0.0, 1.0, 3.0, 2.0, 3.0, -1.0, 2.0, 1.0, 3.0, -1.0, 1.0, 2.0, -1.0, 3.0, 0.0, 1.0, 0.0, 0.0, 2.0, 3.0, 2.0, 1.0, 3.0, 1.0, -1.0, 1.0, 2.0, -1.0, -1.0, -1.0, -1.0, 1.0, -1.0, 2.0, 1.0, 2.0, 2.0, 97312.0, 475.0
-1.0, -1.0, 0.0, -1.0, 0.0, 1.0, 2.0, 3.0, -1.0, 1.0, -1.0, -1.0, 1.0, 0.0, 1.0, 3.0, 2.0, 3.0, -1.0, 2.0, 1.0, 3.0, -1.0, 1.0, 2.0, -1.0, 3.0, 0.0, 1.0, 0.0, 0.0, 2.0, 3.0, 2.0, 1.0, 3.0, 1.0, -1.0, 1.0, 2.0, -1.0, -1.0, -1.0, -1.0, 1.0, -1.0, 2.0, 1.0, 2.0, 2.0, 97312.0, 475.0
-1.0, -1.0, 0.0, -1.0, 0.0, 1.0, 2.0, 3.0, -1.0, 1.0, -1.0, -1.0, 1.0, 0.0, 1.0, 3.0, 2.0, 3.0, -1.0, 2.0, 1.0, 3.0, -1.0, 1.0, 2.0, -1.0, 3.0, 0.0, 1.0, 0.0, 0.0, 2.0, 3.0, 2.0, 1.0, 3.0, 1.0, -1.0, 1.0, 2.0, -1.0, -1.0, -1.0, -1.0, 1.0, -1.0, 2.0, 1.0, 2.0, 2.0, 97312.0, 475.0
-1.0, -1.0, 0.0, -1.0, 0.0, 1.0, 2.0, 3.0, -1.0, 1.0, -1.0, -1.0, 1.0, 0.0, 1.0, 3.0, 2.0, 3.0, -1.0, 2.0, 1.0, 3.0, -1.0, 1.0, 2.0, -1.0, 3.0, 0.0, 1.0, 0.0, 0.0, 2.0, 3.0, 2.0, 1.0, 3.0, 1.0, -1.0, 1.0, 2.0, -1.0, -1.0, -1.0, -1.0, 1.0, -1.0, 2.0, 1.0, 2.0, 2.0, 97312.0, 475.0
0.0, 0.0, 2.0, 1.0, 2.0, 2.0, 0.0, 0.0, 2.0, 1.0, 2.0, -1.0, 1.0, -1.0, 2.0, 3.0, 1.0, 2.0, 1.0, 1.0, 1.0, -1.0, 0.0, 0.0, 0.0, 2.0, 0.0, 0.0, 3.0, 0.0, -1.0, 2.0, 0.0, 3.0, -1.0, 1.0, 0.0, 1.0, 3.0, 3.0, 2.0, 1.0, 0.0, 1.0, -1.0, 2.0, 0.0, -1.0, -1.0, 1.0, 96161.0, 573.0
0.0, 0.0, 2.0, 1.0, 2.0, 2.0, 0.0, 0.0, 2.0, 1.0, 2.0, -1.0, 1.0, -1.0, 2.0, 3.0, 1.0, 2.0, 1.0, 1.0, 1.0, -1.0, 0.0, 0.0, 0.0, 2.0, 0.0, 0.0, 3.0, 0.0, -1.0, 2.0, 0.0, 3.0, -1.0, 1.0, 0.0, 1.0, 3.0, 3.0, 2.0, 1.0, 0.0, 1.0, -1.0, 2.0, 0.0, -1.0, -1.0, 1.0, 96161.0, 573.0
0.0, 0.0, 0.0, -1.0, 1.0, -1.0, 0.0, 0.0, 3.0, 1.0, 1.0, 1.0, 3.0, 1.0, 0.0, -1.0, 1.0, 3.0, 0.0, 2.0, 2.0, 0.0, 1.0, -1.0, 2.0, 0.0, -1.0, -1.0, 3.0, 0.0, 2.0, 1.0, 2.0, 2.0, 2.0, 2.0, -1.0, 1.0, 1.0, -1.0, -1.0, 2.0, 2.0, -1.0, 0.0, 0.0, 1.0, 2.0, 0.0, 1.0, 96204.0, 568.0
0.0, 0.0, 0.0, -1.0, 1.0, -1.0, 0.0, 0.0, 3.0, 1.0, 1.0, 1.0, 3.0, 1.0, 0.0, -1.0, 1.0, 3.0, 0.0, 2.0, 2.0, 0.0, 1.0, -1.0, 2.0, 0.0, -1.0, -1.0, 3.0, 0.0, 2.0, 1.0, 2.0, 2.0, 2.0, 2.0, -1.0, 1.0, 1.0, -1.0, -1.0, 2.0, 2.0, -1.0, 0.0, 0.0, 1.0, 2.0, 0.0, 1.0, 96204.0, 568.0
0.0, 0.0, 0.0, -1.0, 1.0, -1.0, 0.0, 0.0, 3.0, 1.0, 1.0, 1.0, 3.0, 1.0, 0.0, -1.0, 1.0, 3.0, 0.0, 2.0, 2.0, 0.0, 1.0, -1.0, 2.0, 0.0, -1.0, -1.0, 3.0, 0.0, 2.0, 1.0, 2.0, 2.0, 2.0, 2.0, -1.0, 1.0, 1.0, -1.0, -1.0, 2.0, 2.0, -1.0, 0.0, 0.0, 1.0, 2.0, 0.0, 1.0, 96204.0, 568.0
0.0, 0.0, 0.0, -1.0, 1.0, -1.0, 0.0, 0.0, 3.0, 1.0, 1.0, 1.0, 3.0, 1.0, 0.0, -1.0, 1.0, 3.0, 0.0, 2.0, 2.0, 0.0, 1.0, -1.0, 2.0, 0.0, -1.0, -1.0, 3.0, 0.0, 2.0, 1.0, 2.0, 2.0, 2.0, 2.0, -1.0, 1.0, 1.0, -1.0, -1.0, 2.0, 2.0, -1.0, 0.0, 0.0, 1.0, 2.0, 0.0, 1.0, 96204.0, 568.0
0.0, 0.0, 0.0, -1.0, 1.0, -1.0, 0.0, 0.0, 3.0, 1.0, 1.0, 1.0, 3.0, 1.0, 0.0, -1.0, 1.0, 3.0, 0.0, 2.0, 2.0, 0.0, 1.0, -1.0, 2.0, 0.0, -1.0, -1.0, 3.0, 0.0, 2.0, 1.0, 2.0, 2.0, 2.0, 2.0, -1.0, 1.0, 1.0, -1.0, -1.0, 2.0, 2.0, -1.0, 0.0, 0.0, 1.0, 2.0, 0.0, 1.0, 96204.0, 568.0
0.0, 0.0, 0.0, -1.0, 1.0, -1.0, 0.0, 0.0, 3.0, 1.0, 1.0, 1.0, 3.0, 1.0, 0.0, -1.0, 1.0, 3.0, 0.0, 2.0, 2.0, 0.0, 1.0, -1.0, 2.0, 0.0, -1.0, -1.0, 3.0, 0.0, 2.0, 1.0, 2.0, 2.0, 2.0, 2.0, -1.0, 1.0, 1.0, -1.0, -1.0, 2.0, 2.0, -1.0, 0.0, 0.0, 1.0, 2.0, 0.0, 1.0, 96204.0, 568.0
0.0, 0.0, 2.0, 0.0, 3.0, 1.0, 1.0, -1.0, 3.0, 1.0, 0.0, 0.0, 2.0, 2.0, -1.0, 0.0, -1.0, -1.0, -1.0, 0.0, 2.0, -1.0, 0.0, 0.0, 1.0, 1.0, 2.0, 1.0, 1.0, 2.0, 1.0, -1.0, -1.0, -1.0, 2.0, -1.0, -1.0, 2.0, 1.0, 0.0, -1.0, -1.0, -1.0, 2.0, 1.0, 1.0, -1.0, 0.0, 0.0, 3.0, 97091.0, 487.0
0.0, 0.0, 2.0, 0.0, 3.0, 1.0, 1.0, -1.0, 3.0, 1.0, 0.0, 0.0, 2.0, 2.0, -1.0, 0.0, -1.0, -1.0, -1.0, 0.0, 2.0, -1.0, 0.0, 0.0, 1.0, 1.0, 2.0, 1.0, 1.0, 2.0, 1.0, -1.0, -1.0, -1.0, 2.0, -1.0, -1.0, 2.0, 1.0, 0.0, -1.0, -1.0, -1.0, 2.0, 1.0, 1.0, -1.0, 0.0, 0.0, 3.0, 97091.0, 487.0
0.0, 0.0, 2.0, 0.0, 3.0, 1.0, 1.0, -1.0, 3.0, 1.0, 0.0, 0.0, 2.0, 2.0, -1.0, 0.0, -1.0, -1.0, -1.0, 0.0, 2.0, -1.0, 0.0, 0.0, 1.0, 1.0, 2.0, 1.0, 1.0, 2.0, 1.0, 3.0, -1.0, -1.0, 2.0, -1.0, -1.0, 2.0, 1.0, 0.0, -1.0, -1.0, -1.0, 2.0, 1.0, 1.0, -1.0, 0.0, 0.0, 3.0, 97037.0, 497.0
0.0, 0.0, 0.0, -1.0, 1.0, -1.0, 0.0, 0.0, -1.0, 1.0, 1.0, 1.0, 3.0, 1.0, 0.0, -1.0, 1.0, 3.0, 0.0, 2.0, 2.0, 0.0, 1.0, 1.0, 2.0, 0.0, -1.0, -1.0, 3.0, 0.0, 2.0, 1.0, 2.0, 2.0, 2.0, 2.0, -1.0, 1.0, 1.0, -1.0, -1.0, 2.0, 2.0, -1.0, 0.0, 0.0, 1.0, 2.0, 0.0, 1.0, 96184.0, 573.0
2.0, 1.0, -1.0, -1.0, -1.0, 1.0, 1.0, 2.0, -1.0, -1.0, 0.0, 0.0, 1.0, 2.0, 2.0, -1.0, 0.0, 0.0, 1.0, 0.0, 1.0, 0.0, -1.0, 0.0, -1.0, 1.0, 0.0, -1.0, -1.0, 3.0, 0.0, 2.0, 1.0, 1.0, 2.0, 3.0, 1.0, 2.0, 1.0, 2.0, 0.0, -1.0, -1.0, 0.0, 1.0, 0.0, 3.0, 3.0, 2.0, 0.0, 96662.0, 527.0
0.0, 2.0, -1.0, 1.0, 0.0, 0.0, 1.0, 3.0, 2.0, 2.0, 0.0, 0.0, 3.0, -1.0, 1.0, 0.0, 0.0, 1.0, 1.0, -1.0, 0.0, -1.0, 3.0, 3.0, 2.0, 3.0, 1.0, 1.0, 0.0, 2.0, 0.0, 2.0, 0.0, -1.0, 1.0, -1.0, 2.0, 2.0, 2.0, 2.0, 2.0, -1.0, 2.0, 1.0, 1.0, 0.0, 0.0, -1.0, 0.0, 3.0, 96323.0, 566.0
0.0, 0.0, 0.0, -1.0, 1.0, -1.0, 0.0, 0.0, 2.0, 1.0, 1.0, 1.0, 3.0, 1.0, 0.0, -1.0, 1.0, 3.0, 1.0, 2.0, 2.0, 0.0, 0.0, -1.0, 2.0, 0.0, -1.0, -1.0, 3.0, 0.0, 2.0, 1.0, 2.0, 2.0, 2.0, 2.0, -1.0, 1.0, 1.0, -1.0, -1.0, 2.0, 2.0, -1.0, 0.0, 0.0, 1.0, 2.0, 0.0, 3.0, 96246.0, 568.0
2.0, 1.0, -1.0, -1.0, -1.0, 1.0, 1.0, 2.0, -1.0, -1.0, 0.0, 0.0, 1.0, 2.0, -1.0, -1.0, 0.0, 0.0, 1.0, 0.0, 1.0, 0.0, -1.0, 0.0, -1.0, 1.0, 0.0, -1.0, -1.0, 3.0, 0.0, 2.0, -1.0, 1.0, 2.0, 3.0, 1.0, 2.0, 1.0, 2.0, 0.0, -1.0, -1.0, 0.0, 1.0, 0.0, 3.0, 3.0, 2.0, 1.0, 96902.0, 499.0
0.0, 2.0, -1.0, 1.0, 0.0, -1.0, 1.0, 3.0, 2.0, 2.0, 0.0, 2.0, 3.0, -1.0, 1.0, 0.0, 0.0, 1.0, 1.0, -1.0, 0.0, -1.0, 3.0, 3.0, 2.0, 3.0, 1.0, 1.0, 0.0, 2.0, 0.0, 2.0, 0.0, -1.0, 1.0, -1.0, 2.0, 2.0, 2.0, 1.0, 2.0, -1.0, 2.0, 1.0, 1.0, 0.0, 0.0, -1.0, 0.0, 3.0, 96412.0, 555.0
-1.0, 1.0, 0.0, 1.0, 0.0, -1.0, -1.0, 1.0, 2.0, 1.0, -1.0, 1.0, 0.0, 2.0, 0.0, 1.0, -1.0, 3.0, -1.0, 0.0, 0.0, 1.0, 1.0, -1.0, 0.0, 1.0, 2.0, 3.0, 2.0, 1.0, 3.0, 2.0, -1.0, 3.0, 2.0, 2.0, -1.0, 3.0, 0.0, -1.0, 1.0, 0.0, -1.0, 0.0, 0.0, 1.0, -1.0, 2.0, 0.0, 2.0, 96522.0, 540.0
2.0, -1.0, -1.0, 1.0, 1.0, 2.0, -1.0, -1.0, 0.0, 3.0, 0.0, 1.0, 2.0, 1.0, 2.0, 2.0, 2.0, 1.0, 1.0, 3.0, -1.0, -1.0, -1.0, -1.0, -1.0, 0.0, 1.0, 2.0, 1.0, 1.0, 2.0, 3.0, -1.0, 0.0, -1.0, 1.0, -1.0, 0.0, 2.0, 0.0, 0.0, -1.0, 3.0, 2.0, 0.0, 1.0, 1.0, 3.0, 0.0, 2.0, 96814.0, 507.0
2.0, 0.0, 2.0, 1.0, 2.0, 0.0, 0.0, 0.0, 2.0, 1.0, 2.0, -1.0, 1.0, -1.0, 2.0, 3.0, 1.0, 2.0, 1.0, 1.0, 1.0, -1.0, 0.0, 0.0, 0.0, 2.0, 0.0, 0.0, 3.0, 0.0, 3.0, 2.0, 0.0, 3.0, -1.0, 1.0, 0.0, 1.0, 3.0, 3.0, 2.0, 1.0, 0.0, 1.0, -1.0, 2.0, 0.0, -1.0, -1.0, 1.0, 96146.0, 586.0
0.0, 0.0, 0.0, -1.0, 1.0, -1.0, 0.0, 0.0, 3.0, 1.0, 1.0, 1.0, 3.0, 1.0, 0.0, -1.0, 1.0, 3.0, 0.0, 2.0, 2.0, 0.0, 1.0, -1.0, 2.0, 0.0, -1.0, -1.0, 3.0, 0.0, 2.0, 1.0, 2.0, 2.0, 2.0, 2.0, -1.0, 1.0, 1.0, -1.0, -1.0, 2.0, 2.0, -1.0, 0.0, 0.0, -1.0, 2.0, 0.0, 1.0, 96356.0, 558.0
2.0, 1.0, -1.0, -1.0, -1.0, 1.0, 1.0, 2.0, -1.0, -1.0, 0.0, 0.0, 1.0, 2.0, 2.0, -1.0, 0.0, 0.0, 1.0, 0.0, 1.0, 0.0, -1.0, 0.0, -1.0, 1.0, -1.0, -1.0, -1.0, 3.0, 0.0, 2.0, 1.0, 1.0, 2.0, 3.0, 1.0, 2.0, 1.0, 2.0, 0.0, -1.0, -1.0, 0.0, 1.0, 0.0, 3.0, 3.0, 2.0, 0.0, 96723.0, 517.0
2.0, 1.0, -1.0, -1.0, -1.0, 1.0, 1.0, 2.0, -1.0, -1.0, 0.0, 0.0, 1.0, 2.0, 2.0, -1.0, 0.0, 0.0, 1.0, 0.0, 1.0, 0.0, -1.0, 0.0, -1.0, 1.0, 0.0, -1.0, -1.0, 3.0, 0.0, 2.0, 1.0, 1.0, 2.0, 3.0, 1.0, 2.0, 1.0, 2.0, 0.0, -1.0, -1.0, 0.0, 1.0, 0.0, 3.0, 3.0, 2.0, 0.0, 96662.0, 527.0
0.0, 2.0, -1.0, 1.0, 0.0, -1.0, 1.0, 3.0, 2.0, 2.0, 0.0, 2.0, 3.0, -1.0, 1.0, 0.0, 0.0, 1.0, 1.0, -1.0, 0.0, -1.0, 3.0, 3.0, 2.0, 3.0, 1.0, 1.0, 0.0, 2.0, 0.0, 2.0, 0.0, -1.0, 1.0, -1.0, 2.0, 2.0, 2.0, 1.0, 2.0, -1.0, 2.0, 1.0, 1.0, 0.0, 0.0, -1.0, 0.0, 3.0, 96412.0, 555.0
0.0, 0.0, 2.0, 0.0, 3.0, 1.0, 1.0, -1.0, 3.0, 1.0, 0.0, 0.0, 2.0, 2.0, -1.0, 0.0, -1.0, -1.0, -1.0, 0.0, 2.0, -1.0, 1.0, 0.0, 1.0, 1.0, 2.0, 1.0, 1.0, 2.0, 1.0, -1.0, 1.0, -1.0, 2.0, -1.0, -1.0, 2.0, 1.0, 0.0, -1.0, -1.0, -1.0, 2.0, 1.0, 1.0, -1.0, 0.0, 0.0, 0.0, 96893.0, 501.0
2.0, -1.0, -1.0, 1.0, 1.0, 2.0, 3.0, -1.0, 0.0, 3.0, 0.0, 1.0, 2.0, -1.0, 2.0, 2.0, 2.0, 1.0, 1.0, 3.0, -1.0, -1.0, -1.0, -1.0, -1.0, 0.0, 1.0, 2.0, 1.0, 1.0, 2.0, 3.0, -1.0, 0.0, -1.0, 1.0, -1.0, 0.0, 2.0, 0.0, 0.0, -1.0, 3.0, 2.0, 0.0, 1.0, 1.0, 3.0, 0.0, 2.0, 96849.0, 503.0
