2.74179176401, 1.00853835951, 1.47484312836, 0.885205700037, 2.83000012769, 1.02741439673, 1.11520607613, 1.26000063633, 1.1400005629, 3.71697877314, 2.66120617031, 0.921373900501, 3.04000065948, 1.04758093689, 0.900949637009, 1.00000092946, 1.00000010047, 1.101468865, 8.20449443509, 0.96372324932, 1.00000038987, 96.3082143935, 0.980930169391, 4.47858177503, 1.00958008171, 3.29000070946, 1.00000029958, 14.8002392755, 967.717581251
1.56842245758, 1.05353619915, 1.71891567462, 0.850159573211, 2.83000059716, 0.87183002604, 2.9663573262, 1.26000071772, 1.1400007705, 1.98012398556, 2.45398973707, 0.932801598457, 3.0400005122, 1.08003238447, 0.909227745623, 1.00000087418, 1.00000034878, 1.00346026145, 8.23305578433, 0.966956644787, 1.00000092276, 110.172241706, 0.938985932672, 1.6170574137, 1.03747000704, 3.29000067379, 1.00000018698, 14.0490358648, 1091.25095736
2.5083645677, 1.09389636275, 1.67378707701, 0.862461846263, 2.83000060129, 1.07164880685, 3.85467483313, 1.26000062963, 1.14000058529, 2.04333800061, 2.55707482095, 0.999847939296, 3.04000058649, 1.01552550123, 1.08503347004, 1.00000074841, 1.00000027551, 1.00352909015, 4.00722717578, 0.957373603927, 1.00000086873, 94.5549652662, 0.882023331292, 5.28280226375, 1.04748279396, 3.29000083473, 1.00000069417, 16.4670245599, 226.889044942
5.92537834024, 1.09014327, 1.42961194633, 0.981010374978, 2.83000034147, 0.98506416295, 2.60954216053, 1.2600008277, 1.14000024542, 1.53260149152, 1.85600731199, 0.939401033152, 3.04000038762, 1.039114403, 1.05449832442, 1.00000037579, 1.00000042166, 1.04631817158, 9.89902053131, 0.977746991492, 1.00000088742, 118.438641563, 0.98591248467, 5.00997168176, 1.0001408421, 3.29000049499, 1.0000009711, 15.2779532686, 901.713044407
1.53411233693, 1.10039580549, 1.62491110561, 0.841584098251, 2.83000032939, 1.16718609898, 3.62819379219, 1.2600006734, 1.14000072277, 3.28317636505, 1.56518735566, 0.985061289299, 3.04000006904, 1.07556606342, 0.958221964328, 1.00000032067, 1.00000056479, 1.09753911251, 4.57841581092, 0.985061470873, 1.00000012993, 103.905073837, 1.00593810646, 2.67704536512, 0.95705310585, 3.29000077013, 1.00000082412, 41.0423760587, 512.918698952
1.02001934607, 1.05866559687, 1.45197469595, 0.840343545968, 2.83000080925, 1.01014618726, 2.48192770571, 1.2600002923, 1.14000023869, 1.33597410279, 2.05577377158, 0.978876962569, 3.04000000389, 1.01065447541, 1.02734178502, 1.00000004072, 1.00000086284, 1.07653052352, 8.90992512484, 0.945579665269, 1.00000068816, 80.1232274528, 1.05240021989, 1.95644315351, 1.05922541994, 3.2900004074, 1.00000012275, 23.1867740114, 559.052899066
4.61838497035, 1.00623736003, 1.69447536575, 0.839120941519, 2.830000641, 0.956042658635, 3.80361329403, 1.26000056538, 1.14000063972, 3.20652799278, 1.67106072758, 0.969600921598, 3.04000014778, 1.00951257447, 0.809565827481, 1.00000002704, 1.00000004789, 1.10905548752, 9.78137982186, 0.93782660367, 1.00000052824, 84.2032881776, 0.933602483272, 1.59682549742, 0.954902047255, 3.29000068603, 1.00000049811, 17.3023871148, 814.596609067
2.04792993406, 1.0604160042, 1.54190662921, 0.896560462299, 2.83000019948, 0.875349310748, 1.63785991301, 1.26000013149, 1.14000059839, 3.1254662754, 1.82959877864, 0.889954824402, 3.04000057257, 1.08276462337, 1.04872929865, 1.00000099562, 1.00000014797, 1.08497624211, 4.39908435633, 0.983143808446, 1.00000080764, 99.1609945291, 0.954431338558, 5.01348180638, 0.983672338596, 3.29000027239, 1.00000013062, 16.192841612, 3590.6062846
2.35924453236, 1.11634662576, 1.47322071474, 0.929288716311, 2.83000019993, 1.05487107907, 4.15848571305, 1.26000010384, 1.14000073062, 1.58339580835, 2.79630688808, 1.05349948012, 3.04000016033, 1.0661168809, 0.868504864835, 1.00000049864, 1.00000008986, 1.01911333169, 8.84434874466, 0.910496328412, 1.00000090063, 94.9726390611, 0.951218915066, 5.63362371929, 1.05581341802, 3.29000095678, 1.00000013694, 16.4410972457, 1601.86155124
2.3226800116, 1.01287697649, 1.66842533516, 0.84084963373, 2.83000068193, 1.00511187577, 2.62989026718, 1.26000085492, 1.14000041528, 3.37269378787, 2.16884031955, 1.08655047411, 3.04000084166, 1.07942697623, 0.95760261481, 1.00000038808, 1.0000009915, 1.00429331266, 6.90211243345, 0.910118782208, 1.00000099248, 103.057578148, 1.03535020906, 1.31532778078, 1.05669025889, 3.29000018638, 1.00000061121, 16.1063525484, 6387.61293736
3.99237199637, 1.07071544134, 1.47415393577, 0.823978929457, 2.83000060823, 1.11688196927, 5.5046838299, 1.26000008621, 1.1400000022, 3.65373158523, 2.93382436868, 1.02176732588, 3.04000008059, 1.04407214008, 1.06759923162, 1.00000032274, 1.00000094421, 1.10905548752, 7.21359033107, 0.964452268928, 1.00000007711, 86.4597136698, 0.941087880194, 2.4253203481, 1.02212588681, 3.29000037879, 1.00000056568, 16.9907664309, 2555.888202
3.38268022092, 1.11171544465, 1.34222642688, 0.826145286321, 2.83000034687, 0.995207313, 2.46902378694, 1.26000028733, 1.14000075238, 3.52826676952, 1.68392929117, 0.983856762983, 3.04000024037, 1.03320669127, 1.03269197535, 1.00000005913, 1.00000026655, 1.00397694783, 4.98436903029, 0.918583866691, 1.00000054861, 91.113749469, 0.903384567437, 4.86258941875, 0.992568029854, 3.29000038552, 1.00000090299, 19.8211983511, 1106.30095142
1.8162744973, 1.03053985657, 1.43667204815, 0.852739375275, 2.83000079224, 1.16796733057, 3.09388142401, 1.26000096839, 1.14000009205, 2.50580839172, 1.85689761446, 1.04273141791, 3.04000061154, 1.11846564528, 0.801352456669, 1.00000000944, 1.00000049458, 1.07059012829, 8.5247581504, 0.960063782796, 1.00000007001, 109.844300134, 0.948751504527, 4.11812337761, 0.98506421615, 3.29000051293, 1.00000079544, 20.65494923, 1423.04375583
5.48766875714, 1.07426006471, 1.70372919854, 0.840108356505, 2.83000090802, 1.1396646822, 5.13495262178, 1.26000089468, 1.14000059523, 3.1447578083, 3.08822482069, 0.966127614847, 3.04000099389, 1.00501106122, 0.995927963141, 1.00000033091, 1.00000052024, 1.03815657863, 8.05687899204, 0.918652652494, 1.00000082817, 81.9194381701, 1.03567081576, 1.94342674444, 1.04412671246, 3.29000005869, 1.00000045455, 20.5035365865, 1519.03720782
2.36639341835, 1.00432424906, 1.64258044244, 0.986222624816, 2.83000073125, 1.11060277305, 2.36390794924, 1.26000009505, 1.14000098471, 1.96865072876, 2.04367338302, 1.08072511187, 3.04000070662, 1.09597371991, 0.784957319349, 1.00000064111, 1.00000006682, 1.0118235899, 6.79780285101, 0.947875590933, 1.00000053413, 102.028147513, 0.973173386969, 4.60870527086, 0.972484307612, 3.29000090748, 1.00000050402, 21.4901657232, 1371.00377099
2.90812944674, 1.00193490617, 1.34361267704, 0.916042892239, 2.83000057139, 1.02026362366, 2.65856593635, 1.26000077202, 1.14000000651, 3.69557044345, 1.66595776261, 0.966489432614, 3.0400004594, 1.09366189799, 0.972887716636, 1.00000019887, 1.00000082009, 1.00870438787, 8.21330033235, 0.939443289653, 1.00000034473, 103.626519339, 1.03251201775, 1.2298177753, 1.0115849607, 3.29000070189, 1.00000085061, 17.6139388917, 2607.65176049
5.48125131671, 1.12142034493, 1.44132914782, 0.868006377548, 2.83000009616, 1.00620786893, 3.11755773986, 1.26000072489, 1.14000012501, 2.77792423087, 1.77038917354, 0.931323676024, 3.04000007648, 1.04714702468, 0.835548339941, 1.00000017508, 1.00000046531, 1.02247819623, 4.4493579392, 0.988642893311, 1.00000022138, 81.4130023594, 1.01610327311, 2.23401406438, 0.956996920563, 3.29000058504, 1.0000003377, 30.3495404648, 1136.83192204
3.29256177458, 1.05327183468, 1.37255739974, 0.835080995225, 2.83000047025, 1.16081511089, 1.1516399158, 1.26000062257, 1.14000029348, 3.32166655533, 2.0703992968, 0.932566046905, 3.0400009972, 1.06110926776, 1.0172608702, 1.00000065731, 1.00000038027, 1.07856433477, 9.60325130874, 0.958016833077, 1.00000085989, 101.883986258, 0.847820911545, 1.5221124408, 1.05871392574, 3.29000090586, 1.00000090212, 24.7285373584, 1294.27559252
4.85855835546, 1.04846262961, 1.53823328878, 0.957143714451, 2.83000071471, 0.921542693039, 2.12433136554, 1.26000050593, 1.14000047947, 3.11875912408, 2.46801229281, 0.952934234387, 3.04000067612, 1.02928989691, 0.861700668686, 1.00000036662, 1.00000029355, 1.02611754314, 9.01573972446, 0.939010402138, 1.00000045982, 95.1855643081, 1.01277400885, 3.34456476937, 0.954356381939, 3.29000094458, 1.00000058666, 20.3703789143, 2395.34519492
4.22563076112, 1.00954294822, 1.45926769826, 0.867459393022, 2.83000087925, 1.08186094958, 4.49532562219, 1.26000032124, 1.14000039471, 2.70057725709, 1.90147451027, 1.06524036257, 3.04000004721, 1.09320874066, 1.08005346044, 1.00000066874, 1.00000009329, 1.05250282585, 6.60166739156, 0.990293290016, 1.00000010278, 83.6778342061, 1.01495076379, 3.62993081114, 1.0523637707, 3.29000081724, 1.0000004591, 19.6317430924, 3544.29850311
2.49962392172, 1.08682415812, 1.55763723412, 0.948024345196, 2.83000099137, 0.947049964481, 1.07089043917, 1.26000089235, 1.14000048348, 2.98423970195, 2.49006441888, 1.02064074489, 3.04000092783, 1.0033293041, 0.955184767774, 1.0000003108, 1.00000021436, 1.09229401155, 4.39085448513, 0.96395273325, 1.00000069402, 116.687613684, 1.00833152843, 5.85481883139, 1.01075587729, 3.29000046999, 1.00000093631, 17.6278275719, 3620.09597805
2.72790138294, 1.02612014283, 1.39451629644, 0.951525798619, 2.83000043239, 1.01100260834, 4.33423542523, 1.26000071989, 1.14000091063, 2.62574823286, 2.5329727855, 1.08915896361, 3.04000061753, 1.08053557882, 0.884066024846, 1.00000079681, 1.00000088897, 1.01663664601, 7.96631750109, 0.992064071574, 1.0000007626, 86.584466688, 0.909481685052, 1.73427200536, 1.04857998907, 3.29000018, 1.00000052999, 20.6666722364, 2035.52612254
3.8816621616, 1.06181178328, 1.4248860847, 0.922646225748, 2.83000050608, 0.880905681269, 2.81844003784, 1.26000073634, 1.14000002454, 1.34332555217, 2.39572779292, 1.0027208118, 3.04000039817, 1.0388350001, 0.898554792177, 1.00000031159, 1.00000058434, 1.06934286758, 8.99949807812, 0.915961425441, 1.00000045463, 113.937132763, 1.00050124581, 4.94867960275, 0.969970324132, 3.29000038329, 1.00000033309, 35.7964794194, 1395.38754314
5.18137792478, 1.11408337546, 1.54873917006, 0.95421101076, 2.83000093242, 1.00730793996, 4.65255939399, 1.26000004322, 1.14000050798, 2.30952767842, 2.97523046418, 0.985126991674, 3.04000068053, 1.04728945503, 1.01144398691, 1.00000058518, 1.00000003607, 1.10780588583, 5.73478922723, 0.97845152153, 1.00000015482, 111.003929381, 1.02479551496, 2.45475199142, 1.03237231811, 3.29000020012, 1.0000000044, 18.203139122, 3703.44206587
5.92537834024, 1.09014327, 1.42961194633, 0.981010374978, 2.83000034147, 0.98506416295, 3.82730435985, 1.2600008277, 1.14000024542, 2.66941062975, 1.85600731199, 0.939401033152, 3.04000038762, 1.039114403, 1.08575572926, 1.00000037579, 1.00000042166, 1.04631817158, 9.89902053131, 0.977746991492, 1.00000088742, 118.438641563, 0.98591248467, 5.00997168176, 1.0001408421, 3.29000049499, 1.0000009711, 29.5321750149, 1447.47745936
2.48183002977, 1.09475682488, 1.58918636607, 0.919850307029, 2.83000045885, 1.00695478065, 5.89210570713, 1.2600008459, 1.14000040798, 3.30218484286, 3.01542714945, 0.902714487468, 3.04000046001, 1.02330805766, 0.812464259771, 1.00000031735, 1.00000024609, 1.03530028294, 8.61744409612, 0.919358921269, 1.00000086352, 82.3406787239, 1.02253051099, 5.67559860727, 1.04935383289, 3.29000044344, 1.00000033924, 18.9338814642, 4712.14674571
1.55856324534, 1.01595919917, 1.73577302227, 0.86387724007, 2.83000048717, 1.05559170244, 1.6895784819, 1.26000020339, 1.14000039534, 2.19582862412, 2.91424869664, 0.987563744201, 3.04000089742, 1.07963536432, 0.89049955489, 1.00000056665, 1.00000059857, 1.10653919374, 3.34585710873, 0.928097967861, 1.00000033293, 77.5864441727, 0.902628482067, 2.28071662204, 0.992424738179, 3.2900007288, 1.00000001809, 24.8579751085, 1553.60430746
3.77046554953, 1.13283361262, 1.43873760549, 0.99892847016, 2.83000039312, 1.18938797773, 3.11307367366, 1.26000069646, 1.14000091965, 3.11624178004, 3.11634668031, 1.03554493244, 3.0400000235, 1.08355803571, 1.03329636326, 1.00000094171, 1.00000091816, 1.06114047527, 7.50968238177, 0.957642576248, 1.00000022829, 76.6899068881, 1.074745944, 2.3626562948, 1.0004216084, 3.29000009337, 1.00000065845, 23.1454218678, 2290.11930253
4.60187491751, 1.03554699224, 1.40003496581, 0.824962734056, 2.83000043459, 0.853872350608, 5.86536362076, 1.26000062425, 1.14000099161, 1.66573732708, 3.03863273075, 0.90724434946, 3.04000026136, 1.09774441223, 0.982885280924, 1.00000011332, 1.0000009632, 1.03072622542, 7.46058137029, 0.971142503464, 1.00000028951, 107.350696352, 0.968461187145, 5.23237309689, 1.04791751372, 3.29000019459, 1.00000069691, 22.6456914897, 2416.75444954
2.49962392172, 1.08682415812, 1.55763723412, 0.948024345196, 2.83000099137, 0.947049964481, 1.07089043917, 1.26000089235, 1.14000048348, 2.98423970195, 2.49006441888, 1.02064074489, 3.04000093303, 1.0033293041, 0.955184767774, 1.0000003108, 1.00000021436, 1.09229401155, 4.39085448513, 0.96395273325, 1.00000069402, 116.687613684, 1.07714328101, 5.85481883139, 1.01075587729, 3.29000055374, 1.00000093631, 19.3968774063, 10688.4244581
5.04515304868, 1.12602902121, 1.44760599517, 0.952492332257, 2.83000049454, 1.08605682605, 3.64507088136, 1.26000029809, 1.14000063971, 2.69928196927, 1.85623302199, 0.886581152145, 3.04000094796, 1.05031240444, 0.977786917712, 1.00000052392, 1.00000055313, 1.0517367241, 9.01664699323, 0.99925875202, 1.00000059366, 123.027474866, 0.878728182397, 2.88587791187, 1.01529432487, 3.29000049577, 1.00000086737, 26.0681393519, 1838.51974524
2.4627134219, 1.03922606303, 1.35106488185, 0.862076268936, 2.83000022364, 0.968233094326, 5.05772422844, 1.26000093581, 1.14000033163, 3.17811867088, 3.04067518165, 0.980653788481, 3.0400000069, 1.06630628118, 1.06364928161, 1.00000075268, 1.00000085906, 1.06724156848, 4.61235546657, 0.956384222913, 1.00000067789, 106.610743815, 0.874021713074, 4.133698643, 1.03217097506, 3.2900002632, 1.00000049275, 26.3271595431, 1662.1244621
4.03316009309, 1.02877617602, 1.4427592381, 0.962117954868, 2.83000057545, 0.932837191689, 3.63179308484, 1.26000087834, 1.14000095505, 3.49399949522, 3.03041806431, 0.916191608538, 3.04000029523, 1.00710932903, 0.925300324719, 1.00000010276, 1.00000028716, 1.09523965387, 8.00615614364, 0.954296606655, 1.0000003766, 84.1707926506, 0.99949913084, 4.36763217368, 1.06095321729, 3.29000084933, 1.00000006529, 21.4562285245, 3581.58100213
5.75139598547, 1.0443066897, 1.73026289843, 0.938166606238, 2.83000031123, 1.04111761012, 5.68898943453, 1.26000066463, 1.14000029786, 1.84591613626, 1.58993159158, 1.00444102092, 3.0400004231, 1.09597371991, 1.05511811618, 1.00000093333, 1.00000074547, 1.09284534756, 8.81704460122, 0.922501162642, 1.0000002819, 120.446930722, 0.866782235694, 4.27115530952, 1.05343349929, 3.29000034511, 1.00000057111, 20.0946750912, 9253.97249043
2.6609571532, 1.09702970287, 1.38078802916, 0.825929768208, 2.83000000352, 1.11260862685, 4.70372859803, 1.26000006765, 1.14000053128, 1.96509638817, 2.04858096887, 0.980087233088, 3.04000077613, 1.02823833971, 0.934695307178, 1.00000062783, 1.00000048399, 1.06963110467, 9.0681484098, 0.983983443608, 1.00000085802, 118.296862699, 0.874720888597, 3.53462827645, 0.991227404373, 3.29000094943, 1.00000032237, 26.1655298622, 2261.57793158
5.5924272345, 1.10110784241, 1.58346506023, 0.815465665178, 2.83000019023, 1.09550432356, 1.06010119349, 1.26000005357, 1.140000302, 1.6499341954, 1.64697348527, 1.0530196356, 3.04000072901, 1.11322633542, 0.888800449237, 1.00000020733, 1.00000064049, 1.09309027678, 5.60990301041, 0.967692852523, 1.0000007645, 105.737114177, 0.927122574081, 3.22194843048, 1.04353280184, 3.29000047247, 1.00000076515, 27.9154731583, 2096.37292032
2.99405760834, 1.08836339979, 1.59255096132, 0.996994167679, 2.83000079891, 1.08202801275, 2.32155491697, 1.26000044154, 1.14000022483, 1.98484681939, 2.07376909115, 1.02937605763, 3.04000090695, 1.09777157771, 0.923355534869, 1.00000046403, 1.00000006909, 1.04326600213, 3.89115352054, 0.974959734679, 1.00000095119, 94.6356687342, 0.865031782842, 2.08525538051, 0.977562374355, 3.29000090733, 1.00000074764, 26.9207835627, 2207.2732095
1.02001934607, 1.05866559687, 1.45197469595, 0.840343545968, 2.83000080925, 1.01014618726, 2.48192770571, 1.26000069646, 1.14000023869, 1.33597410279, 2.05577377158, 0.978876962569, 3.04000000389, 1.01065447541, 1.02734178502, 1.00000004072, 1.00000086284, 1.07653052352, 7.50968238177, 0.945579665269, 1.00000068816, 80.1232274528, 1.03713524377, 1.95644315351, 1.05922541994, 3.2900004074, 1.00000012275, 35.1917285773, 2176.97608134
3.30375421056, 1.04693580544, 1.45880285054, 0.964594101196, 2.83000095818, 1.08253433908, 1.91670241631, 1.26000080292, 1.14000085922, 2.00377109315, 1.92506353661, 1.00771298304, 3.04000019087, 1.08074459219, 0.906872598297, 1.00000084232, 1.0000002975, 1.10748853654, 7.89585843531, 0.910481578777, 1.00000030184, 96.9773562823, 0.853459695566, 5.30396767402, 1.06947941093, 3.29000000576, 1.00000059603, 21.1147924265, 8615.63612383
5.71634705497, 1.118753026, 1.46388229973, 0.818776267046, 2.83000043277, 1.02629546485, 1.59174751319, 1.26000048654, 1.14000053103, 3.0351149985, 1.73625704947, 0.938058330531, 3.04000076007, 1.01653900162, 0.907215501861, 1.00000019656, 1.00000016417, 1.01214096917, 7.3227773893, 0.931341834629, 1.00000099594, 110.534667786, 1.01896016154, 1.00318515807, 0.990215682148, 3.29000042674, 1.00000012084, 21.7998737117, 4169.3378343
2.60862190234, 1.12085603525, 1.54930919632, 0.918381620465, 2.83000061778, 1.06530368883, 1.69916394998, 1.26000092454, 1.14000002773, 2.96786190957, 2.23283952577, 0.897771193247, 3.04000068918, 1.1102402279, 0.78176798518, 1.0000009125, 1.00000020287, 1.0002201951, 6.00879236246, 0.926785681099, 1.0000004662, 90.339115763, 1.08030124398, 3.48896684119, 1.06877834978, 3.29000069845, 1.00000024768, 24.997153953, 3318.67089727
5.48125131671, 1.12142034493, 1.44132914782, 0.868006377548, 2.83000009616, 1.00620786893, 3.11755773986, 1.26000072489, 1.14000012501, 2.60856748296, 1.77038917354, 0.931323676024, 3.04000007648, 1.04714702468, 0.835548339941, 1.00000017508, 1.00000046531, 1.02247819623, 4.4493579392, 0.988642893311, 1.00000022138, 81.4130023594, 1.01610327311, 2.23401406438, 0.956996920563, 3.29000058504, 1.0000003377, 25.9675761424, 3075.97413874
3.74354131482, 1.11098694377, 1.39086417952, 0.823979949375, 2.83000001115, 0.985601729288, 4.08774180697, 1.26000075412, 1.1400001189, 1.42954462171, 2.36509117608, 0.951032112415, 3.04000021523, 1.11103112046, 0.780148070394, 1.0000007138, 1.00000089303, 1.07397048515, 3.07095720142, 0.993306359506, 1.0000006082, 93.5419581657, 1.00107293158, 4.07080233846, 1.03237997536, 3.2900001565, 1.0000009988, 20.8867479452, 11313.8091544
4.94593953541, 1.11751431693, 1.44842932918, 0.966737994041, 2.83000079037, 0.875588573743, 5.38623939668, 1.26000041495, 1.14000060873, 2.83657417988, 3.0182977695, 0.914367576778, 3.04000074072, 1.03996453438, 0.973857763407, 1.00000086436, 1.00000048884, 1.01955820866, 6.5294827756, 0.927805743978, 1.00000031847, 118.358834874, 0.853796060426, 1.40456474096, 0.954286740277, 3.29000016625, 1.00000061116, 21.2075293642, 19963.3300859
1.88649842381, 1.00959136325, 1.59410307987, 0.95971520471, 2.83000071711, 1.16724684973, 5.60774487463, 1.26000038288, 1.14000073463, 3.64855959569, 2.3436673783, 1.01987478958, 3.04000070071, 1.01884524726, 0.88943512043, 1.00000013947, 1.00000036528, 1.00244500648, 9.08237877121, 0.952207303262, 1.00000059228, 124.492372664, 1.02855938847, 3.31859359339, 0.980340168259, 3.29000041143, 1.00000062037, 33.6127893358, 2346.90515377
5.86950112977, 1.09683883607, 1.55322791351, 0.801302102523, 2.83000061213, 1.00773927057, 3.84655283298, 1.26000013394, 1.14000095245, 2.37456918655, 1.80091903828, 1.01693048607, 3.04000019087, 1.08099372314, 0.87805537382, 1.0000006782, 1.00000013674, 1.05151155749, 6.49540863961, 0.94037696723, 1.00000067939, 79.552115507, 0.964572978177, 4.82492723945, 0.989357590638, 3.29000011447, 1.00000074244, 29.3568814984, 2546.5106088
2.5537511493, 1.06350631702, 1.51433917018, 0.800815872854, 2.83000035208, 1.09445949851, 1.138989234, 1.2600004742, 1.14000071963, 1.70605432057, 2.50230568549, 0.907541633066, 3.04000020335, 1.09601164995, 0.783741844257, 1.00000078042, 1.00000047347, 1.01296681544, 7.27679145342, 0.942568979931, 1.00000058364, 102.796088231, 0.907572792332, 5.1559637013, 0.960111733771, 3.29000063255, 1.00000036981, 24.6713289983, 5546.35750464
1.15728269522, 1.12157292912, 1.68352218593, 0.872041453018, 2.83000075201, 1.13953624228, 3.68989115671, 1.26000098293, 1.14000067081, 3.31717590122, 3.05503546053, 1.06723491465, 3.0400009278, 1.02043163318, 0.94362656277, 1.00000020575, 1.00000028295, 1.10538837488, 7.0154579072, 0.954026224338, 1.00000009022, 123.564646565, 0.876509242755, 4.94471733818, 0.995051993393, 3.29000098262, 1.00000028264, 22.7968875161, 10919.4882615
4.21505677691, 1.12895972939, 1.66867502416, 0.945933790079, 2.83000019637, 0.957400838468, 4.88745735999, 1.26000008559, 1.14000020435, 2.37635407872, 2.10289654954, 1.00004357888, 3.0400009817, 1.09540702903, 0.808954613211, 1.00000017488, 1.00000065021, 1.0344507481, 9.43761820289, 0.931913629403, 1.00000072207, 112.129185811, 1.07060138638, 4.42427545302, 1.0617207823, 3.29000027236, 1.00000042317, 23.2083624917, 7103.39276859
4.01229085562, 1.11582008107, 1.39659092133, 0.843601892789, 2.8300000738, 0.975636731098, 1.18582743577, 1.26000022148, 1.14000008411, 1.80787315736, 1.96346625128, 1.09108418972, 3.04000037315, 1.05225228872, 0.980848825324, 1.00000020113, 1.00000078768, 1.09912792645, 7.46782435228, 0.910729320825, 1.00000069483, 114.642612511, 0.9123503702, 1.80174072496, 1.03838368783, 3.29000002133, 1.00000011025, 25.1494627656, 3847.84328935
5.5674018891, 1.10664375008, 1.52607582804, 0.99674065879, 2.83000015227, 1.0137454916, 5.80952577959, 1.26000009848, 1.14000081044, 2.10671290567, 2.3113516255, 1.06565814826, 3.04000063983, 1.05691814279, 1.07575316247, 1.0000003975, 1.00000043347, 1.07462102638, 3.64688199804, 0.929236928119, 1.00000086937, 118.838603803, 0.85735778292, 5.53931211251, 0.96000109366, 3.2900001925, 1.00000046925, 25.3030406462, 3783.85313408
4.7030610261, 1.0946864592, 1.69193494044, 0.879868218082, 2.83000087039, 1.01389174262, 4.98653903937, 1.26000081721, 1.14000053024, 1.91235902895, 2.76238254681, 0.948108139324, 3.04000046753, 1.08079871363, 0.854308432068, 1.00000090424, 1.00000079777, 1.01725134885, 3.14938039038, 0.917372160371, 1.00000025025, 106.888075571, 0.936972445263, 5.98388799404, 1.03514559306, 3.290000641, 1.00000099417, 38.4452845667, 2489.78369781
4.92024611078, 1.08399863353, 1.61777616791, 0.978590144328, 2.83000001982, 1.15832726202, 1.59280505956, 1.2600003085, 1.14000085495, 2.84391686068, 2.50944486435, 1.00277368614, 3.04000035045, 1.04897782216, 0.927194136768, 1.0000000842, 1.00000019005, 1.09940007321, 4.87029649029, 0.938414996572, 1.00000063441, 123.822936569, 0.964693659355, 3.31631324453, 0.972054719733, 3.29000083986, 1.00000027024, 24.4218257196, 9219.87813604
2.87924757596, 1.03211361982, 1.71018698231, 0.990258324702, 2.83000088594, 1.16704091165, 2.33802830668, 1.26000043454, 1.14000090539, 1.53783994946, 2.48337834021, 0.940464936128, 3.04000077897, 1.04449958532, 0.978152997998, 1.00000036042, 1.00000040038, 1.06326641116, 3.8308784156, 0.911141976735, 1.00000069905, 80.4657974255, 0.886212079147, 3.49539495928, 0.972790147904, 3.29000010624, 1.00000088409, 32.4537581842, 2716.74379159
4.85855835546, 1.04846262961, 1.53823328878, 0.937369116655, 2.83000071471, 0.921542693039, 2.12433136554, 1.2600004742, 1.14000047947, 3.11875912408, 2.3867841964, 1.00648145903, 3.04000067612, 1.02928989691, 0.861700668686, 1.00000071871, 1.00000029355, 1.02611754314, 9.01573972446, 0.939010402138, 1.00000045982, 95.1855643081, 1.01277400885, 3.34456476937, 0.954356381939, 3.29000094458, 1.00000058666, 30.3502954243, 3092.43901993
5.18137792478, 1.11358313887, 1.54873917006, 0.95421101076, 2.83000093242, 1.00730793996, 2.01103277874, 1.26000004322, 1.14000050798, 2.30952767842, 2.40427613268, 0.985126991674, 3.04000068053, 1.04728945503, 1.01144398691, 1.00000058518, 1.00000003607, 1.10780588583, 5.73478922723, 0.97845152153, 1.00000023159, 111.003929381, 1.02479551496, 2.45475199142, 1.03237231811, 3.29000020012, 1.0000000044, 23.6856297528, 12318.7278512
2.09181400314, 1.0564920462, 1.58874180074, 0.896482945237, 2.83000027725, 0.897535396765, 5.72356375787, 1.26000002837, 1.14000043879, 2.90625130459, 2.06345692308, 1.09921600547, 3.04000044803, 1.00657760543, 1.07134920011, 1.00000070487, 1.0000002945, 1.03912712979, 8.25315362128, 0.955509134266, 1.00000098606, 111.811210391, 0.946473742942, 3.28305044091, 1.04838681032, 3.29000060493, 1.00000016382, 25.8781946066, 6114.69909938
1.84842389278, 1.0655749502, 1.35646009262, 0.802602763261, 2.83000058789, 0.907207824892, 2.62761003597, 1.26000070576, 1.14000020213, 2.85746401894, 2.71390906031, 0.998617462153, 3.04000097785, 1.07486342266, 0.881166878315, 1.00000090195, 1.00000051011, 1.04809990109, 8.50557299603, 0.943035677633, 1.00000077099, 110.887712783, 0.883306002462, 2.57422516073, 0.981269299202, 3.29000031748, 1.00000058764, 25.0459051461, 9155.57496906
2.48183002977, 1.11563026964, 1.40756884149, 0.919850307029, 2.83000045885, 1.00695478065, 5.89210570713, 1.2600008459, 1.14000040798, 3.30218484286, 3.01542714945, 0.902714487468, 3.04000046001, 1.02330805766, 0.812464259771, 1.00000031735, 1.00000024609, 1.03530028294, 8.61744409612, 0.919358921269, 1.00000086352, 82.3406787239, 1.02253051099, 4.83215701461, 1.04935383289, 3.29000044344, 1.00000033924, 44.4504487481, 3241.84354632
5.61789035704, 1.03760846785, 1.65709094974, 0.874163569592, 2.83000019064, 1.13009291199, 4.56929653775, 1.26000040112, 1.14000000645, 1.85771162592, 2.81528286734, 0.899538065952, 3.04000014478, 1.04457263826, 0.901084004084, 1.00000091139, 1.00000025237, 1.00278959824, 6.71125830039, 0.973725396848, 1.00000068198, 113.589850207, 1.03069111924, 5.82999659521, 0.958081686792, 3.29000084488, 1.00000021086, 27.1351067991, 4002.06974077
2.13277833311, 1.12013436221, 1.68193043733, 0.832289687405, 2.83000004021, 0.894271384605, 1.00408102851, 1.26000050168, 1.14000021735, 1.90296698265, 3.04211509594, 1.06571616749, 3.04000098989, 1.10868804013, 0.985605910564, 1.00000053596, 1.00000062105, 1.01368163475, 6.66464799904, 0.919299756027, 1.00000096305, 122.706864682, 0.976637409846, 2.84196730316, 0.97035145375, 3.29000063442, 1.00000089568, 47.9812931353, 3313.16340972
1.31538710464, 1.13708955278, 1.63605914618, 0.929288716311, 2.83000044507, 1.1821147226, 4.83734682377, 1.26000008583, 1.14000077407, 1.39826586338, 2.84731219389, 0.882816195133, 3.04000041369, 1.00027506665, 0.914674030322, 1.00000011941, 1.00000028838, 1.04932686124, 9.11942857195, 0.937692964188, 1.00000045516, 75.6868099039, 0.8911589728, 4.52606085524, 0.9812964764, 3.29000028056, 1.00000014953, 48.7144470512, 3331.51667493
2.72790138294, 1.02612014283, 1.39451629644, 0.951525798619, 2.83000043239, 1.01100260834, 4.33423542523, 1.26000071989, 1.14000091063, 2.62574823286, 2.5329727855, 1.08915896361, 3.04000061753, 1.08053557882, 0.884066024846, 1.00000079681, 1.00000088897, 1.01663664601, 7.96631750109, 0.992064071574, 1.0000007626, 118.797401923, 0.909481685052, 1.73427200536, 1.04857998907, 3.29000018, 1.00000052999, 63.9383452578, 3516.03635575
2.34361807843, 1.04693580544, 1.45880285054, 0.964594101196, 2.83000095818, 1.08253433908, 1.91670241631, 1.26000080292, 1.14000085922, 2.00377109315, 1.92506353661, 1.00771298304, 3.04000078533, 1.00183322403, 0.906872598297, 1.00000084232, 1.0000002975, 1.10748853654, 7.89585843531, 0.910760505083, 1.00000030184, 96.9773562823, 0.883443502361, 5.30396767402, 1.0658594119, 3.29000000576, 1.00000059603, 26.5489950904, 5812.7626749
5.66773978756, 1.00139985921, 1.68623311717, 0.923093967695, 2.8300008747, 0.905827080542, 4.16779019786, 1.26000015741, 1.1400002012, 3.1249459236, 3.01399976986, 1.02214001422, 3.0400003634, 1.08190091169, 0.913513667384, 1.00000045207, 1.00000053189, 1.03512687093, 4.69501016318, 0.98530038551, 1.00000023584, 80.8321878948, 0.91261984847, 1.58698994709, 0.983779429805, 3.2900005893, 1.00000068889, 25.904830629, 9208.67723538
1.84842389278, 1.0655749502, 1.35646009262, 0.802602763261, 2.83000058789, 0.907207824892, 5.03146622968, 1.26000096521, 1.14000020213, 2.85746401894, 2.13110222974, 0.998617462153, 3.04000055719, 1.07486342266, 0.881166878315, 1.00000090195, 1.00000051011, 1.04809990109, 8.50557299603, 0.943035677633, 1.00000077099, 110.887712783, 0.883306002462, 2.57422516073, 0.981269299202, 3.29000031748, 1.00000058764, 26.2993308272, 7029.76569433
1.74180598296, 1.08218005693, 1.70437089884, 0.827440052864, 2.83000001985, 0.897906019931, 1.27166683871, 1.26000072077, 1.14000022247, 1.62485926493, 2.22479956248, 0.934946709721, 3.0400005986, 1.10118989035, 0.848564606283, 1.00000080014, 1.00000039008, 1.06379284742, 3.661627665, 0.930703978022, 1.00000046665, 100.218235015, 0.876182966134, 1.58670618064, 1.05078108498, 3.29000033916, 1.0000007544, 25.0545640464, 12256.4221959
4.60187491751, 1.03554699224, 1.40003496581, 0.824962734056, 2.83000043459, 0.853872350608, 5.86536362076, 1.26000062425, 1.14000094477, 1.66573732708, 3.03863273075, 0.90724434946, 3.04000026136, 1.09774441223, 0.982885280924, 1.00000085514, 1.0000009632, 1.03072622542, 7.46058137029, 0.971142503464, 1.00000028951, 107.350696352, 0.968461187145, 5.23237309689, 1.04791751372, 3.29000019459, 1.00000040981, 39.8963681757, 3602.07527459
2.51187031853, 1.13532425819, 1.57617776431, 0.814070777236, 2.83000009697, 1.05076404664, 5.68644967907, 1.26000082076, 1.14000080303, 1.6127128088, 1.58213555497, 1.01218452384, 3.04000096402, 1.04542289144, 0.851834808635, 1.00000049454, 1.00000076479, 1.04842428381, 9.20203738506, 0.956130554032, 1.00000092674, 100.44179142, 0.843290884984, 1.06612288267, 1.03096994591, 3.29000036931, 1.00000070506, 30.094697234, 4026.64590084
5.95897103668, 1.08102119148, 1.73018553635, 0.955222503337, 2.83000008355, 0.890340053488, 3.92435423675, 1.26000089254, 1.1400005645, 2.22883761418, 1.6350321535, 1.05263722307, 3.0400007179, 1.04998347794, 0.890620767167, 1.00000034013, 1.00000093521, 1.08514348469, 6.37207901249, 0.91974387635, 1.00000063673, 123.658253315, 0.844399418192, 4.92284420859, 1.00787240804, 3.29000049335, 1.00000016444, 28.5348528091, 5082.64410048
2.6609571532, 1.09702970287, 1.38078802916, 0.825929768208, 2.83000000352, 1.11260862685, 4.70372859803, 1.26000006765, 1.14000053128, 3.57599620306, 2.04858096887, 0.980087233088, 3.04000077613, 1.02823833971, 0.934695307178, 1.00000062783, 1.00000048399, 1.06963110467, 9.0681484098, 0.983983443608, 1.00000085802, 118.296862699, 0.874720888597, 3.53462827645, 0.991227404373, 3.29000094943, 1.00000032237, 34.2354302244, 3765.2528947
2.3226800116, 1.01287697649, 1.66842533516, 0.862145267179, 2.83000068193, 1.00511187577, 2.62989026718, 1.26000085492, 1.14000036558, 3.37269378787, 2.16884031955, 1.06771199688, 3.04000084166, 1.07942697623, 0.95760261481, 1.00000038808, 1.0000009915, 1.00429331266, 6.90211243345, 0.910118782208, 1.00000099248, 103.057578148, 1.03535020906, 1.31532778078, 0.992926056104, 3.29000018638, 1.00000061121, 25.4779085817, 16607.3558546
4.92580123551, 1.09326896197, 1.34667168233, 0.966879129777, 2.83000053448, 1.14530352747, 3.63200336818, 1.26000082503, 1.14000050948, 2.68456490997, 3.08785608467, 1.0763123352, 3.04000032772, 1.01506786544, 0.969560983211, 1.00000003392, 1.00000024505, 1.00671921269, 3.57982662704, 0.983539210509, 1.00000056189, 123.76922398, 1.03136839902, 4.9483569267, 1.00072279456, 3.29000046797, 1.00000082984, 33.1264296213, 4767.54603351
2.2492674093, 1.00959136325, 1.67774223258, 0.831908672461, 2.83000044507, 1.06264070005, 2.76758590121, 1.26000084485, 1.14000059993, 1.67234577904, 2.9099224907, 0.914643380789, 3.04000091516, 1.09560345858, 0.805540437784, 1.00000091722, 1.00000004153, 1.04524318962, 8.7309011376, 0.954665799713, 1.00000001518, 99.5030683678, 0.951469100738, 4.74311105745, 0.96208441896, 3.29000060555, 1.00000055715, 31.3355290405, 5530.49320677
1.49665537365, 1.11266934669, 1.72447026635, 0.946110862027, 2.83000077365, 0.86569018773, 2.01899083081, 1.26000003147, 1.1400002873, 3.1576318559, 1.64069575145, 1.01362518825, 3.04000049297, 1.0053786172, 0.958710731061, 1.00000082871, 1.00000005507, 1.06299913716, 3.89591509854, 0.999778377959, 1.00000033715, 120.793091986, 1.07607251077, 4.48275315327, 1.04526591544, 3.29000072792, 1.00000083953, 32.1696921428, 5194.9031422
1.88087647556, 1.11567498529, 1.43094955599, 0.839949104542, 2.83000097662, 0.899150441858, 5.88975936269, 1.26000003886, 1.14000017791, 2.90753091641, 2.55042776268, 0.975962659696, 3.04000000503, 1.00482103363, 1.04452873359, 1.00000004413, 1.00000039129, 1.03162132862, 9.26110285659, 0.911587666247, 1.00000072136, 85.1302737702, 1.01894179524, 3.19642605687, 1.02910681166, 3.29000091189, 1.0000007009, 29.2973281066, 7265.81027808
3.88420217798, 1.13686585079, 1.50098209979, 0.886265000061, 2.83000017304, 1.15551399155, 5.31402110274, 1.26000045214, 1.14000099161, 3.61905928839, 2.11801384482, 1.06382934261, 3.04000048065, 1.04260233444, 1.04517711329, 1.00000011332, 1.00000094962, 1.08330800664, 8.68553952949, 0.917056673942, 1.000000028, 81.4614398566, 1.05165202146, 5.31679318174, 0.984657678828, 3.29000086256, 1.00000004422, 28.7503671844, 8460.01697822
2.09693524899, 1.11280431124, 1.72281506156, 0.89792049182, 2.83000025328, 1.07228135624, 4.0276174537, 1.2600007145, 1.14000010835, 2.66941062975, 1.9070857582, 0.885397192648, 3.04000075773, 1.01211805462, 0.878311784708, 1.00000096391, 1.00000065822, 1.06011690806, 8.85165970604, 0.997620231006, 1.00000064524, 120.999419845, 1.00802200369, 4.43008677679, 0.977693248078, 3.29000052864, 1.00000027991, 36.4682787166, 4258.75926029
5.56108158431, 1.12454504193, 1.67463869423, 0.819586560472, 2.8300001814, 1.07859852182, 5.49497730372, 1.26000008364, 1.14000041907, 2.24477109074, 1.96603177676, 0.896523298793, 3.04000073162, 1.06270437377, 0.847420655218, 1.00000066352, 1.00000010976, 1.08973976691, 4.60340919951, 0.941141206992, 1.00000095719, 78.9117827508, 0.967752409431, 3.65677347993, 1.03066876618, 3.29000078462, 1.0000000408, 34.7328793071, 4905.62903899
5.36215278062, 1.03775316575, 1.65044244175, 0.894891577316, 2.83000035404, 1.07800100414, 4.44833208519, 1.26000011003, 1.14000033394, 1.28884871485, 2.9465290731, 0.959126015774, 3.040000416, 1.04091046797, 1.0620505362, 1.00000055818, 1.00000024369, 1.05954440817, 3.84367285996, 0.990922382343, 1.0000006489, 99.0670252907, 0.956129845122, 4.50903461632, 0.987586486901, 3.29000069093, 1.00000014389, 43.4399062272, 4553.23322941
5.62879628882, 1.05908997694, 1.56124367074, 0.835030483072, 2.8300005926, 0.972495546245, 5.88975936269, 1.26000007379, 1.14000010196, 3.47879666766, 2.67358274159, 0.954312008583, 3.0400003309, 1.00482103363, 0.788762177019, 1.00000023892, 1.00000023429, 1.02771863206, 8.93426071944, 0.923952900133, 1.00000050322, 95.3432034655, 1.08297585296, 3.12864589119, 0.9559805922, 3.29000049193, 1.00000022565, 48.8447530017, 4432.60639503
1.55914150852, 1.04346445753, 1.50346044913, 0.941189655178, 2.83000047502, 1.1086538814, 4.09077239594, 1.2600007025, 1.14000000651, 1.38211945356, 2.20427842313, 0.96047350847, 3.04000006371, 1.02015865158, 0.971067560908, 1.00000062875, 1.0000009354, 1.03002681626, 4.10954483254, 0.949254862533, 1.00000045745, 117.261062708, 0.961190569907, 2.10438798083, 1.04111276161, 3.29000098647, 1.00000060882, 26.4043978152, 25624.9982772
1.75328198276, 1.08737226424, 1.42063556758, 0.993655113112, 2.83000038363, 1.09099444894, 1.85689798234, 1.26000089115, 1.14000009697, 2.40084991469, 2.61767997189, 0.952330496333, 3.04000000588, 1.10303793839, 0.967933222206, 1.0000002118, 1.00000058534, 1.08419670033, 8.49247557965, 0.912692346772, 1.0000001607, 106.817034796, 1.05774022844, 5.38447972085, 1.06465944717, 3.29000093672, 1.00000055062, 32.0858426766, 6460.81534902
1.25658841687, 1.12828336425, 1.67226067515, 0.894891577316, 2.83000008341, 0.883243706398, 5.55068104443, 1.26000075021, 1.14000088592, 2.43156459978, 1.91755297534, 0.967507556842, 3.04000016811, 1.0360845405, 0.912301504056, 1.00000078564, 1.0000000552, 1.0839702447, 8.52978426539, 0.960531891555, 1.00000087062, 123.381572713, 0.937867336465, 3.62506322108, 1.01024949744, 3.29000061761, 1.00000048476, 29.854998457, 8686.91161524
2.12041709919, 1.08574868913, 1.36208412436, 0.80191249605, 2.83000082296, 1.03269688013, 4.33187734474, 1.26000049495, 1.14000071572, 2.68595849191, 1.89870514068, 0.946215823741, 3.04000083381, 1.10259579277, 0.780392969865, 1.0000003501, 1.00000032246, 1.00059255499, 9.88497575144, 0.938853430235, 1.00000039846, 87.0206434892, 0.970550376763, 1.27904439099, 0.96009423323, 3.29000011389, 1.00000012965, 30.1711730211, 8678.47261733
2.18279026495, 1.12081227532, 1.55338532801, 0.945219625457, 2.8300004509, 1.11130843556, 1.75581598801, 1.26000013614, 1.14000016023, 2.9806874744, 3.06939082682, 0.932118231625, 3.04000000013, 1.02444629037, 1.02443423488, 1.00000071387, 1.0000008287, 1.08155755595, 4.40251769505, 0.985243810852, 1.00000028216, 107.084591463, 1.00923043187, 5.57308598379, 0.952794080326, 3.29000034724, 1.00000098917, 28.2356273582, 13880.3858585
1.88649842381, 1.06708423878, 1.59410307987, 0.95971520471, 2.83000071711, 1.16724684973, 5.60774487463, 1.26000044061, 1.14000073463, 3.64855959569, 2.3436673783, 1.01987478958, 3.04000070071, 1.01884524726, 0.88943512043, 1.00000013947, 1.00000036528, 1.01458109067, 9.08237877121, 0.952207303262, 1.00000059228, 124.492372664, 1.02855938847, 3.31859359339, 0.980340168259, 3.29000041143, 1.00000062037, 41.2550574136, 5369.70028959
1.24488729076, 1.03753163169, 1.45161507093, 0.869882086684, 2.8300004109, 0.903396441036, 3.621509352, 1.26000037653, 1.14000090473, 3.34545157565, 2.72986939245, 1.07303526831, 3.04000058632, 1.02269725623, 1.08835018281, 1.00000071735, 1.00000024956, 1.06104616761, 5.20454715256, 0.984988920294, 1.00000072805, 81.8715265455, 0.979125130968, 2.77298383629, 0.986486284178, 3.29000022115, 1.00000034476, 36.3292524809, 6052.00077971
5.2323600256, 1.11349069601, 1.49347304913, 0.928725287003, 2.83000004332, 1.02771488083, 5.57391207821, 1.26000084075, 1.14000077736, 1.9082485484, 2.79399380218, 0.934659507701, 3.04000057258, 1.02285095454, 1.07917117317, 1.00000085284, 1.00000005046, 1.01309656796, 4.91274396125, 0.988599015677, 1.00000012775, 116.796355774, 0.9926175558, 1.53335402753, 0.986441026948, 3.29000003794, 1.00000093257, 47.9860038893, 5668.57107436
2.89394453355, 1.11926856572, 1.62298812687, 0.940086924694, 2.83000047709, 0.984434939569, 5.4008909092, 1.26000017328, 1.14000033387, 2.69707798382, 2.6568748018, 0.908397508323, 3.04000038924, 1.0417322593, 1.07746269143, 1.0000004623, 1.00000011493, 1.09995348528, 6.27385722465, 0.939792216108, 1.00000040947, 87.7103961022, 0.922838228325, 3.87160699881, 1.02734175995, 3.29000056083, 1.00000038755, 30.2982912783, 10150.0447366
2.83260457257, 1.04676433727, 1.46931764557, 0.994677631687, 2.83000051313, 1.09667572723, 4.66159418394, 1.26000056292, 1.14000038042, 1.31316314521, 3.04465593142, 0.966309290951, 3.04000059921, 1.05932635612, 0.784500465335, 1.00000036652, 1.00000049746, 1.03989006202, 6.73834521763, 0.995892505853, 1.00000080717, 90.8805318437, 0.867460216849, 1.75296662814, 1.03054754594, 3.2900008918, 1.00000058979, 34.5711795297, 8294.94861532
5.5674018891, 1.08387651659, 1.52607582804, 0.99674065879, 2.83000015227, 1.0137454916, 5.80952577959, 1.26000009848, 1.14000081044, 2.10671290567, 2.3113516255, 1.06565814826, 3.04000063983, 1.02639404625, 1.07575316247, 1.0000003975, 1.00000043347, 1.07462102638, 8.64872922077, 0.929236928119, 1.00000086937, 118.838603803, 0.85735778292, 5.53931211251, 0.96000109366, 3.2900001925, 1.00000046925, 34.0607597137, 8480.84981383
2.90812944674, 1.00193490617, 1.34361267704, 0.916042892239, 2.83000057139, 1.02026362366, 2.65856593635, 1.26000077202, 1.14000001668, 3.69557044345, 1.66595776261, 0.966489432614, 3.0400004594, 1.09366189799, 0.972887716636, 1.00000019887, 1.00000082009, 1.00870438787, 8.21330033235, 0.939443289653, 1.00000034473, 103.626519339, 1.03251201775, 1.2298177753, 1.0115849607, 3.29000070189, 1.00000085061, 30.1901933834, 10958.0980226
2.41071464744, 1.0604160042, 1.54190662921, 0.896560462299, 2.83000019948, 1.14530352747, 1.63785991301, 1.26000082503, 1.14000059839, 3.1254662754, 1.82959877864, 0.889954824402, 3.04000057257, 1.08276462337, 1.04872929865, 1.00000099562, 1.00000014797, 1.08497624211, 4.39908435633, 0.983143808446, 1.00000080764, 123.76922398, 0.954431338558, 4.22338153123, 1.06982308904, 3.29000027239, 1.00000013062, 51.649369273, 5955.669078
3.88758750638, 1.06881400576, 1.61839087293, 0.945821726164, 2.83000027475, 1.1111831283, 3.47823700092, 1.26000056976, 1.14000008574, 2.36966288489, 3.00577212594, 0.907231553263, 3.04000036655, 1.11788187417, 0.864723506552, 1.00000000652, 1.00000012504, 1.08940555255, 5.02930265902, 0.98185806699, 1.00000002277, 105.775898874, 0.956591117565, 4.29115083063, 1.0199680735, 3.29000074133, 1.00000093428, 29.9965693579, 17170.4366078
3.77046554953, 1.13283361262, 1.43873760549, 0.99892847016, 2.83000039312, 1.18938797773, 3.11307367366, 1.26000069738, 1.14000091965, 3.11624178004, 3.11634668031, 1.03043896935, 3.0400000235, 1.06718936723, 1.03329636326, 1.00000094171, 1.00000091816, 1.06114047527, 8.90992512484, 0.957642576248, 1.00000032523, 76.6899068881, 1.074745944, 2.3626562948, 1.0004216084, 3.29000009337, 1.00000065845, 41.8446487773, 6892.02931497
3.99237199637, 1.07071544134, 1.47415393577, 0.809561466763, 2.83000060823, 1.11688196927, 5.5046838299, 1.26000003196, 1.1400000022, 3.65373158523, 2.93382436868, 1.02176732588, 3.04000008059, 1.04407214008, 1.06759923162, 1.00000032274, 1.00000094421, 1.01292686771, 7.21359033107, 0.953993309145, 1.00000007711, 86.4597136698, 0.941087880194, 2.4253203481, 1.02212588681, 3.29000037879, 1.00000002689, 47.5542818517, 6870.49165765
4.74397600497, 1.06300717867, 1.38619626484, 0.819412286344, 2.83000013687, 1.00858985303, 1.27711835243, 1.26000071007, 1.14000072628, 3.29274750734, 2.01371860653, 0.913368196803, 3.0400001169, 1.10765321786, 1.05894091842, 1.00000004443, 1.00000088607, 1.10629381655, 8.40494846721, 0.959292351312, 1.00000056248, 118.243509252, 0.88613278041, 1.75607434943, 1.01126448322, 3.29000018763, 1.00000039933, 29.8781113982, 27818.0499207
2.5083645677, 1.01992115093, 1.62677388632, 0.862461846263, 2.83000091125, 1.07164880685, 3.85467483313, 1.26000062963, 1.14000058529, 2.04333800061, 2.55707482095, 0.999847939296, 3.04000071352, 1.01552550123, 1.08503347004, 1.00000074841, 1.00000027551, 1.00352909015, 4.00722717578, 0.957373603927, 1.00000086873, 94.5549652662, 0.882023331292, 5.28280226375, 1.04748279396, 3.29000083473, 1.00000069417, 39.4603285611, 7996.80686066
2.95691690214, 1.04364244327, 1.47709263882, 0.811561466788, 2.83000006066, 0.93199777081, 4.01349089222, 1.26000003961, 1.14000074016, 2.60530513589, 2.38425921369, 0.979532098263, 3.04000063576, 1.11485084877, 1.08986354951, 1.00000042964, 1.00000054491, 1.07471928865, 4.2922841834, 0.978179775276, 1.00000037338, 83.6553641107, 1.02969376479, 2.64305010354, 0.988922518705, 3.29000023684, 1.00000012655, 30.5170915718, 11281.0586673
