0.126363652188, 0.99303584183, 2.51185174685, 0.580616202944, 33.0336590857, 1.11032518654, 0.3383357618, 3.09976095855, 43.4222435353, 61.6162678644, 0.00665283851639
0.326997197987, 1.05395820411, 2.0274428215, 0.417929396582, 48.0725943327, 1.17321834835, 0.3383357618, 1.60482594062, 5.90205864234, 56.317383349, 0.022087754561
0.310553365083, 0.94880231034, 2.01033735643, 0.435668819479, 20.0360708004, 46.1495292647, 0.00910736571496, 2.27396294049, 1.11798725359, 0.0, 1.0
0.105058585482, 0.862102621336, 2.59586785224, 0.437524134005, 50.7569568784, 1.63185453311, 0.455319232682, 2.41703415196, 1.03644747712, 89.514895188, 0.00141623048152
0.120434021682, 0.849706218149, 2.01033735643, 0.6807089701, 25.7312972495, 1.08202759254, 0.00910736571496, 2.27396294049, 1.02975071081, 66.2137956638, 0.00283378547218
0.112040273526, 0.916017819464, 2.51185174685, 0.580616202944, 2.97043703639, 1.09092994583, 0.371223359436, 1.24378437774, 14.4399525995, 56.5833855898, 0.0198718131053
0.112040273526, 0.918626146763, 2.0274428215, 0.417929396582, 2.97043703639, 1.17321834835, 0.106240762487, 2.27396294049, 12.3237142824, 78.5991662515, 0.00278813162614
0.541929892535, 0.865782758737, 2.01033735643, 0.6807089701, 35.5951676413, 10.7704712728, 0.455319232682, 4.88678193729, 1.31367115071, 43.6819623273, 0.264236593997
0.275579148653, 0.865782758737, 2.00311362782, 0.688175083178, 35.5951676413, 10.7704712728, 0.371223359436, 1.24378437774, 1.31367115071, 45.2137549596, 0.0545503057647
0.105360986964, 0.99303584183, 2.51185174685, 0.626571370361, 16.3241244962, 1.11032518654, 0.371223359436, 0.636925394663, 2.80560329354, 149.171792957, 0.00164229972533
0.275579148653, 0.865782758737, 2.01033735643, 0.6807089701, 35.5951676413, 1.101863954, 0.455319232682, 4.88678193729, 8.1204947765, 68.4009301043, 0.00989139857348
0.105360986964, 1.06537225136, 2.0274428215, 0.449488507841, 12.3004500383, 1.101863954, 0.371223359436, 1.22415147365, 2.80560329354, 74.5786983038, 0.00606938283283
0.105360986964, 0.82407057175, 2.51185174685, 0.410365820929, 16.3241244962, 1.11032518654, 0.371223359436, 0.636925394663, 9.84362176441, 60.9573494767, 0.0219354051565
0.277001712214, 1.05395820411, 2.00632441739, 0.654030571275, 4.80267402807, 1.101863954, 0.621828433059, 1.88386332381, 8.1204947765, 59.0166151471, 0.0235257959008
0.105058585482, 0.836988076159, 2.59586785224, 0.437524134005, 25.7312972495, 1.641690538, 0.267020230198, 2.41703415196, 1.11798725359, 93.5894302218, 0.00330032940917
0.102297186445, 0.871219590392, 2.59586785224, 0.40687637446, 60.3692931248, 1.03972803218, 0.950703686768, 2.27396294049, 1.11798725359, 126.601925221, 0.00304177228115
0.105360986964, 0.99303584183, 2.51185174685, 0.580616202944, 16.3241244962, 1.11032518654, 0.371223359436, 0.636925394663, 1.62947371139, 90.4830139845, 0.00563527490616
0.326997197987, 0.82854901424, 2.00632441739, 0.581302245773, 10.2302119646, 7.76910242094, 0.761025359731, 0.0339678563229, 2.11839506936, 50.5781034649, 0.151774550578
0.826031978097, 0.849706218149, 2.01033735643, 0.435668819479, 25.7312972495, 2.67158685534, 0.00910736571496, 4.88678193729, 1.11798725359, 58.6842771469, 0.0610761179542
0.275579148653, 0.865782758737, 2.01033735643, 0.561531618259, 50.4836129485, 1.54621498495, 0.621828433059, 4.88678193729, 1.31367115071, 57.3906632704, 0.0668034896928
0.37144844301, 0.849706218149, 2.01033735643, 0.435668819479, 25.7312972495, 2.67158685534, 0.00910736571496, 2.27396294049, 1.11798725359, 58.8880419981, 0.0549166084341
0.326997197987, 0.849706218149, 2.01033735643, 0.435668819479, 25.7312972495, 2.67158685534, 0.00910736571496, 3.09976095855, 1.11798725359, 50.73744795, 0.118424536153
0.540196084009, 0.82854901424, 2.25941897475, 0.581302245773, 35.5951676413, 29.3646888439, 0.256722997181, 0.0339678563229, 20.5911798493, 47.3613646575, 0.176748587679
0.318999324643, 0.82854901424, 2.10365188968, 0.677246059114, 41.5274798775, 16.6502626468, 0.153178653128, 1.8303821617, 4.01656051608, 54.3044069235, 0.117514878512
0.277001712214, 1.05395820411, 3.07522168679, 0.626571370361, 93.6232163267, 1.11032518654, 0.621828433059, 2.94658664762, 1.07426006583, 158.268114876, 0.00272394105238
0.105360986964, 1.19572792956, 2.51185174685, 0.654030571275, 16.3241244962, 1.11032518654, 0.455319232682, 0.636925394663, 2.80560329354, 233.947237489, 0.00182568090854
0.105360986964, 0.82407057175, 2.51185174685, 0.410365820929, 16.3241244962, 1.101863954, 0.371223359436, 0.636925394663, 9.84362176441, 78.9304972119, 0.0124421958577
0.241443458611, 0.918626146763, 2.0274428215, 0.417929396582, 50.7569568784, 1.17321834835, 0.106240762487, 2.27396294049, 12.3237142824, 80.5984708175, 0.0121340391693
0.275579148653, 0.865782758737, 2.01033735643, 0.6807089701, 35.5951676413, 1.101863954, 0.455319232682, 4.88678193729, 37.5419029323, 76.9999504525, 0.0206013088029
0.103170282023, 1.05395820411, 2.51185174685, 0.654030571275, 16.3241244962, 1.11032518654, 0.371223359436, 0.636925394663, 2.80560329354, 80.6437308584, 0.00994925996429
0.112040273526, 1.06405690549, 3.07522168679, 0.662259890671, 64.217610231, 1.09092994583, 0.371223359436, 2.27396294049, 14.4399525995, 67.0246155697, 0.0229152295186
0.275579148653, 0.865782758737, 2.01033735643, 0.561531618259, 35.5951676413, 1.54621498495, 0.621828433059, 4.88678193729, 1.31367115071, 74.3522763017, 0.0229134941602
0.275579148653, 0.865782758737, 2.01033735643, 0.6807089701, 35.5951676413, 10.7704712728, 0.455319232682, 4.88678193729, 1.31367115071, 61.8053296758, 0.0236301584777
0.102297186445, 0.99303584183, 2.14240860341, 0.626571370361, 4.80267402807, 1.11032518654, 0.371223359436, 3.19867749911, 2.80560329354, 101.544305066, 0.0046021411628
0.120434021682, 0.849706218149, 2.01033735643, 0.6807089701, 25.7312972495, 1.08202759254, 0.00910736571496, 2.27396294049, 1.02975071081, 139.690171682, 0.00379643138025
0.102297186445, 0.871219590392, 2.59586785224, 0.40687637446, 34.5884448144, 1.11032518654, 0.950703686768, 2.27396294049, 1.11798725359, 134.036880803, 0.00456652805235
0.112040273526, 0.94880231034, 2.51185174685, 0.580616202944, 2.97043703639, 1.09092994583, 0.371223359436, 1.24378437774, 14.4399525995, 153.855748484, 0.00359026743129
0.154743955879, 0.873317003817, 2.36600834632, 0.55713103743, 41.5274798775, 1.28130772233, 0.153178653128, 2.94658664762, 37.1178707667, 96.045537978, 0.00577191166799
0.112040273526, 1.19572792956, 2.0274428215, 0.580616202944, 2.97043703639, 1.17321834835, 0.371223359436, 1.24378437774, 14.4399525995, 91.0686312132, 0.0072274590498
0.722903490827, 0.862102621336, 2.01033735643, 0.435668819479, 10.4984994374, 2.67158685534, 0.455319232682, 4.88678193729, 2.11839506936, 57.5438267067, 0.146585925024
0.29136599477, 0.896474771069, 2.25941897475, 0.513060516926, 35.5951676413, 41.7256240649, 0.107379483154, 0.157375089566, 1.11798725359, 54.7022005533, 0.348125100133
0.722903490827, 0.84403302386, 2.01033735643, 0.435668819479, 25.7312972495, 2.67158685534, 0.00910736571496, 4.88678193729, 1.11798725359, 55.1034260605, 0.15145395983
0.126363652188, 0.99303584183, 2.51185174685, 0.580616202944, 33.0336590857, 1.11032518654, 0.3383357618, 3.09976095855, 43.4222435353, 209.369563254, 0.00346403231816
0.112040273526, 0.865782758737, 2.51185174685, 0.580616202944, 2.97043703639, 1.09092994583, 0.371223359436, 4.99007025533, 14.4399525995, 81.1674482886, 0.0155973390125
0.166271769284, 0.821209138373, 2.51185174685, 0.653085239651, 16.3241244962, 1.101863954, 0.371223359436, 0.636925394663, 9.84362176441, 84.9118878001, 0.0148207973878
0.37144844301, 0.849706218149, 2.01033735643, 0.417929396582, 25.7312972495, 1.08202759254, 0.00910736571496, 2.27396294049, 1.02975071081, 76.1589507437, 0.0229847585262
0.326997197987, 0.94880231034, 2.0274428215, 0.417929396582, 48.0725943327, 1.17321834835, 0.3383357618, 1.60482594062, 5.90205864234, 73.1969605865, 0.0332558279354
0.722903490827, 0.84315481934, 2.0274428215, 0.417929396582, 50.7569568784, 1.17321834835, 0.198586486515, 1.60482594062, 9.84362176441, 73.5122348788, 0.028771174904
0.326997197987, 0.94880231034, 2.0274428215, 0.417929396582, 48.0725943327, 1.17321834835, 0.3383357618, 1.60482594062, 5.90205864234, 70.806855751, 0.0339513417469
0.326997197987, 0.849706218149, 2.01033735643, 0.435668819479, 25.7312972495, 2.67158685534, 0.455319232682, 3.09976095855, 1.11798725359, 62.8521945579, 0.057644718235
0.277001712214, 0.848466542084, 2.00632441739, 0.654030571275, 4.80267402807, 1.101863954, 0.621828433059, 0.830643395415, 8.1204947765, 64.6186181735, 0.03917162785
0.24308763558, 1.05395820411, 2.02210220057, 0.654030571275, 16.3241244962, 1.11032518654, 0.371223359436, 0.573938790735, 2.80560329354, 65.5769822874, 0.036892519707
0.112040273526, 1.06405690549, 2.0274428215, 0.417929396582, 64.217610231, 1.09092994583, 0.371223359436, 2.27396294049, 14.4399525995, 102.514383633, 0.00573446980948
0.112040273526, 0.865782758737, 2.51185174685, 0.580616202944, 2.97043703639, 1.09092994583, 0.371223359436, 4.99007025533, 14.4399525995, 133.882016523, 0.00526836375684
0.105360986964, 0.873317003817, 2.51185174685, 0.580616202944, 16.3241244962, 1.11032518654, 0.371223359436, 2.94658664762, 1.62947371139, 132.637922729, 0.00552627871558
0.105360986964, 1.05395820411, 2.51185174685, 0.654030571275, 16.3241244962, 1.11032518654, 0.371223359436, 0.636925394663, 2.80560329354, 142.899132748, 0.00489027307807
0.126363652188, 0.99303584183, 2.51185174685, 0.55713103743, 33.0336590857, 1.09844112835, 0.3383357618, 1.15033449769, 41.8778905141, 204.986095672, 0.00464790363429
0.277001712214, 1.05395820411, 2.00632441739, 0.654030571275, 4.80267402807, 1.101863954, 0.621828433059, 0.830643395415, 1.31367115071, 93.3787115515, 0.00743546445149
0.275579148653, 0.865782758737, 2.0274428215, 0.6807089701, 50.7569568784, 1.101863954, 0.455319232682, 4.88678193729, 9.84362176441, 91.5711412308, 0.00748582918729
0.541929892535, 0.865782758737, 2.01033735643, 0.6807089701, 35.5951676413, 10.7704712728, 0.455319232682, 4.88678193729, 1.31367115071, 62.6683471686, 0.231539070529
0.892954768937, 0.918626146763, 2.00632441739, 0.559907412126, 43.9580940956, 13.7212326313, 0.106240762487, 4.94825611148, 14.4399525995, 55.4571541686, 0.483913953564
0.126363652188, 0.99303584183, 5.11561128909, 0.628239904019, 33.0336590857, 1.11032518654, 0.3383357618, 1.24378437774, 5.90205864234, 278.586033594, 0.00349101323882
0.326997197987, 0.94880231034, 2.0274428215, 0.417929396582, 50.7569568784, 1.17321834835, 0.621828433059, 2.27396294049, 9.84362176441, 83.8909169716, 0.0156272300676
0.219492395988, 0.94880231034, 2.0274428215, 0.417929396582, 50.7569568784, 1.17321834835, 0.621828433059, 2.27396294049, 25.7715622624, 83.7537071908, 0.0166859716383
0.112040273526, 0.94880231034, 2.51185174685, 0.580616202944, 2.97043703639, 1.09092994583, 0.371223359436, 1.24378437774, 14.4399525995, 88.7853977583, 0.0155174486122
0.277001712214, 1.05395820411, 3.07522168679, 0.654030571275, 64.217610231, 1.11032518654, 0.621828433059, 1.6108085113, 8.1204947765, 79.6538845448, 0.0251276710864
0.275579148653, 0.865782758737, 2.0274428215, 0.594128674247, 35.5951676413, 1.101863954, 0.455319232682, 4.88678193729, 8.1204947765, 79.6255197704, 0.0290824168871
0.326997197987, 0.848466542084, 2.00632441739, 0.654030571275, 4.80267402807, 1.101863954, 0.621828433059, 0.830643395415, 8.1204947765, 74.0696405595, 0.030739924875
0.540196084009, 0.82854901424, 2.25941897475, 0.581302245773, 35.5951676413, 7.76910242094, 0.256722997181, 0.0339678563229, 2.11839506936, 65.1116685111, 0.123496080048
0.275579148653, 0.865782758737, 2.0274428215, 0.594128674247, 35.5951676413, 1.101863954, 0.7798094595, 1.6108085113, 8.1204947765, 69.1408327558, 0.0488091086576
0.275579148653, 0.865782758737, 2.01033735643, 0.417929396582, 95.408333917, 10.7704712728, 0.455319232682, 4.88678193729, 1.31367115071, 72.2279255503, 0.0408142593161
0.105058585482, 0.862102621336, 2.59586785224, 0.437524134005, 50.7569568784, 2.04929971627, 0.455319232682, 2.41703415196, 1.03644747712, 104.530031559, 0.0062344715986
0.105360986964, 0.99303584183, 2.0274428215, 0.626571370361, 12.3004500383, 1.101863954, 0.371223359436, 1.22415147365, 2.80560329354, 105.5977475, 0.00599588117685
0.105360986964, 1.19572792956, 2.51185174685, 0.654030571275, 16.3241244962, 1.11032518654, 0.371223359436, 0.636925394663, 2.80560329354, 155.890837884, 0.00539136879183
0.102297186445, 0.94880231034, 2.59586785224, 0.417929396582, 60.3692931248, 1.17321834835, 1.30474155274, 2.94658664762, 8.1204947765, 208.42287846, 0.00524278776455
0.105360986964, 1.18734415199, 3.96823039925, 0.626571370361, 16.3241244962, 1.11032518654, 0.371223359436, 0.636925394663, 2.80560329354, 273.981925913, 0.00506512620051
0.105360986964, 0.821209138373, 2.51185174685, 0.580616202944, 16.3241244962, 1.11032518654, 0.371223359436, 0.636925394663, 1.62947371139, 97.7121600958, 0.0074473834028
0.105360986964, 0.99303584183, 2.0274428215, 0.449488507841, 16.3241244962, 1.11032518654, 0.371223359436, 1.22415147365, 2.80560329354, 95.220337281, 0.0117928094937
0.105360986964, 0.99303584183, 2.51185174685, 0.626571370361, 16.3241244962, 1.11032518654, 0.371223359436, 0.636925394663, 2.80560329354, 96.4275935706, 0.0084023987648
0.609626530666, 1.00514998749, 2.00632441739, 0.47412136345, 43.9580940956, 13.7212326313, 0.106240762487, 4.94825611148, 8.1204947765, 62.9977030551, 0.418559620531
0.159966420892, 0.849706218149, 2.01033735643, 0.581302245773, 25.7312972495, 2.67158685534, 0.00910736571496, 3.09976095855, 1.11798725359, 87.6596389882, 0.019949113111
0.277001712214, 1.05395820411, 2.2509967142, 0.449488507841, 8.14012611369, 1.101863954, 0.621828433059, 3.46405245492, 8.1204947765, 89.7160294567, 0.0188225090868
0.310553365083, 0.94880231034, 2.01033735643, 0.435668819479, 25.7312972495, 1.13119559637, 0.00910736571496, 2.27396294049, 1.11798725359, 91.4947261878, 0.0155632562037
0.275579148653, 0.865782758737, 2.01033735643, 0.6807089701, 8.09724373448, 1.101863954, 0.455319232682, 4.88678193729, 8.1204947765, 83.6614550746, 0.0277203914885
0.722903490827, 0.849706218149, 2.01033735643, 0.435668819479, 25.7312972495, 2.67158685534, 0.00910736571496, 4.88678193729, 1.11798725359, 77.7566672197, 0.0395924623471
0.892954768937, 1.00514998749, 2.00632441739, 0.47412136345, 43.9580940956, 13.7212326313, 0.106240762487, 4.94825611148, 1.31367115071, 65.722224508, 0.141838436792
0.275579148653, 0.865782758737, 2.01033735643, 0.688175083178, 35.5951676413, 10.7704712728, 0.621828433059, 4.88678193729, 1.31367115071, 68.5103117352, 0.123757960885
0.318999324643, 0.82854901424, 2.10365188968, 0.677246059114, 41.5274798775, 16.6502626468, 0.153178653128, 1.8303821617, 2.11839506936, 65.3636010318, 0.214374450199
0.722903490827, 0.862102621336, 2.01033735643, 0.435668819479, 25.7312972495, 1.15548256163, 0.455319232682, 4.88678193729, 1.11798725359, 70.7045167587, 0.0876142430005
0.722903490827, 0.862102621336, 2.01033735643, 0.435668819479, 10.4984994374, 1.82880398771, 0.00624202135622, 4.88678193729, 1.02608285911, 76.553819684, 0.0441036298133
0.105058585482, 0.862102621336, 2.59586785224, 0.437524134005, 25.7312972495, 2.04929971627, 0.298177485031, 2.41703415196, 1.11798725359, 104.752754783, 0.0073336099705
0.105058585482, 0.862102621336, 2.59586785224, 0.659270487974, 25.7312972495, 2.04929971627, 0.298177485031, 2.41703415196, 1.11798725359, 123.85860314, 0.00689232347872
0.105360986964, 1.05395820411, 2.51185174685, 0.626571370361, 16.3241244962, 1.11032518654, 0.0441552836009, 2.27396294049, 28.0722196072, 170.621979119, 0.00545120476764
0.154743955879, 0.873317003817, 2.36600834632, 0.580616202944, 22.7706359213, 1.28130772233, 0.621828433059, 2.94658664762, 37.1178707667, 159.422525623, 0.00590845435938
0.126363652188, 0.99303584183, 2.51185174685, 0.580616202944, 33.0336590857, 1.11032518654, 0.3383357618, 1.24378437774, 43.4222435353, 220.95629584, 0.00527008934953
0.149410370443, 0.94880231034, 2.0274428215, 0.410365820929, 50.7569568784, 1.17321834835, 0.198586486515, 2.27396294049, 9.84362176441, 103.378583017, 0.00809905955403
0.112040273526, 0.94880231034, 2.51185174685, 0.580616202944, 2.97043703639, 1.09092994583, 0.371223359436, 1.24378437774, 14.4399525995, 96.2620628327, 0.0147203140026
0.24308763558, 0.94880231034, 2.02210220057, 0.654030571275, 16.3241244962, 1.11032518654, 0.371223359436, 0.573938790735, 1.06673266243, 97.0225401973, 0.0102552506548
0.892954768937, 0.865782758737, 2.00632441739, 0.559907412126, 43.9580940956, 13.7212326313, 0.106240762487, 0.0538117898811, 9.84362176441, 65.5459684451, 0.551683523726
0.277001712214, 1.05395820411, 3.07522168679, 0.649860000294, 84.4217353963, 1.11032518654, 0.621828433059, 2.94658664762, 28.0722196072, 315.765477475, 0.00539562211108
