0.0, 3.0, -1.0, -1.0, -1.0, 2.0, 2.0, 2.0, 1.0, -1.0, 2.0, -1.0, 1.0, 0.0, 1.0, 2.0, 0.0, -1.0, 1.0, -1.0, -1.0, 2.0, 0.0, -1.0, -1.0, 1.0, -1.0, 0.0, 1.0, -1.0, 0.0, 3.0, 2.0, 1.0, 0.0, 2.0, 1.0, 1.0, 2.0, 0.0, 0.0, 0.0, 3.0, 2.0, -1.0, 1.0, 0.0, 0.0, -1.0, 3.0, 96437.0, 504.0
0.0, 3.0, -1.0, -1.0, -1.0, 2.0, 2.0, 2.0, 1.0, -1.0, 2.0, -1.0, 1.0, 0.0, 1.0, 2.0, 0.0, -1.0, 1.0, -1.0, -1.0, 2.0, 0.0, -1.0, -1.0, 1.0, -1.0, 0.0, 1.0, -1.0, 0.0, 3.0, 2.0, 1.0, 0.0, 2.0, 1.0, 1.0, 2.0, 0.0, 0.0, 0.0, 3.0, 2.0, -1.0, 1.0, 0.0, 0.0, -1.0, 3.0, 96437.0, 504.0
1.0, 0.0, -1.0, -1.0, 1.0, -1.0, 1.0, 2.0, 0.0, -1.0, -1.0, 3.0, 0.0, 0.0, 1.0, 3.0, 2.0, -1.0, 0.0, 1.0, 1.0, 0.0, 2.0, 1.0, 3.0, -1.0, 2.0, 3.0, 2.0, -1.0, 0.0, 1.0, 2.0, -1.0, -1.0, 0.0, 1.0, 2.0, 1.0, 0.0, -1.0, 2.0, 2.0, 0.0, -1.0, 0.0, 2.0, 2.0, 0.0, -1.0, 96240.0, 509.0
1.0, 0.0, -1.0, -1.0, 1.0, -1.0, 1.0, 2.0, 0.0, -1.0, -1.0, 2.0, 0.0, 0.0, 1.0, 3.0, 2.0, 2.0, 0.0, 1.0, 1.0, 0.0, 2.0, 1.0, 3.0, -1.0, 2.0, 3.0, 2.0, -1.0, 0.0, 1.0, 2.0, -1.0, -1.0, 0.0, 1.0, 2.0, 1.0, 0.0, -1.0, 2.0, 2.0, 0.0, -1.0, 0.0, 2.0, 2.0, 0.0, -1.0, 96144.0, 528.0
1.0, 0.0, -1.0, -1.0, 1.0, -1.0, 1.0, 2.0, 0.0, -1.0, -1.0, 2.0, 0.0, 0.0, 1.0, 3.0, 2.0, 2.0, 0.0, 1.0, 1.0, 0.0, 2.0, 1.0, 3.0, -1.0, 2.0, 3.0, 2.0, -1.0, 0.0, 1.0, 2.0, -1.0, -1.0, 0.0, 1.0, 2.0, 1.0, 0.0, -1.0, 2.0, 2.0, 0.0, -1.0, 0.0, 2.0, 2.0, 0.0, -1.0, 96144.0, 528.0
2.0, 1.0, 0.0, 0.0, 1.0, 0.0, 2.0, 0.0, 3.0, 1.0, -1.0, -1.0, 2.0, 0.0, 0.0, 2.0, 1.0, 3.0, -1.0, 0.0, 2.0, 2.0, 3.0, 0.0, 1.0, 2.0, -1.0, 0.0, 0.0, 1.0, 3.0, 0.0, 2.0, 2.0, -1.0, 1.0, 1.0, 1.0, 2.0, -1.0, -1.0, 2.0, 0.0, 1.0, 0.0, -1.0, 2.0, 0.0, 1.0, 2.0, 95885.0, 582.0
1.0, 0.0, 0.0, -1.0, 1.0, -1.0, 1.0, 2.0, 0.0, -1.0, -1.0, 2.0, 0.0, 0.0, 1.0, 3.0, 2.0, 2.0, 0.0, 1.0, 1.0, 0.0, 2.0, 1.0, 3.0, -1.0, 2.0, 3.0, 2.0, -1.0, 0.0, 1.0, 2.0, 3.0, 2.0, 0.0, 1.0, 2.0, 1.0, 0.0, -1.0, 2.0, 0.0, 0.0, -1.0, 0.0, 2.0, 2.0, 0.0, -1.0, 95899.0, 570.0
1.0, 0.0, 0.0, -1.0, 1.0, -1.0, 1.0, 2.0, 0.0, -1.0, -1.0, 2.0, 0.0, 0.0, 1.0, 3.0, 2.0, 2.0, 0.0, 1.0, 1.0, 0.0, 2.0, 1.0, 3.0, -1.0, 2.0, 3.0, 2.0, -1.0, 0.0, 1.0, 2.0, 3.0, 2.0, 0.0, 1.0, 2.0, 1.0, 0.0, -1.0, 2.0, 0.0, 0.0, -1.0, 0.0, 2.0, 2.0, 0.0, -1.0, 95899.0, 570.0
2.0, 1.0, 0.0, 0.0, 1.0, 0.0, 2.0, 0.0, 3.0, 1.0, -1.0, -1.0, 2.0, 0.0, 0.0, 2.0, 1.0, 3.0, -1.0, 0.0, 2.0, -1.0, 3.0, 0.0, 1.0, 2.0, -1.0, 0.0, 0.0, 1.0, 3.0, 0.0, 2.0, 2.0, 2.0, 1.0, 1.0, 1.0, 2.0, -1.0, -1.0, 2.0, 0.0, 1.0, 0.0, -1.0, 2.0, 0.0, 1.0, 2.0, 95872.0, 583.0
2.0, 1.0, 0.0, 0.0, 1.0, 0.0, 2.0, 0.0, 3.0, 1.0, -1.0, -1.0, 2.0, 0.0, 0.0, 2.0, 1.0, 3.0, -1.0, 0.0, 2.0, -1.0, 3.0, 0.0, 1.0, 2.0, -1.0, 0.0, 0.0, 1.0, 3.0, 0.0, 2.0, 2.0, 2.0, 1.0, 1.0, 1.0, 2.0, -1.0, -1.0, 2.0, 0.0, 1.0, 0.0, -1.0, 2.0, 0.0, 1.0, 2.0, 95872.0, 583.0
1.0, 0.0, 0.0, -1.0, 1.0, -1.0, 1.0, 2.0, 0.0, -1.0, -1.0, 2.0, 0.0, 0.0, 1.0, 3.0, 2.0, 2.0, 0.0, 1.0, 1.0, 0.0, 2.0, 1.0, 3.0, -1.0, 2.0, 3.0, 2.0, -1.0, 0.0, 1.0, 2.0, 3.0, 2.0, 0.0, 1.0, 2.0, 1.0, 0.0, -1.0, 2.0, 0.0, 0.0, -1.0, 0.0, 2.0, 2.0, 0.0, -1.0, 95899.0, 570.0
1.0, 0.0, -1.0, -1.0, 1.0, -1.0, 1.0, 2.0, 0.0, -1.0, -1.0, 2.0, 0.0, 0.0, 1.0, 3.0, 2.0, 2.0, 0.0, 1.0, 1.0, 0.0, 2.0, 1.0, 3.0, -1.0, 2.0, 3.0, 2.0, -1.0, 0.0, 1.0, 2.0, -1.0, -1.0, 0.0, 1.0, 2.0, 1.0, 0.0, -1.0, 2.0, 2.0, 0.0, -1.0, 0.0, 2.0, 2.0, 0.0, -1.0, 96144.0, 528.0
