-1.0, 1.0, -1.0, 2.0, 1.0, 1.0, 1.0, 0.0, 2.0, -1.0, 2.0, 3.0, 0.0, 1.0, 0.0, 3.0, 3.0, -1.0, 0.0, 1.0, 2.0, 2.0, 2.0, 2.0, 0.0, 3.0, -1.0, 1.0, 3.0, 3.0, 3.0, 1.0, -1.0, 1.0, 0.0, 0.0, 1.0, 2.0, 2.0, 3.0, 0.0, 0.0, 0.0, 1.0, -1.0, 3.0, 3.0, 2.0, -1.0, -1.0, 597.0, 99497.0
-1.0, 0.0, 2.0, 1.0, -1.0, -1.0, 1.0, 2.0, 1.0, 2.0, 1.0, -1.0, 2.0, 1.0, 0.0, 2.0, -1.0, 1.0, 3.0, 2.0, -1.0, 1.0, 3.0, -1.0, 2.0, 0.0, -1.0, 3.0, 3.0, 3.0, 2.0, 0.0, 1.0, 0.0, 3.0, 3.0, 0.0, 1.0, 0.0, -1.0, -1.0, 1.0, 2.0, 2.0, 0.0, 1.0, -1.0, -1.0, 0.0, -1.0, 532.0, 99546.0
3.0, -1.0, -1.0, 1.0, 0.0, 0.0, -1.0, 0.0, 2.0, 1.0, -1.0, -1.0, 2.0, 3.0, 0.0, 2.0, 2.0, 2.0, 1.0, 3.0, 2.0, 3.0, 3.0, 1.0, 1.0, 0.0, 1.0, 0.0, 0.0, 0.0, 2.0, -1.0, 1.0, 3.0, -1.0, 0.0, 1.0, -1.0, -1.0, -1.0, 0.0, -1.0, 2.0, 1.0, -1.0, -1.0, 0.0, -1.0, -1.0, -1.0, 495.0, 99590.0
-1.0, 0.0, 2.0, 1.0, -1.0, -1.0, 1.0, 2.0, 1.0, 2.0, 1.0, -1.0, 2.0, 1.0, 0.0, 2.0, -1.0, 1.0, 3.0, 2.0, -1.0, 1.0, 3.0, -1.0, 2.0, 0.0, -1.0, 3.0, 3.0, 3.0, 3.0, 0.0, 1.0, 0.0, 3.0, 3.0, 0.0, 1.0, 0.0, -1.0, -1.0, 1.0, 2.0, 2.0, 0.0, 1.0, -1.0, -1.0, 0.0, -1.0, 532.0, 99546.0
0.0, 3.0, 2.0, 1.0, -1.0, -1.0, 1.0, 3.0, 0.0, -1.0, 3.0, 1.0, 1.0, 0.0, 2.0, 1.0, 2.0, -1.0, 2.0, 1.0, 2.0, 3.0, 1.0, 3.0, 3.0, 1.0, -1.0, -1.0, 0.0, 0.0, 2.0, 3.0, 2.0, 0.0, 0.0, 0.0, 3.0, 1.0, -1.0, 2.0, 1.0, 2.0, 0.0, 1.0, 3.0, 2.0, 3.0, 2.0, -1.0, -1.0, 601.0, 99492.0
-1.0, 1.0, -1.0, 2.0, 1.0, 1.0, 1.0, 0.0, 2.0, -1.0, 2.0, 3.0, 0.0, 1.0, 0.0, 3.0, 3.0, -1.0, 0.0, 1.0, 2.0, 2.0, 2.0, 2.0, 0.0, 3.0, -1.0, 1.0, 3.0, 3.0, 3.0, 1.0, -1.0, 1.0, 0.0, 0.0, 1.0, 2.0, 2.0, 3.0, 0.0, 0.0, 0.0, 1.0, -1.0, 3.0, 3.0, 2.0, -1.0, -1.0, 597.0, 99497.0
-1.0, 0.0, 2.0, 1.0, -1.0, -1.0, 1.0, 2.0, 1.0, 2.0, 1.0, -1.0, 2.0, 1.0, 0.0, 2.0, -1.0, 1.0, 3.0, 2.0, -1.0, 1.0, 3.0, -1.0, 2.0, 0.0, -1.0, 3.0, 2.0, 3.0, 2.0, 0.0, 1.0, 0.0, 3.0, 3.0, 0.0, 1.0, 0.0, -1.0, -1.0, 1.0, 2.0, 2.0, 0.0, 1.0, -1.0, -1.0, 0.0, -1.0, 532.0, 99546.0
3.0, -1.0, -1.0, 1.0, 0.0, 0.0, -1.0, 0.0, 2.0, 1.0, -1.0, -1.0, 2.0, 3.0, 0.0, 2.0, 2.0, 2.0, 1.0, 3.0, 2.0, 3.0, 3.0, 1.0, 1.0, 0.0, 1.0, 0.0, 0.0, 0.0, 2.0, -1.0, 1.0, 3.0, -1.0, 0.0, 1.0, -1.0, -1.0, -1.0, 0.0, -1.0, 2.0, 1.0, -1.0, -1.0, 0.0, -1.0, -1.0, -1.0, 495.0, 99590.0
-1.0, 0.0, 2.0, 1.0, -1.0, -1.0, 1.0, 2.0, 1.0, 2.0, 1.0, -1.0, 2.0, 1.0, 0.0, 2.0, -1.0, 1.0, 3.0, 2.0, -1.0, 1.0, 3.0, -1.0, 2.0, 0.0, -1.0, 3.0, 3.0, 3.0, 3.0, 0.0, 1.0, 0.0, 3.0, 3.0, 0.0, 1.0, 0.0, -1.0, -1.0, 1.0, 2.0, 2.0, 0.0, 1.0, -1.0, -1.0, 0.0, -1.0, 532.0, 99546.0
-1.0, 1.0, 1.0, -1.0, 3.0, 1.0, 0.0, 0.0, 2.0, -1.0, 0.0, 1.0, -1.0, 2.0, 2.0, 2.0, 0.0, 2.0, -1.0, 2.0, 2.0, 0.0, 0.0, 3.0, -1.0, 2.0, 0.0, 1.0, 3.0, 0.0, 2.0, 3.0, 1.0, -1.0, -1.0, 1.0, 3.0, 1.0, -1.0, -1.0, 2.0, 0.0, -1.0, 0.0, 0.0, 1.0, 1.0, 3.0, 3.0, 1.0, 560.0, 99516.0
3.0, 2.0, -1.0, -1.0, 1.0, 0.0, -1.0, 1.0, 3.0, -1.0, -1.0, 0.0, 0.0, 1.0, 2.0, -1.0, 2.0, 0.0, 3.0, 3.0, 0.0, 2.0, -1.0, 0.0, -1.0, 3.0, 0.0, 1.0, 3.0, 1.0, -1.0, -1.0, 2.0, 3.0, 1.0, 3.0, 0.0, -1.0, 3.0, 1.0, 0.0, -1.0, 2.0, 0.0, -1.0, -1.0, 1.0, -1.0, 3.0, -1.0, 502.0, 99587.0
3.0, 2.0, 3.0, 1.0, 1.0, -1.0, 0.0, 3.0, -1.0, 2.0, -1.0, 1.0, 2.0, 0.0, 2.0, -1.0, 0.0, -1.0, 0.0, 2.0, 1.0, 1.0, 0.0, -1.0, 2.0, 3.0, -1.0, 3.0, 3.0, 0.0, 1.0, -1.0, -1.0, 0.0, 0.0, 0.0, 2.0, 1.0, 3.0, 2.0, 1.0, 2.0, 0.0, -1.0, -1.0, -1.0, 1.0, 2.0, -1.0, -1.0, 522.0, 99562.0
3.0, 3.0, 3.0, -1.0, -1.0, 2.0, 3.0, 3.0, -1.0, 0.0, 1.0, -1.0, 2.0, 0.0, 2.0, 2.0, 3.0, 1.0, -1.0, 3.0, 2.0, 0.0, 0.0, -1.0, 0.0, 1.0, 0.0, 2.0, -1.0, 0.0, 0.0, 2.0, 1.0, 0.0, 3.0, 1.0, -1.0, 2.0, 2.0, 0.0, 1.0, 2.0, -1.0, 2.0, -1.0, -1.0, 1.0, 3.0, -1.0, -1.0, 530.0, 99552.0
1.0, 1.0, -1.0, 1.0, -1.0, 2.0, 0.0, 0.0, 2.0, -1.0, 0.0, -1.0, 0.0, 3.0, 0.0, 3.0, 1.0, 3.0, 2.0, 2.0, 3.0, 1.0, 3.0, -1.0, -1.0, 2.0, -1.0, 0.0, 1.0, 3.0, 2.0, 3.0, 3.0, 0.0, 2.0, 0.0, -1.0, -1.0, -1.0, 2.0, 1.0, 1.0, 0.0, 1.0, 0.0, 3.0, 1.0, 0.0, 3.0, 2.0, 586.0, 99502.0
-1.0, 0.0, 2.0, 1.0, -1.0, -1.0, 1.0, 2.0, 1.0, 2.0, 1.0, -1.0, 2.0, 1.0, 0.0, 2.0, -1.0, 1.0, 3.0, 2.0, -1.0, 1.0, 3.0, -1.0, 2.0, 0.0, -1.0, 3.0, 3.0, 3.0, 2.0, 0.0, 1.0, 0.0, 3.0, 3.0, 0.0, 1.0, 0.0, -1.0, -1.0, 1.0, 2.0, 2.0, 0.0, 1.0, -1.0, -1.0, 0.0, -1.0, 532.0, 99546.0
3.0, -1.0, -1.0, 1.0, 0.0, 0.0, -1.0, 0.0, 2.0, 1.0, -1.0, -1.0, 2.0, 3.0, 0.0, 2.0, 2.0, 2.0, 1.0, 3.0, 2.0, 3.0, 3.0, 1.0, 1.0, 0.0, 1.0, 0.0, 0.0, 0.0, 2.0, -1.0, 1.0, 3.0, -1.0, 0.0, 1.0, -1.0, -1.0, -1.0, 0.0, -1.0, 2.0, 1.0, -1.0, -1.0, 0.0, -1.0, -1.0, -1.0, 495.0, 99590.0
-1.0, 0.0, 2.0, 1.0, -1.0, -1.0, 3.0, 2.0, 1.0, 2.0, 1.0, -1.0, 2.0, 1.0, 0.0, 2.0, -1.0, 1.0, 3.0, 2.0, -1.0, 1.0, 3.0, -1.0, 2.0, 0.0, -1.0, 3.0, 3.0, 3.0, 3.0, 0.0, 1.0, 0.0, 3.0, 3.0, 0.0, 1.0, 0.0, -1.0, -1.0, 1.0, 2.0, 2.0, 0.0, 1.0, -1.0, -1.0, 0.0, -1.0, 532.0, 99546.0
0.0, 3.0, 2.0, 1.0, -1.0, -1.0, 1.0, 3.0, 0.0, -1.0, 3.0, 1.0, 1.0, 0.0, 2.0, 1.0, 2.0, -1.0, 2.0, 1.0, 2.0, 3.0, 1.0, 3.0, 3.0, 1.0, -1.0, -1.0, 0.0, 0.0, 2.0, 3.0, 2.0, 0.0, 0.0, 0.0, 3.0, 1.0, -1.0, 2.0, 1.0, 2.0, 0.0, 1.0, 3.0, 2.0, 3.0, 2.0, -1.0, -1.0, 601.0, 99492.0
-1.0, 1.0, -1.0, 2.0, 1.0, 1.0, 1.0, 0.0, 2.0, -1.0, 2.0, 3.0, 0.0, 1.0, 0.0, 3.0, 3.0, -1.0, 0.0, 1.0, 2.0, 2.0, 2.0, 2.0, 0.0, 3.0, -1.0, 1.0, 3.0, 3.0, 3.0, 1.0, -1.0, 1.0, 0.0, 0.0, 1.0, 2.0, 2.0, 3.0, 0.0, 0.0, 0.0, 1.0, -1.0, 3.0, 3.0, 2.0, -1.0, -1.0, 597.0, 99497.0
-1.0, 0.0, 2.0, 1.0, -1.0, -1.0, 1.0, 2.0, 1.0, 2.0, 1.0, -1.0, 2.0, 1.0, 0.0, 2.0, -1.0, 1.0, 3.0, 2.0, -1.0, 0.0, 3.0, -1.0, 2.0, 0.0, -1.0, 3.0, 2.0, 1.0, 2.0, 0.0, 1.0, 0.0, 3.0, 3.0, 0.0, 1.0, 0.0, -1.0, -1.0, 1.0, 2.0, 2.0, 0.0, 1.0, -1.0, -1.0, 1.0, -1.0, 532.0, 99546.0
-1.0, -1.0, -1.0, 1.0, 0.0, -1.0, 0.0, 2.0, 3.0, 3.0, 2.0, 0.0, 0.0, -1.0, 1.0, 3.0, 1.0, 0.0, 1.0, 2.0, -1.0, 1.0, 0.0, 3.0, 3.0, 3.0, -1.0, 2.0, 3.0, 3.0, 2.0, 0.0, 2.0, 0.0, 2.0, 0.0, 1.0, 2.0, -1.0, 2.0, -1.0, 2.0, 3.0, 1.0, 1.0, 1.0, -1.0, 0.0, 0.0, -1.0, 568.0, 99514.0
3.0, -1.0, -1.0, -1.0, 0.0, 0.0, -1.0, 0.0, 2.0, 1.0, -1.0, -1.0, 2.0, 3.0, 0.0, 2.0, 2.0, 2.0, 1.0, 3.0, 2.0, 3.0, 3.0, 1.0, 1.0, 0.0, 1.0, 0.0, 0.0, 0.0, 2.0, -1.0, 1.0, 3.0, -1.0, 0.0, 1.0, -1.0, -1.0, -1.0, 0.0, -1.0, 2.0, 1.0, -1.0, -1.0, 0.0, -1.0, -1.0, -1.0, 480.0, 99599.0
-1.0, 0.0, 2.0, 1.0, -1.0, -1.0, 1.0, 2.0, 1.0, 2.0, 1.0, -1.0, 2.0, 1.0, 0.0, 2.0, -1.0, 1.0, 3.0, 2.0, -1.0, 1.0, 3.0, -1.0, 2.0, 0.0, -1.0, 3.0, 3.0, 3.0, 3.0, 0.0, 1.0, 0.0, 3.0, 3.0, 0.0, 1.0, 0.0, -1.0, -1.0, 1.0, 2.0, 2.0, 0.0, 1.0, -1.0, -1.0, 0.0, -1.0, 532.0, 99546.0
-1.0, -1.0, -1.0, 1.0, 0.0, -1.0, 0.0, 2.0, 3.0, 3.0, 2.0, 0.0, 0.0, -1.0, 1.0, 3.0, 1.0, 0.0, 1.0, 2.0, -1.0, 1.0, 0.0, 3.0, 3.0, 3.0, -1.0, 2.0, 2.0, 1.0, 2.0, 0.0, 2.0, 0.0, 2.0, 0.0, 1.0, 2.0, -1.0, 2.0, -1.0, 2.0, 3.0, 1.0, 1.0, 1.0, -1.0, 0.0, 0.0, -1.0, 568.0, 99514.0
-1.0, 1.0, 1.0, -1.0, 3.0, 1.0, 0.0, 0.0, 2.0, -1.0, 0.0, 2.0, -1.0, 2.0, 2.0, 2.0, 0.0, 2.0, -1.0, 2.0, 2.0, 0.0, 0.0, 3.0, -1.0, 2.0, 0.0, 1.0, 3.0, 0.0, 2.0, 3.0, 1.0, -1.0, -1.0, 1.0, 3.0, 1.0, -1.0, -1.0, 2.0, 0.0, -1.0, 0.0, 0.0, 1.0, 1.0, 3.0, 3.0, 1.0, 560.0, 99516.0
3.0, 2.0, -1.0, -1.0, 1.0, 0.0, -1.0, 1.0, 3.0, -1.0, -1.0, 0.0, 0.0, 1.0, 2.0, -1.0, 2.0, 0.0, 3.0, 3.0, 0.0, 2.0, -1.0, 1.0, -1.0, 3.0, 0.0, 1.0, 3.0, 1.0, -1.0, -1.0, 2.0, 3.0, 1.0, 3.0, 0.0, -1.0, 3.0, 1.0, 0.0, -1.0, 2.0, 0.0, -1.0, -1.0, 1.0, -1.0, 3.0, -1.0, 502.0, 99587.0
3.0, 2.0, 3.0, 1.0, 1.0, -1.0, 0.0, 3.0, -1.0, 2.0, -1.0, 1.0, 2.0, 0.0, 2.0, -1.0, 0.0, -1.0, 0.0, 2.0, 1.0, 1.0, 0.0, -1.0, 2.0, 3.0, -1.0, 3.0, 3.0, 0.0, 1.0, -1.0, -1.0, 0.0, 0.0, 0.0, 2.0, 1.0, 3.0, 2.0, 1.0, 2.0, 0.0, -1.0, -1.0, -1.0, 1.0, 2.0, -1.0, -1.0, 522.0, 99562.0
3.0, 3.0, 3.0, -1.0, -1.0, 2.0, 3.0, 3.0, -1.0, 0.0, 1.0, -1.0, 2.0, 0.0, 2.0, 2.0, 3.0, 1.0, -1.0, 3.0, 2.0, 0.0, 0.0, -1.0, 0.0, 1.0, 0.0, 2.0, -1.0, 0.0, 0.0, 2.0, 1.0, 0.0, 3.0, 1.0, -1.0, 2.0, 2.0, 0.0, 1.0, 2.0, -1.0, 2.0, -1.0, -1.0, 1.0, 3.0, -1.0, -1.0, 530.0, 99552.0
2.0, -1.0, 3.0, -1.0, -1.0, 0.0, -1.0, 1.0, 3.0, 0.0, 3.0, 0.0, 1.0, 2.0, 2.0, -1.0, 2.0, 2.0, -1.0, 1.0, 1.0, 0.0, -1.0, 1.0, 1.0, 0.0, 2.0, 3.0, -1.0, 0.0, -1.0, -1.0, 3.0, 2.0, 1.0, 2.0, -1.0, -1.0, 0.0, -1.0, -1.0, 0.0, 3.0, 0.0, 2.0, 2.0, 0.0, 1.0, 3.0, 1.0, 529.0, 99565.0
2.0, -1.0, 3.0, -1.0, -1.0, 0.0, -1.0, 1.0, 3.0, 0.0, 3.0, 0.0, 1.0, 2.0, 2.0, -1.0, 2.0, 2.0, -1.0, 1.0, 1.0, 0.0, -1.0, 1.0, 1.0, 0.0, 2.0, 3.0, -1.0, 0.0, -1.0, -1.0, 3.0, 2.0, 1.0, 2.0, -1.0, -1.0, 0.0, -1.0, -1.0, 0.0, 3.0, 0.0, 2.0, 2.0, 0.0, 1.0, 3.0, 1.0, 529.0, 99565.0
2.0, -1.0, 3.0, -1.0, -1.0, 0.0, -1.0, 1.0, 3.0, 0.0, 3.0, 0.0, 1.0, 2.0, 2.0, -1.0, 2.0, 2.0, -1.0, 1.0, 1.0, 0.0, -1.0, 1.0, 1.0, 0.0, 2.0, 3.0, -1.0, 0.0, -1.0, -1.0, 3.0, 2.0, 1.0, 2.0, -1.0, -1.0, 0.0, -1.0, -1.0, 0.0, 3.0, 0.0, 2.0, 2.0, 0.0, 1.0, 3.0, 1.0, 529.0, 99565.0
2.0, -1.0, 3.0, -1.0, -1.0, 0.0, -1.0, 1.0, 3.0, 0.0, 3.0, 0.0, 1.0, 2.0, 2.0, -1.0, 2.0, 2.0, -1.0, 1.0, 1.0, 0.0, -1.0, 1.0, 1.0, 0.0, 2.0, 3.0, -1.0, 0.0, -1.0, -1.0, 3.0, 2.0, 1.0, 2.0, -1.0, -1.0, 0.0, -1.0, -1.0, 0.0, 3.0, 0.0, 2.0, 2.0, 0.0, 1.0, 3.0, 1.0, 529.0, 99565.0
1.0, 1.0, 0.0, 1.0, 0.0, 2.0, -1.0, 1.0, -1.0, 3.0, 2.0, -1.0, -1.0, -1.0, -1.0, 3.0, 1.0, 1.0, 2.0, 0.0, 3.0, 3.0, 2.0, 2.0, 0.0, -1.0, -1.0, 2.0, 3.0, 1.0, 2.0, 2.0, 0.0, 0.0, 3.0, 1.0, -1.0, 0.0, -1.0, 2.0, 0.0, 1.0, -1.0, 2.0, -1.0, 3.0, 3.0, -1.0, 1.0, 0.0, 539.0, 99545.0
