-1.0, 1.0, -1.0, -1.0, 2.0, 0.0, -1.0, -1.0, 0.0, 0.0, -1.0, 1.0, 3.0, 2.0, 0.0, 1.0, 1.0, 2.0, 0.0, 1.0, 0.0, 2.0, -1.0, 1.0, -1.0, 0.0, 1.0, 3.0, -1.0, 0.0, -1.0, 0.0, -1.0, 2.0, -1.0, 1.0, 1.0, 2.0, 2.0, 0.0, 1.0, -1.0, 2.0, 0.0, 2.0, 2.0, 0.0, -1.0, 2.0, 2.0, 473.0, 99537.0
-1.0, -1.0, 1.0, -1.0, -1.0, 3.0, 0.0, 2.0, 2.0, -1.0, 3.0, 1.0, 3.0, 2.0, 0.0, 3.0, 2.0, 0.0, 3.0, 1.0, 0.0, -1.0, 3.0, 3.0, 0.0, 3.0, 0.0, 3.0, 2.0, 2.0, -1.0, 0.0, 1.0, 1.0, -1.0, -1.0, -1.0, 1.0, 2.0, -1.0, 1.0, -1.0, 1.0, 0.0, 3.0, 2.0, 1.0, 0.0, 1.0, 0.0, 504.0, 99508.0
-1.0, 0.0, -1.0, 3.0, 3.0, 3.0, 1.0, 2.0, 2.0, -1.0, 3.0, 1.0, 3.0, -1.0, -1.0, 2.0, -1.0, 2.0, 0.0, 1.0, 0.0, -1.0, 0.0, 1.0, 3.0, 1.0, 0.0, 2.0, -1.0, 2.0, -1.0, 2.0, 1.0, 0.0, 0.0, 3.0, 2.0, 0.0, 0.0, 2.0, 0.0, 1.0, 1.0, 3.0, 1.0, 3.0, 2.0, -1.0, 1.0, 1.0, 542.0, 99477.0
-1.0, -1.0, 1.0, 1.0, -1.0, 3.0, 0.0, 2.0, 2.0, -1.0, 3.0, 1.0, 3.0, 2.0, 0.0, 3.0, 2.0, 0.0, 3.0, 1.0, 0.0, -1.0, 3.0, 3.0, 0.0, 3.0, 0.0, 3.0, 2.0, 2.0, -1.0, 0.0, -1.0, 1.0, -1.0, 1.0, -1.0, 0.0, 2.0, -1.0, 1.0, -1.0, 1.0, 0.0, 3.0, 2.0, 1.0, 0.0, 2.0, 0.0, 524.0, 99495.0
-1.0, 0.0, -1.0, 3.0, 3.0, 3.0, 1.0, 2.0, 2.0, -1.0, 3.0, 1.0, 3.0, -1.0, -1.0, 2.0, -1.0, 2.0, 0.0, 1.0, 0.0, -1.0, 0.0, 1.0, 3.0, 1.0, 0.0, 2.0, -1.0, 2.0, -1.0, 2.0, 1.0, 0.0, 0.0, 3.0, 2.0, 1.0, 0.0, 2.0, 0.0, 1.0, 2.0, 3.0, 1.0, 3.0, 2.0, -1.0, 1.0, 0.0, 542.0, 99477.0
-1.0, 0.0, 1.0, 1.0, 1.0, 2.0, 0.0, 0.0, 2.0, -1.0, 2.0, 0.0, 2.0, 0.0, 3.0, -1.0, -1.0, 2.0, 3.0, 3.0, 3.0, 0.0, 3.0, 3.0, 2.0, 3.0, 0.0, 2.0, 2.0, 3.0, -1.0, 0.0, -1.0, 3.0, -1.0, 1.0, 2.0, 0.0, 0.0, 2.0, 1.0, 2.0, -1.0, 3.0, 1.0, 1.0, 1.0, 1.0, 3.0, 0.0, 567.0, 99460.0
-1.0, 0.0, 1.0, 3.0, 3.0, 3.0, 1.0, 2.0, 2.0, -1.0, 3.0, 1.0, 3.0, -1.0, -1.0, 2.0, -1.0, 2.0, 0.0, 3.0, 0.0, -1.0, 0.0, 3.0, 3.0, 1.0, 0.0, 2.0, -1.0, 0.0, -1.0, 2.0, 1.0, 0.0, 0.0, 3.0, 2.0, 1.0, 0.0, 2.0, 0.0, 1.0, 2.0, 0.0, 1.0, 3.0, 2.0, -1.0, 1.0, 1.0, 557.0, 99466.0
-1.0, -1.0, 1.0, -1.0, -1.0, 3.0, 0.0, 2.0, 2.0, -1.0, 3.0, 1.0, 3.0, 2.0, 0.0, 3.0, 2.0, 0.0, 3.0, 1.0, 0.0, -1.0, 3.0, 3.0, 0.0, 3.0, 0.0, 3.0, 2.0, 2.0, -1.0, 0.0, 1.0, 1.0, -1.0, -1.0, -1.0, 0.0, 2.0, -1.0, 1.0, -1.0, 1.0, 0.0, 3.0, 2.0, 1.0, 0.0, 2.0, 0.0, 504.0, 99508.0
-1.0, 0.0, -1.0, 3.0, 3.0, 3.0, 1.0, 2.0, 2.0, -1.0, 3.0, 1.0, 3.0, -1.0, -1.0, 2.0, -1.0, 2.0, 0.0, 3.0, 0.0, -1.0, 0.0, 1.0, 0.0, 1.0, 0.0, 2.0, -1.0, 0.0, -1.0, 2.0, 1.0, 0.0, -1.0, 3.0, 2.0, 0.0, 0.0, 2.0, 0.0, 1.0, 2.0, 3.0, 1.0, 3.0, 2.0, -1.0, 2.0, 1.0, 528.0, 99489.0
-1.0, -1.0, 1.0, 3.0, -1.0, 3.0, 0.0, 2.0, 2.0, 2.0, -1.0, 1.0, 3.0, 2.0, 0.0, 3.0, 2.0, 1.0, 3.0, 1.0, 0.0, -1.0, -1.0, 3.0, 0.0, 3.0, 0.0, 2.0, 1.0, 2.0, -1.0, 0.0, 1.0, 1.0, -1.0, 1.0, -1.0, 0.0, 2.0, -1.0, 1.0, -1.0, 1.0, 0.0, 3.0, 2.0, 1.0, 0.0, 2.0, 0.0, 529.0, 99484.0
-1.0, -1.0, 1.0, 3.0, -1.0, 3.0, 0.0, 2.0, 2.0, -1.0, 3.0, 1.0, 3.0, 2.0, 0.0, 3.0, 2.0, 0.0, 3.0, 1.0, 0.0, -1.0, 3.0, 1.0, 0.0, 3.0, 0.0, 3.0, 2.0, 2.0, -1.0, 0.0, 1.0, 1.0, -1.0, -1.0, -1.0, 0.0, 2.0, -1.0, 1.0, -1.0, 1.0, 0.0, 3.0, 2.0, 1.0, 0.0, 2.0, 0.0, 523.0, 99497.0
-1.0, 0.0, -1.0, 3.0, 3.0, 3.0, 1.0, 2.0, 2.0, -1.0, 3.0, 1.0, 3.0, -1.0, -1.0, 2.0, -1.0, 2.0, 0.0, 3.0, 0.0, -1.0, 0.0, 1.0, 0.0, 1.0, 0.0, 2.0, -1.0, 0.0, -1.0, 2.0, 1.0, 0.0, -1.0, 3.0, 2.0, 1.0, 0.0, 2.0, 0.0, 1.0, 2.0, 3.0, 1.0, 3.0, 2.0, -1.0, 1.0, 1.0, 528.0, 99489.0
-1.0, 0.0, -1.0, 3.0, 3.0, 3.0, 1.0, 2.0, 2.0, -1.0, 3.0, 1.0, 3.0, -1.0, -1.0, 2.0, -1.0, 2.0, 0.0, 3.0, 0.0, -1.0, 0.0, 1.0, 3.0, 1.0, 0.0, 2.0, 2.0, 0.0, -1.0, 2.0, 1.0, 0.0, 0.0, 3.0, 2.0, 1.0, 0.0, 2.0, 0.0, 1.0, 2.0, 3.0, 1.0, 3.0, 2.0, -1.0, 1.0, 1.0, 559.0, 99464.0
-1.0, -1.0, -1.0, 3.0, -1.0, 3.0, 0.0, 2.0, 2.0, -1.0, 3.0, 1.0, 3.0, 2.0, 0.0, 3.0, 2.0, 0.0, 3.0, 1.0, 0.0, -1.0, 3.0, 3.0, 0.0, 1.0, 0.0, 2.0, 2.0, 2.0, -1.0, 0.0, 1.0, 1.0, -1.0, -1.0, -1.0, 0.0, 2.0, -1.0, 1.0, -1.0, -1.0, 3.0, 3.0, 2.0, 1.0, 0.0, 2.0, 0.0, 494.0, 99520.0
-1.0, 0.0, -1.0, 3.0, 3.0, 3.0, 1.0, 2.0, 2.0, -1.0, 3.0, 1.0, 3.0, -1.0, -1.0, 2.0, -1.0, 2.0, 0.0, 3.0, 0.0, -1.0, 0.0, 1.0, 0.0, 1.0, 0.0, 2.0, -1.0, 0.0, -1.0, 2.0, 1.0, 0.0, -1.0, 3.0, 2.0, 1.0, 0.0, 2.0, 0.0, 1.0, 2.0, 3.0, 1.0, 3.0, 2.0, -1.0, 1.0, 1.0, 528.0, 99489.0
-1.0, 0.0, -1.0, 3.0, 3.0, 3.0, 1.0, 2.0, 2.0, -1.0, 3.0, 1.0, 3.0, -1.0, -1.0, 2.0, -1.0, 2.0, 0.0, 3.0, 0.0, -1.0, 0.0, 1.0, 0.0, 1.0, 0.0, 2.0, -1.0, 0.0, -1.0, 2.0, 1.0, 0.0, -1.0, 3.0, 2.0, 1.0, 0.0, 2.0, 0.0, 1.0, 2.0, 3.0, 1.0, 3.0, 2.0, -1.0, 1.0, 1.0, 528.0, 99489.0
-1.0, 0.0, -1.0, 3.0, 3.0, 3.0, 1.0, 2.0, 2.0, -1.0, 3.0, 1.0, 3.0, -1.0, -1.0, 2.0, -1.0, 2.0, 0.0, 3.0, 0.0, -1.0, 0.0, 1.0, 0.0, 1.0, 0.0, 2.0, -1.0, 0.0, -1.0, 2.0, 1.0, 0.0, -1.0, 3.0, 2.0, 1.0, 0.0, 2.0, 0.0, 1.0, 2.0, 3.0, 1.0, 3.0, 2.0, -1.0, 1.0, 1.0, 528.0, 99489.0
-1.0, 0.0, -1.0, 3.0, 3.0, 3.0, 1.0, 2.0, 2.0, -1.0, 3.0, 1.0, 3.0, -1.0, -1.0, 2.0, -1.0, 2.0, 0.0, 3.0, 0.0, -1.0, 0.0, 1.0, 0.0, 1.0, 0.0, 2.0, -1.0, 0.0, -1.0, 2.0, 1.0, 0.0, -1.0, 3.0, 2.0, 0.0, 0.0, 2.0, 0.0, 1.0, 2.0, 3.0, 1.0, 3.0, 2.0, -1.0, 2.0, 1.0, 528.0, 99489.0
-1.0, 0.0, -1.0, 3.0, 3.0, 3.0, 1.0, 2.0, 2.0, -1.0, 3.0, 1.0, 3.0, -1.0, -1.0, 2.0, -1.0, 2.0, 0.0, 3.0, 0.0, -1.0, 0.0, 1.0, 0.0, 1.0, 0.0, 2.0, -1.0, 0.0, -1.0, 2.0, 1.0, 0.0, -1.0, 3.0, 2.0, 1.0, 0.0, 2.0, 0.0, 1.0, 2.0, 3.0, 1.0, 3.0, 2.0, -1.0, 1.0, 1.0, 528.0, 99489.0
-1.0, 0.0, -1.0, 3.0, 3.0, 3.0, 1.0, 2.0, 2.0, -1.0, 3.0, 1.0, 3.0, -1.0, -1.0, 2.0, -1.0, 2.0, 0.0, 3.0, 0.0, -1.0, 0.0, 1.0, 0.0, 1.0, 0.0, 2.0, -1.0, 0.0, -1.0, 2.0, 1.0, 0.0, -1.0, 3.0, 2.0, 1.0, 0.0, 2.0, 0.0, 1.0, 2.0, 3.0, 1.0, 3.0, 2.0, -1.0, 1.0, 1.0, 528.0, 99489.0
-1.0, 0.0, -1.0, 3.0, 3.0, 3.0, 1.0, 2.0, 2.0, -1.0, 3.0, 1.0, 3.0, -1.0, -1.0, 2.0, -1.0, 2.0, 0.0, 3.0, 0.0, -1.0, 0.0, 1.0, 0.0, 1.0, 0.0, 2.0, -1.0, 0.0, -1.0, 2.0, 1.0, 0.0, -1.0, 3.0, 2.0, 1.0, 0.0, 2.0, 0.0, 1.0, 2.0, 3.0, 1.0, 3.0, 2.0, -1.0, 1.0, 1.0, 528.0, 99489.0
-1.0, 0.0, -1.0, 3.0, 3.0, 3.0, 1.0, 2.0, 2.0, -1.0, 3.0, 1.0, 3.0, -1.0, -1.0, 2.0, -1.0, 2.0, 0.0, 3.0, 0.0, -1.0, 0.0, 1.0, 0.0, 1.0, 0.0, 2.0, -1.0, 0.0, -1.0, 2.0, 1.0, 0.0, -1.0, 3.0, 2.0, 0.0, 0.0, 2.0, 0.0, 1.0, 2.0, 3.0, 1.0, 3.0, 2.0, -1.0, 2.0, 1.0, 528.0, 99489.0
-1.0, 0.0, -1.0, 3.0, 3.0, 3.0, 1.0, 2.0, 2.0, -1.0, 3.0, 1.0, 3.0, -1.0, -1.0, 2.0, -1.0, 2.0, 0.0, 3.0, 0.0, -1.0, 0.0, 1.0, 0.0, 1.0, 0.0, 2.0, -1.0, 0.0, -1.0, 2.0, 1.0, 0.0, -1.0, 3.0, 2.0, 1.0, 0.0, 2.0, 0.0, 1.0, 2.0, 3.0, 1.0, 3.0, 2.0, -1.0, 1.0, 1.0, 528.0, 99489.0
-1.0, 0.0, -1.0, 3.0, 3.0, 3.0, 1.0, 2.0, 2.0, -1.0, 3.0, 1.0, 3.0, -1.0, -1.0, 2.0, -1.0, 2.0, 0.0, 3.0, 0.0, -1.0, 0.0, 1.0, 0.0, 1.0, 0.0, 2.0, -1.0, 0.0, -1.0, 2.0, 1.0, 0.0, -1.0, 3.0, 2.0, 1.0, 0.0, 2.0, 0.0, 1.0, 2.0, 3.0, 1.0, 3.0, 2.0, -1.0, 1.0, 1.0, 528.0, 99489.0
-1.0, 0.0, -1.0, 3.0, 3.0, 3.0, 1.0, 2.0, 2.0, -1.0, 3.0, 1.0, 3.0, -1.0, -1.0, 2.0, -1.0, 2.0, 0.0, 3.0, 0.0, -1.0, 0.0, 1.0, 0.0, 1.0, 0.0, 2.0, -1.0, 0.0, -1.0, 2.0, 1.0, 0.0, -1.0, 3.0, 2.0, 1.0, 0.0, 2.0, 0.0, 1.0, 2.0, 3.0, 1.0, 3.0, 2.0, -1.0, 1.0, 1.0, 528.0, 99489.0
-1.0, 0.0, -1.0, 3.0, 3.0, 3.0, 1.0, 2.0, 2.0, -1.0, 3.0, 1.0, 3.0, -1.0, -1.0, 2.0, -1.0, 2.0, 0.0, 3.0, 0.0, -1.0, 0.0, 1.0, 0.0, 1.0, 0.0, 2.0, -1.0, 0.0, -1.0, 2.0, 1.0, 0.0, -1.0, 3.0, 2.0, 0.0, 0.0, 2.0, 0.0, 1.0, 2.0, 3.0, 1.0, 3.0, 2.0, -1.0, 2.0, 1.0, 528.0, 99489.0
-1.0, 0.0, -1.0, 3.0, 3.0, 3.0, 1.0, 2.0, 2.0, -1.0, 3.0, 1.0, 3.0, -1.0, -1.0, 2.0, -1.0, 2.0, 0.0, 3.0, 0.0, -1.0, 0.0, 1.0, 0.0, 1.0, 0.0, 2.0, -1.0, 0.0, -1.0, 2.0, 1.0, 0.0, -1.0, 3.0, 2.0, 1.0, 0.0, 2.0, 0.0, 1.0, 2.0, 3.0, 1.0, 3.0, 2.0, -1.0, 1.0, 1.0, 528.0, 99489.0
-1.0, 0.0, -1.0, 3.0, 3.0, 3.0, 1.0, 2.0, 2.0, -1.0, 3.0, 1.0, 3.0, -1.0, -1.0, 2.0, -1.0, 2.0, 0.0, 3.0, 0.0, -1.0, 0.0, 1.0, 0.0, 1.0, 0.0, 2.0, -1.0, 0.0, -1.0, 2.0, 1.0, 0.0, -1.0, 3.0, 2.0, 1.0, 0.0, 2.0, 0.0, 1.0, 2.0, 3.0, 1.0, 3.0, 2.0, -1.0, 1.0, 1.0, 528.0, 99489.0
