0.188472509035, 0.899481336805, 4.95396665986, 0.916588335991, 82.058117179, 4.72723635605, 1.1560635925, 1.07144526348, 18.2514143262, 386.471817688, 0.0919993477632
0.174939480386, 0.885660173819, 3.38006717822, 0.934431007222, 81.0453506969, 2.19380782067, 1.05756846784, 1.07179075716, 16.3085256959, 293.963989652, 0.0356109650913
0.168633673793, 0.893795471527, 5.29191446854, 0.906825292069, 84.5586333609, 4.67880117871, 1.53773662927, 1.04571693132, 17.5328436849, 431.776080864, 0.0835195468564
0.193729926941, 0.838794597686, 2.30094080113, 0.90082796399, 81.3717406593, 3.89457631615, 1.37763959125, 2.42832632853, 14.6685930442, 181.181970227, 0.0681287265607
0.189780468416, 0.905547584017, 4.96666415996, 0.93361616166, 84.0385660971, 2.48190014269, 0.658451555156, 2.37882859104, 14.6055837716, 287.418928049, 0.0352451887656
0.181398194803, 0.936663242405, 4.33017249743, 0.925098972896, 82.3909159013, 4.3273873107, 1.27858020069, 2.05497993809, 15.7009049956, 331.681554237, 0.0270754629598
0.184709650175, 0.995940655896, 5.77103115978, 0.948551293176, 81.8082361109, 4.74789831942, 1.52081891544, 1.53011761304, 15.5300610475, 581.359684844, 0.0800659823325
0.171478204676, 0.822144505196, 4.94872208747, 0.9490551833, 83.955284181, 3.32619062929, 1.93156458849, 2.11600536723, 15.4785595737, 332.198011697, 0.0600080572593
0.178636195772, 0.942604061551, 5.48501766553, 0.914611432804, 86.6063174931, 4.87130190566, 1.92076249116, 1.31024840356, 17.6967511641, 432.946957651, 0.0525207283526
0.168366007121, 1.03281280708, 4.1532832965, 0.945665515781, 85.7385336896, 2.2015120281, 1.54131573188, 1.35749202821, 18.386642209, 409.977426924, 0.031554797477
0.17570256811, 1.07025345857, 2.20758113174, 0.907678890091, 82.8515693179, 1.5652337414, 0.965279506602, 1.09593786459, 16.3751656447, 95.087070124, 0.0333959756363
0.172491558425, 0.912117658909, 3.06457743573, 0.914311934477, 88.6662583853, 3.81644006596, 0.933794747101, 1.60441050482, 13.8285490374, 161.487794184, 0.0582659917478
0.189748670147, 0.96547373111, 4.67496544766, 0.872755324595, 89.4087393445, 3.69691836738, 1.2271083316, 1.3938198853, 17.4978619176, 474.580446143, 0.0309587386546
0.165558846425, 0.867230892252, 4.2589481066, 0.896358744113, 84.6423629311, 1.41307419606, 1.69032952145, 2.69812643223, 16.0699101166, 316.905623915, 0.0316505773793
0.185961581751, 0.985196438171, 4.42989177736, 0.887399337482, 89.6846922779, 5.24402063034, 1.16025134737, 1.28012419776, 14.9141327559, 413.218207913, 0.0556342688988
0.17226097556, 0.994766162361, 3.31282887175, 0.871613826923, 87.2951033635, 1.5696384642, 0.664371165181, 1.74385128251, 14.5143387884, 241.152253332, 0.0189685089842
0.179670555613, 1.05800194198, 3.65328256682, 0.927031100179, 87.9102250428, 1.76756797318, 0.89262158837, 1.79086754172, 15.7833874017, 302.658884116, 0.0448990482955
0.18313630113, 0.965711179952, 2.9441187599, 0.91738298687, 82.0007689709, 3.10667236935, 1.53441796415, 1.81837423595, 13.2809140744, 238.475045377, 0.0442115138616
0.182635910879, 1.11912224545, 6.84752916458, 0.917741965462, 82.1345986909, 2.49245093749, 1.42747586776, 4.29217016006, 15.7874169298, 841.967898292, 0.0598495418293
0.143836656867, 0.997134672028, 3.8099775904, 0.907058330505, 84.7339276551, 1.1802018054, 1.85945228932, 2.71965533082, 16.8029779012, 334.301735105, 0.0224872071004
0.135082963018, 0.856133716468, 3.06332114916, 0.88182187234, 82.7178641086, 1.90520992692, 1.38309024685, 1.69451641354, 11.2826734965, 249.483548501, 0.0152755696062
0.198093849394, 1.14655447763, 4.26363508776, 0.944579109081, 88.3929042818, 2.6293905752, 0.718346980763, 2.14840940811, 15.1643151627, 370.283829802, 0.0701024404151
0.161874373941, 1.06675558322, 6.65386538346, 0.880784011152, 80.174385067, 1.20901472763, 1.99506588907, 3.57415789683, 17.261688476, 659.792796768, 0.0109653778272
0.171749091633, 1.04297499424, 3.99998038137, 0.866290869527, 92.4285512343, 1.0797273886, 0.996064125554, 1.27106692965, 18.1357211059, 303.999421022, 0.0149430029325
0.197252001079, 0.901973240427, 4.31576649632, 0.870872732375, 81.3345995824, 3.91669629638, 1.58739896063, 0.479281996737, 11.7797803898, 360.275639832, 0.0565149672699
0.173440338495, 0.878996815703, 5.03299967302, 0.949997342571, 86.145241995, 3.64801032261, 1.89372868571, 4.17094009107, 12.1456122885, 364.914027507, 0.0119266285407
0.176003927674, 1.03488544697, 6.97028973447, 0.925895750356, 82.8461288965, 1.12000125656, 1.68619340418, 3.34612388076, 15.3613088437, 482.588319555, 0.00804310911387
0.162987026887, 1.00386325696, 2.2590735259, 0.940941783516, 89.5766405583, 1.08587842085, 1.7801201802, 3.17872659949, 16.8370964116, 227.089429337, 0.0192926482689
0.168291137613, 0.908719480841, 3.02294741479, 0.774611093962, 81.8793311397, 1.13586893698, 1.44820711476, 2.4348668145, 13.6960611943, 291.688019483, 0.0148816807328
0.190876887636, 0.99058317702, 3.7621354158, 0.923586908476, 90.6318589003, 6.01976527802, 1.42310301734, 1.86111912678, 13.0199035197, 408.604355645, 0.0703229549063
0.177906000401, 0.92795009436, 5.22488521627, 0.877009510788, 85.5306635861, 4.08802364982, 1.90008905145, 1.66201034299, 13.9243862017, 368.890190516, 0.0463831309727
0.196518389958, 0.977037274054, 4.48905294349, 0.911386037992, 93.7966515507, 1.57743191252, 0.913344673708, 1.97953517854, 14.9963333673, 242.111074064, 0.0311619158659
0.183210460969, 1.13361195297, 4.50719730925, 0.908914115482, 92.2034872643, 3.05403136788, 1.26146343742, 1.45777787104, 17.042080078, 487.386838961, 0.0443196865038
0.176306841169, 0.937753703595, 4.86488405561, 0.903618836548, 86.138510322, 2.50488128245, 1.38397922544, 4.09641810401, 11.3878023631, 380.881183042, 0.0600573655735
0.197804900438, 0.951045092423, 3.64269024084, 0.89011663214, 83.3016791406, 4.55579052529, 1.50911160258, 0.689855879178, 10.6326543312, 250.545635264, 0.0382914093964
0.156098388448, 1.05223714338, 4.39045261323, 0.875726397256, 84.5156077302, 4.58437281372, 1.78801284639, 4.39865654646, 12.5333860989, 378.851914466, 0.0689601626019
0.196532366779, 1.0450673167, 4.65774343095, 0.897393127681, 90.6835239568, 5.65039919614, 1.13267412415, 1.04005368933, 12.2798246577, 450.157258978, 0.0758644822965
0.150648910572, 0.974465599145, 3.13132167002, 0.933706497553, 89.2180193226, 1.29031032236, 1.77169124096, 3.32390059493, 14.0914901367, 243.248640138, 0.00729707370003
0.179587277993, 0.982390534869, 5.39845690913, 0.92558795067, 90.3807633654, 6.64930467123, 1.48970159433, 1.10129112687, 10.9066163771, 482.425426529, 0.100188491213
0.180812724712, 0.903307247809, 2.70885695961, 0.940609010377, 90.0186839936, 1.38645859828, 1.65287037937, 2.8907328604, 12.7087674144, 185.735796465, 0.0162323427908
0.180229477625, 0.867010064279, 2.25586216397, 0.844248445438, 83.4513131179, 2.62453729271, 1.94432436316, 1.62043585494, 11.555608296, 160.289114445, 0.0330805226734
0.13245364329, 0.87093820332, 4.52920114508, 0.871630430931, 85.8657584061, 1.08163966937, 1.54424662438, 2.86061744728, 10.7306719569, 324.848203801, 0.0054754949931
0.181572830983, 0.975489148149, 5.64757193497, 0.927788424384, 87.115514196, 5.02903103945, 1.73704677432, 4.70006710053, 10.1187842893, 569.327370534, 0.0393100126268
0.191508974834, 1.13598297703, 6.90550062296, 0.934174832623, 89.1359748132, 3.3988173069, 1.38517980048, 2.5676995655, 14.2244553629, 849.182824632, 0.0661794900132
0.182065159144, 1.09414140766, 2.39286217594, 0.855774442709, 85.3209436103, 3.31280848594, 1.45937500035, 1.08709639001, 13.1140659624, 225.430021258, 0.0699587421697
0.197437633404, 1.25001790414, 4.41488033155, 0.91551032006, 95.4264584013, 2.05636852548, 0.842560582047, 2.58735919058, 17.3809093504, 347.593886933, 0.00991229259038
0.156915028632, 1.03372801838, 7.0675603581, 0.937291730131, 93.3758176341, 1.05914387345, 1.76787829103, 0.90143478361, 16.5774242443, 650.973947385, 0.0126123291483
0.164910257584, 1.05447753889, 3.35501130224, 0.933907370284, 86.6008191478, 3.07419038659, 1.76645865011, 3.79997616451, 11.5047388256, 263.760283558, 0.0261051213355
0.197787279737, 0.947577623039, 2.50897535561, 0.907455899357, 88.709708189, 1.91292354711, 1.58514623778, 2.13140490681, 11.4196078771, 168.798052823, 0.0412064655297
0.170345558916, 0.873646008347, 5.16003204735, 0.864866980027, 91.7334681766, 1.85342833378, 1.46025726344, 2.40540761059, 11.3966531719, 362.228120381, 0.027188512623
0.178123616687, 1.17929049768, 6.76719996364, 0.939846051184, 84.8768132003, 4.42027345622, 1.85048773303, 3.78616689054, 12.2730217914, 778.571588087, 0.0722813797953
0.178211097516, 1.0937986783, 5.96030019145, 0.87120622104, 85.1999758319, 4.30418560289, 1.97261804371, 4.03511219186, 12.3699520289, 643.556667618, 0.0847152774837
0.183078202768, 1.08552305381, 6.25190483795, 0.939231452779, 97.1893505551, 1.69006269519, 1.25859754792, 0.519587380673, 15.1673306126, 611.812359998, 0.0335395546611
0.156588229634, 1.18770161247, 2.23715134181, 0.949884034824, 84.9677109146, 1.71870302611, 1.75474982117, 2.35063529492, 11.3142001096, 242.599558782, 0.0208404973252
0.194951581002, 1.09329758336, 4.77098402982, 0.823671903533, 84.0699768864, 1.21868355392, 1.7059241929, 2.45069164719, 11.591708783, 548.412203462, 0.0041003614898
0.178937657375, 1.2338689787, 6.09492682662, 0.944088547835, 93.6165010752, 4.88553338151, 1.92675322905, 2.78610158826, 13.9059569772, 880.986718616, 0.0740950637274
0.171302419336, 1.24474006631, 4.55883879611, 0.929505471726, 99.3714812414, 1.18583936758, 1.55293680063, 2.09285783147, 17.6017863027, 875.656677044, 0.0266429627097
0.191892518393, 1.08793181135, 5.38316234903, 0.853225358442, 99.4807168275, 3.81576631413, 1.48817435051, 1.35138696604, 14.3598994269, 700.652295419, 0.0396002886977
0.198012816133, 1.02470361324, 3.81632689316, 0.89054219495, 85.6196334056, 1.12932866247, 1.88574737427, 0.426414799329, 10.5938735302, 335.456261592, 0.0154281109488
0.181212174449, 1.1902505085, 3.99561290687, 0.917917108576, 91.1797211763, 1.6992493289, 1.450673348, 0.967488419738, 11.7921818826, 358.700569867, 0.0318147836862
0.169833504229, 1.09154899765, 5.8513127143, 0.945317265547, 99.1081818013, 1.35773940593, 1.66810611361, 2.67037600526, 13.3520257874, 548.856112841, 0.0232710954206
0.192975369046, 1.11782166518, 4.5333309598, 0.853408939381, 90.5918325035, 3.40472304134, 1.95427780341, 1.68960468281, 11.9562239414, 350.077662652, 0.0388109503289
0.190331188926, 0.928621063092, 6.18221334422, 0.878069905624, 97.1348389693, 3.4691954831, 1.77535605801, 0.119467921053, 10.4580245858, 446.363708993, 0.124792802421
0.183852887259, 1.22130136353, 5.39145053649, 0.909645714329, 96.0024263386, 7.15823082638, 1.9656349947, 2.46725411752, 10.2177458176, 568.548878435, 0.0269404920708
0.178202649175, 1.21431471621, 6.90105011273, 0.915767536972, 99.3533962323, 6.04073844072, 1.77663342823, 2.36936172662, 11.3721071215, 1041.68575657, 0.0883139851536
0.162974775531, 1.13656438531, 7.18921008617, 0.922734863746, 96.9294241758, 1.78792862411, 1.7249805947, 2.14918188205, 11.0812531621, 808.358330987, 0.0384388542176
0.195770432117, 1.08625816293, 3.75363141219, 0.921858182798, 94.7624789307, 1.54335338635, 1.93304696278, 1.21325092093, 10.5016889431, 419.079506659, 0.0135498410056
0.194548381583, 1.24588107652, 5.30648238164, 0.861211058133, 97.6278999465, 1.92053805, 1.92962708557, 0.532026818153, 11.0840371062, 725.25469207, 0.0474467403514
