1,-1,-1,-1,2,-1,2,2,-1,3,-1,0,1,-1,2,1,-1,0,1,-1,1,2,2,-1,2,1,2,-1,2,0,0,2,0,0,0,3,0,-1,0,1,-1,0,0,1,2,3,1,1,-1,1,96980,514
0,0,3,0,0,1,-1,2,3,-1,3,-1,1,1,2,2,3,2,-1,-1,1,2,0,2,0,-1,-1,3,2,2,2,1,3,1,0,2,1,0,-1,1,1,2,3,2,1,0,3,0,3,0,96497,592
-1,-1,0,0,2,3,2,2,3,0,-1,2,3,1,1,3,-1,3,1,2,2,0,1,3,0,0,-1,-1,1,-1,-1,2,-1,-1,2,-1,3,1,2,0,0,3,0,2,1,0,-1,1,2,1,96839,538
1,0,-1,3,2,-1,2,3,3,0,0,1,0,3,2,1,-1,1,2,3,3,3,2,1,1,0,0,1,2,1,3,2,1,-1,2,2,-1,-1,-1,1,-1,-1,0,2,3,-1,0,-1,1,-1,97271,557
3,3,0,-1,2,-1,-1,1,-1,0,-1,2,3,3,0,1,2,1,1,1,2,2,3,0,-1,1,-1,1,-1,-1,-1,2,2,1,0,2,0,0,0,0,1,1,2,0,3,1,2,2,-1,0,96581,555
1,-1,2,0,1,-1,-1,3,2,0,1,2,0,-1,3,-1,2,1,2,3,-1,1,-1,2,2,3,3,3,2,0,0,3,3,1,1,3,0,1,0,0,0,1,1,2,2,3,2,-1,0,1,96682,602
0,3,0,3,0,-1,-1,0,3,0,3,3,2,2,-1,-1,3,-1,2,1,2,2,1,-1,0,0,3,1,2,1,1,0,2,2,1,3,2,-1,1,3,3,-1,0,-1,3,1,1,1,1,0,96895,600
1,0,-1,-1,-1,-1,-1,-1,1,2,0,2,1,0,0,2,3,1,3,1,-1,2,3,-1,3,1,3,-1,0,0,3,3,0,1,1,2,1,2,2,-1,2,-1,3,3,-1,2,0,2,2,0,97197,565
0,0,1,-1,2,1,0,2,1,3,-1,0,0,-1,3,0,3,-1,-1,-1,0,1,2,3,3,1,2,2,0,2,2,2,2,-1,1,1,0,3,1,-1,1,2,3,3,2,1,3,1,2,1,96749,598
-1,1,-1,-1,0,0,-1,-1,3,1,1,3,2,0,1,-1,0,2,2,2,1,3,3,3,-1,-1,-1,2,-1,0,3,2,2,-1,0,3,2,-1,1,2,1,3,1,0,3,0,1,0,0,2,97041,537
2,0,-1,1,0,0,-1,2,0,1,-1,-1,1,3,2,-1,1,0,-1,2,-1,0,1,-1,-1,1,-1,3,3,-1,-1,0,2,2,-1,-1,2,0,2,0,3,0,-1,3,1,-1,1,-1,-1,0,97362,456
0,0,0,-1,1,1,-1,1,3,-1,3,2,1,1,2,0,1,3,-1,3,0,2,2,0,-1,0,-1,-1,2,-1,-1,3,2,2,-1,-1,2,0,2,1,2,0,-1,-1,1,-1,2,1,1,0,96951,514
-1,-1,0,3,0,-1,2,1,2,0,1,1,0,2,1,1,-1,-1,2,3,2,0,-1,3,-1,2,0,3,1,3,2,1,1,0,3,2,0,0,1,2,2,1,2,1,3,-1,-1,-1,3,0,96748,571
3,-1,2,2,-1,-1,2,0,1,0,0,2,2,-1,0,3,-1,3,1,2,0,3,2,1,-1,0,0,1,1,0,2,3,1,-1,-1,1,1,1,0,3,2,0,1,3,3,-1,-1,1,3,3,96902,570
-1,1,0,0,-1,0,1,2,2,-1,1,3,0,2,0,-1,0,3,2,0,2,-1,2,-1,2,1,-1,3,1,1,0,1,3,0,2,3,1,-1,0,-1,2,3,-1,3,3,1,-1,2,-1,0,96935,534
-1,1,-1,-1,0,3,-1,0,0,2,0,3,1,-1,-1,-1,3,0,1,1,2,1,2,0,-1,0,-1,2,0,-1,1,-1,2,3,1,2,3,0,-1,3,1,3,2,2,2,0,1,3,2,1,97011,524
1,0,2,3,3,-1,2,2,-1,2,-1,0,-1,2,0,-1,2,1,3,3,0,1,0,1,-1,3,1,1,2,-1,2,1,3,1,-1,1,1,1,0,2,2,3,0,0,3,3,0,0,-1,1,96613,587
-1,1,-1,0,2,2,1,3,3,0,-1,3,1,-1,2,-1,1,2,0,0,2,-1,1,2,2,-1,0,3,-1,2,3,3,0,3,1,2,3,2,3,2,-1,2,3,0,-1,0,3,3,0,0,97040,562
1,0,2,2,3,1,-1,3,2,-1,-1,2,3,3,1,0,3,1,2,-1,1,-1,0,-1,2,1,3,0,-1,1,2,0,2,1,0,2,0,1,0,3,3,1,3,2,-1,3,3,0,0,-1,96844,591
0,1,3,1,2,-1,1,1,3,3,-1,0,3,1,3,-1,-1,-1,0,-1,-1,0,2,0,2,2,0,2,2,-1,1,-1,2,0,3,3,0,1,2,1,0,-1,1,2,0,2,2,3,-1,2,96841,558
1,-1,3,2,1,1,0,2,-1,0,0,3,-1,0,2,3,3,3,-1,-1,3,0,-1,2,1,1,1,0,-1,0,3,2,2,1,1,0,3,2,3,2,-1,2,0,1,0,3,1,2,2,-1,96872,602
2,0,2,-1,1,2,0,3,0,2,1,1,3,3,0,3,-1,1,-1,0,1,-1,1,-1,-1,1,1,0,3,-1,2,0,1,1,-1,2,2,-1,3,2,3,-1,0,1,0,2,3,2,3,3,97022,565
2,0,1,-1,0,1,1,-1,3,-1,-1,1,1,2,2,3,0,0,0,2,-1,2,0,-1,0,2,0,1,2,3,-1,3,1,2,-1,1,0,0,2,3,1,3,3,1,2,3,-1,-1,3,1,96783,576
3,2,2,-1,2,-1,-1,0,-1,-1,0,-1,-1,1,2,1,3,2,3,0,1,0,0,1,0,0,2,2,3,1,1,1,1,1,-1,2,-1,1,1,2,0,-1,3,3,2,2,3,0,0,-1,96861,572
-1,3,-1,1,0,0,1,2,1,-1,-1,-1,-1,2,1,2,1,-1,3,2,1,0,2,1,2,3,-1,-1,1,0,3,1,0,0,0,0,-1,1,0,3,2,2,-1,-1,3,2,3,2,2,1,96836,546
2,2,0,-1,1,0,1,0,0,-1,2,3,0,-1,2,3,1,0,3,-1,2,-1,1,2,3,1,-1,3,0,2,2,3,2,3,1,3,1,1,1,-1,0,2,1,0,2,3,3,0,0,-1,96737,596
1,1,-1,0,2,2,0,1,3,-1,2,-1,0,1,3,3,3,0,3,-1,1,0,3,3,-1,0,1,1,3,-1,1,2,-1,1,0,1,-1,2,-1,0,1,2,0,3,0,0,2,2,2,-1,96814,566
-1,2,3,1,1,1,1,2,2,1,2,3,2,-1,3,-1,-1,0,3,0,1,0,3,2,0,2,1,1,0,3,0,3,3,1,-1,0,-1,3,0,3,2,2,2,0,1,0,3,2,1,0,96603,621
0,2,-1,3,0,0,3,2,1,-1,-1,3,2,0,-1,2,3,2,2,3,1,-1,3,1,-1,1,0,0,3,2,3,1,1,2,2,1,-1,1,1,-1,0,2,1,1,2,0,0,0,0,1,96610,590
0,-1,1,-1,2,-1,1,2,0,0,-1,2,2,0,1,0,0,1,-1,1,-1,-1,3,0,-1,2,0,0,-1,-1,-1,0,3,1,3,1,2,-1,2,-1,1,-1,1,1,3,2,3,1,2,1,96958,506
-1,1,-1,1,-1,-1,2,2,0,0,0,2,2,2,2,0,3,-1,3,1,0,1,1,-1,0,2,-1,0,0,3,-1,3,2,0,-1,-1,3,1,1,1,2,1,2,1,3,2,0,-1,-1,-1,96920,546
1,2,0,-1,0,0,1,2,2,-1,-1,1,1,2,1,-1,3,3,3,1,0,0,3,-1,2,0,3,0,3,-1,-1,3,1,0,-1,0,1,2,0,2,3,2,1,-1,1,0,3,3,1,0,96681,584
3,2,0,0,1,-1,3,1,-1,-1,-1,-1,2,-1,0,1,3,0,0,1,-1,1,2,-1,-1,2,-1,0,1,2,0,2,3,1,3,1,1,2,-1,1,2,0,2,0,3,0,1,0,2,2,96654,560
3,1,3,0,-1,2,2,0,-1,-1,-1,-1,3,-1,2,0,0,0,0,2,0,1,3,0,2,2,2,1,1,1,-1,0,2,1,-1,0,0,-1,1,1,2,1,3,1,3,3,1,-1,-1,2,96638,563
3,-1,1,3,3,-1,0,2,2,-1,2,-1,2,0,-1,1,-1,1,2,1,2,2,0,1,-1,2,0,-1,2,-1,1,3,0,0,-1,2,3,3,0,3,3,1,-1,0,1,3,0,1,0,0,97043,556
-1,1,-1,-1,0,-1,0,-1,1,-1,0,-1,3,-1,2,1,2,2,3,1,1,2,2,0,2,-1,-1,-1,-1,1,3,2,-1,3,3,-1,2,3,0,1,1,1,1,3,3,2,0,2,0,2,97125,522
-1,1,2,3,1,1,3,3,1,2,-1,3,0,-1,2,1,3,2,2,0,-1,-1,-1,-1,3,2,-1,3,1,2,2,2,0,3,1,1,1,2,1,0,3,0,0,3,-1,0,3,0,1,-1,96984,579
0,3,2,-1,2,3,-1,3,0,-1,0,2,2,-1,1,1,0,-1,1,3,2,1,1,2,3,3,-1,3,1,1,3,0,0,1,-1,2,2,-1,2,0,3,0,1,2,0,0,0,2,1,2,96567,593
-1,-1,0,0,2,2,1,2,-1,1,-1,-1,3,1,3,3,1,1,-1,1,2,3,-1,3,2,0,0,2,0,2,0,1,2,1,-1,2,-1,1,0,1,3,3,3,-1,0,2,2,2,3,0,96954,577
3,-1,2,1,0,0,2,0,3,3,-1,0,2,1,3,3,-1,1,-1,1,0,1,3,2,-1,-1,0,1,-1,-1,1,2,3,1,0,0,0,2,2,-1,0,-1,3,0,1,2,2,2,2,3,96808,562
3,0,2,-1,3,2,-1,1,3,-1,0,0,3,1,3,1,2,1,2,2,3,0,-1,0,1,-1,0,1,0,2,0,3,1,1,3,2,-1,1,3,0,0,3,3,-1,1,2,2,0,2,1,96505,616
3,-1,2,2,2,3,-1,2,0,1,0,0,3,2,1,-1,0,1,1,-1,-1,2,2,3,3,1,3,3,0,0,3,0,0,3,0,2,1,1,1,-1,0,1,2,2,3,0,1,2,-1,0,96583,613
1,3,-1,1,1,2,0,2,2,-1,-1,2,-1,0,3,0,2,0,3,1,1,2,1,0,-1,3,1,2,-1,-1,2,3,2,0,1,1,-1,2,0,1,0,0,-1,1,3,2,0,3,-1,1,96719,564
0,0,3,0,0,-1,1,0,-1,3,-1,3,2,2,3,-1,2,-1,2,-1,1,1,2,2,3,0,3,2,3,1,1,2,0,0,-1,1,3,-1,1,1,1,-1,2,-1,2,0,1,3,-1,3,97064,567
1,0,2,3,0,1,-1,3,0,2,0,-1,1,1,0,0,3,1,3,1,-1,2,3,-1,-1,-1,-1,-1,-1,2,-1,3,0,1,0,2,0,2,3,1,0,2,-1,2,1,0,2,1,3,3,96937,571
1,-1,3,0,-1,1,2,-1,3,0,0,-1,2,1,-1,-1,-1,2,3,3,1,0,0,2,2,1,2,2,0,-1,0,3,3,-1,2,0,-1,1,0,3,1,2,-1,2,1,2,3,2,1,1,97096,560
1,3,0,-1,-1,2,0,1,2,3,2,1,1,2,3,3,2,-1,1,1,3,3,1,1,-1,0,0,-1,1,3,0,1,-1,3,0,2,2,-1,0,2,-1,-1,1,1,2,-1,0,3,0,0,96936,585
1,0,-1,0,-1,-1,-1,2,3,2,2,1,-1,1,1,-1,3,1,3,0,-1,-1,-1,1,0,3,3,1,0,2,1,2,3,3,0,2,2,2,3,2,-1,0,2,1,1,-1,3,1,1,2,96876,568
1,-1,3,-1,2,3,3,-1,0,0,0,-1,2,2,1,2,2,0,-1,3,1,0,2,3,-1,-1,1,0,1,-1,1,1,2,-1,-1,3,2,0,-1,0,1,-1,0,-1,1,1,2,0,3,1,97033,530
-1,-1,0,-1,0,1,0,0,1,0,2,-1,0,0,0,3,1,-1,1,-1,1,1,2,2,-1,1,0,2,3,3,1,2,1,2,2,0,3,-1,1,2,3,2,3,3,3,2,-1,0,-1,2,96952,562
2,-1,3,1,0,-1,2,-1,3,3,-1,-1,3,2,-1,1,-1,1,0,3,3,0,1,0,2,3,1,0,0,0,0,1,0,1,3,2,2,-1,3,0,1,1,1,-1,2,2,2,3,0,3,96702,595
-1,0,0,2,2,0,3,0,3,2,-1,-1,0,2,-1,2,1,-1,2,-1,0,1,1,0,1,1,-1,0,3,3,2,-1,3,0,0,1,1,2,0,2,3,-1,1,3,2,1,-1,3,1,1,96686,575
2,1,0,1,0,0,-1,0,-1,-1,-1,2,2,0,-1,-1,0,-1,0,1,2,-1,1,1,-1,2,0,2,1,1,1,2,2,2,2,2,3,3,1,2,3,1,-1,0,3,0,-1,3,-1,0,96816,528
0,2,2,0,1,-1,3,-1,1,1,3,1,0,2,0,0,3,0,3,2,2,-1,-1,2,1,0,2,0,2,-1,1,1,1,2,1,-1,-1,-1,-1,3,-1,2,0,3,3,1,-1,-1,3,1,96959,549
-1,1,1,-1,-1,3,-1,1,1,2,1,2,3,0,-1,1,3,-1,0,0,2,2,2,1,1,0,-1,0,1,3,0,2,0,-1,3,3,2,-1,3,0,2,1,2,2,-1,2,3,3,0,1,96853,576
2,-1,1,1,3,2,-1,0,2,2,0,1,0,1,2,3,1,-1,0,1,1,-1,0,2,3,3,0,3,1,3,0,-1,3,3,2,1,-1,-1,0,2,0,-1,3,2,3,-1,2,2,-1,-1,97125,565
0,-1,2,2,0,1,1,1,-1,0,0,2,1,1,2,3,-1,3,1,-1,3,1,1,2,-1,0,1,1,-1,2,0,-1,2,0,3,0,2,-1,-1,2,-1,3,2,3,3,-1,3,3,0,0,97124,563
2,1,-1,0,1,2,1,3,2,-1,2,-1,1,1,-1,0,0,-1,-1,2,0,-1,2,0,3,-1,3,2,3,-1,0,2,3,2,1,2,0,-1,0,2,3,1,-1,3,1,3,1,0,-1,2,97026,535
3,-1,3,2,-1,2,1,2,0,0,-1,-1,0,3,-1,-1,0,2,-1,1,-1,1,0,1,1,2,0,2,0,-1,3,0,2,3,2,-1,-1,1,1,-1,0,0,0,3,1,1,2,3,3,-1,96903,533
1,0,2,1,0,0,-1,3,0,0,0,1,2,3,3,2,-1,2,-1,-1,2,2,-1,2,2,1,-1,1,3,3,1,1,1,-1,3,-1,0,2,-1,1,1,2,0,0,3,3,0,-1,-1,2,96926,560
0,0,3,-1,-1,1,1,2,0,1,1,3,2,2,2,-1,-1,-1,0,0,0,-1,2,0,3,2,3,-1,2,2,3,1,0,1,0,1,1,-1,3,-1,2,0,2,3,3,0,1,2,1,2,96660,587
0,2,3,0,-1,1,0,2,-1,2,0,1,-1,3,1,1,-1,1,2,0,-1,3,3,1,-1,3,3,1,1,-1,-1,3,2,2,1,1,2,-1,-1,0,0,1,-1,0,2,0,2,1,-1,1,96838,546
0,-1,0,1,2,2,1,3,3,3,3,0,1,1,0,0,3,-1,1,1,2,2,0,2,-1,1,0,2,0,1,2,2,2,-1,1,-1,2,-1,2,-1,-1,-1,0,1,3,0,3,3,-1,3,96932,582
0,2,0,-1,1,1,-1,2,2,1,-1,2,3,3,3,-1,3,1,2,-1,1,0,2,0,-1,1,-1,1,3,0,2,1,3,2,2,2,0,-1,2,-1,1,2,1,-1,3,1,3,0,-1,0,96867,547
1,3,0,3,0,3,0,1,1,2,-1,2,1,1,3,3,-1,-1,2,2,2,-1,0,-1,0,-1,-1,1,1,0,3,1,1,3,0,-1,-1,0,2,1,-1,2,1,3,3,1,2,3,0,0,96799,572
2,-1,-1,0,1,1,1,2,0,3,-1,2,3,1,0,-1,2,-1,3,0,0,-1,2,3,3,0,3,2,-1,3,-1,0,-1,1,-1,3,0,0,0,1,-1,2,3,1,1,1,3,2,-1,0,96970,535
2,3,3,1,1,2,-1,0,2,1,-1,3,2,0,1,1,3,0,2,-1,1,-1,-1,1,3,2,3,0,-1,0,1,1,1,2,3,2,0,3,3,3,2,0,2,1,0,-1,-1,0,2,2,96687,604
-1,1,2,1,3,3,-1,0,2,3,1,-1,0,-1,1,-1,1,3,2,1,0,0,2,2,1,1,0,0,-1,0,3,0,3,0,2,2,0,1,3,2,-1,2,3,2,0,0,3,3,2,2,96559,617
2,-1,3,-1,1,0,1,0,0,1,2,2,3,0,1,-1,0,1,-1,-1,-1,2,-1,3,2,2,3,1,0,-1,0,2,3,2,0,3,2,1,-1,0,-1,1,-1,-1,3,-1,2,1,-1,1,97251,512
2,2,-1,0,1,3,-1,3,1,2,1,3,-1,3,-1,2,3,1,2,2,0,-1,0,-1,-1,0,1,0,3,1,1,3,1,1,-1,3,-1,1,-1,0,-1,2,2,2,2,-1,0,0,0,0,97093,546
-1,3,3,-1,-1,2,-1,2,3,2,0,2,0,2,1,1,-1,1,1,1,0,-1,-1,2,0,2,-1,-1,3,-1,3,0,-1,-1,1,3,1,-1,0,3,0,2,1,1,1,0,2,3,-1,2,97112,513
1,-1,0,0,0,3,1,-1,0,2,-1,0,1,-1,-1,2,1,2,-1,2,-1,1,1,0,0,-1,3,-1,-1,1,-1,0,3,2,1,2,2,-1,2,1,2,-1,0,3,3,0,1,0,2,-1,96899,525
-1,3,2,-1,-1,0,0,1,2,-1,-1,2,-1,0,0,3,3,2,-1,2,-1,-1,0,2,-1,2,1,-1,3,1,0,-1,3,2,3,2,1,3,1,0,1,1,1,3,2,1,-1,2,0,1,97135,519
0,0,3,2,2,-1,2,0,3,1,-1,3,2,0,-1,2,1,1,-1,2,1,-1,0,0,-1,0,3,3,0,1,0,1,-1,2,3,3,2,2,1,1,3,1,0,2,0,1,-1,1,3,-1,96710,580
-1,-1,-1,2,0,-1,2,3,0,1,-1,2,1,0,-1,1,1,0,-1,2,-1,1,2,0,1,-1,-1,1,0,-1,1,3,-1,2,1,0,-1,-1,2,0,1,2,0,2,-1,0,0,0,-1,2,96919,470
-1,0,1,3,1,-1,0,3,2,-1,-1,0,2,-1,0,1,-1,2,1,2,1,3,0,1,0,0,-1,2,2,-1,-1,1,0,2,2,3,1,2,3,2,-1,3,2,1,3,1,0,0,2,-1,96819,548
1,1,-1,-1,3,1,2,1,0,2,-1,-1,3,0,3,0,-1,1,-1,2,0,1,2,-1,2,0,1,3,-1,-1,0,0,-1,1,3,1,-1,-1,2,-1,0,0,2,2,3,0,-1,-1,0,1,97102,494
2,0,3,-1,1,-1,2,2,3,0,3,2,0,-1,-1,-1,0,1,2,3,1,2,1,2,1,-1,3,1,1,1,3,0,2,-1,-1,2,1,0,3,-1,0,0,1,2,-1,1,3,2,-1,3,96840,561
