0.113224877163, 0.835148199882, 85.133293966, 0.657880807483, 27.6154574758, 1.25170532937, 0.842335119688, 4.05172362507, 2.78376749428, 881.428482434, 0.0115187291447
0.584842112869, 0.820722933113, 88.3553639028, 0.664286516992, 24.7549887515, 46.0953754438, 0.842335119688, 3.37295414217, 1.54811752399, 1047.46648901, 0.0
0.584842112869, 0.820722933113, 81.4861781403, 0.657880807483, 21.0185247165, 24.8476450699, 0.378284712422, 3.37295414217, 1.54811752399, 207.339435964, 0.235794048629
0.208179514676, 0.83223893926, 81.0561922224, 0.686233468341, 52.5823745807, 1.23076811283, 0.555483866454, 1.12275049865, 6.63782730639, 818.248993442, 0.0292308620539
0.206304100633, 0.821039135022, 86.8263607516, 0.610831436083, 36.2771275906, 1.1483341047, 0.837390989538, 1.20613158895, 1.54811752399, 1034.0248562, 0.0209304641321
0.206304100633, 0.821039135022, 81.4861781403, 0.664286516992, 75.0395660694, 1.89205972272, 0.44935485343, 2.40190148759, 2.96462624907, 991.20463396, 0.0260394603831
0.584842112869, 0.820722933113, 81.4861781403, 0.664286516992, 21.0185247165, 44.2034279286, 0.842335119688, 3.37295414217, 1.54811752399, 1093.24429872, 0.0
0.206304100633, 0.821039135022, 81.4861781403, 0.664286516992, 45.4167427693, 48.3388072808, 0.467031688731, 2.40190148759, 1.54811752399, 802.199609159, 0.251902236501
0.533970427063, 0.82033917442, 85.133293966, 0.636358437504, 52.5823745807, 37.0221669856, 0.842335119688, 0.614493397149, 4.70768856222, 801.996103319, 0.324693633938
0.670855790228, 0.843546995551, 80.4538160351, 0.602408553121, 70.1898412474, 44.2034279286, 0.905387909008, 1.6362763603, 1.67041064515, 729.517264926, 0.526864300204
0.206304100633, 0.821039135022, 86.0264063987, 0.657880807483, 34.1858243493, 46.251860951, 0.467031688731, 1.07023071926, 1.54811752399, 960.414722745, 0.0918539097011
0.248795211173, 0.822270617055, 81.4861781403, 0.613892258514, 75.0395660694, 1.89205972272, 0.902431488837, 3.39388986565, 4.30750165341, 1081.01944237, 0.0695998674918
0.775701992042, 0.82045680587, 83.084301779, 0.664286516992, 90.2611152599, 1.12886262169, 0.837390989538, 0.940255683822, 2.19242858011, 1062.7123319, 0.0734448183498
0.113224877163, 0.822185979048, 85.133293966, 0.500069926137, 59.7173583975, 1.25170532937, 0.902431488837, 0.180808447752, 1.28277115406, 1223.40103179, 2.22044604925e-16
0.113224877163, 0.822185979048, 85.133293966, 0.613892258514, 59.7173583975, 1.25170532937, 0.902431488837, 0.273363796179, 1.28277115406, 1153.94053365, 0.00497195316409
0.116374666972, 0.822185979048, 91.0612222864, 0.683101174901, 74.9053432973, 1.25170532937, 0.75116322527, 1.80845880386, 1.28277115406, 1136.71935098, 0.0143823266867
0.584842112869, 0.821039135022, 81.4861781403, 0.664286516992, 21.0185247165, 48.3388072808, 0.842335119688, 2.40190148759, 1.54811752399, 1396.77108418, 0.0
0.303833119029, 0.826887726254, 80.445420848, 0.602408553121, 10.0737983304, 23.0871288972, 0.604986584549, 3.50061997293, 9.12706143012, 958.76862339, 0.433151205888
0.584842112869, 0.821039135022, 84.955688498, 0.602408553121, 21.0185247165, 48.3388072808, 0.842335119688, 2.40190148759, 1.54811752399, 757.867076887, 0.615480867185
0.128211945003, 0.821039135022, 81.4861781403, 0.666020615795, 21.0185247165, 48.3388072808, 0.2700212715, 2.40190148759, 4.34535872701, 987.296458376, 0.371461811801
0.214539770805, 0.835148199882, 81.6608248337, 0.44194882808, 80.7148921815, 5.00167378559, 0.378284712422, 4.05172362507, 14.0002131565, 1039.13251978, 0.102290894303
0.116374666972, 0.822270617055, 85.133293966, 0.606230985611, 10.0737983304, 1.25170532937, 0.754715508555, 1.65338682236, 1.1179683635, 1207.16521512, 0.00983073163935
0.206304100633, 0.821039135022, 80.8600465638, 0.696149895769, 36.2771275906, 1.1483341047, 0.555483866454, 1.80845880386, 3.67017174824, 1185.93794774, 0.0106554770243
0.248795211173, 0.822270617055, 81.4861781403, 0.657880807483, 75.0395660694, 1.89205972272, 0.842335119688, 3.39388986565, 4.30750165341, 1169.42579429, 0.0339588310248
0.11554613599, 0.830266816182, 85.7131851334, 0.654223827126, 36.2771275906, 1.01449611743, 0.397094278351, 4.84044934993, 4.70768856222, 1182.90779448, 0.0177940926058
0.102141117688, 0.822185979048, 85.133293966, 0.663330421494, 63.109369661, 1.25170532937, 0.111789595707, 1.01515386505, 1.07459230661, 1413.09593935, 0.0051209204718
0.101642960776, 0.822270617055, 85.133293966, 0.471379103831, 70.9833228954, 1.36000784242, 0.555483866454, 1.65338682236, 1.0289578818, 1577.46837033, 0.0
0.867767775057, 0.822270617055, 91.7808971687, 0.444307580292, 84.6609836883, 41.0246670047, 0.842335119688, 1.05772676307, 8.71751979233, 979.087868871, 0.680129741646
0.670855790228, 0.843546995551, 80.4538160351, 0.602408553121, 84.6609836883, 44.2034279286, 0.905387909008, 1.6362763603, 1.67041064515, 1018.57127556, 0.427768951771
0.670855790228, 0.843546995551, 83.7540239156, 0.602408553121, 84.6609836883, 24.8476450699, 0.905387909008, 1.6362763603, 1.67041064515, 1046.5851283, 0.172878025318
0.584842112869, 0.820722933113, 81.4861781403, 0.679813829854, 21.0185247165, 24.8476450699, 0.378284712422, 3.37295414217, 1.54811752399, 1074.39525908, 0.136927187949
0.584842112869, 0.820722933113, 81.4861781403, 0.657880807483, 21.0185247165, 24.8476450699, 0.842335119688, 3.37295414217, 1.54811752399, 1068.11224587, 0.166356854744
0.113224877163, 0.821786478323, 85.133293966, 0.613892258514, 27.6154574758, 1.25170532937, 0.902431488837, 0.273363796179, 1.28277115406, 1345.50674474, 0.010523615109
0.206304100633, 0.859295253487, 85.133293966, 0.49719179093, 63.109369661, 1.25170532937, 0.378284712422, 1.10143051381, 4.70768856222, 1308.84804421, 0.0126893072914
0.16986075779, 0.835148199882, 84.6392082361, 0.664286516992, 59.1324929073, 1.0116993552, 0.397094278351, 0.247637641386, 4.70768856222, 1203.38985178, 0.0175304883457
0.113224877163, 0.822185979048, 80.5417716711, 0.613892258514, 27.6154574758, 1.25170532937, 0.902431488837, 0.273363796179, 1.28277115406, 1434.34688834, 0.0061695850444
0.113224877163, 0.822185979048, 85.133293966, 0.613892258514, 75.0395660694, 1.25170532937, 0.902431488837, 0.273363796179, 1.28277115406, 1425.87532842, 0.00962711941678
0.116374666972, 0.822185979048, 85.133293966, 0.613892258514, 59.7173583975, 1.25170532937, 0.327626660257, 0.273363796179, 1.0621931052, 1560.53690098, 0.00583890430904
0.584842112869, 0.820722933113, 81.4861781403, 0.574060075002, 21.0185247165, 24.8476450699, 0.842335119688, 2.40190148759, 1.54811752399, 1809.50780477, 0.0
0.113224877163, 0.822185979048, 85.133293966, 0.613892258514, 59.7173583975, 1.25170532937, 0.902431488837, 0.273363796179, 1.28277115406, 1607.6744328, 0.000606660156214
0.113224877163, 0.822185979048, 80.5417716711, 0.613892258514, 27.6154574758, 1.25170532937, 0.902431488837, 0.273363796179, 1.28277115406, 1600.74669696, 0.00402791315424
0.533970427063, 0.82033917442, 85.133293966, 0.664286516992, 52.5823745807, 37.0221669856, 0.842335119688, 3.76039553211, 4.70768856222, 1021.02865254, 0.716953036857
0.584842112869, 0.820722933113, 81.4861781403, 0.657880807483, 21.0185247165, 24.8476450699, 0.842335119688, 1.11130924151, 1.54811752399, 1055.54621945, 0.671073452287
0.206304100633, 0.821039135022, 81.4861781403, 0.664286516992, 42.6287370245, 48.3388072808, 0.467031688731, 2.40190148759, 1.54811752399, 1094.76652544, 0.159479080098
0.863445615772, 0.821039135022, 81.4861781403, 0.664286516992, 21.0185247165, 23.0871288972, 0.842335119688, 2.40190148759, 3.97541373639, 1080.23003524, 0.657063965915
0.129832612018, 0.821039135022, 81.4861781403, 0.641497962165, 21.0185247165, 48.3388072808, 0.246289921555, 2.40190148759, 1.54811752399, 1094.76652544, 0.219369832049
0.20307210735, 0.821039135022, 80.8600465638, 0.696149895769, 36.2771275906, 4.45962805262, 0.555483866454, 1.80845880386, 3.67017174824, 1249.07816255, 0.0260617696558
0.206304100633, 0.859295253487, 85.133293966, 0.49719179093, 63.109369661, 1.25170532937, 0.378284712422, 1.10143051381, 4.70768856222, 1350.61462373, 0.019512222327
0.113224877163, 0.875383845782, 85.133293966, 0.613892258514, 59.7173583975, 1.25170532937, 0.902431488837, 0.273363796179, 1.28277115406, 1454.61225487, 0.00679023400477
0.10991810306, 0.822185979048, 85.133293966, 0.684756029204, 33.8561741723, 1.25170532937, 0.327626660257, 1.20613158895, 1.28277115406, 1436.12380735, 0.00804555887982
0.116374666972, 0.822270617055, 85.133293966, 0.471379103831, 10.0737983304, 1.25170532937, 0.754715508555, 1.65338682236, 1.1179683635, 1846.63651827, 0.000558047667491
0.198386333676, 0.956188244925, 84.6392082361, 0.663330421494, 77.1890618888, 1.25170532937, 0.906105149976, 1.01515386505, 4.70768856222, 4645.68356804, 1.11022302463e-16
0.10991810306, 0.822185979048, 87.5200623737, 0.684756029204, 33.8561741723, 1.25170532937, 0.327626660257, 1.20613158895, 1.28277115406, 1661.83217995, 0.00299283355603
0.206304100633, 0.821039135022, 81.4861781403, 0.657880807483, 93.8234345111, 1.89205972272, 0.44935485343, 2.40190148759, 2.96462624907, 1684.40839087, 0.00202433803255
0.113224877163, 0.821748840955, 85.7428405722, 0.613892258514, 59.7173583975, 1.25170532937, 0.902431488837, 0.273363796179, 1.28277115406, 1602.74148956, 0.0056776510224
0.670855790228, 0.843546995551, 81.4861781403, 0.602408553121, 21.0185247165, 44.2034279286, 0.503274878135, 1.6362763603, 1.67041064515, 1161.7619648, 0.164724236334
0.584842112869, 0.821039135022, 84.955688498, 0.602408553121, 21.0185247165, 48.3388072808, 0.842335119688, 2.40190148759, 1.54811752399, 1132.89408401, 0.838877364883
0.584842112869, 0.821039135022, 81.4861781403, 0.695017896365, 21.0185247165, 48.3388072808, 0.842335119688, 2.40190148759, 1.54811752399, 1156.54018518, 0.485560630028
0.863445615772, 0.821039135022, 81.4861781403, 0.664286516992, 21.0185247165, 45.0330295277, 0.842335119688, 2.40190148759, 4.34535872701, 1149.68074429, 0.604368750883
0.16986075779, 0.835148199882, 84.6392082361, 0.664286516992, 99.2380966149, 1.01451141099, 0.397094278351, 0.614493397149, 14.0002131565, 1296.57481226, 0.0327929267832
0.206304100633, 0.859295253487, 85.133293966, 0.663330421494, 63.109369661, 1.25170532937, 0.75116322527, 1.10143051381, 4.70768856222, 1316.19361997, 0.0287457790158
0.214539770805, 0.826887726254, 81.6608248337, 0.44194882808, 80.7148921815, 5.00167378559, 0.378284712422, 4.05172362507, 14.0002131565, 1260.77065011, 0.0427476095461
0.206304100633, 0.859295253487, 85.133293966, 0.691523550629, 63.109369661, 1.25170532937, 0.327626660257, 1.10143051381, 4.70768856222, 1364.27375221, 0.0220769390875
0.116374666972, 0.822185979048, 85.743704632, 0.663330421494, 63.109369661, 1.25170532937, 0.111789595707, 1.01515386505, 1.07459230661, 1455.84989854, 0.00683364110972
0.206304100633, 0.821039135022, 81.4861781403, 0.664286516992, 36.2771275906, 1.1483341047, 0.837390989538, 1.20613158895, 1.54811752399, 2087.06721845, 0.00102560688138
0.116374666972, 1.0416214267, 85.133293966, 0.426466168896, 61.6722382791, 1.25170532937, 0.911572835817, 0.938428075713, 1.28277115406, 7204.2733212, 0.000214144999114
0.116374666972, 0.822185979048, 85.133293966, 0.613892258514, 59.7173583975, 1.25170532937, 0.902431488837, 0.273363796179, 1.06375325057, 1815.91012796, 0.00334886122632
0.113224877163, 0.822185979048, 85.133293966, 0.613892258514, 27.6154574758, 1.25170532937, 0.902431488837, 0.273363796179, 1.28277115406, 1699.16809971, 0.00464874661817
0.116374666972, 0.830266816182, 85.133293966, 0.471379103831, 10.0737983304, 1.7919658774, 0.555483866454, 1.65338682236, 1.1179683635, 2035.14304101, 0.00275978967054
0.116374666972, 0.822270617055, 85.133293966, 0.471379103831, 10.0737983304, 1.7919658774, 0.774961793997, 1.65338682236, 1.1179683635, 1924.0069529, 0.00291406915096
0.206304100633, 0.821039135022, 81.4861781403, 0.664286516992, 36.2771275906, 1.1483341047, 0.837390989538, 0.940255683822, 1.54811752399, 2070.8884028, 0.00256340020492
0.116374666972, 0.830266816182, 85.3198367205, 0.471379103831, 8.2464369121, 1.7919658774, 0.545394456982, 1.65338682236, 1.1179683635, 1609.40043191, 0.00605983771445
0.312778324895, 0.843546995551, 80.445420848, 0.602408553121, 98.7914285784, 24.8476450699, 0.905387909008, 1.6362763603, 7.45878677299, 1211.39958944, 0.27154187608
0.303833119029, 0.826887726254, 80.5182899213, 0.476712111823, 10.0737983304, 23.0871288972, 0.555483866454, 3.50061997293, 9.12706143012, 1202.83477081, 0.32575298645
0.206304100633, 0.821039135022, 81.4861781403, 0.664286516992, 21.0185247165, 48.3388072808, 0.246289921555, 2.40190148759, 1.54811752399, 1189.14295005, 0.347258309892
0.533970427063, 0.82033917442, 85.133293966, 0.664286516992, 52.5823745807, 37.0221669856, 0.842335119688, 0.614493397149, 4.70768856222, 1186.14549735, 0.840311473165
0.214539770805, 0.835148199882, 81.6608248337, 0.44194882808, 80.7148921815, 5.00167378559, 0.378284712422, 4.05172362507, 14.0002131565, 1329.33329469, 0.0614429004993
0.448063622996, 0.821134194057, 81.9555160346, 0.471379103831, 10.0737983304, 1.7919658774, 0.397094278351, 1.0280007822, 6.84380100862, 1288.62767427, 0.13998215207
0.214539770805, 0.859295253487, 81.4861781403, 0.696600379611, 8.061446556, 1.7919658774, 0.842335119688, 2.40190148759, 4.34535872701, 1371.99606435, 0.0239032406305
0.102141117688, 0.822270617055, 85.133293966, 0.663330421494, 63.109369661, 1.25170532937, 0.555483866454, 1.01515386505, 1.07459230661, 1469.21217614, 0.00984728093881
0.206304100633, 0.821039135022, 81.4861781403, 0.664286516992, 21.0185247165, 48.3388072808, 0.44935485343, 2.40190148759, 2.96462624907, 1505.99155676, 0.00910595598224
0.116374666972, 0.822185979048, 85.133293966, 0.663330421494, 63.109369661, 1.25170532937, 0.111789595707, 1.01515386505, 1.07459230661, 1608.68015241, 0.00750847791379
0.206304100633, 0.859295253487, 85.133293966, 0.663330421494, 63.109369661, 1.25170532937, 0.75116322527, 1.10143051381, 4.70768856222, 2649.21528623, 0.00248206348887
0.11554613599, 0.868728935727, 80.5182899213, 0.471379103831, 10.0737983304, 1.25170532937, 0.555483866454, 1.65338682236, 4.70768856222, 2920.73284647, 0.00173132643375
0.133207386482, 0.835148199882, 87.6169516854, 0.44194882808, 80.7148921815, 5.00167378559, 0.555483866454, 2.23892701478, 10.6962943905, 1867.54043146, 0.0042537517857
0.206304100633, 0.859295253487, 85.133293966, 0.663330421494, 43.730920369, 1.25170532937, 0.75116322527, 1.10143051381, 4.70768856222, 1799.57066371, 0.00520757268273
0.116374666972, 0.904100458396, 85.133293966, 0.49861547407, 70.2486287344, 1.25170532937, 0.204825093675, 0.273363796179, 1.28277115406, 2229.02240878, 0.00322002780574
0.116374666972, 0.822270617055, 85.133293966, 0.471379103831, 10.0737983304, 1.25170532937, 0.754715508555, 1.65338682236, 1.1179683635, 2127.22086557, 0.00423677228361
0.113224877163, 0.822185979048, 85.133293966, 0.662529434425, 27.6154574758, 1.25170532937, 0.902431488837, 0.273363796179, 1.28277115406, 2201.44965885, 0.0041268753634
0.113224877163, 0.822650702534, 85.133293966, 0.613892258514, 59.7173583975, 1.25170532937, 0.902431488837, 0.273363796179, 1.28277115406, 1635.17833262, 0.00640946416715
0.206304100633, 0.821039135022, 81.4861781403, 0.664286516992, 21.0185247165, 48.3388072808, 0.467031688731, 2.40190148759, 1.54811752399, 1208.01823497, 0.360104825392
0.198386333676, 0.851163520842, 86.0264063987, 0.657880807483, 45.4167427693, 16.2966788946, 0.906105149976, 1.07023071926, 13.1177777178, 1310.18377317, 0.313181635337
0.116374666972, 0.822270617055, 85.133293966, 0.471379103831, 10.0737983304, 1.7919658774, 0.555483866454, 1.65338682236, 1.1179683635, 2326.70608258, 0.0035144848232
0.232100963847, 0.822270617055, 81.4861781403, 0.657880807483, 75.0395660694, 1.89205972272, 0.842335119688, 1.10143051381, 4.30750165341, 1331.69061742, 0.0809982229773
0.113224877163, 0.858342102008, 85.133293966, 0.601103977884, 27.6154574758, 1.25170532937, 0.902431488837, 0.273363796179, 1.28277115406, 2026.05783078, 0.00478922767021
0.206304100633, 0.859295253487, 85.133293966, 0.663330421494, 63.109369661, 1.25170532937, 0.75116322527, 1.10143051381, 4.70768856222, 1775.53059759, 0.0082400903949
0.232100963847, 0.822270617055, 81.4861781403, 0.484152221809, 75.0395660694, 1.89205972272, 0.842335119688, 1.10143051381, 4.30750165341, 1402.1918854, 0.036101179316
0.116374666972, 0.822185979048, 85.133293966, 0.613892258514, 59.7173583975, 1.25170532937, 0.902431488837, 0.273363796179, 1.07459230661, 1647.50937118, 0.00833359082363
0.16986075779, 0.82033917442, 84.6392082361, 0.664286516992, 99.2380966149, 1.01451141099, 0.397094278351, 0.614493397149, 4.70768856222, 1476.96063682, 0.0130611648776
0.110144224516, 0.822270617055, 85.133293966, 0.606230985611, 10.0737983304, 1.25170532937, 0.754715508555, 1.65338682236, 1.1179683635, 1499.4949537, 0.0106159466681
