2.92994170546, 1.24540898933, 0.835768585002, 1.17967574776, 3.98300548133, 0.816407144035, 1.7879532285, 1.16299497636, 0.919876630221, 3.46641112177, 2.30039343237, 1.19581901111, 2.03740180315, 0.99447116217, 0.908075701487, 1.04019863474, 1.05932385533, 1.02238033993, 6.90031346366, 1.06717911928, 0.989624241171, 329.379867729, 0.864680002276, 2.11543320941, 0.977134587558, 4.74192393034, 1.02557928814, 231.484561461, 0.0
2.20752329569, 1.28134416069, 1.27861303628, 1.00489349831, 6.77865741771, 1.00220320066, 1.32461193856, 1.11128565734, 1.04900881503, 1.44340436235, 5.29673789716, 1.05236261303, 2.36571681671, 1.19255150189, 0.931734852526, 1.32861687179, 1.04924631074, 1.10804557516, 8.09185700328, 0.973240603727, 0.82943269548, 368.886187703, 1.10694091988, 2.58416633347, 1.2332683777, 1.71461278778, 1.07997489972, 69.5542071383, 0.268096514745
1.34969837209, 1.17746500286, 1.119811368, 0.874369304044, 5.93887266615, 0.899101375403, 3.42660078448, 0.998230431768, 0.917218532894, 2.72945897429, 3.3854167525, 0.825295529743, 2.77371270246, 0.967446307396, 1.0079629893, 1.17172836092, 1.0091875845, 0.958024981077, 9.77988298355, 0.952670816751, 0.890217015233, 218.524814697, 0.963419779486, 2.34891240451, 1.23999111334, 5.38002503793, 1.26903951811, 78.2092297966, 2.14477211796
4.82471948236, 1.248234134, 1.41102247673, 1.17928185745, 4.7189310767, 1.00070838954, 3.00176147928, 1.25688797098, 1.08613689525, 5.31033061, 3.97134619475, 0.946048886204, 3.8201932994, 1.13250005342, 0.994193202707, 1.18941368772, 1.08612681702, 1.20553617023, 3.39952081659, 1.18373268896, 0.84570397972, 365.369616176, 0.924994921343, 3.28369530769, 1.18997005726, 3.3885024063, 0.893197703303, 96.2545871938, 1.34048257373
5.3967551921, 1.13206618304, 1.66595879937, 1.0089321038, 2.12574318026, 0.902400128208, 5.53792301142, 1.22728144959, 1.08913107168, 2.42026104628, 2.78165705859, 1.08854541554, 3.49989012836, 1.20563709796, 1.05014790801, 1.30001496655, 1.01176771308, 0.875336492531, 6.23168367221, 0.964716462184, 0.902262376642, 282.267017676, 1.04476522817, 3.60645114809, 0.9504081862, 3.37804069478, 0.946609721503, 130.065997797, 1.07238605898
3.95236707678, 1.35498036756, 1.71732546525, 1.02092269232, 1.85771388819, 1.07057969554, 5.44063670053, 1.00570461955, 1.01310774318, 5.25848344307, 4.9386219916, 0.876783115575, 2.77135407055, 0.967848710125, 0.876754294566, 1.04725149539, 1.01984204785, 0.953619747993, 3.98160779555, 1.0632835198, 0.958057527749, 197.980723278, 1.1330494519, 2.91277834627, 1.20643210115, 5.31304148769, 1.20668156166, 153.054017442, 0.268096514745
5.9639349475, 1.2716250624, 1.46171711087, 1.17157963747, 4.63739221246, 1.15702164639, 5.91058294276, 0.849398535073, 1.11965201577, 2.05010958286, 5.33161012988, 1.17610151955, 3.72139229278, 1.25248497592, 0.939617213224, 1.41217839437, 1.0210753776, 0.916165259751, 8.83677719822, 0.994254908945, 0.873650997323, 336.323273433, 0.866843328997, 2.73632716225, 1.13629838183, 5.27480576596, 0.938552888676, 272.158760491, 0.0
4.70462372152, 1.23373128892, 1.4970410113, 0.996573726742, 5.18056884279, 1.04756337014, 5.78596673123, 0.843283394692, 1.00340581379, 2.40722539163, 1.63053765493, 1.07142989766, 1.46529131069, 1.28311956146, 0.904222524289, 1.51352033516, 1.12324951435, 1.05564810011, 5.90774307163, 0.927127825038, 0.908798552595, 157.770331726, 1.16150413219, 2.01348249526, 1.0230982802, 3.34044304952, 1.04427732234, 79.5133808095, 2.14477211796
1.34969837209, 1.00077627688, 1.119811368, 1.06630990113, 5.93887266615, 0.78083540589, 3.42660078448, 0.998230431768, 0.917218532894, 2.72945897429, 2.55633354864, 1.0412159407, 2.77371270246, 0.967446307396, 1.0079629893, 1.17172836092, 1.0091875845, 0.958024981077, 9.77988298355, 0.952670816751, 0.933904149623, 218.524814697, 0.963419779486, 2.34891240451, 1.23999111334, 5.38002503793, 1.26903951811, 180.032999605, 0.536193029491
2.05435708154, 1.24208394806, 1.08857116795, 1.0988936854, 5.36001763145, 0.834470584461, 5.53583872029, 0.847583681392, 1.10012186254, 4.71860317197, 4.60319147888, 1.18735779986, 2.36558975754, 1.13565855743, 0.870506708566, 1.39800865054, 1.15281924729, 1.21133975951, 4.66658528917, 1.12683178287, 0.851888664687, 343.549301896, 0.945675085312, 5.92504619953, 1.19949867101, 3.5218045874, 1.27062819719, 756.695699415, 0.0
2.20752329569, 1.36645338962, 1.27861303628, 1.1043710216, 5.92108891962, 1.06569150757, 1.75672747621, 1.08223940056, 0.909761758548, 4.64372583453, 5.66170026417, 1.05236261303, 1.26696243059, 1.19255150189, 0.931734852526, 1.16873406095, 1.14747105304, 1.10804557516, 5.56874190817, 0.973240603727, 0.827044279493, 368.886187703, 1.01724212806, 5.02810572153, 1.23458589996, 2.91006257109, 1.07997489972, 99.0081957547, 4.55764075067
3.56424919674, 1.20025370849, 1.20632673473, 1.15041437347, 6.45417485471, 1.01783736764, 2.00804100041, 0.922555986359, 1.11043775857, 5.59953788628, 1.65542156582, 0.836800552209, 3.94004684921, 1.17177506516, 0.90582774357, 1.37515828097, 1.10109211085, 0.965722549827, 6.40113866159, 1.0913765448, 0.878964299322, 176.966354691, 1.11235590454, 1.84250841295, 1.19272570979, 3.90395955087, 1.18256378591, 789.446406183, 0.0
5.93936119835, 1.20757713433, 1.27261434175, 0.876502431015, 4.54527586615, 0.85266891687, 1.1104226726, 1.19989885275, 1.06226330167, 2.20321923651, 2.55633354864, 1.00285018286, 2.70998473707, 1.06390572751, 1.00758512061, 1.0365752037, 1.13393235539, 0.934092002827, 5.4541809764, 0.933434560822, 0.878596262756, 271.11312496, 1.03410418636, 2.85328715334, 1.06044116573, 1.33826147114, 1.21487467203, 188.548122145, 1.07238605898
1.58585088264, 1.34919454215, 0.731612512502, 0.805371562444, 5.89604229784, 0.968914063093, 4.59393410248, 0.964926938712, 0.970243517841, 5.10282043131, 3.28445739343, 1.15781897102, 2.50622812391, 1.23958828184, 0.854040552854, 1.246118477, 1.1588583247, 0.909241236756, 7.03392182092, 1.04624141044, 0.906731489644, 72.5057183694, 0.993325219324, 3.26507459018, 1.03799640962, 4.08574177059, 1.16078530932, 159.708743927, 2.68096514745
2.45087779954, 1.34642780363, 1.73444152651, 0.850460456652, 5.06505557934, 0.794086765883, 3.35472261781, 0.825371131001, 0.948084779541, 1.8209638677, 3.33113361439, 1.17848230816, 2.4673945328, 1.23209391166, 1.05718994746, 1.46274390663, 1.0270604986, 0.94816431579, 3.76468600233, 1.01453404618, 0.819014561604, 150.166072141, 1.13803778168, 5.35719009998, 0.960014244016, 4.79233579766, 0.94894750856, 1456.61474847, 0.0
1.55111912045, 1.11160429486, 1.58111258882, 1.11743660251, 3.78725522588, 1.17513227193, 1.71282016063, 1.20170675662, 1.05351681741, 6.19981213412, 1.61187891003, 0.898323360106, 1.0523870733, 1.17155408445, 0.906315706395, 1.51861290759, 1.11020881637, 0.893415014178, 4.26641595617, 0.945754895798, 0.953135831112, 379.295086854, 1.00265388562, 1.11337479255, 0.984771063984, 3.14829832787, 0.994837272687, 281.489956725, 0.268096514745
3.94788745964, 1.16243194363, 1.66595879937, 1.0089321038, 5.61874982, 1.03222586051, 5.44761959287, 1.21128300128, 1.08913107168, 2.42026104628, 4.86437108277, 1.09671253909, 3.49989012836, 1.17818025603, 1.0863456048, 1.38083374236, 1.01176771308, 0.875336492531, 4.083448297, 0.993545428778, 0.902262376642, 282.267017676, 1.04476522817, 3.60645114809, 1.01148143151, 3.37804069478, 0.94894750856, 169.766076285, 3.21715817694
3.94788745964, 1.16243194363, 1.66595879937, 1.0089321038, 5.61874982, 1.03222586051, 5.44761959287, 1.21128300128, 1.08913107168, 2.42026104628, 4.86437108277, 1.09671253909, 3.49989012836, 1.17155408445, 1.0863456048, 1.38083374236, 1.01176771308, 0.875336492531, 4.083448297, 0.993545428778, 0.945713161002, 282.267017676, 1.04476522817, 3.60645114809, 1.01148143151, 3.37804069478, 0.94894750856, 1627.03903548, 0.0
2.96909474711, 1.10704024716, 1.36313563333, 1.16465509557, 3.56214693788, 1.18151528197, 4.44047935965, 1.04297483169, 1.11614743302, 4.76549730163, 4.46192161869, 0.826907021507, 4.00089257341, 1.26837310259, 1.0863456048, 1.36321144522, 1.07127903229, 1.12010767875, 9.16758413661, 1.17393714301, 0.947360086965, 285.959909164, 1.14377111016, 4.28926571964, 1.10822317259, 3.53020991826, 1.15569926379, 357.362137103, 0.268096514745
1.96675513999, 1.29797978333, 1.09054518578, 0.860819965964, 2.4548571424, 0.862980931442, 3.65240577963, 1.0358914823, 1.05869415779, 5.35835102605, 2.12716900649, 1.09831871408, 1.5484111444, 0.839018515253, 0.809892563738, 1.50593908399, 1.0490163808, 0.856440021914, 9.60726053338, 1.15227628454, 0.881299370608, 125.612704696, 0.895675909563, 4.95734613497, 1.08660251972, 1.97911038202, 1.15399285671, 1868.47710772, 0.0
3.94788745964, 1.16243194363, 0.871815838337, 1.0089321038, 5.61874982, 0.902400128208, 5.81755434007, 1.21621516637, 1.08913107168, 4.31005741527, 4.86437108277, 1.09671253909, 3.49989012836, 1.17818025603, 0.92125444736, 1.38083374236, 1.01176771308, 0.875336492531, 4.083448297, 1.00339013695, 0.812809735916, 282.267017676, 1.04476522817, 3.60645114809, 0.974554413449, 1.5324941975, 0.94894750856, 232.517880455, 1.60857908847
5.92646845605, 1.1882678167, 1.47791826418, 1.20462384916, 2.78226632831, 0.805219420171, 1.17921692336, 0.943143503962, 1.13926125335, 1.40494745513, 7.67723505269, 1.20073300206, 2.52237157006, 1.26548476409, 1.01867822957, 1.49427013839, 1.11668220458, 0.988303379332, 5.43498281988, 1.15046535594, 0.887789891699, 355.701265283, 0.867419931728, 4.71760547307, 1.01013608072, 3.84404136479, 1.23430946626, 642.981446071, 0.268096514745
3.94788745964, 1.16243194363, 1.66595879937, 1.0089321038, 5.06505557934, 0.902400128208, 5.53792301142, 1.21128300128, 1.08913107168, 2.42026104628, 4.86437108277, 1.09671253909, 4.47116002078, 1.17818025603, 1.05014790801, 1.38083374236, 1.01176771308, 0.875336492531, 6.94483565507, 0.993545428778, 0.902262376642, 282.267017676, 1.04476522817, 5.39287636976, 0.974554413449, 2.28891621535, 0.94894750856, 216.68181773, 3.21715817694
1.47384564432, 1.41852219883, 1.42778034795, 0.850460456652, 5.35031130259, 0.773281703719, 3.35472261781, 0.825371131001, 0.948084779541, 1.8209638677, 3.33113361439, 1.17848230816, 4.8765095007, 1.15584136648, 1.05718994746, 1.33601195736, 1.0270604986, 0.94816431579, 5.04168888966, 1.01453404618, 0.819014561604, 150.166072141, 1.01427102453, 5.35719009998, 0.955545001456, 1.85325359242, 0.908638959359, 206.133466131, 3.75335120643
2.86715579893, 1.34321928789, 0.766559678366, 1.12722044228, 3.75368998973, 0.941331442486, 2.06190699891, 0.923695343154, 0.951481861792, 4.79807467695, 2.44018795362, 1.1712356845, 1.0523870733, 0.834224808289, 1.06111652673, 1.57131897814, 1.06543760796, 0.884985111774, 8.51219470799, 1.02143434474, 0.92911095932, 273.238318322, 0.971179986026, 3.98907585354, 0.984771063984, 1.24467261039, 0.998541778778, 239.274307285, 1.60857908847
3.94788745964, 1.16243194363, 1.66595879937, 1.0089321038, 5.61874982, 0.902400128208, 5.53792301142, 1.21128300128, 1.05351681741, 4.51383675822, 4.86437108277, 1.00712959201, 3.49989012836, 1.23239635788, 1.05014790801, 1.49135162167, 1.11020881637, 0.875336492531, 4.26641595617, 0.993545428778, 0.986630549089, 282.267017676, 1.04476522817, 3.60645114809, 0.974554413449, 3.37804069478, 0.893073858418, 1914.08784617, 0.0
3.95236707678, 1.35498036756, 1.71732546525, 1.02092269232, 1.85771388819, 0.943003131774, 5.44063670053, 1.00570461955, 1.01310774318, 5.25848344307, 4.9386219916, 0.876783115575, 2.79138825475, 0.967848710125, 0.876754294566, 1.00543636167, 1.01984204785, 0.953619747993, 3.98160779555, 1.0632835198, 0.958057527749, 197.980723278, 1.1330494519, 2.91277834627, 1.13635057998, 5.31304148769, 1.06369891566, 637.218381613, 0.536193029491
5.61699010842, 1.38884447178, 1.53721762023, 0.955901422039, 5.17824526417, 0.964850682759, 4.80046603054, 1.15857212176, 0.999594035967, 5.34719276002, 3.9858112531, 1.10395293485, 2.9446674712, 1.26361716025, 0.860929280371, 1.50726832811, 1.01015042083, 1.06950539565, 3.3833878037, 1.03804732285, 0.958052290648, 353.238003125, 1.11036902052, 4.77989820065, 1.21326628228, 2.91006257109, 1.20668156166, 390.946323237, 0.804289544236
3.04280103643, 1.28401827204, 1.57978415217, 0.812250622761, 6.92734087162, 1.17784292296, 5.09816895285, 1.01760851551, 1.02485600067, 4.90413046263, 6.6539940766, 1.18816946, 4.6952728498, 0.916400715577, 0.806129298117, 1.06058926391, 1.11763440937, 1.15107478311, 5.6065013247, 0.957151688013, 0.983390653335, 184.402742125, 1.06794288358, 4.32058698365, 1.18975930552, 4.07671374529, 0.934554413048, 230.082212662, 4.55764075067
4.58854524654, 1.10332730847, 1.16368127429, 1.04188187402, 4.34507313692, 0.816407144035, 5.53792301142, 1.07061602077, 0.95441298365, 4.96278660404, 1.90114777494, 1.06584163891, 2.55834085332, 0.863853322167, 0.908075701487, 1.31507542109, 1.01946015909, 0.887372862023, 3.35918611083, 1.02805127047, 0.969351666286, 32.938267449, 1.12937609081, 5.47677231152, 1.01757478155, 3.47503093252, 1.02557928814, 2146.22525868, 0.0
1.47384564432, 1.41852219883, 1.42778034795, 0.850460456652, 5.35031130259, 0.794086765883, 3.35472261781, 0.825371131001, 0.948084779541, 1.8209638677, 3.33113361439, 1.17848230816, 4.63978683649, 1.15584136648, 1.05718994746, 1.46274390663, 1.0270604986, 0.94816431579, 3.82178176419, 1.01453404618, 0.819014561604, 150.166072141, 1.13803778168, 5.35719009998, 0.956318659577, 1.85325359242, 0.908638959359, 289.194666324, 1.07238605898
5.9639349475, 1.2716250624, 1.46171711087, 1.12389011215, 3.58549022612, 1.14496953002, 5.87881855487, 0.849398535073, 1.11965201577, 2.05010958286, 5.33161012988, 1.17610151955, 3.72139229278, 1.25248497592, 0.939617213224, 1.20700692202, 1.0210753776, 0.902497054107, 8.83677719822, 1.0149813532, 0.873650997323, 336.323273433, 0.866843328997, 5.02810572153, 1.13629838183, 5.27480576596, 0.938552888676, 393.195107463, 0.804289544236
3.74345560356, 1.05250959017, 1.67793610783, 1.02036939018, 1.68783269989, 0.973730504767, 2.04791068024, 1.01512446197, 0.931643153318, 2.45547631813, 6.01481379496, 1.10970918023, 2.12944767637, 1.25908011611, 1.01535849687, 1.28569214159, 1.06543760796, 1.17355454736, 7.94264990933, 1.18596593418, 0.902262376642, 372.788416121, 0.962805642269, 5.4463034797, 1.14760234517, 3.00509919541, 1.27306023188, 2244.07233662, 0.0
1.72371634216, 1.17737436766, 0.999228665671, 1.11729525108, 3.11217603038, 0.828071236973, 3.22605834984, 0.900313279376, 0.943501537119, 1.95248197935, 3.84683287629, 1.15757358463, 1.05093115288, 0.915259725304, 0.97202563823, 1.2043844283, 1.13849700967, 0.945816208924, 3.07190246388, 1.11661131137, 0.888867955769, 413.47610158, 0.993746991504, 2.86991704475, 1.22743619355, 1.99303087556, 1.08271911267, 529.950199579, 0.804289544236
5.9639349475, 1.2716250624, 1.46171711087, 1.12389011215, 4.63739221246, 1.14496953002, 5.91058294276, 0.849398535073, 1.11965201577, 2.05010958286, 5.33161012988, 1.17610151955, 3.72139229278, 1.25248497592, 0.939617213224, 1.41217839437, 1.0210753776, 0.902497054107, 8.83677719822, 0.994254908945, 0.873650997323, 336.323273433, 0.866843328997, 5.02810572153, 1.13629838183, 5.27480576596, 0.938552888676, 647.307059809, 0.536193029491
1.34969837209, 1.03301006734, 1.119811368, 0.874369304044, 5.99610138508, 0.781266335574, 3.42660078448, 0.998230431768, 0.917218532894, 2.72945897429, 3.3854167525, 0.825295529743, 2.77371270246, 1.05935603245, 1.0079629893, 1.17172836092, 1.0091875845, 1.20553617023, 9.77988298355, 0.952670816751, 0.890217015233, 218.524814697, 0.963419779486, 2.34891240451, 1.23999489164, 5.38002503793, 1.26903951811, 298.276446921, 1.34048257373
2.20752329569, 1.36645338962, 1.27861303628, 1.1043710216, 5.92108891962, 1.06569150757, 1.75672747621, 1.08223940056, 0.909761758548, 4.64372583453, 5.66170026417, 1.05236261303, 1.26696243059, 1.19255150189, 0.931734852526, 1.32861687179, 1.14747105304, 1.10804557516, 5.56874190817, 0.973240603727, 0.827044279493, 368.886187703, 1.01724212806, 3.42027272276, 1.23458589996, 2.91006257109, 1.07997489972, 1111.79473225, 0.268096514745
4.02217506794, 1.23373128892, 1.4970410113, 1.04188187402, 2.21570967521, 1.04756337014, 3.83823353491, 0.901526274681, 1.00340581379, 1.45858660016, 1.62888491889, 1.07142989766, 1.46529131069, 1.28311956146, 0.821356824773, 1.51352033516, 1.05700439253, 1.20188462322, 5.90774307163, 0.927127825038, 0.768883138937, 157.770331726, 1.16150413219, 5.56219315588, 1.0230982802, 3.34044304952, 1.04427732234, 2702.29950928, 0.0
5.48860392601, 1.04142684624, 1.4634151399, 0.83300157037, 4.77449678133, 1.11573503042, 2.59707515896, 1.04812010509, 1.11710706779, 2.31810932943, 6.79157899274, 1.0876911225, 2.73750239341, 1.00634617341, 0.834654202562, 1.60089583273, 1.14335460837, 1.22150041632, 6.04656409598, 1.12426817189, 0.939188355679, 116.532466019, 1.02470009798, 2.14867911587, 1.1255288021, 3.57580716043, 1.05331238248, 662.777991717, 0.536193029491
4.88280283525, 1.23373128892, 1.03276557632, 1.05498256491, 2.12574318026, 0.930551248078, 5.78596673123, 1.20650955805, 1.09118140908, 2.40722539163, 7.78316469898, 1.07142989766, 3.02348609662, 0.910439403158, 0.80521117875, 1.30001496655, 1.10737383994, 1.1100223963, 6.03814778836, 0.968020880253, 0.799937766579, 161.603353281, 1.16150413219, 4.95225991595, 1.14644329053, 3.34044304952, 1.07096809205, 1153.2777996, 0.268096514745
2.45087779954, 1.17737436766, 0.999228665671, 1.11729525108, 5.35031130259, 0.828071236973, 3.22605834984, 0.900313279376, 0.943501537119, 1.95248197935, 3.84683287629, 1.15757358463, 1.05093115288, 0.915259725304, 0.97202563823, 1.2043844283, 1.15785122159, 0.945816208924, 3.07190246388, 1.11661131137, 0.888867955769, 150.166072141, 0.993746991504, 2.86991704475, 1.22743619355, 1.99303087556, 1.08271911267, 2758.18940471, 0.0
5.9639349475, 1.26252853662, 1.46171711087, 1.18640398975, 3.58549022612, 1.14496953002, 5.87881855487, 0.849398535073, 1.11965201577, 2.05010958286, 5.33161012988, 1.09831871408, 3.72139229278, 1.25248497592, 0.939617213224, 1.20700692202, 1.0210753776, 0.902497054107, 8.83677719822, 1.0149813532, 0.873650997323, 336.323273433, 0.866843328997, 2.73632716225, 1.13629838183, 5.27480576596, 0.938552888676, 1395.6875603, 0.268096514745
4.58854524654, 1.08429684029, 0.800609024282, 1.02705965556, 4.34507313692, 0.895210247668, 3.1767240174, 1.10247497676, 0.95441298365, 4.96278660404, 3.97134619475, 1.06584163891, 2.55834085332, 1.07674804215, 1.00147005184, 1.40718628135, 1.08416173543, 0.944110861855, 3.35918611083, 1.02805127047, 0.969351666286, 32.938267449, 1.04561039019, 5.47677231152, 1.01757478155, 3.47503093252, 0.908896132823, 2874.79976544, 0.0
5.37556646482, 1.21446587469, 0.871815838337, 1.0924197264, 3.86822503291, 1.01840951486, 1.8778599377, 0.864550180717, 1.10837056682, 1.25722291306, 4.52189615421, 1.06134761442, 4.56383839936, 0.983991799791, 0.965485704762, 1.38192711213, 1.11988337139, 0.87802605539, 8.80878457845, 0.964426698508, 0.896757522824, 386.692967284, 0.971179986026, 1.83365459276, 1.08270998663, 1.5324941975, 1.25497198683, 449.391577472, 1.07238605898
1.47384564432, 1.41852219883, 1.42778034795, 0.850460456652, 5.35031130259, 0.794086765883, 3.35472261781, 0.825371131001, 0.948084779541, 1.8209638677, 3.33113361439, 1.17848230816, 4.54984641527, 1.15584136648, 1.05718994746, 1.33601195736, 1.0270604986, 0.94816431579, 3.82178176419, 1.01453404618, 0.819014561604, 150.166072141, 1.13803778168, 5.35719009998, 0.956318659577, 1.85325359242, 0.908638959359, 769.184402617, 0.536193029491
4.70462372152, 1.23373128892, 1.4970410113, 0.996573726742, 3.30205332425, 1.04756337014, 5.78596673123, 0.843283394692, 1.00340581379, 2.40722539163, 1.63053765493, 1.19831691762, 1.46529131069, 1.28311956146, 0.904222524289, 1.51352033516, 1.12324951435, 1.03919640762, 5.90774307163, 0.927127825038, 0.908798552595, 157.770331726, 1.16150413219, 2.01348249526, 1.0230982802, 3.34044304952, 1.04427732234, 3057.45325529, 0.0
2.98107317719, 1.03355015188, 1.4834329831, 0.899975652846, 3.40818152237, 1.15394969739, 1.11563080863, 0.969413528404, 1.11664372395, 2.2220476874, 6.31844494344, 1.16783195621, 3.16319961316, 1.16227809047, 1.03342789472, 1.57623082852, 1.07085167653, 1.01535997688, 8.58237508778, 1.13992686986, 0.897823554192, 19.2288536101, 1.01427102453, 2.44878978946, 1.17320991791, 2.81838166056, 0.931441158442, 386.577169796, 1.60857908847
3.94788745964, 1.16243194363, 1.22095498692, 1.0089321038, 5.06505557934, 0.902400128208, 5.53792301142, 1.21128300128, 1.08913107168, 2.42026104628, 4.86437108277, 1.09671253909, 4.47116002078, 1.17818025603, 1.06111652673, 1.38083374236, 1.01176771308, 0.875336492531, 6.94483565507, 0.993545428778, 0.902262376642, 282.267017676, 1.10059405338, 5.92493630559, 0.974554413449, 2.28891621535, 0.94894750856, 342.808038096, 2.14477211796
2.96909474711, 1.10704024716, 1.36313563333, 1.16465509557, 3.56214693788, 1.18151528197, 5.44761959287, 1.04297483169, 1.11614743302, 4.76549730163, 4.46192161869, 0.826907021507, 4.00089257341, 1.27023850798, 1.0863456048, 1.36321144522, 1.07127903229, 0.972045822903, 9.16758413661, 1.17393714301, 0.947360086965, 285.959909164, 1.14377111016, 4.28926571964, 1.10822317259, 3.53020991826, 1.15569926379, 775.745003713, 0.536193029491
3.94788745964, 1.16243194363, 1.66595879937, 1.0089321038, 2.12574318026, 0.902400128208, 5.53792301142, 1.21128300128, 1.08913107168, 2.42026104628, 4.86437108277, 1.09671253909, 3.49989012836, 1.17818025603, 1.05014790801, 1.30001496655, 1.01176771308, 0.875336492531, 6.23168367221, 0.964716462184, 0.902262376642, 282.267017676, 1.04476522817, 3.60645114809, 0.974554413449, 3.37804069478, 0.94894750856, 1534.03583699, 0.268096514745
4.88280283525, 1.08429684029, 1.03276557632, 0.847365645637, 2.12574318026, 0.930551248078, 3.29654623371, 1.20650955805, 1.09118140908, 2.05010958286, 5.33161012988, 0.93450665104, 3.02348609662, 0.910439403158, 0.80521117875, 1.25470823434, 1.10737383994, 1.1100223963, 6.03814778836, 0.968020880253, 0.799937766579, 161.603353281, 1.04561039019, 4.95225991595, 1.14644329053, 5.27480576596, 1.07096809205, 3083.17034309, 0.0
4.58015567359, 1.33419010124, 0.897690919984, 1.02145109259, 4.20635808163, 0.842578021325, 1.92652524695, 0.968193866324, 0.984549727755, 6.020991413, 2.76097808165, 1.08669896984, 4.1393700432, 1.1390797483, 1.03134969839, 1.4512785423, 1.06099751192, 0.988524937375, 8.18759921625, 1.12645126173, 0.799137619247, 18.9367783612, 1.13078181763, 5.30441760591, 1.15331863107, 4.64475543205, 1.27062819719, 1546.94602826, 0.268096514745
4.39283564005, 1.17673466021, 1.20632673473, 0.981682735655, 7.0290446983, 0.715593062471, 5.53583872029, 1.21287647112, 1.07487731721, 2.59048138796, 5.30870823756, 0.922303059901, 4.08526924925, 1.15634022139, 0.912950849799, 1.02049366277, 1.15281924729, 0.991603030292, 3.98648540851, 1.15124631073, 0.909934573835, 142.021829641, 0.906595444152, 1.25105842284, 1.1001459485, 4.99390550336, 0.870805215794, 294.606759002, 5.63002680965
4.40645153257, 1.05695379447, 0.987985913626, 0.927094582602, 6.37317524243, 0.82452910505, 5.27076914214, 1.02866737617, 1.12492152161, 6.0881543783, 7.38608044167, 1.11992152631, 4.64207678726, 1.19275236168, 0.911264583503, 1.23096626937, 1.07510439839, 1.1065558378, 4.75277138169, 1.01776881244, 0.891819968797, 319.698366529, 0.971745358985, 3.78890276695, 1.12250552346, 1.21528900977, 0.887727504301, 3095.84926164, 0.0
3.74345560356, 1.05250959017, 1.67793610783, 1.02036939018, 1.68783269989, 0.973730504767, 2.04791068024, 1.01512446197, 1.12010681773, 1.7847197695, 5.19876424753, 1.10970918023, 2.12944767637, 1.25908011611, 1.01535849687, 1.28569214159, 1.06543760796, 1.17355454736, 7.94264990933, 1.18596593418, 0.85495643785, 372.788416121, 0.962805642269, 5.4463034797, 1.14760234517, 3.00509919541, 1.27306023188, 600.058494999, 1.34048257373
1.34969837209, 1.00077627688, 1.119811368, 1.17137775154, 5.93887266615, 0.941331442486, 3.42660078448, 1.14834253773, 1.11043775857, 2.72945897429, 1.86606255304, 1.0412159407, 3.28073957921, 0.967446307396, 1.0079629893, 1.15795775846, 1.0091875845, 0.958024981077, 9.77988298355, 0.952670816751, 0.933904149623, 218.524814697, 0.963419779486, 2.34891240451, 1.1170281248, 2.46025376116, 1.26903951811, 3206.29282262, 0.0
3.95236707678, 1.35498036756, 1.71732546525, 0.812250622761, 1.85771388819, 0.943003131774, 5.44063670053, 1.00570461955, 1.01310774318, 5.25848344307, 4.9386219916, 0.876783115575, 2.79138825475, 0.967848710125, 0.876754294566, 1.00543636167, 1.01984204785, 0.953619747993, 3.98160779555, 1.0632835198, 0.983390653335, 197.980723278, 1.1330494519, 2.91277834627, 1.21570816002, 5.31304148769, 1.16686360939, 816.041336378, 0.536193029491
5.37556646482, 1.21446587469, 1.21545415345, 1.0924197264, 3.86822503291, 0.831135789679, 1.8778599377, 0.864550180717, 1.10837056682, 1.25625498446, 4.52189615421, 1.06134761442, 2.13548395449, 0.983991799791, 0.965485704762, 1.38192711213, 1.11988337139, 0.87802605539, 5.15329787955, 0.964426698508, 0.896757522824, 386.692967284, 1.02929787934, 3.37781748498, 0.969452710719, 1.5324941975, 1.29651731266, 453.290935175, 1.87667560322
4.58854524654, 1.10332730847, 1.16368127429, 1.04188187402, 4.34507313692, 0.816407144035, 3.1767240174, 1.07061602077, 0.95441298365, 4.96278660404, 1.90114777494, 1.06584163891, 2.55834085332, 0.863853322167, 0.834774197135, 1.31507542109, 1.01946015909, 1.02508062217, 3.35918611083, 1.02805127047, 0.969351666286, 32.938267449, 1.12937609081, 5.47677231152, 1.01757478155, 3.47503093252, 1.02557928814, 1718.54675473, 0.268096514745
5.0800900068, 1.3755503099, 1.20211846358, 0.825237389304, 2.82558951265, 0.922971476187, 2.79760511138, 1.20110685801, 1.07341919064, 5.23222219131, 2.24437989933, 1.10131001572, 1.29955091967, 1.21710129062, 0.897575830312, 1.54366994634, 1.05095456556, 1.07331998645, 4.37521842483, 0.996854310034, 0.908798552595, 328.66739994, 0.948502753482, 3.40192477257, 1.22843201425, 3.73022584258, 1.08316689593, 3433.9650811, 0.0
5.0800900068, 1.3755503099, 1.16208322177, 0.825237389304, 2.82558951265, 0.922971476187, 2.79760511138, 1.20110685801, 1.07341919064, 5.2490405276, 7.7590821914, 1.10131001572, 1.29955091967, 1.21710129062, 0.897575830312, 1.54366994634, 1.05095456556, 1.07331998645, 5.568084224, 0.996854310034, 0.946011535842, 328.66739994, 0.948502753482, 4.23211116369, 1.22843201425, 2.36101701592, 0.987733284952, 886.623805301, 0.536193029491
3.94788745964, 1.16243194363, 1.66595879937, 1.0089321038, 5.61874982, 0.902400128208, 5.53792301142, 1.21128300128, 1.05351681741, 1.43330310613, 4.86437108277, 1.09671253909, 3.49989012836, 1.23239635788, 1.05014790801, 1.49135162167, 1.11020881637, 0.875336492531, 4.26641595617, 0.993545428778, 0.902262376642, 282.267017676, 1.04476522817, 3.60645114809, 0.974554413449, 3.37804069478, 0.893073858418, 1809.06330015, 0.268096514745
2.05435708154, 1.24208394806, 1.08857116795, 1.0988936854, 5.36001763145, 0.834470584461, 4.31723617107, 0.847583681392, 1.10012186254, 4.71860317197, 4.60319147888, 1.18735779986, 2.59217293245, 1.13565855743, 0.870506708566, 1.39800865054, 1.16638703886, 1.21133975951, 4.66658528917, 1.12683178287, 0.851888664687, 343.549301896, 0.945675085312, 5.92504619953, 1.19949867101, 3.5218045874, 1.27062819719, 3574.64816111, 0.0
3.94788745964, 1.16243194363, 0.779784996843, 1.0089321038, 5.06505557934, 1.00858919979, 5.71156924836, 1.21128300128, 1.08913107168, 2.42026104628, 4.86437108277, 1.09671253909, 4.47116002078, 1.1390797483, 1.06111652673, 1.38083374236, 1.01176771308, 0.875336492531, 6.94483565507, 0.993545428778, 0.902262376642, 282.267017676, 1.10059405338, 5.92493630559, 1.02377918923, 2.28891621535, 0.94894750856, 937.99917606, 0.536193029491
5.92646845605, 1.1882678167, 1.47791826418, 1.20462384916, 2.78226632831, 0.805219420171, 1.17921692336, 0.856331877681, 1.13926125335, 1.40494745513, 7.67723505269, 1.20073300206, 2.52237157006, 1.26548476409, 1.07312395762, 1.46274390663, 1.14093863261, 0.988303379332, 5.43498281988, 1.15046535594, 0.887789891699, 409.899267188, 0.867419931728, 5.35719009998, 1.01013608072, 3.84404136479, 1.23430946626, 678.687916898, 1.07238605898
3.94788745964, 1.16243194363, 1.22095498692, 1.0089321038, 5.06505557934, 1.11573503042, 5.53792301142, 1.21128300128, 1.08913107168, 2.42026104628, 4.86437108277, 1.09671253909, 4.47116002078, 1.17818025603, 1.06111652673, 1.38083374236, 1.01176771308, 0.875336492531, 6.94483565507, 0.993545428778, 0.902262376642, 282.267017676, 1.10059405338, 5.92493630559, 0.974554413449, 2.28891621535, 0.94894750856, 438.187791707, 2.9490616622
2.45087779954, 1.34642780363, 1.73444152651, 0.850460456652, 5.35031130259, 0.794086765883, 3.35472261781, 0.825371131001, 0.948084779541, 1.8209638677, 3.33113361439, 1.17848230816, 4.63978683649, 1.23209391166, 1.05718994746, 1.46274390663, 1.0270604986, 0.94816431579, 3.82178176419, 1.01453404618, 0.819014561604, 150.166072141, 1.13803778168, 5.35719009998, 0.960014244016, 1.85325359242, 0.908638959359, 4047.53626243, 0.0
2.86715579893, 1.11160429486, 1.58111258882, 1.11743660251, 4.7189310767, 1.17513227193, 1.71282016063, 1.25688797098, 1.04180859451, 4.79807467695, 1.57428173251, 0.898323360106, 1.0523870733, 1.18706095546, 0.907143666543, 1.38193069737, 1.11020881637, 0.893415014178, 4.26641595617, 0.945754895798, 0.953135831112, 379.295086854, 1.00265388562, 1.11337479255, 0.984771063984, 3.58781335685, 0.896250819536, 444.183721206, 2.9490616622
2.92994170546, 1.24540898933, 0.835768585002, 1.21087551239, 3.98300548133, 0.816407144035, 1.17189839348, 1.16299497636, 0.919876630221, 1.76717525428, 1.90114777494, 1.20446480247, 2.03740180315, 0.99447116217, 0.96085393576, 1.04019863474, 1.05932385533, 1.02238033993, 6.90031346366, 1.06717911928, 0.902262376642, 329.379867729, 0.864680002276, 3.18085187869, 0.977134587558, 4.74192393034, 1.02557928814, 1899.61369816, 0.268096514745
4.58015567359, 1.100812454, 0.897690919984, 1.02145109259, 4.20635808163, 0.842578021325, 1.92652524695, 0.968193866324, 0.984549727755, 6.020991413, 2.76097808165, 1.08669896984, 4.1393700432, 1.1390797483, 1.03134969839, 1.4512785423, 1.06099751192, 0.988524937375, 8.18759921625, 1.12645126173, 0.799137619247, 18.9367783612, 1.13078181763, 5.30441760591, 1.17641850265, 4.64475543205, 1.27062819719, 4225.56640324, 0.0
4.65496321869, 1.25235103317, 1.0509076498, 1.17188189423, 3.07371187589, 0.732028992782, 2.59984988728, 0.832461119462, 0.981663120272, 1.62433070847, 5.85185789971, 1.01204431529, 2.35817124904, 1.27598182379, 1.02187955991, 1.2023746775, 1.11020881637, 1.01984827785, 5.45291306189, 0.961598476504, 0.915044540247, 76.1632800053, 1.12951463042, 5.81871053669, 1.08084079265, 4.18691046522, 1.18398088793, 4685.36042266, 0.0
5.92646845605, 1.1882678167, 1.47791826418, 1.20462384916, 3.51557875468, 0.805219420171, 1.0621780553, 0.943143503962, 1.13926125335, 2.66053936489, 7.67723505269, 1.20073300206, 2.52237157006, 1.26548476409, 0.969674657905, 1.57423040849, 1.11668220458, 0.988303379332, 5.43498281988, 1.15046535594, 0.915570617597, 355.701265283, 0.867419931728, 5.96820806216, 1.01013608072, 3.47503093252, 1.23430946626, 1167.40706241, 0.536193029491
2.96909474711, 1.34321928789, 1.36313563333, 1.16465509557, 5.10500956802, 1.18151528197, 5.44761959287, 1.12638903515, 1.11614743302, 4.76549730163, 4.46192161869, 0.826907021507, 4.00089257341, 1.27023850798, 1.0863456048, 1.36321144522, 1.07127903229, 0.972045822903, 9.16758413661, 1.17393714301, 0.947360086965, 285.959909164, 1.14377111016, 4.88509940277, 1.10822317259, 3.53020991826, 1.15569926379, 550.64562588, 2.68096514745
2.92994170546, 1.24540898933, 0.835768585002, 1.21087551239, 3.98300548133, 0.816407144035, 1.17189839348, 1.16299497636, 0.919876630221, 3.46641112177, 1.90114777494, 1.19581901111, 2.03740180315, 0.99447116217, 0.908075701487, 1.04019863474, 1.05932385533, 1.02238033993, 6.90031346366, 1.06717911928, 0.989624241171, 329.379867729, 0.864680002276, 3.18085187869, 0.977134587558, 4.74192393034, 1.02557928814, 607.934172516, 2.41286863271
1.34969837209, 1.00077627688, 1.119811368, 1.17137775154, 5.93887266615, 1.01783736764, 3.42660078448, 1.14834253773, 1.11043775857, 2.72945897429, 1.86606255304, 1.0412159407, 3.28073957921, 0.967446307396, 1.0079629893, 1.17172836092, 1.0091875845, 0.958024981077, 9.77988298355, 0.952670816751, 0.933904149623, 218.524814697, 0.963419779486, 2.34891240451, 1.1170281248, 5.38002503793, 1.26903951811, 4833.05086396, 0.0
4.58854524654, 1.10332730847, 1.16368127429, 1.04188187402, 4.34507313692, 0.816407144035, 3.1767240174, 1.07061602077, 0.95441298365, 4.96278660404, 1.90114777494, 1.06584163891, 2.55834085332, 0.863853322167, 0.908075701487, 1.31507542109, 1.01946015909, 1.02508062217, 3.35918611083, 1.02805127047, 0.969351666286, 32.938267449, 1.12937609081, 5.47677231152, 1.01757478155, 3.47503093252, 1.02557928814, 1336.83821393, 0.536193029491
1.34969837209, 1.17746500286, 1.119811368, 0.874369304044, 5.93887266615, 0.728440017622, 3.42660078448, 0.998230431768, 0.917218532894, 2.72945897429, 3.97134619475, 0.825295529743, 2.77371270246, 0.967446307396, 1.0079629893, 1.17172836092, 1.0091875845, 0.958024981077, 9.77988298355, 0.952670816751, 0.890217015233, 218.524814697, 0.963419779486, 2.34891240451, 1.23999111334, 5.38002503793, 1.26903951811, 527.691785507, 4.28954423592
2.86715579893, 1.34321928789, 0.766559678366, 1.12722044228, 1.68783269989, 0.941331442486, 2.06190699891, 0.923695343154, 0.951481861792, 4.79807467695, 2.44018795362, 1.1712356845, 1.0523870733, 0.834224808289, 1.04088999982, 1.53857079623, 1.06543760796, 0.884985111774, 8.51219470799, 1.02143434474, 0.92911095932, 273.238318322, 1.00265388562, 3.98907585354, 0.984771063984, 2.81454837609, 0.998541778778, 4921.14231718, 0.0
5.70905992458, 1.30537443579, 0.88885188073, 1.14547845601, 3.53156497239, 0.944002493412, 4.92835750139, 1.05956677846, 1.13470719503, 3.94734479035, 3.8732064115, 0.920520531811, 4.80834148793, 0.996454873157, 1.01733275807, 1.60928461437, 1.0409423587, 0.943717280081, 8.33281891071, 1.0853279754, 0.822314947875, 234.75775552, 1.00312931271, 3.42027272276, 1.13626185504, 4.91658114272, 0.889369844181, 1358.32652296, 0.536193029491
1.98780754799, 1.24208394806, 1.08857116795, 1.02213171243, 5.36001763145, 0.834470584461, 3.74434252059, 0.847583681392, 1.10692189874, 4.71860317197, 4.60319147888, 1.17276887051, 2.59217293245, 1.13565855743, 0.870506708566, 1.58423210658, 1.16638703886, 1.21133975951, 4.66658528917, 1.12683178287, 0.851888664687, 343.549301896, 0.945675085312, 5.92504619953, 1.19949867101, 3.5218045874, 1.27062819719, 498.930056126, 4.55764075067
2.20752329569, 1.36645338962, 1.27861303628, 1.1043710216, 7.02138932364, 1.06569150757, 2.28190215232, 1.08223940056, 0.909761758548, 4.64372583453, 5.66170026417, 1.05236261303, 1.26696243059, 1.19255150189, 0.931734852526, 1.32861687179, 1.14747105304, 1.10804557516, 5.56874190817, 0.973240603727, 0.827044279493, 368.886187703, 1.01724212806, 3.42027272276, 1.23458589996, 2.91006257109, 1.07997489972, 511.722706761, 4.82573726542
1.96675513999, 1.29797978333, 1.09054518578, 1.19397861203, 2.4548571424, 0.862980931442, 3.65240577963, 1.0358914823, 1.05869415779, 5.35835102605, 2.12716900649, 1.09831871408, 1.5484111444, 0.839018515253, 0.809892563738, 1.50593908399, 1.0490163808, 0.856440021914, 9.60726053338, 1.15227628454, 0.881299370608, 125.612704696, 0.895675909563, 4.95734613497, 1.08660251972, 1.97911038202, 1.15399285671, 5003.63647083, 0.0
4.70462372152, 1.08429684029, 0.916488368866, 0.996573726742, 5.18056884279, 1.04756337014, 3.29654623371, 0.843283394692, 1.00340581379, 5.47114442915, 1.63053765493, 0.93450665104, 1.61808696896, 1.28438391572, 0.807675159952, 1.62855598259, 1.12324951435, 1.05564810011, 5.90774307163, 0.927127825038, 0.908798552595, 157.770331726, 1.04561039019, 2.01348249526, 1.0230982802, 5.21633773629, 1.04427732234, 632.558037907, 2.9490616622
3.74345560356, 1.05250959017, 1.67793610783, 1.00555414061, 4.68398292926, 0.973730504767, 2.04791068024, 1.01512446197, 0.967337251515, 1.7847197695, 5.19876424753, 1.10970918023, 2.12944767637, 1.25908011611, 1.01535849687, 1.28569214159, 1.12515541272, 1.17355454736, 7.94264990933, 1.18596593418, 0.85495643785, 372.788416121, 0.962805642269, 5.4463034797, 1.14760234517, 3.00509919541, 1.27306023188, 2610.3154515, 0.268096514745
3.01842588674, 1.25693387172, 0.791064141412, 0.860819965964, 6.5605241675, 0.982288184634, 3.7478471719, 0.85269977446, 0.906703369779, 2.6242943823, 6.07162093537, 1.00141034686, 4.56383839936, 1.00439082106, 1.00379728816, 1.05405663542, 1.03368931812, 1.21423872776, 7.36665705963, 1.04311558441, 0.920933833594, 270.888804618, 0.998092195641, 1.95772172406, 1.20826993032, 4.60169803698, 1.22912256159, 5281.60476722, 0.0
5.92646845605, 1.1882678167, 1.47791826418, 1.20462384916, 2.78226632831, 0.805219420171, 4.65173372067, 0.943143503962, 1.13926125335, 1.40494745513, 7.67723505269, 1.20073300206, 2.52237157006, 0.915259725304, 1.01867822957, 1.49427013839, 1.11668220458, 1.01174790249, 5.43498281988, 1.11661131137, 0.887789891699, 355.701265283, 0.860752345659, 4.71760547307, 1.01013608072, 2.93029206479, 1.23430946626, 5568.02040731, 0.0
2.86715579893, 1.11160429486, 1.58111258882, 1.11743660251, 3.78725522588, 1.17513227193, 1.71282016063, 1.20170675662, 1.05351681741, 6.05856015533, 1.61187891003, 0.898323360106, 1.0523870733, 1.18706095546, 0.907143666543, 1.51861290759, 1.11020881637, 0.893415014178, 4.26641595617, 0.945754895798, 0.953135831112, 379.295086854, 1.00265388562, 1.11337479255, 0.984771063984, 3.14829832787, 0.994837272687, 926.231741787, 1.07238605898
1.34969837209, 1.03301006734, 1.119811368, 0.874369304044, 5.99610138508, 0.781266335574, 3.42660078448, 0.998230431768, 0.917218532894, 2.72945897429, 3.3854167525, 0.825295529743, 2.77371270246, 1.05935603245, 1.0079629893, 1.17172836092, 1.0091875845, 1.20553617023, 9.77988298355, 0.952670816751, 0.890217015233, 233.292668971, 0.963419779486, 2.34891240451, 1.23999489164, 5.38002503793, 1.26903951811, 5654.11061137, 0.0
1.96675513999, 1.29797978333, 1.09054518578, 0.860819965964, 2.4548571424, 0.862980931442, 3.65240577963, 1.0358914823, 1.09484790549, 5.35835102605, 2.12716900649, 1.09831871408, 1.5484111444, 0.839018515253, 0.809892563738, 1.50593908399, 1.05044627844, 0.856440021914, 9.60726053338, 1.15227628454, 0.881299370608, 125.612704696, 0.895675909563, 4.95734613497, 1.08660251972, 1.97911038202, 1.15399285671, 771.979088632, 1.60857908847
3.94788745964, 1.16243194363, 1.66595879937, 1.0089321038, 5.61874982, 1.03222586051, 5.44761959287, 1.21128300128, 1.08913107168, 2.42026104628, 4.86437108277, 1.09671253909, 3.49989012836, 1.17818025603, 1.0863456048, 1.38083374236, 1.01176771308, 0.875336492531, 4.083448297, 0.993545428778, 0.902262376642, 282.267017676, 1.04476522817, 3.60645114809, 1.01148143151, 3.37804069478, 0.94894750856, 6880.72557009, 0.0
2.86715579893, 1.11160429486, 1.58111258882, 1.11743660251, 3.78725522588, 1.17513227193, 1.71282016063, 1.04914418816, 1.04180859451, 4.79807467695, 1.61187891003, 0.898323360106, 1.0523870733, 1.18706095546, 0.907143666543, 1.51861290759, 1.11020881637, 0.893415014178, 4.26641595617, 0.945754895798, 0.953135831112, 379.295086854, 1.00265388562, 1.11337479255, 0.984771063984, 3.14829832787, 0.897454679398, 740.658262605, 2.41286863271
2.96909474711, 1.10704024716, 1.36313563333, 1.16465509557, 3.56214693788, 1.18151528197, 5.44761959287, 1.04297483169, 1.11614743302, 4.76549730163, 5.40917137729, 0.826907021507, 4.00089257341, 1.27023850798, 1.0863456048, 1.36321144522, 1.16510482899, 0.875336492531, 9.16758413661, 1.14941928192, 0.764734359954, 285.959909164, 1.14377111016, 4.3883610184, 1.10822317259, 3.98958459113, 1.26699858584, 878.614548033, 1.34048257373
5.3163539997, 1.26432889811, 1.10261286318, 1.03592690959, 2.49304611993, 0.877150735663, 4.30112312434, 0.862251964405, 0.91858219594, 2.59048138796, 6.52150596118, 1.13979644132, 3.44374894942, 1.15037914118, 0.941590487132, 1.56125998485, 1.06245044014, 0.816147483524, 7.99040921131, 1.16648847725, 0.912291512892, 135.929780944, 0.923845721986, 5.20672984202, 1.03706788269, 4.18745014962, 0.877872448226, 6996.8503851, 0.0
4.65496321869, 1.25235103317, 1.0509076498, 1.17188189423, 3.07371187589, 0.732028992782, 2.59984988728, 0.832461119462, 0.981663120272, 5.57565625173, 5.85185789971, 1.01204431529, 2.69820068685, 1.27598182379, 1.01924324769, 1.2023746775, 1.15657840575, 1.01984827785, 5.45291306189, 0.961598476504, 0.915044540247, 76.1632800053, 1.12951463042, 5.81871053669, 1.08084079265, 4.18691046522, 1.18398088793, 949.976062102, 1.07238605898
5.92646845605, 1.1882678167, 1.47791826418, 1.20462384916, 2.78226632831, 0.902400128208, 5.81755434007, 0.943143503962, 1.13926125335, 1.40494745513, 6.09926395265, 1.09671253909, 2.52237157006, 1.26548476409, 1.01867822957, 1.49427013839, 1.11668220458, 0.988303379332, 5.43498281988, 1.15046535594, 0.882397864377, 404.127119955, 0.867419931728, 4.71760547307, 1.01013608072, 3.84404136479, 1.23430946626, 1421.73831435, 0.804289544236
1.34969837209, 1.03301006734, 1.119811368, 0.874369304044, 5.99610138508, 0.781266335574, 3.42660078448, 0.998230431768, 0.917218532894, 2.72945897429, 3.3854167525, 0.825295529743, 2.77371270246, 1.05935603245, 1.0079629893, 1.17172836092, 1.0091875845, 1.20553617023, 9.77988298355, 0.941220991237, 0.890217015233, 208.840832861, 0.963419779486, 2.34891240451, 1.23999489164, 5.38002503793, 1.26903951811, 647.088137061, 3.21715817694
3.95236707678, 1.35498036756, 1.58535007728, 1.02092269232, 1.85771388819, 1.07057969554, 5.44063670053, 1.00570461955, 1.01310774318, 5.25848344307, 5.15599055062, 0.876783115575, 2.77135407055, 0.967848710125, 0.876754294566, 1.04725149539, 1.01984204785, 0.953619747993, 3.98160779555, 1.0632835198, 0.979018471418, 197.980723278, 1.1330494519, 3.60645114809, 1.20643210115, 5.31304148769, 1.20668156166, 640.287506722, 4.55764075067
3.74345560356, 1.31127614462, 1.65199096139, 1.16154808182, 3.7390479532, 0.853237905698, 4.58207765453, 0.957698435059, 0.961506430696, 1.38531658732, 6.33121892327, 0.845350458976, 2.66968173302, 1.22031282649, 0.954933242098, 1.1404275609, 1.09766276091, 0.971843772142, 3.44425080316, 0.92259506236, 0.927700253811, 349.261055146, 0.99882959007, 4.3883610184, 1.11773392975, 5.42127811288, 1.16222468569, 7138.83099564, 0.0
1.34969837209, 1.00077627688, 1.119811368, 1.06630990113, 5.93887266615, 0.748167807051, 3.42660078448, 0.998230431768, 0.917218532894, 2.72945897429, 2.55633354864, 1.0412159407, 2.77371270246, 0.967446307396, 1.0079629893, 1.17172836092, 1.00626242991, 0.958024981077, 9.77988298355, 0.952670816751, 0.933904149623, 218.524814697, 0.963419779486, 2.34891240451, 1.23999111334, 5.38002503793, 1.26903951811, 2949.76946157, 0.268096514745
5.9548743818, 1.40230182778, 1.17868127682, 1.17861153865, 1.98766960234, 1.17784292296, 2.90799148049, 0.920509142808, 1.10978476031, 2.2220476874, 2.71688946697, 1.01243587763, 4.47116002078, 1.16031067405, 0.8644000267, 1.50281293289, 1.0346213888, 1.00063315926, 3.29683181216, 1.11551324387, 0.897823554192, 378.739465092, 0.933896203255, 1.61851672835, 1.18975930552, 5.10962202429, 1.06478523658, 1437.74966457, 0.804289544236
