1.61556347876, 1.08157597994, 1.35001376032, 1.00000068959, 6.18077194948, 1.09258326739, 4.91466220482, 1.26000000229, 1.00000096068, 5.60801602481, 4.64827480348, 1.02275707548, 2.53711584676, 1.05366356652, 1.04091110458, 1.07237794093, 1.06664605143, 1.10798400457, 3.64561524178, 1.00000069416, 1.00000021394, 120.411961933, 0.92119048989, 4.37972839012, 0.950664451536, 3.71020331494, 0.870000461176, 12.7721417224, 0.0
5.18433133687, 1.18647931806, 1.35001376032, 1.00000043274, 4.46503288249, 1.08176281678, 4.79469243328, 1.26000055132, 1.00000085222, 5.07314449213, 5.79103953371, 1.03813007365, 3.33065884073, 1.03807870284, 1.04677697326, 1.24449661532, 1.02539346462, 1.09192205546, 3.27608285303, 1.00000048973, 1.00000030315, 91.2032913469, 1.06987184142, 1.59293345817, 1.0261248561, 3.34998298059, 0.87000091636, 114.054865734, 0.0
4.44216387752, 1.3143125915, 1.39625263882, 1.00000059774, 5.89536404059, 1.18120804131, 3.34011624256, 1.26000014777, 1.00000000408, 5.18919862846, 5.84207999763, 1.04005750401, 1.96579798542, 1.04703374349, 1.0294934, 1.22463508486, 1.09981563281, 0.959041803036, 5.59713012929, 1.00000070962, 1.00000014896, 99.2491553166, 0.967600151991, 1.26192393464, 0.952741990847, 4.27263544812, 0.870000826905, 67.3184802628, 0.268096514745
2.64796637846, 1.14555794783, 1.4150121781, 1.0000000707, 6.83139955928, 1.17015942602, 5.36136486231, 1.26000007672, 1.00000027674, 5.38285389864, 3.49605227473, 1.02342895471, 1.55341097693, 1.02408007927, 1.0140675907, 1.19104367158, 1.08966620997, 1.04898195198, 3.12191651492, 1.00000084356, 1.00000003855, 87.2598433145, 1.0473805171, 2.6937631839, 0.983904726496, 4.13944007427, 0.870000866408, 58.1204659106, 2.68096514745
2.13468597689, 1.19581629499, 1.58892197912, 1.00000002611, 6.49659074616, 1.15351266639, 1.01586780892, 1.26000019971, 1.00000065622, 5.16102117961, 6.49701716928, 1.0945696009, 1.34453472237, 1.03390982905, 1.04882127953, 1.49690489641, 1.13098012897, 1.06762304372, 7.53844000114, 1.00000067444, 1.00000054487, 81.6426194375, 1.06491410079, 5.82326862972, 1.02284695201, 4.26718613743, 0.870000855101, 290.756881087, 0.0
3.12784096618, 1.28445019, 1.50074233742, 1.00000077252, 5.56580350153, 1.14636646326, 4.15445205502, 1.26000057909, 1.00000007583, 6.02903483206, 4.92043788325, 1.05796413227, 1.29633126684, 1.01544723021, 1.00080466136, 1.26354772293, 1.14551563755, 0.956676968601, 4.52059788215, 1.00000082196, 1.00000074763, 111.556936228, 0.977247980008, 3.11392862416, 0.970130822932, 3.5192516983, 0.870000480063, 67.487866549, 0.268096514745
5.54453646568, 1.07757769509, 1.61754907597, 1.00000096677, 4.71693383576, 1.02762902156, 2.39001618357, 1.26000021251, 1.00000050157, 5.44559310768, 3.2331081405, 1.02841247049, 1.73584717395, 1.05844423409, 1.08981210812, 1.54999031587, 1.12810885963, 1.07971151768, 4.3143764875, 1.00000000242, 1.00000002375, 115.179217082, 0.985075622879, 5.57093812723, 0.971225750263, 3.75570099905, 0.870000316454, 61.1788649383, 4.82573726542
1.17111930735, 1.20037410426, 1.65394236585, 1.00000010333, 6.11748871458, 1.02990384023, 5.41187101754, 1.2600009723, 1.00000059424, 5.58708200115, 3.69201016152, 1.01653801199, 3.50993765967, 1.11396452083, 1.01624015707, 1.30333003105, 1.06278948151, 1.10934430825, 6.08305927056, 1.00000040642, 1.00000055511, 94.5593481743, 0.941413385746, 3.13195803538, 0.987668426044, 3.92420767212, 0.870000211772, 297.525897233, 0.0
2.5478452122, 1.37319884144, 1.67179302289, 1.00000059774, 4.56857852773, 1.1885988952, 3.36122953419, 1.2600001247, 1.00000038416, 5.37808450667, 6.91256469548, 1.04358696305, 1.77289555439, 1.04271790595, 1.04824002307, 1.33157613799, 1.00206781707, 0.965342675872, 3.89523124612, 1.00000070962, 1.00000002956, 80.9188916578, 1.01297914748, 1.86304302631, 1.06189512048, 4.18665947724, 0.870000129586, 122.506910151, 0.268096514745
3.12784096618, 1.28445019, 1.50074233742, 1.00000077252, 5.56580350153, 1.15103231406, 1.43280276943, 1.26000034629, 1.00000077329, 5.28190517028, 4.92043788325, 1.0906098203, 1.19768098138, 1.01105764541, 1.00080466136, 1.24319536527, 1.14551563755, 0.918293064958, 4.52059788215, 1.00000087117, 1.00000074763, 111.556936228, 0.954403406074, 3.11392862416, 0.951951172518, 3.5192516983, 0.870000480063, 76.0787093978, 0.536193029491
2.12601752834, 1.21089920247, 1.72557846252, 1.00000037294, 4.82898493628, 1.16918442359, 1.5840821906, 1.26000061243, 1.0000005882, 5.00474984295, 4.27274237366, 1.07707832018, 2.67708323033, 1.03227312415, 1.07745543496, 1.00697534057, 1.00503431612, 0.965054360212, 8.12743662705, 1.00000074132, 1.00000041053, 113.725560473, 0.933266527342, 2.46204423401, 0.96920561643, 3.44496419673, 0.870000670824, 315.55230226, 0.0
2.56166042613, 1.14555794783, 1.4150121781, 1.0000000707, 6.83139955928, 1.17015942602, 3.96356234427, 1.26000014374, 1.00000027674, 5.38285389864, 3.49605227473, 1.06585065229, 1.55341097693, 1.02408007927, 1.01048790719, 1.57484751492, 1.08966620997, 1.04898195198, 6.59224083929, 1.00000084356, 1.00000003855, 87.2598433145, 0.963327461202, 5.17166830906, 1.00867040287, 4.13944007427, 0.870000902456, 125.209287121, 0.268096514745
5.54453646568, 1.39846353345, 1.34936675733, 1.00000063346, 6.38927737739, 1.03810667881, 3.08222732233, 1.26000019198, 1.00000094674, 5.07266508413, 5.52411440169, 1.01948786, 2.75673578105, 1.05644320893, 1.05538473214, 1.09528957335, 1.14353422449, 1.0520492207, 9.56472204081, 1.00000006097, 1.00000099448, 114.359935363, 1.0072575256, 3.99988960316, 1.06825620626, 3.34506368197, 0.870000336122, 87.1204939658, 3.21715817694
1.17111930735, 1.15801485293, 1.6493581091, 1.00000049491, 6.0270529113, 1.00205403241, 5.41187101754, 1.26000093341, 1.00000004822, 5.86692553129, 4.41481204272, 1.0748428029, 3.50993765967, 1.08767276639, 1.01271758491, 1.42941237991, 1.07823908212, 1.10542885942, 5.91993741826, 1.00000045822, 1.00000056303, 115.440912742, 1.03687591923, 1.00206995983, 1.06757147061, 3.97106215632, 0.870000458486, 87.7107833858, 1.07238605898
1.17111930735, 1.15801485293, 1.65394236585, 1.00000009919, 6.0270529113, 1.02990384023, 5.59073817107, 1.26000092941, 1.00000004822, 5.23794703811, 4.41481204272, 1.01653801199, 1.34453472237, 1.11396452083, 1.01208058371, 1.42941237991, 1.12978659245, 1.10542885942, 5.91993741826, 1.00000040926, 1.00000072963, 83.5316877622, 0.950120579742, 2.58261942905, 1.00921713314, 3.50061524005, 0.870000210546, 120.557660493, 0.536193029491
3.03486070507, 1.10967944209, 1.60610590914, 1.00000077563, 5.32930494828, 1.18258820195, 2.66242436453, 1.26000005752, 1.00000068548, 5.81100690937, 6.32123159168, 1.03608357613, 1.32480798141, 1.07708585143, 1.00568433389, 1.57784065867, 1.00706315239, 0.913511922848, 3.27122067041, 1.00000048973, 1.00000072724, 97.3359270746, 1.06987184142, 3.1817441654, 1.0476179801, 3.51772592942, 0.870000476463, 469.222110663, 0.0
4.09362040496, 1.16856089211, 1.54607120018, 1.00000043188, 6.1749462767, 1.07935984722, 4.83998573556, 1.26000019307, 1.00000083098, 5.90606411319, 3.59325445222, 1.0142549369, 2.00800998305, 1.06898784142, 1.00385254209, 1.04170174617, 1.00516183499, 1.07442982722, 9.09242580167, 1.00000028078, 1.00000003864, 78.8843832179, 1.00668757295, 5.81208244554, 0.997864884687, 3.92420767212, 0.870000614262, 165.12326629, 0.268096514745
2.13468597689, 1.19581629499, 1.58892197912, 1.00000002611, 6.49659074616, 1.15351266639, 1.01586780892, 1.26000019971, 1.00000065622, 5.16102117961, 6.49701716928, 1.0945696009, 1.34453472237, 1.03390982905, 1.04882127953, 1.49690489641, 1.13098012897, 1.06762304372, 7.53844000114, 1.00000067444, 1.00000054487, 99.2491553166, 1.06491410079, 5.82326862972, 1.02284695201, 4.26718613743, 0.870000855101, 95.1757505446, 2.9490616622
1.17111930735, 1.15801485293, 1.65394236585, 1.00000010333, 6.0270529113, 1.02990384023, 5.41187101754, 1.26000088112, 1.00000004822, 5.23794703811, 4.41481204272, 1.01653801199, 3.50993765967, 1.11396452083, 1.01271758491, 1.42941237991, 1.07823908212, 1.10542885942, 5.91993741826, 1.00000040926, 1.00000055511, 87.0251396287, 0.950120579742, 2.58261942905, 1.06757147061, 3.97106215632, 0.870000211772, 113.475472047, 1.60857908847
2.37670219817, 1.11445684301, 1.52362275412, 1.00000043274, 4.51598096825, 1.11284706078, 2.06268527745, 1.26000060338, 1.0000007669, 5.23794703811, 6.54572270498, 1.03813007365, 3.33065884073, 1.03807870284, 1.01069762753, 1.22011982728, 1.1006212179, 0.923099023286, 5.54830700127, 1.00000068231, 1.00000030315, 98.0528272432, 1.04682200573, 3.08854350948, 1.0261248561, 3.34998298059, 0.870000795014, 131.60423074, 1.07238605898
2.037754917, 1.10849992045, 1.35001376032, 1.00000068959, 6.18077194948, 1.00383430766, 3.78951339664, 1.26000000229, 1.00000096068, 5.60801602481, 7.3299056945, 1.03947973085, 2.53711584676, 1.04707100301, 1.04091110458, 1.07566770393, 1.06664605143, 1.10798400457, 3.50242376366, 1.00000069416, 1.00000021394, 117.380521135, 0.92119048989, 4.37972839012, 0.962597379884, 3.71020331494, 0.870000461176, 477.104365812, 0.0
1.63314750874, 1.08927422951, 1.389317763, 1.00000098074, 6.67134972044, 1.08817774542, 2.4905520979, 1.26000048857, 1.00000018278, 4.99275609047, 7.21024121056, 1.04616920196, 2.57304010644, 1.10661298188, 1.08544378935, 1.03893847348, 1.05246344932, 1.00716032077, 5.9579460831, 1.00000024131, 1.00000002375, 123.814042001, 1.08457560324, 1.4154994674, 0.955360962569, 3.65396392553, 0.870000829893, 190.534011571, 0.536193029491
2.64796637846, 1.14555794783, 1.41136442216, 1.00000000443, 6.83139955928, 1.17015942602, 5.36136486231, 1.26000007672, 1.00000027674, 5.38285389864, 3.49605227473, 1.02342895471, 1.55341097693, 1.02408007927, 1.0140675907, 1.19104367158, 1.08966620997, 1.04898195198, 3.12191651492, 1.00000084356, 1.00000003855, 86.254099883, 1.0473805171, 2.6937631839, 0.983904726496, 4.17659766693, 0.870000866408, 343.638453884, 0.268096514745
2.37670219817, 1.11445684301, 1.52362275412, 1.00000043274, 4.51598096825, 1.11284706078, 2.06268527745, 1.26000060338, 1.0000007669, 5.23794703811, 5.79103953371, 1.03813007365, 3.33065884073, 1.03807870284, 1.01069762753, 1.22011982728, 1.1006212179, 0.923099023286, 5.54830700127, 1.00000068231, 1.00000030315, 98.0528272432, 1.04682200573, 3.08854350948, 1.0261248561, 3.34998298059, 0.870000795014, 118.852313923, 2.41286863271
3.854933108, 1.10910318369, 1.73335033682, 1.00000000568, 6.25016541015, 1.05550809717, 1.01586780892, 1.26000079661, 1.00000022942, 5.82563046468, 5.45561718569, 1.00148284164, 3.72011328432, 1.00166501494, 1.00681197014, 1.12029532921, 1.00614576376, 0.91000378639, 3.11347236541, 1.00000071745, 1.00000013485, 77.9507493735, 0.996540029423, 4.06249164426, 0.964877928202, 3.60973162885, 0.870000993312, 176.107311887, 1.07238605898
1.53212605036, 1.08306589668, 1.45346687102, 1.00000096223, 4.76520783201, 1.00231770483, 4.61472300345, 1.26000041592, 1.00000087969, 6.13753850263, 3.57388445675, 1.0940852007, 1.72419103859, 1.0603995962, 1.00754922046, 1.23049660274, 1.00453352474, 0.918265319247, 7.05816074064, 1.00000089282, 1.00000015216, 118.919396508, 1.02201492231, 3.9486732801, 1.00564188916, 3.48941291149, 0.870000480717, 144.50986036, 1.60857908847
5.54453646568, 1.06263343549, 1.41862193934, 1.000000747, 4.36817961114, 1.02762902156, 3.52141386941, 1.26000021251, 1.00000028714, 5.01286866741, 3.2331081405, 1.0429028188, 1.73584717395, 1.05844423409, 1.0899466023, 1.54999031587, 1.12810885963, 1.07971151768, 4.3143764875, 1.00000032153, 1.00000042793, 108.5864598, 1.04362268172, 5.57093812723, 1.06189512048, 3.75570099905, 0.870000624478, 938.282207349, 0.0
3.854933108, 1.10910318369, 1.73335033682, 1.00000000568, 6.92752927709, 1.05550809717, 1.01586780892, 1.26000079661, 1.00000022942, 5.82563046468, 5.45561718569, 1.00148284164, 3.72011328432, 1.00166501494, 1.00681197014, 1.12029532921, 1.00614576376, 0.91000378639, 3.11347236541, 1.00000071745, 1.00000009984, 77.9507493735, 0.996540029423, 4.50974338911, 0.964877928202, 3.60973162885, 0.870000993312, 257.304349121, 0.536193029491
2.64796637846, 1.10849992045, 1.35001376032, 1.00000028909, 6.50479499586, 1.00383430766, 4.523265538, 1.26000000152, 1.00000096068, 5.60801602481, 5.8613073336, 1.03808272592, 3.86434941304, 1.05644320893, 1.04091110458, 1.51839107062, 1.06664605143, 1.10798400457, 3.50242376366, 1.0000008732, 1.00000021394, 117.380521135, 1.05475644298, 4.37972839012, 0.962597379884, 3.71020331494, 0.870000805268, 393.936570763, 0.268096514745
2.19860526356, 1.37384534051, 1.64144665752, 1.00000003925, 5.70129169948, 1.0141593594, 5.59767066889, 1.26000045991, 1.00000039225, 4.99131982752, 4.68507667537, 1.0242758394, 1.29171165538, 1.09718146099, 1.05613780863, 1.62902996505, 1.00671404592, 0.910545500987, 8.16242766723, 1.00000062828, 1.00000091364, 102.985165205, 0.975311969043, 2.82453543749, 1.06000943817, 4.32926117629, 0.870000602892, 122.539137455, 3.75335120643
2.13468597689, 1.03800465753, 1.58892197912, 1.00000002611, 6.49659074616, 1.15351266639, 2.42153442105, 1.26000019971, 1.00000065622, 5.16102117961, 6.49701716928, 1.0945696009, 1.34453472237, 1.03390982905, 1.04882127953, 1.49690489641, 1.13098012897, 1.06762304372, 7.53844000114, 1.00000067444, 1.00000054487, 81.6426194375, 1.06491410079, 5.82326862972, 1.02284695201, 4.26718613743, 0.870000855101, 210.256707565, 1.07238605898
5.18433133687, 1.00324031789, 1.53555788045, 1.0000009126, 4.84141091767, 1.16918442359, 4.69895177542, 1.26000098801, 1.00000063114, 5.68304328201, 5.93231754642, 1.07707832018, 1.82776113919, 1.00255743443, 1.04018095735, 1.00697534057, 1.15763929894, 0.941120290586, 3.98032058229, 1.00000030155, 1.00000066673, 114.74339399, 1.08301474845, 2.67289675407, 0.976439443268, 3.68029129062, 0.870000670824, 186.004362745, 1.87667560322
2.58338779861, 1.21635161168, 1.41188986817, 1.00000036175, 6.41947211896, 1.08426625325, 1.96992116521, 1.26000032304, 1.00000000408, 4.97041745294, 5.21641111493, 1.01209677319, 3.95313184876, 1.10988646462, 1.05567233008, 1.35286032008, 1.13184912629, 1.06510551299, 9.82816494182, 1.00000060952, 1.00000011119, 105.14314478, 1.03492282156, 3.32832545299, 1.01636184931, 3.42438315163, 0.870000698814, 1044.2163537, 0.0
1.59933381107, 1.04010837563, 1.48054062989, 1.00000014542, 6.34707381509, 1.05919206693, 5.14433647138, 1.26000021781, 1.00000029856, 5.28190517028, 6.09842322764, 1.06416316287, 3.14437365372, 1.02617827248, 1.08203704992, 1.14025371134, 1.01566965661, 1.0846827527, 9.68001062282, 1.00000022796, 1.00000095574, 94.2653821862, 1.01193462239, 4.50974338911, 0.995903065968, 3.82840382747, 0.87000001797, 269.870944834, 0.804289544236
3.12784096618, 1.28445019, 1.5083244501, 1.00000089761, 5.56580350153, 1.14675868434, 4.62950416526, 1.26000057909, 1.00000016163, 5.89247364259, 4.92043788325, 1.00535753212, 1.29633126684, 1.01544723021, 1.00080466136, 1.04839772403, 1.14551563755, 0.956676968601, 4.52059788215, 1.00000025961, 1.00000083604, 87.6533941211, 0.977247980008, 3.22441832785, 0.954917626681, 3.44496419673, 0.870000545512, 425.779535423, 0.536193029491
3.16660335156, 1.30116319754, 1.64674945646, 1.00000024325, 5.8974081238, 1.09579708435, 2.71270819265, 1.26000093341, 1.0000005036, 5.82691240947, 7.38138149266, 1.02723166472, 2.96798694381, 1.09329223317, 1.03109450528, 1.57484751492, 1.0840805392, 1.07480374462, 5.00736287244, 1.00000010206, 1.00000066863, 85.5276199379, 1.07196683368, 4.73404932961, 1.06040343008, 4.19958447191, 0.870000125948, 798.487380453, 0.268096514745
2.75770754918, 1.0311149966, 1.64674945646, 1.00000043871, 6.73631088767, 1.18462483877, 4.03522439371, 1.26000043178, 1.0000004834, 5.46567629415, 5.59440758338, 1.03510323109, 2.23549382042, 1.11233207719, 1.01208302475, 1.28063601804, 1.07961937138, 0.960168392146, 8.37435288924, 1.00000077367, 1.00000062607, 117.303864881, 1.03075016776, 4.73404932961, 1.05024553599, 3.29199814838, 0.870000484261, 159.481065174, 5.63002680965
3.16660335156, 1.30116319754, 1.73520991574, 1.00000024325, 5.8974081238, 1.09579708435, 2.71270819265, 1.26000093341, 1.0000005036, 5.82691240947, 6.91415236489, 1.02723166472, 2.96798694381, 1.09329223317, 1.03109450528, 1.57484751492, 1.0840805392, 1.07480374462, 5.00736287244, 1.00000010206, 1.00000066863, 85.5276199379, 1.07196683368, 2.31395114632, 1.06040343008, 4.19958447191, 0.870000125948, 228.14933561, 1.34048257373
4.57995246587, 1.07370143597, 1.51467434668, 1.00000057031, 4.75378980973, 1.06180656902, 3.03313011211, 1.26000066113, 1.00000098194, 5.86692553129, 3.5966425475, 1.0570780391, 1.32480798141, 1.11105664636, 1.05002774716, 1.57784065867, 1.02634847784, 1.01508455191, 6.90725803964, 1.00000011431, 1.00000016044, 114.169809696, 1.05551256284, 3.10654519774, 1.0660157036, 4.22542164472, 0.870000631738, 189.173889477, 2.14477211796
5.18433133687, 1.00324031789, 1.53555788045, 1.0000009126, 4.84141091767, 1.16918442359, 4.63793142683, 1.26000098801, 1.00000063114, 5.68304328201, 5.12861498335, 1.07707832018, 1.82776113919, 1.00121678481, 1.04018095735, 1.00697534057, 1.15763929894, 0.941120290586, 3.98032058229, 1.00000030155, 1.00000066673, 115.250100014, 1.08301474845, 2.67289675407, 0.976439443268, 3.68029129062, 0.870000670824, 1214.48738542, 0.0
5.54453646568, 1.07757769509, 1.61754907597, 1.00000096677, 4.71693383576, 1.02762902156, 2.39001618357, 1.26000021251, 1.00000050157, 5.44559310768, 3.2331081405, 1.07476003882, 1.73584717395, 1.05844423409, 1.08981210812, 1.54999031587, 1.12810885963, 1.09992189073, 4.3143764875, 1.00000020131, 1.00000002375, 99.0979960715, 0.985075622879, 5.57093812723, 0.961976525873, 4.2818688722, 0.870000019107, 450.578450495, 0.536193029491
2.19860526356, 1.37384534051, 1.64144665752, 1.00000003925, 5.70129169948, 1.0141593594, 5.59767066889, 1.26000045991, 1.00000039225, 5.00840724625, 4.68507667537, 1.0242758394, 1.29171165538, 1.09718146099, 1.05613780863, 1.62902996505, 1.04857154944, 0.910773956048, 8.16242766723, 1.00000062828, 1.00000091364, 121.59876876, 1.01361272071, 2.82453543749, 1.06000943817, 4.32926117629, 0.870000602892, 858.18851396, 0.268096514745
4.91194447506, 1.1975218271, 1.48054062989, 1.00000093988, 4.79225949407, 1.09149388418, 5.49006330346, 1.26000034629, 1.00000081699, 5.28190517028, 4.64827480348, 1.08407297895, 1.67697830672, 1.10698072332, 1.03519247229, 1.07237794093, 1.16196159695, 0.918293064958, 7.15080400328, 1.00000087117, 1.0000000847, 79.3382912382, 1.08002264293, 1.09694047517, 1.00305338404, 3.88781463903, 0.870000658849, 264.941418717, 1.34048257373
3.12784096618, 1.28445019, 1.50074233742, 1.00000077252, 5.56580350153, 1.14636646326, 1.43280276943, 1.26000057909, 1.00000077329, 5.89247364259, 4.92043788325, 1.0906098203, 1.29633126684, 1.01105764541, 1.00080466136, 1.24319536527, 1.14551563755, 0.956676968601, 4.52059788215, 1.00000025961, 1.00000074763, 111.556936228, 0.954403406074, 3.11392862416, 0.951951172518, 3.5192516983, 0.870000480063, 237.545545661, 1.60857908847
2.64796637846, 1.14555794783, 1.4150121781, 1.0000000707, 6.38402623839, 1.17015942602, 1.01586780892, 1.26000007672, 1.00000027674, 5.51830281246, 3.49605227473, 1.02342895471, 1.55341097693, 1.02408007927, 1.0140675907, 1.19104367158, 1.08966620997, 1.04898195198, 3.12191651492, 1.00000084356, 1.00000003855, 87.2598433145, 1.00218105123, 2.6937631839, 0.983904726496, 4.13944007427, 0.870000866408, 205.945877972, 2.41286863271
2.64796637846, 1.14555794783, 1.4150121781, 1.0000000707, 6.83139955928, 1.17015942602, 3.96356234427, 1.26000014374, 1.00000027674, 5.38285389864, 3.49605227473, 1.06585065229, 1.55341097693, 1.02408007927, 1.01048790719, 1.19104367158, 1.08966620997, 1.04898195198, 4.10404363013, 1.00000084356, 1.00000003855, 87.2598433145, 0.963327461202, 2.6937631839, 1.00867040287, 4.13944007427, 0.870000902456, 1259.54903367, 0.0
3.33830767934, 1.00408517118, 1.57570407063, 1.00000032822, 5.05227586594, 1.03793506132, 3.32451357131, 1.26000074019, 1.00000010685, 5.47428646568, 7.03947330657, 1.07476003882, 3.41343965903, 1.08067843644, 1.06767442574, 1.35553446408, 1.11936119683, 0.922945909248, 7.87806914368, 1.00000020131, 1.00000037858, 99.0979960715, 1.07662667101, 2.41762697304, 0.965551966454, 3.5512005799, 0.870000653727, 458.149228043, 0.536193029491
3.12784096618, 1.28445019, 1.55406233483, 1.00000077252, 5.56580350153, 1.14636646326, 2.93936993626, 1.26000057909, 1.00000077329, 5.89247364259, 4.92043788325, 1.05796413227, 1.29633126684, 1.01544723021, 1.00080466136, 1.24319536527, 1.14551563755, 0.956676968601, 4.52059788215, 1.00000025961, 1.00000074763, 111.556936228, 1.02468083402, 3.11392862416, 0.954917626681, 3.5192516983, 0.870000480063, 374.600841598, 1.34048257373
2.37670219817, 1.11445684301, 1.52362275412, 1.00000043274, 4.51598096825, 1.11284706078, 2.06268527745, 1.26000060338, 1.0000007669, 5.23794703811, 5.79103953371, 1.03813007365, 3.33065884073, 1.03807870284, 1.01069762753, 1.22011982728, 1.1006212179, 0.923099023286, 5.54830700127, 1.00000068231, 1.00000030315, 117.846925095, 1.04682200573, 2.15943413097, 1.04876595626, 3.34998298059, 0.870000795014, 370.558979411, 1.60857908847
5.18433133687, 1.00324031789, 1.53555788045, 1.0000009126, 4.84141091767, 1.16918442359, 5.42359818583, 1.26000098801, 1.00000063114, 6.14631812917, 5.93231754642, 1.07707832018, 1.82776113919, 1.00255743443, 1.04018095735, 1.00697534057, 1.15763929894, 0.960168392146, 3.98032058229, 1.00000030155, 1.00000066673, 114.74339399, 1.08301474845, 2.67289675407, 0.976439443268, 3.68029129062, 0.870000691823, 232.885707858, 3.21715817694
2.58338779861, 1.21635161168, 1.73852109142, 1.00000036175, 6.41947211896, 1.08426625325, 1.96992116521, 1.26000032304, 1.00000000408, 4.97041745294, 5.21641111493, 1.01209677319, 3.95313184876, 1.10988646462, 1.05567233008, 1.35286032008, 1.13184912629, 1.06510551299, 8.01455547225, 1.00000060952, 1.00000011119, 105.14314478, 1.03492282156, 3.32832545299, 1.01636184931, 3.42438315163, 0.870000698814, 305.724416932, 2.9490616622
1.17111930735, 1.15801485293, 1.65394236585, 1.00000010333, 6.11748871458, 1.02990384023, 5.41187101754, 1.2600009723, 1.00000059424, 5.58708200115, 3.69201016152, 1.01653801199, 3.50993765967, 1.11396452083, 1.01624015707, 1.30333003105, 1.07823908212, 1.10542885942, 6.08305927056, 1.00000040642, 1.00000055511, 94.5593481743, 0.950120579742, 3.13195803538, 0.987668426044, 3.92420767212, 0.870000211772, 1276.40276554, 0.0
5.99611645825, 1.32235521033, 1.35790122245, 1.00000050175, 4.85833347408, 1.17015942602, 3.77357157668, 1.26000076902, 1.0000009098, 5.35342912373, 7.78388728435, 1.02827881111, 2.34330709602, 1.01818988777, 1.04432301636, 1.04912030293, 1.16167309116, 0.981194802749, 8.99582302733, 1.00000034542, 1.00000003855, 87.2598433145, 1.05783605874, 5.47371219629, 0.965578056438, 3.71266862368, 0.870000030526, 501.491220584, 0.536193029491
2.64796637846, 1.14555794783, 1.4150121781, 1.00000076913, 6.83139955928, 1.17015942602, 5.36136486231, 1.26000007672, 1.00000027674, 5.38285389864, 3.49605227473, 1.02342895471, 1.55341097693, 1.02408007927, 1.0140675907, 1.19104367158, 1.08966620997, 1.04898195198, 3.12191651492, 1.00000084356, 1.00000003855, 87.2598433145, 1.0473805171, 4.06249164426, 0.983904726496, 4.13944007427, 0.870000866408, 463.75931733, 0.804289544236
2.13468597689, 1.03800465753, 1.58892197912, 1.00000002611, 6.49659074616, 1.15351266639, 2.42153442105, 1.26000054775, 1.00000077329, 5.33083815188, 6.49701716928, 1.07636949098, 1.34453472237, 1.03390982905, 1.04882127953, 1.49690489641, 1.13098012897, 1.06762304372, 7.53844000114, 1.00000065491, 1.00000054487, 81.6426194375, 1.06491410079, 5.82326862972, 1.02284695201, 4.26718613743, 0.870000855101, 406.899718293, 1.60857908847
1.36851775209, 1.17589469938, 1.62078209918, 1.00000077563, 5.32930494828, 1.15347539784, 2.06268527745, 1.26000005752, 1.00000068548, 5.81100690937, 6.32123159168, 1.03608357613, 3.46544111952, 1.07708585143, 1.00568433389, 1.5976661397, 1.00706315239, 0.911535384441, 3.19054274179, 1.00000047321, 1.00000021394, 97.3359270746, 1.04404904135, 1.68775870176, 0.969370050287, 3.51772592942, 0.870000476463, 233.062437668, 6.97050938338
2.98415644628, 1.37319884144, 1.71778904852, 1.00000059774, 5.14082397638, 1.17307813198, 3.36122953419, 1.26000078863, 1.00000038416, 5.37808450667, 6.91256469548, 1.04358696305, 1.77289555439, 1.04271790595, 1.04284486645, 1.33157613799, 1.00206781707, 0.965342675872, 3.89523124612, 1.00000070962, 1.00000017989, 80.9188916578, 0.973484171032, 1.28587640542, 0.953239027908, 4.18665947724, 0.870000142271, 298.990537822, 6.43431635389
1.36851775209, 1.17589469938, 1.62078209918, 1.00000077563, 5.32930494828, 1.15347539784, 2.06268527745, 1.26000005752, 1.00000068548, 5.14509119175, 6.32123159168, 1.03608357613, 3.46544111952, 1.07708585143, 1.00568433389, 1.5976661397, 1.00706315239, 0.911535384441, 3.19054274179, 1.00000047321, 1.00000021394, 105.14314478, 1.04404904135, 2.57388293561, 0.969370050287, 3.51772592942, 0.870000476463, 383.98043422, 4.82573726542
5.99611645825, 1.32235521033, 1.35790122245, 1.00000050175, 4.85833347408, 1.17015942602, 3.77357157668, 1.26000076902, 1.0000009098, 5.35342912373, 7.78388728435, 1.02827881111, 2.34330709602, 1.01818988777, 1.0483841648, 1.04912030293, 1.12883388014, 0.981194802749, 8.99582302733, 1.00000034542, 1.00000003855, 87.2598433145, 1.05783605874, 5.47371219629, 0.965578056438, 3.71266862368, 0.870000030526, 1348.97277082, 0.0
2.6588464737, 1.33901117945, 1.35088400488, 1.00000004967, 5.09509212322, 1.18525508528, 5.32599914062, 1.26000048447, 1.00000009819, 5.53219641837, 3.7462888628, 1.01147134328, 1.01993690883, 1.10340403951, 1.00961517452, 1.09804009343, 1.11613096522, 1.03133938848, 7.79955760078, 1.00000026777, 1.00000014543, 81.5544797007, 0.931754665901, 4.29278373924, 1.0673641044, 4.18327062765, 0.870000541541, 528.970944235, 0.536193029491
5.18433133687, 1.00324031789, 1.53555788045, 1.0000009126, 4.84141091767, 1.16918442359, 4.69895177542, 1.26000098801, 1.00000096068, 5.68304328201, 5.93231754642, 1.07707832018, 1.82776113919, 1.00255743443, 1.04091110458, 1.00660433887, 1.15763929894, 0.941120290586, 3.98032058229, 1.00000030155, 1.00000066673, 114.74339399, 1.08301474845, 2.32840356595, 0.976986521149, 3.68029129062, 0.870000670824, 412.365586902, 1.60857908847
1.97836676962, 1.17356858411, 1.66039032257, 1.00000012054, 6.21047221928, 1.13056880576, 4.40409685384, 1.26000018, 1.00000090828, 5.08263710003, 3.87503792374, 1.03927098157, 4.0137865272, 1.11018174198, 1.0048363743, 1.41722161198, 1.15099689436, 1.06138811437, 3.89523124612, 1.0000001787, 1.00000084886, 114.486761777, 0.989128962935, 4.07981009473, 0.960404069815, 3.88430391748, 0.870000466265, 351.632803674, 8.3109919571
4.8869070865, 1.3143125915, 1.38286478671, 1.00000059774, 5.89536404059, 1.1841292527, 2.09938648224, 1.26000014777, 1.00000000408, 5.18919862846, 5.84207999763, 1.04005750401, 1.96579798542, 1.04703374349, 1.0294934, 1.22463508486, 1.09981563281, 0.959041803036, 5.59713012929, 1.00000070962, 1.00000085815, 99.2491553166, 1.06653123247, 1.26192393464, 0.952741990847, 4.27263544812, 0.870000826905, 1399.0760059, 0.0
3.12784096618, 1.07370143597, 1.50074233742, 1.00000077252, 5.56580350153, 1.14636646326, 1.43280276943, 1.26000057909, 1.00000077329, 5.89247364259, 4.92043788325, 1.0906098203, 1.29633126684, 1.11105664636, 1.00080466136, 1.24319536527, 1.14551563755, 0.956676968601, 4.52059788215, 1.00000025961, 1.00000074763, 111.556936228, 0.954403406074, 3.11392862416, 0.951951172518, 3.5192516983, 0.870000480063, 538.048832097, 0.804289544236
1.74022138441, 1.10849992045, 1.35001376032, 1.00000068959, 5.09509212322, 1.03826622349, 4.63793142683, 1.26000000229, 1.00000096068, 5.60801602481, 5.06721992587, 1.03808272592, 2.53711584676, 1.05366356652, 1.04091110458, 1.07566770393, 1.06664605143, 1.10798400457, 3.64561524178, 1.00000069416, 1.00000021394, 117.380521135, 0.92119048989, 4.37972839012, 0.962597379884, 3.71020331494, 0.870000461176, 578.321783964, 0.536193029491
5.54453646568, 1.06263343549, 1.61754907597, 1.000000747, 4.36817961114, 1.02762902156, 2.39001618357, 1.26000021251, 1.00000028714, 5.01286866741, 3.2331081405, 1.0429028188, 1.73584717395, 1.05844423409, 1.0899466023, 1.54999031587, 1.12810885963, 1.07971151768, 4.3143764875, 1.00000032153, 1.00000042793, 108.5864598, 1.04362268172, 5.57093812723, 1.04188949636, 3.75570099905, 0.870000624478, 531.986919454, 1.34048257373
1.74022138441, 1.10849992045, 1.35001376032, 1.00000068959, 6.18077194948, 1.09258326739, 4.91466220482, 1.26000000229, 1.00000096068, 5.60801602481, 4.64827480348, 1.02275707548, 2.53711584676, 1.05366356652, 1.04091110458, 1.07237794093, 1.06664605143, 1.10798400457, 3.64561524178, 1.00000069416, 1.00000021394, 117.380521135, 0.92119048989, 4.37972839012, 0.950664451536, 3.71020331494, 0.870000405577, 430.739551654, 5.63002680965
3.16660335156, 1.14555794783, 1.41136442216, 1.00000000443, 6.83139955928, 1.18702658102, 5.36136486231, 1.26000093341, 1.00000027674, 5.38285389864, 3.36860253039, 1.02342895471, 1.55341097693, 1.02408007927, 1.0140675907, 1.19104367158, 1.10581894459, 1.04898195198, 3.12191651492, 1.00000084356, 1.00000003855, 86.254099883, 1.0473805171, 2.6937631839, 0.983904726496, 4.19958447191, 0.870000866408, 459.740503252, 3.48525469169
4.91313854452, 1.22699328861, 1.58956805592, 1.00000034493, 4.48738656349, 1.07465542772, 3.32964568134, 1.26000035055, 1.00000023029, 5.29456353315, 5.70840635176, 1.02603041309, 2.725827678, 1.08463177695, 1.02306377877, 1.04503853454, 1.07397476683, 0.96509881367, 8.26284895024, 1.00000024905, 1.00000004603, 100.598130902, 1.06620538406, 1.45429548628, 1.03374116505, 3.99945785218, 0.870000385376, 500.273152626, 1.60857908847
1.63314750874, 1.23649338768, 1.389317763, 1.00000098074, 6.67134972044, 1.08817774542, 2.4905520979, 1.26000050419, 1.00000018278, 4.99275609047, 7.21024121056, 1.04616920196, 2.57304010644, 1.10661298188, 1.05228923255, 1.03893847348, 1.05246344932, 1.00716032077, 6.24969432811, 1.00000024131, 1.00000065327, 109.744303762, 1.0462058023, 1.97957063077, 0.955360962569, 3.65396392553, 0.870000829893, 1408.32438478, 0.0
1.97836676962, 1.17356858411, 1.66039032257, 1.00000012054, 6.21047221928, 1.10568849866, 5.2647968373, 1.26000018, 1.00000090828, 5.08263710003, 3.87503792374, 1.03927098157, 4.0137865272, 1.11018174198, 1.0048363743, 1.41722161198, 1.15099689436, 1.06138811437, 3.89523124612, 1.0000001787, 1.00000084886, 114.486761777, 0.989128962935, 4.07981009473, 0.960404069815, 3.99945785218, 0.870000466265, 609.067192432, 0.536193029491
1.74022138441, 1.10849992045, 1.48483315805, 1.00000068959, 5.09509212322, 1.03826622349, 4.69895177542, 1.26000000229, 1.00000096068, 5.44714518084, 5.06721992587, 1.03808272592, 3.07845567139, 1.05366356652, 1.04091110458, 1.07566770393, 1.06664605143, 1.10798400457, 3.64561524178, 1.00000069416, 1.00000021394, 117.380521135, 0.92119048989, 3.25995169218, 0.962597379884, 3.71020331494, 0.870000461176, 487.94338462, 3.48525469169
1.13353586554, 1.15801485293, 1.65394236585, 1.0000000219, 6.11748871458, 1.02990384023, 5.41187101754, 1.26000086921, 1.00000004822, 5.23794703811, 3.44407945929, 1.01653801199, 3.17327380495, 1.06099256856, 1.01271758491, 1.30609241444, 1.0112983162, 1.1086779054, 3.66597295234, 1.00000040642, 1.00000071726, 78.1464259259, 0.950120579742, 2.58261942905, 1.02202554404, 3.97106215632, 0.870000219191, 460.526694644, 4.82573726542
4.8869070865, 1.3143125915, 1.39625263882, 1.00000016892, 5.89536404059, 1.18120804131, 3.34011624256, 1.26000014777, 1.00000000408, 5.18919862846, 5.84207999763, 1.04005750401, 1.96579798542, 1.04703374349, 1.01110374301, 1.23783526614, 1.09981563281, 0.959041803036, 5.59713012929, 1.00000096012, 1.00000014896, 99.2491553166, 0.967600151991, 1.26192393464, 0.952741990847, 4.27263544812, 0.870000826905, 583.458659127, 2.9490616622
2.98415644628, 1.38964650865, 1.67179302289, 1.0000009742, 4.56857852773, 1.18908288706, 3.36122953419, 1.2600001247, 1.00000038416, 5.37808450667, 4.63771963974, 1.04932561861, 1.77289555439, 1.04271790595, 1.04824002307, 1.33157613799, 1.00206781707, 0.965342675872, 3.89523124612, 1.00000070962, 1.00000002956, 80.9188916578, 1.01297914748, 1.86304302631, 1.04188949636, 4.18665947724, 0.870000129586, 1409.28533444, 0.0
2.37670219817, 1.18647931806, 1.35001376032, 1.00000043274, 4.46503288249, 1.08176281678, 4.79469243328, 1.26000055132, 1.0000007669, 5.07314449213, 5.79103953371, 1.03813007365, 3.33065884073, 1.03807870284, 1.04677697326, 1.24449661532, 1.02539346462, 1.09192205546, 3.27122067041, 1.00000048973, 1.00000030315, 91.2032913469, 1.06987184142, 1.59293345817, 1.0261248561, 3.34998298059, 0.87000091636, 645.544914833, 1.07238605898
5.18433133687, 1.16295053885, 1.53555788045, 1.0000009126, 4.9407751913, 1.16918442359, 4.63793142683, 1.26000098801, 1.00000063114, 5.68304328201, 5.12861498335, 1.07707832018, 2.51380420422, 1.00121678481, 1.04018095735, 1.00697534057, 1.15763929894, 0.919304550196, 3.98032058229, 1.00000015983, 1.00000066673, 115.250100014, 1.08301474845, 2.67289675407, 0.976439443268, 3.68029129062, 0.870000670824, 712.00854145, 0.536193029491
5.25518457709, 1.16856089211, 1.54607120018, 1.00000043188, 4.71693383576, 1.07935984722, 4.83998573556, 1.26000048447, 1.00000083098, 5.90606411319, 3.59325445222, 1.02841247049, 2.00800998305, 1.06898784142, 1.00159296033, 1.09804009343, 1.00516183499, 1.07442982722, 9.09242580167, 1.00000028078, 1.00000003864, 78.8843832179, 1.01049560411, 5.81208244554, 0.997864884687, 3.55195580597, 0.870000614262, 635.4184318, 2.41286863271
4.8869070865, 1.3143125915, 1.39625263882, 1.00000059774, 5.89536404059, 1.18120804131, 3.34011624256, 1.26000014777, 1.00000000408, 5.18919862846, 5.84207999763, 1.04005750401, 1.96579798542, 1.04703374349, 1.0294934, 1.22463508486, 1.09981563281, 0.959041803036, 5.59713012929, 1.00000070962, 1.00000014896, 99.2491553166, 0.967600151991, 1.26192393464, 0.952741990847, 4.27263544812, 0.870000826905, 510.156552435, 4.28954423592
1.17111930735, 1.15801485293, 1.65394236585, 1.0000000219, 6.11748871458, 1.02990384023, 5.41187101754, 1.26000086921, 1.00000004822, 5.23794703811, 3.44407945929, 1.01653801199, 3.17327380495, 1.06099256856, 1.01271758491, 1.30609241444, 1.03546205726, 1.1086779054, 3.66597295234, 1.00000040642, 1.00000071726, 78.1464259259, 0.950120579742, 2.58261942905, 0.982520154348, 3.97106215632, 0.870000219191, 481.214818814, 6.16621983914
2.12601752834, 1.09850134907, 1.72557846252, 1.00000082961, 4.82898493628, 1.16918442359, 1.5840821906, 1.26000061243, 1.0000005882, 5.00474984295, 4.27274237366, 1.07707832018, 2.67708323033, 1.03227312415, 1.07745543496, 1.00697534057, 1.01566965661, 0.965054360212, 5.11974034637, 1.00000074132, 1.00000041053, 113.725560473, 0.933266527342, 2.46204423401, 0.96920561643, 3.44496419673, 0.870000670824, 605.184707502, 3.48525469169
4.8869070865, 1.3143125915, 1.39625263882, 1.00000016892, 5.89536404059, 1.18120804131, 3.34011624256, 1.26000014777, 1.00000000408, 5.18919862846, 5.84207999763, 1.04005750401, 1.96579798542, 1.04703374349, 1.01110374301, 1.23783526614, 1.09981563281, 0.959041803036, 5.59713012929, 1.00000096012, 1.00000014896, 99.2491553166, 0.967600151991, 1.26192393464, 0.952741990847, 3.71020331494, 0.870000826905, 1451.35739269, 0.0
1.36851775209, 1.17589469938, 1.62078209918, 1.00000077563, 6.83139955928, 1.16041452624, 5.36136486231, 1.26000005752, 1.00000068548, 5.14509119175, 7.69529970919, 1.03608357613, 3.46544111952, 1.07708585143, 1.00568433389, 1.5976661397, 1.00706315239, 0.911535384441, 3.19054274179, 1.00000047321, 1.00000021394, 105.14314478, 1.0473805171, 2.57388293561, 0.969370050287, 3.51772592942, 0.870000476463, 650.295646066, 1.34048257373
2.6588464737, 1.33901117945, 1.35088400488, 1.00000022544, 5.09509212322, 1.18525508528, 5.32599914062, 1.26000048447, 1.00000009819, 5.53219641837, 3.7462888628, 1.01147134328, 1.01993690883, 1.10340403951, 1.00961517452, 1.09804009343, 1.11613096522, 1.03133938848, 7.79955760078, 1.00000026777, 1.00000004603, 81.5544797007, 0.931754665901, 4.29278373924, 1.0673641044, 4.18327062765, 0.870000541541, 654.739069089, 1.07238605898
3.33830767934, 1.00408517118, 1.57570407063, 1.00000032822, 5.05227586594, 1.03793506132, 3.32451357131, 1.26000074019, 1.00000010685, 5.47428646568, 7.03947330657, 1.07476003882, 3.41343965903, 1.08067843644, 1.06767442574, 1.35553446408, 1.11936119683, 0.977697268786, 7.87806914368, 1.00000020131, 1.00000037858, 99.0979960715, 1.07662667101, 2.41762697304, 0.965551966454, 3.5512005799, 0.870000653727, 741.608634047, 0.536193029491
1.08123018756, 1.30690368108, 1.62183838247, 1.00000004916, 4.96468153119, 1.06331073515, 2.29840932633, 1.26000067461, 1.00000013085, 5.2512729023, 6.11443122837, 1.0036013638, 2.94945722654, 1.11662765354, 1.0529373154, 1.17139494641, 1.10499153935, 0.955219523426, 3.12191651492, 1.00000017329, 1.00000070914, 111.748666726, 0.913421223425, 5.08364313303, 1.05907551026, 3.91639216357, 0.870000952368, 740.414939823, 0.804289544236
5.18433133687, 1.00324031789, 1.53555788045, 1.0000009126, 4.84141091767, 1.16918442359, 4.69895177542, 1.26000098801, 1.00000096068, 5.68304328201, 5.93231754642, 1.07707832018, 1.82776113919, 1.00255743443, 1.04091110458, 1.00697534057, 1.15763929894, 0.941120290586, 3.98032058229, 1.00000030155, 1.00000066673, 114.74339399, 1.08301474845, 2.67289675407, 0.976439443268, 3.68029129062, 0.870000670824, 587.431362097, 6.97050938338
4.57995246587, 1.07370143597, 1.51467434668, 1.00000057031, 6.3558964698, 1.06180656902, 3.03313011211, 1.26000066113, 1.00000098194, 5.86692553129, 3.5966425475, 1.0570780391, 1.32480798141, 1.11105664636, 1.05002774716, 1.57784065867, 1.02634847784, 1.01508455191, 6.90725803964, 1.00000011431, 1.00000016044, 114.169809696, 1.05551256284, 3.10654519774, 1.0660157036, 4.22542164472, 0.870000096043, 611.789509508, 4.02144772118
1.17111930735, 1.15801485293, 1.6493581091, 1.00000049491, 6.0270529113, 1.00205403241, 5.41187101754, 1.26000093341, 1.00000004822, 5.26567601234, 4.41481204272, 1.0748428029, 3.50993765967, 1.08767276639, 1.01271758491, 1.42941237991, 1.07823908212, 1.10542885942, 5.91993741826, 1.00000045822, 1.00000056303, 115.440912742, 1.03687591923, 1.00206995983, 1.06757147061, 3.97106215632, 0.870000458486, 1491.09300047, 0.0
3.16660335156, 1.14555794783, 1.41136442216, 1.00000000443, 6.83139955928, 1.17015942602, 5.36136486231, 1.26000093341, 1.00000027674, 5.38285389864, 3.49605227473, 1.02342895471, 1.55341097693, 1.02408007927, 1.0140675907, 1.19104367158, 1.13365971347, 1.04898195198, 3.12191651492, 1.00000084356, 1.00000003855, 86.254099883, 1.0473805171, 2.6937631839, 0.983904726496, 4.19958447191, 0.870000866408, 668.522721109, 1.07238605898
5.99611645825, 1.32235521033, 1.35790122245, 1.00000050175, 4.85833347408, 1.11347414092, 3.77357157668, 1.26000076902, 1.0000009098, 5.35342912373, 7.78388728435, 1.02827881111, 2.34330709602, 1.01818988777, 1.0483841648, 1.04912030293, 1.12883388014, 0.981194802749, 8.99582302733, 1.00000034542, 1.00000011982, 109.256323921, 1.05783605874, 5.39646468288, 0.965578056438, 3.71266862368, 0.870000038689, 657.005970318, 1.60857908847
2.98415644628, 1.37319884144, 1.67179302289, 1.00000059774, 4.56857852773, 1.1885988952, 3.36122953419, 1.2600001247, 1.00000038416, 5.37808450667, 6.91256469548, 1.04358696305, 1.77289555439, 1.04271790595, 1.04824002307, 1.33157613799, 1.00206781707, 0.965342675872, 3.89523124612, 1.00000070962, 1.00000002956, 80.9188916578, 1.01297914748, 1.86304302631, 1.06189512048, 4.18665947724, 0.870000129586, 762.107546117, 0.536193029491
3.12784096618, 1.28445019, 1.61754907597, 1.00000096677, 4.64853748642, 1.14899481911, 4.15445205502, 1.26000001726, 1.00000007583, 6.128948115, 4.92043788325, 1.05796413227, 1.29633126684, 1.01544723021, 1.00080466136, 1.26354772293, 1.14551563755, 0.956676968601, 4.52059788215, 1.00000082196, 1.00000002375, 111.556936228, 0.977247980008, 5.57093812723, 0.966919686112, 3.5192516983, 0.870000480063, 642.783532312, 7.77479892761
5.18433133687, 1.00324031789, 1.43483711819, 1.0000009126, 4.84141091767, 1.16918442359, 5.42359818583, 1.26000098801, 1.00000063114, 6.14631812917, 5.93231754642, 1.07707832018, 1.82776113919, 1.00255743443, 1.04018095735, 1.00697534057, 1.15763929894, 0.960168392146, 3.98032058229, 1.00000030155, 1.00000066673, 114.74339399, 1.08301474845, 2.67289675407, 0.976439443268, 3.68029129062, 0.870000691823, 1503.24824279, 0.0
4.49840347043, 1.15063799552, 1.4150121781, 1.0000000707, 6.83139955928, 1.13056880576, 2.29840932633, 1.26000004497, 1.00000027674, 5.38285389864, 3.49605227473, 1.0948342934, 1.55341097693, 1.02408007927, 1.0140675907, 1.0854535599, 1.08966620997, 0.938024971644, 3.12191651492, 1.00000084356, 1.00000003855, 87.2598433145, 1.0473805171, 2.33743120025, 0.983904726496, 4.13944007427, 0.870000902456, 669.252132716, 2.14477211796
1.74022138441, 1.10849992045, 1.35001376032, 1.00000068959, 6.18077194948, 1.09258326739, 4.91466220482, 1.26000000229, 1.00000096068, 5.60801602481, 4.64827480348, 1.02275707548, 2.53711584676, 1.05366356652, 1.04091110458, 1.07237794093, 1.06664605143, 1.10798400457, 3.64561524178, 1.00000069416, 1.00000021394, 117.380521135, 0.92119048989, 4.37972839012, 0.950664451536, 3.71020331494, 0.870000461176, 788.24964809, 1.07238605898
1.61556347876, 1.07280858424, 1.50717546226, 1.00000028234, 4.45289469961, 1.01863623535, 1.59279563997, 1.26000010605, 1.000000402, 5.4920564443, 6.48368557719, 1.0785853196, 2.32163407582, 1.1053804586, 1.07088489482, 1.22789400781, 1.15495245813, 1.08458004433, 6.43919103399, 1.00000072935, 1.00000040113, 123.02629674, 0.974072293116, 2.93221090123, 1.02992738066, 3.88196897485, 0.870000146363, 875.118465595, 0.536193029491
5.18433133687, 1.00324031789, 1.53555788045, 1.0000009126, 6.73631088767, 1.16918442359, 4.69895177542, 1.26000098801, 1.00000063114, 5.68304328201, 3.92217214089, 1.07707832018, 2.68214028752, 1.00255743443, 1.04867140069, 1.00697534057, 1.15763929894, 0.941120290586, 3.98032058229, 1.00000030155, 1.00000066673, 114.74339399, 1.08301474845, 2.67289675407, 0.976439443268, 3.68029129062, 0.870000670824, 1533.37820551, 0.0
3.33830767934, 1.00408517118, 1.57570407063, 1.00000032822, 5.05227586594, 1.03793506132, 3.32451357131, 1.26000074019, 1.00000010685, 5.47428646568, 7.19480200732, 1.07476003882, 3.41343965903, 1.08067843644, 1.05655826633, 1.35553446408, 1.11936119683, 0.977697268786, 9.64716984187, 1.00000020131, 1.00000037858, 99.0979960715, 1.07662667101, 3.23991676981, 0.97538032894, 3.5512005799, 0.870000653727, 680.334088911, 2.41286863271
5.25518457709, 1.36682426013, 1.54607120018, 1.00000008915, 4.90922204675, 1.07935984722, 4.83998573556, 1.26000003167, 1.00000043821, 5.86632404784, 3.59325445222, 1.0142549369, 2.74318167208, 1.06898784142, 1.00385254209, 1.30187036692, 1.12505498031, 1.01910772166, 7.04402273926, 1.00000046916, 1.00000003864, 78.8843832179, 1.01049560411, 5.81208244554, 0.997864884687, 3.92420767212, 0.870000561451, 892.327597652, 0.536193029491
