0.0, 2.0, 2.0, 1.0, 0.0, 2.0, 0.0, -1.0, -1.0, 0.0, -1.0, -1.0, 2.0, -1.0, 0.0, 3.0, -1.0, 0.0, 1.0, 1.0, -1.0, 0.0, -1.0, 2.0, 1.0, -1.0, 0.0, 1.0, -1.0, 3.0, 3.0, 0.0, 1.0, 2.0, -1.0, -1.0, -1.0, 2.0, 1.0, 3.0, 3.0, -1.0, 1.0, 2.0, 1.0, -1.0, 3.0, 0.0, 3.0, 0.0, 96593.0, 529.0
1.0, 2.0, 2.0, 1.0, 0.0, 2.0, 0.0, -1.0, -1.0, 0.0, -1.0, -1.0, 2.0, -1.0, 0.0, 3.0, -1.0, 0.0, 1.0, 1.0, -1.0, 0.0, -1.0, 2.0, -1.0, -1.0, 0.0, 1.0, -1.0, 3.0, 3.0, 0.0, 1.0, 2.0, -1.0, -1.0, -1.0, 2.0, 1.0, 3.0, 3.0, -1.0, 1.0, 2.0, 1.0, -1.0, 3.0, 0.0, 3.0, 0.0, 96714.0, 514.0
1.0, 2.0, 2.0, 1.0, 0.0, 2.0, 0.0, -1.0, -1.0, 0.0, -1.0, -1.0, 2.0, -1.0, 0.0, 3.0, -1.0, 0.0, 1.0, 1.0, -1.0, 0.0, -1.0, 2.0, -1.0, -1.0, 0.0, 1.0, -1.0, 3.0, 3.0, 0.0, 1.0, 2.0, -1.0, -1.0, -1.0, 2.0, 1.0, 3.0, 3.0, -1.0, 1.0, 2.0, 1.0, -1.0, 3.0, 0.0, 3.0, 0.0, 96714.0, 514.0
1.0, 2.0, 2.0, 1.0, 0.0, 2.0, 0.0, -1.0, -1.0, 0.0, -1.0, -1.0, 2.0, -1.0, 0.0, 3.0, -1.0, 0.0, 1.0, 1.0, -1.0, 0.0, -1.0, 2.0, -1.0, -1.0, 0.0, 1.0, -1.0, 3.0, 3.0, 0.0, 1.0, 2.0, -1.0, -1.0, -1.0, 2.0, 1.0, 3.0, 3.0, -1.0, 1.0, 2.0, 1.0, -1.0, 3.0, 0.0, 3.0, 0.0, 96714.0, 514.0
1.0, 0.0, -1.0, 0.0, -1.0, 2.0, -1.0, 1.0, 3.0, 1.0, 2.0, 0.0, 2.0, 1.0, 3.0, 0.0, -1.0, 1.0, 0.0, 2.0, 2.0, 2.0, -1.0, -1.0, 1.0, -1.0, 2.0, -1.0, 0.0, 0.0, 2.0, 3.0, 2.0, -1.0, 1.0, -1.0, 3.0, -1.0, 0.0, -1.0, 1.0, -1.0, 0.0, 1.0, -1.0, 3.0, 0.0, 3.0, 0.0, -1.0, 96682.0, 519.0
2.0, 0.0, -1.0, 3.0, -1.0, 2.0, 1.0, 0.0, -1.0, 0.0, 1.0, 3.0, 0.0, 1.0, 2.0, -1.0, 3.0, 1.0, 0.0, 2.0, 2.0, -1.0, 0.0, -1.0, 1.0, -1.0, 1.0, 0.0, 1.0, -1.0, 1.0, 2.0, -1.0, 3.0, 2.0, 2.0, 0.0, 3.0, 3.0, 0.0, 2.0, -1.0, -1.0, -1.0, -1.0, 2.0, 3.0, 1.0, 1.0, 0.0, 96239.0, 554.0
1.0, 2.0, 2.0, 1.0, 0.0, 2.0, 0.0, -1.0, -1.0, 0.0, -1.0, -1.0, 2.0, -1.0, 0.0, 3.0, -1.0, 0.0, -1.0, 1.0, -1.0, 0.0, -1.0, 2.0, -1.0, -1.0, 0.0, 1.0, -1.0, 3.0, 3.0, 0.0, 1.0, 2.0, -1.0, -1.0, -1.0, 2.0, 1.0, 3.0, 3.0, -1.0, 1.0, 2.0, 1.0, -1.0, 3.0, 0.0, 3.0, 0.0, 96780.0, 499.0
1.0, 2.0, 2.0, 1.0, 0.0, 2.0, 0.0, -1.0, -1.0, 0.0, -1.0, -1.0, 2.0, -1.0, 0.0, 3.0, -1.0, 0.0, -1.0, 1.0, -1.0, 0.0, -1.0, 2.0, -1.0, -1.0, 0.0, 1.0, -1.0, 3.0, 3.0, 0.0, 1.0, 2.0, -1.0, -1.0, -1.0, 2.0, 1.0, 3.0, 3.0, -1.0, 1.0, 2.0, 1.0, -1.0, 3.0, 0.0, 3.0, 0.0, 96780.0, 499.0
1.0, 2.0, 2.0, 1.0, 0.0, 2.0, 0.0, -1.0, -1.0, 0.0, -1.0, -1.0, 2.0, -1.0, 0.0, 3.0, -1.0, 0.0, -1.0, 1.0, -1.0, 0.0, -1.0, 2.0, -1.0, -1.0, 0.0, 1.0, -1.0, 3.0, 3.0, 0.0, 1.0, 2.0, -1.0, -1.0, -1.0, 2.0, 1.0, 3.0, 3.0, -1.0, 1.0, 2.0, 1.0, -1.0, 3.0, 0.0, 3.0, 0.0, 96780.0, 499.0
1.0, 2.0, 2.0, 1.0, 0.0, 2.0, 0.0, -1.0, -1.0, 0.0, -1.0, -1.0, 2.0, -1.0, 0.0, 3.0, -1.0, 0.0, -1.0, 1.0, -1.0, 0.0, -1.0, 2.0, -1.0, -1.0, 0.0, 1.0, -1.0, 3.0, 3.0, 0.0, 1.0, 2.0, -1.0, -1.0, -1.0, 2.0, 1.0, 3.0, 3.0, -1.0, 1.0, 2.0, 1.0, -1.0, 3.0, 0.0, 3.0, 0.0, 96780.0, 499.0
2.0, 0.0, -1.0, 3.0, -1.0, 2.0, 1.0, 0.0, -1.0, 0.0, 1.0, 3.0, 0.0, -1.0, 2.0, 3.0, 3.0, 1.0, 0.0, 2.0, 2.0, -1.0, 0.0, -1.0, 1.0, -1.0, 1.0, 0.0, 1.0, -1.0, 1.0, 2.0, -1.0, 3.0, 2.0, 2.0, 0.0, 3.0, 3.0, 0.0, 2.0, -1.0, -1.0, -1.0, -1.0, 2.0, 3.0, 1.0, 1.0, 0.0, 96326.0, 551.0
1.0, 0.0, -1.0, 0.0, -1.0, 2.0, -1.0, 1.0, 3.0, 1.0, 2.0, 0.0, 2.0, 1.0, 3.0, 0.0, -1.0, 1.0, 0.0, 2.0, 2.0, 2.0, -1.0, 1.0, 1.0, -1.0, 2.0, -1.0, 0.0, 0.0, 2.0, 3.0, 2.0, -1.0, 1.0, -1.0, 3.0, -1.0, 0.0, 1.0, 1.0, -1.0, 0.0, -1.0, -1.0, 3.0, 0.0, 3.0, 0.0, -1.0, 96640.0, 529.0
1.0, 0.0, -1.0, 0.0, -1.0, 2.0, -1.0, 1.0, 3.0, 1.0, 2.0, 0.0, 2.0, 1.0, 3.0, 0.0, -1.0, 1.0, 0.0, 2.0, 2.0, 2.0, -1.0, -1.0, 1.0, -1.0, 2.0, -1.0, 0.0, 0.0, 2.0, 3.0, 2.0, -1.0, 1.0, -1.0, 3.0, -1.0, 0.0, 1.0, 1.0, -1.0, 0.0, 1.0, -1.0, 3.0, 0.0, 3.0, 0.0, -1.0, 96606.0, 530.0
1.0, 0.0, -1.0, 0.0, -1.0, 2.0, -1.0, 1.0, 3.0, 1.0, 2.0, 0.0, 2.0, 1.0, 3.0, 0.0, -1.0, 1.0, 0.0, 2.0, 2.0, 2.0, -1.0, -1.0, 1.0, -1.0, 2.0, -1.0, 0.0, 0.0, 2.0, 3.0, 2.0, -1.0, 1.0, -1.0, 3.0, -1.0, 0.0, 1.0, 1.0, -1.0, 0.0, 1.0, -1.0, 3.0, 0.0, 3.0, 0.0, -1.0, 96606.0, 530.0
1.0, 0.0, -1.0, 0.0, -1.0, 2.0, -1.0, 1.0, 3.0, 1.0, 2.0, 0.0, 2.0, 1.0, 3.0, 0.0, -1.0, 1.0, 0.0, 2.0, 2.0, 2.0, -1.0, -1.0, 1.0, -1.0, 2.0, -1.0, 0.0, 0.0, 2.0, 3.0, 2.0, -1.0, 1.0, -1.0, 3.0, -1.0, 0.0, 1.0, 1.0, -1.0, 0.0, 1.0, -1.0, 3.0, 0.0, 3.0, 0.0, -1.0, 96606.0, 530.0
1.0, 0.0, -1.0, 0.0, -1.0, 2.0, -1.0, 1.0, 3.0, 1.0, 2.0, 0.0, 2.0, 1.0, 3.0, 0.0, -1.0, 1.0, 0.0, 2.0, 2.0, 2.0, -1.0, -1.0, 1.0, -1.0, 2.0, -1.0, 0.0, 0.0, 2.0, 3.0, 2.0, -1.0, 1.0, -1.0, 3.0, -1.0, 0.0, 1.0, 1.0, -1.0, 0.0, 1.0, -1.0, 3.0, 0.0, 3.0, 0.0, -1.0, 96606.0, 530.0
1.0, 0.0, -1.0, 0.0, -1.0, 2.0, -1.0, 1.0, 3.0, 1.0, 2.0, 0.0, 2.0, 1.0, 3.0, 0.0, -1.0, 1.0, 0.0, 2.0, 2.0, 2.0, -1.0, -1.0, 1.0, -1.0, 2.0, -1.0, 0.0, 0.0, 2.0, 3.0, 2.0, -1.0, 1.0, -1.0, 3.0, -1.0, 0.0, 1.0, 1.0, -1.0, 0.0, 1.0, -1.0, 3.0, 0.0, 3.0, 0.0, -1.0, 96606.0, 530.0
2.0, 0.0, -1.0, 3.0, -1.0, 2.0, 1.0, 0.0, -1.0, 0.0, 1.0, 3.0, 0.0, 1.0, 2.0, 3.0, 3.0, 1.0, 0.0, 2.0, 2.0, -1.0, 0.0, -1.0, 1.0, -1.0, 1.0, 0.0, 1.0, -1.0, 1.0, 2.0, -1.0, 3.0, 2.0, 2.0, 0.0, 3.0, 3.0, 0.0, 2.0, -1.0, -1.0, -1.0, -1.0, 2.0, 3.0, 1.0, 1.0, 0.0, 96198.0, 566.0
3.0, -1.0, 2.0, 2.0, 3.0, -1.0, 0.0, 3.0, 0.0, 1.0, 2.0, 3.0, 1.0, 1.0, 1.0, 2.0, -1.0, 2.0, 0.0, 0.0, -1.0, 3.0, 2.0, 1.0, 0.0, 1.0, 0.0, 1.0, -1.0, -1.0, 2.0, 2.0, 2.0, 0.0, 0.0, 2.0, 0.0, -1.0, 3.0, -1.0, -1.0, 1.0, -1.0, 1.0, 3.0, 1.0, 0.0, 0.0, -1.0, 2.0, 96276.0, 563.0
3.0, -1.0, 2.0, 2.0, 3.0, -1.0, 0.0, 3.0, 0.0, 1.0, 2.0, 3.0, 1.0, 1.0, 1.0, 2.0, -1.0, 2.0, 0.0, 0.0, -1.0, 3.0, 2.0, 1.0, 0.0, 1.0, 0.0, 1.0, -1.0, -1.0, 2.0, 2.0, 2.0, 0.0, 0.0, 2.0, 0.0, -1.0, 3.0, -1.0, -1.0, 1.0, -1.0, 1.0, 3.0, 1.0, 0.0, 0.0, -1.0, 2.0, 96276.0, 563.0
3.0, -1.0, 2.0, 2.0, 3.0, -1.0, 0.0, 3.0, 0.0, 1.0, 2.0, 3.0, 1.0, 1.0, 1.0, 2.0, -1.0, 2.0, 0.0, 0.0, -1.0, 3.0, 2.0, 1.0, 0.0, 1.0, 0.0, 1.0, -1.0, -1.0, 2.0, 2.0, 2.0, 0.0, 0.0, 2.0, 0.0, -1.0, 3.0, -1.0, -1.0, 1.0, -1.0, 1.0, 3.0, 1.0, 0.0, 0.0, -1.0, 2.0, 96276.0, 563.0
3.0, -1.0, 2.0, 2.0, 3.0, -1.0, 0.0, 3.0, 0.0, 1.0, 2.0, 3.0, 1.0, 1.0, 1.0, 2.0, -1.0, 2.0, 0.0, 0.0, -1.0, 3.0, 2.0, 1.0, 0.0, 1.0, 0.0, 1.0, -1.0, -1.0, 2.0, 2.0, 2.0, 0.0, 0.0, 2.0, 0.0, -1.0, 3.0, -1.0, -1.0, 1.0, -1.0, 1.0, 3.0, 1.0, 0.0, 0.0, -1.0, 2.0, 96276.0, 563.0
1.0, 0.0, -1.0, 0.0, -1.0, 2.0, -1.0, 1.0, 3.0, 1.0, 2.0, 0.0, 2.0, 1.0, 3.0, 0.0, -1.0, 1.0, 0.0, 2.0, 2.0, 2.0, -1.0, 1.0, 1.0, -1.0, 2.0, -1.0, 0.0, 0.0, 2.0, 3.0, 2.0, -1.0, 1.0, -1.0, 3.0, -1.0, 0.0, 1.0, 1.0, -1.0, 0.0, 1.0, -1.0, 3.0, 0.0, 3.0, 0.0, -1.0, 96499.0, 546.0
0.0, 1.0, 1.0, 2.0, 0.0, 3.0, 2.0, -1.0, -1.0, 0.0, 2.0, 3.0, 0.0, 2.0, 1.0, 1.0, 0.0, 0.0, 2.0, -1.0, 1.0, 1.0, -1.0, 3.0, 2.0, 1.0, 3.0, 3.0, 1.0, 0.0, -1.0, 1.0, -1.0, -1.0, 2.0, 2.0, -1.0, 0.0, 1.0, 2.0, 3.0, -1.0, 0.0, 0.0, -1.0, -1.0, -1.0, 2.0, 2.0, 1.0, 96263.0, 574.0
0.0, 1.0, 1.0, 2.0, 0.0, 3.0, 2.0, -1.0, -1.0, 0.0, 2.0, 3.0, 0.0, 2.0, 1.0, 1.0, 0.0, 0.0, 2.0, -1.0, 1.0, 1.0, -1.0, 3.0, 2.0, 1.0, 3.0, 3.0, 1.0, 0.0, -1.0, 1.0, -1.0, -1.0, 2.0, 2.0, -1.0, 0.0, 1.0, 2.0, 3.0, -1.0, 0.0, 0.0, -1.0, -1.0, -1.0, 2.0, 2.0, 1.0, 96263.0, 574.0
0.0, 1.0, 1.0, 2.0, 0.0, 3.0, 2.0, -1.0, -1.0, 0.0, 2.0, 3.0, 0.0, 2.0, 1.0, 1.0, 0.0, 0.0, 2.0, -1.0, 1.0, 1.0, -1.0, 3.0, 2.0, 1.0, 3.0, 3.0, 1.0, 0.0, -1.0, 1.0, -1.0, -1.0, 2.0, 2.0, -1.0, 0.0, 1.0, 2.0, 3.0, -1.0, 0.0, 0.0, -1.0, -1.0, -1.0, 2.0, 2.0, 1.0, 96263.0, 574.0
0.0, 1.0, 1.0, 2.0, 0.0, 3.0, 2.0, -1.0, -1.0, 0.0, 2.0, 3.0, 0.0, 2.0, 1.0, 1.0, 0.0, 0.0, 2.0, -1.0, 1.0, 1.0, -1.0, 3.0, 2.0, 1.0, 3.0, 3.0, 1.0, 0.0, -1.0, 1.0, -1.0, -1.0, 2.0, 2.0, -1.0, 0.0, 1.0, 2.0, 3.0, -1.0, 0.0, 0.0, -1.0, -1.0, -1.0, 2.0, 2.0, 1.0, 96263.0, 574.0
0.0, 1.0, 1.0, 2.0, 0.0, 3.0, 2.0, -1.0, -1.0, 0.0, 2.0, 3.0, 0.0, 2.0, 1.0, 1.0, 0.0, 0.0, 2.0, -1.0, 1.0, 1.0, -1.0, 3.0, 2.0, 1.0, 3.0, 3.0, 1.0, 0.0, -1.0, 1.0, -1.0, -1.0, 2.0, 2.0, -1.0, 0.0, 1.0, 2.0, 3.0, -1.0, 0.0, 0.0, -1.0, -1.0, -1.0, 2.0, 2.0, 1.0, 96263.0, 574.0
0.0, 1.0, 1.0, 2.0, 0.0, 3.0, 2.0, -1.0, -1.0, 0.0, 2.0, 3.0, 0.0, 2.0, 1.0, 1.0, 0.0, 0.0, 2.0, -1.0, 1.0, 1.0, -1.0, 3.0, 2.0, 1.0, 3.0, 3.0, 1.0, 0.0, -1.0, 1.0, -1.0, -1.0, 2.0, 2.0, -1.0, 0.0, 1.0, 2.0, 3.0, -1.0, 0.0, 0.0, -1.0, -1.0, -1.0, 2.0, 2.0, 1.0, 96263.0, 574.0
0.0, 1.0, 1.0, 2.0, 0.0, 3.0, 2.0, -1.0, -1.0, 0.0, 2.0, 3.0, 0.0, 2.0, 1.0, 1.0, 0.0, 0.0, 2.0, -1.0, 1.0, 1.0, -1.0, 3.0, 2.0, 1.0, 3.0, 3.0, 1.0, 0.0, -1.0, 1.0, -1.0, -1.0, 2.0, 2.0, -1.0, 0.0, 1.0, 2.0, 3.0, -1.0, 0.0, 0.0, -1.0, -1.0, -1.0, 2.0, 2.0, 1.0, 96263.0, 574.0
0.0, 1.0, 1.0, 2.0, 0.0, 3.0, 2.0, -1.0, -1.0, 0.0, 2.0, 3.0, 0.0, 2.0, 1.0, 1.0, 0.0, 0.0, 2.0, -1.0, 1.0, 1.0, -1.0, 3.0, 2.0, 1.0, 3.0, 3.0, 1.0, 0.0, -1.0, 1.0, -1.0, -1.0, 2.0, 2.0, -1.0, 0.0, 1.0, 2.0, 3.0, -1.0, 0.0, 0.0, -1.0, -1.0, -1.0, 2.0, 2.0, 1.0, 96263.0, 574.0
0.0, 3.0, 2.0, 3.0, 0.0, -1.0, 2.0, -1.0, 3.0, 1.0, -1.0, 0.0, 2.0, 1.0, 2.0, -1.0, -1.0, 0.0, 1.0, 1.0, 3.0, -1.0, 0.0, 1.0, 3.0, 1.0, 2.0, 2.0, 0.0, -1.0, 3.0, 1.0, 3.0, 2.0, 0.0, 2.0, -1.0, 3.0, 0.0, 1.0, 1.0, -1.0, 3.0, 1.0, 0.0, 0.0, -1.0, 2.0, 0.0, 3.0, 96080.0, 597.0
-1.0, 0.0, -1.0, 2.0, 0.0, 0.0, -1.0, -1.0, -1.0, 0.0, 1.0, 0.0, 0.0, 3.0, 3.0, 1.0, -1.0, 0.0, 2.0, 3.0, 2.0, 3.0, 3.0, 0.0, 2.0, -1.0, 1.0, -1.0, 1.0, -1.0, 3.0, 1.0, -1.0, 3.0, 3.0, 2.0, -1.0, 2.0, 3.0, 1.0, 1.0, -1.0, 1.0, 0.0, 0.0, 3.0, 2.0, -1.0, -1.0, 1.0, 96612.0, 546.0
2.0, 0.0, -1.0, 3.0, -1.0, 2.0, 1.0, 0.0, -1.0, 0.0, 1.0, 3.0, 0.0, 1.0, 2.0, 3.0, 3.0, 1.0, 0.0, 2.0, 2.0, -1.0, -1.0, -1.0, 1.0, -1.0, 1.0, 0.0, 1.0, -1.0, 1.0, 2.0, -1.0, 3.0, 2.0, 2.0, 0.0, 3.0, 3.0, 0.0, 2.0, -1.0, -1.0, -1.0, -1.0, 2.0, 3.0, 1.0, 1.0, 0.0, 96420.0, 553.0
2.0, 0.0, -1.0, 3.0, -1.0, 2.0, 1.0, 0.0, -1.0, 0.0, 1.0, 3.0, 0.0, 1.0, 2.0, 3.0, 3.0, 1.0, 0.0, 2.0, 2.0, -1.0, -1.0, -1.0, 1.0, -1.0, 1.0, 0.0, 1.0, -1.0, 1.0, 2.0, -1.0, 3.0, 2.0, 2.0, 0.0, 3.0, 3.0, 0.0, 2.0, -1.0, -1.0, 1.0, -1.0, 2.0, 3.0, 1.0, 1.0, 0.0, 96279.0, 570.0
