1.0, -1.0, 0.0, 2.0, -1.0, 0.0, -1.0, -1.0, 3.0, 2.0, 0.0, 2.0, -1.0, 1.0, -1.0, -1.0, -1.0, 2.0, 0.0, 0.0, 1.0, -1.0, 2.0, 0.0, -1.0, 0.0, 3.0, 1.0, 1.0, -1.0, 1.0, 1.0, 1.0, 3.0, 2.0, -1.0, 1.0, 2.0, 3.0, 2.0, -1.0, -1.0, 2.0, 2.0, 2.0, 0.0, 0.0, 1.0, 3.0, -1.0, 490.0, 99496.0
1.0, -1.0, 0.0, 2.0, -1.0, 0.0, -1.0, -1.0, 3.0, 2.0, 0.0, 2.0, -1.0, 1.0, -1.0, -1.0, -1.0, 2.0, 0.0, 0.0, 1.0, -1.0, 2.0, 0.0, -1.0, 0.0, 3.0, 1.0, 1.0, -1.0, 1.0, 1.0, 1.0, 3.0, 2.0, -1.0, 1.0, 2.0, 3.0, 2.0, -1.0, -1.0, 2.0, 2.0, 2.0, 0.0, 0.0, 1.0, 3.0, -1.0, 490.0, 99496.0
-1.0, 2.0, 0.0, 3.0, -1.0, 2.0, 0.0, 0.0, 0.0, 0.0, 3.0, -1.0, -1.0, 1.0, 0.0, -1.0, 1.0, 2.0, 3.0, 0.0, 3.0, 3.0, 0.0, 2.0, 2.0, 0.0, 3.0, 1.0, 0.0, 1.0, -1.0, -1.0, 2.0, -1.0, 1.0, -1.0, 3.0, 2.0, 2.0, 1.0, 2.0, 0.0, 2.0, 1.0, 2.0, -1.0, 2.0, 3.0, 2.0, 3.0, 549.0, 99423.0
3.0, 2.0, 0.0, 3.0, -1.0, 2.0, 0.0, 2.0, 0.0, 0.0, 3.0, 3.0, -1.0, 2.0, 3.0, -1.0, 1.0, -1.0, 1.0, 0.0, 3.0, 3.0, 3.0, 2.0, 2.0, 0.0, 0.0, 1.0, 1.0, -1.0, 0.0, 0.0, 2.0, -1.0, 1.0, -1.0, 1.0, 2.0, 3.0, 1.0, -1.0, 0.0, 2.0, 1.0, 2.0, -1.0, 2.0, 3.0, 2.0, -1.0, 568.0, 99410.0
-1.0, 2.0, 0.0, 3.0, -1.0, 2.0, 0.0, 1.0, 0.0, 0.0, 3.0, -1.0, -1.0, 2.0, 0.0, -1.0, 1.0, -1.0, 1.0, 0.0, 3.0, 3.0, 3.0, 2.0, 2.0, 0.0, 0.0, 1.0, 0.0, -1.0, -1.0, 0.0, 1.0, -1.0, 1.0, -1.0, 1.0, 2.0, 3.0, 1.0, 2.0, 0.0, 2.0, 1.0, 2.0, -1.0, 2.0, 3.0, 2.0, 3.0, 544.0, 99434.0
1.0, -1.0, 0.0, 2.0, -1.0, 0.0, -1.0, -1.0, 3.0, 2.0, 0.0, 2.0, -1.0, 1.0, 2.0, -1.0, -1.0, 2.0, 0.0, 0.0, 1.0, -1.0, 2.0, 0.0, -1.0, 0.0, 3.0, 1.0, 1.0, -1.0, 1.0, 1.0, 1.0, 3.0, 2.0, -1.0, 1.0, 2.0, 3.0, 2.0, -1.0, -1.0, 2.0, 2.0, 2.0, 0.0, 0.0, 1.0, 2.0, -1.0, 500.0, 99483.0
-1.0, 0.0, 0.0, 0.0, -1.0, 1.0, 2.0, 0.0, -1.0, -1.0, 0.0, 2.0, 2.0, 2.0, 2.0, 2.0, 0.0, 2.0, 1.0, 0.0, 3.0, 1.0, -1.0, 1.0, 1.0, 1.0, 1.0, -1.0, 2.0, -1.0, 0.0, -1.0, 3.0, 2.0, -1.0, -1.0, 0.0, 2.0, 3.0, 2.0, -1.0, 1.0, -1.0, 1.0, 2.0, 1.0, 1.0, 2.0, 0.0, -1.0, 519.0, 99475.0
-1.0, 2.0, 0.0, 3.0, -1.0, 2.0, 0.0, 1.0, 0.0, -1.0, 3.0, -1.0, -1.0, 2.0, 0.0, -1.0, 1.0, -1.0, 1.0, 0.0, 3.0, 3.0, 3.0, 2.0, 2.0, 0.0, 0.0, 1.0, 0.0, 1.0, 0.0, -1.0, 2.0, -1.0, 1.0, 0.0, 1.0, 2.0, 2.0, 1.0, 2.0, 0.0, -1.0, 1.0, 2.0, -1.0, 2.0, 3.0, 2.0, -1.0, 537.0, 99444.0
1.0, -1.0, 0.0, 2.0, -1.0, 0.0, -1.0, -1.0, 3.0, 2.0, 0.0, 2.0, -1.0, 1.0, 2.0, -1.0, -1.0, 2.0, 0.0, 3.0, 1.0, -1.0, 2.0, 0.0, -1.0, 0.0, 3.0, 1.0, 1.0, -1.0, 1.0, 1.0, 1.0, 3.0, 2.0, -1.0, 1.0, 2.0, 3.0, 2.0, -1.0, -1.0, 2.0, 2.0, 2.0, 0.0, 0.0, 1.0, 2.0, -1.0, 500.0, 99483.0
1.0, -1.0, 0.0, 2.0, -1.0, 0.0, -1.0, 1.0, 3.0, 2.0, 0.0, 2.0, -1.0, 2.0, -1.0, -1.0, -1.0, 2.0, 0.0, 0.0, 1.0, -1.0, 2.0, 0.0, -1.0, 0.0, 3.0, 1.0, 1.0, -1.0, 1.0, 1.0, 1.0, 3.0, 2.0, 0.0, 1.0, 2.0, 3.0, 2.0, -1.0, -1.0, 2.0, 2.0, 2.0, 0.0, 0.0, 1.0, 3.0, -1.0, 523.0, 99463.0
0.0, 1.0, 3.0, 3.0, -1.0, 0.0, 1.0, 2.0, 3.0, 2.0, 2.0, 0.0, 0.0, 2.0, 2.0, 3.0, 2.0, 2.0, 3.0, 3.0, 0.0, -1.0, 0.0, 2.0, -1.0, 1.0, 3.0, 0.0, 0.0, -1.0, -1.0, 2.0, 3.0, 0.0, 0.0, 0.0, 3.0, 2.0, 2.0, 1.0, -1.0, 1.0, -1.0, 1.0, 2.0, 1.0, 1.0, 1.0, 0.0, -1.0, 594.0, 99390.0
-1.0, 2.0, 0.0, 3.0, -1.0, 2.0, 0.0, 1.0, 0.0, 0.0, 3.0, -1.0, -1.0, 2.0, 0.0, -1.0, 1.0, -1.0, 1.0, 0.0, 3.0, 3.0, 3.0, 2.0, 2.0, 0.0, 0.0, 1.0, 1.0, -1.0, 0.0, -1.0, 2.0, -1.0, 1.0, -1.0, 1.0, 2.0, 3.0, 1.0, 2.0, 0.0, 2.0, 1.0, 2.0, -1.0, 2.0, 3.0, 2.0, -1.0, 532.0, 99447.0
0.0, -1.0, 2.0, 1.0, 0.0, 3.0, 0.0, 1.0, 0.0, 0.0, 2.0, 0.0, -1.0, -1.0, 3.0, -1.0, 3.0, 2.0, 0.0, 2.0, 3.0, 0.0, 2.0, 3.0, 2.0, 1.0, 1.0, 1.0, 1.0, 3.0, 1.0, 0.0, 1.0, 0.0, 1.0, -1.0, -1.0, 1.0, -1.0, -1.0, -1.0, 2.0, -1.0, -1.0, 1.0, -1.0, 1.0, 0.0, 0.0, 0.0, 527.0, 99457.0
-1.0, 0.0, 0.0, 0.0, -1.0, 1.0, 2.0, 2.0, -1.0, -1.0, 0.0, 2.0, 2.0, 2.0, 2.0, 2.0, 0.0, 3.0, 1.0, 0.0, 0.0, 1.0, -1.0, 1.0, 1.0, 1.0, 1.0, -1.0, 0.0, -1.0, 0.0, -1.0, 3.0, 3.0, -1.0, -1.0, 0.0, 2.0, 3.0, 1.0, -1.0, 1.0, -1.0, 1.0, 2.0, 2.0, 2.0, 2.0, 0.0, -1.0, 519.0, 99475.0
-1.0, 1.0, 0.0, 3.0, -1.0, 2.0, 3.0, 1.0, 0.0, 2.0, 0.0, 2.0, 2.0, 0.0, 1.0, -1.0, 1.0, 3.0, -1.0, 0.0, 3.0, 2.0, 1.0, 1.0, 2.0, 1.0, 0.0, 0.0, 3.0, -1.0, -1.0, 2.0, 0.0, 2.0, 1.0, -1.0, 2.0, 3.0, 2.0, 0.0, -1.0, 1.0, 1.0, 1.0, 3.0, -1.0, 1.0, 1.0, 0.0, 3.0, 574.0, 99405.0
3.0, 2.0, 0.0, 3.0, -1.0, 2.0, 0.0, 2.0, 0.0, 0.0, 3.0, 3.0, -1.0, 2.0, 3.0, -1.0, 1.0, -1.0, 1.0, 0.0, 3.0, 3.0, 3.0, 2.0, 2.0, 0.0, 0.0, 1.0, 1.0, -1.0, 0.0, 0.0, 2.0, -1.0, 1.0, -1.0, 1.0, 2.0, 3.0, 1.0, 2.0, 0.0, 2.0, 1.0, 2.0, -1.0, 2.0, 3.0, 2.0, -1.0, 583.0, 99399.0
3.0, 3.0, 0.0, 2.0, -1.0, 1.0, 2.0, 2.0, 1.0, 2.0, 0.0, 3.0, 0.0, 1.0, 3.0, -1.0, 2.0, 3.0, 1.0, -1.0, 0.0, 1.0, 3.0, 0.0, 2.0, 1.0, 1.0, 0.0, 0.0, 0.0, -1.0, 0.0, 0.0, 0.0, 1.0, 2.0, 2.0, 3.0, 0.0, 1.0, 2.0, 0.0, -1.0, 2.0, 1.0, 2.0, 2.0, 1.0, 1.0, 2.0, 630.0, 99360.0
0.0, -1.0, 2.0, 1.0, 0.0, 3.0, 0.0, 2.0, 1.0, 0.0, 2.0, 0.0, -1.0, -1.0, 3.0, -1.0, 3.0, 2.0, 0.0, 2.0, 3.0, 0.0, 2.0, 3.0, 2.0, 3.0, 1.0, 1.0, 1.0, 3.0, 1.0, 0.0, 1.0, 0.0, 1.0, -1.0, -1.0, 1.0, -1.0, -1.0, -1.0, 2.0, -1.0, -1.0, 3.0, -1.0, 1.0, 0.0, 0.0, 2.0, 527.0, 99457.0
1.0, -1.0, 0.0, 2.0, -1.0, 0.0, -1.0, 1.0, 3.0, 2.0, 0.0, 2.0, -1.0, 2.0, -1.0, -1.0, -1.0, 2.0, 0.0, 0.0, 1.0, -1.0, 2.0, 0.0, -1.0, 0.0, 3.0, 1.0, 1.0, -1.0, 1.0, 1.0, 1.0, 3.0, 2.0, 0.0, 1.0, 2.0, 3.0, 2.0, -1.0, -1.0, 2.0, 2.0, 2.0, 0.0, 0.0, 1.0, 3.0, -1.0, 523.0, 99463.0
3.0, 2.0, 0.0, 3.0, -1.0, 2.0, 0.0, 2.0, 0.0, 0.0, 3.0, 3.0, -1.0, 2.0, 3.0, -1.0, 1.0, -1.0, 1.0, 0.0, 3.0, 3.0, 3.0, 2.0, 2.0, 0.0, 0.0, 1.0, 1.0, -1.0, 0.0, 0.0, 2.0, -1.0, 1.0, -1.0, 1.0, 2.0, 3.0, 1.0, 2.0, 0.0, 2.0, 1.0, 2.0, -1.0, 2.0, 3.0, 2.0, -1.0, 583.0, 99399.0
0.0, 1.0, 3.0, 3.0, -1.0, 1.0, 1.0, 2.0, 3.0, 2.0, 2.0, 0.0, 0.0, 2.0, 2.0, 3.0, 2.0, 2.0, 3.0, 3.0, 0.0, -1.0, 0.0, 2.0, -1.0, 1.0, 3.0, 0.0, 0.0, -1.0, -1.0, 2.0, 3.0, 0.0, 0.0, 0.0, 3.0, 2.0, 2.0, 1.0, -1.0, 1.0, 1.0, 2.0, 3.0, 1.0, 1.0, 1.0, 0.0, 3.0, 622.0, 99369.0
-1.0, 2.0, 0.0, 3.0, -1.0, 2.0, 0.0, 1.0, 0.0, 0.0, 3.0, -1.0, -1.0, 2.0, 0.0, -1.0, 1.0, -1.0, 1.0, 0.0, 3.0, 3.0, 3.0, 2.0, 2.0, 0.0, 0.0, 1.0, 1.0, -1.0, 0.0, -1.0, 2.0, -1.0, 1.0, -1.0, 1.0, 2.0, 3.0, 1.0, 2.0, 0.0, 2.0, 1.0, 2.0, -1.0, 2.0, 3.0, 2.0, -1.0, 532.0, 99447.0
0.0, 1.0, 3.0, 3.0, -1.0, 1.0, 1.0, 2.0, 3.0, 2.0, 2.0, 0.0, 0.0, 2.0, 2.0, 3.0, 2.0, 2.0, 3.0, 3.0, 2.0, -1.0, 0.0, 2.0, -1.0, 1.0, 3.0, 0.0, 0.0, -1.0, -1.0, 2.0, 3.0, 0.0, 0.0, 0.0, 3.0, 2.0, 2.0, 1.0, -1.0, 1.0, 1.0, 1.0, 2.0, 1.0, 1.0, 1.0, 2.0, 3.0, 622.0, 99369.0
3.0, 3.0, 0.0, 2.0, -1.0, 1.0, 2.0, 2.0, 1.0, 2.0, 0.0, 3.0, 0.0, 1.0, 3.0, -1.0, 2.0, 3.0, 1.0, -1.0, 0.0, 1.0, 3.0, 0.0, 2.0, 3.0, 1.0, 0.0, 0.0, 0.0, -1.0, 0.0, 0.0, 0.0, 1.0, 2.0, 2.0, 3.0, 0.0, 1.0, 2.0, 0.0, -1.0, 2.0, 3.0, 2.0, 2.0, 1.0, 1.0, 2.0, 630.0, 99360.0
1.0, -1.0, 0.0, 2.0, -1.0, 0.0, -1.0, -1.0, 3.0, 2.0, 0.0, 2.0, -1.0, 1.0, -1.0, -1.0, -1.0, 2.0, 0.0, 0.0, 1.0, -1.0, 2.0, 0.0, -1.0, 0.0, 3.0, 1.0, 1.0, -1.0, 1.0, 1.0, 1.0, 3.0, 2.0, -1.0, 1.0, 2.0, 3.0, 2.0, -1.0, -1.0, 2.0, 2.0, 2.0, 0.0, 0.0, 1.0, 3.0, -1.0, 490.0, 99496.0
1.0, -1.0, 0.0, 2.0, -1.0, 0.0, -1.0, -1.0, 3.0, 2.0, 0.0, 2.0, -1.0, 1.0, -1.0, -1.0, -1.0, 2.0, 0.0, 0.0, 1.0, -1.0, 2.0, 0.0, -1.0, 0.0, 3.0, 1.0, 1.0, -1.0, 1.0, 1.0, 1.0, 3.0, 2.0, -1.0, 1.0, 2.0, 3.0, 2.0, -1.0, -1.0, 2.0, 2.0, 2.0, 0.0, 0.0, 1.0, 3.0, -1.0, 490.0, 99496.0
1.0, -1.0, 0.0, 2.0, -1.0, 0.0, -1.0, -1.0, 3.0, 2.0, 0.0, 2.0, -1.0, 1.0, -1.0, -1.0, -1.0, 2.0, 0.0, 0.0, 1.0, -1.0, 2.0, 0.0, -1.0, 0.0, 3.0, 1.0, 1.0, -1.0, 1.0, 1.0, 1.0, 3.0, 2.0, -1.0, 1.0, 2.0, 3.0, 2.0, -1.0, -1.0, 2.0, 2.0, 2.0, 0.0, 0.0, 1.0, 3.0, -1.0, 490.0, 99496.0
1.0, -1.0, 0.0, 2.0, -1.0, 0.0, -1.0, -1.0, 3.0, 2.0, 0.0, 2.0, -1.0, 1.0, -1.0, -1.0, -1.0, 2.0, 0.0, 0.0, 1.0, -1.0, 2.0, 0.0, -1.0, 0.0, 3.0, 1.0, 1.0, -1.0, 1.0, 1.0, 1.0, 3.0, 2.0, -1.0, 1.0, 2.0, 3.0, 2.0, -1.0, -1.0, 2.0, 2.0, 2.0, 0.0, 0.0, 1.0, 3.0, -1.0, 490.0, 99496.0
1.0, -1.0, 0.0, 2.0, -1.0, 0.0, -1.0, -1.0, 3.0, 2.0, 0.0, 2.0, -1.0, 1.0, -1.0, -1.0, -1.0, 2.0, 0.0, 0.0, 0.0, -1.0, 2.0, 0.0, -1.0, 0.0, 3.0, 1.0, 1.0, -1.0, 1.0, 1.0, 1.0, 3.0, 2.0, -1.0, 1.0, 2.0, 3.0, 2.0, -1.0, -1.0, 2.0, 2.0, 2.0, 0.0, 0.0, 1.0, 3.0, -1.0, 490.0, 99496.0
1.0, -1.0, 0.0, 2.0, -1.0, 0.0, -1.0, -1.0, 3.0, 2.0, 0.0, 2.0, -1.0, 1.0, -1.0, -1.0, -1.0, 2.0, 0.0, 0.0, 1.0, -1.0, 2.0, 0.0, -1.0, 0.0, 3.0, 1.0, 1.0, -1.0, 1.0, 1.0, 1.0, 3.0, 2.0, -1.0, 1.0, 2.0, 3.0, 2.0, -1.0, -1.0, 2.0, 2.0, 2.0, 0.0, 0.0, 1.0, 3.0, -1.0, 490.0, 99496.0
1.0, -1.0, 0.0, 2.0, -1.0, 0.0, -1.0, -1.0, 3.0, 2.0, 0.0, 2.0, -1.0, 1.0, -1.0, -1.0, -1.0, 2.0, 0.0, 0.0, 1.0, -1.0, 2.0, 0.0, -1.0, 0.0, 3.0, 1.0, 1.0, -1.0, 1.0, 1.0, 1.0, 3.0, 2.0, -1.0, 1.0, 2.0, 3.0, 2.0, -1.0, -1.0, 2.0, 2.0, 2.0, 0.0, 0.0, 1.0, 3.0, -1.0, 490.0, 99496.0
1.0, -1.0, 0.0, 2.0, -1.0, 0.0, -1.0, -1.0, 3.0, 2.0, 0.0, 2.0, -1.0, 1.0, -1.0, -1.0, -1.0, 2.0, 0.0, 0.0, 1.0, -1.0, 2.0, 0.0, -1.0, 0.0, 3.0, 1.0, 1.0, -1.0, 1.0, 1.0, 1.0, 3.0, 2.0, -1.0, 1.0, 2.0, 3.0, 2.0, -1.0, -1.0, 2.0, 2.0, 2.0, 0.0, 0.0, 1.0, 3.0, -1.0, 490.0, 99496.0
1.0, -1.0, 0.0, 2.0, -1.0, 0.0, -1.0, -1.0, 3.0, 2.0, 0.0, 2.0, -1.0, 1.0, -1.0, -1.0, -1.0, 2.0, 0.0, 0.0, 1.0, -1.0, 2.0, 0.0, -1.0, 0.0, 3.0, 1.0, 1.0, -1.0, 1.0, 1.0, 1.0, 3.0, 2.0, -1.0, 1.0, 2.0, 3.0, 2.0, -1.0, -1.0, 2.0, 2.0, 2.0, 0.0, 0.0, 1.0, 3.0, -1.0, 490.0, 99496.0
1.0, -1.0, 0.0, 2.0, -1.0, 0.0, -1.0, -1.0, 3.0, 2.0, 0.0, 2.0, -1.0, 1.0, -1.0, -1.0, -1.0, 2.0, 0.0, 0.0, 1.0, -1.0, 2.0, 0.0, -1.0, 0.0, 3.0, 1.0, 1.0, -1.0, 1.0, 1.0, 1.0, 3.0, 2.0, -1.0, 1.0, 2.0, 3.0, 2.0, -1.0, -1.0, 2.0, 2.0, 2.0, 0.0, 0.0, 1.0, 3.0, -1.0, 490.0, 99496.0
1.0, -1.0, 0.0, 2.0, -1.0, 0.0, -1.0, -1.0, 3.0, 2.0, 0.0, 2.0, -1.0, 1.0, -1.0, -1.0, -1.0, 2.0, 0.0, 0.0, 1.0, -1.0, 2.0, 0.0, -1.0, 0.0, 3.0, 1.0, 1.0, -1.0, 1.0, 1.0, 1.0, 3.0, 2.0, -1.0, 1.0, 2.0, 3.0, 2.0, -1.0, -1.0, 2.0, 2.0, 2.0, 0.0, 0.0, 1.0, 3.0, -1.0, 490.0, 99496.0
1.0, -1.0, 0.0, 2.0, -1.0, 0.0, -1.0, -1.0, 3.0, 2.0, 0.0, 2.0, -1.0, 1.0, -1.0, -1.0, -1.0, 2.0, 0.0, 0.0, 1.0, -1.0, 2.0, 0.0, -1.0, 0.0, 3.0, 1.0, 1.0, -1.0, 1.0, 1.0, 1.0, 3.0, 2.0, -1.0, 1.0, 2.0, 3.0, 2.0, -1.0, -1.0, 2.0, 2.0, 2.0, 0.0, 0.0, 1.0, 3.0, -1.0, 490.0, 99496.0
1.0, -1.0, 0.0, 2.0, -1.0, 0.0, -1.0, -1.0, 3.0, 2.0, 0.0, 2.0, -1.0, 1.0, -1.0, -1.0, -1.0, 2.0, 0.0, 0.0, 1.0, -1.0, 2.0, 0.0, -1.0, 0.0, 3.0, 1.0, 1.0, -1.0, 1.0, 1.0, 1.0, 3.0, 2.0, -1.0, 1.0, 2.0, 3.0, 2.0, -1.0, -1.0, 2.0, 2.0, 2.0, 0.0, 0.0, 1.0, 3.0, -1.0, 490.0, 99496.0
1.0, -1.0, 0.0, 2.0, -1.0, 0.0, -1.0, -1.0, 3.0, 2.0, 0.0, 2.0, -1.0, 1.0, -1.0, -1.0, -1.0, 2.0, 0.0, 0.0, 1.0, -1.0, 2.0, 0.0, -1.0, 0.0, 3.0, 1.0, 1.0, -1.0, 1.0, 1.0, 1.0, 3.0, 2.0, -1.0, 1.0, 2.0, 3.0, 2.0, -1.0, -1.0, 2.0, 2.0, 2.0, 0.0, 0.0, 1.0, 3.0, -1.0, 490.0, 99496.0
1.0, -1.0, 0.0, 2.0, -1.0, 0.0, -1.0, -1.0, 3.0, 2.0, 0.0, 2.0, -1.0, 1.0, -1.0, -1.0, -1.0, 2.0, 0.0, 0.0, 1.0, -1.0, 2.0, 0.0, -1.0, 0.0, 3.0, 1.0, 1.0, -1.0, 1.0, 1.0, 1.0, 3.0, 2.0, -1.0, 1.0, 2.0, 3.0, 2.0, -1.0, -1.0, 2.0, 2.0, 2.0, 0.0, 0.0, 1.0, 3.0, -1.0, 490.0, 99496.0
1.0, -1.0, 0.0, 2.0, -1.0, 0.0, -1.0, -1.0, 3.0, 2.0, 0.0, 2.0, -1.0, 1.0, -1.0, -1.0, -1.0, 2.0, 0.0, 0.0, 1.0, -1.0, 2.0, 0.0, -1.0, 0.0, 3.0, 1.0, 1.0, -1.0, 1.0, 1.0, 1.0, 3.0, 2.0, -1.0, 1.0, 2.0, 3.0, 2.0, -1.0, -1.0, 2.0, 2.0, 2.0, 0.0, 0.0, 1.0, 3.0, -1.0, 490.0, 99496.0
1.0, -1.0, 0.0, 2.0, -1.0, 0.0, -1.0, -1.0, 3.0, 2.0, 0.0, 2.0, -1.0, 1.0, -1.0, -1.0, -1.0, 2.0, 0.0, 0.0, 1.0, -1.0, 2.0, 0.0, -1.0, 0.0, 3.0, 1.0, 1.0, -1.0, 1.0, 1.0, 1.0, 3.0, 2.0, -1.0, 1.0, 2.0, 3.0, 2.0, -1.0, -1.0, 2.0, 2.0, 2.0, 0.0, 0.0, 1.0, 3.0, -1.0, 490.0, 99496.0
1.0, -1.0, 0.0, 2.0, -1.0, 0.0, -1.0, -1.0, 3.0, 2.0, 0.0, 2.0, -1.0, 1.0, -1.0, -1.0, -1.0, 2.0, 0.0, 0.0, 1.0, -1.0, 2.0, 0.0, -1.0, 0.0, 3.0, 1.0, 1.0, -1.0, 1.0, 1.0, 1.0, 3.0, 2.0, -1.0, 1.0, 2.0, 3.0, 2.0, -1.0, -1.0, 2.0, 2.0, 2.0, 0.0, 0.0, 1.0, 3.0, -1.0, 490.0, 99496.0
1.0, -1.0, 0.0, 2.0, -1.0, 0.0, -1.0, -1.0, 3.0, 2.0, 0.0, 2.0, -1.0, 1.0, -1.0, -1.0, -1.0, 2.0, 0.0, 0.0, 1.0, -1.0, 2.0, 0.0, -1.0, 0.0, 3.0, 1.0, 1.0, -1.0, 1.0, 1.0, 1.0, 3.0, 2.0, -1.0, 1.0, 2.0, 3.0, 2.0, -1.0, -1.0, 2.0, 2.0, 2.0, 0.0, 0.0, 1.0, 3.0, -1.0, 490.0, 99496.0
