1.0, 2.0, 0.0, -1.0, 2.0, 1.0, 1.0, 0.0, 0.0, 2.0, 3.0, 1.0, -1.0, 2.0, 3.0, 2.0, 0.0, 3.0, -1.0, 3.0, 0.0, 1.0, 0.0, -1.0, -1.0, 0.0, 1.0, -1.0, 1.0, 3.0, -1.0, 2.0, 2.0, 2.0, -1.0, 1.0, -1.0, 2.0, -1.0, 0.0, 0.0, 1.0, 3.0, 1.0, 0.0, 2.0, -1.0, 0.0, -1.0, 1.0, 95624.0, 537.0
1.0, 2.0, 0.0, 2.0, 0.0, 3.0, -1.0, 2.0, -1.0, 3.0, 0.0, 2.0, -1.0, 0.0, -1.0, 2.0, -1.0, 1.0, -1.0, 1.0, 1.0, 0.0, 1.0, 2.0, -1.0, 1.0, 0.0, 2.0, 2.0, -1.0, -1.0, -1.0, -1.0, 1.0, 1.0, 3.0, 3.0, 3.0, 3.0, 0.0, 1.0, -1.0, -1.0, -1.0, -1.0, 1.0, 0.0, 0.0, 0.0, -1.0, 96000.0, 477.0
3.0, 3.0, 2.0, 3.0, -1.0, -1.0, 2.0, 2.0, 3.0, 1.0, -1.0, 1.0, -1.0, 1.0, -1.0, -1.0, -1.0, -1.0, -1.0, -1.0, 0.0, -1.0, 1.0, -1.0, -1.0, 3.0, 3.0, -1.0, 2.0, 2.0, -1.0, 2.0, 0.0, 0.0, -1.0, -1.0, 0.0, 2.0, -1.0, 1.0, 0.0, 0.0, 0.0, 0.0, -1.0, 2.0, 0.0, 0.0, 1.0, 0.0, 96446.0, 437.0
1.0, 2.0, 0.0, 2.0, 0.0, 3.0, -1.0, 2.0, -1.0, 3.0, 0.0, 2.0, -1.0, 0.0, -1.0, 2.0, -1.0, 1.0, -1.0, 1.0, 1.0, 0.0, 1.0, 2.0, -1.0, 1.0, 0.0, 2.0, 2.0, -1.0, -1.0, -1.0, -1.0, 1.0, 1.0, 3.0, 3.0, 3.0, 3.0, 0.0, 1.0, -1.0, -1.0, -1.0, -1.0, 1.0, 0.0, 0.0, 0.0, -1.0, 96000.0, 477.0
3.0, 3.0, 2.0, 3.0, -1.0, -1.0, 2.0, 2.0, 3.0, 1.0, -1.0, 1.0, -1.0, 1.0, -1.0, -1.0, -1.0, -1.0, -1.0, -1.0, 0.0, -1.0, 1.0, -1.0, -1.0, 3.0, 3.0, -1.0, 2.0, 2.0, -1.0, 2.0, 0.0, 0.0, -1.0, -1.0, 0.0, 2.0, -1.0, 1.0, 0.0, 0.0, 0.0, 0.0, -1.0, 2.0, 0.0, 0.0, 1.0, 0.0, 96446.0, 437.0
1.0, 2.0, 0.0, -1.0, 2.0, 1.0, 1.0, 0.0, 0.0, 2.0, 3.0, 1.0, -1.0, 2.0, 3.0, 2.0, 0.0, 3.0, -1.0, 3.0, 0.0, 1.0, 0.0, -1.0, -1.0, 0.0, 1.0, -1.0, 1.0, 3.0, -1.0, 2.0, 2.0, 2.0, -1.0, 1.0, -1.0, 2.0, -1.0, 0.0, 0.0, 1.0, 3.0, 1.0, 0.0, 2.0, -1.0, 0.0, -1.0, 1.0, 95624.0, 537.0
1.0, 2.0, 0.0, 2.0, 0.0, 3.0, -1.0, 2.0, -1.0, 3.0, 0.0, 2.0, -1.0, 0.0, -1.0, 2.0, -1.0, 1.0, -1.0, 1.0, 1.0, 0.0, 1.0, 2.0, -1.0, 1.0, 0.0, 2.0, 2.0, -1.0, -1.0, -1.0, -1.0, 1.0, 1.0, 3.0, 3.0, 3.0, 3.0, 0.0, 1.0, -1.0, -1.0, -1.0, -1.0, 1.0, 0.0, 0.0, 0.0, -1.0, 96000.0, 477.0
1.0, 2.0, 0.0, 2.0, 0.0, 3.0, -1.0, 2.0, -1.0, 3.0, 0.0, 2.0, -1.0, 0.0, -1.0, 2.0, -1.0, 1.0, -1.0, 1.0, -1.0, 0.0, 1.0, 2.0, -1.0, 1.0, 0.0, 2.0, 2.0, -1.0, -1.0, -1.0, -1.0, 1.0, 1.0, 3.0, 3.0, 3.0, 3.0, 0.0, 1.0, -1.0, -1.0, -1.0, -1.0, 1.0, 0.0, 0.0, 0.0, -1.0, 96125.0, 465.0
3.0, 3.0, 2.0, 3.0, -1.0, -1.0, 2.0, 2.0, 3.0, 1.0, -1.0, 1.0, -1.0, 1.0, -1.0, -1.0, -1.0, -1.0, -1.0, -1.0, 0.0, -1.0, 1.0, -1.0, -1.0, 3.0, 3.0, -1.0, 2.0, 2.0, -1.0, 2.0, 0.0, 0.0, -1.0, -1.0, 0.0, 2.0, -1.0, 1.0, 0.0, 0.0, 0.0, 0.0, 1.0, 2.0, 0.0, 0.0, 1.0, 0.0, 96256.0, 452.0
3.0, 3.0, 2.0, 3.0, -1.0, -1.0, 2.0, 2.0, 3.0, 1.0, -1.0, 1.0, -1.0, 1.0, -1.0, -1.0, -1.0, -1.0, -1.0, -1.0, 0.0, -1.0, 1.0, -1.0, -1.0, 3.0, 3.0, -1.0, 2.0, 2.0, -1.0, 2.0, 0.0, 0.0, -1.0, -1.0, 0.0, 2.0, -1.0, 1.0, 1.0, 0.0, 0.0, 0.0, -1.0, 2.0, 0.0, 0.0, 1.0, 0.0, 96481.0, 437.0
-1.0, 3.0, -1.0, -1.0, 1.0, 0.0, 1.0, -1.0, 0.0, -1.0, -1.0, 3.0, 0.0, 3.0, 0.0, 2.0, 1.0, 3.0, 2.0, 2.0, 3.0, 0.0, 0.0, 1.0, -1.0, 2.0, 2.0, -1.0, 2.0, 2.0, -1.0, 1.0, 3.0, -1.0, 1.0, 1.0, -1.0, -1.0, -1.0, -1.0, 1.0, 2.0, 1.0, -1.0, -1.0, 2.0, 1.0, -1.0, 2.0, 0.0, 96543.0, 463.0
-1.0, 3.0, -1.0, -1.0, 1.0, 0.0, 1.0, -1.0, 0.0, -1.0, -1.0, 3.0, 0.0, 3.0, 0.0, 2.0, 1.0, 3.0, 2.0, 2.0, 3.0, 0.0, 0.0, 1.0, -1.0, 2.0, 2.0, -1.0, 2.0, 2.0, -1.0, 1.0, 3.0, -1.0, 1.0, 1.0, -1.0, -1.0, -1.0, -1.0, 1.0, 2.0, 1.0, -1.0, -1.0, 2.0, 1.0, -1.0, 2.0, 0.0, 96543.0, 463.0
1.0, 2.0, -1.0, 0.0, 1.0, -1.0, 2.0, -1.0, 0.0, 2.0, 3.0, 3.0, 1.0, 2.0, -1.0, 0.0, 0.0, 0.0, 3.0, 3.0, 1.0, -1.0, 1.0, 3.0, -1.0, -1.0, 2.0, -1.0, 0.0, -1.0, -1.0, 2.0, -1.0, 2.0, 2.0, 3.0, 1.0, 1.0, 2.0, -1.0, 2.0, 1.0, -1.0, 0.0, -1.0, 0.0, -1.0, -1.0, -1.0, 0.0, 96334.0, 472.0
-1.0, -1.0, -1.0, 1.0, 1.0, 1.0, 3.0, 2.0, 3.0, 1.0, -1.0, -1.0, 0.0, 0.0, 2.0, 0.0, -1.0, -1.0, 3.0, 3.0, 1.0, 0.0, -1.0, 0.0, -1.0, 1.0, 2.0, 2.0, -1.0, -1.0, 3.0, 1.0, 2.0, -1.0, 1.0, -1.0, -1.0, 3.0, 3.0, -1.0, 3.0, 0.0, -1.0, 3.0, 0.0, 0.0, -1.0, -1.0, 0.0, 3.0, 96461.0, 466.0
0.0, 1.0, -1.0, 3.0, 0.0, 3.0, 1.0, -1.0, -1.0, 0.0, 0.0, -1.0, 0.0, 0.0, 2.0, 3.0, -1.0, 2.0, -1.0, -1.0, 1.0, 2.0, -1.0, 1.0, -1.0, -1.0, 3.0, 0.0, 1.0, 3.0, 0.0, -1.0, 2.0, 1.0, 1.0, 1.0, 2.0, 2.0, -1.0, 3.0, 0.0, 2.0, -1.0, 0.0, 1.0, 2.0, 3.0, 1.0, 0.0, 2.0, 95676.0, 534.0
0.0, 1.0, -1.0, 3.0, 0.0, 3.0, 1.0, -1.0, -1.0, 0.0, 0.0, -1.0, 0.0, 0.0, 2.0, 3.0, -1.0, 2.0, -1.0, -1.0, 1.0, 2.0, -1.0, 1.0, -1.0, -1.0, 3.0, 0.0, 1.0, 3.0, 0.0, -1.0, 2.0, 1.0, 1.0, 1.0, 2.0, 2.0, -1.0, 3.0, 0.0, 2.0, -1.0, 0.0, 1.0, 2.0, 3.0, 1.0, 0.0, 2.0, 95676.0, 534.0
0.0, 1.0, -1.0, 3.0, 0.0, 3.0, 1.0, -1.0, -1.0, 0.0, 0.0, -1.0, 0.0, 0.0, 2.0, 3.0, -1.0, 2.0, -1.0, -1.0, 1.0, 2.0, -1.0, 1.0, -1.0, -1.0, 3.0, 0.0, 1.0, 3.0, 0.0, -1.0, 2.0, 1.0, 1.0, 1.0, 2.0, 2.0, -1.0, 3.0, 0.0, 2.0, -1.0, 0.0, 1.0, 2.0, 3.0, 1.0, 0.0, 2.0, 95676.0, 534.0
1.0, 1.0, 1.0, 3.0, 1.0, 3.0, 3.0, 2.0, -1.0, -1.0, 1.0, 3.0, 2.0, 0.0, 3.0, -1.0, 0.0, 3.0, 0.0, 3.0, 0.0, 3.0, 2.0, 2.0, 2.0, 1.0, 1.0, 1.0, 0.0, 0.0, -1.0, 1.0, -1.0, 3.0, 2.0, 0.0, 1.0, 2.0, 3.0, -1.0, 2.0, 1.0, 0.0, 2.0, 0.0, 2.0, 0.0, 2.0, 0.0, -1.0, 95241.0, 612.0
1.0, 1.0, 1.0, 3.0, 1.0, 3.0, 3.0, 2.0, -1.0, -1.0, 1.0, 3.0, 2.0, 0.0, 3.0, -1.0, 0.0, 3.0, 0.0, 3.0, 0.0, 3.0, 2.0, 2.0, 2.0, 1.0, 1.0, 1.0, 0.0, 0.0, -1.0, 1.0, -1.0, 3.0, 2.0, 0.0, 1.0, 2.0, 3.0, -1.0, 2.0, 1.0, 0.0, 2.0, 0.0, 2.0, 0.0, 2.0, 0.0, -1.0, 95241.0, 612.0
1.0, 1.0, 1.0, 3.0, 1.0, 3.0, 3.0, 2.0, -1.0, -1.0, 1.0, 3.0, 2.0, 0.0, 3.0, -1.0, 0.0, 3.0, 0.0, 3.0, 0.0, 3.0, 2.0, 2.0, 2.0, 1.0, 1.0, 1.0, 0.0, 0.0, -1.0, 1.0, -1.0, 3.0, 2.0, 0.0, 1.0, 2.0, 3.0, -1.0, 2.0, 1.0, 0.0, 2.0, 0.0, 2.0, 0.0, 2.0, 0.0, -1.0, 95241.0, 612.0
1.0, 1.0, 1.0, 3.0, 1.0, 3.0, 3.0, 2.0, -1.0, -1.0, 1.0, 3.0, 2.0, 0.0, 3.0, -1.0, 0.0, 3.0, 0.0, 3.0, 0.0, 3.0, 2.0, 2.0, 2.0, 1.0, 1.0, 1.0, 0.0, 0.0, -1.0, 1.0, -1.0, 3.0, 2.0, 0.0, 1.0, 2.0, 3.0, -1.0, 2.0, 1.0, 0.0, 2.0, 0.0, 2.0, 0.0, 2.0, 0.0, -1.0, 95241.0, 612.0
-1.0, -1.0, -1.0, 1.0, 1.0, 1.0, 3.0, 2.0, 3.0, 1.0, -1.0, -1.0, 0.0, 0.0, 2.0, 0.0, 0.0, -1.0, 3.0, 3.0, 1.0, 0.0, -1.0, 0.0, -1.0, 1.0, 2.0, 2.0, -1.0, -1.0, 3.0, 1.0, 2.0, -1.0, 1.0, -1.0, -1.0, 3.0, 3.0, -1.0, 3.0, 0.0, -1.0, 3.0, 0.0, 0.0, -1.0, -1.0, 0.0, 3.0, 96230.0, 481.0
-1.0, 3.0, -1.0, -1.0, 1.0, 0.0, 1.0, -1.0, 0.0, -1.0, -1.0, 3.0, 0.0, 3.0, 0.0, 2.0, 1.0, 3.0, 2.0, 2.0, 3.0, 0.0, 0.0, 1.0, -1.0, 2.0, 2.0, -1.0, 2.0, 2.0, -1.0, 1.0, 3.0, -1.0, 1.0, 1.0, -1.0, -1.0, 0.0, -1.0, 1.0, 2.0, 1.0, -1.0, -1.0, 2.0, 1.0, -1.0, 2.0, 0.0, 96362.0, 479.0
-1.0, 3.0, -1.0, -1.0, 1.0, 0.0, 1.0, -1.0, 0.0, -1.0, -1.0, 3.0, 0.0, 3.0, 0.0, 2.0, 1.0, 3.0, 2.0, 2.0, 3.0, 0.0, 0.0, 1.0, -1.0, 2.0, 2.0, -1.0, 2.0, 2.0, -1.0, 1.0, 3.0, -1.0, 1.0, 1.0, -1.0, -1.0, 0.0, -1.0, 1.0, 2.0, 1.0, -1.0, -1.0, 2.0, 1.0, -1.0, 2.0, 0.0, 96362.0, 479.0
-1.0, 0.0, 2.0, 2.0, 0.0, 0.0, -1.0, -1.0, 2.0, -1.0, -1.0, -1.0, -1.0, 1.0, 1.0, -1.0, -1.0, 0.0, 3.0, 1.0, 0.0, 0.0, 1.0, 1.0, -1.0, 3.0, 2.0, 0.0, -1.0, 3.0, -1.0, 1.0, 1.0, 1.0, 2.0, 2.0, 0.0, 2.0, -1.0, 1.0, 0.0, 2.0, -1.0, 0.0, 0.0, 2.0, -1.0, 2.0, -1.0, 1.0, 95923.0, 486.0
3.0, 3.0, 0.0, -1.0, 1.0, 0.0, 1.0, 0.0, 1.0, -1.0, 0.0, 0.0, -1.0, 3.0, 2.0, -1.0, 2.0, 1.0, 1.0, 1.0, 0.0, 3.0, -1.0, 3.0, -1.0, 1.0, 3.0, 0.0, 1.0, 1.0, 2.0, -1.0, 3.0, 2.0, 2.0, -1.0, -1.0, 3.0, 2.0, 2.0, 1.0, 1.0, -1.0, 2.0, 0.0, 0.0, 3.0, 2.0, -1.0, 0.0, 95459.0, 547.0
3.0, 3.0, 0.0, -1.0, 1.0, 0.0, 1.0, 0.0, 1.0, -1.0, 0.0, 0.0, -1.0, 3.0, 2.0, -1.0, 2.0, 1.0, 1.0, 1.0, 0.0, 3.0, -1.0, 3.0, -1.0, 1.0, 3.0, 0.0, 1.0, 1.0, 2.0, -1.0, 3.0, 2.0, 2.0, -1.0, -1.0, 3.0, 2.0, 2.0, 1.0, 1.0, -1.0, 2.0, 0.0, 0.0, 3.0, 2.0, -1.0, 0.0, 95459.0, 547.0
3.0, 3.0, 0.0, -1.0, 1.0, 0.0, 1.0, 0.0, 1.0, -1.0, 0.0, 0.0, -1.0, 3.0, 2.0, -1.0, 2.0, 1.0, 1.0, 1.0, 0.0, 3.0, -1.0, 3.0, -1.0, 1.0, 3.0, 0.0, 1.0, 1.0, 2.0, -1.0, 3.0, 2.0, 2.0, -1.0, -1.0, 3.0, 2.0, 2.0, 1.0, 1.0, -1.0, 2.0, 0.0, 0.0, 3.0, 2.0, -1.0, 0.0, 95459.0, 547.0
3.0, 3.0, 0.0, -1.0, 1.0, 0.0, 1.0, 0.0, 1.0, -1.0, 0.0, 0.0, -1.0, 3.0, 2.0, -1.0, 2.0, 1.0, 1.0, 1.0, 0.0, 3.0, -1.0, 3.0, -1.0, 1.0, 3.0, 0.0, 1.0, 1.0, 2.0, -1.0, 3.0, 2.0, 2.0, -1.0, -1.0, 3.0, 2.0, 2.0, 1.0, 1.0, -1.0, 2.0, 0.0, 0.0, 3.0, 2.0, -1.0, 0.0, 95459.0, 547.0
-1.0, 1.0, -1.0, 0.0, 1.0, 2.0, 2.0, 0.0, -1.0, 0.0, 0.0, 2.0, -1.0, 3.0, -1.0, 2.0, 2.0, 1.0, 2.0, -1.0, -1.0, -1.0, 1.0, -1.0, 3.0, 1.0, 0.0, 0.0, 3.0, -1.0, 0.0, -1.0, -1.0, 2.0, 2.0, 1.0, 1.0, 1.0, 0.0, 2.0, 0.0, -1.0, -1.0, 1.0, 0.0, 1.0, 1.0, 1.0, 3.0, 2.0, 95721.0, 507.0
1.0, 0.0, 1.0, -1.0, 0.0, 1.0, -1.0, 3.0, -1.0, 1.0, 2.0, -1.0, 2.0, -1.0, 3.0, -1.0, -1.0, 2.0, 0.0, 3.0, 0.0, 2.0, 1.0, 3.0, 0.0, 3.0, 2.0, 1.0, 0.0, -1.0, 0.0, 3.0, 0.0, 2.0, 1.0, 3.0, 0.0, 3.0, -1.0, 1.0, 2.0, -1.0, 3.0, 1.0, 1.0, 0.0, 2.0, -1.0, 1.0, 0.0, 95545.0, 544.0
1.0, 0.0, 1.0, -1.0, 0.0, 1.0, -1.0, 3.0, -1.0, 1.0, 2.0, -1.0, 2.0, -1.0, 3.0, -1.0, -1.0, 2.0, 0.0, 3.0, 0.0, 2.0, 1.0, 3.0, 0.0, 3.0, 2.0, 1.0, 0.0, -1.0, 0.0, 3.0, 0.0, 2.0, 1.0, 3.0, 0.0, 3.0, -1.0, 1.0, 2.0, -1.0, 3.0, 1.0, 1.0, 0.0, 2.0, -1.0, 1.0, 0.0, 95545.0, 544.0
2.0, 1.0, 0.0, -1.0, 2.0, 2.0, 3.0, -1.0, 0.0, 2.0, 0.0, -1.0, 2.0, -1.0, 3.0, 0.0, 2.0, 2.0, -1.0, 2.0, 1.0, 1.0, 2.0, -1.0, 1.0, -1.0, -1.0, 3.0, 1.0, 0.0, 1.0, -1.0, -1.0, 1.0, 3.0, -1.0, 3.0, 0.0, 0.0, 1.0, 0.0, 1.0, 1.0, -1.0, 3.0, 2.0, 2.0, 0.0, 1.0, 0.0, 95566.0, 538.0
1.0, 0.0, 1.0, -1.0, 0.0, 1.0, -1.0, 3.0, -1.0, 1.0, 2.0, -1.0, 2.0, -1.0, 3.0, -1.0, -1.0, 2.0, 0.0, 3.0, 0.0, 2.0, 1.0, 3.0, 0.0, 3.0, 2.0, 1.0, 0.0, -1.0, 0.0, 3.0, 0.0, 2.0, 1.0, 3.0, 0.0, 3.0, -1.0, 1.0, 2.0, -1.0, 3.0, 1.0, 1.0, 0.0, 2.0, -1.0, 1.0, 0.0, 95545.0, 544.0
1.0, 0.0, 1.0, -1.0, 0.0, 1.0, -1.0, 3.0, -1.0, 1.0, 2.0, -1.0, 2.0, -1.0, 3.0, -1.0, -1.0, 2.0, 0.0, 3.0, 0.0, 2.0, 1.0, 3.0, 0.0, 3.0, 2.0, 1.0, 0.0, -1.0, 0.0, 3.0, 0.0, 2.0, 1.0, 3.0, 0.0, 3.0, -1.0, 1.0, 2.0, -1.0, 3.0, 1.0, 1.0, 0.0, 2.0, -1.0, 1.0, 0.0, 95545.0, 544.0
2.0, -1.0, 2.0, 1.0, 3.0, 3.0, 3.0, 3.0, -1.0, -1.0, 0.0, -1.0, 2.0, 1.0, -1.0, -1.0, 1.0, -1.0, 0.0, 0.0, 2.0, 2.0, 0.0, 2.0, 1.0, 0.0, -1.0, -1.0, 1.0, 1.0, 2.0, 1.0, 1.0, 3.0, 0.0, 2.0, -1.0, 3.0, 0.0, 3.0, 1.0, 0.0, 3.0, 3.0, -1.0, 0.0, -1.0, -1.0, 2.0, 1.0, 95726.0, 518.0
-1.0, 1.0, -1.0, 0.0, 1.0, 2.0, 2.0, 0.0, -1.0, 0.0, 0.0, 2.0, -1.0, 3.0, -1.0, 2.0, 2.0, 1.0, 2.0, -1.0, -1.0, -1.0, 1.0, -1.0, 3.0, 1.0, 0.0, 3.0, 3.0, -1.0, 0.0, -1.0, -1.0, 2.0, 2.0, 1.0, 1.0, 1.0, 0.0, 2.0, 0.0, -1.0, -1.0, 1.0, 0.0, 1.0, 1.0, 1.0, 3.0, 2.0, 95805.0, 507.0
-1.0, 1.0, -1.0, 0.0, 1.0, 2.0, 2.0, 0.0, -1.0, 0.0, 0.0, 2.0, -1.0, 3.0, -1.0, 2.0, 2.0, 1.0, 2.0, -1.0, -1.0, -1.0, 1.0, -1.0, 3.0, 1.0, 0.0, 3.0, 3.0, -1.0, 0.0, -1.0, -1.0, 2.0, 2.0, 1.0, 1.0, 1.0, 0.0, 2.0, 0.0, -1.0, -1.0, 1.0, 0.0, 1.0, 1.0, 1.0, 3.0, 2.0, 95805.0, 507.0
-1.0, 1.0, -1.0, 0.0, 1.0, 2.0, 2.0, 0.0, -1.0, 0.0, 0.0, 2.0, -1.0, 3.0, -1.0, 2.0, 2.0, 1.0, 2.0, -1.0, -1.0, -1.0, 1.0, -1.0, 3.0, 1.0, 0.0, 3.0, 3.0, -1.0, 0.0, -1.0, -1.0, 2.0, 2.0, 1.0, 1.0, 1.0, 0.0, 2.0, 0.0, -1.0, -1.0, 1.0, 0.0, 1.0, 1.0, 1.0, 3.0, 2.0, 95805.0, 507.0
2.0, -1.0, 2.0, 1.0, 3.0, 3.0, 3.0, 3.0, -1.0, -1.0, 0.0, -1.0, 2.0, 1.0, -1.0, -1.0, 1.0, -1.0, 0.0, 0.0, 2.0, 2.0, 0.0, 2.0, 1.0, 0.0, -1.0, -1.0, 1.0, 1.0, 2.0, 1.0, 1.0, 3.0, 0.0, 2.0, -1.0, 3.0, 0.0, 3.0, 1.0, 0.0, 3.0, 3.0, -1.0, 0.0, -1.0, -1.0, 2.0, 1.0, 95726.0, 518.0
2.0, 0.0, 1.0, 0.0, 1.0, 0.0, 2.0, 2.0, -1.0, 1.0, 2.0, -1.0, 3.0, 2.0, 3.0, 0.0, 1.0, 2.0, -1.0, -1.0, -1.0, -1.0, 0.0, 3.0, 3.0, 0.0, 3.0, 0.0, -1.0, -1.0, 0.0, 1.0, 3.0, 2.0, 1.0, 2.0, 0.0, -1.0, 1.0, 2.0, 3.0, 3.0, 3.0, 0.0, 2.0, 1.0, 1.0, 1.0, 0.0, 1.0, 95315.0, 584.0
2.0, -1.0, 2.0, 1.0, 3.0, 3.0, 3.0, 3.0, -1.0, -1.0, 0.0, -1.0, 2.0, 1.0, -1.0, -1.0, 1.0, -1.0, 0.0, 0.0, 2.0, 2.0, 0.0, 2.0, 1.0, 0.0, -1.0, -1.0, 1.0, 1.0, 2.0, 1.0, 1.0, 3.0, 0.0, 2.0, -1.0, 3.0, -1.0, 3.0, 1.0, 0.0, 3.0, 3.0, -1.0, 0.0, -1.0, -1.0, 2.0, 1.0, 95907.0, 502.0
2.0, -1.0, 2.0, 1.0, 3.0, 3.0, 3.0, 3.0, -1.0, -1.0, 0.0, -1.0, 2.0, 1.0, -1.0, -1.0, 1.0, -1.0, 0.0, 0.0, 2.0, 2.0, 0.0, 2.0, 1.0, 0.0, -1.0, -1.0, 1.0, 1.0, 2.0, 1.0, 1.0, 3.0, 0.0, 2.0, -1.0, 3.0, -1.0, 3.0, 1.0, 0.0, 3.0, 3.0, -1.0, 0.0, -1.0, -1.0, 2.0, 1.0, 95907.0, 502.0
0.0, -1.0, 0.0, 2.0, 3.0, 1.0, 2.0, -1.0, 2.0, 1.0, -1.0, -1.0, 0.0, 0.0, 1.0, 2.0, 0.0, 2.0, -1.0, 2.0, -1.0, 1.0, 1.0, 0.0, 3.0, 3.0, 3.0, 3.0, 0.0, -1.0, 3.0, 1.0, 1.0, 2.0, 2.0, -1.0, -1.0, -1.0, 1.0, 1.0, 0.0, 0.0, 0.0, 3.0, -1.0, 2.0, -1.0, 1.0, 2.0, 0.0, 95530.0, 546.0
0.0, -1.0, 0.0, 2.0, 3.0, 1.0, 2.0, -1.0, 2.0, 1.0, -1.0, -1.0, 0.0, 0.0, 1.0, 2.0, 0.0, 2.0, -1.0, 2.0, -1.0, 1.0, 1.0, 0.0, 3.0, 3.0, 3.0, 3.0, 0.0, -1.0, 3.0, 1.0, 1.0, 2.0, 2.0, -1.0, -1.0, -1.0, 1.0, 1.0, 0.0, 0.0, 0.0, 3.0, -1.0, 2.0, -1.0, 1.0, 2.0, 0.0, 95530.0, 546.0
0.0, -1.0, 0.0, 2.0, 3.0, 1.0, 2.0, -1.0, 2.0, 1.0, -1.0, -1.0, 0.0, 0.0, 1.0, 2.0, 0.0, 2.0, -1.0, 2.0, -1.0, 1.0, 1.0, 0.0, 3.0, 3.0, 3.0, 3.0, 0.0, -1.0, 3.0, 1.0, 1.0, 2.0, 2.0, -1.0, -1.0, -1.0, 1.0, 1.0, 0.0, 0.0, 0.0, 3.0, -1.0, 2.0, -1.0, 1.0, 2.0, 0.0, 95530.0, 546.0
0.0, -1.0, 0.0, 2.0, 3.0, 1.0, 2.0, -1.0, 2.0, 1.0, -1.0, -1.0, 0.0, 0.0, 1.0, 2.0, 0.0, 2.0, -1.0, 2.0, -1.0, 1.0, 1.0, 0.0, 3.0, 3.0, 3.0, 3.0, 0.0, -1.0, 3.0, 1.0, 1.0, 2.0, 2.0, -1.0, -1.0, -1.0, 1.0, 1.0, 0.0, 0.0, 0.0, 3.0, -1.0, 2.0, -1.0, 1.0, 2.0, 0.0, 95530.0, 546.0
0.0, 3.0, 1.0, 0.0, 0.0, 1.0, -1.0, 2.0, -1.0, 2.0, 2.0, 1.0, 2.0, 2.0, 3.0, -1.0, 2.0, -1.0, -1.0, 0.0, 1.0, -1.0, 0.0, 1.0, 3.0, 2.0, 2.0, 0.0, 3.0, 0.0, 0.0, 1.0, 0.0, 3.0, 2.0, 2.0, 3.0, 3.0, -1.0, 3.0, 1.0, -1.0, 1.0, -1.0, 0.0, 3.0, 0.0, 3.0, 1.0, 1.0, 95326.0, 578.0
0.0, 3.0, 1.0, 0.0, 0.0, 1.0, -1.0, 2.0, -1.0, 2.0, 2.0, 1.0, 2.0, 2.0, 3.0, -1.0, 2.0, -1.0, -1.0, 0.0, 1.0, -1.0, 0.0, 1.0, 3.0, 2.0, 2.0, 0.0, 3.0, 0.0, 0.0, 1.0, 0.0, 3.0, 2.0, 2.0, 3.0, 3.0, -1.0, 3.0, 1.0, -1.0, 1.0, -1.0, 0.0, 3.0, 0.0, 3.0, 1.0, 1.0, 95326.0, 578.0
-1.0, 0.0, 3.0, -1.0, 1.0, -1.0, -1.0, -1.0, 1.0, -1.0, -1.0, 0.0, -1.0, 1.0, 3.0, -1.0, 2.0, 3.0, 1.0, -1.0, 2.0, 2.0, 1.0, 3.0, 2.0, -1.0, 3.0, -1.0, 2.0, 2.0, 0.0, 2.0, 0.0, 0.0, 2.0, 1.0, 1.0, 2.0, 3.0, 0.0, 2.0, 3.0, 0.0, 1.0, 0.0, 2.0, 0.0, 1.0, -1.0, 0.0, 95793.0, 522.0
0.0, 3.0, 2.0, 2.0, -1.0, 0.0, 1.0, -1.0, 0.0, -1.0, 0.0, -1.0, 3.0, -1.0, 0.0, 1.0, 0.0, 1.0, 2.0, 1.0, 1.0, -1.0, 3.0, 3.0, 2.0, 2.0, -1.0, 2.0, 0.0, 1.0, 3.0, 2.0, 3.0, -1.0, 0.0, 2.0, -1.0, 3.0, 2.0, 2.0, 1.0, 0.0, 1.0, 3.0, 1.0, 2.0, 3.0, 0.0, 3.0, 0.0, 95355.0, 582.0
0.0, 3.0, 2.0, 2.0, -1.0, 0.0, 1.0, -1.0, 0.0, -1.0, 0.0, -1.0, 3.0, -1.0, 0.0, 1.0, 0.0, 1.0, 2.0, 1.0, 1.0, -1.0, 3.0, 3.0, 2.0, 2.0, -1.0, 2.0, 0.0, 1.0, 3.0, 2.0, 3.0, -1.0, 0.0, 2.0, -1.0, 3.0, 2.0, 2.0, 1.0, 0.0, 1.0, 3.0, 1.0, 2.0, 3.0, 0.0, 3.0, 0.0, 95355.0, 582.0
0.0, 3.0, 2.0, 2.0, -1.0, 0.0, 1.0, -1.0, 0.0, -1.0, 0.0, -1.0, 3.0, -1.0, 0.0, 1.0, 0.0, 1.0, 2.0, 1.0, 1.0, -1.0, 3.0, 3.0, 2.0, 2.0, -1.0, 2.0, 0.0, 1.0, 3.0, 2.0, 3.0, -1.0, 0.0, 2.0, -1.0, 3.0, 2.0, 2.0, 1.0, 0.0, 1.0, 3.0, 1.0, 2.0, 3.0, 0.0, 3.0, 0.0, 95355.0, 582.0
0.0, 3.0, 2.0, 2.0, -1.0, 0.0, 1.0, -1.0, 0.0, -1.0, 0.0, -1.0, 3.0, -1.0, 0.0, 1.0, 0.0, 1.0, 2.0, 1.0, 1.0, -1.0, 3.0, 3.0, 2.0, 2.0, -1.0, 2.0, 0.0, 1.0, 3.0, 2.0, 3.0, -1.0, 0.0, 2.0, -1.0, 3.0, 2.0, 2.0, 1.0, 0.0, 1.0, 3.0, 1.0, 2.0, 3.0, 0.0, 3.0, 0.0, 95355.0, 582.0
0.0, 3.0, 1.0, 0.0, 3.0, 2.0, -1.0, 2.0, -1.0, -1.0, 2.0, 0.0, -1.0, 0.0, 0.0, -1.0, 3.0, 3.0, 1.0, -1.0, -1.0, -1.0, 2.0, 2.0, 1.0, 0.0, 3.0, 2.0, -1.0, 3.0, 3.0, 0.0, 1.0, 0.0, -1.0, 2.0, -1.0, 0.0, 1.0, 0.0, 0.0, 2.0, 1.0, -1.0, 3.0, 2.0, 1.0, 2.0, 2.0, 1.0, 95738.0, 531.0
1.0, 2.0, -1.0, 0.0, 1.0, -1.0, 2.0, -1.0, 0.0, 2.0, 3.0, 3.0, 1.0, 2.0, -1.0, 0.0, 0.0, 0.0, 3.0, 3.0, 1.0, -1.0, 1.0, 3.0, -1.0, -1.0, 2.0, -1.0, 0.0, -1.0, 1.0, 2.0, -1.0, 2.0, 2.0, 3.0, 1.0, 1.0, 2.0, -1.0, 2.0, 1.0, -1.0, 0.0, -1.0, 0.0, -1.0, 3.0, -1.0, 0.0, 96094.0, 503.0
2.0, -1.0, 0.0, 0.0, 0.0, -1.0, -1.0, 0.0, -1.0, 3.0, -1.0, 0.0, 2.0, 3.0, 2.0, 1.0, -1.0, -1.0, -1.0, -1.0, 2.0, 3.0, 3.0, 0.0, 0.0, 2.0, -1.0, 2.0, -1.0, 1.0, -1.0, -1.0, 0.0, 3.0, 2.0, 0.0, 0.0, 1.0, 2.0, 1.0, -1.0, 2.0, 1.0, 1.0, 2.0, 3.0, 3.0, 1.0, -1.0, 1.0, 96035.0, 504.0
1.0, 2.0, -1.0, 0.0, 1.0, -1.0, 2.0, -1.0, 0.0, 2.0, 3.0, 3.0, 1.0, 2.0, -1.0, 0.0, 0.0, 0.0, 3.0, 3.0, 1.0, -1.0, 1.0, 3.0, -1.0, -1.0, 2.0, -1.0, 0.0, -1.0, 1.0, 2.0, -1.0, 2.0, 2.0, 3.0, 1.0, 1.0, 2.0, -1.0, 2.0, 1.0, -1.0, 0.0, -1.0, 0.0, -1.0, 3.0, -1.0, 0.0, 96094.0, 503.0
1.0, 2.0, -1.0, 0.0, 1.0, -1.0, 2.0, -1.0, 0.0, 2.0, 3.0, 3.0, 1.0, 2.0, -1.0, 0.0, 0.0, 0.0, 3.0, 3.0, 1.0, -1.0, 1.0, 3.0, -1.0, -1.0, 2.0, -1.0, 0.0, -1.0, 1.0, 2.0, -1.0, 2.0, 2.0, 3.0, 1.0, 1.0, 2.0, -1.0, 2.0, 1.0, -1.0, 0.0, -1.0, 0.0, -1.0, 3.0, -1.0, 0.0, 96094.0, 503.0
2.0, -1.0, 0.0, 0.0, 0.0, -1.0, -1.0, 0.0, -1.0, 3.0, -1.0, 0.0, 2.0, 3.0, 2.0, 1.0, -1.0, -1.0, -1.0, -1.0, 2.0, 3.0, 3.0, 0.0, 0.0, 2.0, -1.0, 2.0, -1.0, 1.0, -1.0, -1.0, 0.0, 3.0, 2.0, 0.0, 0.0, 1.0, 2.0, 1.0, -1.0, 2.0, 1.0, 1.0, 2.0, 3.0, 3.0, 1.0, -1.0, 1.0, 96035.0, 504.0
