4.94593953541, 1.11751431693, 1.45266179125, 0.966737994041, 2.83000079037, 0.875588573743, 5.38623939668, 1.26000041495, 1.14000060873, 2.83657417988, 3.0182977695, 0.914367576778, 3.04000074072, 1.03996453438, 0.973857763407, 1.00000086436, 1.00000048884, 1.01955820866, 6.5294827756, 0.927805743978, 1.00000031847, 118.358834874, 0.853796060426, 3.62355807965, 0.954286740277, 3.29000016625, 1.00000061116, 10.4331462249, 1253.0880075
4.22563076112, 1.00954294822, 1.45926769826, 0.867459393022, 2.83000087925, 1.07236754638, 4.49532562219, 1.26000032124, 1.14000039471, 2.70057725709, 1.90147451027, 1.06524036257, 3.04000004721, 1.09320874066, 1.06498186791, 1.00000066874, 1.00000009329, 1.05250282585, 6.60166739156, 0.990293290016, 1.00000010278, 83.6778342061, 1.01495076379, 3.62993081114, 1.0523637707, 3.29000081724, 1.0000004591, 14.2390569543, 244.175087329
1.1313788533, 1.12851830307, 1.6654331227, 0.838402576077, 2.83000036285, 1.04062170812, 5.13495262178, 1.26000020212, 1.14000038273, 2.63530699128, 3.08822482069, 0.889497492827, 3.04000051375, 1.09375169716, 0.865684614591, 1.00000043116, 1.00000019496, 1.0001647615, 5.66518566745, 0.969977965065, 1.000000952, 83.8705415343, 0.850734587487, 3.95430491619, 0.973271987923, 3.29000004893, 1.00000083717, 11.6253041804, 272.974331788
4.95117854553, 1.03554699224, 1.40003496581, 0.824962734056, 2.83000017304, 1.11571282304, 5.86536362076, 1.26000019808, 1.14000099161, 1.66573732708, 3.03863273075, 0.90724434946, 3.04000026136, 1.09774441223, 0.982885280924, 1.00000011332, 1.0000009632, 1.03072622542, 7.46058137029, 0.971142503464, 1.00000028951, 107.350696352, 0.968461187145, 5.23237309689, 1.04791751372, 3.29000019459, 1.00000067088, 19.712799445, 194.166399328
1.1313788533, 1.12851830307, 1.6654331227, 0.838402576077, 2.83000036285, 1.04062170812, 5.13495262178, 1.26000020212, 1.14000038273, 2.63530699128, 3.08822482069, 0.889497492827, 3.04000051375, 1.09375169716, 0.865684614591, 1.00000043116, 1.00000019496, 1.0001647615, 5.66518566745, 0.969977965065, 1.000000952, 83.8705415343, 0.850734587487, 3.95430491619, 0.973271987923, 3.29000004893, 1.00000083717, 14.3797812981, 206.765554629
2.6609571532, 1.09702970287, 1.38078802916, 0.825929768208, 2.83000000352, 0.999401463192, 4.70372859803, 1.26000006765, 1.14000053128, 1.96509638817, 2.04858096887, 0.980087233088, 3.04000077613, 1.02823833971, 0.850874442709, 1.00000062783, 1.00000028693, 1.06963110467, 7.2775664824, 0.983983443608, 1.00000085802, 118.296862699, 0.867274767716, 3.53462827645, 0.988401188124, 3.29000094943, 1.00000032237, 10.7428740922, 503.334139654
2.89394453355, 1.08387651659, 1.62298812687, 0.940086924694, 2.83000047709, 0.984434939569, 5.4008909092, 1.26000017328, 1.14000033387, 2.69707798382, 2.62330774017, 0.908397508323, 3.04000038924, 1.0417322593, 1.0109533155, 1.0000004623, 1.00000011493, 1.08587090067, 6.27385722465, 0.939792216108, 1.00000040947, 87.7103961022, 0.922838228325, 3.87160699881, 0.976343768392, 3.29000056083, 1.00000038755, 11.4718397217, 459.815116636
4.92024611078, 1.08399863353, 1.61777616791, 0.978590144328, 2.83000001982, 1.15832726202, 1.25603674027, 1.2600003085, 1.14000085495, 2.84391686068, 2.50944486435, 1.00277368614, 3.04000035045, 1.04897782216, 0.927194136768, 1.00000005307, 1.00000035814, 1.09940007321, 4.87029649029, 0.938414996572, 1.00000063441, 123.822936569, 0.964693659355, 1.700556445, 0.972054719733, 3.29000030437, 1.00000027024, 12.2969663484, 404.205975474
2.49962392172, 1.08682415812, 1.65914228724, 0.948024345196, 2.83000099607, 0.947049964481, 1.07089043917, 1.26000089235, 1.14000048348, 2.98423970195, 2.49006441888, 1.02064074489, 3.04000092783, 1.0033293041, 0.955184767774, 1.0000007623, 1.00000021436, 1.09229401155, 4.39085448513, 0.96395273325, 1.00000069402, 116.687613684, 1.00833152843, 5.85481883139, 1.01075587729, 3.29000046999, 1.00000093631, 21.8308497113, 325.680283782
2.35924453236, 1.11634662576, 1.47322071474, 0.929288716311, 2.83000089522, 0.851925536536, 5.50681163871, 1.26000010384, 1.14000073062, 1.58339580835, 2.79630688808, 1.05349948012, 3.04000016033, 1.0661168809, 0.868504864835, 1.00000049864, 1.00000008986, 1.01911333169, 8.84434874466, 0.910093423443, 1.00000090063, 103.949601544, 0.951218915066, 5.63362371929, 1.05581341802, 3.29000095678, 1.00000013694, 26.5919639291, 279.119052335
3.8627336179, 1.05833267691, 1.61839087293, 0.945821726164, 2.83000027475, 1.1111831283, 3.47823700092, 1.26000056976, 1.14000008574, 1.42619666107, 2.20738791705, 0.907231553263, 3.04000078582, 1.1189373515, 0.901868395634, 1.00000000652, 1.00000010236, 1.08940555255, 5.02930265902, 0.98185806699, 1.00000002277, 105.775898874, 0.956591117565, 5.6061715856, 1.0254834485, 3.29000060493, 1.00000093428, 21.2152675218, 337.997563738
2.3226800116, 1.01287697649, 1.66842533516, 0.805635809166, 2.83000068193, 1.00511187577, 2.62989026718, 1.26000085492, 1.14000036558, 3.37269378787, 2.16884031955, 1.06587336265, 3.04000084166, 1.07942697623, 0.95760261481, 1.00000038808, 1.0000009915, 1.00429331266, 6.90211243345, 0.910118782208, 1.00000099248, 103.057578148, 1.03535020906, 1.31532778078, 1.01326681699, 3.29000018638, 1.00000061121, 12.89856403, 760.892352881
2.24594908713, 1.12106369588, 1.57616409736, 0.890151916838, 2.83000084869, 1.1692417854, 1.33197236432, 1.26000070335, 1.14000040553, 1.46828528247, 2.93824381454, 0.964322221924, 3.04000038788, 1.0968306439, 0.832274212468, 1.00000061298, 1.00000009248, 1.00199215394, 4.96777779057, 0.951299603033, 1.00000061764, 94.7245017454, 0.855055442299, 2.96693589822, 1.05649197091, 3.29000043099, 1.00000007204, 13.9401937213, 668.238841785
5.61789035704, 1.03760846785, 1.65709094974, 0.874163569592, 2.83000019064, 1.13009291199, 4.56929653775, 1.26000040112, 1.14000000645, 1.85771162592, 2.81528286734, 0.899538065952, 3.04000014478, 1.04457263826, 0.901084004084, 1.00000091139, 1.00000025237, 1.00278959824, 6.71125830039, 0.973725396848, 1.00000068198, 113.589850207, 1.03069111924, 5.82999659521, 0.958081686792, 3.29000084488, 1.00000021086, 28.0471289678, 324.609840447
1.55856324534, 1.01595919917, 1.73577302227, 0.86387724007, 2.83000048717, 1.05559170244, 1.6895784819, 1.26000020339, 1.14000039534, 2.19582862412, 2.91424869664, 0.987563744201, 3.04000089742, 1.07963536432, 0.89049955489, 1.00000056665, 1.00000059857, 1.10653919374, 3.34585710873, 0.928097967861, 1.00000033293, 77.5864441727, 0.902628482067, 2.28071662204, 0.992424738179, 3.2900007288, 1.00000001809, 13.8452638447, 1467.92471534
3.88420217798, 1.13437923301, 1.50098209979, 0.886265000061, 2.83000025728, 1.15551399155, 5.31402110274, 1.26000045214, 1.14000094477, 3.61905928839, 2.11801384482, 1.06382934261, 3.04000068631, 1.04260233444, 1.01274100416, 1.00000085514, 1.00000077888, 1.08330800664, 8.68553952949, 0.917056673942, 1.000000028, 81.4614398566, 1.05165202146, 5.31679318174, 0.978944707248, 3.29000086256, 1.00000069691, 13.7432856374, 2906.40785139
2.24199808865, 1.06667988269, 1.40488034588, 0.888470344672, 2.83000057923, 1.11887301, 5.57391207821, 1.26000073607, 1.14000018902, 2.10499214481, 1.73187896348, 0.93226052416, 3.04000058268, 1.01039711336, 0.987481169986, 1.00000093741, 1.00000091742, 1.0906871475, 8.02533950963, 0.9547017383, 1.00000064649, 86.1178573012, 0.928464028373, 1.39135495492, 0.963904413812, 3.2900003176, 1.00000006579, 16.7012096051, 507.354378959
1.49665537365, 1.11266934669, 1.66245888781, 0.946110862027, 2.83000077365, 0.86569018773, 3.29820695264, 1.26000003147, 1.1400002873, 3.1576318559, 1.64069575145, 0.924605570369, 3.04000054306, 1.0053786172, 0.958710731061, 1.00000082871, 1.00000005507, 1.06299913716, 3.89591509854, 0.999778377959, 1.00000033715, 120.793091986, 1.07607251077, 4.48275315327, 1.04396237937, 3.29000072792, 1.00000083953, 16.062070106, 573.60967094
4.92580123551, 1.09326896197, 1.34667168233, 0.966879129777, 2.83000053448, 1.14530352747, 3.63200336818, 1.26000082503, 1.14000050948, 2.68456490997, 3.08785608467, 1.0763123352, 3.04000032772, 1.01506786544, 0.969560983211, 1.00000003392, 1.00000024505, 1.00671921269, 3.57982662704, 0.983539210509, 1.00000056189, 123.76922398, 1.03136839902, 4.9483569267, 1.00072279456, 3.29000046797, 1.00000082984, 25.2229064059, 405.576842023
4.92580123551, 1.09326896197, 1.34667168233, 0.966879129777, 2.8300004157, 1.14530352747, 1.11520607613, 1.26000010897, 1.14000055053, 2.68456490997, 2.87152695996, 1.03512934594, 3.04000032772, 1.01506786544, 0.969560983211, 1.00000003392, 1.00000024505, 1.00671921269, 3.57982662704, 0.983539210509, 1.00000056189, 123.76922398, 1.03136839902, 1.77210093234, 1.00072279456, 3.29000070946, 1.00000082984, 19.2353973622, 587.379162391
4.94593953541, 1.11751431693, 1.45266179125, 0.986588941005, 2.83000090717, 0.875588573743, 5.38623939668, 1.26000041495, 1.14000060873, 2.83657417988, 3.0182977695, 0.914367576778, 3.04000074072, 1.03996453438, 0.973857763407, 1.00000086436, 1.00000048884, 1.01955820866, 6.5294827756, 0.927805743978, 1.00000031847, 118.358834874, 0.853796060426, 5.18843579358, 0.954286740277, 3.29000016625, 1.00000032633, 15.3596521438, 2786.92973884
2.04792993406, 1.0604160042, 1.54190662921, 0.896560462299, 2.83000019948, 0.875349310748, 1.63785991301, 1.26000013149, 1.14000059839, 3.14663666385, 1.82959877864, 0.919931148286, 3.04000057257, 1.08276462337, 1.04872929865, 1.00000099562, 1.00000014797, 1.08497624211, 4.39908435633, 0.966478169116, 1.00000080764, 99.1609945291, 0.954431338558, 5.01348180638, 0.983672338596, 3.29000027239, 1.00000013062, 20.6894460557, 609.786824874
5.86950112977, 1.09683883607, 1.55322791351, 0.801302102523, 2.83000061213, 1.00773927057, 3.84655283298, 1.26000013394, 1.14000095245, 2.60936119014, 1.79761296598, 1.01693048607, 3.04000019087, 1.08099372314, 0.827811823337, 1.00000070324, 1.00000013674, 1.05151155749, 6.49540863961, 0.94037696723, 1.00000013943, 79.552115507, 0.964572978177, 4.82492723945, 1.02767473774, 3.29000011447, 1.00000074244, 17.2087631899, 790.52879382
1.43668492221, 1.11837989549, 1.41445330065, 0.869882086684, 2.83000043168, 0.851925536536, 2.21784894547, 1.26000055489, 1.14000036617, 3.68968137946, 2.36919556145, 1.00926405383, 3.04000058632, 1.11921776696, 0.970925908775, 1.00000002463, 1.00000064169, 1.0137172951, 4.17310673279, 0.98360076564, 1.00000087569, 110.966142666, 0.902842771659, 5.44457779387, 1.06688512578, 3.29000098527, 1.00000097183, 14.4346410131, 2965.07445876
1.31538710464, 1.13810179201, 1.69802676071, 0.810386624142, 2.83000044507, 1.04408345085, 4.83734682377, 1.26000008583, 1.14000077407, 1.39826586338, 2.84731219389, 0.882816195133, 3.04000041369, 1.00027506665, 0.914674030322, 1.00000011941, 1.00000028838, 1.04932686124, 9.11942857195, 0.937692964188, 1.00000045516, 104.799618263, 0.89929287772, 4.52606085524, 1.01133268928, 3.29000028056, 1.00000014953, 17.117624262, 1305.94042606
2.74179176401, 1.00853835951, 1.47484312836, 0.885205700037, 2.83000012769, 1.02741439673, 1.11520607613, 1.26000063633, 1.1400005629, 3.71697877314, 2.66120617031, 0.921373900501, 3.04000065948, 1.04758093689, 0.900949637009, 1.00000092946, 1.00000010047, 1.101468865, 8.20449443509, 0.96372324932, 1.00000038987, 96.3082143935, 0.980930169391, 4.47858177503, 1.00958008171, 3.29000070946, 1.00000029958, 18.422327767, 1201.1574725
2.89394453355, 1.11926856572, 1.62298812687, 0.940086924694, 2.83000047709, 0.984434939569, 5.4008909092, 1.26000017328, 1.14000033387, 2.69707798382, 2.6568748018, 0.908397508323, 3.04000038924, 1.0417322593, 1.07746269143, 1.0000004623, 1.00000011493, 1.09782320835, 6.27385722465, 0.939792216108, 1.00000040947, 87.7103961022, 0.922838228325, 4.42812582605, 0.976343768392, 3.29000056083, 1.00000070915, 19.0828427505, 1173.677688
2.35924453236, 1.11634662576, 1.47322071474, 0.929288716311, 2.83000019993, 1.05487107907, 4.15848571305, 1.26000010384, 1.14000073062, 1.58339580835, 2.79630688808, 1.05349948012, 3.04000016033, 1.0661168809, 0.868504864835, 1.00000049864, 1.00000008986, 1.01911333169, 8.84434874466, 0.910496328412, 1.00000090063, 94.9726390611, 0.951218915066, 5.63362371929, 1.05581341802, 3.29000095678, 1.00000013694, 17.0469471475, 2105.13056567
4.92024611078, 1.08399863353, 1.61777616791, 0.978590144328, 2.83000001982, 1.15832726202, 1.09175866753, 1.2600003085, 1.14000046532, 2.84391686068, 2.50944486435, 1.00277368614, 3.04000098746, 1.05945346882, 0.927194136768, 1.0000000842, 1.00000035814, 1.09940007321, 4.87029649029, 0.958522072736, 1.00000063441, 123.822936569, 0.964693659355, 3.31631324453, 0.972054719733, 3.29000030437, 1.00000027024, 18.3013257832, 1303.13009514
2.5537511493, 1.06350631702, 1.51433917018, 0.82585427377, 2.83000035208, 1.12454242608, 1.138989234, 1.26000050593, 1.14000089153, 1.70605432057, 2.50230568549, 0.907541633066, 3.04000020335, 1.09601164995, 0.783741844257, 1.00000078042, 1.00000047347, 1.01296681544, 7.27679145342, 0.942568979931, 1.00000058364, 102.796088231, 0.943925513397, 5.1559637013, 0.960111733771, 3.29000063255, 1.00000036981, 19.6561972522, 1010.81870149
2.74179176401, 1.00853835951, 1.64552526353, 0.885205700037, 2.83000012769, 1.02741439673, 3.63200336818, 1.26000063633, 1.1400005629, 3.71697877314, 2.66120617031, 0.921373900501, 3.04000033655, 1.04758093689, 0.900949637009, 1.00000092946, 1.00000010047, 1.101468865, 8.20449443509, 0.96372324932, 1.00000038987, 96.3082143935, 0.980930169391, 4.47858177503, 1.00958008171, 3.29000046797, 1.00000029958, 20.547879422, 970.029836604
2.2492674093, 1.00959136325, 1.67774223258, 0.831908672461, 2.83000044507, 1.06264070005, 2.76758590121, 1.26000084485, 1.14000059993, 1.67234577904, 2.9099224907, 0.914643380789, 3.04000071731, 1.09560345858, 0.805540437784, 1.00000028928, 1.00000034444, 1.04524318962, 9.46686002993, 0.963853277693, 1.00000001518, 99.5030683678, 1.05464172948, 4.74311105745, 0.950040354235, 3.29000060555, 1.00000055715, 16.1368445204, 3465.63925059
2.04792993406, 1.0604160042, 1.52512598045, 0.896560462299, 2.83000019948, 0.875349310748, 1.63785991301, 1.26000013149, 1.14000059839, 3.1254662754, 1.82959877864, 0.889954824402, 3.04000057257, 1.08276462337, 1.04872929865, 1.00000099995, 1.00000014797, 1.08497624211, 4.39908435633, 0.983143808446, 1.00000080764, 99.1609945291, 0.954431338558, 1.3822890725, 0.983672338596, 3.29000027239, 1.00000013062, 16.4421453093, 4534.84819925
2.18279026495, 1.02526156235, 1.55338532801, 0.945219625457, 2.830000975, 1.11130843556, 1.75581598801, 1.26000013614, 1.14000016023, 2.98423970195, 3.06939082682, 0.932118231625, 3.04000000013, 1.03407407103, 1.02443423488, 1.00000071387, 1.0000008287, 1.08155755595, 5.04257226057, 0.985243810852, 1.00000028216, 107.084591463, 1.00923043187, 5.70562537604, 0.952794080326, 3.29000034724, 1.00000098917, 19.2062861504, 1258.48396977
5.04515304868, 1.13888354491, 1.44760599517, 0.872041453018, 2.83000088632, 1.08605682605, 4.6376462669, 1.26000029809, 1.14000063971, 2.69928196927, 1.85623302199, 0.886581152145, 3.04000094796, 1.05031240444, 0.977786917712, 1.00000020575, 1.00000055313, 1.0517367241, 9.01664699323, 0.975732378276, 1.00000059366, 81.5768337287, 0.878728182397, 2.62060374927, 1.01529432487, 3.29000049577, 1.00000082221, 28.7602137134, 714.511577901
5.59729409873, 1.05542840898, 1.43672543629, 0.84653961529, 2.83000066725, 0.850618059927, 1.82537911035, 1.26000089572, 1.14000089733, 2.82177347925, 2.94379544375, 0.990114893821, 3.04000075084, 1.11159076054, 0.840428270843, 1.00000030461, 1.0000009455, 1.09881082185, 3.32741937773, 0.955163264652, 1.0000000792, 116.93864324, 0.917783199145, 4.45918670589, 0.998188837731, 3.29000063506, 1.00000084192, 22.5321107061, 953.887511088
4.92580123551, 1.09326896197, 1.34667168233, 0.966879129777, 2.83000053448, 1.14530352747, 3.63200336818, 1.26000082503, 1.14000050948, 2.68456490997, 3.08785608467, 1.0763123352, 3.04000032772, 1.01506786544, 1.00219222324, 1.00000003392, 1.00000024505, 1.00671921269, 3.57982662704, 0.983539210509, 1.00000056189, 123.76922398, 1.03136839902, 4.9483569267, 1.00072279456, 3.29000046797, 1.00000082984, 18.8081506109, 1841.85315521
2.6609571532, 1.09702970287, 1.38078802916, 0.825929768208, 2.83000000352, 1.11260862685, 4.70372859803, 1.26000006765, 1.14000053128, 1.96509638817, 2.04858096887, 0.980087233088, 3.04000077613, 1.02823833971, 0.934695307178, 1.00000062783, 1.00000048399, 1.06963110467, 9.0681484098, 0.983983443608, 1.00000085802, 118.296862699, 0.874720888597, 3.53462827645, 0.991227404373, 3.29000094943, 1.00000032237, 21.4855798189, 1090.63085272
2.72790138294, 1.02612014283, 1.39451629644, 0.951525798619, 2.83000043239, 1.01100260834, 4.33423542523, 1.26000071989, 1.14000091063, 2.62574823286, 2.5329727855, 0.985126991674, 3.04000061753, 1.08053557882, 0.884066024846, 1.00000079681, 1.00000088897, 1.01663664601, 7.96631750109, 0.992064071574, 1.0000007626, 118.797401923, 0.909481685052, 1.73427200536, 1.04857998907, 3.29000018, 1.00000052999, 32.2125247988, 770.436184934
4.73809662688, 1.11926856572, 1.62573423594, 0.940086924694, 2.83000057624, 0.984434939569, 1.138989234, 1.26000050593, 1.14000033387, 2.69707798382, 2.50230568549, 0.908397508323, 3.04000038924, 1.07480684921, 1.07746269143, 1.0000004623, 1.00000011493, 1.09782320835, 6.27385722465, 0.939792216108, 1.00000040947, 87.7103961022, 0.922838228325, 4.42812582605, 0.976343768392, 3.29000056083, 1.00000070915, 20.8315776008, 1234.35622856
5.31671541673, 1.01903487442, 1.40381125479, 0.983307824466, 2.83000090749, 1.11158890792, 2.35713490956, 1.26000034757, 1.1400006314, 2.70397204906, 1.84790637837, 1.093353033, 3.0400003436, 1.04812762541, 0.978598374912, 1.00000036652, 1.00000006012, 1.09339521636, 7.7880855791, 0.953595346157, 1.00000025593, 78.6544999846, 0.895147357907, 3.07438972635, 1.04004031782, 3.29000064341, 1.00000072101, 33.5002765582, 817.640310607
2.6609571532, 1.0968836712, 1.38078802916, 0.825929768208, 2.83000000352, 1.11260862685, 4.70372859803, 1.26000006765, 1.14000053128, 1.96509638817, 2.04858096887, 0.980087233088, 3.0400007139, 1.02823833971, 0.934695307178, 1.00000062783, 1.00000080238, 1.06963110467, 9.0681484098, 0.983983443608, 1.00000085802, 118.296862699, 0.874720888597, 3.53462827645, 0.968870732524, 3.29000094943, 1.00000032237, 23.6741498739, 1038.0361077
2.09693524899, 1.11280431124, 1.72281506156, 0.89792049182, 2.83000025328, 1.07228135624, 4.0276174537, 1.2600007145, 1.14000010835, 2.66941062975, 1.9070857582, 0.885397192648, 3.04000075773, 1.01211805462, 0.878311784708, 1.00000096391, 1.00000065822, 1.06011690806, 8.85165970604, 0.997620231006, 1.00000064524, 120.999419845, 1.00802200369, 4.43008677679, 0.960416007239, 3.29000064459, 1.00000027991, 18.203520825, 6905.47672498
2.5537511493, 1.06350631702, 1.51433917018, 0.82585427377, 2.83000035208, 1.12454242608, 1.138989234, 1.26000050593, 1.14000089153, 1.70605432057, 2.50230568549, 0.907541633066, 3.04000036731, 1.09601164995, 0.783741844257, 1.00000078042, 1.00000047347, 1.01296681544, 7.27679145342, 0.942568979931, 1.00000058364, 102.796088231, 0.943925513397, 5.1559637013, 0.960111733771, 3.29000063255, 1.00000036981, 23.232535565, 1147.19806112
2.34361807843, 1.04693580544, 1.45880285054, 0.844187470753, 2.83000095818, 1.08253433908, 1.91670241631, 1.26000080292, 1.14000085922, 2.00377109315, 1.92506353661, 1.00771298304, 3.04000078533, 1.00183322403, 0.906872598297, 1.00000084232, 1.0000002975, 1.10748853654, 6.39022326665, 0.910760505083, 1.00000030184, 96.9773562823, 0.9123503702, 5.30396767402, 1.0658594119, 3.29000000134, 1.00000059603, 19.4043244214, 2377.35751875
1.04626993075, 1.12828336425, 1.67425617617, 0.970896603253, 2.83000008341, 1.03486570554, 5.55068104443, 1.26000075021, 1.14000088592, 2.79212248829, 2.35666910624, 1.09429646234, 3.04000016811, 1.0360845405, 0.912301504056, 1.00000078564, 1.0000000552, 1.0839702447, 8.52978426539, 0.960531891555, 1.00000087062, 123.381572713, 0.937867336465, 3.62506322108, 1.03383279521, 3.29000080249, 1.00000048476, 25.9392127331, 1116.10804022
2.95691690214, 1.04364244327, 1.47709263882, 0.807977030568, 2.83000006066, 0.93199777081, 4.01349089222, 1.26000003961, 1.14000074016, 2.61981192617, 2.38425921369, 0.899156113126, 3.04000063576, 1.00032603609, 1.08986354951, 1.00000072916, 1.00000054491, 1.07471928865, 4.2922841834, 0.978179775276, 1.00000037338, 83.6553641107, 0.841691306954, 2.64305010354, 0.988922518705, 3.29000094507, 1.00000012655, 19.029522208, 12070.4346213
2.21635513406, 1.00193490617, 1.34361267704, 0.916042892239, 2.83000057139, 1.02026362366, 1.01275664428, 1.26000077202, 1.14000000651, 2.79711819856, 1.66595776261, 1.01757423125, 3.0400004594, 1.09366189799, 1.07282116961, 1.00000019887, 1.00000082009, 1.00870438787, 8.21330033235, 0.939443289653, 1.00000034473, 103.626519339, 1.03251201775, 3.61464032592, 1.01969143478, 3.29000070189, 1.00000085061, 34.6640172162, 1081.19476191
2.24594908713, 1.10321000133, 1.6840456991, 0.99892847016, 2.83000033667, 1.18938797773, 3.11307367366, 1.26000069738, 1.14000091965, 2.46485883765, 1.9729539899, 1.03043896935, 3.0400000235, 1.06718936723, 1.03329636326, 1.00000094171, 1.00000024578, 1.05917952543, 8.90992512484, 0.957642576248, 1.00000002271, 76.6899068881, 1.00107293158, 2.3626562948, 1.0004216084, 3.29000009337, 1.00000065845, 19.2137838806, 4274.0030503
4.85538673915, 1.12142034493, 1.44132914782, 0.916348118909, 2.83000009616, 1.02629546485, 3.11755773986, 1.26000072489, 1.14000012501, 2.77792423087, 1.72474894002, 0.931323676024, 3.04000007648, 1.0550576663, 0.859486846101, 1.00000049454, 1.00000046531, 1.02247819623, 4.4493579392, 0.988642893311, 1.00000008116, 81.4130023594, 1.01610327311, 2.23401406438, 0.956996920563, 3.29000090584, 1.00000019793, 22.4853530468, 1271.40207321
1.15728269522, 1.06319225682, 1.68352218593, 0.872041453018, 2.83000075201, 1.13953624228, 3.68989115671, 1.26000073368, 1.14000079137, 3.31717590122, 3.05503546053, 1.07642752143, 3.04000096935, 1.04099834182, 0.94362656277, 1.00000020575, 1.00000028295, 1.10538837488, 7.0154579072, 0.954026224338, 1.00000099918, 123.564646565, 0.876509242755, 4.87554566034, 0.992102734186, 3.29000007152, 1.00000028264, 21.3257169707, 1405.02852831
2.35924453236, 1.11634662576, 1.47322071474, 0.888853283169, 2.83000019993, 1.05487107907, 4.15848571305, 1.26000010384, 1.14000084657, 1.58339580835, 2.79630688808, 1.05880600221, 3.04000092491, 1.0661168809, 0.868504864835, 1.00000049864, 1.00000008986, 1.01911333169, 8.84434874466, 0.910292681647, 1.00000023584, 94.9726390611, 0.951218915066, 5.63362371929, 1.05581341802, 3.29000095678, 1.00000013694, 19.4197894512, 3850.86140507
1.57179397915, 1.10610261543, 1.61839087293, 0.945821726164, 2.83000066725, 1.1111831283, 3.47823700092, 1.26000056976, 1.14000008574, 1.42619666107, 2.20738791705, 0.907231553263, 3.04000078582, 1.1189373515, 0.901868395634, 1.00000000652, 1.00000010236, 1.08940555255, 5.02930265902, 0.98185806699, 1.00000002277, 121.322393265, 0.956591117565, 5.6061715856, 1.0254834485, 3.29000060493, 1.00000093428, 19.3607531019, 6538.91813059
2.6609571532, 1.0968836712, 1.38078802916, 0.825929768208, 2.83000000352, 1.11260862685, 4.70372859803, 1.26000006765, 1.14000053128, 2.69928196927, 2.42633053811, 0.980087233088, 3.0400007139, 1.02823833971, 0.934695307178, 1.00000062783, 1.00000080238, 1.06963110467, 9.0681484098, 0.983983443608, 1.00000085802, 118.296862699, 0.874720888597, 3.53462827645, 0.968870732524, 3.29000094943, 1.00000032237, 21.4168465236, 1540.72011654
5.59729409873, 1.05542840898, 1.43672543629, 0.84653961529, 2.83000066725, 0.850618059927, 4.83734682377, 1.26000089572, 1.14000089733, 2.82177347925, 2.94379544375, 0.990114893821, 3.04000075084, 1.11159076054, 0.840428270843, 1.00000030461, 1.0000009455, 1.09881082185, 3.32741937773, 0.955163264652, 1.0000000792, 121.322393265, 0.917783199145, 4.45918670589, 0.998188837731, 3.29000063506, 1.00000084192, 31.5701119521, 1218.74838382
2.2492674093, 1.00959136325, 1.67774223258, 0.831908672461, 2.83000044507, 1.06264070005, 2.76758590121, 1.26000084485, 1.14000059993, 1.67234577904, 2.9099224907, 0.914643380789, 3.04000071731, 1.09560345858, 0.805540437784, 1.00000091722, 1.00000034444, 1.04524318962, 9.46686002993, 0.963853277693, 1.00000001518, 99.5030683678, 1.074745944, 4.74311105745, 0.96208441896, 3.29000060555, 1.00000055715, 19.5425353187, 11174.5800345
1.40185464668, 1.0968836712, 1.37857950426, 0.816025114461, 2.83000000352, 1.11260862685, 4.70372859803, 1.26000006765, 1.14000053128, 1.96509638817, 2.04858096887, 1.01723607262, 3.0400007139, 1.02823833971, 0.906484494222, 1.00000062783, 1.00000080238, 1.02633553653, 6.27385722465, 0.983983443608, 1.00000085802, 118.296862699, 0.874720888597, 3.53462827645, 0.968870732524, 3.29000094943, 1.00000094088, 27.7332789621, 1301.061978
1.2253597645, 1.01595919917, 1.73577302227, 0.86387724007, 2.83000019064, 1.05559170244, 1.6895784819, 1.26000006692, 1.14000063992, 2.19582862412, 2.91424869664, 1.07162746064, 3.04000008059, 1.06034769439, 0.89049955489, 1.00000056665, 1.00000059857, 1.10328662886, 3.34585710873, 0.973725396848, 1.00000033293, 77.5864441727, 0.902628482067, 2.28071662204, 0.992424738179, 3.2900007288, 1.00000001809, 19.7798264808, 5813.51677723
1.8162744973, 1.03053985657, 1.43667204815, 0.852739375275, 2.83000094171, 1.16796733057, 3.09388142401, 1.26000096839, 1.14000009205, 2.50580839172, 1.85689761446, 1.04273141791, 3.04000061154, 1.11846564528, 0.801352456669, 1.00000000944, 1.00000049458, 1.07059012829, 8.5247581504, 0.960063782796, 1.00000007001, 109.844300134, 0.948751504527, 4.11812337761, 0.98506421615, 3.29000051293, 1.00000079544, 20.1394623161, 6005.46042845
2.35924453236, 1.11634662576, 1.47322071474, 0.888853283169, 2.83000019993, 1.05487107907, 4.15848571305, 1.26000010384, 1.14000073062, 1.58339580835, 2.79630688808, 0.959126015774, 3.04000016033, 1.0661168809, 0.868504864835, 1.00000049864, 1.00000019824, 1.01911333169, 7.82038499593, 0.910292681647, 1.00000090063, 94.9726390611, 0.951218915066, 5.63362371929, 1.06661179916, 3.29000095678, 1.00000013694, 20.2456882626, 6481.07579683
1.6225093503, 1.05833267691, 1.61839087293, 0.945821726164, 2.83000027475, 1.1111831283, 3.47823700092, 1.26000056976, 1.14000008574, 1.42619666107, 2.20738791705, 0.907231553263, 3.04000078582, 1.1189373515, 0.901868395634, 1.00000000652, 1.00000010236, 1.08940555255, 5.02930265902, 0.98185806699, 1.00000002277, 105.775898874, 0.956591117565, 5.6061715856, 1.0254834485, 3.29000060493, 1.00000093428, 20.1226959964, 11671.7775475
2.24594908713, 1.12106369588, 1.57616409736, 0.890151916838, 2.83000084869, 1.0645390162, 1.33197236432, 1.26000070335, 1.14000040553, 1.46828528247, 2.93824381454, 0.964322221924, 3.04000038788, 1.0968306439, 0.832274212468, 1.00000061298, 1.00000024578, 1.00199215394, 4.96777779057, 0.951299603033, 1.00000051779, 116.970695772, 0.855055442299, 2.96693589822, 1.05649197091, 3.29000043099, 1.00000007204, 21.9215705326, 2447.94639784
3.77046554953, 1.10321000133, 1.6840456991, 0.99892847016, 2.83000039312, 1.18938797773, 3.11307367366, 1.26000069738, 1.14000091965, 3.11624178004, 1.9729539899, 1.03043896935, 3.0400000235, 1.06718936723, 1.03329636326, 1.00000094171, 1.00000091816, 1.06114047527, 8.90992512484, 0.957642576248, 1.00000032523, 76.6899068881, 1.00107293158, 2.3626562948, 1.0004216084, 3.29000009337, 1.00000065845, 22.3847622057, 2386.21819573
4.60187491751, 1.03554699224, 1.40003496581, 0.824962734056, 2.83000043459, 0.853872350608, 3.49152540132, 1.26000062425, 1.14000099161, 1.66573732708, 3.03863273075, 0.90724434946, 3.04000026136, 1.09774441223, 0.982885280924, 1.00000011332, 1.0000009632, 1.03072622542, 5.34923456053, 0.971142503464, 1.00000028951, 107.350696352, 0.968461187145, 5.05036047535, 1.04791751372, 3.29000019459, 1.00000069691, 21.0984260532, 4345.99370196
4.01229085562, 1.11582008107, 1.39659092133, 0.843601892789, 2.83000064848, 0.975636731098, 1.18582743577, 1.26000015741, 1.14000008411, 1.80787315736, 3.01399976986, 1.02214001422, 3.04000037315, 1.00462076236, 1.04899523246, 1.00000020113, 1.00000085232, 1.02183601082, 7.46782435228, 0.972115905756, 1.00000074089, 114.642612511, 0.883443502361, 1.0572049605, 1.02405931071, 3.29000011903, 1.00000011025, 25.0040460039, 1640.21196828
5.5924272345, 1.12773387174, 1.58346506023, 0.815465665178, 2.83000019023, 0.957400838468, 1.06010119349, 1.26000005357, 1.140000302, 1.6499341954, 1.64697348527, 0.970182938287, 3.04000072901, 1.11322633542, 0.888800449237, 1.00000020733, 1.00000064049, 1.09309027678, 5.60990301041, 0.967692852523, 1.0000007645, 105.737114177, 0.927122574081, 3.22194843048, 1.04353280184, 3.29000047247, 1.00000076515, 26.0808967589, 1504.14053827
1.84842389278, 1.0655749502, 1.35646009262, 0.802602763261, 2.83000058789, 0.907207824892, 2.62761003597, 1.26000070576, 1.14000020213, 2.85746401894, 2.67978950438, 0.998617462153, 3.04000097785, 1.07486342266, 0.881166878315, 1.0000003941, 1.00000051011, 1.04809990109, 8.50557299603, 0.985690449993, 1.00000024139, 110.887712783, 0.868402093381, 2.57422516073, 0.981269299202, 3.29000031748, 1.00000088396, 20.5630574309, 6646.38479732
2.3226800116, 1.01287697649, 1.66842533516, 0.862145267179, 2.83000068193, 1.00511187577, 2.62989026718, 1.26000085492, 1.14000036558, 3.37269378787, 2.16884031955, 1.06771199688, 3.04000084166, 1.07942697623, 0.95760261481, 1.00000038808, 1.0000009915, 1.00429331266, 6.90211243345, 0.910118782208, 1.00000099248, 103.057578148, 1.03535020906, 1.31532778078, 0.992926056104, 3.29000018638, 1.00000061121, 20.956472019, 5834.74666611
5.92537834024, 1.09014327, 1.42961194633, 0.981010374978, 2.83000034147, 0.98506416295, 2.60954216053, 1.2600008277, 1.14000024542, 1.53260149152, 1.85600731199, 0.939401033152, 3.04000038762, 1.039114403, 1.05449832442, 1.00000037579, 1.00000042166, 1.04631817158, 9.89902053131, 0.977746991492, 1.00000088742, 118.438641563, 0.98591248467, 5.00997168176, 1.0001408421, 3.29000049499, 1.0000009711, 23.8319674055, 1900.06314903
1.74180598296, 1.11280431124, 1.72281506156, 0.962236106477, 2.83000025328, 1.07228135624, 4.0276174537, 1.26000082531, 1.14000055438, 2.66941062975, 1.9070857582, 0.885397192648, 3.04000075773, 1.01211805462, 0.878311784708, 1.00000073727, 1.00000065822, 1.04508711997, 8.85165970604, 0.997620231006, 1.00000062925, 120.999419845, 1.00802200369, 1.27516781616, 0.977693248078, 3.29000065433, 1.00000062399, 23.7600623335, 1961.49650606
3.35283920456, 1.12454504193, 1.60994377286, 0.963762646086, 2.83000064927, 1.01132197912, 4.82346031986, 1.26000095999, 1.14000041625, 2.78158911268, 2.30732040335, 0.935373512186, 3.04000050099, 1.04270515695, 0.97163284138, 1.00000023397, 1.00000070497, 1.00810934773, 7.46238723004, 0.916613758207, 1.00000023042, 84.6449400214, 0.934360393517, 2.90756504096, 1.01494092858, 3.29000033768, 1.00000074401, 20.4476340486, 16426.8999773
5.86950112977, 1.09683883607, 1.55322791351, 0.801302102523, 2.83000061213, 1.00773927057, 3.84655283298, 1.26000013394, 1.14000095245, 2.60936119014, 1.79761296598, 1.01693048607, 3.04000019087, 1.08099372314, 0.827811823337, 1.00000070324, 1.00000013674, 1.05151155749, 6.49540863961, 0.94037696723, 1.00000067939, 79.552115507, 0.964572978177, 4.82492723945, 1.02767473774, 3.29000011447, 1.00000074244, 25.132951008, 1850.59482917
2.60862190234, 1.12085603525, 1.54930919632, 0.848150107176, 2.83000061778, 1.06530368883, 1.69916394998, 1.26000092454, 1.14000002773, 2.96786190957, 2.94641719117, 0.897771193247, 3.04000068918, 1.1102402279, 0.781112246971, 1.0000009125, 1.00000020287, 1.0002201951, 6.00879236246, 0.926785681099, 1.0000004662, 90.339115763, 1.08030124398, 3.48896684119, 1.06877834978, 3.29000069845, 1.00000024768, 21.5968735601, 4305.26565498
3.88420217798, 1.13437923301, 1.50098209979, 0.886265000061, 2.83000025728, 1.15551399155, 5.31402110274, 1.26000045214, 1.14000094477, 3.61905928839, 2.11801384482, 1.06382934261, 3.04000048065, 1.04260233444, 1.01274100416, 1.00000085514, 1.00000077888, 1.08330800664, 8.68553952949, 0.917056673942, 1.000000028, 81.4614398566, 1.05165202146, 5.31679318174, 0.978944707248, 3.29000086256, 1.00000069691, 23.3286222497, 2474.28762756
1.88087647556, 1.11567498529, 1.43094955599, 0.839949104542, 2.83000076797, 0.899150441858, 4.25399789877, 1.26000003886, 1.14000017791, 2.90753091641, 2.55042776268, 0.975962659696, 3.04000000503, 1.0978802361, 1.04452873359, 1.00000004413, 1.00000039129, 1.03162132862, 9.26110285659, 0.911975990484, 1.00000072136, 85.1302737702, 0.938266974918, 3.19642605687, 1.02910681166, 3.29000091189, 1.0000007009, 23.7435617277, 2409.98753898
2.95691690214, 1.04364244327, 1.47709263882, 0.807977030568, 2.83000006066, 0.93199777081, 4.01349089222, 1.26000003961, 1.14000074016, 2.60530513589, 2.38425921369, 0.899156113126, 3.04000063576, 1.00032603609, 1.08986354951, 1.00000042964, 1.00000054491, 1.07471928865, 4.2922841834, 0.978179775276, 1.00000037338, 83.6553641107, 1.02969376479, 2.64305010354, 0.988922518705, 3.29000023684, 1.00000012655, 25.8089907598, 2046.79189131
4.92024611078, 1.08399863353, 1.61777616791, 0.978590144328, 2.83000001982, 1.15832726202, 1.09175866753, 1.2600003085, 1.14000085495, 2.84391686068, 2.50944486435, 1.00277368614, 3.04000035045, 1.04897782216, 0.927194136768, 1.0000000842, 1.00000035814, 1.09940007321, 4.87029649029, 0.938414996572, 1.00000063441, 123.822936569, 0.964693659355, 3.31631324453, 0.972054719733, 3.29000030437, 1.00000027024, 38.0372181354, 1502.01560511
5.40382904851, 1.08461289291, 1.67463869423, 0.833956478338, 2.83000006821, 1.09067948266, 5.49497730372, 1.26000064105, 1.14000041907, 2.24477109074, 1.96603177676, 0.966516185244, 3.04000073162, 1.06270437377, 0.847420655218, 1.00000066352, 1.0000008287, 1.08973976691, 4.60340919951, 0.941141206992, 1.00000095719, 78.9117827508, 0.967752409431, 3.65677347993, 1.03066876618, 3.29000078462, 1.0000000408, 21.4949404294, 5451.63537596
4.22563076112, 1.00954294822, 1.45926769826, 0.867459393022, 2.83000087925, 1.07236754638, 4.49532562219, 1.26000032124, 1.1400005003, 2.70057725709, 1.90147451027, 1.06524036257, 3.04000004721, 1.09320874066, 1.06498186791, 1.00000066874, 1.00000009329, 1.05250282585, 6.60166739156, 0.990293290016, 1.00000010278, 83.6778342061, 0.879603624009, 3.62993081114, 1.0523637707, 3.29000081724, 1.0000004591, 26.5993602883, 1889.70317877
1.15728269522, 1.12575867823, 1.68352218593, 0.872041453018, 2.83000075201, 1.13953624228, 3.68989115671, 1.26000098293, 1.14000067081, 3.31717590122, 3.05503546053, 1.06723491465, 3.0400009278, 1.04099834182, 0.94362656277, 1.00000020575, 1.00000028295, 1.10538837488, 7.0154579072, 0.954026224338, 1.00000009022, 123.564646565, 0.876509242755, 4.94471733818, 0.995051993393, 3.29000098262, 1.00000028264, 23.222877157, 3133.91462424
1.88087647556, 1.11567498529, 1.43094955599, 0.839949104542, 2.83000076797, 0.899150441858, 5.8640283175, 1.26000003886, 1.14000017791, 2.90753091641, 2.89207863076, 0.975962659696, 3.04000000503, 1.0978802361, 1.00002146257, 1.00000038288, 1.00000039129, 1.03162132862, 9.26110285659, 0.911975990484, 1.00000072136, 85.1302737702, 0.938266974918, 3.19642605687, 0.983222700161, 3.29000091189, 1.0000007009, 21.7300510494, 4675.87379305
3.8627336179, 1.05833267691, 1.61839087293, 0.945821726164, 2.83000027475, 1.1111831283, 3.47823700092, 1.26000056976, 1.14000008574, 1.42619666107, 2.20738791705, 0.907231553263, 3.04000078582, 1.1189373515, 0.901868395634, 1.00000000652, 1.00000010236, 1.08940555255, 5.02930265902, 0.98185806699, 1.00000002277, 105.775898874, 0.956591117565, 5.6061715856, 1.0254834485, 3.29000060493, 1.00000093428, 21.7557319354, 5338.98054282
2.51187031853, 1.13532425819, 1.57617776431, 0.814070777236, 2.83000009697, 1.05076404664, 5.68644967907, 1.2600007628, 1.14000080303, 1.6127128088, 1.58213555497, 1.01218452384, 3.04000096402, 1.04542289144, 0.851834808635, 1.00000049454, 1.00000076479, 1.04842428381, 9.20203738506, 0.956130554032, 1.00000092674, 100.44179142, 0.843290884984, 1.06612288267, 1.03096994591, 3.29000036931, 1.00000070506, 37.67849886, 1600.52700912
1.2253597645, 1.01595919917, 1.73577302227, 0.86387724007, 2.83000019064, 1.05559170244, 1.6895784819, 1.26000002014, 1.14000063992, 2.19582862412, 2.91424869664, 1.07162746064, 3.04000089742, 1.06034769439, 0.89049955489, 1.00000056665, 1.00000059857, 1.10328662886, 3.34585710873, 0.973725396848, 1.00000033293, 77.5864441727, 0.902628482067, 2.28071662204, 0.992424738179, 3.2900007288, 1.00000001809, 25.9913955014, 2118.96049274
5.41591586359, 1.06971101329, 1.53304930304, 0.851040092217, 2.83000033602, 0.858600809615, 5.30173323561, 1.26000020044, 1.14000079137, 1.31312220626, 2.94641719117, 1.07642752143, 3.04000022483, 1.08958367833, 0.967147404227, 1.00000028362, 1.00000047499, 1.07313073185, 4.00656677563, 0.975192163078, 1.00000099138, 86.2394353931, 1.06200683136, 3.43685981506, 1.05923263293, 3.29000007152, 1.00000015048, 22.837797733, 4095.64866501
3.99237199637, 1.07071544134, 1.47415393577, 0.823978929457, 2.83000060823, 1.11688196927, 5.5046838299, 1.26000008621, 1.1400000022, 3.65373158523, 2.93382436868, 1.02176732588, 3.04000008059, 1.04407214008, 0.957036607963, 1.00000032274, 1.00000094421, 1.10905548752, 7.21359033107, 0.964452268928, 1.00000007711, 86.4597136698, 0.941087880194, 1.80167246698, 1.02212588681, 3.29000037879, 1.00000056568, 24.1067576688, 2661.53325818
5.36215278062, 1.03775316575, 1.65044244175, 0.894891577316, 2.83000035404, 1.07800100414, 4.44833208519, 1.26000011003, 1.14000033394, 1.28884871485, 2.9465290731, 0.959126015774, 3.040000416, 1.04091046797, 1.0620505362, 1.00000055818, 1.00000024369, 1.05954440817, 3.84367285996, 0.990922382343, 1.0000006489, 99.0670252907, 0.956129845122, 4.50903461632, 0.987586486901, 3.29000069093, 1.00000014389, 40.7008498039, 1703.18825091
4.60187491751, 1.03554699224, 1.40003496581, 0.824962734056, 2.83000043459, 0.853872350608, 5.86536362076, 1.26000062425, 1.14000099161, 1.66573732708, 3.03863273075, 0.90724434946, 3.04000026136, 1.09774441223, 0.982885280924, 1.00000011332, 1.0000009632, 1.03072622542, 7.46058137029, 0.971142503464, 1.00000028951, 107.350696352, 0.968461187145, 5.23237309689, 1.04791751372, 3.29000019459, 1.00000069691, 42.5469580582, 1826.96375263
4.03316009309, 1.02877617602, 1.4427592381, 0.962117954868, 2.83000057545, 0.932837191689, 3.63179308484, 1.26000087834, 1.14000095505, 3.49399949522, 3.03041806431, 0.916191608538, 3.04000007648, 1.01762718826, 0.925300324719, 1.00000010276, 1.00000028716, 1.01238550611, 5.26578746087, 0.960615667529, 1.0000003766, 84.1707926506, 0.99949913084, 4.36763217368, 1.06095321729, 3.29000084933, 1.00000006529, 45.5934782924, 1764.83496615
5.48125131671, 1.12142034493, 1.44132914782, 0.916348118909, 2.83000009616, 1.02629546485, 3.11755773986, 1.26000072489, 1.14000012501, 2.77792423087, 1.72474894002, 0.931323676024, 3.04000007648, 1.0550576663, 0.835548339941, 1.00000017508, 1.00000046531, 1.02247819623, 4.4493579392, 0.988642893311, 1.00000008116, 81.4130023594, 1.01610327311, 2.23401406438, 0.956996920563, 3.29000058504, 1.0000003377, 28.3104822495, 2026.32218634
1.88087647556, 1.11567498529, 1.43094955599, 0.839949104542, 2.83000076797, 1.15551399155, 4.25399789877, 1.26000003886, 1.1400000281, 2.90753091641, 2.55042776268, 0.980218606167, 3.04000000503, 1.0978802361, 1.04452873359, 1.00000004413, 1.00000039129, 1.03162132862, 9.26110285659, 0.911975990484, 1.000000028, 85.1302737702, 0.938266974918, 3.19642605687, 1.02910681166, 3.29000091189, 1.0000007009, 21.4989458202, 6587.09479465
1.89378740903, 1.12085603525, 1.54930919632, 0.814073637936, 2.83000061778, 1.06530368883, 1.69916394998, 1.26000097651, 1.14000002773, 2.96786190957, 2.94641719117, 0.897771193247, 3.04000017349, 1.1102402279, 0.781112246971, 1.00000073727, 1.00000020287, 1.0002201951, 4.57919445431, 0.93193326941, 1.0000004662, 90.339115763, 1.08030124398, 3.48896684119, 1.06877834978, 3.29000069845, 1.00000024768, 22.3109208512, 5383.54166729
3.04816438383, 1.02113360671, 1.55763723412, 0.948024345196, 2.83000099137, 0.947049964481, 1.07089043917, 1.26000089235, 1.14000048348, 2.98423970195, 2.49006441888, 1.02064074489, 3.04000078917, 1.0033293041, 0.837085449402, 1.0000003108, 1.0000002135, 1.09229401155, 4.39085448513, 0.96395273325, 1.00000069402, 116.687613684, 1.00833152843, 5.85481883139, 1.06579971842, 3.29000046999, 1.00000093631, 27.8912611399, 2313.64782053
5.8618941387, 1.0946864592, 1.5922798231, 0.879868218082, 2.83000096587, 0.987595213219, 2.32155491697, 1.26000081721, 1.14000022483, 1.91235902895, 2.78448210587, 1.08731743463, 3.04000031841, 1.08033395152, 0.854308432068, 1.00000090424, 1.00000027089, 1.01725134885, 3.14938039038, 0.917372160371, 1.00000025025, 106.888075571, 0.936972445263, 2.08525538051, 1.03514559306, 3.290000641, 1.00000099417, 35.3823226411, 1949.44576341
1.49665537365, 1.11266934669, 1.66245888781, 0.946110862027, 2.83000077365, 0.86569018773, 2.01899083081, 1.26000003147, 1.1400002873, 3.1576318559, 1.64069575145, 0.924605570369, 3.04000049297, 1.0053786172, 0.958710731061, 1.00000082871, 1.00000005507, 1.06299913716, 3.89591509854, 0.999778377959, 1.00000033715, 120.793091986, 1.07607251077, 4.48275315327, 1.04396237937, 3.29000072792, 1.00000083953, 21.681860944, 8286.39659685
5.8618941387, 1.0946864592, 1.5922798231, 0.879868218082, 2.83000096587, 0.987595213219, 2.32155491697, 1.26000081721, 1.14000022483, 1.85299596883, 2.78448210587, 1.08731743463, 3.04000031841, 1.08033395152, 0.854308432068, 1.00000090424, 1.00000027089, 1.01725134885, 3.14938039038, 0.917372160371, 1.00000025025, 106.888075571, 0.936972445263, 2.08525538051, 1.03514559306, 3.290000641, 1.00000099417, 22.0288235007, 6020.13341593
2.18279026495, 1.02526156235, 1.55338532801, 0.945219625457, 2.8300004509, 1.11130843556, 1.75581598801, 1.26000013614, 1.14000016023, 2.9806874744, 3.06939082682, 0.932118231625, 3.04000000013, 1.03407407103, 1.02443423488, 1.00000071387, 1.0000008287, 1.08155755595, 5.04257226057, 0.985243810852, 1.00000028216, 107.084591463, 1.00923043187, 5.57308598379, 0.952794080326, 3.29000034724, 1.00000098917, 22.8237960554, 5383.12408189
2.24199808865, 1.06667988269, 1.40488034588, 0.888470344672, 2.83000057923, 1.11887301, 5.57391207821, 1.26000073607, 1.14000044093, 2.10499214481, 1.73187896348, 0.93226052416, 3.04000058268, 1.01039711336, 0.987481169986, 1.00000093741, 1.00000091742, 1.0906871475, 4.16319658008, 0.9547017383, 1.00000064649, 113.589850207, 0.928464028373, 1.39135495492, 0.963904413812, 3.2900003176, 1.00000006579, 23.6347169549, 4630.78016615
3.38268022092, 1.11171544465, 1.34222642688, 0.826145286321, 2.83000050608, 0.995207313, 2.46902378694, 1.26000028733, 1.14000075238, 3.52826676952, 1.68392929117, 0.983856762983, 3.04000024037, 1.03320669127, 1.03269197535, 1.00000005913, 1.00000026655, 1.00397694783, 4.98436903029, 0.918583866691, 1.00000054861, 91.113749469, 0.903384567437, 4.86258941875, 0.992568029854, 3.29000038552, 1.00000090299, 21.966020038, 8722.63808764
5.66773978756, 1.12013436221, 1.68623311717, 0.923093967695, 2.8300008747, 0.905827080542, 4.16779019786, 1.26000015741, 1.1400002012, 3.1249459236, 3.01399976986, 1.02214001422, 3.04000046834, 1.08190091169, 0.927409291231, 1.00000045207, 1.00000053189, 1.03512687093, 4.69501016318, 0.98530038551, 1.00000023584, 83.218184527, 0.91261984847, 1.58698994709, 0.983779429805, 3.29000026762, 1.00000068889, 23.8806286812, 4504.15514353
