0.109231727651, 1.12389196229, 3.69293286542, 0.800198870331, 87.8817026356, 8.07592610279, 0.152690359347, 2.78459681728, 12.7569952823, 0.0, 0.0
0.114443019212, 1.13657340442, 2.13612715619, 0.85807321538, 99.7203450273, 1.02077556705, 1.64880763118, 0.424701060911, 16.9425900323, 0.00342707101997, 0.0
0.156539866101, 0.842803504865, 4.66550422493, 0.786507962719, 98.9082726665, 4.92867809957, 0.0853121078717, 0.6354112208, 16.3115435004, 1.11022302463e-16, 0.142857142857
0.114443019212, 1.01264079746, 5.24580880978, 0.892401414128, 86.2122607473, 1.49753109009, 1.98239434004, 3.48053291921, 19.5425648752, 0.00525615110584, 0.0
0.105780497258, 0.9523011045, 4.58506223312, 0.89041132296, 95.6606619137, 1.1076116851, 0.914104898038, 2.57149225152, 17.8307292561, 0.00496114862102, 0.272727272727
0.111049231299, 1.02064365187, 2.99133897428, 0.924890256737, 84.1936729973, 2.26265533495, 1.66767557139, 1.49123887473, 11.0770680427, 0.00525749901846, 0.037037037037
0.134329883334, 0.916706822458, 5.56126035097, 0.673490599372, 99.7938682093, 1.52987746976, 0.570863042081, 1.0729209652, 12.8062828073, 0.00643891267592, 0.0
0.101952114421, 0.840883081792, 2.13592410827, 0.722660502841, 90.5706885596, 1.38406944034, 0.213106429961, 1.49123887473, 19.9621323372, 0.00626075735075, 0.0555555555556
0.100331661951, 0.985698758251, 5.29413398676, 0.792068276545, 89.9805094781, 2.06058025704, 1.43917816162, 3.20384582355, 12.3374850608, 0.00661206162682, 0.0
0.155755646154, 0.840883081792, 2.53030818742, 0.792472209595, 99.0732079373, 1.31473645992, 1.428812887, 3.45784760381, 19.9621323372, 0.00719414661398, 0.0
0.13864128811, 1.03437541015, 3.73278603187, 0.942370318159, 89.1533623118, 1.63730279442, 1.93517993568, 2.85603089019, 17.0646934141, 0.00767725455393, 0.0
0.127930135666, 0.917048416981, 6.08302020007, 0.625007683335, 88.1823695124, 1.54475475177, 1.22076434923, 2.28188427689, 19.423462933, 0.00781717231861, 0.0
0.127930135666, 1.14670870601, 2.53030818742, 0.625007683335, 88.1823695124, 1.54475475177, 1.428812887, 1.70057494604, 15.0223197626, 0.00778915721332, 0.222222222222
0.155755646154, 1.14670870601, 2.53030818742, 0.830014034046, 99.0732079373, 1.61612996216, 1.428812887, 1.70057494604, 15.0223197626, 0.00807370900535, 0.0
0.101952114421, 0.840883081792, 2.13592410827, 0.722660502841, 90.5706885596, 1.38406944034, 0.213106429961, 1.49123887473, 19.9621323372, 0.00793948222246, 0.526315789474
0.155755646154, 1.14670870601, 2.53030818742, 0.830014034046, 99.0732079373, 1.61612996216, 1.428812887, 3.45784760381, 15.0223197626, 0.00834253031248, 0.0
0.100331661951, 1.19250411872, 5.29413398676, 0.916539976259, 89.9805094781, 2.06058025704, 1.43917816162, 0.573664036593, 13.3312246777, 0.00834641423907, 0.0
0.141635449612, 1.02064365187, 2.99133897428, 0.924890256737, 84.1936729973, 2.26265533495, 1.66767557139, 4.6476125582, 11.0770680427, 0.00851801034962, 0.0
0.141635449612, 1.02064365187, 5.26886948558, 0.924890256737, 84.1936729973, 2.26265533495, 1.66767557139, 4.6476125582, 11.0770680427, 0.00949384397106, 0.0
0.114443019212, 1.01264079746, 7.9302506294, 0.892401414128, 86.2122607473, 1.49753109009, 1.98239434004, 3.48053291921, 19.5425648752, 0.00938286998249, 0.093023255814
0.122504355295, 1.0839949888, 7.50856670584, 0.624461179801, 88.2046070505, 2.00337215137, 1.35575521125, 2.48804649859, 11.9631925908, 0.0100345191297, 0.0
0.155755646154, 1.14670870601, 2.53030818742, 0.830014034046, 99.0732079373, 1.61612996216, 1.428812887, 2.14335970177, 15.0223197626, 0.0102947098397, 0.0
0.122504355295, 0.872071080049, 4.92973308368, 0.624461179801, 88.2046070505, 2.00337215137, 1.35575521125, 4.53922476312, 10.3203218621, 0.0115091166243, 0.0
0.114443019212, 1.16778192981, 7.46250667989, 0.892401414128, 92.16340063, 1.49753109009, 1.98239434004, 3.48053291921, 19.5425648752, 0.0107544796645, 0.0952380952381
0.134695753041, 1.0839949888, 7.50856670584, 0.718264516896, 88.2046070505, 2.00337215137, 1.35575521125, 2.13912248355, 11.9631925908, 0.0115313843882, 0.0
0.127930135666, 0.917048416981, 6.08302020007, 0.617874524613, 88.1823695124, 1.54475475177, 0.0900945405407, 2.91259733887, 19.423462933, 0.0116247219227, 0.0
0.153619898294, 1.0482249843, 7.32841393596, 0.690230173373, 91.8470322939, 2.22068737436, 1.37527176399, 4.14575569412, 17.7559957103, 0.0130623231601, 0.0
0.105919537832, 0.853374085084, 7.01899920886, 0.711195245075, 93.5041721411, 4.10766425495, 0.44727341692, 1.33534604529, 13.9597094703, 0.0116776143357, 0.333333333333
0.14017043067, 0.840883081792, 7.47724759828, 0.85807321538, 90.5706885596, 1.54458175103, 1.64880763118, 0.424701060911, 16.9425900323, 0.0117338439551, 0.131578947368
0.100331661951, 0.985698758251, 5.76968439944, 0.641222995738, 89.9805094781, 2.06058025704, 1.43917816162, 3.3113952313, 13.3312246777, 0.0124682678025, 0.03125
0.114347992277, 1.23396882321, 4.87359469871, 0.927737638391, 86.6215700919, 3.88655430169, 1.13964800291, 4.2211353934, 17.66121259, 0.0133419455759, 0.0
0.199696760003, 1.02560696962, 6.17079449416, 0.716138349129, 90.35008859, 1.13213632454, 1.49616776732, 1.43056257199, 14.8106180237, 0.0117717022399, 0.32
0.126568622082, 0.886726812435, 6.08302020007, 0.779438049874, 88.1823695124, 1.36700966144, 0.700395139822, 2.28188427689, 12.3374850608, 0.0118878073305, 0.25
0.199696760003, 1.02560696962, 6.17079449416, 0.857625681787, 90.35008859, 1.13213632454, 1.49616776732, 1.43056257199, 14.8106180237, 0.0132241342239, 0.166666666667
0.153619898294, 1.0482249843, 7.32841393596, 0.690230173373, 91.8470322939, 2.22068737436, 1.37527176399, 4.14575569412, 17.7559957103, 0.0153852411869, 0.0
0.114443019212, 0.871095563593, 7.62164517315, 0.892401414128, 84.9282766076, 1.54458175103, 1.98239434004, 2.55367717337, 19.7883480826, 0.0138212859219, 0.0545454545455
0.101952114421, 0.840883081792, 2.13592410827, 0.722660502841, 90.5706885596, 1.38406944034, 1.43917816162, 1.49123887473, 12.3374850608, 0.0119484518989, 0.292682926829
0.164992756576, 1.24477107156, 7.42625778805, 0.81627028596, 86.7456653756, 1.73359839449, 0.621915564259, 1.94110397326, 15.050494768, 0.0132651867341, 0.285714285714
0.141635449612, 1.04821357584, 7.73989162141, 0.626355876017, 91.0052571767, 3.52982928507, 0.0672559121216, 4.52511007116, 16.350400203, 0.0154880939247, 0.0
0.10850797756, 1.04653793283, 7.98483329287, 0.829168019209, 93.7657537653, 2.38684778459, 0.929741942938, 0.0578188466265, 11.0322633337, 0.0139976559003, 0.142857142857
0.136848360084, 0.994667645732, 2.10067053902, 0.922435281493, 97.830569743, 3.64407602614, 0.766310029573, 3.56882288307, 18.5191997341, 0.0151442437873, 0.133333333333
0.176275907318, 0.926963626288, 3.23939292599, 0.783784255844, 90.35008859, 2.40839618826, 0.874140857321, 3.33453256468, 10.7858836241, 0.0153254487906, 0.117647058824
0.114443019212, 1.02064365187, 7.9302506294, 0.892401414128, 86.2122607473, 1.49753109009, 1.98239434004, 3.48053291921, 19.8394275548, 0.0119671083063, 0.305084745763
0.176275907318, 1.24477107156, 3.23939292599, 0.783784255844, 97.212640638, 2.40839618826, 0.874140857321, 4.66235977826, 10.7858836241, 0.0157174267008, 0.0
0.188268852795, 0.871095563593, 7.47724759828, 0.892401414128, 89.1997233163, 1.54458175103, 1.98239434004, 3.48053291921, 19.6935577639, 0.0155798609351, 0.0888888888889
0.14017043067, 1.13657340442, 7.47724759828, 0.85807321538, 99.7203450273, 1.54458175103, 1.64880763118, 0.424701060911, 16.9425900323, 0.0142746025602, 0.150943396226
0.124516203134, 1.24810764287, 4.71850922146, 0.720759769682, 88.5157341837, 3.1105532766, 0.697336546234, 0.650997521661, 14.5943683031, 0.016184535252, 0.0
0.101952114421, 0.996799601817, 2.13592410827, 0.927737638391, 90.5706885596, 1.38406944034, 0.213106429961, 4.80089942419, 19.9621323372, 0.0151000717228, 0.208333333333
0.100331661951, 1.24810764287, 5.29413398676, 0.720759769682, 89.9805094781, 1.48860353306, 1.43917816162, 3.20384582355, 15.2791680948, 0.0143613050643, 0.354166666667
0.169063792832, 1.03587631157, 7.52946850166, 0.665110933111, 93.2308943183, 1.98926854774, 1.4424040469, 4.1999775042, 19.4246687473, 0.0164971934981, 0.0
0.101952114421, 1.13657340442, 2.13592410827, 0.722660502841, 99.7203450273, 1.65484420123, 0.213106429961, 4.6476125582, 19.9621323372, 0.0152991852947, 0.333333333333
0.101952114421, 1.14670870601, 2.13592410827, 0.722660502841, 90.5706885596, 1.38406944034, 0.213106429961, 1.49123887473, 15.0223197626, 0.0145234705929, 0.444444444444
0.105780497258, 1.02222165547, 4.58506223312, 0.709017869316, 95.6606619137, 3.92882150383, 0.914104898038, 2.57149225152, 17.8307292561, 0.0170292967493, 0.0
0.127930135666, 0.917048416981, 7.50540661142, 0.617874524613, 96.3157230846, 1.54475475177, 0.0900945405407, 2.91259733887, 19.423462933, 0.0161447037776, 0.5
0.114347992277, 1.23396882321, 7.31175110029, 0.927737638391, 86.6215700919, 1.28455726306, 1.13964800291, 4.2211353934, 15.050494768, 0.0170907219999, 0.218181818182
0.146312623365, 0.995401982281, 3.8153972062, 0.700921058094, 94.3889484712, 1.48860353306, 0.965094958572, 3.28397033976, 15.8232412076, 0.0171348230155, 0.0
0.101952114421, 0.996799601817, 2.13592410827, 0.722660502841, 90.5706885596, 1.38406944034, 0.213106429961, 4.6476125582, 19.9621323372, 0.0163352461678, 0.666666666667
0.152373238838, 0.995401982281, 3.8153972062, 0.654581359144, 94.3889484712, 1.48860353306, 0.965094958572, 1.13184071694, 15.2791680948, 0.0166781274051, 0.617647058824
0.114347992277, 1.23396882321, 4.87359469871, 0.927737638391, 93.6583748918, 3.88655430169, 1.13964800291, 4.2211353934, 17.66121259, 0.0181411261965, 0.0
0.169063792832, 1.06451913809, 7.52946850166, 0.665110933111, 93.2308943183, 1.98926854774, 1.4424040469, 4.1999775042, 19.4246687473, 0.0171739625484, 0.02
0.134927481601, 1.12526461467, 7.55733021329, 0.929745333141, 81.1116216706, 3.63439716668, 0.177204723495, 1.54740204996, 11.5544033882, 0.0182046765059, 0.0
0.188268852795, 0.871095563593, 7.47724759828, 0.892401414128, 88.5157341837, 1.54458175103, 1.98239434004, 3.48053291921, 19.6935577639, 0.0173033097821, 0.285714285714
0.107382094999, 0.86088522844, 4.48465718074, 0.839622029328, 94.3963360813, 3.09493907196, 1.72203135624, 4.84997707661, 13.1955954343, 0.0174939270772, 0.131578947368
0.182110178139, 1.11796597181, 2.80370965148, 0.625007683335, 98.5718321886, 1.68723808492, 0.694314659028, 2.28188427689, 17.94418131, 0.0184122199613, 0.0
0.109231727651, 1.12389196229, 3.69293286542, 0.659157306768, 87.8817026356, 1.61612996216, 0.152690359347, 2.78459681728, 12.3945997097, 0.0174308868596, 0.363636363636
0.127930135666, 0.917048416981, 6.08302020007, 0.617874524613, 88.1823695124, 1.54475475177, 0.0900945405407, 2.91259733887, 19.9016134902, 0.0180080613852, 0.294117647059
0.163156561134, 0.983360670273, 5.51555647269, 0.855919233366, 83.8064909206, 5.69122509989, 1.82633250636, 3.47871192833, 18.6531165359, 0.0186703079415, 0.0
0.124516203134, 0.960641551063, 4.98690901671, 0.625007683335, 88.5157341837, 2.06058025704, 0.697336546234, 0.286321243031, 19.423462933, 0.0185888253952, 0.16
0.152373238838, 0.995401982281, 3.8153972062, 0.637335231787, 94.3889484712, 1.48860353306, 1.4034984367, 1.13184071694, 15.2791680948, 0.0176852333078, 0.370786516854
0.105780497258, 0.9523011045, 5.24580880978, 0.728788094184, 95.6606619137, 1.1076116851, 0.914104898038, 2.57149225152, 17.8307292561, 0.0181441074001, 0.333333333333
0.161326312365, 1.13657340442, 7.47724759828, 0.85807321538, 99.7203450273, 1.54458175103, 1.64880763118, 0.424701060911, 16.9425900323, 0.0190306584603, 0.047619047619
0.100331661951, 0.960641551063, 5.29413398676, 0.625007683335, 89.9805094781, 2.06058025704, 1.43917816162, 3.20384582355, 19.423462933, 0.0188406430329, 0.0606060606061
0.176275907318, 0.926963626288, 3.23939292599, 0.783784255844, 82.1616656766, 2.40839618826, 0.874140857321, 4.66235977826, 10.7858836241, 0.0193591341144, 0.0
0.152373238838, 0.995401982281, 3.8153972062, 0.700921058094, 94.3889484712, 1.48860353306, 0.965094958572, 3.28397033976, 15.8232412076, 0.0179427461966, 0.588235294118
0.114443019212, 0.871095563593, 2.13612715619, 0.892401414128, 86.2122607473, 1.49753109009, 1.98239434004, 3.48053291921, 19.6935577639, 0.0186148651945, 0.470588235294
0.124516203134, 1.24810764287, 4.98690901671, 0.720759769682, 88.5157341837, 1.48860353306, 0.697336546234, 0.286321243031, 15.2791680948, 0.0187436648485, 0.384615384615
0.199696760003, 1.02560696962, 6.17079449416, 0.857625681787, 90.35008859, 1.13213632454, 1.49616776732, 1.43056257199, 14.8106180237, 0.0190764397429, 0.347826086957
0.144663350601, 1.24477107156, 2.43353796112, 0.941075715114, 93.805197343, 3.06741365818, 0.0722901966953, 0.0643174063247, 15.0532420808, 0.0193857709437, 0.0
0.199696760003, 1.02560696962, 6.17079449416, 0.857625681787, 90.35008859, 1.13213632454, 1.49616776732, 1.43056257199, 14.8106180237, 0.0193418331632, 0.430769230769
0.155755646154, 1.14670870601, 2.53030818742, 0.624461179801, 99.0732079373, 1.61612996216, 1.428812887, 2.14335970177, 15.0223197626, 0.0200415813108, 0.0357142857143
0.100398596306, 0.893091785302, 7.53127311699, 0.704742938399, 93.4034709646, 3.46159813328, 1.7515854819, 2.0863746747, 16.4625801674, 0.0196505459478, 0.119047619048
0.100398596306, 0.893091785302, 7.53127311699, 0.704742938399, 93.4034709646, 3.46159813328, 1.7515854819, 2.0863746747, 16.4625801674, 0.0203281587066, 0.0
0.111126480996, 0.872071080049, 2.81314886294, 0.623923255672, 88.2046070505, 2.00337215137, 1.35575521125, 1.12142672372, 10.3203218621, 0.0202894923153, 0.315068493151
0.173119404053, 1.24477107156, 7.42625778805, 0.81627028596, 86.7456653756, 1.73359839449, 0.621915564259, 1.94110397326, 13.1053595814, 0.0206375551586, 0.1
0.163563662287, 1.19250411872, 6.18490708771, 0.79194081644, 98.6050603216, 2.51620431744, 1.72921174178, 1.44757805347, 12.7795071964, 0.0207920945551, 0.0
0.150659741173, 0.98831454338, 4.4093594902, 0.932843857834, 98.6875756512, 5.4009424428, 1.33108546131, 2.4614521657, 16.5584477388, 0.0208196047268, 0.0
0.163563662287, 1.19250411872, 6.18490708771, 0.79194081644, 93.4034709646, 2.51620431744, 1.72921174178, 3.58375953079, 12.7795071964, 0.0208811662803, 0.0
0.136848360084, 0.994667645732, 2.10067053902, 0.922435281493, 99.1546075241, 3.64407602614, 1.1605862717, 3.56882288307, 18.5191997341, 0.0209975497322, 0.0
0.120227055068, 0.904759723663, 4.27580349369, 0.775787549874, 81.7135890962, 3.09493907196, 0.595128829888, 0.740934951796, 12.8452671521, 0.0214102195592, 0.0
0.164992756576, 1.24477107156, 7.42625778805, 0.81627028596, 86.7456653756, 1.73359839449, 0.621915564259, 1.94110397326, 13.1053595814, 0.0211462495489, 0.5
0.128113540667, 1.12526461467, 7.55733021329, 0.929745333141, 83.5403586809, 3.63439716668, 0.177204723495, 1.54740204996, 15.050494768, 0.0217850010003, 0.333333333333
0.114347992277, 1.23396882321, 4.87359469871, 0.722660502841, 93.6583748918, 3.88655430169, 0.558609308904, 4.2211353934, 17.66121259, 0.0224159578297, 0.0
0.14017043067, 1.13657340442, 7.47724759828, 0.85807321538, 99.7203450273, 1.54458175103, 1.64880763118, 0.424701060911, 16.9425900323, 0.022111868481, 0.126984126984
0.101952114421, 0.840883081792, 2.13592410827, 0.722660502841, 90.5706885596, 1.38406944034, 0.213106429961, 4.6476125582, 19.9621323372, 0.0212322010927, 0.529411764706
0.100331661951, 1.19250411872, 5.29413398676, 0.916539976259, 89.9805094781, 2.06058025704, 1.43917816162, 0.573664036593, 13.3312246777, 0.0218127409245, 0.387096774194
0.130718360432, 1.05959905891, 3.97360958068, 0.744327080063, 88.6080706732, 3.70856292984, 1.18029476999, 1.21630346299, 14.1938685802, 0.022660903853, 0.0
0.162865281505, 0.977949376463, 6.09778764631, 0.685732393893, 99.2420352409, 3.36663138464, 0.283601660723, 1.13184071694, 10.7577719827, 0.0227704253981, 0.0
0.109231727651, 1.12389196229, 3.69293286542, 0.800198870331, 87.8817026356, 8.07592610279, 0.152690359347, 2.78459681728, 12.7569952823, 0.0239678352729, 0.0
0.134329883334, 0.935186808999, 5.56126035097, 0.673490599372, 98.9973470944, 2.61172846161, 0.570863042081, 3.32086382546, 12.8062828073, 0.0231977194064, 0.2
0.165712928157, 0.996799601817, 3.71987900891, 0.949472180223, 82.3420210391, 5.65190798833, 0.677118968778, 1.4887632466, 18.9741843958, 0.0249252821145, 0.0
