5.3053495483, 1.0000000288, 1.43601657114, 0.929242285093, 5.79942198009, 0.898850793104, 2.17921464757, 1.0772234496, 0.917819568678, 5.43083276107, 5.06388963541, 1.02692183452, 1.22921556014, 0.929492604177, 1.09000093505, 1.10833485022, 1.04511792094, 1.21896513918, 6.91580033285, 0.946984223922, 0.819540383509, 976.849566923, 0.948095144207, 3.10317562835, 0.983769195374, 3.35200321893, 1.04519593026, 7.55381842644, 49.4831076597
2.55503516409, 1.0000002439, 1.22677664984, 0.900988114108, 6.2460713221, 0.721274071369, 2.04463537162, 1.04793368394, 0.922693439686, 1.43937530123, 5.66189592522, 1.19619303615, 2.26884396447, 1.00207095043, 1.09000076823, 1.02390458355, 1.03230821811, 0.933985712704, 6.83840430005, 1.0355292111, 0.800577010612, 964.812974392, 1.05642829329, 1.78185928264, 1.0662352285, 5.4188135426, 1.16730745064, 14.1287070635, 87.1760182527
2.13138577005, 1.00000048962, 1.66346679673, 1.19825113596, 1.63710795314, 0.831842449422, 1.33371578814, 1.19939832946, 0.985889780696, 5.00063121639, 5.63931413994, 1.21959742558, 2.665647819, 1.18702881424, 1.09000081396, 1.01241499877, 1.0017213649, 0.841295742542, 9.27998269488, 1.13614170668, 0.839383526846, 305.952429427, 1.18525243698, 2.23777087406, 1.17636110541, 4.1799586654, 1.25166678837, 11.2417404236, 494.306811993
4.69901762962, 1.0000002089, 1.72902070338, 1.1057654202, 1.45093677906, 0.923752388902, 4.15943667085, 1.22530759126, 0.933700937431, 2.25796803976, 5.6633603541, 1.07591646869, 2.53466197442, 0.921001119293, 1.09000077195, 1.03697036588, 1.01265270224, 0.934729122721, 5.64257412941, 0.961752137574, 0.828975694931, 678.761882186, 1.06793771351, 2.4080400562, 1.19709952671, 2.68906443477, 1.27014900653, 11.4779239688, 3029.47175369
5.32488241745, 1.00000009292, 1.69592551663, 0.915205405714, 2.23642500625, 0.794722930068, 1.53244190044, 1.2298078497, 0.954394680755, 2.16565904258, 4.87703935384, 0.935394509451, 1.40483125278, 0.924749535839, 1.09000083674, 1.07094781427, 1.03571498082, 1.05967374662, 6.29113213309, 0.976181896752, 0.836072180925, 729.261210521, 1.01126002526, 3.32809272956, 0.992796652976, 1.17234517564, 1.1754155535, 13.5926376586, 2031.83026474
4.82682641619, 1.00000042786, 1.37667269233, 0.981870047404, 4.92423647172, 0.763374464029, 4.50004590888, 1.11373262694, 0.949201543519, 3.10866024377, 5.85835903952, 0.887676865349, 4.5742393271, 0.872364153942, 1.09000059308, 1.07446766502, 1.0181278558, 0.971538675036, 5.86878644169, 0.942480302317, 0.796292562923, 81.2506253399, 1.08019818378, 5.36419548964, 1.19851044872, 4.1166178197, 0.964695272635, 14.2485435344, 172.828823281
1.10623465719, 1.00000063406, 1.25097710812, 0.905045299017, 2.13803637615, 0.988302758367, 5.62724959387, 1.24965528673, 0.984180584237, 4.81298549661, 5.84674750335, 0.854512138291, 2.85417117259, 0.907794918685, 1.0900002133, 1.10298735098, 1.00457609061, 1.11749636538, 6.38517833947, 1.07469269644, 0.825397019857, 669.201283182, 1.11992961978, 4.00867952072, 1.18725742972, 5.2916259564, 1.13957691479, 15.3157474857, 491.69578185
1.10998404932, 1.00000048935, 1.47976515303, 1.07248973462, 5.23592551016, 0.739430454281, 3.02082452582, 1.02544542711, 0.917005790783, 4.71311508031, 5.47938787789, 1.1539263903, 3.27857189466, 1.02488649285, 1.09000061593, 1.10480495646, 1.03879483701, 0.814207338802, 9.17605001573, 1.17386934705, 0.806503021718, 518.71368846, 1.04274501335, 3.44852544802, 0.985420346818, 5.43470114071, 1.09300278413, 16.8594877696, 247.574718337
4.24831968524, 1.00000063697, 1.73219627209, 0.989082449794, 6.34804792119, 0.79320711728, 2.41528367493, 1.161125447, 0.944223543871, 5.42048489705, 4.93903842655, 0.875126719708, 1.74654304386, 1.09175720588, 1.09000095194, 1.05047721319, 1.00851164013, 0.983951575057, 4.92144646094, 1.0565697859, 0.868802460835, 91.475182826, 1.10620354317, 5.88247270995, 1.15195545852, 1.03382938549, 1.12392625332, 16.7861609347, 439.436570876
2.62346314843, 1.00000000889, 1.13159508548, 0.821969577034, 3.22177299997, 0.826186348128, 5.80379371906, 1.21215872472, 0.995770804994, 4.42936231619, 5.56645951759, 1.1917852161, 1.8789609817, 1.21939594586, 1.09000019053, 1.05143397139, 1.00895002248, 1.06742086114, 5.95747199334, 0.999819836526, 0.947792940839, 68.8072285001, 1.10544235562, 3.49365181091, 1.03942563061, 2.59408089439, 1.17079134037, 18.5855443051, 318.609793
3.30812620585, 1.00000073673, 1.1455818889, 0.87887690994, 4.34331198825, 0.922769980926, 5.25165253324, 1.18698019103, 0.972573027642, 1.98037573938, 5.83338442083, 0.822862551742, 2.7806798423, 0.981737013234, 1.09000019976, 1.09203903567, 1.04714187878, 0.971822161085, 4.80139293873, 1.05206074027, 0.973224580324, 101.544387676, 1.10790306766, 5.88210637174, 1.10999724672, 5.10377837437, 1.12507517157, 24.3730077723, 415.093349018
2.14695572387, 1.00000093117, 1.19202874461, 0.976940865901, 6.14753693102, 0.967854127537, 3.54252461444, 1.22301564158, 0.921849083978, 5.00638656169, 5.4717862669, 1.06454142002, 2.36447162584, 1.1724274698, 1.09000079958, 1.09779148288, 1.02701053351, 1.12718467492, 9.56687589471, 1.13785823205, 0.828642247436, 73.3082294893, 1.19960980375, 3.40202318715, 1.06021648177, 1.0286318689, 0.926517063241, 16.1724637271, 1268.59683368
5.53033458953, 1.00000070814, 1.7120777278, 1.21007786799, 6.48821715278, 0.933140610632, 2.46779878039, 1.18945909535, 0.900232195101, 4.75520384125, 5.85459180593, 0.818699564556, 3.08753766137, 0.986121587484, 1.09000039379, 1.03120375059, 1.01670196196, 1.07579370082, 9.07223151255, 1.06795717777, 0.968701198165, 131.83735145, 1.16211827986, 1.83963585616, 1.15969774326, 5.32504966557, 1.03372276721, 14.8244776977, 4651.99364349
3.62490042315, 1.0000001069, 1.58805837093, 1.16142891481, 4.55649299471, 0.938380046039, 4.28059425676, 1.24181932071, 0.978791201834, 2.53385409453, 5.28163200678, 1.0921329429, 1.65989972554, 0.984751465459, 1.09000042857, 1.05793912788, 1.0373467626, 1.17193424179, 9.71004514133, 1.03176972823, 0.890219403827, 287.902501674, 1.04426342968, 5.48162571812, 1.15634942608, 3.07667879403, 1.04877608631, 18.5745509849, 1223.52961713
1.11504426585, 1.00000088653, 1.38718609551, 0.811998505283, 5.50529932621, 0.783067238934, 2.34229936741, 1.14914297256, 0.998756466515, 2.43823864426, 5.34424627918, 0.947420562796, 2.89180445251, 0.83110040045, 1.09000049769, 1.09103591882, 1.00968918159, 1.12806649626, 7.58898188146, 1.01295352229, 0.766415449686, 335.940760305, 1.16852978134, 1.37285179792, 1.08993795842, 3.70300469359, 1.00438082386, 20.4206351162, 1169.57459398
4.05712350614, 1.00000039266, 1.08864355544, 1.17179813641, 2.09691108415, 0.906086649921, 4.60255965184, 1.00224369845, 0.917483834299, 5.86741716881, 6.03666679057, 1.1276183611, 3.58578125471, 1.20805694387, 1.09000055563, 1.08841444579, 1.04948326668, 0.81580085697, 6.68466660181, 0.933298983573, 0.983157770404, 941.144691696, 0.929832306254, 3.46574580251, 1.05552901911, 4.35929033962, 1.24784813333, 23.9186218839, 863.800492366
3.86864394075, 1.00000042301, 1.0321841792, 1.16254125813, 4.56477330407, 0.750640380619, 4.0855760868, 1.07594545155, 0.929963414068, 1.55639544633, 5.08830767697, 1.1860138888, 4.61952710615, 1.11169690105, 1.0900000833, 1.05648194603, 1.01904184686, 1.06482533817, 9.94779677936, 1.02824337475, 0.962066992475, 385.176043749, 1.18367458733, 3.13992151841, 1.12479746802, 4.84615963606, 1.03705616396, 24.4470976378, 980.682343001
2.7726190532, 1.00000021145, 1.49902427958, 1.11573156386, 6.81938228405, 0.843999640317, 1.61896309274, 1.04706716146, 0.939845328228, 2.26809804918, 6.00079508278, 1.17891945919, 3.42341890941, 0.960158675431, 1.09000078666, 1.0120585151, 1.02023968505, 1.21230195747, 8.89195991843, 1.10901591351, 0.885935058687, 157.260687151, 1.02425259869, 5.26296162687, 1.00848640386, 1.71034357644, 1.20227747281, 27.1706156973, 894.44791514
3.00325615324, 1.00000046129, 1.15281575799, 1.21120820913, 1.42991351478, 0.946185320248, 4.58092673974, 1.19954064952, 0.955236241926, 2.72634266016, 5.68572253739, 0.869157271571, 1.88949770834, 0.930382347712, 1.09000092066, 1.03982336518, 1.01612757899, 1.10992045502, 4.27068882412, 0.991425746365, 0.983063920166, 782.186923168, 1.08358857913, 1.10409239528, 0.964445603184, 2.47316159718, 0.997284799099, 19.417787494, 1429.05380252
1.06354986674, 1.00000097418, 1.18355107224, 0.908128307827, 6.05632672655, 0.827199694181, 5.08979771126, 1.15584179577, 0.974939856326, 5.49573292933, 5.81720440897, 1.07208808012, 1.77542676116, 1.07054796432, 1.09000002948, 1.04327563342, 1.04893649878, 1.12931685089, 5.13501485994, 1.07252218222, 0.971586680846, 259.506029133, 0.944465982758, 4.37502494259, 1.22194033074, 5.13597512098, 1.05889425332, 34.8609883507, 931.45602119
5.56407344788, 1.00000090125, 1.55340527434, 1.07131562708, 4.39447275239, 0.90034027598, 5.20776723414, 1.05357894847, 0.964723383802, 6.16559035054, 5.76998218941, 1.14380901726, 2.61912315482, 0.976147975852, 1.09000064044, 1.08061763127, 1.04174738623, 1.1929662035, 4.56844032903, 1.01160725435, 0.974437686783, 703.979626314, 1.08047189341, 2.01268532025, 1.10209819502, 4.95276708253, 0.877522849379, 33.108514581, 1165.37154615
1.6431018985, 1.00000065464, 1.7035568501, 0.80506441367, 6.24032016978, 0.997264469633, 2.07269098187, 1.08945658643, 0.971088705077, 5.24277809392, 5.5770354206, 0.851080000204, 4.92828503994, 1.27119407796, 1.09000062908, 1.01215171548, 1.00098076909, 0.966040778887, 4.76218502472, 0.947422604538, 0.994323955244, 798.423600344, 1.1172321429, 1.46797578192, 0.991384321268, 1.17890742442, 0.89901103452, 23.0870468284, 2460.71573339
4.16136068384, 1.00000080018, 1.50124793133, 0.994408706722, 3.39988983, 0.960027209588, 2.14738162103, 1.10415658879, 0.932077779272, 4.95916336466, 6.0828579759, 0.871819369222, 3.43529205714, 1.2864774862, 1.09000008268, 1.02108495184, 1.0159388591, 0.981998816147, 5.5999743669, 1.09098724509, 0.876815520036, 200.166061881, 1.19309121609, 3.27121325344, 1.20514555369, 1.55603184414, 1.17971163715, 20.1273982174, 11123.5482034
5.01363778001, 1.00000000214, 1.60644159792, 1.0209453791, 3.5448261871, 0.785444800156, 5.77563780253, 1.13309492264, 0.982093780941, 5.87249491307, 4.76127088798, 0.972518587699, 3.30216717266, 1.06014192731, 1.0900001448, 1.0293546164, 1.00785553114, 0.991168057863, 8.62194888887, 1.01947989605, 0.770681672803, 249.403939464, 0.971475816248, 3.88723390048, 0.990113066115, 4.66378788211, 1.13706801823, 20.147086269, 6873.12051229
1.5818384932, 1.00000081543, 1.22605721889, 0.918708019386, 4.07817155043, 0.891527008544, 4.14308923922, 1.2411845675, 0.923224397367, 2.11931566464, 5.49995053087, 1.07633439055, 2.85417117259, 1.02917887715, 1.0900005952, 1.04243790302, 1.02959112609, 1.10169403414, 9.98810661496, 1.04411743411, 0.954831575714, 902.735625612, 1.02174637443, 1.32803816564, 1.01033714696, 2.41289550323, 1.23148915346, 20.2710339549, 4885.13938858
3.77445299504, 1.00000030293, 1.02615852881, 0.805277611633, 7.06212543297, 0.905425622464, 3.0307374929, 1.11446564741, 0.974355387525, 5.84280015116, 5.20446592086, 0.816793798613, 1.8996971768, 0.96741803526, 1.09000026983, 1.05489707198, 1.01829603802, 1.1239364276, 5.34146913292, 1.10476737009, 0.898142544472, 945.033448449, 0.943032447208, 2.57355958052, 1.09876313889, 5.37757505454, 1.24206805671, 22.1618741709, 4175.63828523
1.62768644236, 1.00000032015, 1.10170991613, 1.11036462046, 3.14698417124, 0.865447258289, 2.44800641592, 1.09499715684, 0.981906915091, 3.99750984868, 5.03360095023, 1.06920204778, 4.40979510351, 0.961408723016, 1.09000063788, 1.08621751417, 1.01595330456, 0.822887137864, 8.11757410196, 0.991250003781, 0.792611112929, 485.210261329, 0.998816913086, 2.15702214631, 0.957143360946, 3.57282568056, 0.96366412947, 20.7264776857, 4405.52563087
1.06354986674, 1.00000097418, 1.18355107224, 0.908128307827, 2.0225417224, 0.827199694181, 5.08979771126, 1.15584179577, 0.974939856326, 5.01026129885, 6.18734711822, 1.07208808012, 1.77542676116, 0.901541386411, 1.09000002948, 1.04327563342, 1.04893649878, 1.12931685089, 6.28683617674, 1.07252218222, 0.971586680846, 259.506029133, 0.944465982758, 4.37502494259, 0.957143360946, 5.13597512098, 1.05889425332, 23.3553936583, 3695.0098713
1.33271092146, 1.00000011773, 1.35958933413, 1.14250843768, 1.9090504218, 0.723741845422, 3.24441053951, 1.21048322613, 0.926152182147, 2.33989896021, 5.18412067336, 0.933562484146, 1.32983447048, 1.03698297028, 1.09000022491, 1.0530981789, 1.02316359403, 0.873076885609, 4.74536370041, 0.938048350868, 0.98204655247, 127.020249387, 1.15228498785, 1.669680811, 1.22861766252, 3.89491144944, 0.927466366213, 28.4582516225, 1962.1287545
5.17621671192, 1.00000040099, 1.60476468418, 1.05293422602, 3.46023485896, 0.735555578953, 1.7358072517, 1.05880670595, 0.947981572232, 1.42202129866, 4.6973868154, 1.09662809314, 3.78909548387, 1.09524405927, 1.09000006468, 1.07681598465, 1.01699539715, 0.949622332543, 8.16668307821, 1.04098063037, 0.835007239441, 931.907057824, 1.13845754387, 2.03713210339, 1.01121231675, 3.8006132384, 1.06702468175, 27.2970487655, 2026.13842627
2.09589411382, 1.00000006712, 1.34114698079, 1.15272292023, 1.75367131319, 0.843279885381, 1.83720609848, 1.06856902459, 0.903518460579, 4.03090822406, 4.81070936412, 0.840737251617, 1.07557499167, 1.10758242023, 1.0900008142, 1.05671828115, 1.00825758583, 1.21783007777, 4.48001867622, 1.04935844153, 0.887473023554, 109.299833915, 0.932256683517, 5.26515624729, 0.990676602987, 3.59656973037, 0.975617632073, 50.4959033701, 1953.99817647
5.64289784849, 1.00000070766, 1.61452365682, 0.845654145911, 4.49795182633, 0.770490117747, 5.5767910551, 1.23131086566, 0.924883326319, 3.9497552204, 4.93450900185, 1.09468895715, 4.66512409266, 1.12649482576, 1.09000068319, 1.03654147789, 1.00843959956, 0.813427428799, 9.00849547532, 1.06131952391, 0.937631918154, 388.971337605, 1.05963059782, 4.75783112133, 1.08475022236, 4.53229050702, 1.15060060041, 22.1541775994, 8016.6642326
1.37062075638, 1.00000084427, 1.64329654862, 1.08969417236, 1.67480858441, 0.844393022636, 1.57541076995, 1.18161705521, 0.922369062273, 5.88680634922, 5.01834417019, 1.10060177736, 1.9331000108, 1.16254909936, 1.09000095061, 1.01239629452, 1.00834523847, 0.826172415142, 5.59857759674, 1.12731290598, 0.770695816444, 875.111070318, 0.910448821668, 2.08894713288, 1.03880341657, 4.16719528362, 1.21637753738, 42.3376245969, 1964.18667775
4.93225157405, 1.00000072038, 1.04724248263, 1.15473471882, 2.61762151152, 0.727222694995, 5.78627983658, 1.01201582372, 0.99441565731, 6.19344121275, 5.53591644529, 1.09251900995, 1.11727140327, 0.873187932269, 1.09000060002, 1.0243452601, 1.00988542858, 1.00087544881, 6.04477765504, 1.11368625962, 0.866839711247, 256.698573258, 1.19256160664, 4.88048382528, 0.980649763011, 3.59176496512, 0.996172503261, 26.9491888517, 3536.45524242
2.34178099907, 1.00000003739, 1.68229464867, 1.12703753849, 1.77397347738, 0.72742153431, 2.75142145526, 1.12798194329, 0.983670601005, 2.28890771399, 5.92214688626, 0.964968808001, 1.03516517097, 1.22891234666, 1.09000080227, 1.10407174068, 1.02511784188, 1.20036511169, 6.10830624085, 1.04140776653, 0.933676325711, 889.919206573, 1.1964837515, 4.48078988246, 1.09957828251, 3.42042053786, 1.02851406728, 21.9739803361, 16509.9242668
1.88333549896, 1.00000009351, 1.4264530916, 0.954916234265, 1.73757038539, 0.899882968881, 4.49926487503, 1.04068963239, 0.947090292882, 6.04887074999, 6.13104879848, 0.87987376668, 2.75980670215, 1.06302368797, 1.09000025407, 1.10598369682, 1.0350094484, 1.12059516258, 6.24105232412, 1.02861977588, 0.936026204278, 436.714683435, 1.17512524417, 5.66130202501, 1.17719390405, 4.16881347405, 1.01532282578, 23.1294610759, 6203.52838472
1.81090078249, 1.0000009278, 1.42891747437, 0.906365457742, 2.24859539765, 0.800962496945, 1.83720609848, 1.12343469941, 0.954749338866, 3.48108561984, 5.1516972, 1.08798336994, 2.98613148173, 0.928711364557, 1.09000048535, 1.01949177482, 1.0416284523, 0.844620490212, 5.31175330644, 0.974392632416, 0.887473023554, 799.887884698, 0.96459596599, 4.59674731851, 1.17466096891, 4.25760917936, 1.29191482964, 23.7908746861, 5714.30654679
2.30725095029, 1.00000018743, 1.27169903347, 1.06121185253, 3.5698676558, 0.860580920922, 5.68990745803, 1.2576145422, 0.922277100439, 1.96431196992, 4.68149398323, 0.841190754929, 3.54393704595, 1.12992496506, 1.09000079621, 1.08156514482, 1.04041692426, 1.11315182033, 5.22685140576, 1.17515946734, 0.996999910007, 349.518838523, 1.18897475311, 3.62713079543, 0.971152664192, 5.25864853274, 0.945105508716, 30.0255611972, 2614.79246542
4.17573314225, 1.00000044945, 1.62564441203, 1.19358179235, 3.80931688127, 0.79703043497, 5.53350784128, 1.2232038172, 0.915068602843, 5.07840182065, 5.13847241021, 1.12789026259, 3.20740349294, 0.841543519989, 1.09000040384, 1.05813812124, 1.02604801301, 1.01577822644, 3.35755743916, 0.984920803973, 0.848045705691, 665.489516767, 0.969681602629, 4.87714551042, 1.0365083118, 3.5729246246, 0.898150817317, 35.1100304948, 2300.77662057
4.24831968524, 1.00000063697, 1.10236584486, 0.989082449794, 6.34804792119, 0.79320711728, 2.41528367493, 1.161125447, 0.944223543871, 5.42048489705, 4.93903842655, 0.875126719708, 1.74654304386, 1.09175720588, 1.09000095194, 1.05047721319, 1.00246343976, 0.983951575057, 4.92144646094, 1.11257351941, 0.868802460835, 91.475182826, 1.08879791579, 5.88247270995, 1.15195545852, 1.03382938549, 1.03310219056, 36.0428485101, 2276.47937392
5.34854730563, 1.00000025684, 1.72556747567, 1.05958011408, 4.38400467452, 0.80451474723, 1.69176931125, 1.05757180181, 0.939107581366, 4.9988124829, 5.0421012858, 0.914201148246, 1.21981765595, 0.829600219271, 1.09000040008, 1.01147131794, 1.01776406925, 0.914275870831, 8.89016970686, 1.15742083238, 0.963330243979, 659.027301787, 1.19886510208, 5.64676059258, 1.12433497689, 4.89477666094, 0.961521722559, 40.1977136937, 2262.25532963
1.6431018985, 1.00000065464, 1.7035568501, 0.80506441367, 6.24032016978, 0.997264469633, 1.36711548225, 1.08945658643, 0.971088705077, 5.24277809392, 5.05216135499, 0.851080000204, 4.92828503994, 1.16545142851, 1.09000062908, 1.02920048731, 1.00098076909, 0.966040778887, 4.76218502472, 0.947422604538, 0.994323955244, 798.423600344, 1.1172321429, 1.86638125378, 0.991384321268, 1.17890742442, 0.89901103452, 23.0512390837, 37857.5425528
3.97990346549, 1.00000096385, 1.4995988652, 0.814378385976, 4.22320337376, 0.820775137458, 3.91209904827, 1.10393925939, 0.930102203048, 4.03910513109, 5.30950992938, 0.869342502917, 3.50163764451, 0.864556072379, 1.09000083435, 1.07659883661, 1.02790253546, 0.836894513055, 6.7497161356, 1.01808371554, 0.953617038547, 839.053096319, 1.02821957971, 1.18120559492, 1.22632130304, 1.64409132274, 1.09239779677, 23.2266214222, 7956.96706681
2.26449105056, 1.00000024433, 1.03413484448, 0.884271223251, 3.50766274119, 0.85876344804, 1.29675523607, 1.13869851914, 0.968126669141, 6.0162337384, 5.57752599679, 0.887676865349, 1.4110741653, 1.11441812202, 1.09000005134, 1.05426661831, 1.04706910453, 0.968957177917, 7.96300308251, 0.977785771323, 0.901536872881, 351.147010999, 1.00648567976, 1.39155355853, 0.972017635526, 4.14894097113, 1.2731707128, 32.8457526342, 2679.68722684
3.92674981518, 1.00000087278, 1.29046075118, 0.817063988129, 3.900627302, 0.991376731167, 2.41465988413, 1.02995046255, 0.95017307253, 2.05878130164, 5.08858606607, 0.836579448867, 1.26061661693, 1.21925650416, 1.09000057304, 1.10698441937, 1.00258558565, 1.21981076688, 3.13425747746, 1.11600208594, 0.954479338553, 974.756218168, 1.07967996179, 5.47776980951, 1.07039806299, 2.21516701794, 1.11697794879, 27.9844087547, 3684.09452953
3.97990346549, 1.00000096385, 1.4995988652, 1.12113066722, 4.22320337376, 0.820775137458, 3.91209904827, 1.10393925939, 0.930102203048, 4.03910513109, 5.30950992938, 0.851452479158, 3.50163764451, 0.864556072379, 1.09000083435, 1.07659883661, 1.02790253546, 0.879714589663, 6.7497161356, 1.01808371554, 0.953617038547, 839.053096319, 1.02821957971, 1.18120559492, 1.22632130304, 2.59620921014, 1.24476621254, 24.8413659654, 4498.54500133
1.37062075638, 1.00000012893, 1.64329654862, 1.08969417236, 1.67480858441, 0.844393022636, 1.57541076995, 1.18698019103, 0.922369062273, 5.88680634922, 5.01834417019, 1.10060177736, 1.9331000108, 1.16254909936, 1.09000095061, 1.01239629452, 1.00834523847, 0.826172415142, 5.59857759674, 1.07851180391, 0.770695816444, 352.461462398, 0.910448821668, 2.08894713288, 1.03880341657, 4.16719528362, 1.21637753738, 31.068046942, 3155.45738741
1.4080387726, 1.00000014077, 1.37773930459, 1.07797618298, 6.08599942284, 0.984425215258, 2.06057409198, 1.22666895548, 0.991945943202, 2.04291724606, 5.42670339968, 1.01637170884, 3.31545873317, 1.10390223454, 1.09000022721, 1.06016173738, 1.00771489213, 1.03258425139, 5.42970164834, 0.990889317392, 0.835035709749, 514.316662744, 0.929302606817, 2.31422728876, 1.2011303981, 3.87211540773, 1.00278967044, 33.9503158019, 3013.37409778
2.26449105056, 1.00000014845, 1.03413484448, 0.884271223251, 3.50766274119, 0.85876344804, 3.51990897871, 1.13869851914, 0.968126669141, 6.0162337384, 5.57752599679, 1.01502156733, 1.4110741653, 1.11441812202, 1.09000005134, 1.05426661831, 1.04706910453, 0.968957177917, 9.59191385228, 0.977785771323, 0.901536872881, 351.147010999, 1.00648567976, 1.39155355853, 0.961251965254, 4.14894097113, 1.2731707128, 39.4637428074, 2578.28525811
4.88945444114, 1.00000057142, 1.56691815313, 1.11486896714, 2.3864075889, 0.980626900689, 3.24957282677, 1.0248321703, 0.925605870641, 3.88330897797, 4.70268927433, 1.12760634777, 2.0813600966, 1.27188249076, 1.0900008374, 1.06510601656, 1.0031558164, 1.06918929707, 9.29909712111, 0.966285337932, 0.814857804547, 492.566458421, 1.1142672117, 4.34904367953, 1.01743581881, 1.99094023875, 1.20297299754, 31.8984174144, 3388.31997558
3.79571200675, 1.00000011603, 1.33886495141, 0.919327780514, 5.88531909465, 0.833539357361, 2.76526813796, 1.09671487676, 0.938254286109, 4.6384445626, 5.41914909254, 1.15119702041, 3.81926350329, 0.985287790011, 1.09000089332, 1.06162633133, 1.01524074937, 0.973665012355, 3.68812228575, 0.928382554606, 0.983057348723, 331.38206637, 1.136923278, 3.55076871331, 1.02621319774, 3.77614155233, 0.905415297765, 32.1546906361, 3313.07966857
4.54598170254, 1.00000046129, 1.15281575799, 1.21120820913, 1.42991351478, 0.946185320248, 4.58092673974, 1.07847210606, 0.955236241926, 2.72634266016, 5.68572253739, 0.869157271571, 1.88949770834, 0.930382347712, 1.09000092066, 1.03982336518, 1.01612757899, 1.10992045502, 4.27068882412, 0.991425746365, 0.983063920166, 782.186923168, 1.08358857913, 1.10409239528, 0.964445603184, 2.47316159718, 0.997284799099, 27.8363615901, 4199.35193266
3.11357179238, 1.00000066508, 1.36606454604, 0.938373024622, 5.18620403804, 0.998783694563, 4.15344150114, 1.1881449115, 0.90576410493, 1.32498026208, 4.8940488771, 1.08044510524, 3.35269123356, 1.12124843944, 1.09000043291, 1.10437333576, 1.00405529761, 1.07038030309, 8.92579328815, 1.04291883163, 0.850085728312, 726.377565319, 1.07195213927, 3.76275611732, 1.12360262437, 3.58135695293, 1.22319028161, 23.5568796953, 15076.8404965
5.3053495483, 1.0000000288, 1.43601657114, 0.929242285093, 5.79942198009, 0.898850793104, 2.17921464757, 1.0772234496, 0.902721341181, 5.43083276107, 5.06388963541, 1.02692183452, 1.22843047933, 0.929492604177, 1.09000093505, 1.10833485022, 1.04511792094, 1.21896513918, 6.91580033285, 1.04042343959, 0.819540383509, 507.836483165, 0.948095144207, 3.10317562835, 0.983769195374, 3.35200321893, 1.04519593026, 26.2189912977, 6085.01653727
4.05712350614, 1.00000039266, 1.08864355544, 1.17179813641, 2.09691108415, 0.906086649921, 4.60255965184, 1.01617587066, 0.917483834299, 5.86741716881, 6.03666679057, 1.1276183611, 3.58578125471, 1.20805694387, 1.09000055563, 1.08841444579, 1.04825971526, 0.81580085697, 6.68466660181, 1.1867839476, 0.983157770404, 859.851059459, 0.929832306254, 3.46574580251, 1.05552901911, 4.35929033962, 1.24784813333, 24.1092554035, 9404.94883022
3.493617425, 1.00000016705, 1.44542879377, 1.14571284595, 4.1145351738, 0.989251448379, 3.73343891163, 1.05298995495, 0.998252622413, 2.35401628764, 6.06058865039, 1.19659292239, 1.42794004112, 1.19568407141, 1.09000049701, 1.05409635382, 1.02864096589, 0.935503599015, 5.36203199898, 1.10802316696, 0.918919719616, 800.526489754, 0.919481827158, 4.35331118181, 1.06244504348, 5.40604586868, 1.23024959148, 26.8299107106, 6110.62982847
5.97554888763, 1.00000025614, 1.19159049112, 0.881543378695, 1.58310400844, 0.97733513448, 1.3986937908, 1.22854102418, 0.932367077215, 5.9981745532, 5.79132831393, 0.958855494147, 2.40060419002, 1.2208691135, 1.09000071316, 1.02775852153, 1.04778836175, 1.14428819269, 9.40938794317, 1.16664919968, 0.832284175646, 112.889064053, 1.13954189106, 4.65211082143, 0.9633460964, 4.65955348445, 1.18974265009, 24.1937589189, 9648.90407998
4.73390161767, 1.00000038599, 1.58805837093, 1.01581342408, 5.39979943115, 0.739044495509, 5.73741085733, 1.12860184997, 0.94149829351, 1.56837497932, 5.37628618881, 0.89885884341, 4.67505013345, 0.813067517865, 1.09000040202, 1.09092122842, 1.00063287955, 1.10900945678, 5.22892452423, 1.05893928517, 0.761618996607, 739.008291398, 1.04426342968, 4.57828541607, 1.23049067158, 4.63663974071, 1.26146183517, 25.7906864288, 6747.92071367
5.63677104224, 1.00000099464, 1.45120820048, 0.802409010293, 6.97242735743, 0.921072021777, 5.24600549741, 1.21098901829, 0.98296348575, 5.03567829485, 5.23585500682, 0.986851735533, 1.67564568587, 0.846194100227, 1.09000008009, 1.05935890587, 1.04169059427, 0.913473562473, 5.27501560916, 1.14662238126, 0.83325318568, 913.60670913, 1.10353357952, 5.71317462246, 1.14996309214, 2.49124726328, 1.06284536696, 25.1656329788, 8865.59403573
1.71622082056, 1.00000065556, 1.68873864456, 0.855766378671, 3.37940214882, 0.993682003625, 1.8682244027, 1.103101149, 0.937176627311, 3.19036819014, 4.86241086035, 1.09020915409, 4.91794643391, 1.06189051727, 1.09000026841, 1.09891744239, 1.02197346179, 0.916950284495, 5.09283031253, 1.13718718562, 0.941833603861, 71.7356111303, 1.00106601368, 2.51689564094, 1.15820978183, 1.8428238301, 1.11765352065, 28.5446268116, 4684.84971895
1.85143494282, 1.00000044663, 1.23857718509, 0.898586825836, 5.00221018327, 0.984187968104, 4.91380135171, 1.03076387385, 0.930578696417, 2.19641683937, 4.80114540102, 1.14488103101, 1.19706061007, 1.08176922801, 1.09000065143, 1.09458788263, 1.03425562515, 1.14489288517, 8.86368043005, 1.1828677191, 0.994442296216, 118.224433063, 1.09143120351, 5.98805252172, 1.21243611396, 2.71709259236, 0.975701964153, 30.2703288791, 4673.68177801
5.83183450009, 1.00000075272, 1.34498599145, 0.919260112129, 5.82650829208, 0.748325081146, 5.96799662305, 1.1091767797, 0.964985195009, 3.77354599999, 4.8728268566, 1.00749840146, 2.79693996825, 1.13342889633, 1.09000056059, 1.00118693838, 1.00237335472, 1.19439166907, 5.36442181993, 1.00880024587, 0.908901642857, 492.489673782, 1.17440887741, 4.22677062697, 1.23414991923, 2.66249734825, 1.04859386713, 44.2869381594, 3569.88588777
5.74926804263, 1.00000057803, 1.577214174, 0.931650661273, 4.17886468842, 0.78699428258, 2.28627227348, 1.0432580708, 0.984958540739, 3.96213172702, 4.76754610528, 1.02019367282, 1.80610959211, 0.98512075279, 1.09000071745, 1.04455938213, 1.04388611971, 1.11122897142, 5.66622142282, 1.17050755551, 0.914467041494, 266.593573503, 1.18706820701, 5.19417172973, 1.13767089899, 5.06270499501, 0.96847246114, 25.6185585295, 9643.06975444
1.20929962317, 1.00000039444, 1.27174211961, 1.17805067687, 2.75294992693, 0.966100646385, 1.27899114237, 1.05394208981, 0.975166157558, 3.33787162045, 6.16831409045, 0.818091870095, 1.44503498758, 0.8942603231, 1.09000083427, 1.10150576461, 1.03371285087, 1.03346974629, 7.25636030632, 0.945729253007, 0.7668492084, 182.838380768, 1.03826459533, 2.08681181642, 1.21896333275, 4.24520215972, 1.03490690737, 33.5269358513, 4384.88033176
4.82370696216, 1.00000082413, 1.11082682392, 0.856466001603, 4.84364702892, 0.734480803577, 5.9051834281, 1.02067054664, 0.932387305188, 1.37302181676, 5.29016333859, 1.07653619354, 3.11242490929, 1.17829621974, 1.09000027415, 1.02863861433, 1.01154467305, 1.22420144756, 5.9749819924, 0.95114662114, 0.969943147578, 718.078004037, 1.00321514894, 5.94296851883, 1.19545525012, 4.44069645139, 0.880430526877, 29.8634939393, 5040.15346186
3.54277893487, 1.00000017358, 1.67568649627, 0.849106647805, 3.47887460298, 0.720340785079, 4.34806051789, 1.16765006653, 0.922979119354, 5.05587583409, 6.20424400115, 0.923721843758, 3.46340053718, 1.20430452557, 1.09000075767, 1.03390814779, 1.02397856215, 1.00720017236, 5.78475650461, 0.959028505101, 0.884643646703, 974.756218168, 0.99112924129, 4.47718088476, 1.106164467, 1.57265402384, 1.19301198223, 26.9013018299, 8281.52985702
2.14695572387, 1.00000093117, 1.19202874461, 0.976940865901, 6.14753693102, 0.997357038608, 3.54252461444, 1.22301564158, 0.921849083978, 5.00638656169, 5.71082600379, 1.06454142002, 2.36447162584, 1.10571996025, 1.09000079958, 1.09779148288, 1.02701053351, 1.12718467492, 9.56687589471, 1.13785823205, 0.828642247436, 73.3082294893, 1.19960980375, 3.40202318715, 1.06021648177, 1.39282813275, 0.926517063241, 40.1796284098, 4134.09064202
2.7726190532, 1.00000021145, 1.49902427958, 0.938373024622, 6.81938228405, 0.747853894389, 1.61896309274, 1.04706716146, 0.939845328228, 2.26809804918, 6.00079508278, 1.08044510524, 2.42051842356, 0.960158675431, 1.09000078666, 1.0120585151, 1.02023968505, 1.21230195747, 8.89195991843, 1.10901591351, 0.885935058687, 157.260687151, 1.02425259869, 5.26296162687, 1.00848640386, 1.71034357644, 1.20227747281, 25.5959160483, 11418.7958177
1.99420109234, 1.00000027762, 1.71501317555, 1.13140288429, 3.02054373957, 0.752113412978, 5.91591924035, 1.16260837463, 0.910711145736, 5.94363619235, 4.74061951442, 1.10483873511, 2.28210346373, 1.08010719024, 1.09000037977, 1.05893730389, 1.01713758466, 1.07906016634, 9.5323040614, 1.0049940631, 0.902539209635, 400.214828664, 0.994885429163, 3.43405632231, 1.15501300573, 2.19689300666, 0.874500698719, 25.7377414262, 10344.5002772
1.94219337167, 1.00000052538, 1.04910674932, 0.973858449377, 3.28799937901, 0.966577690876, 2.22430597402, 1.04297081021, 0.988031204737, 2.9983116911, 5.03183226948, 0.868854614343, 4.67390395975, 1.27861108081, 1.09000017055, 1.02099327485, 1.00918500881, 1.14266532622, 3.36099280977, 1.040381157, 0.837380489691, 862.098586442, 1.02127347594, 3.95626890158, 0.995450630064, 3.87683961192, 1.14042612829, 25.0487790041, 33024.730448
4.82682641619, 1.00000042786, 1.37667269233, 1.07576947651, 5.47711044051, 0.763374464029, 4.50004590888, 1.11373262694, 0.949201543519, 3.10866024377, 5.85835903952, 1.01502156733, 4.5742393271, 0.872364153942, 1.09000059308, 1.07446766502, 1.0181278558, 0.971538675036, 5.86878644169, 0.968621459662, 0.796292562923, 81.2506253399, 1.08019818378, 5.24372516079, 1.19851044872, 4.1166178197, 0.964695272635, 25.2678086618, 15211.3195861
1.96263848465, 1.00000030744, 1.5405220391, 0.925814755523, 2.29418840011, 0.716550305426, 1.65800631608, 1.14108385558, 0.954512099898, 2.23466654093, 5.6632363511, 1.21942776578, 3.53867774766, 1.16976239456, 1.09000002935, 1.05646601251, 1.01335748194, 0.815391917463, 6.88010608442, 0.920993965398, 0.91900402504, 247.594135357, 0.946467212285, 4.86387668802, 1.19753821719, 4.28047041628, 1.2159466222, 33.2682727907, 4602.09415866
5.92406708527, 1.00000098595, 1.18610156865, 1.01308965007, 3.85592110846, 0.847188078931, 1.56226924478, 1.00866890772, 0.940092541701, 2.2751565271, 5.14768644025, 0.909811440596, 4.6683645184, 1.01175823516, 1.09000089218, 1.04818696751, 1.02888434489, 1.19124159256, 9.54915811178, 1.00431249916, 0.962660227558, 319.896419705, 1.03428031251, 3.55271608851, 1.15333739103, 2.2086251027, 0.985809334847, 30.5644431205, 5157.12218922
3.13309751289, 1.00000009044, 1.02330694072, 0.814378385976, 4.17234678711, 0.84615074718, 5.28912453429, 1.11366609501, 0.943863515751, 3.54106960907, 5.23706542206, 0.989631076796, 2.24735697107, 1.22668633183, 1.09000096502, 1.02713519715, 1.01531269146, 0.836894513055, 3.41212818371, 1.1466289431, 0.889162760172, 873.393738548, 1.0455967347, 1.58811580145, 1.23345590568, 1.9231646704, 1.13627567692, 26.1661023983, 13271.6976496
1.94219337167, 1.00000052538, 1.04910674932, 0.973858449377, 3.28799937901, 0.966577690876, 2.22430597402, 1.04297081021, 0.932021906687, 2.9983116911, 5.03183226948, 0.868854614343, 4.67390395975, 1.27861108081, 1.09000017055, 1.02099327485, 1.01777413821, 1.14266532622, 3.36099280977, 1.040381157, 0.837380489691, 862.098586442, 0.986258036011, 3.95626890158, 0.995450630064, 3.87683961192, 1.14042612829, 32.3083864095, 5139.8228515
3.59455882961, 1.00000033408, 1.42716826481, 1.00930479812, 5.16911275735, 0.992935638812, 4.09073309906, 1.22565023378, 0.9924779449, 3.071482985, 6.05565294467, 1.05647034752, 2.61756341328, 0.955280235062, 1.09000018785, 1.09693484921, 1.04293799808, 1.06521038351, 4.25056769278, 1.13180313127, 0.996553126113, 49.1887505948, 0.989763505019, 2.07598315367, 1.0702257166, 3.68456077059, 1.21494135529, 31.9545906648, 5561.41823727
3.493617425, 1.00000016705, 1.44542879377, 1.14571284595, 4.1145351738, 0.927062816906, 3.73343891163, 1.05298995495, 0.998252622413, 2.35401628764, 5.33870845032, 1.19659292239, 1.42794004112, 1.19568407141, 1.09000049701, 1.05409635382, 1.02864096589, 0.883935690839, 5.36203199898, 1.10802316696, 0.918919719616, 800.526489754, 0.917601455069, 4.35331118181, 1.06244504348, 5.40604586868, 1.23024959148, 36.6388159754, 4577.34757489
1.34048218609, 1.0000001672, 1.34936560641, 1.08607774516, 2.19404866047, 0.730054379084, 4.60594427545, 1.16367436363, 0.903100334803, 6.00715648756, 5.04027900561, 0.989525778084, 2.29130455464, 1.25339054323, 1.09000019091, 1.08696515504, 1.04740188968, 0.86345425357, 9.14228405012, 1.06797814249, 0.860062060185, 433.258500923, 1.00321514894, 1.610241813, 1.06795623081, 4.71546435248, 1.27261170438, 38.0052764626, 4564.92250192
3.62490042315, 1.0000001069, 1.38258697481, 1.16142891481, 4.55649299471, 0.938380046039, 4.28059425676, 1.24181932071, 0.978791201834, 2.53385409453, 5.28163200678, 1.0921329429, 1.65989972554, 0.984751465459, 1.09000042857, 1.05793912788, 1.0373467626, 1.17193424179, 9.71004514133, 1.03176972823, 0.890219403827, 287.902501674, 1.01938755091, 5.48162571812, 1.15634942608, 3.07667879403, 1.04877608631, 29.6419738958, 7116.6807446
1.6673495831, 1.00000009503, 1.62316050705, 1.14258309726, 4.24201207619, 0.816948376256, 1.46902580021, 1.18359633768, 0.948084337611, 3.58169262591, 4.69746762433, 1.16543360873, 4.65986052445, 1.11446068527, 1.09000099954, 1.0712654345, 1.01288501915, 0.908734602368, 3.1844882854, 1.06283807576, 0.971911149673, 787.617150145, 1.04444839292, 2.1974485199, 1.04667900976, 4.20460760022, 0.89407696176, 28.73691416, 7470.59594343
4.80254556539, 1.00000010338, 1.61058776254, 0.847414640594, 2.74064616134, 0.748573179162, 2.12903588758, 1.1457053156, 0.981691026035, 2.90662164279, 5.25749966878, 0.936741544739, 3.8081172916, 1.10698247046, 1.09000031557, 1.06283566047, 1.02161021777, 1.22680882433, 9.8268161713, 1.03645806919, 0.77997456322, 666.987356037, 0.926900987491, 1.91931712154, 0.999734698473, 4.8333199926, 0.874742084633, 26.2722181975, 16367.7958634
4.75724920754, 1.00000026783, 1.06775535455, 0.873805234415, 2.09108339187, 0.788117769889, 2.82536850951, 1.24067478436, 0.939176690111, 5.8799194128, 5.13433027812, 0.999184104671, 2.34316524906, 1.15679976355, 1.09000031928, 1.03290733862, 1.02287379901, 1.17776001355, 5.78290904058, 0.954610067543, 0.830471584233, 172.276505635, 1.17203214639, 2.98734254989, 0.971450599411, 1.27402569893, 1.05508985647, 26.4228205281, 18774.7173382
3.11357179238, 1.00000034467, 1.36606454604, 1.11573156386, 5.18620403804, 0.998783694563, 4.15344150114, 1.1881449115, 0.90576410493, 1.32498026208, 4.8940488771, 1.17891945919, 3.42341890941, 1.12124843944, 1.09000043291, 1.10437333576, 1.00405529761, 1.07038030309, 7.20628092194, 1.04291883163, 0.850085728312, 726.377565319, 1.07195213927, 3.76275611732, 1.12360262437, 3.58135695293, 1.22319028161, 31.5352391936, 6660.89065817
4.82370696216, 1.0000006149, 1.11082682392, 0.856466001603, 4.84364702892, 0.734480803577, 5.9051834281, 1.02067054664, 0.932387305188, 1.34185588459, 5.29016333859, 1.07653619354, 3.11242490929, 1.17829621974, 1.09000027415, 1.02863861433, 1.01154467305, 1.00050451679, 5.9749819924, 0.95114662114, 0.969943147578, 718.078004037, 1.05149580821, 5.94296851883, 1.20015204003, 4.44069645139, 0.880430526877, 36.2443360671, 4856.20407676
4.93225157405, 1.00000075568, 1.04724248263, 1.15473471882, 2.61762151152, 0.727222694995, 5.78627983658, 1.01201582372, 0.99441565731, 6.19344121275, 5.53591644529, 1.09251900995, 1.11727140327, 0.873187932269, 1.09000060002, 1.0243452601, 1.00988542858, 1.00087544881, 6.04477765504, 1.11368625962, 0.866839711247, 256.698573258, 1.19256160664, 4.88048382528, 0.980649763011, 1.32884240683, 0.996172503261, 29.08130919, 8552.51437127
4.73390161767, 1.00000038599, 1.38258697481, 1.01581342408, 5.39979943115, 0.739044495509, 5.73741085733, 1.12860184997, 0.94149829351, 1.56837497932, 5.37628618881, 0.89885884341, 4.67505013345, 0.813067517865, 1.09000040202, 1.09092122842, 1.00063287955, 1.10900945678, 5.22892452423, 1.05893928517, 0.761618996607, 739.008291398, 1.01938755091, 4.57828541607, 1.23049067158, 4.63663974071, 1.28765089432, 30.4988609702, 7519.94833973
3.54277893487, 1.00000017358, 1.67568649627, 0.849106647805, 3.47887460298, 0.720340785079, 4.34806051789, 1.16765006653, 0.922979119354, 5.05587583409, 6.20424400115, 0.96392531917, 3.46340053718, 1.20430452557, 1.09000075767, 1.03390814779, 1.02397856215, 1.00720017236, 5.78475650461, 0.959028505101, 0.884643646703, 509.127929488, 0.922265933781, 4.47718088476, 1.106164467, 1.57265402384, 1.19301198223, 31.1266269432, 7025.26126161
4.84922481204, 1.00000058997, 1.61481578669, 1.18991786151, 3.31816820985, 0.805417507672, 4.88162411282, 1.1635978866, 0.92657158277, 3.85015527548, 4.98015894169, 1.11915905329, 3.8257961657, 1.12482775847, 1.09000053415, 1.0088385033, 1.00361487118, 0.94787338881, 8.65613993006, 1.17582786069, 0.990520729678, 733.200912163, 1.19836521827, 2.25243480893, 0.979672093744, 1.57964047554, 1.10121031819, 28.3483841596, 10578.703416
2.62346314843, 1.00000000889, 1.13159508548, 0.837595250272, 6.24145751874, 0.826186348128, 5.80379371906, 1.21215872472, 0.995770804994, 4.42936231619, 5.55417903473, 1.1917852161, 1.8789609817, 1.21939594586, 1.09000019053, 1.02632682504, 1.02660548194, 1.06742086114, 5.95747199334, 0.999819836526, 0.947792940839, 68.8072285001, 1.10544235562, 3.49365181091, 1.03942563061, 2.59408089439, 1.21923481324, 32.5537504694, 6630.08607707
1.10623465719, 1.00000063406, 1.25097710812, 0.905045299017, 5.48237108586, 0.988302758367, 3.46901322704, 1.24965528673, 0.984180584237, 4.81298549661, 5.84674750335, 0.854512138291, 3.9842776202, 0.907794918685, 1.0900002133, 1.10298735098, 1.00457609061, 1.11749636538, 7.69503089017, 1.07469269644, 0.825397019857, 669.201283182, 1.11992961978, 2.17501156219, 1.18725742972, 5.2916259564, 1.13957691479, 34.8291081995, 5829.43172711
3.76785324602, 1.00000068764, 1.12442475743, 0.81529230425, 4.95389281992, 0.781794487182, 3.05933769141, 1.1488738618, 0.94089916815, 4.20972264023, 5.05216135499, 0.830636399263, 2.85175593722, 1.14001374885, 1.09000071108, 1.02920048731, 1.04087800773, 0.993788055192, 9.11109591096, 0.924276263938, 0.899924730034, 551.866326087, 1.18833728854, 3.29038415327, 0.998329450279, 5.19105498773, 1.03841453229, 38.2714611894, 5491.30949199
1.5818384932, 1.00000081543, 1.22605721889, 0.918708019386, 4.07817155043, 0.891527008544, 5.94659543787, 1.2411845675, 0.923224397367, 2.11931566464, 5.49995053087, 0.970084460368, 3.9842776202, 1.02917887715, 1.0900005952, 1.04243790302, 1.02959112609, 1.10169403414, 9.91260886374, 1.04411743411, 0.954831575714, 902.735625612, 1.04849183191, 1.32803816564, 1.01033714696, 2.41289550323, 1.23148915346, 30.7230463539, 8412.79672706
2.0799562946, 1.00000025305, 1.16374371708, 0.94181841621, 5.90340133307, 0.791074224253, 4.61907267804, 1.05582796385, 0.991256484144, 3.79109285536, 5.91461317638, 1.00141881432, 1.30856582515, 1.22751915561, 1.09000075523, 1.01162310782, 1.03025551013, 1.06883226223, 5.40001866831, 1.17145639867, 0.87289853502, 976.09160896, 1.05413298633, 4.65933600823, 0.979685873878, 5.16581143403, 1.2068250269, 28.5739951472, 14665.5353829
4.47569865202, 1.0000009948, 1.30232836794, 0.842663057774, 2.28559025046, 0.97744633616, 4.96901615578, 1.24335927103, 0.921344719039, 3.12033387923, 4.73372023791, 1.06783824247, 2.76538655533, 1.23064704202, 1.09000075209, 1.09893409434, 1.01945473109, 1.09427440466, 7.38896482756, 0.986980495729, 0.878152466907, 464.275444866, 0.916170850367, 5.28374466132, 1.01234373696, 2.37270895782, 1.21132313394, 28.0549688408, 28240.9547376
5.47585938665, 1.00000032878, 1.0516507771, 0.94379435201, 5.17271043593, 0.943726267398, 5.25110345482, 1.19254484925, 0.944710245961, 2.55548007508, 4.91597312513, 0.936741544739, 3.85864383258, 1.25703379457, 1.09000052263, 1.02682899148, 1.04961876115, 0.834766921202, 9.8268161713, 1.10128577078, 0.988597095599, 958.625436564, 1.19067677414, 1.97305304711, 0.997538724607, 5.41406774931, 0.948493408822, 28.8919625384, 11858.798662
5.99760899097, 1.00000007213, 1.60971169775, 0.861240298151, 5.32917955208, 0.930398585281, 1.1757128482, 1.04384194077, 0.948931288381, 5.42044669509, 5.29287440774, 1.06460929076, 1.09301169933, 1.16415573991, 1.09000047637, 1.04354145365, 1.00391012458, 0.833107057968, 9.25403746277, 0.914710619324, 0.918961187674, 293.203613722, 0.923555178124, 1.18185944435, 1.01423738998, 3.74458732685, 0.999919393753, 32.0352919523, 7944.12686173
4.61816997105, 1.00000032878, 1.0516507771, 0.94379435201, 5.17271043593, 0.943726267398, 5.25110345482, 1.19254484925, 0.944710245961, 2.55548007508, 4.91597312513, 0.912480701969, 3.85864383258, 1.25703379457, 1.09000052263, 1.02682899148, 1.04823339854, 0.834766921202, 9.82732712911, 1.10128577078, 0.988597095599, 910.405000337, 1.19067677414, 1.97305304711, 0.997538724607, 5.41406774931, 0.948493408822, 34.4946605006, 6665.37749268
3.86230243679, 1.00000062323, 1.19103793497, 0.9731606873, 4.5736803863, 0.985443158606, 1.27134385579, 1.18231660955, 0.995219072381, 5.84163931973, 5.29685677476, 1.07910610607, 2.30603203687, 1.12133797342, 1.09000060176, 1.06045273384, 1.00663343395, 1.07464249272, 4.23469259312, 1.02354347603, 0.8237079906, 365.170241662, 0.948322734109, 3.31800797926, 0.953030017895, 4.66160787878, 1.0754352009, 28.3674701245, 33723.3620965
5.99760899097, 1.00000007213, 1.60971169775, 0.861240298151, 5.32917955208, 0.930398585281, 1.1757128482, 1.04384194077, 0.948931288381, 5.42044669509, 5.7273352943, 1.06460929076, 1.09301169933, 1.16415573991, 1.09000047637, 1.04354145365, 1.00391012458, 0.833107057968, 6.8380727042, 0.914710619324, 0.918961187674, 293.203613722, 0.923555178124, 1.18185944435, 1.01423738998, 3.74458732685, 0.999919393753, 29.7335117827, 11556.7794543
3.31493449427, 1.00000001465, 1.55966597332, 1.12567862238, 3.37537019753, 0.943612206749, 1.50334339559, 1.11028830281, 0.947669999381, 4.03865489287, 6.05108740094, 0.830935435321, 4.51726082574, 1.06003051627, 1.09000005883, 1.07446479136, 1.0087534875, 1.12906722954, 7.67249044895, 0.990919419972, 0.796426354359, 167.491489548, 0.967764352324, 4.3038923503, 1.12143094435, 2.79547688224, 1.04404255453, 29.9782718221, 11248.023367
