0.183986950505, 1.14333335895, 83.5613330006, 0.581095794269, 40.5763020439, 1.0882221606, 0.961306031597, 0.782048422418, 5.61125170007, 0.00605226326824, 0.0
0.127559867714, 1.25385668496, 93.005845748, 0.485871047958, 36.2829907057, 2.36088821989, 1.51043058428, 2.03912183632, 9.26228583774, 0.0167669431528, 0.0
0.229438517805, 1.08046798985, 88.3052636583, 0.614305752617, 9.53802328285, 4.36118042534, 0.709409807778, 3.6594243222, 4.6321723987, 0.00611819304026, 0.142857142857
0.127559867714, 1.25385668496, 93.005845748, 0.485871047958, 36.2829907057, 2.36088821989, 1.51043058428, 0.782048422418, 13.4739241085, 0.0134696225432, 0.0222222222222
0.250431138779, 1.08046798985, 88.3052636583, 0.614305752617, 9.53802328285, 4.36118042534, 0.709409807778, 3.6594243222, 4.6321723987, 0.0183673195622, 0.0
0.152717943734, 0.824035282709, 93.9770347694, 0.409808702677, 62.0089756154, 2.36088821989, 0.413056064634, 3.6177269419, 10.2915345578, 0.00840268214281, 0.25
0.183986950505, 1.09271806374, 80.0328538297, 0.524921303293, 5.29888914825, 1.33218600372, 0.987081811751, 0.139043229585, 9.0325160818, 0.0121055553082, 0.181818181818
0.183986950505, 1.14333335895, 83.5613330006, 0.581095794269, 9.53802328285, 1.0882221606, 0.961306031597, 2.03912183632, 2.65082890626, 0.00747543632117, 0.466666666667
0.11143807878, 1.25385668496, 93.005845748, 0.529652206595, 95.5591356663, 3.08727109352, 1.36645210597, 0.96658722667, 14.4431256596, 0.019037004032, 0.0
0.183986950505, 1.14333335895, 83.5613330006, 0.581095794269, 40.5763020439, 1.0882221606, 0.961306031597, 2.03912183632, 5.61125170007, 0.00961034247668, 0.25
0.127559867714, 1.25385668496, 93.005845748, 0.485871047958, 36.2829907057, 2.36088821989, 1.51043058428, 2.03912183632, 9.26228583774, 0.0202707353994, 0.030303030303
0.127559867714, 1.25385668496, 93.005845748, 0.485871047958, 36.2829907057, 2.36088821989, 1.51043058428, 0.782048422418, 9.26228583774, 0.0197592174565, 0.127659574468
0.411689996071, 1.09271806374, 80.0360748525, 0.524921303293, 5.29888914825, 1.33218600372, 0.987081811751, 0.139043229585, 9.0325160818, 0.0221077074231, 0.0
0.183986950505, 1.15316895575, 92.621950298, 0.581095794269, 40.5763020439, 1.00635496953, 0.961306031597, 2.03912183632, 5.61125170007, 0.0196660311476, 0.285714285714
0.165179136039, 1.21477215155, 83.5613330006, 0.581095794269, 40.5763020439, 1.0882221606, 0.961306031597, 0.782048422418, 5.61125170007, 0.0150010999599, 0.588235294118
0.183986950505, 1.14333335895, 83.5613330006, 0.581095794269, 40.5763020439, 1.0882221606, 0.961306031597, 2.03912183632, 5.61125170007, 0.0163001810852, 0.473684210526
0.411689996071, 1.09271806374, 92.621950298, 0.630932444395, 5.29888914825, 1.34854772164, 0.987081811751, 1.12614320963, 9.0325160818, 0.0218859272503, 0.2
0.127559867714, 1.25385668496, 93.005845748, 0.485871047958, 36.2829907057, 2.36088821989, 1.51043058428, 0.782048422418, 13.4739241085, 0.0230691219873, 0.0857142857143
0.411689996071, 1.09271806374, 92.621950298, 0.524921303293, 5.29888914825, 1.33218600372, 0.987081811751, 0.139043229585, 17.6270075585, 0.0256329447795, 0.0
0.183986950505, 1.14333335895, 83.5613330006, 0.581095794269, 40.5763020439, 1.0882221606, 0.961306031597, 2.03912183632, 5.61125170007, 0.0244472898792, 0.5
0.127559867714, 1.25385668496, 93.005845748, 0.65045825504, 39.9258700451, 5.7230108858, 1.41897989784, 0.782048422418, 15.5559665421, 0.0281455400576, 0.0
0.411689996071, 1.09271806374, 92.621950298, 0.525751464997, 5.29888914825, 1.34854772164, 1.85648619612, 0.139043229585, 9.0325160818, 0.027427378931, 0.184210526316
0.205352254111, 0.873616844671, 91.4941637108, 0.563231075152, 27.2187227127, 1.38114415592, 1.63864377356, 2.98653852742, 4.9671416287, 0.0265023938207, 0.48
0.411689996071, 1.09271806374, 92.7941133105, 0.651258454984, 5.72831490684, 1.34854772164, 1.1450534355, 0.0677502361716, 9.0325160818, 0.0292168442499, 0.0
0.264974987572, 1.15284125691, 89.5388495981, 0.565750220188, 5.65966586564, 5.53509622644, 0.880520086129, 1.95533411378, 5.04120657365, 0.0312355026975, 0.166666666667
0.86424525139, 0.87234380307, 82.3332639927, 0.642749659751, 42.9198619468, 1.2115106091, 0.987081811751, 4.13795230386, 7.80815638654, 0.031449727184, 0.153846153846
0.411689996071, 1.14333335895, 83.5605741546, 0.581095794269, 9.53802328285, 1.0882221606, 0.961306031597, 1.84516892972, 2.65082890626, 0.030379339354, 0.4
0.127559867714, 1.25385668496, 93.005845748, 0.65045825504, 39.9258700451, 5.7230108858, 1.41897989784, 0.782048422418, 16.4257194927, 0.0316957142599, 0.0
0.84789317307, 1.15402566443, 88.6388364424, 0.642749659751, 38.1896986498, 1.2115106091, 1.15874263584, 4.13795230386, 9.0325160818, 0.0331736824643, 0.0
0.428707466518, 0.92294888093, 81.2393954331, 0.642749659751, 42.9198619468, 1.2115106091, 1.85648619612, 4.13795230386, 17.6270075585, 0.0323355712987, 0.171428571429
0.411689996071, 1.09271806374, 92.621950298, 0.525751464997, 5.29888914825, 1.34854772164, 0.987081811751, 0.139043229585, 9.0325160818, 0.0320442361076, 0.3
0.159144930224, 0.844725450565, 82.1310062745, 0.61316335247, 12.9650498144, 7.26681351597, 0.846766350702, 0.0209473664588, 15.6759016055, 0.0336369322729, 0.0
0.127559867714, 1.25385668496, 93.005845748, 0.485871047958, 74.7183135581, 2.36088821989, 1.51043058428, 0.782048422418, 9.26228583774, 0.0324228754808, 0.411764705882
0.321142335456, 1.08585679026, 81.1056888907, 0.684718003758, 28.0869078029, 4.28599755389, 1.89769269767, 1.12614320963, 13.4739241085, 0.0345369207384, 0.0
0.428707466518, 0.87234380307, 82.3332639927, 0.642749659751, 42.9198619468, 1.2115106091, 1.85648619612, 4.13795230386, 7.80815638654, 0.0350792098698, 0.0
0.11143807878, 1.00892003668, 90.8423741691, 0.411732718941, 0.408820200678, 2.36088821989, 1.36645210597, 3.36755020143, 16.8837506797, 0.0358237322393, 0.607142857143
0.137025730223, 0.844725450565, 82.1310062745, 0.697383873885, 3.36774615955, 7.26681351597, 0.846766350702, 0.0209473664588, 17.4961397349, 0.0403778872822, 0.0
0.11143807878, 1.21945426551, 94.1551600171, 0.529652206595, 95.5591356663, 3.08727109352, 1.36645210597, 0.96658722667, 14.4431256596, 0.0361479084734, 0.217391304348
0.411689996071, 1.09271806374, 92.7941133105, 0.651258454984, 95.5591356663, 1.20957914091, 1.1450534355, 0.00162497332186, 14.4431256596, 0.0427556956595, 0.137931034483
0.127559867714, 1.21945426551, 94.1551600171, 0.65045825504, 39.9258700451, 5.7230108858, 1.41897989784, 0.731934331879, 15.5559665421, 0.043272348867, 0.0
0.152717943734, 0.824035282709, 93.9770347694, 0.409808702677, 27.2187227127, 2.36088821989, 0.413056064634, 3.6177269419, 10.2915345578, 0.0376482210294, 0.508196721311
0.205352254111, 0.873616844671, 91.4941637108, 0.563231075152, 62.0089756154, 1.38114415592, 1.63864377356, 2.98653852742, 4.9671416287, 0.0368467206604, 0.544117647059
0.127559867714, 1.25385668496, 93.005845748, 0.65045825504, 39.9258700451, 5.7230108858, 1.41897989784, 0.782048422418, 15.5559665421, 0.0444736811955, 0.0
0.109345406406, 1.11134934515, 84.0390629601, 0.622422905004, 30.1290344561, 11.5032402947, 1.89769269767, 0.795050111143, 1.70026956294, 0.0442821245623, 0.0227272727273
0.127559867714, 1.25385668496, 93.005845748, 0.65045825504, 39.9258700451, 5.7230108858, 1.41897989784, 0.782048422418, 15.5559665421, 0.0440239375607, 0.0645161290323
0.411689996071, 1.09271806374, 91.9743312464, 0.65045825504, 39.9258700451, 1.34854772164, 0.987081811751, 1.12614320963, 9.0325160818, 0.0476258727123, 0.0
0.127559867714, 1.25385668496, 93.005845748, 0.65045825504, 39.9258700451, 5.7230108858, 1.41897989784, 0.782048422418, 15.5559665421, 0.0456419161913, 0.0408163265306
0.321142335456, 1.08585679026, 81.1056888907, 0.684718003758, 28.0869078029, 4.28599755389, 1.89769269767, 1.13168270054, 13.4739241085, 0.0549523757531, 0.0
0.428707466518, 0.92294888093, 82.3332639927, 0.642749659751, 42.9198619468, 1.2115106091, 1.85648619612, 4.13795230386, 9.26228583774, 0.0465232192217, 0.333333333333
0.428707466518, 1.23243687224, 82.3332639927, 0.642749659751, 42.9198619468, 1.2115106091, 1.85648619612, 4.13795230386, 9.26228583774, 0.0483366018367, 0.171875
0.31538383132, 1.25551249215, 92.2393346644, 0.61316335247, 85.4325875168, 4.55476801092, 1.24100703584, 1.58712090646, 7.80815638654, 0.0516051736716, 0.111111111111
0.428707466518, 1.23243687224, 82.3332639927, 0.642749659751, 42.9198619468, 3.84534709627, 1.85648619612, 4.13795230386, 9.26228583774, 0.0563827453245, 0.0384615384615
0.321142335456, 1.08585679026, 81.1056888907, 0.696676567456, 28.0869078029, 3.43669842024, 1.89769269767, 1.12614320963, 9.26228583774, 0.0564230240881, 0.0
0.411689996071, 1.09271806374, 92.621950298, 0.61316335247, 5.29888914825, 1.33218600372, 0.987081811751, 0.782048422418, 13.4739241085, 0.048939659126, 0.37037037037
0.127559867714, 1.25385668496, 93.005845748, 0.622422905004, 39.9258700451, 5.7230108858, 1.41897989784, 0.782048422418, 18.2223736776, 0.0537228876134, 0.204545454545
0.377864731927, 1.12846616153, 90.0448621421, 0.409808702677, 95.5591356663, 3.08727109352, 0.939212345788, 3.87606961601, 14.4431256596, 0.0622941467911, 0.0
0.127559867714, 1.25385668496, 94.6408644572, 0.630932444395, 5.29888914825, 5.69298934536, 1.41897989784, 0.782048422418, 15.5559665421, 0.0572319581168, 0.0735294117647
0.84789317307, 0.92294888093, 88.6388364424, 0.642749659751, 42.9198619468, 1.2115106091, 1.85648619612, 4.13795230386, 17.6270075585, 0.0578020916135, 0.0655737704918
0.377864731927, 1.21945426551, 90.0448621421, 0.529652206595, 27.2187227127, 3.08727109352, 0.283556574535, 1.84238566869, 10.2915345578, 0.0549601089641, 0.214285714286
0.31538383132, 0.923472671054, 87.6305431907, 0.543894217222, 63.9511649712, 4.55476801092, 1.53991619123, 4.65557858163, 16.1414870426, 0.0639342073855, 0.0
0.11143807878, 0.84511616105, 86.6882203283, 0.411732718941, 97.8034938643, 9.09177050389, 1.36645210597, 0.923295139975, 19.6876299616, 0.0569762931379, 0.230769230769
0.411689996071, 1.09271806374, 92.621950298, 0.524921303293, 5.29888914825, 1.33218600372, 0.987081811751, 0.782048422418, 13.4739241085, 0.055083564748, 0.266666666667
0.518604450512, 0.923472671054, 87.6305431907, 0.543894217222, 63.9511649712, 2.22991280635, 1.53991619123, 4.65557858163, 16.1414870426, 0.0645303352352, 0.0
0.31538383132, 1.25551249215, 92.2393346644, 0.61316335247, 85.4325875168, 4.55476801092, 1.24100703584, 1.58712090646, 7.80815638654, 0.0643851973271, 0.0434782608696
0.773773685805, 0.92294888093, 90.1041199935, 0.642749659751, 42.9198619468, 1.2115106091, 1.85648619612, 4.13795230386, 17.6270075585, 0.0618392975053, 0.313725490196
0.109345406406, 1.11134934515, 84.0390629601, 0.65045825504, 30.1290344561, 11.5032402947, 1.89769269767, 0.795050111143, 1.70026956294, 0.0602407612039, 0.369565217391
0.411689996071, 1.09271806374, 92.7941133105, 0.651258454984, 5.72831490684, 1.2115106091, 1.1450534355, 0.0388285542216, 9.0325160818, 0.0586161305522, 0.422535211268
0.84789317307, 1.15402566443, 88.6388364424, 0.642749659751, 38.1896986498, 1.34854772164, 1.15874263584, 4.13795230386, 9.0325160818, 0.0650906918067, 0.0
0.428707466518, 0.92294888093, 82.3332639927, 0.642749659751, 42.9198619468, 1.2115106091, 1.85648619612, 4.13795230386, 17.6270075585, 0.0650246283196, 0.266666666667
0.518604450512, 1.25551249215, 92.2393346644, 0.61316335247, 85.4325875168, 2.22991280635, 1.24100703584, 1.58712090646, 8.7037156391, 0.0641690304701, 0.411764705882
0.411689996071, 1.09271806374, 92.621950298, 0.524921303293, 5.29888914825, 1.33218600372, 0.987081811751, 0.139043229585, 9.0325160818, 0.0614182369375, 0.466666666667
0.31538383132, 1.25551249215, 92.2393346644, 0.524921303293, 85.4325875168, 4.55476801092, 1.24100703584, 1.58712090646, 7.80815638654, 0.0739155561507, 0.0
0.84789317307, 0.92294888093, 88.6388364424, 0.642749659751, 42.9198619468, 1.2115106091, 1.85648619612, 4.89303641115, 17.6270075585, 0.0682878539354, 0.09375
0.644854825142, 0.824457042058, 89.8825018878, 0.485871047958, 36.2829907057, 2.36088821989, 1.51043058428, 3.36755020143, 17.6270075585, 0.0684193625348, 0.027027027027
0.411689996071, 1.09271806374, 92.7941133105, 0.651258454984, 5.29888914825, 1.34854772164, 1.1450534355, 0.139043229585, 9.0325160818, 0.0662542892529, 0.285714285714
0.377864731927, 0.824035282709, 85.4671314206, 0.409808702677, 95.5591356663, 3.08727109352, 1.76460755093, 3.6177269419, 14.4431256596, 0.0653819502875, 0.302325581395
0.428707466518, 0.92294888093, 81.5506293394, 0.642749659751, 42.9198619468, 1.2115106091, 1.85648619612, 4.13795230386, 9.26228583774, 0.0649968374541, 0.493150684932
0.31538383132, 0.836788509371, 88.6278819669, 0.679419085485, 85.4325875168, 4.55476801092, 1.24100703584, 1.58712090646, 7.80815638654, 0.0846148784427, 0.0
0.249837360335, 1.21945426551, 85.4671314206, 0.529652206595, 85.4325875168, 3.08727109352, 1.76460755093, 0.96658722667, 14.4431256596, 0.0741843064678, 0.155172413793
0.159144930224, 0.844725450565, 82.1310062745, 0.61316335247, 12.9650498144, 7.26681351597, 0.134580177236, 0.0209473664588, 15.6759016055, 0.0716688539185, 0.2
0.152717943734, 0.824035282709, 93.9770347694, 0.409808702677, 27.2187227127, 13.2361048172, 0.712481673884, 3.6177269419, 10.2915345578, 0.0681576737818, 0.363636363636
0.411689996071, 1.09271806374, 83.5613330006, 0.524921303293, 74.7053733859, 6.7216019679, 0.987081811751, 0.139043229585, 17.6270075585, 0.0907974882515, 0.0
0.11143807878, 0.84511616105, 90.8423741691, 0.411732718941, 90.5641345511, 14.7606211203, 1.36645210597, 4.98640844128, 19.6876299616, 0.0864125977834, 0.0540540540541
0.130665090506, 1.09939202328, 92.7733624373, 0.490471493442, 74.4865606551, 26.8221343839, 0.919930129275, 4.87731058836, 1.54281747201, 0.0763774264041, 0.166666666667
0.158537958023, 1.08585679026, 84.0390629601, 0.622422905004, 30.1290344561, 11.5032402947, 0.919930129275, 0.795050111143, 1.70026956294, 0.074067458975, 0.2
0.411689996071, 1.09271806374, 92.621950298, 0.524921303293, 5.29888914825, 1.33218600372, 0.987081811751, 0.139043229585, 9.0325160818, 0.0688152718099, 0.384615384615
0.159144930224, 0.844725450565, 82.1310062745, 0.61316335247, 12.9650498144, 7.26681351597, 0.846766350702, 0.0209473664588, 15.6759016055, 0.0685084841011, 0.44
0.211194807884, 0.844725450565, 82.1310062745, 0.690141622305, 3.36774615955, 7.26681351597, 0.846766350702, 0.0209473664588, 15.6759016055, 0.092955694626, 0.0
0.644854825142, 0.84455479243, 89.8825018878, 0.485871047958, 36.2829907057, 2.36088821989, 1.51043058428, 3.36755020143, 9.26228583774, 0.0919225915455, 0.0886075949367
0.11143807878, 1.00892003668, 90.8423741691, 0.411732718941, 0.408820200678, 14.7606211203, 1.36645210597, 2.98653852742, 16.8837506797, 0.0912731593381, 0.142857142857
0.117392518787, 1.21945426551, 93.9770347694, 0.525993192184, 27.2187227127, 9.09177050389, 0.712481673884, 0.96658722667, 10.2915345578, 0.086908777985, 0.166666666667
0.152717943734, 1.21945426551, 93.9770347694, 0.529652206595, 27.2187227127, 13.2361048172, 0.712481673884, 0.96658722667, 10.2915345578, 0.0823771670326, 0.2
0.158537958023, 1.00892003668, 84.0390629601, 0.622422905004, 30.1290344561, 27.2551634878, 0.760545396821, 0.795050111143, 1.70026956294, 0.0775676123393, 0.25
0.31538383132, 0.836788509371, 88.6278819669, 0.679419085485, 85.4325875168, 3.31893785262, 1.24100703584, 1.58712090646, 17.6270075585, 0.0786710780803, 0.236842105263
0.250431138779, 1.18128570097, 88.3052636583, 0.614305752617, 40.5763020439, 4.36118042534, 0.228575258387, 3.6594243222, 4.6321723987, 0.0767098821354, 0.4375
0.205352254111, 1.11670351656, 87.4708497293, 0.652454512416, 44.2311906338, 11.9260379957, 0.169990015362, 3.14973682287, 4.9671416287, 0.0726791492175, 0.583333333333
0.152717943734, 1.21945426551, 93.9770347694, 0.679419085485, 27.2187227127, 13.2361048172, 0.712481673884, 0.96658722667, 10.2915345578, 0.0935037813923, 0.0
0.103602938994, 1.11134934515, 84.0390629601, 0.622422905004, 30.1290344561, 27.2551634878, 0.760545396821, 0.0804971154701, 1.70026956294, 0.0779760839593, 0.533333333333
0.31538383132, 1.25551249215, 92.2393346644, 0.61316335247, 85.4325875168, 4.55476801092, 1.24100703584, 1.58712090646, 7.80815638654, 0.0831710202852, 0.272727272727
0.172005911764, 1.00184892436, 80.0360748525, 0.682625570473, 11.1837480484, 9.09177050389, 0.666220046612, 1.20417858097, 10.2915345578, 0.0906793210367, 0.2
