0.535940501291, 0.838588884316, 6.28924476518, 0.480509686186, 23.5298025776, 44.2516463218, 2.5496174097, 1.99565514756, 31.623186836, 0.415455868527, 0.197183098592
0.535940501291, 0.838588884316, 6.28924476518, 0.480509686186, 26.0150059144, 40.5274583316, 2.5496174097, 1.99565514756, 31.623186836, 0.440397351532, 0.0
0.569975428354, 0.950536099756, 5.66716102287, 0.213752854236, 39.2222504863, 40.546739498, 2.19005735199, 1.48150569277, 41.1124374341, 0.410256758938, 0.274390243902
0.529441229458, 0.943688742116, 6.55209064333, 0.241951745094, 4.55337332377, 46.9763090835, 2.19005735199, 1.5869959166, 41.1124374341, 0.372664129887, 0.287878787879
0.560414736342, 0.896686828441, 5.66716102287, 0.488062836568, 39.2222504863, 47.5809963739, 2.23828307993, 1.48150569277, 41.1124374341, 0.388695121745, 0.63125
0.621537092732, 0.954779394371, 4.83312310793, 0.2967274313, 8.9391729645, 45.6571160663, 2.38924104915, 1.77692590563, 28.4633734217, 0.391419449668, 0.381818181818
0.501041672471, 1.23480316308, 3.88032551064, 0.249376799763, 26.0150059144, 40.4201579172, 2.84136276822, 2.66422717191, 36.7327250142, 0.441700499462, 0.0344827586207
0.535940501291, 0.838588884316, 6.28924476518, 0.480509686186, 26.0150059144, 40.5274583316, 2.5496174097, 1.90623242061, 31.623186836, 0.455849998272, 0.0
0.597547556096, 0.950536099756, 5.66716102287, 0.213752854236, 42.4740920622, 47.5809963739, 2.23828307993, 1.48150569277, 41.1124374341, 0.408136461298, 0.408602150538
0.566352894405, 0.8585775116, 3.50787876212, 0.419088837445, 33.0383185843, 42.4906021412, 2.38924104915, 1.58969124376, 28.4431025063, 0.398151066467, 0.546468401487
0.535940501291, 0.838588884316, 6.28924476518, 0.480509686186, 26.0150059144, 43.0613445681, 2.5496174097, 1.90623242061, 31.623186836, 0.42866772011, 0.276923076923
0.508601710965, 1.14045623761, 3.46261667413, 0.42897199696, 26.7220345102, 42.4117805215, 3.78600839609, 1.90535561105, 34.7450695317, 0.408074907916, 0.579428571429
0.526928996168, 1.25861917991, 5.82236102262, 0.230620894563, 29.75507306, 46.0698664557, 2.64285232302, 1.73050332261, 21.1875494108, 0.444264546913, 0.161538461538
0.597547556096, 0.950536099756, 5.66716102287, 0.213752854236, 39.2222504863, 47.5809963739, 2.23828307993, 1.48150569277, 41.1124374341, 0.399922037624, 0.660574412533
0.637660837678, 1.01316678642, 7.58384368174, 0.478309845864, 11.9720971204, 40.7052074802, 2.52759029531, 1.00582904478, 23.9313018372, 0.492215308476, 0.0
0.500759654527, 1.05329978241, 4.92108892297, 0.419088837445, 19.7719780639, 46.1637396807, 2.03321803294, 1.31241164388, 30.5160355163, 0.467493696424, 0.0185185185185
0.501041672471, 0.940349298289, 3.83575752579, 0.292603883115, 42.4740920622, 44.3737827286, 2.3403697902, 1.67890543502, 20.8744853572, 0.401236258201, 0.672823218997
0.597547556096, 0.950536099756, 5.66716102287, 0.213752854236, 39.2222504863, 47.5809963739, 2.23828307993, 1.48150569277, 41.1124374341, 0.404566232175, 0.666666666667
0.569975428354, 0.950536099756, 4.05869423892, 0.213752854236, 4.55337332377, 40.546739498, 2.19005735199, 1.48150569277, 41.1124374341, 0.422355228097, 0.296
0.531851959226, 1.14045623761, 3.46261667413, 0.42897199696, 26.7220345102, 42.4117805215, 3.78600839609, 4.21700151222, 34.7450695317, 0.493553125608, 0.0
0.500759654527, 1.05329978241, 7.05031739299, 0.403741529355, 43.2460183414, 46.1637396807, 2.03321803294, 3.60617165722, 22.1408762651, 0.476495023819, 0.0253164556962
0.597547556096, 0.950536099756, 5.66716102287, 0.213752854236, 39.2222504863, 47.5809963739, 2.19005735199, 1.48150569277, 41.1124374341, 0.414192398653, 0.5
0.616282869823, 0.873710037654, 2.00351919749, 0.294322423481, 21.0737231186, 45.0928963364, 3.43561161306, 1.21597404514, 31.1449098353, 0.408188813953, 0.647108130763
0.501041672471, 1.20711758126, 3.88032551064, 0.249376799763, 34.89672588, 40.5274583316, 2.84136276822, 2.66422717191, 36.7327250142, 0.466870106948, 0.0701754385965
0.503797852032, 1.09771964128, 2.96725978819, 0.373935234844, 42.0202434891, 46.1644558339, 3.07516774567, 1.73050332261, 30.3502472274, 0.4583131794, 0.0983146067416
0.566352894405, 1.13758591238, 3.50787876212, 0.419088837445, 13.3319654706, 42.4906021412, 3.67348042452, 1.58969124376, 36.4405587305, 0.408741805653, 0.640913081651
0.531851959226, 0.930010923434, 6.28924476518, 0.260609882781, 0.415897540105, 42.2048810759, 3.88495314809, 1.80088345648, 31.4208683726, 0.408304275039, 0.650421743205
0.510255306988, 0.940349298289, 2.61154630624, 0.475465614789, 34.2848226313, 44.3737827286, 2.84517455764, 1.67890543502, 20.8744853572, 0.42724950267, 0.348623853211
0.529441229458, 0.943688742116, 6.55209064333, 0.241951745094, 4.55337332377, 46.9763090835, 3.56840239392, 1.5869959166, 30.8542641216, 0.412633667289, 0.573496659243
0.501041672471, 0.940349298289, 3.83575752579, 0.292603883115, 42.4740920622, 44.3737827286, 2.3403697902, 1.67890543502, 20.8744853572, 0.414919308521, 0.504166666667
0.500571030727, 1.23286696338, 2.34996063453, 0.334244905016, 10.8686701837, 44.6359943989, 3.70939340424, 0.0585139370124, 25.3170105152, 0.489517420842, 0.0271903323263
0.557115792251, 1.03640861763, 5.94021537042, 0.423320485736, 35.8469178679, 41.8059213145, 3.16909908848, 0.0703686231783, 33.9634437709, 0.503788876397, 0.0155279503106
0.531851959226, 1.14045623761, 3.46261667413, 0.42897199696, 26.7220345102, 42.4117805215, 3.78600839609, 4.21700151222, 34.7450695317, 0.500617392535, 0.0171919770774
0.531851959226, 0.950920634753, 3.50787876212, 0.419088837445, 26.7220345102, 42.4906021412, 3.78600839609, 4.21700151222, 36.4405587305, 0.504125658606, 0.0
0.501041672471, 1.20711758126, 3.88032551064, 0.249376799763, 26.0150059144, 40.5274583316, 2.84136276822, 2.66422717191, 36.7327250142, 0.475362756978, 0.06
0.566352894405, 0.950920634753, 3.50787876212, 0.419088837445, 33.0383185843, 42.4155016245, 3.62672624961, 1.58969124376, 36.4405587305, 0.415508893918, 0.488764044944
0.536770172398, 1.05908678925, 7.07211076068, 0.398098324753, 26.7220345102, 45.6707544609, 2.84517455764, 4.39809349717, 24.5113091186, 0.50730683713, 0.0
0.510255306988, 0.940349298289, 3.83575752579, 0.475465614789, 34.2848226313, 44.3737827286, 2.3403697902, 1.67890543502, 20.8744853572, 0.499647387554, 0.0229885057471
0.501041672471, 1.20711758126, 3.88032551064, 0.249376799763, 34.89672588, 40.5274583316, 2.84136276822, 2.66422717191, 36.7327250142, 0.4625592269, 0.168918918919
0.543922668925, 0.943688742116, 7.86140213474, 0.210149046033, 5.2146343461, 43.4179897212, 3.56840239392, 1.5869959166, 32.5088722614, 0.410391379086, 0.688481675393
0.501041672471, 0.950920634753, 3.50787876212, 0.426743368226, 33.0383185843, 42.4906021412, 2.84136276822, 1.58969124376, 28.4431025063, 0.488522165652, 0.047619047619
0.622200892892, 1.1407160133, 2.67485647515, 0.480509686186, 23.5298025776, 45.9288626776, 2.5496174097, 1.99565514756, 32.5100263018, 0.414472307383, 0.590551181102
0.500571030727, 1.23286696338, 2.34996063453, 0.334244905016, 10.8686701837, 44.6359943989, 3.70939340424, 0.0585139370124, 37.7653686298, 0.510953853816, 0.010152284264
0.529441229458, 0.968178713344, 2.15036954873, 0.455245688982, 4.55337332377, 46.9763090835, 3.56840239392, 1.5869959166, 21.1875494108, 0.519899421961, 0.0
0.716711420433, 1.13706088404, 5.28652713238, 0.270317896499, 22.4298398119, 45.2492073813, 2.28836559182, 1.77692590563, 29.8302571058, 0.414496587367, 0.638157894737
0.658552054102, 1.02512466878, 5.56098894779, 0.310556266577, 26.0150059144, 46.0918596991, 2.52751545811, 0.432013534387, 30.1868192462, 0.482568021657, 0.0606060606061
0.567211317178, 0.954779394371, 4.83312310793, 0.2967274313, 8.9391729645, 45.6571160663, 2.38924104915, 1.68576998429, 28.4633734217, 0.469154133328, 0.121212121212
0.500297498905, 0.940349298289, 3.83575752579, 0.452186467299, 42.4740920622, 44.3737827286, 2.3403697902, 1.67890543502, 20.8744853572, 0.520933624206, 0.0
0.526928996168, 1.25861917991, 5.82236102262, 0.231556605254, 29.75507306, 46.0698664557, 2.64285232302, 1.69818667715, 21.1875494108, 0.424803783325, 0.495495495495
0.507725216899, 0.820890546144, 5.70278331132, 0.364298053263, 8.03556234094, 46.1644558339, 2.13953363816, 1.73050332261, 20.2864222124, 0.419059798387, 0.51690821256
0.560414736342, 0.930010923434, 6.28924476518, 0.260609882781, 1.76194082732, 47.4845698108, 3.88495314809, 1.80088345648, 31.4208683726, 0.418336162222, 0.53227771011
0.501041672471, 0.940349298289, 3.83575752579, 0.241951745094, 4.55337332377, 44.3737827286, 2.3403697902, 1.67890543502, 20.8744853572, 0.428093818532, 0.458823529412
0.652963673383, 1.25152761502, 3.97251068749, 0.215638554796, 49.778717642, 42.4031739116, 2.53390631028, 0.164579795929, 35.5266795988, 0.489911350433, 0.047619047619
0.566352894405, 0.950920634753, 3.50787876212, 0.419088837445, 33.0383185843, 42.4906021412, 3.24145408561, 1.58969124376, 28.4431025063, 0.486489237812, 0.0685714285714
0.531851959226, 1.14045623761, 3.46261667413, 0.42897199696, 26.7220345102, 42.4117805215, 3.24145408561, 4.21700151222, 34.7450695317, 0.526121830208, 0.00584795321637
0.566352894405, 0.950920634753, 3.50787876212, 0.419088837445, 33.0383185843, 42.4906021412, 3.78600839609, 1.58969124376, 36.4405587305, 0.535687704262, 0.0
0.68477964463, 0.894791256609, 4.53505841196, 0.427045311875, 22.2993334214, 44.3153919135, 2.8669093665, 4.60943898363, 37.2292262271, 0.479473981553, 0.0916666666667
0.543922668925, 0.943688742116, 7.80520170019, 0.419162629003, 5.2146343461, 43.4179897212, 3.56840239392, 1.5869959166, 32.5088722614, 0.481240238348, 0.0712250712251
0.535940501291, 1.1407160133, 6.15495636635, 0.480509686186, 23.5298025776, 45.9288626776, 2.5496174097, 1.99565514756, 32.5100263018, 0.536373849992, 0.0
0.507725216899, 0.820890546144, 5.70278331132, 0.245204547881, 8.03556234094, 46.1644558339, 2.13953363816, 1.73050332261, 29.5102433556, 0.432347921648, 0.435114503817
0.637660837678, 1.01316678642, 7.58384368174, 0.478309845864, 11.9720971204, 40.7052074802, 2.52759029531, 1.00582904478, 23.9313018372, 0.431179939958, 0.456928838951
0.535940501291, 0.838588884316, 6.28924476518, 0.480509686186, 23.5298025776, 44.2516463218, 2.5496174097, 1.99565514756, 28.4431025063, 0.543073040828, 0.0
0.500571030727, 1.23286696338, 2.34996063453, 0.334244905016, 10.8686701837, 44.6359943989, 3.70939340424, 0.0585139370124, 26.943068958, 0.52718213048, 0.014880952381
0.531851959226, 1.14045623761, 3.46261667413, 0.42897199696, 26.7220345102, 42.4117805215, 3.78600839609, 4.21700151222, 34.7450695317, 0.521324295676, 0.0161290322581
0.529441229458, 0.968178713344, 6.55209064333, 0.455245688982, 4.55337332377, 46.9763090835, 3.56840239392, 1.5869959166, 21.1875494108, 0.489948896198, 0.0604982206406
0.629176467644, 0.889802944628, 6.0756285147, 0.364066509972, 8.74159537872, 41.5649772821, 3.50445632389, 3.72053159517, 25.8136108869, 0.538021217237, 0.00613496932515
0.566352894405, 1.13758591238, 3.50787876212, 0.419088837445, 13.3319654706, 42.4906021412, 3.67348042452, 1.58969124376, 36.4405587305, 0.544563443741, 0.0
0.530916238904, 1.22617405638, 7.96584305571, 0.234511882118, 34.89672588, 45.1592145858, 3.7959088884, 4.22847667199, 36.3983756842, 0.484725948994, 0.0716332378223
0.536770172398, 0.941662690412, 7.07211076068, 0.311266568858, 13.3319654706, 45.6707544609, 2.84517455764, 4.39809349717, 24.5113091186, 0.495577102735, 0.0454545454545
0.535940501291, 0.838588884316, 7.98685711894, 0.480509686186, 23.5298025776, 42.7343207853, 2.5496174097, 1.99565514756, 31.623186836, 0.546298782841, 0.0
0.501041672471, 1.23561834366, 3.88032551064, 0.249376799763, 34.89672588, 40.5274583316, 2.84136276822, 2.88067109065, 36.7327250142, 0.480548533709, 0.104651162791
0.535940501291, 0.889802944628, 6.41398080064, 0.313436806373, 8.74159537872, 41.5649772821, 3.50445632389, 1.79249823044, 25.8136108869, 0.480514293468, 0.119241192412
0.529441229458, 0.933981313675, 6.55209064333, 0.205499576418, 21.2342722059, 46.9763090835, 2.73789921113, 1.5869959166, 30.5160355163, 0.415841658024, 0.610951008646
0.511662855009, 1.11277227187, 4.11016710069, 0.300874816122, 9.91347988772, 44.3586815058, 3.73875620242, 4.78976938647, 22.4955963765, 0.517724359261, 0.0213903743316
0.535940501291, 0.838588884316, 6.28924476518, 0.480509686186, 16.317740395, 40.5274583316, 2.5496174097, 1.99565514756, 31.623186836, 0.426098977585, 0.526162790698
0.504069759576, 1.01316678642, 5.70278331132, 0.478309845864, 8.03556234094, 46.1644558339, 2.13953363816, 1.73050332261, 29.5102433556, 0.549139880284, 0.0
0.629176467644, 1.1407160133, 6.15495636635, 0.480509686186, 23.5298025776, 45.9288626776, 2.5496174097, 1.99565514756, 32.5100263018, 0.560279615617, 0.0
0.500759654527, 1.05329978241, 4.92108892297, 0.403741529355, 43.2460183414, 46.1637396807, 2.03321803294, 1.31241164388, 30.5160355163, 0.447349112676, 0.299539170507
0.560414736342, 0.896686828441, 5.66716102287, 0.494244927886, 26.0150059144, 47.5809963739, 2.23828307993, 1.48150569277, 41.1124374341, 0.446484008723, 0.326633165829
0.500571030727, 0.838588884316, 2.34996063453, 0.480509686186, 23.5298025776, 44.2516463218, 2.5496174097, 1.99565514756, 22.9586634205, 0.453313139431, 0.296875
0.503797852032, 1.07978967176, 3.33462746079, 0.373935234844, 42.0202434891, 47.5809963739, 3.55197846613, 3.25555897591, 30.3502472274, 0.518114776692, 0.0217391304348
0.535940501291, 0.838588884316, 6.15495636635, 0.480509686186, 23.5298025776, 44.2516463218, 2.5496174097, 1.99565514756, 31.623186836, 0.436930237149, 0.464135021097
0.536770172398, 1.05908678925, 7.07211076068, 0.398098324753, 13.3319654706, 45.6707544609, 2.84517455764, 4.39809349717, 24.5113091186, 0.574768406911, 0.0
0.560414736342, 0.940349298289, 3.83575752579, 0.397066569814, 42.4740920622, 44.3737827286, 2.3403697902, 1.67890543502, 20.8744853572, 0.475627205816, 0.194630872483
0.566352894405, 0.950920634753, 3.50787876212, 0.419088837445, 33.0383185843, 42.4906021412, 3.78600839609, 1.58969124376, 36.4405587305, 0.467907261396, 0.23629489603
0.742134133561, 0.950920634753, 5.56098894779, 0.419088837445, 26.0150059144, 46.0918596991, 2.52751545811, 0.489559834808, 39.4449969319, 0.578008385516, 0.0
0.567211317178, 0.852594981378, 3.4011927395, 0.364066509972, 8.9391729645, 45.6571160663, 2.38924104915, 2.68669943987, 28.4633734217, 0.546935760224, 0.00909090909091
0.542522577251, 0.873705972132, 6.78739662423, 0.435557733913, 11.0458308913, 49.3131853377, 2.88161981294, 2.93136213635, 29.3556575534, 0.582589156845, 0.0
0.597547556096, 1.14371337969, 6.29430433948, 0.21040707276, 39.2222504863, 46.3017085385, 2.11746222335, 1.48150569277, 41.1124374341, 0.416745010964, 0.642857142857
0.516675745593, 0.943688742116, 7.52333830038, 0.399273767342, 19.7018072887, 46.642622298, 3.1685407036, 1.77293165821, 33.3511655234, 0.437864537184, 0.479524438573
0.629176467644, 1.1407160133, 6.15495636635, 0.480509686186, 23.5298025776, 45.9288626776, 2.5496174097, 1.99565514756, 32.5100263018, 0.601741703332, 0.0
0.560414736342, 0.930010923434, 6.28924476518, 0.260609882781, 0.415897540105, 47.4845698108, 3.88495314809, 1.80088345648, 31.4208683726, 0.44153258429, 0.408794788274
0.543922668925, 0.943688742116, 7.86140213474, 0.210149046033, 5.2146343461, 43.4179897212, 3.56840239392, 1.5869959166, 32.5088722614, 0.468269580325, 0.23754789272
0.535940501291, 0.889802944628, 6.41398080064, 0.364066509972, 8.74159537872, 41.5649772821, 3.50445632389, 3.72053159517, 25.8136108869, 0.508773040231, 0.025706940874
0.616282869823, 0.873710037654, 2.00351919749, 0.294322423481, 21.0737231186, 45.0928963364, 3.43561161306, 1.21597404514, 31.1449098353, 0.416732082251, 0.657187993681
0.531851959226, 0.950920634753, 3.50787876212, 0.419088837445, 33.0383185843, 42.4906021412, 3.78600839609, 1.58969124376, 36.4405587305, 0.431217193086, 0.498721227621
0.636229842993, 0.82003908294, 3.50787876212, 0.364298053263, 8.03556234094, 46.1644558339, 2.13953363816, 1.73050332261, 20.1079038131, 0.433296527584, 0.490909090909
0.543922668925, 0.943688742116, 3.50787876212, 0.419162629003, 5.2146343461, 42.4906021412, 3.56840239392, 1.58969124376, 32.5088722614, 0.455755392723, 0.305182341651
0.535940501291, 0.960931081075, 6.28924476518, 0.480509686186, 23.5298025776, 44.2516463218, 2.5496174097, 1.99565514756, 31.623186836, 0.42017034788, 0.633689839572
0.567211317178, 0.954779394371, 4.83312310793, 0.2967274313, 8.9391729645, 45.6571160663, 2.38924104915, 1.68576998429, 28.4633734217, 0.479259272529, 0.177419354839
