0.145426046481, 0.938946224225, 2.36502895991, 0.839704641296, 94.9967995585, 5.48732275189, 0.0718925014246, 1.16495968535, 11.0474060462, 71.0071390965, 0.0122936079478
0.125984543123, 1.04186659488, 2.26593004526, 0.919230945859, 90.9909578534, 9.91807872288, 0.404009553077, 1.53823118359, 14.7581946332, 86.7048087053, 0.0
0.124708253332, 0.870150557846, 2.85346461449, 0.764959548954, 85.2497205604, 1.75693635139, 0.420897394264, 2.61309062135, 14.7748854331, 66.2698814965, 0.0188658682255
0.130278011663, 0.946616170765, 3.34233520729, 0.772778575114, 99.2040565952, 8.90018908144, 0.0448203097636, 1.82739366218, 10.45531603, 49.2771148882, 0.0748159510789
0.190745261527, 0.830396136027, 2.02910355216, 0.82681118406, 98.7657735489, 3.90017340799, 0.178093518474, 3.00346428909, 12.5965248292, 45.4668850434, 0.116694912948
0.197728148553, 0.849026796235, 2.26593004526, 0.727901907434, 87.3327026986, 1.24001537495, 0.682538261476, 0.44906888878, 12.5965248292, 79.1536402763, 0.0154770137951
0.197728148553, 0.849026796235, 2.26593004526, 0.727901907434, 87.3327026986, 1.24001537495, 0.682538261476, 0.44906888878, 12.5965248292, 79.0316778106, 0.0172407169941
0.107423076042, 0.870150557846, 2.38862902162, 0.634716313766, 90.5993637941, 1.12812028987, 0.0586543035913, 3.77513188661, 10.0354560432, 91.2439540849, 0.00314378964074
0.188733679661, 0.839377389148, 2.01883517028, 0.920076311754, 87.7831918821, 1.31054567362, 0.822260422044, 4.53179799414, 12.8155286958, 122.118388533, 0.00195772831703
0.132866895548, 0.834531928553, 2.38862902162, 0.634716313766, 90.5993637941, 1.12812028987, 0.00580174722396, 2.61309062135, 10.0354560432, 87.6224493078, 0.0136827493548
0.112508516743, 0.91458433489, 2.18054281343, 0.768401018661, 93.0064006789, 1.24001537495, 0.682538261476, 4.65856889631, 14.4822997066, 117.972808314, 0.00250042863823
0.107993952022, 0.949703331639, 2.01883517028, 0.68885961357, 83.4342528127, 1.84682285118, 0.0365867932484, 2.91028811072, 18.4779326145, 91.1883102076, 0.00404621350458
0.184164691477, 0.993730568955, 2.18054281343, 0.764959548954, 90.5993637941, 1.75693635139, 0.420897394264, 4.82653924721, 14.3965764949, 75.0496347562, 0.0201837640321
0.184164691477, 1.13922964886, 2.3197666642, 0.783364051533, 80.3265149225, 1.45884439061, 0.815206475491, 1.63219195214, 14.649978991, 69.4648894876, 0.0289215001776
0.19373959501, 0.904172458981, 2.01744623922, 0.812335849334, 81.7304304047, 8.95685605733, 0.472470663511, 4.11458036604, 18.4779326145, 54.4669702392, 0.0784425113382
0.107993952022, 0.949703331639, 2.01883517028, 0.68885961357, 83.4342528127, 1.84682285118, 0.815206475491, 2.91028811072, 14.2330442945, 79.215264695, 0.0193296473723
0.166411271938, 0.93124937552, 2.31190243315, 0.817050734134, 86.2218181279, 1.24001537495, 0.898137240606, 1.73869728139, 14.2023494259, 132.793339506, 0.00228690724423
0.190745261527, 0.830396136027, 2.05827667584, 0.869311345424, 98.7657735489, 3.90017340799, 0.178093518474, 3.00346428909, 14.2330442945, 125.459246998, 0.00378188197097
0.114923241203, 0.825245903556, 2.18054281343, 0.714459607915, 93.0064006789, 1.24001537495, 0.682538261476, 4.65856889631, 14.4822997066, 126.779079631, 0.00270032076853
0.114923241203, 0.825245903556, 2.18054281343, 0.714459607915, 93.0064006789, 1.24001537495, 0.682538261476, 4.65856889631, 14.4822997066, 117.126792456, 0.00488428846465
0.107285497201, 0.949703331639, 2.01883517028, 0.752573413429, 80.2942686215, 1.84682285118, 0.0365867932484, 2.91028811072, 16.2793353137, 100.446329987, 0.00597840420263
0.147817486814, 1.04945334989, 2.26593004526, 0.937855393423, 95.9959360926, 1.25992172471, 0.822260422044, 1.53823118359, 19.7691998675, 92.1166634621, 0.00700022297081
0.184164691477, 1.13922964886, 2.15839694023, 0.919230945859, 80.3265149225, 3.74016958375, 0.815206475491, 1.63219195214, 10.8292120435, 76.3420994085, 0.0589416599062
0.166411271938, 0.832626830757, 2.97613069511, 0.817050734134, 86.2218181279, 1.61126411103, 0.898137240606, 1.73869728139, 14.2023494259, 79.2343216235, 0.0210862027856
0.124674816195, 1.17465296951, 7.5990070041, 0.946233600741, 97.5965335667, 1.08323741894, 1.4961656662, 4.0745164245, 14.1475042362, 771.397109375, 0.00346771540453
0.141679983115, 0.863405981804, 2.97613069511, 0.817050734134, 99.6764187664, 1.01450877522, 0.898137240606, 1.73869728139, 14.5448356885, 133.157811641, 0.00430908003862
0.107124042468, 0.970444281427, 2.85346461449, 0.940969430989, 84.38079378, 1.66071829577, 0.109058545991, 4.65856889631, 14.4822997066, 212.920981767, 0.00424569708591
0.107124042468, 1.03907051703, 2.18054281343, 0.703270952608, 80.2942686215, 4.95223641512, 0.109058545991, 4.65856889631, 14.4822997066, 119.920720364, 0.00576228482549
0.112508516743, 0.91458433489, 2.18054281343, 0.68885961357, 93.0064006789, 1.24001537495, 0.0365867932484, 4.65856889631, 14.4822997066, 97.0171121002, 0.0107426263838
0.107993952022, 0.949703331639, 2.01883517028, 0.817050734134, 83.4342528127, 1.84682285118, 0.815206475491, 1.31967307915, 14.2330442945, 93.5792534458, 0.012298844593
0.133371125983, 0.863405981804, 2.36502895991, 0.931061520667, 93.0064006789, 1.31054567362, 0.822260422044, 4.53179799414, 18.9782246137, 106.585739923, 0.00755004242916
0.107124042468, 0.970444281427, 2.18054281343, 0.703270952608, 84.38079378, 2.50755555494, 0.109058545991, 4.28650077781, 14.4822997066, 100.399847943, 0.00919434003964
0.194099259795, 0.820745127222, 2.26016730378, 0.82681118406, 80.3265149225, 3.90017340799, 0.654625474894, 1.63219195214, 17.0142852891, 87.1617624227, 0.0257022253441
0.107124042468, 0.970444281427, 2.26593004526, 0.703270952608, 84.38079378, 2.50755555494, 0.109058545991, 1.53823118359, 14.4822997066, 88.6781411773, 0.0247875922245
0.19373959501, 0.904172458981, 2.01744623922, 0.68885961357, 81.7304304047, 8.95685605733, 0.0210480678435, 4.11458036604, 18.4779326145, 81.7004553587, 0.0581295150053
0.194099259795, 0.830396136027, 2.05827667584, 0.82681118406, 98.7657735489, 3.90017340799, 0.178093518474, 3.00346428909, 14.2330442945, 85.6370514948, 0.0525377368823
0.197728148553, 0.849026796235, 2.05809471877, 0.855179994531, 87.3327026986, 4.35021200023, 0.157956668401, 3.64150780552, 12.5965248292, 85.7210839725, 0.045629311748
0.107423076042, 0.889903453482, 4.34429944869, 0.946233600741, 97.5965335667, 1.08323741894, 1.46042617909, 1.38706838618, 14.1475042362, 260.620491387, 0.00430159700754
0.132866895548, 0.870150557846, 2.38862902162, 0.634716313766, 90.5993637941, 1.12812028987, 0.0586543035913, 2.61309062135, 10.0354560432, 129.875199714, 0.00588796663177
0.114923241203, 0.825245903556, 2.18054281343, 0.714459607915, 93.0064006789, 1.24001537495, 0.682538261476, 4.65856889631, 14.4822997066, 98.8033571861, 0.0126811779335
0.107993952022, 1.03907051703, 2.01883517028, 0.926034004254, 83.4342528127, 1.84682285118, 0.815206475491, 2.91028811072, 14.649978991, 94.8914749306, 0.0215415007608
0.197728148553, 0.849026796235, 2.01883517028, 0.727901907434, 87.3327026986, 1.24001537495, 0.682538261476, 2.91028811072, 13.3790573888, 95.7504138383, 0.0178493325938
0.188733679661, 0.839377389148, 2.01883517028, 0.920076311754, 87.7831918821, 1.24001537495, 0.682538261476, 4.53607944064, 12.8155286958, 126.875124631, 0.00800704062491
0.107993952022, 0.949703331639, 2.01883517028, 0.752573413429, 83.4342528127, 1.84682285118, 0.0365867932484, 2.91028811072, 13.7835375012, 113.937768538, 0.00810316259453
0.107285497201, 0.949703331639, 2.01883517028, 0.752573413429, 80.2942686215, 1.84682285118, 0.0365867932484, 1.38706838618, 14.2330442945, 109.602448818, 0.00852217980169
0.107124042468, 0.970444281427, 2.18054281343, 0.703270952608, 84.38079378, 2.50755555494, 0.109058545991, 4.65856889631, 14.4822997066, 89.2997405305, 0.0293757200824
0.195967870183, 0.849026796235, 2.25883666538, 0.900436281314, 87.3327026986, 1.19273729296, 0.0615254616826, 3.64150780552, 12.5965248292, 92.7694256084, 0.0292282379585
0.184164691477, 0.849026796235, 2.25883666538, 0.942705194201, 80.1244399595, 3.74016958375, 0.815206475491, 1.76650941116, 10.8292120435, 94.8725128611, 0.0287093908321
0.19373959501, 0.904172458981, 2.01744623922, 0.68885961357, 81.7304304047, 8.95685605733, 0.472470663511, 4.11458036604, 18.4779326145, 84.6534838657, 0.169932362703
0.104194607666, 1.0345418546, 2.29795269359, 0.624490450538, 97.918591915, 7.00601126002, 0.0210480678435, 4.82653924721, 13.0295623465, 85.1118914446, 0.0610567019904
0.194099259795, 0.820745127222, 2.05827667584, 0.82681118406, 98.7657735489, 3.90017340799, 0.178093518474, 3.00346428909, 14.2330442945, 88.0300378786, 0.0456960925262
0.107423076042, 1.08108995079, 4.34429944869, 0.601392897116, 95.0478267162, 1.04189377286, 0.962220354523, 1.60137593897, 17.1203394501, 297.782457595, 0.00445712580231
0.170435846593, 1.00793641137, 3.29992030328, 0.855179994531, 88.6877179949, 1.45884439061, 0.157956668401, 3.02415489633, 15.0611473826, 144.007501829, 0.00613544029329
0.166411271938, 0.91458433489, 2.31190243315, 0.817050734134, 86.2218181279, 1.24001537495, 0.898137240606, 1.73869728139, 14.2023494259, 141.942714388, 0.00669573100968
0.17207124184, 0.863405981804, 2.36502895991, 0.931061520667, 87.7831918821, 1.31054567362, 0.822260422044, 4.53179799414, 18.9782246137, 140.031610036, 0.00707407813669
0.125984543123, 1.04186659488, 2.26593004526, 0.919230945859, 90.9909578534, 9.43339157711, 0.404009553077, 1.53823118359, 14.7581946332, 104.596277168, 0.014211140448
0.159922927085, 0.850472871211, 2.2017674781, 0.84713518555, 90.5993637941, 1.86976881665, 0.420897394264, 4.85726787291, 15.3863900908, 96.8828705054, 0.0265217220823
0.19993365475, 0.849026796235, 2.25883666538, 0.727901907434, 87.3327026986, 1.61126411103, 0.682538261476, 3.64150780552, 12.5965248292, 99.6142654884, 0.0241886117785
0.197728148553, 0.849026796235, 2.25883666538, 0.727901907434, 87.3327026986, 3.0655315983, 0.682538261476, 3.79515517357, 12.5965248292, 110.42765615, 0.0108963000528
0.197957512874, 0.849026796235, 2.25883666538, 0.900436281314, 98.7657735489, 1.24001537495, 0.350183015807, 3.64150780552, 12.5965248292, 127.073724199, 0.00899484886929
0.107993952022, 0.849026796235, 2.26593004526, 0.68885961357, 98.7657735489, 1.13624843849, 0.0311797042765, 0.44906888878, 18.4779326145, 111.479588571, 0.00938515542194
0.19373959501, 0.904172458981, 2.97613069511, 0.817050734134, 99.6764187664, 1.01450877522, 0.898137240606, 1.73869728139, 14.5448356885, 89.7175369085, 0.0363984116468
0.132866895548, 0.870150557846, 2.38862902162, 0.634716313766, 90.5993637941, 1.75693635139, 0.0586543035913, 2.61309062135, 10.0354560432, 95.2350169332, 0.0288987476071
0.194961132756, 0.820745127222, 2.15839694023, 0.82681118406, 98.7657735489, 3.74016958375, 0.815206475491, 4.52463934992, 17.0035211752, 85.7650979638, 0.0703851044241
0.143875134492, 1.04945334989, 6.8662829792, 0.937855393423, 95.9959360926, 1.25992172471, 0.822260422044, 4.85191093912, 19.7691998675, 371.5305288, 0.00457258607481
0.170435846593, 1.00793641137, 3.29992030328, 0.855179994531, 88.6877179949, 1.45884439061, 0.157956668401, 3.02415489633, 15.0611473826, 254.95491569, 0.00617938516375
0.107993952022, 0.949703331639, 2.26593004526, 0.68885961357, 82.8968869632, 1.13624843849, 0.0365867932484, 0.44906888878, 18.4779326145, 164.613703933, 0.00670267778413
0.124708253332, 0.870150557846, 2.85346461449, 0.764959548954, 85.2497205604, 1.75693635139, 0.359892646837, 2.61309062135, 10.45531603, 146.087170776, 0.00821244836511
0.184164691477, 1.13922964886, 2.3197666642, 0.783364051533, 80.3265149225, 1.45884439061, 0.815206475491, 1.63219195214, 14.649978991, 106.017692971, 0.0218991372289
0.197728148553, 0.849026796235, 2.25883666538, 0.727901907434, 87.3327026986, 1.24001537495, 0.682538261476, 1.05676714426, 15.9762019649, 106.888423772, 0.0153864055837
0.182272297997, 0.820745127222, 2.26016730378, 0.82681118406, 80.3265149225, 3.90017340799, 0.654625474894, 1.63219195214, 17.5817961412, 97.6952868423, 0.0269185305912
0.11756689549, 0.949703331639, 2.01883517028, 0.752573413429, 83.4342528127, 1.59158760235, 0.0365867932484, 3.59894569522, 15.3649957632, 102.51996965, 0.0256702755132
0.114923241203, 0.825245903556, 3.76302894144, 0.714459607915, 93.0064006789, 1.24001537495, 0.682538261476, 4.12982297591, 12.5965248292, 111.411921538, 0.0110900451638
0.107124042468, 0.949703331639, 2.01883517028, 0.875552910135, 83.4342528127, 1.34488817619, 0.0365867932484, 2.91028811072, 13.2658327526, 110.786258525, 0.0143837977175
0.197728148553, 0.849026796235, 2.25883666538, 0.727901907434, 87.3327026986, 1.24001537495, 0.682538261476, 1.05676714426, 12.5965248292, 139.710198906, 0.0101667010729
0.197957512874, 0.849026796235, 2.25883666538, 0.900436281314, 98.7657735489, 1.24001537495, 0.682538261476, 4.62029005824, 12.5965248292, 120.585689802, 0.0105881027588
0.19373959501, 0.904172458981, 2.01744623922, 0.703270952608, 84.38079378, 2.50755555494, 0.109058545991, 0.336139050277, 14.4822997066, 91.4487477007, 0.0570533223477
0.194099259795, 0.820745127222, 2.05827667584, 0.82681118406, 99.5438551733, 3.90017340799, 0.178093518474, 3.00346428909, 14.2330442945, 97.6645097903, 0.0332543504645
0.19373959501, 0.904172458981, 2.01744623922, 0.68885961357, 81.7304304047, 8.95685605733, 0.472470663511, 4.11458036604, 18.4779326145, 86.1299981191, 0.156241011932
0.143875134492, 1.04945334989, 5.41983328565, 0.937855393423, 97.3049196245, 1.35598604222, 1.18567006298, 0.197970743992, 12.748230879, 527.437073231, 0.00468378282384
0.110502622636, 1.231576741, 3.29079450563, 0.912460836658, 90.1151147821, 2.53028517367, 1.2069663386, 4.53179799414, 17.0035211752, 459.56443828, 0.00616379224365
0.107423076042, 1.08108995079, 4.34429944869, 0.601392897116, 95.0478267162, 1.08935124482, 0.962220354523, 1.60137593897, 17.1203394501, 260.225513886, 0.0066858547147
0.18301736582, 0.941357897434, 4.94895444722, 0.747774471527, 90.5993637941, 2.32194970964, 0.24911354204, 1.11966266853, 12.542468513, 240.771261149, 0.00696524839218
0.170435846593, 1.00793641137, 3.29992030328, 0.855179994531, 88.6877179949, 1.45884439061, 0.157956668401, 3.02415489633, 15.0611473826, 176.943069693, 0.00708947844278
0.147817486814, 1.04945334989, 2.26593004526, 0.937855393423, 95.9959360926, 1.25992172471, 0.822260422044, 1.53823118359, 19.7691998675, 154.174205163, 0.00822594494926
0.124708253332, 0.870150557846, 2.85346461449, 0.911292551039, 85.2497205604, 1.00104727894, 0.420897394264, 4.51841248359, 15.9439398665, 148.637771321, 0.00879235999941
0.137935326016, 0.839377389148, 2.64857817783, 0.817050734134, 99.9563362527, 1.61126411103, 0.898137240606, 1.73869728139, 11.7464666067, 107.188219252, 0.0238319368196
0.127288653256, 0.849026796235, 2.25883666538, 0.841000609253, 88.1529296329, 1.24001537495, 0.0448203097636, 3.64150780552, 12.5965248292, 108.625424373, 0.019871706646
0.159922927085, 0.850472871211, 2.2017674781, 0.84713518555, 90.5993637941, 1.86976881665, 0.420897394264, 2.77380257378, 15.3863900908, 108.276497577, 0.0230547998909
0.190745261527, 0.830396136027, 2.05827667584, 0.82681118406, 98.7657735489, 3.90017340799, 0.178093518474, 3.00346428909, 14.2330442945, 102.372315347, 0.0310786706758
0.124708253332, 1.0345418546, 2.18054281343, 0.764959548954, 90.5993637941, 1.75693635139, 0.420897394264, 4.82653924721, 14.3965764949, 105.920965398, 0.0262976417908
0.137935326016, 0.839377389148, 2.64857817783, 0.817050734134, 99.9703158524, 1.61126411103, 0.898137240606, 1.73869728139, 11.7464666067, 111.863359663, 0.0121361876025
0.107993952022, 0.949703331639, 2.01883517028, 0.817050734134, 83.4342528127, 1.84682285118, 0.815206475491, 1.31967307915, 14.2330442945, 132.73652971, 0.0108032164657
0.19373959501, 0.904172458981, 2.01744623922, 0.752573413429, 81.7304304047, 8.95685605733, 0.472470663511, 4.6409760955, 13.7835375012, 86.7252289628, 0.220852469049
0.115176058378, 1.22792509195, 7.98654290877, 0.848652168119, 98.9406521505, 2.28977630595, 0.767171928822, 0.915885945138, 14.0767633681, 902.479895136, 0.00716998182667
0.179379884748, 0.830396136027, 2.05827667584, 0.82681118406, 96.3167166597, 4.36771162007, 0.420897394264, 3.556546184, 14.4963706079, 93.8113844297, 0.11717272333
0.124674816195, 0.889903453482, 7.66870481118, 0.946233600741, 97.5965335667, 1.08323741894, 1.4961656662, 0.915885945138, 14.1475042362, 639.670824172, 0.00742406739968
0.124674816195, 0.889903453482, 7.5990070041, 0.946233600741, 97.5965335667, 1.08323741894, 1.4961656662, 3.27762698278, 14.1475042362, 520.476537173, 0.00747040207568
0.197728148553, 1.13922964886, 2.15839694023, 0.727901907434, 87.3327026986, 3.0655315983, 0.682538261476, 3.79515517357, 12.5965248292, 96.5625304562, 0.0660011683116
0.124708253332, 1.0345418546, 5.00021869343, 0.764959548954, 81.3442282514, 1.64822202828, 0.420897394264, 4.82653924721, 14.3965764949, 292.12549113, 0.00785707963255
