0.126363652188, 0.99303584183, 2.51185174685, 0.580616202944, 9.03339286477, 1.17321834835, 0.371223359436, 1.24378437774, 41.8778905141, 163.111930673, 0.00753044188541
0.892954768937, 0.865782758737, 2.02482582852, 0.6807089701, 35.5951676413, 13.7212326313, 0.533731453408, 4.8416243514, 1.31367115071, 100.627502809, 0.0278345348739
0.892954768937, 0.865782758737, 2.02482582852, 0.6807089701, 35.5951676413, 13.7212326313, 0.533731453408, 4.8416243514, 1.31367115071, 72.9455875383, 0.25787129227
0.126363652188, 0.983930965736, 4.47062443798, 0.567849682192, 84.4217353963, 1.11032518654, 2.6517860993, 2.94658664762, 27.4211528241, 629.194856585, 0.00973825609978
0.126363652188, 0.99303584183, 2.51185174685, 0.580616202944, 9.03339286477, 1.06686001046, 0.371223359436, 0.286786871472, 41.8778905141, 182.209862819, 0.0195467859899
0.126363652188, 0.99303584183, 2.51185174685, 0.580616202944, 33.0336590857, 10.7704712728, 0.371223359436, 1.24378437774, 41.8778905141, 126.097507337, 0.0346114675076
0.277001712214, 1.05395820411, 4.47062443798, 0.626571370361, 84.4217353963, 1.11032518654, 2.6517860993, 2.94658664762, 28.0722196072, 646.212455629, 0.0146077829616
0.126363652188, 1.16403649085, 4.47062443798, 0.567849682192, 84.4217353963, 1.11032518654, 2.6517860993, 1.24378437774, 27.4211528241, 875.096993408, 0.0130844628088
0.229599558913, 0.944641846196, 8.83645968882, 0.658883674997, 36.1610313465, 1.88692933577, 3.21925528378, 3.71892351184, 42.9982133667, 1595.21658514, 0.0186741840671
0.426888480653, 0.870817891658, 2.0102338681, 0.688428025885, 37.9013379371, 49.5873657492, 0.814602148414, 4.78696504603, 21.9570937426, 104.615898878, 0.4526255652
0.326997197987, 0.94880231034, 2.59586785224, 0.417929396582, 60.3692931248, 1.17321834835, 1.15197988128, 2.15906365012, 43.4222435353, 337.572328643, 0.0215125784862
0.18759123191, 0.87303001411, 2.99482124129, 0.491942747426, 50.7569568784, 1.98082413349, 1.15443627133, 2.19421957993, 22.4062099798, 244.164727733, 0.0276074760634
0.18759123191, 0.87303001411, 3.37866198595, 0.491942747426, 50.7569568784, 18.4509551556, 0.533731453408, 2.19421957993, 22.4062099798, 143.424824994, 0.101171314313
0.892954768937, 0.822662109931, 2.02482582852, 0.580616202944, 35.5951676413, 13.7212326313, 1.15443627133, 4.8416243514, 1.31367115071, 129.102941972, 0.415087506985
0.224142901665, 0.856772130518, 3.07522168679, 0.579420224816, 73.7409339418, 27.8680082881, 0.621828433059, 3.55213540943, 7.72461416225, 135.521260724, 0.287523990115
0.563628317472, 0.99303584183, 2.51185174685, 0.580616202944, 33.0336590857, 10.7704712728, 0.371223359436, 3.49077083542, 41.8778905141, 146.751409401, 0.231944613599
0.224142901665, 0.856772130518, 3.07522168679, 0.579420224816, 73.7409339418, 27.8680082881, 0.621828433059, 3.55213540943, 5.10137565413, 153.115843492, 0.15406892536
0.18759123191, 0.87303001411, 3.37866198595, 0.491942747426, 50.7569568784, 18.4509551556, 0.533731453408, 2.19421957993, 22.4062099798, 160.987048463, 0.219856563914
0.326997197987, 0.94880231034, 2.59586785224, 0.417929396582, 60.3692931248, 1.17321834835, 1.30474155274, 2.27396294049, 43.4222435353, 320.789243356, 0.0336270331844
0.733901393436, 1.10775938605, 3.07522168679, 0.579420224816, 73.7409339418, 27.8680082881, 0.621828433059, 3.55213540943, 7.72461416225, 146.549316908, 0.366429956637
0.892954768937, 0.865782758737, 2.02482582852, 0.6807089701, 35.5951676413, 13.7212326313, 1.15443627133, 4.8416243514, 1.31367115071, 145.463238423, 0.383966699564
0.326997197987, 0.94880231034, 2.59586785224, 0.417929396582, 46.8618883776, 1.17321834835, 0.163025956565, 2.0009184195, 43.4222435353, 192.869528744, 0.0409578142584
0.733901393436, 1.10775938605, 3.07522168679, 0.579420224816, 73.7409339418, 27.8680082881, 0.621828433059, 3.55213540943, 5.10137565413, 145.079214559, 0.429052194518
0.643735384539, 0.944641846196, 4.78387619698, 0.554157950163, 94.8508230383, 1.88692933577, 0.621828433059, 3.71892351184, 42.9982133667, 261.415093015, 0.0408826166166
0.126363652188, 0.99303584183, 2.51185174685, 0.580616202944, 33.0336590857, 10.7704712728, 0.371223359436, 3.49077083542, 41.8778905141, 190.078015986, 0.118674378541
0.326997197987, 0.87303001411, 2.59586785224, 0.417929396582, 60.3692931248, 1.17321834835, 1.30474155274, 2.27396294049, 43.4222435353, 225.781942866, 0.0418939896414
0.437117881544, 0.902791795652, 3.38566796639, 0.693173057795, 47.6684107373, 16.5215985545, 0.73979922176, 2.81698878765, 11.903488907, 147.011921783, 0.412985489258
0.35725764809, 0.879695113508, 3.4412997776, 0.418652332885, 8.14012611369, 10.8142276536, 0.3877416884, 2.23817545545, 7.72461416225, 168.721384685, 0.220431326824
0.326997197987, 0.94880231034, 2.59586785224, 0.417929396582, 60.3692931248, 1.17321834835, 0.163025956565, 2.0009184195, 43.4222435353, 244.95931205, 0.0414251888772
0.35725764809, 1.12936576686, 3.20861437047, 0.616204499371, 52.5407857522, 35.4916175892, 0.153178653128, 2.81433991524, 7.72461416225, 157.932876329, 0.386888713244
0.419548690283, 0.957257366686, 3.01209590839, 0.672683149005, 62.9432965926, 1.21308756529, 1.3248041166, 4.85665278738, 5.07360187323, 230.316951123, 0.0847277035961
0.229599558913, 0.865990155833, 6.26332796962, 0.653247176791, 27.895122149, 11.8789178411, 0.0568266504499, 2.43098876695, 6.57184117232, 216.367891503, 0.111354707443
0.563628317472, 1.05395820411, 4.47062443798, 0.567849682192, 84.4217353963, 1.11032518654, 2.6517860993, 2.94658664762, 28.0722196072, 660.087678516, 0.0405844379221
0.229599558913, 0.944641846196, 8.83645968882, 0.658883674997, 36.1610313465, 1.88692933577, 2.09932465867, 3.71892351184, 42.9982133667, 1132.40651551, 0.0356818766829
0.277001712214, 1.05395820411, 4.47062443798, 0.626571370361, 84.4217353963, 1.11032518654, 2.6517860993, 2.94658664762, 28.0722196072, 744.993074027, 0.0408740149378
0.126363652188, 0.99303584183, 2.51185174685, 0.473031236788, 33.0336590857, 10.7704712728, 0.36303332291, 3.49077083542, 41.8778905141, 209.33428558, 0.128542683752
0.437117881544, 1.19463049013, 2.75232456946, 0.502867970104, 88.9567092764, 24.7491219109, 0.394669994612, 4.32665368865, 14.0841899833, 158.270257935, 0.438512984175
0.35725764809, 1.12936576686, 2.38634288835, 0.616204499371, 52.5407857522, 49.5740430957, 0.153178653128, 0.0345722972553, 5.10137565413, 166.258110071, 0.347920347408
0.805506700892, 0.832294275958, 2.38634288835, 0.486108537238, 43.9580940956, 16.7986133491, 1.15443627133, 0.0339678563229, 9.84362176441, 159.483751102, 0.559139610628
0.733901393436, 1.10775938605, 3.07522168679, 0.579420224816, 73.7409339418, 27.8680082881, 0.621828433059, 3.55213540943, 5.10137565413, 181.349018198, 0.3822933699
0.437117881544, 0.902791795652, 3.38566796639, 0.517049875946, 47.6684107373, 16.5215985545, 0.73979922176, 2.81698878765, 11.903488907, 166.984970049, 0.412494076664
0.154743955879, 0.836792316606, 3.83019292002, 0.679668180523, 41.0749120752, 10.4547387768, 1.55980651051, 1.06174463767, 3.11349828378, 215.708838879, 0.172831056001
0.419548690283, 1.13269327093, 3.01209590839, 0.670869663737, 62.9432965926, 1.47781197792, 1.3248041166, 4.85665278738, 5.07360187323, 262.978032559, 0.0558279612581
0.326997197987, 0.94880231034, 2.59586785224, 0.417929396582, 60.3692931248, 1.17321834835, 1.30474155274, 2.15906365012, 43.4222435353, 286.22828565, 0.0430903850527
0.131341621229, 0.884879771364, 7.35856741325, 0.695379681978, 11.6526082019, 10.4547387768, 1.91896725853, 4.05852440149, 3.11349828378, 424.25193188, 0.0416606504553
0.892954768937, 0.865782758737, 2.38634288835, 0.455443075052, 43.9580940956, 16.7986133491, 1.15443627133, 0.0339678563229, 9.84362176441, 163.699587329, 0.486020200624
0.419548690283, 1.13269327093, 3.01209590839, 0.670869663737, 62.9432965926, 1.47781197792, 1.6976007156, 4.85665278738, 5.07360187323, 304.083983749, 0.0536901186865
0.554015805831, 0.828546929313, 7.96380062708, 0.486108537238, 54.1081390002, 41.6537394559, 0.694933355203, 3.0162157285, 9.14300744527, 165.336324707, 0.689011861791
0.563628317472, 1.15748442154, 2.51185174685, 0.6807089701, 33.7743685633, 10.7704712728, 0.371223359436, 3.49077083542, 41.8778905141, 203.148724618, 0.235941881694
0.681166683823, 1.18936768403, 3.8701129312, 0.598468082366, 90.6730971432, 10.8142276536, 0.798259993491, 0.0932621737789, 10.4034171122, 192.860420365, 0.30054405906
0.29136599477, 0.862102621336, 4.44547837608, 0.540276025295, 1.05614304699, 39.586807544, 0.298177485031, 0.194957409597, 33.5184700794, 220.548432245, 0.201519064611
0.892954768937, 0.865782758737, 2.38634288835, 0.455443075052, 43.9580940956, 16.7986133491, 1.15443627133, 0.0339678563229, 9.84362176441, 167.045772359, 0.522777768356
0.841334083496, 0.84991560454, 3.58369610754, 0.419594287551, 30.2456124579, 16.4757480833, 1.76038325193, 0.194957409597, 1.19100796039, 183.498947873, 0.397797348149
0.733901393436, 1.10775938605, 3.07522168679, 0.579420224816, 73.7409339418, 27.8680082881, 0.621828433059, 3.55213540943, 5.10137565413, 180.297719542, 0.460855768208
0.426888480653, 0.870817891658, 2.0102338681, 0.688428025885, 37.9013379371, 49.5873657492, 0.814602148414, 4.78696504603, 21.9570937426, 174.387354721, 0.492807895479
0.18759123191, 0.87303001411, 3.03117869824, 0.491942747426, 50.7569568784, 18.4509551556, 0.533731453408, 2.19421957993, 22.4062099798, 205.784290595, 0.284961535711
0.12934048848, 0.928614966994, 3.83019292002, 0.670869663737, 11.6526082019, 2.8706694261, 3.4622734884, 4.97217241108, 5.07360187323, 445.48974739, 0.0448394705534
0.643735384539, 0.98048512089, 4.78387619698, 0.554157950163, 94.8508230383, 1.66566522273, 2.09932465867, 0.0339678563229, 9.84362176441, 550.746731892, 0.049365658089
0.29136599477, 1.01784120227, 4.44547837608, 0.540276025295, 1.05614304699, 1.66566522273, 0.298177485031, 0.194957409597, 33.5184700794, 335.612236508, 0.0728177571297
0.29136599477, 0.862102621336, 4.44547837608, 0.540276025295, 25.7312972495, 39.586807544, 0.298177485031, 0.194957409597, 33.5184700794, 191.184039307, 0.40798932344
0.29136599477, 0.862102621336, 4.44547837608, 0.540276025295, 25.7312972495, 39.586807544, 0.298177485031, 1.73128940677, 33.5184700794, 206.958299976, 0.289208372349
0.419548690283, 0.957257366686, 3.85915435511, 0.672683149005, 60.3692931248, 1.21308756529, 1.3248041166, 4.93202615016, 5.07360187323, 364.583910012, 0.0696243166264
0.154743955879, 0.836792316606, 7.35856741325, 0.679668180523, 41.0749120752, 10.4547387768, 1.55980651051, 4.05852440149, 3.11349828378, 366.204352813, 0.0657239363606
0.154743955879, 0.836792316606, 3.83019292002, 0.679668180523, 41.0749120752, 10.4547387768, 1.55980651051, 1.06174463767, 3.11349828378, 290.184751063, 0.102568196943
0.154743955879, 0.836792316606, 7.35856741325, 0.679668180523, 41.0749120752, 10.4547387768, 1.55980651051, 4.05852440149, 3.11349828378, 410.793656862, 0.0691662635711
0.856889644822, 1.17922789349, 4.01935483272, 0.638473059549, 34.8413363665, 39.5308338168, 0.976031906611, 1.77599466049, 35.6883220443, 544.546370825, 0.0654047843708
0.256289061824, 0.923110808509, 4.60005279675, 0.498393099782, 31.8075537963, 33.5436707784, 0.942566688698, 2.57951991316, 17.1787492618, 208.220052603, 0.337028196199
0.643735384539, 0.944641846196, 4.78387619698, 0.554157950163, 94.8508230383, 1.88692933577, 2.09932465867, 3.71892351184, 42.9982133667, 761.95612404, 0.0554311736245
0.358733362294, 0.834741642351, 3.83019292002, 0.695379681978, 11.6526082019, 2.46545312513, 3.4622734884, 4.97217241108, 27.1489907805, 577.199666165, 0.0646865140532
0.12934048848, 1.13269327093, 3.01209590839, 0.670869663737, 62.9432965926, 12.6089353969, 1.3248041166, 4.85665278738, 5.07360187323, 278.403186657, 0.121253057748
0.131341621229, 0.836792316606, 7.35856741325, 0.679668180523, 69.7709452388, 10.4547387768, 1.91896725853, 4.05852440149, 3.11349828378, 404.636963237, 0.0761364316193
0.29136599477, 0.862102621336, 4.44547837608, 0.540276025295, 25.7312972495, 39.586807544, 0.298177485031, 0.194269169208, 1.13005423665, 246.608323145, 0.185704603597
0.358733362294, 0.830474889013, 7.35856741325, 0.443071236547, 6.18438436863, 2.46545312513, 3.4622734884, 4.97217241108, 19.2158891388, 865.996563297, 0.0631583464465
0.154743955879, 0.836792316606, 7.35856741325, 0.553429795911, 72.8868974224, 26.0396272127, 0.895349710572, 4.05852440149, 1.02757471965, 274.234205898, 0.138720333616
0.229599558913, 1.14139670918, 8.83645968882, 0.437524134005, 62.1374827907, 7.33289266154, 0.7973788489, 2.9048776494, 37.0798712679, 399.537240796, 0.08668814825
0.841334083496, 0.84991560454, 3.58369610754, 0.419594287551, 30.2456124579, 16.4757480833, 1.76038325193, 1.73128940677, 1.19100796039, 237.957580123, 0.234561820315
0.358733362294, 0.928614966994, 3.83019292002, 0.695379681978, 54.6972867621, 2.8706694261, 3.4622734884, 4.97217241108, 27.1489907805, 642.035166147, 0.0694937621021
0.256289061824, 0.923110808509, 4.60005279675, 0.498393099782, 31.8075537963, 33.5436707784, 0.942566688698, 2.57951991316, 17.1787492618, 216.964201794, 0.293799703877
0.586654728439, 1.05395820411, 4.47062443798, 0.626571370361, 84.4217353963, 1.11032518654, 2.6517860993, 2.94658664762, 28.0722196072, 519.582590084, 0.0764894436858
0.358733362294, 0.928614966994, 3.83019292002, 0.695379681978, 11.6526082019, 2.8706694261, 3.4622734884, 4.97217241108, 27.1489907805, 560.326965117, 0.0732742376832
0.540196084009, 1.15081035623, 2.02482582852, 0.6807089701, 35.5951676413, 13.7212326313, 2.47345227939, 4.8416243514, 1.31367115071, 262.549415994, 0.216628376769
0.154743955879, 0.836792316606, 7.35856741325, 0.679668180523, 41.0749120752, 10.4547387768, 1.82367938406, 4.05852440149, 3.11349828378, 394.88601123, 0.107834449702
0.222749694748, 0.839184444469, 9.17693028992, 0.553429795911, 72.8868974224, 26.0396272127, 1.28114599761, 0.372712103739, 1.02757471965, 379.710764067, 0.108870036105
0.563628317472, 1.05395820411, 4.47062443798, 0.448413163739, 70.5333420424, 1.11032518654, 2.6517860993, 2.94658664762, 28.0722196072, 708.385616354, 0.0784039712663
0.330882274457, 0.946301012886, 2.96831023814, 0.443071236547, 44.4858657596, 5.67364104855, 3.95570479077, 3.92376475301, 10.2909025919, 378.272913156, 0.11827814306
0.358733362294, 0.834741642351, 3.83019292002, 0.679668180523, 69.7709452388, 2.46545312513, 3.4622734884, 4.97217241108, 27.1489907805, 567.183244168, 0.097625125901
0.35725764809, 1.12936576686, 3.20861437047, 0.616204499371, 52.5407857522, 35.4916175892, 0.153178653128, 0.0345722972553, 5.10137565413, 227.537023698, 0.334957478912
0.222749694748, 0.839184444469, 9.17693028992, 0.679668180523, 41.0749120752, 10.4547387768, 1.28114599761, 0.372712103739, 3.11349828378, 646.582657232, 0.0852994640735
0.29136599477, 0.862102621336, 4.44547837608, 0.540276025295, 25.7312972495, 39.586807544, 0.298177485031, 0.194957409597, 33.5184700794, 237.96598952, 0.331056172352
0.330882274457, 0.946301012886, 2.96831023814, 0.695379681978, 38.9785827699, 5.67364104855, 3.95570479077, 3.92376475301, 10.2909025919, 417.308123295, 0.117159794234
0.437117881544, 1.15967268539, 3.38566796639, 0.517049875946, 88.9567092764, 42.5170930787, 0.73979922176, 2.81698878765, 11.903488907, 224.283330417, 0.411580873428
0.35725764809, 1.12936576686, 3.4412997776, 0.573808472374, 8.14012611369, 10.8142276536, 0.153178653128, 2.23817545545, 7.72461416225, 261.199790185, 0.269065862033
0.18759123191, 0.94880231034, 5.1114730971, 0.491942747426, 50.7569568784, 18.4509551556, 0.533731453408, 1.33513871762, 22.4062099798, 314.973673544, 0.18370604624
0.437117881544, 1.15967268539, 3.38566796639, 0.517049875946, 88.9567092764, 42.5170930787, 0.73979922176, 2.81698878765, 11.903488907, 239.207126167, 0.33596483384
0.56196127676, 0.873317003817, 2.99784861935, 0.596352110329, 69.166284544, 10.6854132665, 1.11226895025, 3.73324027771, 39.8028353113, 307.98824896, 0.186753700905
0.548447144754, 1.05242553887, 5.95702602697, 0.689839357494, 4.13520975594, 3.70512305122, 1.29753022174, 1.18329706247, 29.6749724447, 537.342629063, 0.116461901517
0.35725764809, 1.12936576686, 3.4412997776, 0.616204499371, 8.14012611369, 47.3235946086, 0.153178653128, 2.81433991524, 7.72461416225, 218.378862831, 0.474183021568
0.681166683823, 1.18936768403, 3.8701129312, 0.598468082366, 90.6730971432, 10.8142276536, 0.798259993491, 0.0932621737789, 10.4034171122, 339.445660987, 0.163455922956
0.326997197987, 0.94880231034, 2.59586785224, 0.417929396582, 60.3692931248, 10.7704712728, 1.30474155274, 2.27396294049, 43.4222435353, 271.242900049, 0.236133082637
0.546422849541, 1.14139670918, 2.95779467579, 0.437524134005, 4.32546133668, 7.33289266154, 0.7973788489, 0.761077348613, 37.0798712679, 266.416298462, 0.255472043616
