5.75688951426, 1.38425246816, 1.05593156217, 1.00271488243, 5.70355925616, 0.822974476696, 1.06024018462, 0.982924537963, 0.967017860975, 5.1018490525, 7.05044775679, 0.821157462971, 3.5164410492, 1.18806765738, 1.0900000349, 1.09538559582, 1.01910663508, 0.826016235901, 8.50848242864, 0.999732341058, 0.811965487955, 82.4301647413, 0.951902029915, 1.39328188747, 1.18972933997, 1.3876165921, 1.03639007702, 10.268675747, 17.1313330202
2.48980877548, 1.0246383383, 0.918518374375, 1.03640004908, 6.90408302146, 0.912010142133, 1.50336148592, 0.938508683042, 0.945019936445, 1.680544922, 7.61958823359, 1.06289820307, 3.26745544389, 0.897372323395, 1.09000077382, 1.05090971557, 1.03474891976, 1.01210482571, 7.78711713504, 1.10007069795, 0.85679113904, 126.662139631, 0.956758446774, 1.91792737877, 1.11576570663, 4.15709543405, 1.13708010497, 9.95096857548, 210.555565567
5.83046184867, 1.12332420992, 1.09104710175, 1.09636868196, 6.62906051539, 0.874182642302, 3.16493365715, 0.895974091412, 0.938957856883, 2.45302050281, 3.03533283978, 0.853419970696, 4.34763801798, 0.891987737521, 1.09000046625, 1.02759329706, 1.04199000782, 1.17795408583, 9.55098877943, 1.12920508138, 0.830765347872, 235.204234506, 1.04378228854, 2.30325921873, 1.03010049523, 4.00653108265, 1.20729545031, 8.61527790566, 287.442696667
1.3134678465, 1.11655168365, 1.07500920726, 0.95287769494, 4.86161529682, 0.762565707472, 4.51767279323, 0.982872700455, 0.935641536263, 3.26039813886, 3.40973251839, 1.02316015661, 1.35954977147, 1.27129774256, 1.09000020262, 1.05259275544, 1.01283670823, 1.14837659751, 4.16741591216, 1.14733584156, 0.801660859965, 22.2695436086, 1.06783023289, 5.57593369669, 1.14081051199, 4.30086059041, 1.07134633041, 11.7860647315, 84.0657378847
2.32893386246, 1.34510666816, 1.06920559391, 0.922187314085, 5.68391961969, 0.932294620987, 4.03379227603, 1.05812839786, 0.966436839734, 4.69754199754, 6.75154479183, 1.0678851737, 1.31032128506, 1.14678209582, 1.09000095429, 1.03043440779, 1.0340100067, 1.03395448749, 4.83202657958, 1.18672232656, 0.961741050007, 253.686042366, 1.12773381348, 4.30194968375, 1.10616627284, 4.29080581498, 1.09640629693, 21.2292718552, 73.1245177402
2.385013254, 1.17121661141, 0.809077327605, 1.04838093902, 5.02952129527, 0.817312524845, 4.19800906049, 0.971982257842, 0.927549189404, 2.52001248377, 2.96978016947, 1.00326380271, 3.16699426705, 1.24345796938, 1.09000048354, 1.08625375698, 1.01997393537, 0.866440924327, 5.94100759872, 1.09474998007, 0.777211620693, 379.4235892, 1.06719941314, 5.84039038656, 1.08705605253, 3.57957355914, 1.19695161344, 11.0842336281, 572.592187039
5.32101524, 1.26977889282, 1.0253485512, 1.16249278436, 5.24329735844, 0.984269112409, 1.97385280191, 1.05930254161, 0.915574936297, 3.41589657545, 5.07042044131, 0.905407997704, 2.73194260904, 0.960749460238, 1.09000045326, 1.03293827356, 1.02662958134, 0.970349641354, 4.96360356704, 0.984813396596, 0.869246536369, 378.272977057, 1.10694810918, 5.45276957307, 0.974674913436, 2.67816945136, 1.1524933109, 12.6825866724, 258.429268375
3.47173912508, 1.33315017234, 1.12563366511, 1.04234133063, 3.35032791796, 0.969192045111, 1.70541160936, 1.03375511425, 0.960529941801, 5.25210207635, 3.58161931145, 0.82471986511, 4.8352122796, 0.893536200529, 1.09000035964, 1.03109193775, 1.00014195887, 0.960534473971, 6.52237288756, 1.15750195973, 0.872886639146, 146.354348794, 1.05932346397, 2.44331720813, 1.13147787115, 3.92257172546, 1.03756401492, 28.8634043789, 221.454525884
2.2808041265, 1.12504013364, 0.861317386782, 0.841180238729, 3.13155881679, 0.786303960067, 1.01663752697, 0.960090751814, 0.931960177272, 2.47178224311, 3.02062188812, 0.93317452859, 1.55628640142, 1.27761228239, 1.09000058251, 1.10875211594, 1.04942099158, 0.829721790865, 8.27411156762, 0.911736910824, 0.844015304596, 85.8291185109, 1.04306054767, 4.33108024891, 1.00969625336, 3.54329225092, 1.21682222689, 12.9719678734, 1824.93187281
5.32101524, 1.26977889282, 1.0253485512, 1.120682404, 5.24329735844, 0.984269112409, 1.97385280191, 1.05930254161, 0.915574936297, 3.41589657545, 2.73429235952, 0.905407997704, 2.73194260904, 0.960749460238, 1.09000037148, 1.03293827356, 1.02662958134, 0.970349641354, 4.96360356704, 0.984813396596, 0.869246536369, 378.272977057, 1.10694810918, 5.45276957307, 0.974674913436, 2.67816945136, 1.1524933109, 13.0065566254, 281.787485433
5.68214788985, 1.42366569237, 0.931715003417, 1.00793383067, 5.02543531348, 0.840753890627, 1.46395908959, 1.09625903656, 0.937374852506, 6.05872569877, 4.5100397945, 1.00189173231, 2.38947812646, 1.26900375443, 1.0900004584, 1.10639451471, 1.01196976038, 0.820415448077, 8.94913670082, 1.18791815793, 0.983917640102, 156.028384694, 0.912211554891, 4.47480298692, 1.13316883254, 2.31055329451, 1.26847359282, 13.9701117575, 640.004042694
1.49910536297, 1.32709099912, 1.15423182059, 0.825178320393, 4.62610894095, 0.875274330113, 1.26932881479, 1.0551938448, 0.904301983013, 4.93791727932, 5.4632084784, 0.902039198404, 2.96734524058, 1.00212997291, 1.09000012108, 1.04337295482, 1.00983364536, 1.18279486084, 3.48782823553, 1.05959235407, 0.845347736469, 256.474199692, 1.06075518713, 2.11746867315, 1.20615474308, 3.58058249474, 1.13809394905, 14.8905540989, 304.378282646
5.6381806641, 1.36820272613, 0.94390312426, 0.953184208439, 3.76791372188, 0.771585447458, 3.85263113442, 1.08039543663, 0.927512605775, 2.46031397223, 6.7537408152, 0.838092496683, 4.00510968108, 1.0739232086, 1.09000035839, 1.04948640135, 1.04693461021, 1.0016923169, 8.85764098645, 0.920430807396, 0.87840563174, 382.037299843, 1.13107355546, 5.01389324983, 0.975674826112, 3.34317134679, 1.13889725341, 14.0790377519, 2033.89807818
3.44357457757, 1.28446188336, 0.754933874121, 0.832996149439, 2.75317818034, 0.918812487369, 5.12471580281, 1.03469254904, 0.969570782194, 5.35006861737, 5.28009262239, 0.935717297994, 1.98510509132, 1.17915346558, 1.09000001123, 1.05818596469, 1.04029153075, 1.17566070039, 7.46753776022, 0.911605424067, 0.869003877582, 380.730624257, 0.989249148544, 3.08205637541, 1.16578647803, 3.95181681908, 0.992166741179, 14.1732655499, 1152.47323939
2.35281206747, 1.24738043516, 0.872647866912, 0.956528845762, 1.6295811244, 0.924893999589, 4.27023501819, 1.02803329369, 0.925441667754, 2.61840427532, 6.22495129222, 0.989101082818, 2.78150954643, 0.851598180476, 1.09000064868, 1.0161340236, 1.00219391887, 1.1439542635, 9.03597330808, 1.04790763473, 0.968963583278, 24.0503604578, 0.975892477669, 2.48263671645, 1.05395492477, 3.89756584483, 1.05149983101, 14.7826875517, 1030.90351481
5.65733191057, 1.36360875604, 1.1089622317, 0.912473553242, 6.55706840517, 0.940040551039, 1.97127514529, 0.836789525188, 0.959581683857, 1.42529255477, 6.77493650265, 0.931116038953, 1.65549683993, 0.919465486045, 1.09000053326, 1.09835595832, 1.04107604341, 1.20430947811, 7.63568825681, 1.13898901805, 0.986030847735, 181.368377665, 1.0196828937, 1.73396277255, 1.05170569577, 3.80460106172, 0.976374068809, 17.4170924398, 304.979173459
2.31928588351, 1.42659247857, 0.969917156422, 1.19529676645, 4.18317098231, 0.759164338787, 1.18489513894, 1.07858092635, 0.920812431555, 5.03559567304, 2.1542905476, 1.01063927022, 4.80703389378, 1.03034755055, 1.09000043683, 1.0378908111, 1.0196987783, 1.05011173049, 6.84536511064, 0.921322076967, 0.982629406982, 234.659115469, 1.08942861458, 1.6100411609, 1.07006068925, 1.87306441603, 1.12123563625, 14.2258894038, 1579.52880096
4.40320361398, 1.42978838499, 0.956910500699, 0.835009333739, 3.17917079601, 0.817370263624, 1.17681688196, 0.936732738212, 0.910325814677, 2.72205056865, 7.30552749798, 1.07021864985, 4.31075095, 0.930973045198, 1.09000010955, 1.01419408153, 1.04627132354, 1.05333719604, 7.08255005788, 0.935673821056, 0.800681254154, 186.461664929, 1.15094871891, 4.0198226335, 1.02826203135, 2.75196299552, 1.20401568269, 14.7642889036, 1201.49749896
5.75296735755, 1.29217002241, 0.880264137525, 1.05359189324, 1.54155058583, 0.722894555119, 5.77150287832, 0.828202124616, 0.939316492492, 3.48354754774, 7.78211817361, 0.978162730987, 2.57648241115, 1.26155561966, 1.09000062387, 1.00258969124, 1.01224701613, 0.933716080388, 3.48782823553, 0.980597703208, 0.82565702347, 305.354814489, 0.978056363298, 1.60932508148, 1.06727153618, 1.2245669857, 1.16008581205, 16.8179156135, 1199.55264302
1.03895525939, 1.08941220913, 1.054436985, 1.09495048568, 1.72656558194, 0.711839156784, 3.57911397385, 1.05889089786, 0.939883235868, 4.61264207094, 2.73829222725, 0.946318502013, 2.47236940752, 0.916073091857, 1.09000061558, 1.01120105671, 1.00823798437, 1.18528519571, 9.62010267688, 1.12053308213, 0.942789467082, 139.494108707, 1.11121033415, 5.93463674733, 1.08278796763, 1.28197488881, 1.28208938477, 17.9024951079, 996.858130977
4.63464901283, 1.24422871381, 1.16926747114, 0.928299492938, 2.44369437169, 0.92595291675, 3.85083340576, 0.898913228321, 0.947049928035, 3.69973704085, 3.97513981007, 0.974065138298, 4.43837857096, 1.06817188187, 1.09000070963, 1.07483425507, 1.02453115934, 0.890655051004, 3.30790490449, 0.999061844756, 0.892434364389, 305.883546364, 0.998794556546, 2.89664622917, 1.05666365172, 3.90177241862, 1.04614521718, 17.9259445999, 667.514927959
2.52473998884, 1.30336655561, 1.06920559391, 0.922187314085, 5.68391961969, 0.803725363291, 4.03379227603, 1.05812839786, 0.966436839734, 4.69754199754, 4.30384559288, 1.0678851737, 1.31032128506, 1.14678209582, 1.09000095429, 1.03043440779, 1.0340100067, 0.904878042889, 4.83357832171, 1.07380131423, 0.961741050007, 253.686042366, 1.12773381348, 4.30194968375, 1.06183061326, 4.29080581498, 1.09640629693, 19.9571944699, 380.343771256
5.75296735755, 1.29217002241, 0.880264137525, 1.05359189324, 1.54155058583, 0.722894555119, 5.77150287832, 0.828202124616, 0.939316492492, 3.48354754774, 7.78211817361, 0.966520807013, 2.57648241115, 1.26155561966, 1.0900004907, 1.00258969124, 1.01224701613, 0.933716080388, 9.64341118322, 0.980597703208, 0.888689172308, 305.354814489, 1.05658758879, 1.60932508148, 1.06727153618, 1.2245669857, 1.16008581205, 14.9150788994, 1378.94285774
4.99882333848, 1.07017626443, 1.03264969288, 0.908778743155, 5.50338163462, 0.918661638077, 2.40390896369, 0.924332905614, 0.988889380831, 3.54273609784, 7.76909384233, 1.08413822461, 3.06586136244, 0.955867178259, 1.09000010531, 1.05862406396, 1.03031135417, 1.05192996604, 9.55852522793, 1.04213823673, 0.859255218644, 343.960266424, 1.19149643015, 4.03627693497, 1.13952840921, 3.4769868057, 1.23762775799, 19.1501122441, 1141.01032577
5.62052123446, 1.33912102819, 1.02713477871, 1.04255229981, 4.16134458307, 0.788816355615, 4.6114946093, 0.889931315468, 0.967576157916, 5.33768162968, 7.58088421388, 0.954338412578, 2.46233544458, 1.13621504269, 1.09000071441, 1.10283659553, 1.01919921766, 0.929578187682, 4.52113771678, 1.04349991138, 0.764019205325, 237.841216932, 1.16023558404, 5.70116668579, 1.20377948463, 1.05883970767, 1.022334862, 19.8027464325, 1027.97478243
1.03895525939, 1.08941220913, 1.054436985, 1.18740668132, 1.72656558194, 0.711839156784, 3.57911397385, 1.05889089786, 0.939883235868, 4.61264207094, 2.73829222725, 0.905166331962, 2.45255071662, 0.880654819406, 1.09000061558, 1.0432172772, 1.00823798437, 1.18528519571, 9.62010267688, 1.12053308213, 0.942789467082, 139.494108707, 1.11121033415, 5.93463674733, 1.08278796763, 1.28197488881, 1.28208938477, 18.1701156753, 1295.43844508
5.96300122986, 1.16106840505, 0.850193540437, 1.01664141543, 6.16062904509, 0.745637591764, 3.65997730189, 1.05489045952, 0.978729941495, 3.92671151064, 2.5970170651, 0.863446851068, 4.31347296364, 1.02528661088, 1.09000096822, 1.02713620275, 1.04887662518, 1.06235837722, 7.05799011698, 1.00779733871, 0.905835609082, 345.175451061, 0.953372043095, 4.51198897461, 1.06244236158, 1.28369794668, 0.988083588923, 20.80145625, 954.949891325
1.49910536297, 1.15298720261, 1.13569821663, 0.825178320393, 4.62610894095, 0.875274330113, 1.26932881479, 0.850628277106, 0.904301983013, 4.15347786153, 5.4632084784, 0.902039198404, 2.96734524058, 0.987681003426, 1.0900008589, 1.08727597947, 1.03340125462, 1.18279486084, 9.64341118322, 1.05959235407, 0.845347736469, 205.865632296, 1.06075518713, 2.11746867315, 1.23878250068, 1.91977875346, 1.13809394905, 21.993534119, 568.245775038
3.16190803094, 1.29206036683, 1.08111464278, 1.04292740347, 4.4400514882, 0.956704253622, 4.05526475742, 1.05632225301, 0.969871169889, 1.28825971135, 7.06290431621, 0.837503218817, 4.79295236069, 1.25498827805, 1.09000023916, 1.00338161375, 1.00644555994, 0.832206165362, 9.92438830087, 1.18165388474, 0.789559187193, 295.383265755, 0.972203339334, 2.98394099177, 1.10860916435, 4.66287909672, 1.26172265318, 17.1263701342, 1394.73174675
2.52473998884, 1.34510666816, 1.06920559391, 0.922187314085, 5.68391961969, 0.803725363291, 4.03379227603, 1.05812839786, 0.966436839734, 4.69754199754, 6.75154479183, 1.0678851737, 1.31032128506, 1.14678209582, 1.09000095429, 1.03043440779, 1.0340100067, 1.03395448749, 4.83357832171, 1.18672232656, 0.961741050007, 253.686042366, 1.12773381348, 4.30194968375, 1.06183061326, 4.29080581498, 1.09640629693, 17.0439530784, 3337.83610912
5.32101524, 1.3698335516, 1.0253485512, 1.16249278436, 5.24329735844, 0.987833950944, 1.97385280191, 1.03359774367, 0.915574936297, 3.41589657545, 5.07042044131, 0.905407997704, 2.73194260904, 0.960749460238, 1.0900008448, 1.03293827356, 1.02662958134, 0.970349641354, 4.96360356704, 0.984813396596, 0.869246536369, 227.253122757, 1.10694810918, 5.45276957307, 0.959549637613, 3.232088625, 1.1524933109, 21.9567183748, 1108.47055523
3.06665152312, 1.14001626246, 1.16253184502, 1.0151647446, 6.77039842603, 0.756675462747, 4.88774967265, 0.919765817434, 0.932433594478, 5.63782316172, 4.05023356878, 0.844578860278, 4.77569046603, 0.95910434698, 1.09000035777, 1.02424542543, 1.00935461262, 1.1125842011, 9.1096373206, 0.975723254373, 0.763383680296, 138.350117178, 0.975685431689, 2.97943356649, 1.08202543458, 2.75329784017, 1.28765130279, 29.2736036801, 987.177191794
4.46796632382, 1.12580095189, 0.961649492081, 1.10928083002, 6.67072902478, 0.913956528939, 5.77868373417, 0.914379881619, 0.944859614999, 5.5077844114, 3.00458304801, 1.00378713829, 2.65131493723, 1.03147479, 1.09000063735, 1.10827056752, 1.00283932408, 1.22082440262, 9.95968386696, 0.920198208975, 0.984929531964, 183.099141798, 0.984405799237, 1.76047518168, 0.996060015595, 1.19689010725, 0.984351067464, 17.7948380525, 1396.49380008
2.385013254, 1.17121661141, 0.809077327605, 1.04838093902, 5.02952129527, 0.817312524845, 4.19800906049, 0.971982257842, 0.927549189404, 2.52001248377, 2.96978016947, 1.00326380271, 3.16699426705, 1.24345796938, 1.09000048354, 1.08625375698, 1.01997393537, 0.866440924327, 5.94100759872, 1.09474998007, 0.777211620693, 379.4235892, 1.06719941314, 5.84039038656, 1.08705605253, 3.57957355914, 1.19695161344, 17.1577071431, 5195.86710411
3.93242914986, 1.09745549824, 1.12421288456, 0.814346830282, 3.21279369507, 0.916338467004, 3.36461830637, 0.841709589106, 0.984936941011, 4.81166089633, 3.08847494965, 1.04129739641, 3.39147878937, 0.938877635959, 1.09000072468, 1.04701481662, 1.00793263105, 1.06563430126, 6.94182328692, 1.05832788041, 0.859810896444, 147.431157948, 1.06777340164, 3.6801196468, 0.997124977083, 3.04961721171, 0.936967419395, 25.530129509, 1244.35577371
2.48980877548, 1.0246383383, 0.918518374375, 1.03640004908, 6.93026253108, 0.912010142133, 1.50336148592, 1.01502526797, 0.945019936445, 1.680544922, 7.61958823359, 1.06289820307, 3.26745544389, 0.822615479835, 1.09000077382, 1.05090971557, 1.03474891976, 1.01210482571, 5.25582431156, 1.10007069795, 0.85679113904, 126.662139631, 0.956758446774, 1.91792737877, 1.11576570663, 4.15709543405, 1.13708010497, 28.0908777185, 1117.35137287
1.3134678465, 1.11655168365, 0.907879460209, 0.95287769494, 4.86161529682, 0.762565707472, 3.45719400368, 0.982872700455, 0.935641536263, 3.26039813886, 6.25866497806, 1.02316015661, 1.35954977147, 1.27129774256, 1.0900001297, 1.05259275544, 1.01283670823, 1.14837659751, 6.5411077959, 1.14733584156, 0.801660859965, 22.2695436086, 1.02554356716, 3.32409365248, 1.14081051199, 4.99280605429, 1.07009795558, 34.1058207527, 1042.99179514
1.3134678465, 1.11655168365, 1.07500920726, 0.95287769494, 4.86161529682, 0.762565707472, 4.51767279323, 0.982872700455, 0.935641536263, 3.26039813886, 3.40973251839, 1.02316015661, 1.35954977147, 1.27129774256, 1.09000020262, 1.05259275544, 1.01283670823, 1.14837659751, 4.16741591216, 1.14733584156, 0.801660859965, 22.2695436086, 1.02554356716, 3.32409365248, 1.14081051199, 4.99280605429, 1.07134633041, 21.1472174547, 1444.50522213
4.84637878645, 1.14250213878, 0.993397704039, 0.978482849885, 4.53119020757, 0.911033780934, 5.97902603949, 1.04807246007, 0.978756763684, 3.14300648468, 2.7228186867, 0.930111598549, 2.92691249343, 1.04846191722, 1.09000044995, 1.08010982175, 1.01805233783, 0.942620814537, 8.93457718718, 1.15797817469, 0.784562503976, 274.068537091, 1.1207645504, 3.914109736, 1.09085262751, 3.18299897244, 1.24087646202, 18.8317787082, 1744.92439824
4.40320361398, 1.42978838499, 0.956910500699, 0.835009333739, 3.17917079601, 0.817370263624, 1.17681688196, 0.936732738212, 0.910325814677, 2.72205056865, 7.30552749798, 1.07021864985, 4.31075095, 0.930973045198, 1.09000010955, 1.01419408153, 1.04627132354, 1.05333719604, 7.08255005788, 0.935673821056, 0.800681254154, 186.461664929, 1.15094871891, 4.0198226335, 1.02826203135, 2.75196299552, 1.20401568269, 18.1167233899, 2545.57913622
5.2221715835, 1.14249607253, 0.854586525307, 1.1498665659, 1.44329917331, 0.909164004651, 5.026294056, 1.04558964784, 0.981102250321, 2.95190111083, 7.14188104396, 0.986389967463, 1.7675697971, 0.896194059533, 1.09000004766, 1.08459302703, 1.01201234664, 0.8485370642, 7.1145321202, 1.17531668504, 0.931878816646, 48.9538674757, 1.16342590941, 2.98247398239, 1.04957518295, 4.75838661031, 0.935803322792, 17.6530794643, 12101.1413117
2.2808041265, 1.25182437303, 0.861317386782, 0.841180238729, 3.13155881679, 0.786303960067, 2.86922450614, 0.960090751814, 0.983571839009, 2.47178224311, 3.02062188812, 0.93317452859, 1.55628640142, 1.21985123592, 1.09000058251, 1.09807399303, 1.04942099158, 0.829721790865, 8.27411156762, 0.911736910824, 0.844015304596, 85.8291185109, 1.04306054767, 1.10012914136, 1.00969625336, 3.54329225092, 1.21682222689, 27.440787615, 1431.71574476
2.7025620876, 1.26599209529, 1.11423159867, 0.949940580431, 5.34609743159, 0.861829197006, 1.26843642753, 0.845249479579, 0.905290045491, 3.77898227505, 5.58731809225, 1.00866560504, 3.01954192322, 1.16089773927, 1.09000010835, 1.05001032648, 1.01407936878, 1.02357404561, 7.31203002693, 1.03860981016, 0.878361674223, 202.127609701, 1.02306469555, 4.33108024891, 1.1343485397, 2.76810522559, 1.00433296611, 35.5423426875, 1173.03672164
5.64439670923, 1.03641627614, 0.785922823696, 0.846965037748, 3.94217712828, 0.846256034513, 5.37653745405, 0.987644154123, 0.96648869836, 3.76494484847, 5.35125408492, 0.957102652252, 1.01134868718, 1.17476287039, 1.09000034614, 1.01834369782, 1.00741279849, 1.13609232976, 7.99759733023, 1.15171562191, 0.950197951827, 375.33098992, 1.08931194911, 2.24782413912, 1.05215461118, 1.77420107618, 1.05491578943, 34.2398538365, 1377.82981878
3.9504567205, 1.22814407762, 0.86698702634, 1.09461200373, 4.53067498414, 0.806180275824, 3.02241368424, 0.930342145287, 0.979784861982, 2.03891392653, 6.00457090102, 1.08089267111, 4.68229806267, 1.27821157104, 1.09000026633, 1.1020210412, 1.00490127901, 0.947558083014, 6.88722893997, 0.996770682651, 0.906486674425, 346.632459031, 1.05136781592, 3.41219295064, 1.04143022909, 3.80550813768, 1.04173225288, 23.2611679776, 1568.76749041
4.84637878645, 1.14250213878, 0.993397704039, 1.00458823602, 4.53119020757, 0.911033780934, 5.74264726069, 1.04807246007, 0.978756763684, 3.17449934418, 2.22567837911, 0.930111598549, 1.85526487598, 1.04846191722, 1.09000044995, 1.09837166703, 1.01805233783, 0.942620814537, 8.93457718718, 1.08552226743, 0.784562503976, 274.068537091, 1.1207645504, 3.914109736, 1.09085262751, 3.18299897244, 1.26898584137, 22.8963583909, 1701.59324392
2.78812226506, 1.13126346985, 0.751550434448, 1.01766685311, 5.93529994292, 0.896219852228, 5.09742109716, 0.982580862413, 0.955719573712, 3.62601957917, 5.0209140231, 0.839459959756, 4.09590578127, 1.12945946412, 1.09000067725, 1.04558850945, 1.04634184557, 0.983490367942, 4.19412612919, 1.01738293291, 0.764019205325, 77.5794502147, 0.951782535456, 4.03773291367, 0.962959555844, 3.2865081156, 1.12531762859, 20.4210368269, 2253.7794915
5.95975904582, 1.32398578096, 0.933762703935, 1.00895874207, 3.84605610108, 0.88253177606, 1.44372950172, 1.08301150777, 0.96274614621, 5.85664435497, 5.93250505886, 1.0456855709, 4.13296762017, 1.12795070113, 1.09000028638, 1.0263484212, 1.04921664752, 1.18681770711, 7.15963731887, 1.14517410024, 0.908110340033, 365.992083036, 1.01012905186, 4.26859697889, 1.2193027936, 3.67787740224, 1.16596001466, 18.7218362368, 4016.4883694
5.75688951426, 1.38425246816, 1.03019977416, 1.00271488243, 5.70355925616, 0.822974476696, 1.06024018462, 0.982924537963, 0.967017860975, 5.1018490525, 7.05044775679, 0.848314481176, 3.5164410492, 1.18806765738, 1.0900000349, 1.09538559582, 1.01910663508, 0.826016235901, 8.50848242864, 0.999732341058, 0.811965487955, 82.4301647413, 0.951902029915, 1.39328188747, 1.18972933997, 1.3876165921, 1.03639007702, 18.2545580746, 4401.46280594
5.95975904582, 1.11433093352, 0.933762703935, 1.00895874207, 3.84605610108, 0.88253177606, 1.44372950172, 1.08301150777, 0.96274614621, 5.85664435497, 5.93250505886, 1.0456855709, 4.13296762017, 1.12795070113, 1.09000028638, 1.0263484212, 1.04921664752, 1.18681770711, 7.15963731887, 1.14517410024, 0.908110340033, 365.992083036, 1.01012905186, 4.26859697889, 1.2193027936, 3.67787740224, 1.16596001466, 18.9781751097, 3017.14403677
1.91495878601, 1.04132671579, 1.08700516247, 0.92245177844, 2.82036029491, 0.739793874014, 5.33374920827, 0.822117839953, 0.917313320215, 2.44858928937, 6.26637854857, 0.841661998264, 4.88741284395, 1.25510680289, 1.09000049002, 1.03208017658, 1.01471033556, 1.1807436276, 6.90472737431, 1.14243751137, 0.901868619885, 52.5473631807, 1.14136091621, 5.1542478209, 1.11176670373, 3.58273173933, 1.27123458515, 18.7272138324, 3380.39765099
4.79629098062, 1.29579595419, 1.00747373689, 1.04292404739, 2.61619165503, 0.761576627292, 1.44903020625, 0.837112008223, 0.982604537945, 2.86163290559, 6.17542706863, 0.901078710285, 1.31211732295, 0.949628064182, 1.0900003842, 1.07991204638, 1.02500348749, 0.977176474381, 6.41516178388, 1.00525541868, 0.946271556525, 386.176808957, 1.08951971834, 1.45156129219, 1.07607205616, 3.39837227373, 1.19730426949, 28.7527382211, 1500.98023093
3.16190803094, 1.29206036683, 1.08111464278, 1.04292740347, 4.4400514882, 0.956704253622, 4.05526475742, 1.05632225301, 0.969871169889, 1.28825971135, 7.06290431621, 0.837503218817, 4.79295236069, 1.25498827805, 1.09000023916, 1.00338161375, 1.00644555994, 0.832206165362, 9.92438830087, 1.18165388474, 0.789559187193, 295.383265755, 0.972203339334, 2.98394099177, 1.10860916435, 2.01404869898, 1.06214935658, 28.3039405483, 1678.62882322
2.10081325501, 1.42302131583, 0.742865840058, 1.02525482071, 5.21826485359, 0.786961297246, 4.93561845245, 0.835266836561, 0.905583710109, 2.46676066705, 7.43779405645, 0.924993565371, 1.06492499966, 1.15907901765, 1.09000073469, 1.05309240045, 1.0038046506, 1.06887816574, 6.74695567656, 1.00402685864, 0.859253213798, 20.7365129612, 1.17652553681, 2.13188211628, 1.20810467888, 4.66287909672, 0.977380517101, 27.1812170658, 1967.6665965
3.9504567205, 1.22814407762, 0.906868838859, 1.11253198419, 6.0152937799, 0.806180275824, 3.02241368424, 0.930342145287, 0.979784861982, 2.03891392653, 5.79636759788, 1.08089267111, 4.68229806267, 1.14472472106, 1.09000026633, 1.1020210412, 1.00490127901, 1.01444463362, 6.88722893997, 0.996770682651, 0.881647946956, 357.204889667, 1.05136781592, 3.41219295064, 1.04143022909, 3.80550813768, 0.877528605312, 25.6383243388, 2287.88682902
5.25152869909, 1.28493100756, 0.77969921451, 0.931885285759, 4.62629457245, 0.926480007916, 2.65214939086, 0.822529331321, 0.990414611372, 3.07200707191, 4.89974997689, 0.812932131672, 4.11633957118, 1.17916629413, 1.0900007764, 1.04697534121, 1.01333858256, 1.22622752031, 8.20705836883, 1.11309833519, 0.985722838584, 49.3966426691, 1.02727065152, 4.53984436985, 1.00602553558, 4.5553070585, 1.00351404534, 22.867072363, 2414.7792888
1.18758238885, 1.25182437303, 0.82968220807, 0.953852999604, 3.79428643231, 0.728715379231, 2.40916986408, 0.940383531, 0.948848022419, 4.84326718093, 6.68947491413, 0.999695411442, 2.96274025732, 0.92140457614, 1.0900008448, 1.0573553011, 1.04520551328, 0.829721790865, 8.54956287114, 0.951290633027, 0.82480094479, 357.322182366, 1.06065952264, 5.07768211509, 1.14566471589, 3.49191224747, 1.21952818827, 18.4551646688, 6763.3712184
1.18758238885, 1.25182437303, 0.82968220807, 0.953852999604, 3.79428643231, 0.716197787263, 2.40916986408, 0.940383531, 0.948848022419, 4.84326718093, 6.68947491413, 0.999695411442, 2.96274025732, 0.92140457614, 1.09000045326, 1.0573553011, 1.04905819238, 0.829721790865, 8.54956287114, 0.951290633027, 0.82480094479, 357.322182366, 1.04444107104, 5.07768211509, 1.14566471589, 3.49191224747, 1.21952818827, 19.3070837571, 3990.66162357
3.06665152312, 1.14001626246, 1.15468157099, 1.0151647446, 6.77039842603, 0.756675462747, 4.88774967265, 0.919765817434, 0.932433594478, 5.63782316172, 4.05023356878, 0.844578860278, 4.77569046603, 0.95910434698, 1.09000035777, 1.02424542543, 1.00935461262, 1.1125842011, 9.1096373206, 0.975723254373, 0.763383680296, 138.350117178, 0.975685431689, 2.97943356649, 1.08202543458, 2.75329784017, 1.28765130279, 19.5692749323, 3540.97759948
5.77845285782, 1.40455761312, 0.842544219658, 0.944034657512, 5.05724004679, 0.890455814369, 2.02839198584, 1.08017241807, 0.966647715188, 3.45140041392, 5.36200068989, 0.837336171254, 4.26444802958, 1.16635905918, 1.090000792, 1.04448814839, 1.03118653087, 1.20000268821, 3.97270801784, 1.05728456931, 0.87649761441, 329.075705237, 1.16155054001, 1.89645866664, 0.998017691578, 3.00684119666, 0.967161828804, 22.6974771021, 3490.2727366
5.77845285782, 1.40455761312, 0.842544219658, 0.944034657512, 5.05724004679, 0.890455814369, 2.02839198584, 1.08017241807, 0.966647715188, 5.62369846541, 5.36200068989, 0.837336171254, 4.26444802958, 1.16635905918, 1.09000006946, 1.04448814839, 1.03118653087, 1.20000268821, 3.97270801784, 1.05728456931, 0.87649761441, 329.075705237, 1.16155054001, 1.89645866664, 0.97779959077, 3.00684119666, 0.967161828804, 45.9273211579, 1586.17493729
5.075042298, 1.28407626408, 0.913635888461, 1.05053917502, 3.25333860192, 0.876501419477, 5.66193013756, 0.848753462779, 0.933687124269, 1.56852560113, 5.32126730862, 0.967639403079, 3.94163177389, 1.00774148727, 1.09000091189, 1.08319744598, 1.04777810128, 0.810132712585, 8.83630838363, 1.01451329508, 0.859275416756, 311.676812096, 1.01645826065, 3.53785103025, 1.07365185355, 4.17194054075, 1.20052294184, 49.112868962, 1549.84381282
5.79055150379, 1.28987040652, 0.829000372298, 1.13701663255, 3.9545133176, 0.745637591764, 2.28846661007, 0.914229844381, 0.922897141248, 2.26907488651, 6.66442462264, 0.850949065968, 3.87015648371, 0.928708627842, 1.09000060891, 1.03374327918, 1.00748742805, 0.927654769535, 7.59853096062, 1.00269511273, 0.79332261735, 186.149054378, 0.998866107794, 5.05511385471, 1.17851821381, 2.4369715417, 0.916391525253, 31.3432739468, 1696.22978068
2.22685533384, 1.15227159357, 1.10135144286, 0.929929422096, 3.05221711259, 0.76186132449, 5.86161155384, 0.980369870189, 0.939277408407, 5.60788073879, 3.5599418392, 0.993141781952, 2.54857528105, 1.22520159163, 1.09000052643, 1.03008844262, 1.00970384155, 1.20901465869, 3.53698375321, 1.16986549304, 0.902279313504, 327.660446956, 1.16817505398, 1.68487403872, 1.05051529585, 1.9809215958, 0.970807354054, 28.5406512946, 1871.58819987
5.96300122986, 1.16106840505, 0.850193540437, 1.01664141543, 6.16062904509, 0.78113489885, 3.65997730189, 1.05489045952, 0.978729941495, 3.92671151064, 2.5970170651, 0.863446851068, 4.31347296364, 1.02528661088, 1.09000096822, 1.02713620275, 1.04887662518, 1.06235837722, 7.05799011698, 1.00779733871, 0.905835609082, 345.175451061, 0.953372043095, 4.51198897461, 1.06244236158, 1.28369794668, 0.988083588923, 30.8394916679, 1760.9807907
3.88389709129, 1.14362425845, 0.878359601021, 1.0824465705, 1.76195626398, 0.90341696013, 2.94585622424, 0.848052528155, 0.987951872475, 4.95332786074, 7.42505661008, 0.967414187308, 3.6200389417, 1.26900375443, 1.09000022383, 1.00702010734, 1.03282622977, 1.22901302356, 7.82696395422, 1.02102465123, 0.827058930708, 14.8028534449, 1.10785032979, 5.3327702578, 1.07962298137, 1.8720965458, 1.23582300987, 23.2923051082, 2599.67381263
5.64439670923, 1.03641627614, 0.785922823696, 0.846965037748, 3.94217712828, 0.846256034513, 5.37653745405, 0.987644154123, 0.96648869836, 3.76494484847, 5.35125408492, 0.957102652252, 1.01134868718, 1.17476287039, 1.09000034614, 1.01834369782, 1.00741279849, 1.13609232976, 7.99759733023, 1.15171562191, 0.950197951827, 375.33098992, 1.01293745955, 2.24782413912, 1.05215461118, 1.77420107618, 1.01583502661, 25.9247384331, 2516.45516247
1.25315464467, 1.32621599904, 1.02838880719, 1.12606153829, 2.79112693772, 0.917977080352, 5.67945171798, 0.870352467671, 0.926270781348, 4.34386057601, 2.12575026332, 1.02082859988, 1.42966695748, 0.912359072428, 1.09000006946, 1.05862406396, 1.04201817178, 0.928979539197, 5.67674264671, 1.03625858272, 0.931751175894, 306.939006329, 0.917268433794, 1.98111416385, 1.11971966399, 3.4769868057, 1.25961747193, 18.4835684242, 11078.1345628
5.32101524, 1.26977889282, 1.0253485512, 1.16249278436, 5.24329735844, 0.968909846944, 1.97385280191, 1.03359774367, 0.915574936297, 3.41589657545, 5.07042044131, 0.905407997704, 2.73194260904, 0.960749460238, 1.09000045326, 1.03293827356, 1.02662958134, 0.970349641354, 4.96360356704, 0.984813396596, 0.869246536369, 227.253122757, 1.10694810918, 5.45276957307, 0.974674913436, 3.232088625, 1.1524933109, 19.3760055279, 4764.66348201
4.87142799601, 1.37290826515, 1.10679247444, 1.19357126128, 5.01786336787, 0.983762500553, 3.9285560678, 1.06264478182, 0.943890205369, 2.98349305456, 4.2484165616, 0.872043317444, 4.65933015481, 1.12481199778, 1.09000069884, 1.03159781413, 1.00942196315, 1.2028906475, 5.57234202079, 0.979442427129, 0.935116862307, 346.812007715, 1.11642705091, 3.88072190628, 1.18162053237, 3.99589327286, 1.28518832496, 19.3607170818, 9361.30965579
5.68214788985, 1.42366569237, 0.931715003417, 1.00793383067, 5.02543531348, 0.840753890627, 1.46395908959, 1.09625903656, 0.937374852506, 6.05872569877, 4.95063381616, 1.00189173231, 2.38947812646, 1.26900375443, 1.0900004584, 1.04345030148, 1.01196976038, 0.816249625523, 8.94913670082, 1.18791815793, 0.983917640102, 32.1021516053, 0.912211554891, 4.47480298692, 1.13316883254, 5.47077834502, 1.26847359282, 22.5126768872, 3858.94915741
1.94730823871, 1.32149845989, 0.945369792809, 0.812129788352, 6.69982128505, 0.786961297246, 5.22197061851, 1.01900221664, 0.967065653328, 6.02006539235, 3.88432665716, 0.966520807013, 3.09206759021, 1.15907901765, 1.09000025557, 1.02007358006, 1.03913236812, 0.910144324531, 9.45548894166, 1.06186158583, 0.843466222396, 275.816027832, 1.05658758879, 3.58434585649, 1.09303745308, 3.70755311496, 1.12777563397, 21.8573570866, 3951.80434418
5.2221715835, 1.14249607253, 0.854586525307, 1.1498665659, 1.44329917331, 0.909164004651, 5.026294056, 1.04558964784, 0.981102250321, 2.95190111083, 7.14188104396, 0.986389967463, 1.7675697971, 0.896194059533, 1.09000004766, 1.08459302703, 1.01201234664, 0.8485370642, 7.1145321202, 1.17531668504, 0.931878816646, 48.9538674757, 1.11333506745, 2.98247398239, 1.04957518295, 4.75838661031, 0.935803322792, 20.1965841138, 4164.25066043
4.00255707916, 1.02404270471, 0.763126586094, 0.872544890569, 1.42959561653, 0.842858793492, 2.73905933524, 0.930267965677, 0.979675200116, 1.59378375675, 5.27332430759, 0.910396349996, 4.80190655666, 1.12061098455, 1.09000014097, 1.05966839679, 1.04917922361, 1.10230460163, 6.73736303599, 1.0921181102, 0.959025799106, 175.082747841, 1.18718477963, 3.93941847047, 1.06051751468, 5.36839228929, 0.970807354054, 34.9188170543, 1719.11203321
1.94730823871, 1.32149845989, 0.945369792809, 0.812129788352, 6.69982128505, 0.786961297246, 5.22197061851, 1.01900221664, 0.967065653328, 6.02006539235, 5.96568228455, 0.966520807013, 3.09206759021, 1.15907901765, 1.09000025557, 1.02007358006, 1.04293230233, 0.910144324531, 9.45548894166, 1.06186158583, 0.843466222396, 275.816027832, 1.05658758879, 3.58434585649, 1.09303745308, 3.70755311496, 1.12777563397, 29.2307679898, 2112.05533479
5.25152869909, 1.28493100756, 0.809386460257, 0.931885285759, 4.62629457245, 0.926480007916, 2.65214939086, 0.822529331321, 0.987952116504, 3.07200707191, 4.89974997689, 0.812932131672, 4.11633957118, 1.17916629413, 1.09000071357, 1.04697534121, 1.01333858256, 1.22622752031, 8.20705836883, 1.11309833519, 0.985722838584, 49.3966426691, 1.02727065152, 4.53984436985, 1.00602553558, 4.5553070585, 1.00351404534, 23.8941803942, 2677.87119303
5.64439670923, 1.35603697681, 0.785922823696, 0.846965037748, 3.35456432203, 0.846256034513, 5.37653745405, 1.04631764926, 0.96648869836, 3.76494484847, 5.35125408492, 0.957102652252, 1.01134868718, 1.17476287039, 1.09000034614, 1.01834369782, 1.00741279849, 1.13609232976, 7.99759733023, 1.15171562191, 0.950197951827, 375.33098992, 1.16683231005, 2.24782413912, 1.05215461118, 1.77420107618, 1.01583502661, 26.662757437, 2673.02176883
1.69757770189, 1.28310094215, 0.906868838859, 0.932119430654, 2.40914157719, 0.990804388387, 4.53280629052, 0.959170194438, 0.994003237673, 5.90911872364, 5.18251776586, 0.957764614875, 4.93588099292, 0.931249325298, 1.09000099265, 1.04961843839, 1.02385699947, 1.14577164841, 3.83505434401, 0.997798418058, 0.79910268162, 76.9258035479, 0.915246608667, 4.11454783516, 1.20334486402, 4.28353162833, 0.877528605312, 20.1608055608, 5701.97390262
1.16475065652, 1.35484921102, 0.803093410966, 0.910275126584, 4.20708732051, 0.964836392815, 5.05996872748, 0.989707727843, 0.904801070432, 2.3066655386, 7.50950070853, 1.01883198898, 1.30574462997, 0.967804091618, 1.09000029866, 1.10690688387, 1.02033493886, 0.998376105651, 3.2688347017, 1.00694679607, 0.905393786185, 182.586898647, 1.198180877, 4.45955767812, 0.993828350048, 4.6616864458, 1.01575557818, 21.6470841608, 5452.58356303
1.75582902853, 1.38307278084, 0.819963846329, 1.04406707697, 2.00590960973, 0.720347094185, 1.43663291998, 0.962393119001, 0.978718914666, 2.71594343825, 3.37722785164, 1.09056440419, 4.76663527819, 1.0179565064, 1.09000057317, 1.01612141629, 1.00106361235, 0.938166055585, 7.45333275261, 0.936582283854, 0.871389476107, 326.190742725, 1.02424013149, 3.355162568, 1.07411532233, 3.64189251482, 0.896204809486, 43.2580076959, 2087.21007933
5.62052123446, 1.33912102819, 1.02713477871, 1.04255229981, 4.16134458307, 0.788816355615, 4.6114946093, 0.889931315468, 0.967576157916, 5.33768162968, 7.58088421388, 0.954338412578, 2.46233544458, 1.13621504269, 1.09000071441, 1.10283659553, 1.01919921766, 0.929578187682, 4.52113771678, 1.04349991138, 0.764019205325, 237.841216932, 1.15292475403, 5.70116668579, 1.08202543458, 1.05883970767, 1.022334862, 38.9702861718, 2229.43467951
1.43642832647, 1.05417277049, 0.757961351653, 1.02088830296, 1.60491037677, 0.858935390573, 3.44982511356, 0.849229286992, 0.905692635594, 3.71944045424, 7.30973269235, 0.949646097844, 3.87422231729, 1.2007106822, 1.09000056979, 1.05270827565, 1.00803745369, 1.02067923108, 4.40843108454, 1.00612828983, 0.843560881638, 208.625030471, 1.06407910931, 5.59016460635, 1.05616029449, 2.36222770159, 1.28769019768, 36.4753873232, 2292.24696585
1.3134678465, 1.11655168365, 0.907879460209, 0.95287769494, 4.86161529682, 0.762565707472, 4.51767279323, 0.982872700455, 0.935641536263, 3.26039813886, 6.25866497806, 1.02316015661, 1.35954977147, 1.27129774256, 1.0900001297, 1.05259275544, 1.01283670823, 1.14837659751, 6.5411077959, 1.14733584156, 0.801660859965, 22.2695436086, 1.02554356716, 3.32409365248, 1.14081051199, 4.99280605429, 1.07009795558, 25.5386030963, 2692.33227461
4.84637878645, 1.14250213878, 0.993397704039, 1.00458823602, 4.53119020757, 0.911033780934, 5.74264726069, 1.04807246007, 0.978756763684, 3.17449934418, 2.7228186867, 0.930111598549, 2.92691249343, 1.04846191722, 1.09000044995, 1.07450384481, 1.01805233783, 0.942620814537, 8.93457718718, 1.15797817469, 0.784562503976, 274.068537091, 1.1207645504, 3.914109736, 1.09085262751, 3.18299897244, 1.26898584137, 24.0138095942, 3953.38817059
2.35281206747, 1.35611270016, 0.872647866912, 0.956528845762, 1.6295811244, 0.878594542763, 4.27023501819, 1.02803329369, 0.925441667754, 2.61840427532, 4.24415463565, 0.974559478042, 2.78150954643, 0.851598180476, 1.09000064868, 1.0161340236, 1.00219391887, 1.1439542635, 9.03597330808, 1.04790763473, 0.968963583278, 24.0503604578, 0.975892477669, 2.48263671645, 1.05395492477, 3.89756584483, 1.05149983101, 20.3150197073, 6122.84296102
3.88389709129, 1.14362425845, 1.0322704966, 1.0824465705, 1.76195626398, 0.90341696013, 2.94585622424, 0.848052528155, 0.987951872475, 4.95332786074, 7.42505661008, 0.949770622673, 3.6200389417, 1.26900375443, 1.09000022383, 1.00702010734, 1.03282622977, 1.22901302356, 6.71182671558, 1.02102465123, 0.827058930708, 14.8028534449, 1.10785032979, 5.3327702578, 1.07962298137, 1.8720965458, 1.23582300987, 22.7258701759, 5763.48279016
3.06665152312, 1.14001626246, 1.15468157099, 0.972194001572, 6.77039842603, 0.756675462747, 4.88774967265, 0.919765817434, 0.932433594478, 5.63782316172, 4.05023356878, 0.822307724738, 4.77569046603, 1.19991348043, 1.09000035777, 1.02424542543, 1.00935461262, 1.1125842011, 9.1096373206, 0.975723254373, 0.763383680296, 138.350117178, 0.975685431689, 2.97943356649, 1.08202543458, 2.75329784017, 1.28765130279, 23.2690254364, 5468.77684524
2.62921106181, 1.22297896155, 0.805014378697, 1.0420591904, 3.35456432203, 0.885696987409, 3.55303078982, 0.880733973019, 0.94661774954, 2.54990563893, 7.56368999128, 1.09444517377, 2.56105901658, 1.22444332757, 1.09000025687, 1.03508242498, 1.00983364536, 1.01562525618, 7.92646574144, 0.952582534653, 0.820640603819, 346.632459031, 1.16683231005, 5.6175468763, 1.19665307315, 3.58058249474, 0.920424132948, 52.2211035955, 2397.47391877
3.9504567205, 1.22814407762, 0.86698702634, 1.09461200373, 6.0152937799, 0.806180275824, 3.02241368424, 0.930342145287, 0.979784861982, 2.03891392653, 6.00457090102, 1.08089267111, 4.68229806267, 1.14472472106, 1.09000026633, 1.1020210412, 1.00490127901, 0.947558083014, 6.88722893997, 0.996770682651, 0.906486674425, 357.204889667, 1.05136781592, 3.41219295064, 1.04143022909, 3.80550813768, 1.04173225288, 40.1310518569, 2757.19989449
4.87142799601, 1.37290826515, 1.10679247444, 1.19357126128, 5.01786336787, 0.983762500553, 3.9285560678, 1.06264478182, 0.943890205369, 2.98349305456, 4.2484165616, 0.872043317444, 4.65933015481, 1.12481199778, 1.09000042138, 1.03159781413, 1.00942196315, 1.2028906475, 5.57234202079, 0.979442427129, 0.935116862307, 346.812007715, 1.11642705091, 3.88072190628, 1.18162053237, 3.99589327286, 1.28518832496, 26.322767155, 3257.16931674
2.22685533384, 1.15227159357, 1.10135144286, 0.929929422096, 3.05221711259, 0.76186132449, 5.86161155384, 0.980369870189, 0.939277408407, 4.17126076515, 3.5599418392, 0.993141781952, 1.37783679287, 1.22520159163, 1.09000052643, 1.03008844262, 1.00970384155, 1.20776828414, 3.53698375321, 1.16986549304, 0.902279313504, 327.660446956, 1.16817505398, 1.68487403872, 1.05051529585, 1.9809215958, 1.12518610903, 28.6843824329, 3100.77193392
2.48980877548, 1.0246383383, 0.918518374375, 1.03640004908, 5.4304120245, 0.912010142133, 1.50336148592, 1.01502526797, 0.945019936445, 1.48991007443, 7.61958823359, 1.06289820307, 3.26745544389, 0.822615479835, 1.09000077382, 1.05862406396, 1.03474891976, 0.928979539197, 5.25582431156, 1.13565011116, 0.85679113904, 306.939006329, 0.956758446774, 1.91792737877, 1.11576570663, 4.15709543405, 1.13708010497, 25.1997887739, 4742.85234092
1.35418223885, 1.1325293006, 0.83918907605, 1.11502125123, 2.60778254022, 0.908532865945, 5.81052959649, 1.0504170096, 0.925191323789, 1.75213350181, 5.02077537667, 0.981719394475, 4.57636663266, 1.19410047459, 1.09000049989, 1.04182111266, 1.02893694973, 1.05568469584, 6.84419068398, 1.05760328505, 0.960780280897, 57.670119509, 1.04119410896, 4.75247020009, 0.966273744002, 5.46932656014, 1.27421761977, 20.8233900194, 9597.38280143
4.26647464812, 1.21931467387, 0.913884751019, 0.951913205165, 3.80159641065, 0.796414217389, 2.99786981061, 0.9800717744, 0.904376841178, 4.31162804418, 7.64936375056, 0.956415967412, 3.06604517105, 0.895447980566, 1.09000099312, 1.01762375706, 1.04691165083, 0.901122495921, 4.23912244557, 1.00611983762, 0.912504557749, 330.42806536, 1.00472677349, 2.31042429035, 1.15933228115, 4.74458142002, 1.10127232795, 20.9467292011, 8318.73149131
2.06248389792, 1.03515789699, 1.00240832517, 1.06485733572, 6.35399129758, 0.834949712103, 3.15222203045, 0.970465286179, 0.951371879688, 3.00269358973, 6.22495129222, 1.0770791605, 3.30312768952, 1.26104359909, 1.09000024633, 1.1056960692, 1.03627071499, 1.14983125425, 4.43226343037, 1.09417731565, 0.946649314598, 374.04445167, 1.00886382626, 2.98141508338, 1.20362707062, 3.52111123658, 1.26766545931, 23.2522923608, 6118.87526251
2.62921106181, 1.22297896155, 0.805014378697, 1.0420591904, 3.94217712828, 0.885696987409, 3.55303078982, 0.938508683042, 0.901205331588, 2.75060650739, 7.56368999128, 1.09444517377, 3.13358419369, 1.22444332757, 1.09000025687, 1.02635698659, 1.00983364536, 0.970728266446, 7.11764754048, 0.952582534653, 0.820640603819, 383.88059806, 1.01293745955, 5.94007743818, 1.19665307315, 3.58058249474, 1.00909140459, 22.8830910512, 6389.94559223
4.62129125343, 1.14964203173, 1.00459387137, 0.83761662899, 3.22383222051, 0.85311495982, 1.62420785387, 0.946421809896, 0.969460994874, 5.32854868393, 5.47984711394, 1.03661266129, 1.52153014322, 0.907004952209, 1.09000008216, 1.09416248597, 1.01707255526, 1.15701126753, 6.28807314245, 1.10992423008, 0.964244363508, 223.775660032, 1.16027552221, 3.49395878773, 1.04682137771, 4.66164053137, 0.935855039207, 31.6336232121, 3133.04783237
5.60546362757, 1.16823352471, 0.767872973047, 0.948895531445, 3.34970458755, 0.938440420508, 5.84342797411, 0.903510082253, 0.984499753146, 1.56498548973, 3.67104635622, 0.997468490272, 2.43645563075, 1.20099357482, 1.09000088461, 1.05844804413, 1.03535822621, 0.996421235942, 3.46275844351, 1.11937565695, 0.855395100033, 184.016912756, 1.01248413696, 3.27220790718, 1.03510010037, 4.00202912846, 1.00686739528, 22.3674951045, 21525.2798517
5.34970687759, 1.32542460175, 0.731788109391, 0.898916269355, 5.94053085272, 0.807589482204, 1.04458363297, 0.981221264184, 0.936083471842, 2.2294521922, 2.73429235952, 1.02350927683, 1.61930139466, 1.18142568468, 1.09000061148, 1.03544518466, 1.00608130935, 0.925093397379, 7.73413451013, 1.16507266848, 0.968424189833, 222.677407834, 0.980518810122, 3.12312530424, 1.09188699503, 3.53860941102, 1.12037155067, 22.5556651483, 16886.3757903
1.03895525939, 1.08941220913, 1.054436985, 1.09495048568, 1.72656558194, 0.711839156784, 3.57911397385, 1.05889089786, 0.939883235868, 4.61264207094, 2.73829222725, 0.946318502013, 2.45255071662, 0.916073091857, 1.09000061558, 1.01120105671, 1.00823798437, 1.18528519571, 9.62010267688, 1.12053308213, 0.942789467082, 139.494108707, 1.11121033415, 5.93463674733, 1.08278796763, 1.28197488881, 1.28208938477, 23.0233054755, 8002.41480918
