0.104845607442, 0.824587484112, 7.99888878327, 0.519807470926, 87.1327602574, 3.38504837504, 0.06447447748, 1.80809545221, 6.42507323377, 0.01874625781, 0.111111111111
0.302583273272, 1.13959552205, 9.62169044524, 0.58063035152, 94.6417995392, 2.78234689908, 3.20523988584, 0.446237371083, 2.34759755214, 0.0429998663667, 0.0438356164384
0.880374523617, 0.885278576748, 6.01030725656, 0.678698306883, 76.7292217614, 40.919362048, 0.210959863597, 2.33860717558, 22.806113517, 0.0547896176034, 0.0
0.104845607442, 0.824587484112, 7.99888878327, 0.519807470926, 87.1327602574, 3.38504837504, 0.06447447748, 1.80809545221, 2.97252813944, 0.0285656985709, 0.542857142857
0.418594494566, 1.0426558298, 2.99513829363, 0.599574520433, 63.2596516799, 2.86020953578, 2.49782023869, 3.45708684459, 43.2347522351, 0.0570859912726, 0.0
0.221577520989, 1.1783509383, 6.93166752306, 0.403384040996, 79.4554906507, 3.03232711651, 1.26400219963, 1.59459429613, 20.3080411446, 0.0441281058423, 0.274193548387
0.221577520989, 1.19919285594, 6.93166752306, 0.403384040996, 79.4554906507, 3.03232711651, 1.26400219963, 1.59459429613, 20.3080411446, 0.0480530921008, 0.454545454545
0.164056668801, 0.945508888369, 8.97584552165, 0.541376027158, 86.9475538783, 16.6130248004, 0.760808546255, 2.6524885293, 29.6639502473, 0.0988829109269, 0.0
0.292862514807, 0.970882552625, 2.1196467173, 0.489195241066, 6.96809807241, 5.98785738062, 1.88190561119, 2.04228495981, 6.59277439534, 0.0834847978313, 0.0175438596491
0.107146517764, 0.913328900982, 8.84335161083, 0.669827846527, 11.3577837705, 34.1581766933, 1.45711709705, 1.8182306704, 21.3408670077, 0.131682584886, 0.0
0.458082117353, 1.18628574075, 3.69189754444, 0.555437720542, 49.271810116, 1.9612217937, 2.50036050756, 1.26218336521, 33.3349596761, 0.0691548747631, 0.459090909091
0.158050228791, 0.976298555669, 9.16339840337, 0.573828989305, 60.1205552332, 22.6334113186, 0.402635099222, 2.63670611507, 25.8008151283, 0.150119413875, 0.0
0.180107398439, 1.15041772889, 3.15725054505, 0.503494031843, 38.6234382137, 7.55723578531, 0.702785031376, 3.84738525995, 3.60202765795, 0.0955441437464, 0.15
0.434228666611, 1.04503830474, 4.59543476726, 0.538214027846, 35.6389266325, 7.29288027741, 3.12859965774, 4.21664053367, 4.85846384668, 0.136679811241, 0.0355191256831
0.178550438564, 0.8720902849, 7.33546320704, 0.520489864957, 98.8951840849, 24.7652342676, 3.53884665481, 2.84830876831, 12.668531939, 0.184704620868, 0.016835016835
0.465666416439, 0.883955165468, 2.16761623089, 0.659210791107, 80.4573985022, 13.1219197698, 2.46133818024, 3.70636521335, 18.6636454704, 0.185948806254, 0.0
0.644194815291, 1.08065368066, 3.43900639996, 0.480664566016, 5.82431221206, 5.32961271989, 0.182399098251, 4.47708674854, 37.3386753071, 0.116324324369, 0.25
0.353720556925, 0.851781915158, 8.36922708777, 0.570505924638, 50.5234554177, 8.96262401702, 1.5517618239, 1.86696325865, 18.3726219363, 0.194439827265, 0.0
0.880675055278, 0.967590768774, 5.14531610056, 0.618900638972, 1.26269464109, 1.66199319306, 0.536352122851, 1.43031118181, 24.1574392869, 0.109158764315, 0.4375
0.353720556925, 0.8720902849, 3.79085888238, 0.570505924638, 50.5234554177, 8.78050743385, 2.7139427364, 1.86696325865, 18.3726219363, 0.134207284816, 0.13768115942
0.302583273272, 1.13959552205, 9.62169044524, 0.608609403508, 94.6417995392, 2.78234689908, 3.20523988584, 0.446237371083, 2.34759755214, 0.100556189583, 0.585342333655
0.465666416439, 0.883955165468, 2.16761623089, 0.656094781772, 99.0800611149, 13.1219197698, 2.46133818024, 3.70636521335, 18.6636454704, 0.202822180593, 0.0
0.101936845912, 1.1861185226, 2.13768984904, 0.415307491892, 63.9384717464, 20.2850916193, 1.82720221922, 4.32426477081, 17.5628054199, 0.148646508955, 0.122807017544
0.418594494566, 1.0426558298, 2.81756702466, 0.599574520433, 63.2596516799, 2.86020953578, 2.49782023869, 3.45708684459, 43.2347522351, 0.119378981046, 0.463054187192
0.499837554254, 1.19050292759, 4.95431419896, 0.618900638972, 29.4666641822, 1.66199319306, 0.536352122851, 0.84458726476, 5.52139274155, 0.120468554063, 0.636363636364
0.180107398439, 1.15041772889, 3.15725054505, 0.503494031843, 38.6234382137, 7.55723578531, 0.250109820516, 3.84738525995, 3.60202765795, 0.122906268136, 0.68
0.166938871629, 1.1710895702, 6.96697336243, 0.670496202867, 61.8027027367, 38.7912732778, 3.27120083576, 3.3025401134, 28.2461738753, 0.244686507305, 0.0
0.895378431572, 1.14131869073, 2.25004935748, 0.545793803926, 97.9554881997, 2.78636470766, 2.70744227004, 4.47863704072, 15.1177237262, 0.169309987552, 0.116129032258
0.293400785756, 0.872817529091, 4.04052808144, 0.619935878051, 56.7020180479, 22.8740216111, 0.355975815148, 2.86502265038, 20.4879287152, 0.245122032141, 0.0
0.594811208956, 0.980261725449, 4.16600449443, 0.442916092929, 20.1691488768, 7.984017024, 3.32632500356, 2.26844468453, 10.0556567133, 0.208578257854, 0.0195530726257
0.157466026231, 0.965550175437, 9.17896059671, 0.525899580625, 6.72894177581, 36.9535703338, 2.61858455276, 2.96426147571, 17.3444822441, 0.256464234898, 0.0
0.212399056247, 0.841133503015, 6.16049463422, 0.54258742369, 88.3595110211, 16.6238339295, 3.10651342455, 2.1047606602, 42.5360845528, 0.199330137599, 0.0719794344473
0.745251894341, 1.17083915211, 2.80488920206, 0.520408004237, 81.3962725033, 10.3618439495, 2.31456835994, 3.71820356096, 26.7827827563, 0.258194528625, 0.0
0.144441938802, 0.841133503015, 6.16049463422, 0.54258742369, 88.3595110211, 16.6238339295, 3.10651342455, 0.356449798864, 42.5360845528, 0.179685198868, 0.156196943973
0.292862514807, 0.970882552625, 2.1196467173, 0.489195241066, 6.96809807241, 5.98785738062, 2.51858454728, 2.04228495981, 8.08257562987, 0.154797017566, 0.340782122905
0.259387171511, 1.11013183579, 8.14996478333, 0.440983764453, 66.1492056827, 7.30855851934, 3.70001200231, 3.76647438334, 24.8646758455, 0.161073926745, 0.320069204152
0.314150213415, 1.15077028611, 5.50854698694, 0.490581139431, 72.5535060725, 20.9393784831, 1.88190561119, 1.47811511194, 6.59277439534, 0.205625249314, 0.0454545454545
0.312089071693, 1.04503830474, 4.59543476726, 0.538214027846, 35.6389266325, 7.29288027741, 3.12859965774, 4.70644531732, 4.85846384668, 0.158431145404, 0.343065693431
0.571891013276, 0.880468557699, 2.02429526675, 0.447119373495, 81.9247136953, 3.12721920373, 0.526158812722, 4.47708674854, 7.25992781601, 0.151186043704, 0.461538461538
0.353599502492, 0.999551180078, 2.44645012817, 0.576062789082, 8.58292711435, 20.4664832313, 3.00648213796, 4.93044570055, 12.709833273, 0.260125797924, 0.00611620795107
0.493551623374, 1.01265323337, 9.93638658143, 0.684049779937, 65.3863545295, 33.796299306, 0.860058513908, 3.02008334792, 26.3434628843, 0.279709163427, 0.0
0.259387171511, 1.11013183579, 8.14996478333, 0.440983764453, 66.1492056827, 7.30855851934, 3.70001200231, 3.76647438334, 21.3408670077, 0.165177360707, 0.414666666667
0.755047262182, 0.913109060159, 8.08578887525, 0.570471239353, 91.8097046291, 19.2343931499, 0.643335502501, 1.0669245838, 43.5978868189, 0.293416564293, 0.0
0.164056668801, 0.905650540599, 8.97584552165, 0.541376027158, 86.9475538783, 16.6130248004, 0.760808546255, 2.6524885293, 29.6639502473, 0.185804335698, 0.25
0.179560750831, 0.934934087512, 3.50476392566, 0.623113099015, 52.3165420728, 43.3786273954, 2.94414705362, 0.196644724943, 30.8262844827, 0.301064223867, 0.0
0.593800313659, 1.12503715771, 6.12223476735, 0.559555290281, 54.5988033039, 24.2975905858, 1.62905438416, 4.21341117293, 19.3470511833, 0.30808300744, 0.0
0.174395983042, 1.17595648574, 4.86215022876, 0.670487760206, 79.5929752342, 20.1364158888, 3.81523594303, 0.550997514148, 22.2962760851, 0.232596272613, 0.122222222222
0.759933840388, 1.1421016589, 4.15099534534, 0.651942803064, 1.3075671679, 12.1395324286, 2.60576551766, 1.12735079659, 6.94134315156, 0.307660954816, 0.0123456790123
0.458082117353, 1.18628574075, 3.69189754444, 0.555437720542, 49.271810116, 26.7030643676, 1.53106366677, 1.26218336521, 33.3349596761, 0.32191509033, 0.0
0.264625454548, 0.833599233672, 2.0815498374, 0.613459581062, 53.517896576, 12.6814649828, 3.99191989158, 1.79501489202, 24.2560781503, 0.191636764335, 0.365415986949
0.566481657159, 1.1369145815, 9.30235709042, 0.499024609865, 4.59806976612, 21.7620123297, 0.45418146657, 1.29297800934, 35.8348325233, 0.213838686282, 0.125
0.101936845912, 1.1861185226, 7.00227286487, 0.415307491892, 63.9384717464, 20.2850916193, 2.88713037162, 4.32426477081, 17.5628054199, 0.194070459346, 0.418604651163
0.349597613523, 1.03391607792, 5.5844635695, 0.478828569204, 89.5325311764, 34.9544644544, 0.595528979163, 4.68142831924, 31.4196045209, 0.336165168541, 0.0
0.880374523617, 0.885278576748, 6.01030725656, 0.678698306883, 65.4187732675, 40.919362048, 0.210959863597, 2.33860717558, 22.806113517, 0.217434166402, 0.125
0.644194815291, 1.08065368066, 2.27023505403, 0.480664566016, 5.82431221206, 5.32961271989, 0.182399098251, 4.41606528961, 37.3386753071, 0.215075138729, 0.133333333333
0.571891013276, 0.880468557699, 2.02429526675, 0.447119373495, 81.9247136953, 3.12721920373, 0.526158812722, 4.41606528961, 7.25992781601, 0.186238904446, 0.666666666667
0.394787974119, 0.976298555669, 9.16339840337, 0.573828989305, 60.1205552332, 22.6334113186, 0.402635099222, 4.80652049579, 25.8008151283, 0.376382664953, 0.0
0.576870176228, 1.17823816965, 7.62903086545, 0.596507477544, 18.1431625978, 19.5487591199, 3.83553669301, 2.39921279255, 36.1994268429, 0.379680446676, 0.0
0.248977603166, 1.17685290622, 7.18599575205, 0.442170579973, 1.25964111899, 39.2945857836, 2.85200103788, 3.33111003213, 25.2179612045, 0.344374116096, 0.00869565217391
0.178550438564, 0.851781915158, 7.33546320704, 0.520489864957, 98.8951840849, 33.7337325927, 3.53884665481, 2.05027138533, 12.668531939, 0.26791436222, 0.0767441860465
0.340916588006, 0.987406629768, 8.47104377338, 0.662427942634, 41.7840811194, 43.2133753112, 2.49342518282, 4.1533741056, 27.5090331763, 0.38282162198, 0.0
0.666382978829, 0.942539009595, 2.88601121787, 0.543884620005, 18.8283920002, 49.416669566, 0.0839323764752, 0.0874341097356, 15.9374721044, 0.384324571183, 0.0
0.226078631754, 1.11263758472, 6.45437202349, 0.512771047967, 12.869660118, 45.3823866562, 2.3415709432, 2.97986000168, 10.3109040832, 0.35242456272, 0.0140845070423
0.107146517764, 0.913328900982, 8.84335161083, 0.669827846527, 57.6706624403, 34.1581766933, 1.45711709705, 1.8182306704, 28.7886700551, 0.207775563503, 0.408602150538
0.232391032972, 1.0643131362, 8.44053254239, 0.560200489266, 34.7197506292, 46.0578430972, 2.46640653534, 1.22516261306, 23.2151501436, 0.361302615378, 0.015873015873
0.258599877829, 0.881111839557, 3.70953527613, 0.664061878198, 22.5101405843, 26.612318974, 0.362953093174, 3.4191943913, 25.8018636576, 0.385885055047, 0.0
0.755047262182, 0.913109060159, 8.08578887525, 0.570471239353, 91.8097046291, 19.2343931499, 0.643335502501, 1.0669245838, 43.5978868189, 0.387130516097, 0.0
0.387418742762, 1.11954214806, 3.41582542659, 0.635801173101, 44.7463677079, 28.4828280749, 1.70685807113, 1.53429500237, 10.1558865078, 0.393778589699, 0.0
0.465273657018, 1.06257570174, 4.62303566811, 0.64114169549, 57.7306206396, 14.725926971, 1.03013564374, 2.94898317332, 8.72763404326, 0.252953794317, 0.15
0.500361214403, 1.18041144765, 8.14295436267, 0.595768664561, 30.5406002034, 34.9544644544, 3.38071047632, 4.73170631, 22.2742687807, 0.410742604208, 0.0
0.353599502492, 1.02232775136, 2.44645012817, 0.576062789082, 8.58292711435, 20.4664832313, 3.00648213796, 4.93044570055, 12.709833273, 0.308657679383, 0.0710526315789
0.486152321314, 1.06109345873, 7.76217719388, 0.686484819333, 35.9136752377, 44.7793267677, 2.03655941514, 2.43875815558, 29.6276337449, 0.418318006757, 0.0
0.707122855985, 0.825269599525, 7.17860320901, 0.574903608915, 88.4922339608, 39.8911188493, 0.355975815148, 0.423445045413, 20.4879287152, 0.435070035432, 0.0
0.226078631754, 1.11263758472, 6.45437202349, 0.512771047967, 12.869660118, 45.3823866562, 2.3415709432, 4.14430767206, 10.3109040832, 0.375813967685, 0.0263157894737
0.710864310884, 1.1421016589, 4.15099534534, 0.651942803064, 15.6991962835, 43.9864756408, 0.917332588719, 3.54200768267, 4.39246552219, 0.448982154651, 0.0
0.500361214403, 1.18041144765, 8.14295436267, 0.595768664561, 30.5406002034, 47.1802379963, 3.38071047632, 4.73170631, 22.2742687807, 0.456721062479, 0.0
0.312089071693, 1.14352720243, 6.70803729675, 0.608337211894, 26.0366327425, 48.9857294967, 0.917884940282, 2.98123836252, 21.931561601, 0.46890025862, 0.0
0.471411864412, 0.851545024315, 8.44566010905, 0.503568756, 76.5932104102, 41.084414299, 2.43437485029, 0.569893348679, 42.2859765444, 0.483592269551, 0.0
0.895378431572, 1.14131869073, 2.25004935748, 0.545793803926, 18.1704705958, 2.78636470766, 2.70744227004, 4.47863704072, 15.1177237262, 0.244921264461, 0.508620689655
0.612042331327, 1.06109345873, 7.76217719388, 0.607534456992, 35.9136752377, 44.7793267677, 2.03655941514, 2.43875815558, 41.1469011192, 0.48493573784, 0.0
0.489379632372, 1.08593037389, 8.43302308619, 0.686484819333, 61.0063085866, 43.1861053204, 1.73407012999, 2.09621951069, 29.6276337449, 0.507382603834, 0.0
0.739141948775, 0.980409839104, 8.07660011162, 0.523245031387, 80.061062382, 12.2936551943, 1.64978398562, 3.96482539063, 22.6697638468, 0.345296602446, 0.0731707317073
0.747101525429, 0.880287269378, 2.48006771888, 0.463153757774, 98.2133137395, 38.0083905222, 1.51954179196, 2.97986000168, 40.542626342, 0.528538496021, 0.0
0.759749034979, 0.972104074486, 6.05479326244, 0.494658845505, 91.53986458, 25.426673946, 1.70575959273, 1.60041646889, 28.8188139517, 0.538296564539, 0.0
0.349597613523, 1.03391607792, 5.5844635695, 0.478828569204, 71.5182758372, 47.1802379963, 0.595528979163, 4.68142831924, 31.4196045209, 0.540068961091, 0.0
0.563973798969, 1.0842185512, 8.15439088704, 0.559745909383, 99.8425329488, 49.339836053, 3.85967993745, 0.988976383624, 34.8881796634, 0.544776050706, 0.0
0.471411864412, 0.922735044566, 5.74455973617, 0.487298599526, 76.5932104102, 41.084414299, 2.25601405993, 0.569893348679, 35.9378462581, 0.548000169472, 0.0
0.805263376144, 1.17083915211, 2.90998864469, 0.656882235393, 19.8878312765, 43.4250411066, 2.62665428335, 3.05256284481, 23.622622692, 0.601912432358, 0.0
0.747101525429, 0.880287269378, 2.48006771888, 0.463153757774, 77.715212366, 38.0083905222, 1.51954179196, 4.14430767206, 40.542626342, 0.628563899609, 0.0
0.754128435207, 0.844057052225, 2.13768984904, 0.441322993717, 74.9827378384, 39.9693457475, 0.958733641408, 2.20624383163, 30.1619498652, 0.645085004821, 0.0
0.782026920221, 0.890846015906, 9.55685944068, 0.515400445014, 27.911533001, 48.7736932688, 0.194692132087, 4.34801319113, 29.650910538, 0.748018587349, 0.0
0.174395983042, 1.06900384372, 4.86215022876, 0.670487760206, 79.5929752342, 20.1364158888, 3.81523594303, 0.550997514148, 22.2962760851, 0.269441205448, 0.265017667845
0.258599877829, 0.881111839557, 3.70953527613, 0.664061878198, 22.5101405843, 26.612318974, 0.362953093174, 3.4191943913, 25.8018636576, 0.298609176102, 0.153846153846
0.486926688929, 0.945508888369, 5.59716689339, 0.532325285613, 68.1390201491, 24.9690171923, 0.380478489265, 3.68144941669, 2.68813073475, 0.284196141498, 0.272727272727
0.257623741894, 0.937438036466, 2.97322919543, 0.572758451618, 33.740201748, 21.4819869857, 1.10850428668, 0.133328744353, 24.7889870114, 0.28960300282, 0.406779661017
0.314150213415, 1.15077028611, 5.50854698694, 0.546544856439, 72.5535060725, 20.9393784831, 2.51858454728, 1.47811511194, 8.08257562987, 0.321729029669, 0.215517241379
0.617766795135, 1.00170869462, 6.2076422125, 0.553190030572, 39.160215679, 25.33298752, 2.79160171209, 0.429765760234, 15.5471568766, 0.473308552111, 0.0387596899225
0.710864310884, 1.00456420905, 4.75247699056, 0.658003657313, 15.6991962835, 43.9864756408, 1.71501197461, 3.54200768267, 4.39246552219, 0.390638422782, 0.0909090909091
0.607120285321, 0.900958944838, 5.73814462647, 0.639940241639, 60.4869840876, 12.0135104096, 3.03754368173, 0.849013142896, 28.8643860903, 0.343286703891, 0.153985507246
0.166938871629, 1.1710895702, 6.96697336243, 0.497394935086, 61.8027027367, 38.7912732778, 3.27120083576, 3.3025401134, 28.2461738753, 0.330952433058, 0.226039783002
