0.104845607442, 0.849819938646, 7.99888878327, 0.692762183052, 87.1327602574, 1.02187551953, 0.06447447748, 1.80809545221, 6.42507323377, 0.000412102221229, 0.0
0.104845607442, 0.824587484112, 7.99888878327, 0.504528332695, 21.20044171, 1.02187551953, 0.385212424758, 0.901469715253, 3.62179738431, 0.00159652347021, 0.0
0.104845607442, 1.02737211275, 3.94732671627, 0.504528332695, 87.1327602574, 1.02187551953, 0.046712475632, 1.50555679897, 3.62179738431, 0.000510605410558, 0.142857142857
0.100571692441, 0.899775452677, 4.16600449443, 0.669827846527, 91.8418501037, 1.66199319306, 0.046712475632, 1.8182306704, 3.62179738431, 0.000588027166781, 0.125
0.102997804933, 0.871090149057, 3.04276920333, 0.519116796415, 52.3165420728, 1.46726237912, 0.046712475632, 1.8182306704, 2.18245832938, 0.00175499547804, 0.0
0.100313606825, 1.16492931777, 6.21648580502, 0.504528332695, 76.6291264213, 1.02187551953, 0.046712475632, 2.62533348185, 1.23553551394, 0.000656620001857, 0.8125
0.104845607442, 0.871090149057, 7.99888878327, 0.504528332695, 55.8499065254, 1.00030139512, 0.385212424758, 0.901469715253, 2.66268370508, 0.000725324654667, 0.25
0.104845607442, 0.9128693159, 7.99888878327, 0.692762183052, 87.1327602574, 1.02187551953, 0.06447447748, 1.80809545221, 25.1719573149, 0.00261253405426, 0.0
0.102997804933, 1.02737211275, 4.16600449443, 0.504528332695, 87.1327602574, 1.01935186101, 0.046712475632, 1.80809545221, 3.62179738431, 0.00194577526402, 0.142857142857
0.104845607442, 1.02737211275, 4.16600449443, 0.565241704197, 86.4370768543, 1.01935186101, 0.042565106494, 1.80809545221, 3.62179738431, 0.00166569722137, 0.363636363636
0.104845607442, 1.02737211275, 3.94732671627, 0.504528332695, 87.1327602574, 1.02187551953, 0.0400623760512, 1.50555679897, 2.18245832938, 0.00113249145605, 0.739130434783
0.104845607442, 1.02737211275, 3.94732671627, 0.504528332695, 87.1327602574, 1.02187551953, 0.046712475632, 1.8182306704, 3.62179738431, 0.00181910793699, 0.285714285714
0.104845607442, 0.9128693159, 7.99888878327, 0.692762183052, 87.1327602574, 1.02187551953, 0.06447447748, 1.80809545221, 25.1719573149, 0.00318522335631, 0.0
0.104845607442, 0.9128693159, 7.99888878327, 0.692762183052, 87.1327602574, 1.02187551953, 0.385212424758, 1.80809545221, 2.66268370508, 0.00172437364901, 0.533333333333
0.104845607442, 0.827629088365, 7.99888878327, 0.555437720542, 87.1327602574, 1.67046460404, 0.00276464190022, 1.80809545221, 3.41650486172, 0.00303738272109, 0.285714285714
0.104845607442, 0.925013172612, 6.33761142148, 0.504528332695, 86.4370768543, 1.02187551953, 0.042565106494, 2.62533348185, 1.61183060495, 0.00321821050109, 0.0625
0.104845607442, 0.824587484112, 7.99888878327, 0.500439089852, 85.7613526799, 1.02187551953, 0.06447447748, 4.21664053367, 1.86394832449, 0.00324682906404, 0.0
0.104845607442, 0.925013172612, 6.33761142148, 0.504528332695, 86.4370768543, 1.02187551953, 0.042565106494, 2.62533348185, 1.61183060495, 0.00327119972267, 0.0
0.104845607442, 1.02737211275, 6.39963921252, 0.565241704197, 86.4370768543, 1.01935186101, 0.042565106494, 2.59668233549, 3.62179738431, 0.00330825000322, 0.0
0.104845607442, 0.821924574099, 7.99888878327, 0.504528332695, 87.1327602574, 1.02187551953, 0.06447447748, 1.80809545221, 6.42507323377, 0.00329532149168, 0.4
0.102997804933, 0.913328900982, 8.87415961205, 0.669827846527, 38.6234382137, 1.02187551953, 2.54728106116, 4.10963322002, 1.09669659815, 0.00338523433188, 0.0625
0.104845607442, 0.824587484112, 8.78930452236, 0.500439089852, 85.7613526799, 1.02187551953, 0.06447447748, 2.62533348185, 3.63863576133, 0.00349423428046, 0.0
0.100440994166, 0.850090178802, 6.33761142148, 0.504528332695, 76.6291264213, 1.02187551953, 0.046712475632, 2.62533348185, 1.23553551394, 0.00332955781694, 0.5
0.102997804933, 1.05722744707, 6.21648580502, 0.504528332695, 87.1327602574, 1.01935186101, 0.046712475632, 0.300693456414, 3.62179738431, 0.00357666001078, 0.0
0.100313606825, 1.16492931777, 6.21648580502, 0.504528332695, 76.6291264213, 1.02187551953, 0.046712475632, 2.62533348185, 1.23553551394, 0.00359697937733, 0.0
0.104845607442, 0.824587484112, 7.99888878327, 0.637623239271, 87.1327602574, 1.02187551953, 0.0463413892435, 2.62533348185, 3.62179738431, 0.00373118033203, 0.0
0.102600335376, 0.967590768774, 7.14194903294, 0.669204178548, 90.3635551037, 1.31271996656, 0.06447447748, 1.43031118181, 20.6339111032, 0.0036344289975, 0.2
0.104845607442, 0.824587484112, 7.99888878327, 0.504528332695, 99.0932011991, 1.62784690443, 0.0118711317909, 1.80809545221, 6.42507323377, 0.00370867586468, 0.142857142857
0.100763363109, 0.967590768774, 5.14531610056, 0.637623239271, 87.1327602574, 1.66199319306, 0.536352122851, 1.43031118181, 24.1574392869, 0.00375435484033, 0.0
0.104845607442, 0.871090149057, 7.99888878327, 0.504528332695, 55.8499065254, 1.00030139512, 0.385212424758, 0.901469715253, 2.66268370508, 0.0040788088091, 0.0
0.104845607442, 0.937139257305, 7.78380162471, 0.699650328199, 87.1327602574, 1.02187551953, 2.8712725408, 1.80809545221, 6.42507323377, 0.00384831293351, 0.0238095238095
0.102997804933, 0.913328900982, 8.87415961205, 0.669827846527, 38.6234382137, 1.02187551953, 2.54728106116, 4.10963322002, 1.09669659815, 0.00408970384397, 0.0
0.101404820092, 0.834943560302, 7.99888878327, 0.692762183052, 87.1327602574, 1.02187551953, 0.0166250723447, 0.901469715253, 6.5784997972, 0.0040635655219, 0.333333333333
0.104845607442, 1.02737211275, 4.16600449443, 0.565241704197, 86.4370768543, 1.01935186101, 0.042565106494, 1.80809545221, 3.62179738431, 0.00396151866633, 0.461538461538
0.104845607442, 0.824587484112, 7.99888878327, 0.637623239271, 87.1327602574, 1.02187551953, 2.11248257636, 2.62533348185, 3.62179738431, 0.00425084369537, 0.0229885057471
0.104845607442, 0.823233439319, 7.99888878327, 0.538214027846, 87.1327602574, 1.02187551953, 0.385212424758, 1.80809545221, 3.62179738431, 0.00431007417556, 0.0
0.102997804933, 0.847391447262, 3.16814743726, 0.669827846527, 87.1457862146, 1.18347516455, 3.59498486163, 1.8182306704, 2.18245832938, 0.00428426434698, 0.0396341463415
0.104845607442, 0.849819938646, 7.99888878327, 0.692762183052, 87.1327602574, 1.02187551953, 0.0166250723447, 0.901469715253, 6.42507323377, 0.0042625218579, 0.214285714286
0.176042197383, 0.967590768774, 5.14531610056, 0.637623239271, 1.01689021017, 1.66199319306, 0.06447447748, 2.35687809885, 43.6458963542, 0.00433224374276, 0.0
0.102997804933, 1.07402140542, 4.16600449443, 0.669827846527, 38.6234382137, 1.46726237912, 2.54728106116, 1.80809545221, 1.05826716157, 0.00433438280165, 0.0909090909091
0.10407698237, 1.02737211275, 3.94732671627, 0.504528332695, 87.1327602574, 1.02187551953, 0.0400623760512, 1.50555679897, 3.62179738431, 0.00444346516012, 0.0
0.104845607442, 1.05323974303, 3.94732671627, 0.504528332695, 87.1327602574, 1.02187551953, 0.046712475632, 2.30973321286, 2.18245832938, 0.00439314358425, 0.533333333333
0.104845607442, 0.824587484112, 7.99888878327, 0.439298613695, 87.1327602574, 1.02187551953, 2.05966353562, 1.80809545221, 6.42507323377, 0.00446326454493, 0.00934579439252
0.100313606825, 1.16492931777, 6.21648580502, 0.504528332695, 76.6291264213, 1.02187551953, 0.0320231898417, 2.62533348185, 1.23553551394, 0.00479742329997, 0.0
0.102636971811, 0.823233439319, 7.99888878327, 0.538214027846, 87.1327602574, 1.02187551953, 3.88488238235, 1.80809545221, 3.62179738431, 0.00479267453371, 0.0303867403315
0.104845607442, 0.824587484112, 8.95994233712, 0.538214027846, 87.1327602574, 1.02187551953, 3.3340253762, 1.80809545221, 3.62179738431, 0.00453293562792, 0.044502617801
0.104845607442, 0.824587484112, 8.90565395246, 0.504528332695, 87.1327602574, 1.02187551953, 3.3340253762, 1.80809545221, 2.18245832938, 0.0045327560082, 0.0611111111111
0.104845607442, 0.824587484112, 7.78380162471, 0.637623239271, 87.1327602574, 1.02187551953, 2.8712725408, 1.80809545221, 6.42507323377, 0.00481914722216, 0.0
0.104845607442, 0.824587484112, 8.95994233712, 0.504528332695, 87.1327602574, 1.02187551953, 3.3340253762, 1.80809545221, 3.62179738431, 0.00474136664091, 0.0482573726542
0.102997804933, 0.913328900982, 8.87415961205, 0.669827846527, 38.6234382137, 1.46726237912, 2.54728106116, 4.10963322002, 1.09669659815, 0.0045679704494, 0.0686274509804
0.104845607442, 0.823865996845, 8.90565395246, 0.546985894779, 13.9043325618, 1.02187551953, 3.3340253762, 1.80809545221, 2.18245832938, 0.00469699589835, 0.0645161290323
0.104845607442, 0.824587484112, 8.65978451812, 0.504528332695, 87.1327602574, 1.02187551953, 0.06447447748, 1.80809545221, 6.42507323377, 0.00497169874864, 0.0
0.104845607442, 1.03970833787, 7.99888878327, 0.538214027846, 99.0323174088, 1.02187551953, 3.88488238235, 4.21664053367, 3.79749656079, 0.00492293620488, 0.0252808988764
0.104845607442, 0.824587484112, 7.99888878327, 0.448241165648, 85.7613526799, 1.02187551953, 3.88488238235, 4.21664053367, 3.62179738431, 0.00479580889078, 0.0510440835267
0.102997804933, 0.879494523671, 8.87415961205, 0.699650328199, 37.0985023461, 1.02187551953, 2.8712725408, 4.10963322002, 1.09669659815, 0.00461912303186, 0.324675324675
0.100763363109, 1.06905157595, 6.92946570967, 0.504528332695, 87.1327602574, 1.66199319306, 0.536352122851, 1.37082703994, 24.1574392869, 0.00463798864019, 0.111111111111
0.104845607442, 0.925013172612, 6.33761142148, 0.504528332695, 86.4370768543, 1.02187551953, 0.042565106494, 2.62533348185, 1.86394832449, 0.00466543966658, 0.0909090909091
0.100487292239, 0.826274781554, 8.93012981849, 0.504528332695, 21.20044171, 1.02187551953, 0.385212424758, 0.901469715253, 6.42507323377, 0.00502888759563, 0.0
0.104845607442, 0.824587484112, 7.99888878327, 0.538214027846, 26.0366327425, 1.02187551953, 3.88488238235, 0.998434367514, 3.62179738431, 0.00501009964205, 0.022792022792
0.104845607442, 0.823753360586, 8.90565395246, 0.546985894779, 13.9043325618, 1.02187551953, 2.77281854902, 1.80809545221, 6.6973369892, 0.00494539856869, 0.032
0.104845607442, 0.824587484112, 8.90565395246, 0.504528332695, 87.1327602574, 1.02187551953, 3.3340253762, 1.80809545221, 2.18245832938, 0.00485576688283, 0.0817941952507
0.104845607442, 0.9128693159, 5.68820663219, 0.692762183052, 87.1327602574, 1.02187551953, 0.385212424758, 1.80809545221, 2.66268370508, 0.00468907135573, 0.2
0.104845607442, 0.823865996845, 8.90565395246, 0.546985894779, 13.9043325618, 1.02187551953, 3.3340253762, 1.80809545221, 2.18245832938, 0.00474945735821, 0.118733509235
0.104845607442, 1.02737211275, 4.16600449443, 0.565241704197, 86.4370768543, 1.01935186101, 0.042565106494, 2.59668233549, 3.62179738431, 0.00510916417772, 0.0
0.104845607442, 0.824587484112, 8.95994233712, 0.504528332695, 87.1327602574, 1.02187551953, 3.3340253762, 1.80809545221, 3.62179738431, 0.00504265447111, 0.036496350365
0.104845607442, 1.04503830474, 7.99888878327, 0.538214027846, 85.7613526799, 1.02187551953, 3.88488238235, 4.21664053367, 3.62179738431, 0.00495166134108, 0.0383693045564
0.104845607442, 0.828423485275, 7.99888878327, 0.519807470926, 87.1327602574, 1.67046460404, 0.06447447748, 1.80809545221, 6.42507323377, 0.00472065465942, 0.631578947368
0.104845607442, 0.824587484112, 7.99888878327, 0.519807470926, 87.1327602574, 1.67046460404, 0.00276464190022, 1.80809545221, 6.42507323377, 0.00477277993814, 0.285714285714
0.104845607442, 0.937410749558, 7.99888878327, 0.692762183052, 87.1327602574, 1.02187551953, 0.06447447748, 0.901469715253, 6.42507323377, 0.00485602983951, 0.2
0.104845607442, 0.967590768774, 2.85513620239, 0.696858388132, 87.1327602574, 1.21663560272, 0.06447447748, 1.8182306704, 2.18245832938, 0.00518215881761, 0.0
0.104845607442, 1.04503830474, 7.99888878327, 0.538214027846, 85.7613526799, 1.02187551953, 3.88488238235, 4.21664053367, 3.62179738431, 0.00511854945275, 0.0204603580563
0.104802660949, 0.823865996845, 8.90565395246, 0.546985894779, 13.9043325618, 1.02187551953, 3.3340253762, 1.80809545221, 3.62179738431, 0.00495748492619, 0.0779944289694
0.104845607442, 1.04503830474, 7.99888878327, 0.538214027846, 85.7613526799, 1.02187551953, 3.88488238235, 4.21664053367, 3.62179738431, 0.00505060679246, 0.0574712643678
0.104845607442, 0.823233439319, 7.99888878327, 0.538214027846, 87.1327602574, 1.02187551953, 3.88488238235, 1.80809545221, 3.62179738431, 0.00505311162982, 0.0526315789474
0.104845607442, 1.09653218897, 4.16600449443, 0.565241704197, 86.4370768543, 1.01935186101, 0.042565106494, 1.80809545221, 3.62179738431, 0.00479203003378, 0.466666666667
0.104845607442, 0.91843505032, 8.81859875076, 0.692762183052, 87.1327602574, 1.02187551953, 0.06447447748, 1.80809545221, 6.42507323377, 0.00522654012897, 0.0
0.104845607442, 1.04503830474, 5.28179591767, 0.538214027846, 85.7613526799, 1.02187551953, 3.88488238235, 4.17068805312, 3.62179738431, 0.00515256583369, 0.0323325635104
0.104845607442, 0.824587484112, 8.90565395246, 0.504528332695, 82.6211577669, 1.02187551953, 3.3340253762, 1.80809545221, 2.18245832938, 0.00515047876686, 0.0422163588391
0.104845607442, 0.824587484112, 7.99888878327, 0.538214027846, 85.7613526799, 1.02187551953, 3.88488238235, 4.21664053367, 3.62179738431, 0.00521313490792, 0.0285714285714
0.104845607442, 1.04503830474, 8.95994233712, 0.504528332695, 87.1327602574, 1.02187551953, 3.3340253762, 4.21664053367, 3.62179738431, 0.00514606972784, 0.044226044226
0.104845607442, 0.925013172612, 7.99888878327, 0.637623239271, 86.4370768543, 1.02187551953, 0.0463413892435, 2.62533348185, 3.62179738431, 0.00513668315629, 0.176470588235
0.104845607442, 1.09653218897, 7.99888878327, 0.697186924501, 86.4370768543, 1.01935186101, 0.042565106494, 1.80809545221, 3.62179738431, 0.00506657795374, 0.421052631579
0.101404820092, 0.849819938646, 7.99888878327, 0.692762183052, 87.1327602574, 1.02187551953, 0.0166250723447, 0.901469715253, 6.42507323377, 0.00513733229296, 0.142857142857
0.104845607442, 1.04503830474, 6.16049463422, 0.684528444317, 26.0366327425, 1.02187551953, 3.75767510645, 1.29723268823, 40.9196064478, 0.00526689497692, 0.0
0.104845607442, 0.821009045357, 7.99888878327, 0.446440611635, 85.7613526799, 1.02187551953, 3.88488238235, 4.21664053367, 3.62179738431, 0.00516706877444, 0.0352941176471
0.104845607442, 1.04503830474, 8.77920943278, 0.538214027846, 85.7613526799, 1.02187551953, 3.88488238235, 4.21664053367, 4.40853413951, 0.00530605506495, 0.0322580645161
0.104845607442, 1.02737211275, 4.7495218842, 0.504528332695, 87.1327602574, 1.02187551953, 0.046712475632, 1.50555679897, 3.62179738431, 0.00534412071136, 0.0
0.104845607442, 0.828423485275, 7.99888878327, 0.538214027846, 26.0366327425, 1.02187551953, 3.98045701682, 4.21664053367, 6.42507323377, 0.00519746076188, 0.0369393139842
0.104845607442, 0.937139257305, 7.99888878327, 0.692762183052, 87.1327602574, 1.35656601926, 2.8712725408, 1.80809545221, 6.42507323377, 0.00537272568349, 0.0
0.104845607442, 0.824587484112, 8.95994233712, 0.439298613695, 89.52711554, 1.02187551953, 3.3340253762, 1.69298855742, 6.42507323377, 0.00528603908048, 0.0610687022901
0.104845607442, 0.824587484112, 7.99888878327, 0.519807470926, 87.1327602574, 1.02187551953, 2.05966353562, 1.80809545221, 6.42507323377, 0.00552989647415, 0.00680272108844
0.102997804933, 0.967590768774, 4.16600449443, 0.669827846527, 65.2383709107, 1.27378707642, 2.15015251335, 1.8182306704, 3.62179738431, 0.00543501544124, 0.020202020202
0.104845607442, 0.824587484112, 7.99888878327, 0.555437720542, 87.1327602574, 1.67046460404, 0.00276464190022, 1.80809545221, 3.41650486172, 0.00553524510519, 0.0
0.104845607442, 1.04503830474, 5.28179591767, 0.540953802952, 85.7613526799, 1.02187551953, 3.88488238235, 4.6338833611, 3.62179738431, 0.00538699746757, 0.0343137254902
0.104845607442, 0.937139257305, 7.99888878327, 0.699650328199, 87.1327602574, 1.67046460404, 1.50424205237, 1.80809545221, 6.42507323377, 0.00562127891131, 0.0
0.104845607442, 0.937139257305, 8.97374584181, 0.536036810774, 87.1327602574, 1.02187551953, 2.8712725408, 1.80809545221, 6.42507323377, 0.00557645668602, 0.00840336134454
0.104845607442, 1.04503830474, 8.77920943278, 0.538214027846, 85.7613526799, 1.02187551953, 3.88488238235, 4.21664053367, 4.40853413951, 0.00549682887179, 0.0398936170213
0.104845607442, 1.03970833787, 7.99888878327, 0.538214027846, 99.0323174088, 1.02187551953, 3.88488238235, 4.21664053367, 4.40853413951, 0.00549364416111, 0.045871559633
0.100571692441, 0.899775452677, 4.16600449443, 0.669827846527, 91.8418501037, 1.66199319306, 0.046712475632, 1.8182306704, 3.62179738431, 0.00545045703449, 0.2
0.104845607442, 1.04503830474, 6.16049463422, 0.517931534751, 26.0366327425, 1.02187551953, 3.75767510645, 1.29723268823, 40.9196064478, 0.00562276028778, 0.0
