3.98499886508, 1.00000048942, 1.68338772985, 0.98825624916, 5.71608364154, 0.860380731429, 5.565936432, 1.02846384898, 0.949244697326, 5.73388743114, 5.32335617173, 0.991299195334, 4.62588719984, 1.13163893523, 1.09000030998, 1.03387466098, 1.04333116849, 1.05544253593, 5.37680369782, 1.17352833316, 0.952824410093, 545.806723229, 1.05264364395, 1.87679993726, 0.966990704984, 2.79870279537, 1.29941509173, 455.252795177, 1.07238605898
5.28278049444, 1.00000023295, 1.60777218563, 0.93801127136, 1.90700395107, 0.764939417177, 3.92778771426, 1.02325135504, 0.962545684938, 1.46423970071, 5.93225636068, 1.0673207019, 4.10489462632, 1.15304629264, 1.09000014358, 1.09647985259, 1.03232858304, 1.21077304025, 5.9078508949, 1.13877272914, 0.776224933935, 384.510436351, 0.920709116549, 2.40153078657, 0.967990210233, 4.99338095853, 0.889534095097, 605.578690575, 0.0
4.51537060982, 1.00000075959, 1.51049759123, 0.938483638048, 2.67093964663, 0.966041837327, 4.26307156818, 1.07886484241, 0.90245342666, 1.76408416659, 4.845684079, 1.15521153208, 3.64967963686, 1.1399077544, 1.09000053469, 1.01030613756, 1.02720674974, 0.976094018452, 4.65699275672, 1.02504701437, 0.813030069005, 329.274596457, 1.09554912781, 5.44369483486, 1.1431729789, 2.17884924245, 1.1305811067, 358.063412828, 2.14477211796
3.54621669974, 1.0000000373, 1.21084535524, 0.884907190624, 4.71866708166, 0.987540562178, 1.24167672897, 1.10321824691, 0.953600117238, 1.90733267192, 6.04912696329, 1.12232147728, 2.9309825109, 1.2607818295, 1.09000058553, 1.02519759781, 1.0486227374, 0.842068839819, 8.7723690328, 1.18409609486, 0.974982473757, 869.479198656, 1.19421853899, 1.07318319332, 0.983422356686, 1.28566683421, 0.921718757412, 56.797662077, 3.48525469169
5.9338386474, 1.00000085168, 1.24831771148, 1.15718273803, 4.90162995756, 0.881639568422, 3.35170454831, 1.00240100846, 0.950010206017, 2.67108964351, 4.88690109429, 0.886605811275, 3.58347410947, 1.10757876796, 1.09000016116, 1.02417054233, 1.01251275799, 1.08292076583, 5.72554804968, 0.972610007336, 0.930139800845, 455.246074079, 1.10863843883, 1.9399038491, 1.20916015062, 3.31162342386, 0.875207504194, 430.104208164, 1.87667560322
1.57941099991, 1.00000097275, 1.07727559559, 1.15205661604, 5.73313964259, 0.836793090405, 5.11003905574, 1.24143438282, 0.975816825422, 4.84591973661, 5.78200250704, 0.983669038923, 4.55920422025, 0.821687023426, 1.09000082526, 1.07645482999, 1.00555960158, 0.974385058556, 9.41741795932, 1.00549380402, 0.806289050776, 758.188643049, 0.972668280664, 4.35578357624, 1.12876539925, 1.10439973056, 1.12749724015, 446.371692822, 1.60857908847
2.32261751844, 1.00000080749, 1.31311464748, 1.06097781871, 1.82687246101, 0.759948838166, 1.32301211274, 1.00021736595, 0.984475172971, 2.28415541776, 6.13927097429, 1.09717055824, 2.3278126303, 1.08717929606, 1.09000001036, 1.00842985023, 1.01586335924, 0.951416389486, 9.43829860141, 1.09606974777, 0.812157292237, 243.658275676, 0.929289661866, 1.09384120024, 1.04008323362, 4.79751934472, 0.992339027059, 955.636204732, 1.34048257373
3.15513488763, 1.00000034089, 1.54099190539, 1.18888675019, 2.51098896321, 0.898348717026, 5.31516648808, 1.16833586941, 0.982590467279, 5.09712356178, 5.40921509622, 1.20571015664, 3.76764286573, 1.26787009986, 1.09000072206, 1.03053389831, 1.02202313484, 1.16926177511, 6.08996818379, 1.1224537685, 0.761411067488, 711.124347984, 0.969566639853, 5.00494934222, 1.1776524649, 1.18281678086, 1.07487682851, 1324.21537529, 0.0
3.53328313004, 1.00000015969, 1.48715368043, 0.815081552712, 6.48625555709, 0.841877648661, 3.88144672129, 1.1002830379, 0.993355392613, 1.41658719611, 6.16965299373, 1.00704974378, 3.16011234698, 1.0517348634, 1.09000021799, 1.06601119614, 1.03261553585, 0.849944599332, 7.3602006274, 0.928456978347, 0.766694244711, 815.757399938, 1.06920014609, 4.47289538066, 1.17394369684, 1.25581369275, 1.17948961853, 428.571194895, 2.9490616622
1.02829942235, 1.00000036947, 1.19114006984, 1.10310073227, 6.07588178304, 0.887913770597, 2.60162912809, 1.01289402449, 0.954839491821, 4.84325288886, 5.64223458025, 1.11839991208, 3.65896519902, 1.081780997, 1.0900008117, 1.00108659396, 1.01664227152, 1.07663198813, 6.39868284861, 1.14029504101, 0.9526979105, 861.440083945, 0.968202210128, 3.91061267934, 0.964513745161, 2.72930731772, 0.929945633539, 395.330406268, 3.21715817694
4.87435215717, 1.00000038844, 1.21772266572, 0.90282824373, 6.78372554632, 0.88605005312, 2.32212624391, 1.06426815747, 0.904583335124, 1.3307227759, 5.52179397378, 1.07158215789, 4.59121045276, 1.10594912793, 1.09000037261, 1.00584650204, 1.04679008923, 1.09023736788, 6.33604295872, 1.00614123559, 0.908733799764, 315.169400875, 1.09362369808, 3.86005836626, 1.19305984825, 5.26491081585, 0.967265148094, 94.9178577618, 6.16621983914
3.11530957984, 1.00000025176, 1.52352133973, 0.8825205786, 5.58987517969, 0.987461048139, 1.56428291344, 1.14360607573, 0.977962392126, 2.09620717329, 5.10716537274, 1.19918746133, 3.24356278505, 0.846033840034, 1.09000018683, 1.09143850116, 1.04224462753, 0.912658594075, 5.74702096287, 1.117952008, 0.782091162788, 618.482509302, 1.17605021201, 5.58499983884, 1.02716500722, 4.45315203834, 0.969023026075, 698.755250494, 1.87667560322
5.43945669223, 1.00000094505, 1.15203947083, 1.11163673656, 3.09381284588, 0.925035998671, 5.31659887105, 1.22268496031, 0.9706575419, 4.21114140074, 5.95252905744, 1.02039331581, 4.72954850869, 1.21127302877, 1.09000067891, 1.01773268525, 1.01982030939, 1.20313541494, 9.30281611478, 1.13321352014, 0.954512403493, 734.774787249, 0.954927365792, 4.82598132523, 1.16209100152, 4.06727854196, 1.12521699377, 497.989087663, 2.41286863271
4.30601796802, 1.00000053521, 1.73769712791, 0.851414853957, 6.4798844822, 0.872459602188, 2.05437946025, 1.06176040508, 0.937709488414, 3.49136600502, 5.38309945194, 0.882050379975, 2.62907740151, 1.03901488303, 1.09000039901, 1.00321135963, 1.01969979064, 1.04125281321, 4.09390285351, 0.966147666884, 0.926574013106, 432.630392568, 1.0528624198, 5.32530218716, 1.16253954119, 2.49902458428, 1.01727310849, 1011.54691454, 1.60857908847
1.65181735966, 1.00000026016, 1.34346265309, 1.17785809049, 6.20547804473, 0.72137499907, 2.60807534794, 1.10661502904, 0.927081344358, 2.50001029249, 5.59395206456, 1.08196641708, 3.1955984225, 1.06354715705, 1.09000081296, 1.06489920687, 1.00998522535, 1.18299989995, 3.31296412212, 0.982395474945, 0.814973900951, 228.614450078, 0.932023024149, 4.40023107659, 1.09682274177, 5.06424950328, 1.29861713807, 1402.3890114, 0.536193029491
4.31455018209, 1.00000011229, 1.30395524921, 1.16709451565, 1.97808489367, 0.749221772808, 4.10640249291, 1.20379081722, 0.942999549157, 5.31207455981, 4.84867288759, 1.15461675244, 3.35472887817, 0.939019523908, 1.09000025124, 1.077237565, 1.02124217828, 1.12537991914, 6.58987368139, 0.999604436908, 0.985732843437, 21.257179444, 1.12427525841, 4.5901693074, 1.03073971995, 4.01787740034, 1.29730793855, 2102.07355263, 0.0
1.39378495592, 1.00000046717, 1.13659360249, 0.923510792499, 2.9579309703, 0.819013445749, 3.22489910874, 1.1484796064, 0.907603388151, 4.27214828143, 6.23368093444, 0.948199646605, 2.14247702964, 1.09993123377, 1.09000091531, 1.03003394844, 1.03261553585, 1.18051763424, 7.08903838298, 1.04368995853, 0.78851967616, 7.53558235651, 1.01533183959, 2.84737537191, 1.12936900425, 3.03866893072, 1.05235659928, 416.63622312, 3.21715817694
1.94058179929, 1.00000096129, 1.57029381239, 0.93373947928, 3.75618254779, 0.823087121553, 5.19533177318, 1.17914734283, 0.908276357748, 5.61987900263, 5.73315411914, 1.06107510781, 1.63296516861, 1.27179063643, 1.09000076194, 1.02388640124, 1.04650258765, 0.944074395246, 7.44990494492, 1.08824912807, 0.866231117866, 817.511307264, 1.19590077749, 2.43485983802, 0.996717500393, 2.08181871614, 0.96926625791, 399.147185073, 3.75335120643
1.16136511049, 1.00000052554, 1.50994752606, 0.869199978753, 2.0016020137, 0.914932234032, 2.21090875371, 1.02240438949, 0.986982551077, 2.44263842321, 5.49342324935, 1.0117684263, 2.0773960291, 1.19527404767, 1.09000019939, 1.10416317863, 1.03747375737, 0.940800261413, 7.24461855869, 1.07783634383, 0.809927445533, 956.544241726, 1.02764844986, 3.0671531877, 1.15928722198, 4.3347722133, 1.06873676768, 175.360094545, 6.70241286863
5.77841504477, 1.0000000257, 1.32490597833, 0.831599700311, 5.76874535826, 0.982919072826, 3.81893138345, 1.22926787252, 0.986570219565, 1.37479203288, 6.10639058277, 0.972565402214, 2.02469331544, 1.11799748235, 1.09000049741, 1.03368347285, 1.03412567007, 0.941834083627, 7.21156075017, 0.976069404973, 0.937570934066, 634.075004397, 1.10409230966, 2.83747281675, 1.2045368831, 2.80571439006, 1.11401421589, 976.109330185, 2.14477211796
4.84174682455, 1.000000637, 1.39933567509, 1.13008842114, 6.05915802733, 0.722912029596, 5.33712387601, 1.10356107385, 0.977856782596, 1.61601417304, 6.09391289228, 1.19034495263, 1.47061626653, 0.983718416449, 1.0900002553, 1.0707012713, 1.01634615208, 1.20013970766, 6.76021172082, 1.02201033071, 0.8234843496, 958.605261609, 1.08649086452, 1.36683368951, 1.21354394829, 4.04675274503, 1.22554119979, 788.750780075, 2.41286863271
5.04250205528, 1.0000001735, 1.66919648957, 1.03950978793, 5.47752522701, 0.904127889195, 4.08612042891, 1.12153699805, 0.917946627053, 4.76474597497, 5.13372534509, 1.14564408537, 4.36289811532, 1.15371626365, 1.0900002281, 1.09823884087, 1.03459369669, 1.17390769043, 4.17909182611, 1.13134146484, 0.771528091151, 714.066448154, 1.15365577182, 4.68577732466, 1.051100993, 4.1711119565, 1.18115786505, 1108.05528693, 1.60857908847
1.39378495592, 1.00000046717, 1.34797774371, 0.923510792499, 2.9579309703, 0.819013445749, 3.22489910874, 1.1484796064, 0.907603388151, 4.60347344037, 6.23368093444, 0.948199646605, 2.14247702964, 1.09993123377, 1.09000091531, 1.06340534263, 1.03261553585, 1.18051763424, 7.08903838298, 1.04368995853, 0.78851967616, 7.53558235651, 1.01533183959, 2.84737537191, 1.12936900425, 3.03866893072, 1.05235659928, 1444.72331979, 0.804289544236
2.58422183439, 1.00000056304, 1.34797774371, 1.14365325822, 2.04055595878, 0.885431063196, 3.5743128546, 1.08829086051, 0.938609756451, 4.84631212919, 4.86455834348, 1.08619004881, 1.3519281963, 1.26297030753, 1.09000092953, 1.06340534263, 1.03854722451, 1.17610456993, 3.96473490971, 1.09840081879, 0.800673910106, 845.281282043, 1.05123483716, 1.8799431886, 1.12650015354, 4.49863556324, 1.04772520505, 2282.78087834, 0.0
4.50717029381, 1.00000043813, 1.23023516333, 1.12515674251, 5.44710753964, 0.92222583716, 5.20675110971, 1.1233717477, 0.922167520283, 4.12661278692, 5.04555620282, 0.823683701646, 4.8563144761, 1.24814735778, 1.09000080499, 1.06010722048, 1.04650163526, 0.931277677649, 3.96092339638, 1.13905578446, 0.801358437492, 669.9674526, 1.08033106884, 5.90662068475, 1.06261649209, 1.25508664251, 1.19818798546, 586.813023181, 3.21715817694
5.40001992487, 1.00000017442, 1.66205444216, 0.881176419943, 2.91556040013, 0.895767498839, 4.84210119791, 1.16096847784, 0.928095789645, 4.15289984818, 6.00002917285, 0.882050379975, 4.36068303271, 0.850118697345, 1.0900007612, 1.00759161061, 1.02154614696, 0.830237325818, 3.45284483339, 1.17826559003, 0.924786837525, 866.035954274, 1.06827185583, 3.04520482838, 1.21910013703, 2.09424283916, 1.2341563231, 475.324150714, 9.38337801609
2.33464747631, 1.0000001621, 1.4829900511, 0.962739075863, 1.72319616529, 0.836793090405, 1.46238961635, 1.01246755928, 0.975816825422, 5.83607018182, 5.25836057545, 1.12585156454, 3.68097945806, 0.972526848018, 1.09000099896, 1.01151948984, 1.01436861205, 0.873324348101, 5.64855126739, 1.06297614309, 0.814382684676, 352.337875246, 0.972668280664, 2.15792936682, 1.0180433208, 1.10439973056, 1.12565468069, 791.265878292, 2.9490616622
4.87435215717, 1.00000037745, 1.21772266572, 0.90282824373, 6.41171630735, 0.958530868631, 2.32212624391, 1.06426815747, 0.934350606568, 2.25203280805, 5.52179397378, 1.07158215789, 4.44359919597, 1.22161776564, 1.09000037261, 1.00584650204, 1.04679008923, 1.09023736788, 6.33604295872, 1.00614123559, 0.99341828362, 315.169400875, 1.09362369808, 3.86005836626, 1.2057317153, 5.26491081585, 0.967265148094, 1291.00848677, 1.60857908847
2.58422183439, 1.0000005763, 1.34797774371, 1.14365325822, 2.04055595878, 0.885431063196, 1.65995015564, 1.08829086051, 0.968848987855, 4.84631212919, 4.86455834348, 1.08619004881, 1.3519281963, 1.26297030753, 1.09000092953, 1.06340534263, 1.03854722451, 1.21151116381, 3.96473490971, 1.09840081879, 0.800673910106, 845.281282043, 1.05123483716, 1.8799431886, 1.051100993, 5.3263576574, 1.04772520505, 1518.08198784, 1.34048257373
3.84092086297, 1.00000034089, 1.51824154139, 1.18888675019, 2.51098896321, 0.898348717026, 5.31516648808, 1.1049218863, 0.982590467279, 5.09712356178, 5.40921509622, 1.15948369994, 3.63040000596, 1.26787009986, 1.09000065445, 1.03053389831, 1.02202313484, 1.16926177511, 4.43442690354, 0.922304659225, 0.761411067488, 641.919988592, 1.10021207594, 5.00494934222, 0.996448368563, 1.18281678086, 1.07487682851, 2753.09392462, 0.804289544236
3.33297604644, 1.00000068302, 1.25158780724, 1.09944998169, 4.33784930933, 0.821399407061, 3.83076531959, 1.0852930013, 0.98421551894, 6.02647534627, 5.48629034815, 1.16556505513, 4.69571001612, 1.08845487544, 1.09000003968, 1.06435331755, 1.04053598794, 1.07972030583, 4.81275971691, 1.05111511994, 0.843936893625, 661.150881616, 0.928043691144, 1.90969765208, 1.15485173143, 5.41415485909, 0.958526291229, 3385.15956236, 0.0
2.64390531842, 1.00000017005, 1.56531325355, 1.19265205168, 4.46914594331, 0.951897308082, 5.17971102355, 1.09427547807, 0.90301946174, 3.25211664679, 5.4046005521, 1.1313731976, 4.1327011168, 1.06198045833, 1.09000030717, 1.03823045892, 1.01029648177, 1.12388312678, 8.8382458702, 0.990070194317, 0.86082578764, 21.7576005418, 0.962927763033, 5.12202792971, 1.02986336673, 3.01204437534, 1.0105093506, 2965.69725579, 0.536193029491
1.6681504816, 1.00000082208, 1.21956010439, 1.17517958307, 6.9703790196, 0.87534206226, 4.54006952219, 1.08629563779, 0.910275633056, 6.08836122302, 5.25140473863, 1.08924880634, 4.0520544195, 1.18136825782, 1.09000012482, 1.08154668978, 1.04374608462, 1.07874891919, 4.3519536707, 1.12221282178, 0.967318581755, 299.604600393, 1.1314827176, 2.2560355497, 1.17643957053, 2.08672192233, 1.13945758685, 3082.19178961, 0.268096514745
5.36377777629, 1.00000027792, 1.49185125665, 0.951669686871, 4.44402125476, 0.940884183382, 3.09702617922, 1.13286820497, 0.950177241229, 4.87720268919, 5.28520348041, 0.826452991017, 4.28967279633, 0.986685303544, 1.09000084756, 1.03434030893, 1.00754663142, 0.817619431531, 4.65716188563, 0.929056010265, 0.937534326729, 950.504844908, 0.996428088969, 5.75787388145, 1.1898263013, 1.37402947849, 1.29668226025, 2394.78117217, 1.07238605898
3.42587508496, 1.00000091469, 1.23016557897, 1.06496894552, 3.9960034788, 0.994585421449, 4.63753261311, 1.01588696708, 0.917904878414, 5.89822487417, 4.85934323117, 0.882760488501, 1.43167914409, 1.17492411844, 1.09000015207, 1.06597942942, 1.006043357, 0.911970571668, 3.01909210056, 1.1879532712, 0.994006159589, 703.626389111, 1.04938487605, 4.15941036988, 1.02986336673, 4.33820111553, 1.10544606646, 732.398187786, 3.48525469169
1.94058179929, 1.00000096129, 1.57029381239, 1.21167508906, 5.9291890896, 0.823087121553, 5.19533177318, 1.10601277914, 0.964095437483, 2.62211664712, 5.73315411914, 1.06107510781, 1.63296516861, 1.13306184236, 1.09000076194, 1.02388640124, 1.04650258765, 0.944074395246, 7.44990494492, 0.976074606366, 0.78647109973, 675.308363475, 1.19590077749, 2.43485983802, 0.996717500393, 2.08181871614, 0.96926625791, 807.071362063, 2.9490616622
1.60054246412, 1.00000006131, 1.11085722238, 0.951669686871, 5.73313964259, 0.966430133094, 1.82619274656, 1.12285201175, 0.92773942968, 5.65432433315, 5.66897746173, 1.14918872174, 3.2343624829, 1.24099573209, 1.09000066562, 1.03548112579, 1.04981409904, 0.81511068715, 9.4632162652, 1.03972234271, 0.91589338645, 758.188643049, 1.09048763471, 3.24233890717, 1.06596852838, 3.92833834175, 1.05038216395, 2027.44891926, 1.34048257373
2.64390531842, 1.00000004158, 1.56531325355, 1.19265205168, 4.46914594331, 0.951897308082, 5.17971102355, 1.09427547807, 0.90301946174, 3.25211664679, 5.4046005521, 1.1313731976, 4.1327011168, 1.06198045833, 1.09000030717, 1.03823045892, 1.01029648177, 1.12388312678, 8.8382458702, 0.990070194317, 0.86082578764, 21.7576005418, 0.962927763033, 5.12202792971, 1.06336046595, 3.01204437534, 1.0105093506, 1604.38038659, 1.60857908847
3.54868261759, 1.00000083119, 1.40069064605, 1.15840687322, 3.26402515531, 0.901767645693, 4.60773919006, 1.25844322476, 0.977185800501, 5.67326751394, 5.70965793535, 1.17788801448, 4.99075745097, 1.11468795224, 1.09000001871, 1.01144237125, 1.02234115601, 1.15461265896, 8.53111183864, 1.1020234794, 0.871480168455, 932.700515112, 0.918796350315, 5.2669275958, 1.09714058883, 1.25223033278, 1.19973573558, 3626.63123558, 0.0
2.86588563616, 1.00000022569, 1.21562619136, 0.9616047388, 2.02101880995, 0.863255768529, 1.59758949126, 1.23717360223, 0.993558313727, 2.98230929678, 4.80827133698, 1.12095995927, 3.03282148588, 0.919245005844, 1.09000095913, 1.00717479149, 1.04394940192, 1.14699339515, 6.53424911043, 0.969951582678, 0.847177234291, 329.795799413, 1.18381279326, 3.38701750558, 1.09957713687, 4.32175851553, 0.924997880291, 3192.45693779, 0.268096514745
3.11105842924, 1.00000087316, 1.45270443474, 0.918695202829, 1.47721649184, 0.837169336479, 2.9112073499, 1.04492620066, 0.93484418969, 3.67822932973, 5.98446614007, 0.991787727525, 2.34285920978, 1.22618061955, 1.09000025767, 1.01160136174, 1.03531905017, 0.832969755346, 3.96881025491, 0.964104200306, 0.901199838077, 482.081502309, 1.0277088007, 3.40052828181, 1.22717384292, 4.23437172088, 0.895809819727, 2583.96355208, 1.07238605898
1.13126354104, 1.0000000257, 1.32490597833, 0.831599700311, 5.76874535826, 0.982919072826, 3.81893138345, 1.1533216602, 0.986570219565, 1.37479203288, 6.10639058277, 0.972565402214, 2.02469331544, 1.11799748235, 1.09000049741, 1.03368347285, 1.03412567007, 0.941834083627, 5.3516497298, 0.976069404973, 0.937570934066, 634.075004397, 1.10409230966, 2.83747281675, 1.2045368831, 2.80571439006, 1.11401421589, 1071.99355703, 5.09383378016
2.32940347562, 1.00000077123, 1.5740276058, 1.20923099601, 3.74229742745, 0.855858164616, 1.01434938471, 1.04328249343, 0.99802669746, 5.14010026136, 6.16321194305, 1.02425483585, 1.17614756296, 1.04752089248, 1.09000048076, 1.07568365111, 1.00515784236, 0.944640013299, 9.45399163039, 0.99562041666, 0.832993114591, 768.174313954, 1.13641028085, 1.07539757358, 0.992538264679, 2.03852591673, 1.00776433863, 1529.00844177, 2.9490616622
3.54621669974, 1.0000000373, 1.35505606898, 0.884907190624, 4.71866708166, 0.987540562178, 1.24167672897, 1.03466238165, 0.953600117238, 2.15179337211, 6.04912696329, 1.12232147728, 2.9309825109, 1.2607818295, 1.09000058553, 1.02519759781, 1.0486227374, 0.842068839819, 8.7723690328, 1.18409609486, 0.974982473757, 869.479198656, 1.13039537932, 1.07318319332, 0.983422356686, 1.28566683421, 0.921718757412, 1058.66319986, 6.43431635389
5.88117148588, 1.00000001724, 1.43011760626, 0.881068302007, 4.2472891556, 0.910555560357, 3.90456853188, 1.12486140302, 0.928320967888, 6.07943025419, 5.27511824953, 0.870478155044, 4.31048334001, 1.28035286149, 1.09000012638, 1.0105937541, 1.04137792288, 0.832776858726, 8.49222190124, 1.04904861924, 0.760550854035, 340.437463021, 1.15304093577, 4.3998974726, 1.15021639813, 1.47726921524, 0.938676988782, 1151.23600584, 4.28954423592
3.11105842924, 1.00000087316, 1.45270443474, 0.918695202829, 1.47721649184, 0.721589181181, 2.9112073499, 1.04492620066, 0.93484418969, 3.67822932973, 5.98446614007, 0.991787727525, 2.34285920978, 1.23404129521, 1.09000025767, 1.01160136174, 1.03531905017, 0.832969755346, 3.96881025491, 0.964104200306, 0.901199838077, 482.081502309, 1.0277088007, 5.43149184975, 1.22717384292, 4.33842258875, 0.895809819727, 1712.12662389, 1.60857908847
4.4718180296, 1.00000003858, 1.20214562466, 0.919051892481, 2.58461989789, 0.716375355321, 2.77488001789, 1.11080128475, 0.969662051255, 5.16565528576, 5.60279991092, 1.14146617001, 4.17483559122, 1.14525348487, 1.09000070342, 1.03025490561, 1.00903194943, 1.02488174894, 5.86961940899, 1.10607056699, 0.768405731941, 224.971230607, 1.00818976244, 5.61781417641, 0.966388172332, 3.10228459683, 0.937594788907, 3692.31949308, 0.0
5.04250205528, 1.0000001735, 1.66919648957, 0.841462357559, 5.47752522701, 0.904127889195, 4.08612042891, 1.14006067643, 0.917946627053, 3.90539446795, 5.13372534509, 1.14564408537, 4.36289811532, 1.16511220911, 1.0900002281, 1.09823884087, 1.03459369669, 1.17390769043, 4.17909182611, 1.15541739677, 0.771528091151, 714.066448154, 1.15365577182, 2.2560355497, 1.051100993, 4.1711119565, 1.18115786505, 3333.72868328, 0.804289544236
2.34862880574, 1.00000087316, 1.45270443474, 0.961207969812, 3.40066025552, 0.837169336479, 2.9112073499, 1.04492620066, 0.93484418969, 5.39232793783, 5.98446614007, 1.09468512517, 2.34285920978, 1.06249931048, 1.09000025767, 1.01160136174, 1.03531905017, 1.16370886975, 3.96881025491, 0.964104200306, 0.901199838077, 66.1737441853, 1.01435055217, 3.40052828181, 1.22717384292, 4.23437172088, 0.895809819727, 3355.52867937, 0.268096514745
3.57392507976, 1.00000028007, 1.2762062401, 1.00330072442, 6.13847893725, 0.863488933947, 2.08702094426, 1.08588592565, 0.954909991573, 5.9796788523, 4.94316699116, 1.16665174775, 4.76764524202, 0.852636985994, 1.09000001345, 1.05530611838, 1.00294215974, 1.05031287692, 4.42685546835, 1.04233647274, 0.771496210266, 202.952954405, 1.14682410031, 3.69744431654, 1.09538223429, 5.16176151172, 1.24831430251, 2605.7939539, 1.07238605898
3.03418493975, 1.00000004431, 1.72323495985, 0.940745963483, 5.53135895134, 0.962718671872, 2.36612647285, 1.16037057541, 0.973268468814, 3.94275245609, 5.71015418836, 0.967883878857, 4.40305850345, 0.900110244549, 1.0900004375, 1.0030764237, 1.02943716766, 1.02475995459, 6.60571471332, 1.10556495014, 0.949266966129, 567.222523314, 0.914860123149, 1.39692461603, 1.07808047393, 1.49198250009, 0.888198989382, 1535.09705275, 3.21715817694
5.88117148588, 1.0000000014, 1.43011760626, 0.881068302007, 4.2472891556, 0.910555560357, 3.90456853188, 1.12486140302, 0.928320967888, 6.07943025419, 5.74529376359, 0.823912824287, 4.31048334001, 1.09207101287, 1.09000012638, 1.0105937541, 1.04650163526, 0.832776858726, 8.49222190124, 1.01380503217, 0.760550854035, 340.437463021, 1.15304093577, 5.90662068475, 1.15021639813, 1.44360168919, 0.938676988782, 1281.03669889, 4.82573726542
1.50170620648, 1.00000004158, 1.56531325355, 1.19265205168, 4.46914594331, 0.951897308082, 5.17971102355, 1.09427547807, 0.90301946174, 3.27310477181, 5.4046005521, 1.1313731976, 4.1327011168, 1.06198045833, 1.09000030717, 1.03823045892, 1.01029648177, 1.14257255375, 8.8382458702, 0.990070194317, 0.86082578764, 21.7576005418, 1.17886877415, 5.12202792971, 1.06336046595, 3.01204437534, 1.0105093506, 1772.02049878, 2.41286863271
1.57941099991, 1.00000097275, 1.07727559559, 1.15205661604, 5.73313964259, 0.836793090405, 5.11003905574, 1.24772164694, 0.975816825422, 4.84591973661, 5.78200250704, 0.983669038923, 4.55920422025, 0.870691895512, 1.09000082526, 1.07645482999, 1.00555960158, 0.974385058556, 9.41741795932, 1.00549380402, 0.806289050776, 758.188643049, 0.972668280664, 3.00377721228, 1.12876539925, 1.10439973056, 1.12749724015, 2092.84587983, 1.60857908847
5.82837640201, 1.0000001619, 1.01138698251, 0.843430683098, 3.78877002466, 0.804802410748, 5.92215869553, 1.02912101935, 0.986527974149, 2.92719886563, 5.92776121022, 0.884114722717, 1.3961402826, 1.00416809681, 1.09000028387, 1.07470375883, 1.01398441518, 0.851477275316, 8.22503083969, 1.18176551627, 0.988098987799, 885.586608778, 0.97432894909, 3.99431665237, 1.09133801965, 2.99721849598, 1.05847931402, 4263.74786839, 0.0
5.66298587404, 1.00000060454, 1.27981090023, 0.986251011756, 5.49129291783, 0.748874298708, 4.04137910517, 1.15460584747, 0.928028835278, 1.82013434718, 5.79863348175, 1.1515552475, 1.84476099274, 0.916362190103, 1.09000073823, 1.08639279712, 1.0059210011, 1.0302424605, 3.39076421227, 0.998883416619, 0.962743758184, 521.365089024, 1.05651816005, 4.75805144462, 1.00505174146, 1.29870058789, 1.20525591756, 3507.10673468, 0.268096514745
2.32261751844, 1.00000080749, 1.31311464748, 1.06097781871, 1.82687246101, 0.759948838166, 1.80425492577, 1.00021736595, 0.984475172971, 2.05892170348, 6.13927097429, 1.09717055824, 2.3278126303, 1.08717929606, 1.09000015277, 1.00842985023, 1.01586335924, 0.951416389486, 9.43829860141, 0.999604436908, 0.812157292237, 243.658275676, 1.12427525841, 1.09384120024, 1.04008323362, 4.79751934472, 0.992339027059, 1604.33076131, 3.21715817694
3.59881291224, 1.00000012134, 1.40802504995, 0.850230337698, 2.93196966885, 0.710309596643, 2.5531351448, 1.15351485812, 0.946619035709, 3.51662522442, 5.63493286905, 0.915037036029, 4.45621776297, 0.831742966615, 1.09000004936, 1.02243408113, 1.02099497207, 0.922588980712, 9.81344068192, 1.01149592198, 0.920904464045, 507.417671266, 0.936625676497, 1.18947193392, 1.19130019584, 3.60343024947, 1.20239481884, 1448.33786349, 4.82573726542
3.42587508496, 1.00000091469, 1.53771437987, 1.06496894552, 3.9960034788, 0.994585421449, 4.63753261311, 1.01588696708, 0.917904878414, 5.89822487417, 4.85934323117, 0.882760488501, 1.43167914409, 1.17492411844, 1.09000015207, 1.06597942942, 1.006043357, 0.911970571668, 3.03580406386, 1.1879532712, 0.962743758184, 75.7697376688, 1.04938487605, 4.15941036988, 1.02986336673, 4.33820111553, 1.10544606646, 2018.20505891, 2.68096514745
5.82837640201, 1.0000001619, 1.01138698251, 0.843430683098, 3.78877002466, 0.804802410748, 5.88314582473, 1.02912101935, 0.986527974149, 2.92719886563, 5.92776121022, 0.893070223698, 1.65443047913, 1.00416809681, 1.09000048289, 1.07470375883, 1.01398441518, 0.893398432314, 8.22503083969, 1.18176551627, 0.988098987799, 885.586608778, 0.97432894909, 3.99431665237, 1.03240847811, 2.99721849598, 1.20038455321, 3332.87973719, 1.60857908847
4.64424543996, 1.00000090501, 1.36391496837, 1.19283127517, 3.94392096339, 0.954572959391, 2.55396901671, 1.14144943575, 0.97815640245, 1.61149968792, 5.91074573016, 0.835066390363, 1.56729030954, 0.855049488201, 1.09000096511, 1.01058139293, 1.03782169986, 1.20109056945, 8.63872001192, 0.953083025666, 0.871473356026, 334.374688401, 1.13509318226, 5.96176699471, 1.16112164959, 2.98567109841, 1.13100005999, 2104.70889055, 2.41286863271
4.6845276606, 1.00000015969, 1.48715368043, 0.815081552712, 6.48625555709, 0.748720779836, 3.88144672129, 1.1002830379, 0.993355392613, 1.41658719611, 5.13286251742, 0.911488672201, 3.16011234698, 1.0517348634, 1.09000021799, 1.06601119614, 1.04951571825, 0.849944599332, 7.3602006274, 0.913138725264, 0.847436296561, 724.075676544, 1.06920014609, 5.01170862037, 1.17738718542, 1.25581369275, 1.17948961853, 2915.24840567, 1.87667560322
5.0245920117, 1.00000080936, 1.04486249236, 0.856086033464, 3.85684114977, 0.755098466514, 5.55399948576, 1.17170676106, 0.949779681553, 3.49751868046, 5.50453176318, 1.08475905988, 4.63673660602, 1.00490234305, 1.09000062904, 1.00756605904, 1.04948368234, 1.163485932, 3.46980340365, 1.09337443169, 0.856966352185, 218.622882732, 1.15614489668, 4.86293705279, 1.01902245678, 1.05156855646, 1.00550188045, 4930.66111356, 0.0
4.50717029381, 1.00000043813, 1.23023516333, 1.12515674251, 5.44710753964, 0.92222583716, 5.20675110971, 1.14375065931, 0.922167520283, 1.24019175759, 5.04555620282, 0.823683701646, 4.8563144761, 1.26181851584, 1.09000062904, 1.06010722048, 1.04650163526, 1.1675334961, 3.96092339638, 1.13905578446, 0.801358437492, 669.9674526, 1.08033106884, 5.90662068475, 1.06261649209, 1.25508664251, 1.19818798546, 4109.62602782, 0.536193029491
2.67108876916, 1.00000038844, 1.66816716185, 1.09404105069, 3.95978562113, 0.949315306121, 2.37842622269, 1.25954650554, 0.988038207642, 5.04106969037, 4.69408870384, 0.89485222817, 2.89754350502, 0.819290239079, 1.09000094645, 1.08504879098, 1.03454251954, 0.900010752147, 8.70147810052, 0.944062196494, 0.828815559516, 225.72919363, 1.19311066826, 3.19744449768, 1.11521842423, 2.17006587925, 0.957317729788, 3842.91488573, 1.34048257373
5.82837640201, 1.0000001619, 1.01138698251, 0.843430683098, 3.78877002466, 0.804802410748, 5.92215869553, 1.02912101935, 0.986527974149, 2.92719886563, 5.92776121022, 0.893070223698, 1.65443047913, 1.00416809681, 1.09000028387, 1.07470375883, 1.01398441518, 0.851477275316, 8.22503083969, 1.18176551627, 0.988098987799, 885.586608778, 0.97432894909, 3.99431665237, 1.09133801965, 2.99721849598, 1.05847931402, 1736.87761199, 3.48525469169
3.98499886508, 1.00000048942, 1.68338772985, 0.98825624916, 5.71608364154, 0.896206157692, 5.565936432, 1.02846384898, 0.978165998793, 1.46423970071, 5.32335617173, 0.991299195334, 4.10489462632, 1.13163893523, 1.09000030998, 1.03387466098, 1.04333116849, 1.05544253593, 5.37680369782, 1.17352833316, 0.952824410093, 545.806723229, 1.05264364395, 1.87679993726, 0.966990704984, 2.79870279537, 1.29941509173, 3505.88781523, 1.60857908847
4.53417283659, 1.00000071033, 1.44215149948, 1.11491486151, 4.45617452754, 0.948434950111, 2.22227097165, 1.1522198289, 0.953600117238, 3.6731986349, 5.04851625898, 1.11438377306, 2.33881920117, 0.865564424254, 1.09000090953, 1.0507174516, 1.00927153133, 1.16159862638, 3.16339841732, 0.989790625853, 0.944594754377, 889.105614786, 0.961822254792, 3.34276262027, 1.10996580797, 1.28566683421, 1.04320555093, 2456.25051559, 2.68096514745
4.87435215717, 1.00000037745, 1.21772266572, 0.90282824373, 6.41171630735, 0.958530868631, 2.32212624391, 1.06426815747, 0.934350606568, 2.25203280805, 5.52179397378, 1.07158215789, 4.44359919597, 1.22161776564, 1.09000037261, 1.00584650204, 1.04679008923, 1.09023736788, 6.33604295872, 1.00614123559, 0.908733799764, 315.169400875, 1.09362369808, 3.86005836626, 1.2057317153, 5.26491081585, 0.967265148094, 3245.93006007, 2.14477211796
4.30601796802, 1.00000053521, 1.73769712791, 0.887725520697, 6.4798844822, 0.872459602188, 2.05437946025, 1.06176040508, 0.937709488414, 3.49136600502, 5.38309945194, 0.882050379975, 2.62907740151, 1.03901488303, 1.09000039901, 1.00321135963, 1.01969979064, 1.04125281321, 4.09390285351, 0.966147666884, 0.862920335543, 432.630392568, 1.0528624198, 5.32530218716, 1.16253954119, 2.49902458428, 1.01727310849, 5006.43108208, 0.0
5.77841504477, 1.00000085752, 1.12643833993, 0.996846182736, 5.12065040953, 0.774608918105, 5.64969888678, 1.24327753263, 0.988909620059, 4.02910697677, 4.95132808538, 0.987795910988, 1.95880473717, 1.24166674523, 1.09000045388, 1.08791779288, 1.00371208821, 1.08745426095, 8.13306107234, 1.0648116532, 0.974615025581, 734.257883502, 1.11954403226, 1.97949439148, 1.18625072582, 1.84070136138, 0.98504015532, 4172.84465338, 0.536193029491
1.02829942235, 1.00000036947, 1.19114006984, 1.10310073227, 6.70669043155, 0.887913770597, 3.5965108654, 1.01289402449, 0.954839491821, 4.84325288886, 5.64223458025, 1.11839991208, 3.65896519902, 1.081780997, 1.0900008117, 1.00108659396, 1.01664227152, 1.07663198813, 6.39868284861, 1.14029504101, 0.9526979105, 861.440083945, 0.968202210128, 3.91061267934, 0.964513745161, 2.72930731772, 0.929945633539, 2054.060764, 8.8471849866
1.94058179929, 1.00000096129, 1.57029381239, 1.16310272279, 5.9291890896, 0.945781180984, 5.19533177318, 1.10601277914, 0.964095437483, 2.62211664712, 4.88011420293, 1.06107510781, 1.63296516861, 1.13306184236, 1.09000084934, 1.02388640124, 1.04650258765, 0.944074395246, 7.44990494492, 0.976074606366, 0.769110557027, 675.308363475, 1.19590077749, 2.43485983802, 1.07838739039, 2.08181871614, 0.96926625791, 2056.91093034, 5.36193029491
1.13126354104, 1.0000000257, 1.32490597833, 0.831599700311, 3.68673953982, 0.982919072826, 5.48057302842, 1.1533216602, 0.986570219565, 3.12380879299, 6.10639058277, 0.967829990005, 2.02469331544, 1.11799748235, 1.09000049741, 1.03368347285, 1.03412567007, 0.941834083627, 5.3516497298, 0.976069404973, 0.980929493255, 634.075004397, 1.10409230966, 2.83747281675, 1.2045368831, 2.80571439006, 1.11186000343, 2419.44972158, 3.75335120643
5.04250205528, 1.0000001735, 1.66919648957, 0.841462357559, 5.47752522701, 0.904127889195, 4.08612042891, 1.14006067643, 0.917946627053, 4.76474597497, 5.13372534509, 1.14564408537, 4.36289811532, 1.16511220911, 1.0900002281, 1.09823884087, 1.03282506806, 1.17390769043, 4.17909182611, 1.13134146484, 0.771528091151, 714.066448154, 1.15365577182, 4.68577732466, 1.051100993, 4.1711119565, 1.16212725606, 3745.58522089, 1.60857908847
3.3455883946, 1.00000026016, 1.34346265309, 1.17785809049, 6.20547804473, 0.72137499907, 2.60807534794, 1.10661502904, 0.927081344358, 2.50001029249, 5.59395206456, 1.08196641708, 3.1955984225, 1.06354715705, 1.09000081296, 1.06489920687, 1.00998522535, 1.18299989995, 3.31296412212, 0.982395474945, 0.814973900951, 228.614450078, 0.932023024149, 4.40023107659, 1.09682274177, 5.06424950328, 1.29861713807, 2869.91484498, 2.68096514745
5.04250205528, 1.0000001735, 1.66919648957, 0.841462357559, 5.47752522701, 0.904127889195, 4.08612042891, 1.14006067643, 0.917946627053, 4.76474597497, 5.13372534509, 1.14564408537, 4.36289811532, 1.16511220911, 1.0900002281, 1.09823884087, 1.03459369669, 1.17390769043, 4.17909182611, 1.13134146484, 0.771528091151, 714.066448154, 1.15365577182, 4.68577732466, 1.051100993, 4.1711119565, 1.18115786505, 5444.96866441, 0.0
1.6681504816, 1.00000082208, 1.21956010439, 1.17517958307, 6.9703790196, 0.87534206226, 4.54006952219, 1.08629563779, 0.910275633056, 6.08836122302, 5.25140473863, 1.08924880634, 4.0520544195, 1.18136825782, 1.09000012482, 1.09780082347, 1.04374608462, 1.07874891919, 4.3519536707, 1.12221282178, 0.967318581755, 299.604600393, 1.1314827176, 2.2560355497, 1.17643957053, 2.08672192233, 1.13945758685, 4239.50246795, 0.536193029491
3.84092086297, 1.00000034089, 1.51824154139, 1.18888675019, 2.51098896321, 0.898348717026, 5.31516648808, 1.1049218863, 0.982590467279, 5.09712356178, 5.40921509622, 1.20571015664, 3.63040000596, 1.26787009986, 1.09000065445, 1.03053389831, 1.02202313484, 1.16926177511, 4.43442690354, 0.922304659225, 0.761411067488, 641.919988592, 0.969566639853, 5.00494934222, 0.996448368563, 1.18281678086, 1.07487682851, 2787.40351339, 4.02144772118
3.11105842924, 1.00000087316, 1.45270443474, 0.918695202829, 1.47721649184, 0.837169336479, 2.9112073499, 1.04492620066, 0.93484418969, 5.39232793783, 5.98446614007, 1.09468512517, 2.34285920978, 1.06249931048, 1.09000025767, 1.01160136174, 1.03531905017, 0.832969755346, 3.96881025491, 0.964104200306, 0.901199838077, 482.081502309, 1.01435055217, 3.40052828181, 1.22717384292, 4.23437172088, 0.895809819727, 2433.78173239, 4.55764075067
2.70821606327, 1.0000008251, 1.33950150724, 0.916831533081, 6.62803071017, 0.787804245593, 1.98316499928, 1.16833586941, 0.969416994602, 4.51795528878, 5.96341348667, 1.16628069741, 3.12116247349, 0.941095444314, 1.09000037719, 1.10418818636, 1.0196088333, 1.18515935946, 6.31046155267, 1.1499121341, 0.891736164122, 498.555432316, 1.04612929895, 4.46190446374, 1.1776524649, 3.21908545942, 0.894073343905, 3962.41129764, 1.87667560322
3.98499886508, 1.00000048942, 1.68338772985, 0.98825624916, 5.71608364154, 0.860380731429, 5.565936432, 1.02846384898, 0.949244697326, 5.73388743114, 5.32335617173, 0.82819292183, 4.62588719984, 1.13163893523, 1.09000030998, 1.03387466098, 1.04333116849, 1.05544253593, 5.37680369782, 1.17352833316, 0.952824410093, 545.806723229, 1.05264364395, 1.87679993726, 0.966990704984, 2.79870279537, 1.29941509173, 3831.50734305, 2.41286863271
1.34180912474, 1.00000064755, 1.13659360249, 0.923510792499, 2.9579309703, 0.819013445749, 3.22489910874, 1.1484796064, 0.907603388151, 4.27214828143, 6.23368093444, 0.945857560584, 2.14247702964, 1.09993123377, 1.09000091531, 1.03003394844, 1.03261553585, 1.18051763424, 7.08903838298, 1.04368995853, 0.78851967616, 7.53558235651, 1.01533183959, 2.84737537191, 1.12936900425, 3.03866893072, 1.05235659928, 3163.00313236, 2.9490616622
2.16250741923, 1.00000062284, 1.13466696386, 0.871228923834, 4.04109160825, 0.941301641462, 4.85312860254, 1.0673831505, 0.934236411632, 5.04521381287, 4.70980672355, 0.942565368662, 3.09598668993, 0.944615326167, 1.09000036993, 1.03925487899, 1.00689819566, 1.01456893147, 6.11785593563, 0.991463946195, 0.812662329669, 214.049129026, 1.14357501689, 5.51198223912, 1.03972950159, 2.74259550021, 1.16654182917, 5753.52245302, 0.0
2.00662390119, 1.00000010456, 1.15139870702, 1.20174407531, 4.29686569244, 0.827247800316, 3.2227209964, 1.21304129206, 0.920556410137, 3.49751868046, 5.50453176318, 0.869920557183, 1.06198595733, 0.991639635812, 1.09000042277, 1.00133271675, 1.01481166901, 0.945152368928, 6.43108581565, 1.17272101, 0.981211453017, 404.454352052, 0.962150914058, 1.98746600092, 1.18347139066, 5.37162944648, 1.25680969244, 4283.07254759, 0.804289544236
4.87435215717, 1.00000037745, 1.21772266572, 0.800271831672, 6.41171630735, 0.958530868631, 2.32212624391, 1.06426815747, 0.934350606568, 2.25203280805, 5.52179397378, 1.07158215789, 4.44359919597, 1.22161776564, 1.09000037261, 1.00224840839, 1.04679008923, 1.09023736788, 6.33604295872, 1.00614123559, 0.908733799764, 315.169400875, 1.09362369808, 3.86005836626, 1.2057317153, 5.26491081585, 1.10544606646, 4342.11115199, 0.536193029491
1.57941099991, 1.00000080749, 1.07727559559, 1.15205661604, 5.73313964259, 0.889858164742, 5.11003905574, 1.24143438282, 0.920133669189, 4.67521844828, 5.78200250704, 0.947793982776, 3.2343624829, 0.904486243964, 1.09000082526, 1.07645482999, 1.00555960158, 0.974385058556, 9.41741795932, 1.00549380402, 0.880702675074, 758.188643049, 0.972668280664, 4.35578357624, 1.12876539925, 3.02393036736, 1.12749724015, 2518.99358518, 4.82573726542
5.88117148588, 1.00000001724, 1.43011760626, 0.881068302007, 4.2472891556, 0.910555560357, 3.90456853188, 1.09427547807, 0.901175366369, 3.96988291561, 5.27511824953, 0.870478155044, 4.31048334001, 1.28035286149, 1.09000012638, 1.0105937541, 1.04137792288, 0.832776858726, 8.49222190124, 1.04904861924, 0.760550854035, 340.437463021, 1.15304093577, 4.3998974726, 1.15021639813, 1.47726921524, 0.938676988782, 3999.15003045, 2.68096514745
2.34862880574, 1.00000024289, 1.13044563576, 1.19862750698, 3.40066025552, 0.881562367699, 4.22066257672, 1.10052840706, 0.975493032938, 2.43601270762, 4.93904691751, 1.03509367472, 4.23346971473, 1.10999103646, 1.09000041406, 1.04599467796, 1.02380264174, 0.856804732944, 6.24046787511, 1.05349045471, 0.763325371673, 66.1737441853, 0.945243277836, 2.0815577028, 0.967292598883, 3.0059774587, 1.28089035621, 3476.28848506, 3.21715817694
2.00662390119, 1.00000010456, 1.15139870702, 1.20521740831, 4.29686569244, 0.827247800316, 3.2227209964, 1.21304129206, 0.919250464718, 2.86680073368, 5.50453176318, 0.869920557183, 1.05877936269, 0.991639635812, 1.09000042277, 1.00133271675, 1.00885056737, 0.896879336999, 6.43108581565, 1.17272101, 0.981211453017, 404.454352052, 0.962150914058, 1.98746600092, 1.18347139066, 5.37162944648, 1.25680969244, 5865.52809157, 0.0
3.32575009528, 1.00000038844, 1.66816716185, 1.09404105069, 3.95978562113, 0.949315306121, 2.37842622269, 1.25954650554, 0.988038207642, 5.04106969037, 4.83509798703, 0.89485222817, 2.89754350502, 0.819290239079, 1.09000094645, 1.08504879098, 1.0052464346, 0.900010752147, 8.70147810052, 0.944062196494, 0.828815559516, 118.281880002, 1.19311066826, 3.19744449768, 1.11521842423, 2.17006587925, 0.943093980288, 4442.95010557, 2.14477211796
3.15513488763, 1.00000034089, 1.54099190539, 1.18888675019, 2.51098896321, 0.898348717026, 5.31516648808, 1.16833586941, 0.982590467279, 5.09712356178, 5.40921509622, 1.20571015664, 3.76764286573, 1.26787009986, 1.09000072206, 1.03053389831, 1.02202313484, 1.16926177511, 4.43442690354, 1.1224537685, 0.761411067488, 711.124347984, 0.969566639853, 5.00494934222, 1.1776524649, 1.18281678086, 1.07487682851, 4510.89108516, 1.34048257373
2.23517684789, 1.00000068957, 1.33953272516, 1.02238883604, 5.46721098164, 0.816839549299, 4.4106044978, 1.19524149611, 0.962704807962, 1.33493732786, 5.83627558602, 1.02837938153, 3.29504152592, 1.08995539556, 1.09000043727, 1.01540207809, 1.0142026497, 0.879273319688, 5.90768548433, 0.9210989814, 0.883760991443, 51.840696938, 0.948313073732, 1.98853316924, 1.06142783045, 5.14193670199, 1.14885598625, 5051.94929384, 1.07238605898
1.16136511049, 1.00000052554, 1.50994752606, 0.869199978753, 1.83477384207, 0.914932234032, 2.21090875371, 1.02240438949, 0.986982551077, 2.44263842321, 5.49342324935, 1.0117684263, 2.0773960291, 1.19527404767, 1.09000019939, 1.07970974823, 1.03747375737, 0.940800261413, 7.24461855869, 1.05767253134, 0.809927445533, 956.544241726, 1.02764844986, 4.24955482196, 1.15928722198, 4.82669459914, 1.06873676768, 3433.09268257, 5.09383378016
5.40634270261, 1.00000095056, 1.17834471175, 1.12965068392, 6.81466347678, 0.851113565614, 3.18988583449, 1.01997029924, 0.975952912876, 2.59224030695, 5.34679189903, 0.826452991017, 2.35517906229, 1.25608091715, 1.09000026117, 1.03434030893, 1.04525008769, 1.12683347892, 4.69853635721, 1.12424433095, 0.812563430989, 734.774787249, 0.996428088969, 4.04805305446, 1.11773736908, 3.98355417641, 1.05550820076, 3123.59520882, 5.63002680965
4.50717029381, 1.00000043813, 1.23023516333, 1.12515674251, 5.44710753964, 0.92222583716, 5.20675110971, 1.1233717477, 0.922167520283, 1.24019175759, 5.04555620282, 0.823683701646, 4.8563144761, 1.24814735778, 1.090000739, 1.06010722048, 1.04650163526, 1.1675334961, 3.96092339638, 1.13905578446, 0.801358437492, 669.9674526, 1.08033106884, 5.90662068475, 1.06261649209, 1.25508664251, 1.19818798546, 6885.80310796, 0.0
3.54621669974, 1.0000000373, 1.35505606898, 0.867579599993, 4.71866708166, 0.987540562178, 1.24167672897, 1.03466238165, 0.953600117238, 2.15179337211, 6.04912696329, 1.12232147728, 2.9309825109, 1.2607818295, 1.09000058553, 1.02519759781, 1.0486227374, 0.842068839819, 8.7723690328, 1.18409609486, 0.974982473757, 869.479198656, 1.12565479922, 1.02362665873, 0.983422356686, 1.28566683421, 0.921718757412, 3218.03622323, 7.23860589812
1.60054246412, 1.00000006131, 1.11085722238, 0.909452602812, 6.00812749556, 0.966430133094, 1.82619274656, 1.12285201175, 0.92773942968, 5.65432433315, 5.66897746173, 1.14918872174, 3.78161468693, 1.24099573209, 1.09000066562, 1.03548112579, 1.04981409904, 0.820666305588, 9.4632162652, 1.03972234271, 0.91589338645, 697.293095308, 1.09048763471, 3.24233890717, 1.06596852838, 3.92833834175, 1.05038216395, 3635.41350242, 3.21715817694
2.32940347562, 1.00000077123, 1.5740276058, 1.20923099601, 3.74229742745, 0.855858164616, 1.01434938471, 1.04328249343, 0.99802669746, 4.78696348249, 6.16321194305, 1.02425483585, 1.17614756296, 1.04752089248, 1.09000048076, 1.07568365111, 1.01398441518, 0.944640013299, 9.45399163039, 0.99562041666, 0.832993114591, 768.174313954, 1.13641028085, 1.07539757358, 0.992538264679, 1.55088249166, 1.00776433863, 4761.23045593, 2.14477211796
5.40634270261, 1.00000095056, 1.36654131802, 1.15249110034, 6.81466347678, 0.720082772809, 3.18988583449, 1.01997029924, 0.975952912876, 2.59224030695, 5.34679189903, 0.826452991017, 2.35517906229, 1.25608091715, 1.09000026117, 1.03434030893, 1.04525008769, 1.12683347892, 5.74013374283, 1.12424433095, 0.862905187746, 449.976300707, 0.996428088969, 4.04805305446, 1.11773736908, 3.98355417641, 1.05550820076, 5286.99830772, 1.07238605898
