-1.0, 1.0, -1.0, 0.0, 1.0, 2.0, 2.0, 0.0, -1.0, 0.0, 0.0, 2.0, -1.0, 3.0, -1.0, 2.0, 2.0, 1.0, 2.0, -1.0, -1.0, -1.0, 1.0, -1.0, 3.0, 1.0, 0.0, 3.0, 3.0, -1.0, 0.0, -1.0, -1.0, 2.0, 2.0, 1.0, 1.0, 1.0, 0.0, 2.0, 0.0, -1.0, -1.0, 1.0, 0.0, 1.0, 1.0, 1.0, 3.0, 2.0, 95805.0, 507.0
-1.0, 1.0, -1.0, 0.0, 1.0, 2.0, 2.0, 0.0, -1.0, 0.0, 0.0, 2.0, -1.0, 3.0, -1.0, 2.0, 2.0, 1.0, 2.0, -1.0, -1.0, -1.0, 1.0, -1.0, 3.0, 1.0, 0.0, 3.0, 3.0, -1.0, 0.0, -1.0, -1.0, 2.0, 2.0, 1.0, 1.0, 1.0, 0.0, 2.0, 0.0, -1.0, -1.0, 1.0, 0.0, 1.0, 1.0, 1.0, 3.0, 2.0, 95805.0, 507.0
-1.0, 1.0, -1.0, 0.0, 1.0, 2.0, 2.0, 0.0, -1.0, 0.0, 0.0, 2.0, -1.0, 3.0, -1.0, 2.0, 2.0, 1.0, 2.0, -1.0, -1.0, -1.0, 1.0, -1.0, 3.0, 1.0, 0.0, 3.0, 3.0, -1.0, 0.0, -1.0, -1.0, 2.0, 2.0, 1.0, 1.0, 1.0, 0.0, 2.0, 0.0, -1.0, -1.0, 1.0, 0.0, 1.0, 1.0, 1.0, 3.0, 2.0, 95805.0, 507.0
-1.0, 1.0, -1.0, 0.0, 1.0, 2.0, 2.0, 0.0, -1.0, 0.0, 0.0, 2.0, -1.0, 3.0, -1.0, 2.0, 2.0, 1.0, 2.0, -1.0, -1.0, -1.0, 1.0, -1.0, 3.0, 1.0, 0.0, 3.0, 3.0, -1.0, 0.0, -1.0, -1.0, 2.0, 2.0, 1.0, 1.0, 1.0, 0.0, 2.0, 0.0, -1.0, -1.0, 1.0, 0.0, 1.0, 1.0, 1.0, 3.0, 2.0, 95805.0, 507.0
-1.0, 1.0, -1.0, 0.0, 1.0, 2.0, 2.0, 0.0, -1.0, 0.0, 0.0, 2.0, -1.0, 3.0, -1.0, 2.0, 2.0, 1.0, 2.0, -1.0, -1.0, -1.0, 1.0, -1.0, 3.0, 1.0, 0.0, 3.0, 3.0, -1.0, 0.0, -1.0, -1.0, 2.0, 2.0, 1.0, 1.0, 1.0, 0.0, 2.0, 0.0, -1.0, -1.0, 1.0, 0.0, 1.0, 1.0, 1.0, 3.0, 2.0, 95805.0, 507.0
-1.0, 1.0, -1.0, 0.0, 1.0, 2.0, 2.0, 0.0, -1.0, 0.0, 0.0, 2.0, -1.0, 3.0, -1.0, 2.0, 2.0, 1.0, 2.0, -1.0, -1.0, -1.0, 1.0, -1.0, 3.0, 1.0, 0.0, 3.0, 3.0, -1.0, 0.0, -1.0, -1.0, 2.0, 2.0, 1.0, 1.0, 1.0, 0.0, 2.0, 0.0, -1.0, -1.0, 1.0, 0.0, 1.0, 1.0, 1.0, 3.0, 2.0, 95805.0, 507.0
-1.0, 1.0, -1.0, 0.0, 1.0, 2.0, 2.0, 0.0, -1.0, 0.0, 0.0, 2.0, -1.0, 3.0, -1.0, 2.0, 2.0, 1.0, 2.0, -1.0, -1.0, -1.0, 1.0, -1.0, 3.0, 1.0, 0.0, 3.0, 3.0, -1.0, 0.0, -1.0, -1.0, 2.0, 2.0, 1.0, 1.0, 1.0, 0.0, 2.0, 0.0, -1.0, -1.0, 1.0, 0.0, 1.0, 1.0, 1.0, 3.0, 2.0, 95805.0, 507.0
-1.0, 1.0, -1.0, 0.0, 1.0, 2.0, 2.0, 0.0, -1.0, 0.0, 0.0, 2.0, -1.0, 3.0, -1.0, 2.0, 2.0, 1.0, 2.0, -1.0, -1.0, -1.0, 1.0, -1.0, 3.0, 1.0, 0.0, 3.0, 3.0, -1.0, 0.0, -1.0, -1.0, 2.0, 2.0, 1.0, 1.0, 1.0, 0.0, 2.0, 0.0, -1.0, -1.0, 1.0, 0.0, 1.0, 1.0, 1.0, 3.0, 2.0, 95805.0, 507.0
2.0, -1.0, 2.0, 1.0, 3.0, 0.0, 3.0, 3.0, -1.0, -1.0, 0.0, -1.0, 2.0, 1.0, -1.0, -1.0, 1.0, -1.0, 0.0, 0.0, 2.0, 2.0, 0.0, 2.0, 1.0, 0.0, -1.0, -1.0, 1.0, 1.0, 2.0, 1.0, 1.0, 3.0, 0.0, 2.0, -1.0, 3.0, 0.0, 3.0, 1.0, 0.0, 3.0, 3.0, -1.0, 0.0, -1.0, -1.0, 2.0, 1.0, 95666.0, 518.0
2.0, -1.0, 2.0, 1.0, 3.0, 3.0, 3.0, 3.0, -1.0, -1.0, 0.0, -1.0, 2.0, 1.0, -1.0, -1.0, 1.0, -1.0, 0.0, 0.0, 2.0, 2.0, 0.0, 2.0, 1.0, 0.0, -1.0, 0.0, 1.0, 1.0, 2.0, 1.0, 1.0, 3.0, 0.0, 2.0, -1.0, 3.0, 0.0, 3.0, 1.0, 0.0, 3.0, 3.0, -1.0, 0.0, -1.0, -1.0, 2.0, 1.0, 95590.0, 536.0
2.0, -1.0, 2.0, 1.0, 3.0, 3.0, 3.0, 3.0, -1.0, -1.0, 0.0, -1.0, 2.0, 1.0, -1.0, -1.0, 1.0, -1.0, 0.0, 0.0, 2.0, 2.0, 0.0, 2.0, 1.0, 0.0, -1.0, 0.0, 1.0, 1.0, 2.0, 1.0, 1.0, 3.0, 0.0, 2.0, -1.0, 3.0, 0.0, 3.0, 1.0, 0.0, 3.0, 3.0, -1.0, 0.0, -1.0, -1.0, 2.0, 1.0, 95590.0, 536.0
1.0, 2.0, 0.0, -1.0, 2.0, 1.0, -1.0, 0.0, 0.0, 2.0, 3.0, 1.0, -1.0, 2.0, 3.0, 2.0, 0.0, 3.0, -1.0, 1.0, 0.0, 1.0, 0.0, -1.0, -1.0, 0.0, 1.0, -1.0, 1.0, 3.0, -1.0, 2.0, 2.0, 2.0, -1.0, 1.0, -1.0, -1.0, -1.0, 0.0, 0.0, 1.0, 3.0, 1.0, 0.0, 2.0, -1.0, 0.0, -1.0, 1.0, 95721.0, 508.0
3.0, 3.0, 2.0, 3.0, -1.0, -1.0, 2.0, 2.0, 3.0, 1.0, -1.0, 1.0, -1.0, 1.0, -1.0, -1.0, -1.0, -1.0, -1.0, -1.0, 0.0, -1.0, 1.0, -1.0, -1.0, 3.0, 3.0, -1.0, 2.0, 2.0, -1.0, 2.0, 0.0, 0.0, -1.0, -1.0, 0.0, 2.0, -1.0, 1.0, 0.0, 0.0, 0.0, 0.0, -1.0, 2.0, 0.0, 0.0, 1.0, 0.0, 96446.0, 437.0
3.0, 3.0, 2.0, 3.0, -1.0, -1.0, 2.0, 2.0, 3.0, 1.0, -1.0, 1.0, -1.0, 1.0, -1.0, -1.0, -1.0, -1.0, -1.0, -1.0, 0.0, -1.0, 1.0, -1.0, -1.0, 3.0, 3.0, -1.0, 2.0, 2.0, -1.0, 2.0, 0.0, 0.0, -1.0, -1.0, 0.0, 2.0, -1.0, 1.0, 0.0, 0.0, 0.0, 0.0, -1.0, 2.0, 0.0, 0.0, 1.0, 0.0, 96446.0, 437.0
3.0, 3.0, 2.0, 3.0, -1.0, -1.0, 2.0, 2.0, 3.0, 1.0, -1.0, 1.0, -1.0, 1.0, -1.0, -1.0, -1.0, -1.0, -1.0, -1.0, 0.0, -1.0, 1.0, -1.0, -1.0, 3.0, 3.0, -1.0, 2.0, 2.0, -1.0, 2.0, 0.0, 0.0, -1.0, -1.0, 0.0, 2.0, -1.0, 1.0, 0.0, 0.0, 0.0, 0.0, -1.0, 2.0, 0.0, 0.0, 1.0, 0.0, 96446.0, 437.0
3.0, 3.0, 2.0, 3.0, -1.0, -1.0, 2.0, 2.0, 3.0, 1.0, -1.0, 1.0, -1.0, 1.0, -1.0, -1.0, -1.0, -1.0, -1.0, -1.0, 0.0, -1.0, 1.0, -1.0, -1.0, 3.0, 3.0, -1.0, 2.0, 2.0, -1.0, 2.0, 0.0, 0.0, -1.0, -1.0, 0.0, 2.0, -1.0, 1.0, 0.0, 0.0, 0.0, 0.0, -1.0, 2.0, 0.0, 0.0, 1.0, 0.0, 96446.0, 437.0
3.0, 3.0, 2.0, 3.0, -1.0, -1.0, 2.0, 2.0, 3.0, 1.0, -1.0, 1.0, -1.0, 1.0, -1.0, -1.0, -1.0, -1.0, -1.0, -1.0, 0.0, -1.0, 1.0, -1.0, -1.0, 3.0, 3.0, -1.0, 2.0, 2.0, -1.0, 2.0, 0.0, 0.0, -1.0, -1.0, 0.0, 2.0, -1.0, 1.0, 0.0, 0.0, 0.0, 0.0, -1.0, 2.0, 0.0, 0.0, 1.0, 0.0, 96446.0, 437.0
3.0, 3.0, 2.0, 3.0, -1.0, -1.0, 2.0, 2.0, 3.0, 1.0, -1.0, 1.0, -1.0, 1.0, -1.0, -1.0, -1.0, -1.0, -1.0, -1.0, 0.0, -1.0, 1.0, -1.0, -1.0, 3.0, 3.0, -1.0, 2.0, 2.0, -1.0, 2.0, 0.0, 0.0, -1.0, -1.0, 0.0, 2.0, -1.0, 1.0, 0.0, 0.0, 0.0, 0.0, -1.0, 2.0, 0.0, 0.0, 1.0, 0.0, 96446.0, 437.0
3.0, 3.0, 2.0, 3.0, -1.0, -1.0, 2.0, 2.0, 3.0, 1.0, -1.0, 1.0, -1.0, 1.0, -1.0, -1.0, -1.0, -1.0, -1.0, -1.0, 0.0, -1.0, 1.0, -1.0, -1.0, 3.0, 3.0, -1.0, 2.0, 2.0, -1.0, 2.0, 0.0, 0.0, -1.0, -1.0, 0.0, 2.0, -1.0, 1.0, 0.0, 0.0, 0.0, 0.0, -1.0, 2.0, 0.0, 0.0, 1.0, 0.0, 96446.0, 437.0
3.0, 3.0, 2.0, 3.0, -1.0, -1.0, 2.0, 2.0, 3.0, 1.0, -1.0, 1.0, -1.0, 1.0, -1.0, -1.0, -1.0, -1.0, -1.0, -1.0, 0.0, -1.0, 1.0, -1.0, -1.0, 3.0, 3.0, -1.0, 2.0, 2.0, -1.0, 2.0, 0.0, 0.0, -1.0, -1.0, 0.0, 2.0, -1.0, 1.0, 0.0, 0.0, 0.0, 0.0, -1.0, 2.0, 0.0, 0.0, 1.0, 0.0, 96446.0, 437.0
2.0, -1.0, 2.0, 1.0, 3.0, 3.0, 3.0, 3.0, -1.0, -1.0, 0.0, -1.0, 2.0, 3.0, -1.0, -1.0, 1.0, -1.0, 0.0, 0.0, 2.0, 2.0, 0.0, 2.0, 1.0, 0.0, -1.0, -1.0, 1.0, 1.0, 2.0, 1.0, 1.0, -1.0, 0.0, 2.0, -1.0, 3.0, 0.0, 3.0, 1.0, 0.0, 3.0, 3.0, -1.0, 0.0, -1.0, -1.0, 2.0, 1.0, 95837.0, 503.0
2.0, -1.0, 2.0, 1.0, 3.0, 3.0, 3.0, 3.0, -1.0, -1.0, 0.0, -1.0, 2.0, 3.0, -1.0, -1.0, 1.0, -1.0, 0.0, 0.0, 2.0, 2.0, 0.0, 2.0, 1.0, 0.0, -1.0, -1.0, 1.0, 1.0, 2.0, 1.0, 1.0, -1.0, 0.0, 2.0, -1.0, 3.0, 0.0, 3.0, 1.0, 0.0, 3.0, 3.0, -1.0, 0.0, -1.0, -1.0, 2.0, 1.0, 95837.0, 503.0
2.0, -1.0, 2.0, 1.0, 3.0, 3.0, 3.0, 3.0, -1.0, -1.0, 0.0, -1.0, 2.0, 3.0, -1.0, -1.0, 1.0, -1.0, 0.0, 0.0, 2.0, 2.0, 0.0, 2.0, 1.0, 0.0, -1.0, -1.0, 1.0, 1.0, 2.0, 1.0, 1.0, -1.0, 0.0, 2.0, -1.0, 3.0, 0.0, 3.0, 1.0, 0.0, 3.0, 3.0, -1.0, 0.0, -1.0, -1.0, 2.0, 1.0, 95837.0, 503.0
1.0, 2.0, 0.0, 2.0, 0.0, 3.0, -1.0, 2.0, -1.0, 3.0, 0.0, 2.0, -1.0, 0.0, -1.0, 2.0, -1.0, 1.0, -1.0, 1.0, 1.0, 0.0, 1.0, 2.0, -1.0, 1.0, 0.0, 2.0, 2.0, -1.0, -1.0, -1.0, -1.0, 1.0, 1.0, 3.0, 3.0, 3.0, 3.0, 0.0, 1.0, -1.0, -1.0, -1.0, -1.0, 1.0, 0.0, 0.0, 0.0, -1.0, 96000.0, 477.0
1.0, 2.0, 0.0, 2.0, 0.0, 3.0, -1.0, 2.0, -1.0, 3.0, 0.0, 2.0, -1.0, 0.0, -1.0, 2.0, -1.0, 1.0, -1.0, 1.0, 1.0, 0.0, 1.0, 2.0, -1.0, 1.0, 0.0, 2.0, 2.0, -1.0, -1.0, -1.0, -1.0, 1.0, 1.0, 3.0, 3.0, 3.0, 3.0, 0.0, 1.0, -1.0, -1.0, -1.0, -1.0, 1.0, 0.0, 0.0, 0.0, -1.0, 96000.0, 477.0
1.0, 2.0, 0.0, 2.0, 0.0, 3.0, -1.0, 2.0, -1.0, 3.0, 0.0, 2.0, -1.0, 0.0, -1.0, 2.0, -1.0, 1.0, -1.0, 1.0, 1.0, 0.0, 1.0, 2.0, -1.0, 1.0, 0.0, 2.0, 2.0, -1.0, -1.0, -1.0, -1.0, 1.0, 1.0, 3.0, 3.0, 3.0, 3.0, 0.0, 1.0, -1.0, -1.0, -1.0, -1.0, 1.0, 0.0, 0.0, 0.0, -1.0, 96000.0, 477.0
0.0, 3.0, 2.0, 2.0, 3.0, 0.0, 1.0, -1.0, 0.0, -1.0, 0.0, -1.0, 3.0, -1.0, 0.0, 1.0, 0.0, 1.0, 2.0, 1.0, 1.0, -1.0, 0.0, 3.0, 2.0, 2.0, -1.0, 2.0, 0.0, 1.0, 3.0, 2.0, 3.0, -1.0, 0.0, 2.0, -1.0, 3.0, 2.0, 2.0, 1.0, 0.0, 1.0, 3.0, 1.0, 2.0, -1.0, 0.0, 1.0, 0.0, 95207.0, 583.0
0.0, 3.0, 2.0, 2.0, 3.0, 0.0, 1.0, -1.0, 0.0, -1.0, 0.0, -1.0, 3.0, -1.0, 0.0, 1.0, 0.0, 1.0, 2.0, 1.0, 1.0, -1.0, 0.0, 3.0, 2.0, 2.0, -1.0, 2.0, 0.0, 1.0, 3.0, 2.0, 3.0, -1.0, 0.0, 2.0, -1.0, 3.0, 2.0, 2.0, 1.0, 0.0, 1.0, 3.0, 1.0, 2.0, -1.0, 0.0, 1.0, 0.0, 95207.0, 583.0
-1.0, 3.0, -1.0, -1.0, 1.0, 0.0, 1.0, -1.0, 0.0, -1.0, -1.0, 3.0, 0.0, 3.0, 0.0, 2.0, 1.0, 3.0, 2.0, 2.0, 3.0, 0.0, 0.0, 1.0, -1.0, 2.0, 2.0, -1.0, 2.0, 2.0, -1.0, 1.0, 3.0, -1.0, 1.0, 1.0, -1.0, -1.0, -1.0, -1.0, 1.0, 2.0, 1.0, -1.0, -1.0, 2.0, 1.0, -1.0, 2.0, 0.0, 96543.0, 463.0
-1.0, 3.0, -1.0, -1.0, 1.0, 0.0, 1.0, -1.0, 0.0, -1.0, -1.0, 3.0, 0.0, 3.0, 0.0, 2.0, 1.0, 3.0, 2.0, 2.0, 3.0, 0.0, 0.0, 1.0, -1.0, 2.0, 2.0, -1.0, 2.0, 2.0, -1.0, 1.0, 3.0, -1.0, 1.0, 1.0, -1.0, -1.0, -1.0, -1.0, 1.0, 2.0, 1.0, -1.0, -1.0, 2.0, 1.0, -1.0, 2.0, 0.0, 96543.0, 463.0
1.0, 2.0, 0.0, 2.0, 0.0, 3.0, -1.0, 2.0, -1.0, 3.0, 3.0, 2.0, -1.0, 0.0, -1.0, 2.0, -1.0, 1.0, -1.0, 1.0, 1.0, 0.0, 1.0, 2.0, -1.0, 1.0, 0.0, 2.0, 2.0, -1.0, -1.0, -1.0, -1.0, 1.0, 1.0, 3.0, 3.0, 3.0, 3.0, 0.0, 1.0, -1.0, -1.0, -1.0, -1.0, 1.0, 0.0, 0.0, 0.0, -1.0, 96144.0, 477.0
1.0, -1.0, 0.0, 0.0, 0.0, -1.0, -1.0, 0.0, -1.0, 3.0, -1.0, 0.0, 2.0, 3.0, 2.0, 1.0, 2.0, -1.0, -1.0, -1.0, 2.0, 3.0, 1.0, 0.0, 0.0, 2.0, -1.0, 2.0, -1.0, 1.0, -1.0, -1.0, 0.0, 3.0, 2.0, 0.0, 0.0, 1.0, 2.0, 1.0, -1.0, 2.0, 1.0, 1.0, 2.0, -1.0, 3.0, 1.0, -1.0, 1.0, 95884.0, 505.0
2.0, 3.0, 0.0, 1.0, 2.0, 2.0, 2.0, 3.0, -1.0, -1.0, 1.0, 0.0, -1.0, 0.0, 0.0, 3.0, 1.0, -1.0, 0.0, 2.0, 1.0, 2.0, -1.0, -1.0, -1.0, 1.0, 1.0, 0.0, 2.0, 1.0, 0.0, 1.0, -1.0, -1.0, 0.0, 2.0, 3.0, -1.0, -1.0, 2.0, 1.0, -1.0, 0.0, 3.0, 2.0, -1.0, -1.0, 0.0, -1.0, 0.0, 95722.0, 509.0
1.0, 2.0, 0.0, 2.0, 0.0, 3.0, 1.0, 2.0, -1.0, 3.0, 0.0, 2.0, -1.0, 0.0, -1.0, 2.0, -1.0, 1.0, -1.0, 3.0, 1.0, 0.0, 1.0, 2.0, -1.0, 1.0, 0.0, 2.0, 2.0, -1.0, -1.0, -1.0, -1.0, 1.0, 1.0, 3.0, 3.0, 3.0, 3.0, 0.0, 1.0, -1.0, -1.0, -1.0, -1.0, 1.0, 0.0, 0.0, 0.0, -1.0, 95975.0, 493.0
1.0, 2.0, 0.0, 2.0, 0.0, 3.0, -1.0, 2.0, -1.0, 3.0, 3.0, 2.0, -1.0, 0.0, -1.0, 2.0, -1.0, 1.0, -1.0, 1.0, 1.0, 0.0, 1.0, 2.0, -1.0, 1.0, 0.0, 2.0, 2.0, -1.0, -1.0, -1.0, -1.0, 1.0, 1.0, 3.0, 3.0, 3.0, 3.0, 0.0, 1.0, -1.0, -1.0, -1.0, -1.0, 1.0, 0.0, 0.0, 0.0, -1.0, 96144.0, 477.0
-1.0, 0.0, 2.0, 2.0, 0.0, 3.0, -1.0, -1.0, 2.0, -1.0, -1.0, -1.0, -1.0, 1.0, 1.0, -1.0, -1.0, 0.0, 3.0, 1.0, 0.0, 0.0, 1.0, 0.0, 0.0, 3.0, 2.0, 0.0, -1.0, 3.0, -1.0, 1.0, 1.0, 1.0, 2.0, 2.0, 0.0, 2.0, -1.0, 1.0, 0.0, 2.0, -1.0, -1.0, 0.0, 2.0, -1.0, 2.0, -1.0, 1.0, 96006.0, 482.0
0.0, 1.0, -1.0, 3.0, 0.0, 3.0, 1.0, -1.0, -1.0, 0.0, 0.0, -1.0, 0.0, 0.0, 2.0, 3.0, -1.0, 2.0, -1.0, -1.0, 1.0, 2.0, -1.0, 1.0, -1.0, -1.0, 3.0, 0.0, 1.0, 3.0, 0.0, -1.0, 2.0, 1.0, 1.0, 1.0, 2.0, 2.0, -1.0, 3.0, 0.0, 2.0, -1.0, 0.0, 1.0, 2.0, 3.0, 1.0, 0.0, 2.0, 95676.0, 534.0
1.0, 2.0, 0.0, -1.0, 2.0, 1.0, 1.0, 0.0, 0.0, 2.0, 3.0, 1.0, -1.0, 2.0, 3.0, 2.0, 0.0, 3.0, -1.0, 3.0, 0.0, 1.0, 0.0, -1.0, -1.0, 0.0, 1.0, -1.0, 1.0, 3.0, -1.0, 2.0, 2.0, 2.0, -1.0, 1.0, -1.0, 2.0, -1.0, 0.0, 0.0, 1.0, 3.0, 1.0, 0.0, 2.0, -1.0, 0.0, -1.0, 1.0, 95624.0, 537.0
1.0, 2.0, 0.0, -1.0, 2.0, 1.0, 1.0, 0.0, 0.0, 2.0, 3.0, 1.0, -1.0, 2.0, 3.0, 2.0, 0.0, 3.0, -1.0, 3.0, 0.0, 1.0, 0.0, -1.0, -1.0, 0.0, 1.0, -1.0, 1.0, 3.0, -1.0, 2.0, 2.0, 2.0, -1.0, 1.0, -1.0, -1.0, -1.0, 0.0, 0.0, 1.0, 3.0, 1.0, 0.0, 2.0, -1.0, 0.0, -1.0, 1.0, 95696.0, 524.0
1.0, 2.0, 0.0, -1.0, 2.0, 1.0, 1.0, 0.0, 0.0, 2.0, 3.0, 1.0, -1.0, 2.0, 3.0, 2.0, 0.0, 3.0, 0.0, 3.0, 0.0, 1.0, 0.0, -1.0, -1.0, 0.0, 1.0, -1.0, 1.0, 3.0, -1.0, 2.0, 2.0, 2.0, -1.0, 1.0, -1.0, -1.0, -1.0, 0.0, 0.0, 1.0, 3.0, 1.0, 0.0, 2.0, -1.0, 0.0, -1.0, 1.0, 95554.0, 540.0
2.0, -1.0, 2.0, 1.0, 3.0, 3.0, 3.0, 3.0, -1.0, -1.0, 0.0, -1.0, 2.0, 3.0, -1.0, -1.0, 1.0, -1.0, -1.0, 0.0, 2.0, 2.0, 0.0, 2.0, 1.0, 0.0, -1.0, -1.0, 1.0, 1.0, 2.0, 1.0, 1.0, -1.0, 0.0, 2.0, -1.0, 3.0, 0.0, 3.0, 1.0, 0.0, 3.0, 3.0, -1.0, 0.0, -1.0, -1.0, 2.0, 1.0, 95979.0, 487.0
1.0, 2.0, 0.0, -1.0, 2.0, 1.0, 1.0, 0.0, 0.0, 2.0, 3.0, 1.0, -1.0, 2.0, 3.0, 2.0, 0.0, 3.0, -1.0, 3.0, 0.0, 1.0, 0.0, -1.0, -1.0, 0.0, 1.0, -1.0, 1.0, 3.0, -1.0, 2.0, 2.0, 2.0, -1.0, 1.0, -1.0, -1.0, -1.0, 0.0, 0.0, 1.0, 3.0, 1.0, 0.0, 2.0, -1.0, 0.0, -1.0, 1.0, 95696.0, 524.0
3.0, 3.0, 0.0, -1.0, 1.0, 0.0, 1.0, 0.0, 1.0, -1.0, 0.0, 0.0, -1.0, 3.0, 2.0, -1.0, 2.0, 1.0, 1.0, 1.0, 0.0, 3.0, -1.0, 3.0, -1.0, 1.0, 3.0, 0.0, 1.0, 1.0, 2.0, -1.0, 3.0, 2.0, 2.0, -1.0, -1.0, 3.0, 2.0, 2.0, 1.0, 1.0, -1.0, 2.0, 0.0, 0.0, 3.0, 2.0, -1.0, 0.0, 95459.0, 547.0
1.0, 0.0, 1.0, -1.0, 0.0, 1.0, -1.0, 3.0, -1.0, 1.0, 2.0, -1.0, 2.0, -1.0, 3.0, -1.0, -1.0, 2.0, 0.0, 3.0, 0.0, 2.0, 1.0, 3.0, 0.0, 3.0, 2.0, 1.0, 0.0, -1.0, 0.0, 3.0, 0.0, 2.0, 1.0, 3.0, 0.0, 3.0, -1.0, 1.0, 2.0, -1.0, 3.0, 1.0, 1.0, 0.0, 2.0, -1.0, 1.0, 0.0, 95545.0, 544.0
3.0, 3.0, 0.0, -1.0, 1.0, 0.0, 1.0, 0.0, 1.0, -1.0, 0.0, 0.0, -1.0, 3.0, 2.0, -1.0, 2.0, 1.0, 1.0, 1.0, 0.0, 3.0, -1.0, 3.0, -1.0, 1.0, 3.0, 0.0, 1.0, 1.0, 2.0, -1.0, 3.0, 2.0, 2.0, -1.0, -1.0, 3.0, 2.0, 2.0, 1.0, 1.0, -1.0, 2.0, 0.0, 0.0, 3.0, 2.0, -1.0, 0.0, 95459.0, 547.0
1.0, 0.0, 1.0, -1.0, 0.0, 1.0, -1.0, 3.0, -1.0, 1.0, 2.0, -1.0, 2.0, -1.0, 3.0, -1.0, -1.0, 2.0, 0.0, 3.0, 0.0, 2.0, 1.0, 3.0, 0.0, 3.0, 2.0, 1.0, 0.0, -1.0, 0.0, 3.0, 0.0, 2.0, 1.0, 3.0, 0.0, 3.0, -1.0, 1.0, 2.0, -1.0, 3.0, 1.0, 1.0, 0.0, 2.0, -1.0, 1.0, 0.0, 95545.0, 544.0
1.0, 0.0, 1.0, -1.0, 0.0, 1.0, -1.0, 3.0, -1.0, 1.0, 2.0, -1.0, 2.0, -1.0, 3.0, -1.0, -1.0, 2.0, 0.0, 3.0, 0.0, 2.0, 1.0, 3.0, 0.0, 3.0, 2.0, 1.0, 0.0, -1.0, 0.0, 3.0, 0.0, 2.0, 1.0, 3.0, 0.0, 3.0, -1.0, 1.0, 2.0, -1.0, 3.0, 1.0, 1.0, 0.0, 2.0, -1.0, 1.0, 0.0, 95545.0, 544.0
1.0, 0.0, 1.0, -1.0, 0.0, 1.0, -1.0, 3.0, -1.0, 1.0, 2.0, -1.0, 2.0, -1.0, 3.0, -1.0, -1.0, 2.0, 0.0, 3.0, 0.0, 2.0, 1.0, 3.0, 0.0, 3.0, 2.0, 1.0, 0.0, -1.0, 0.0, 3.0, 0.0, 2.0, 1.0, 3.0, 0.0, 3.0, -1.0, 1.0, 2.0, -1.0, 3.0, 1.0, 1.0, 0.0, 2.0, -1.0, 1.0, 0.0, 95545.0, 544.0
3.0, 3.0, 0.0, -1.0, 1.0, 0.0, 1.0, 0.0, 1.0, -1.0, 0.0, 0.0, -1.0, 3.0, 2.0, -1.0, 2.0, 1.0, 1.0, 1.0, 0.0, 3.0, -1.0, 3.0, -1.0, 1.0, 3.0, 0.0, 1.0, 1.0, 2.0, -1.0, 3.0, 2.0, 2.0, -1.0, -1.0, 3.0, 2.0, 2.0, 1.0, 1.0, -1.0, 2.0, 0.0, 0.0, 3.0, 2.0, -1.0, 0.0, 95459.0, 547.0
3.0, 3.0, 0.0, -1.0, 1.0, 0.0, 1.0, 0.0, 1.0, -1.0, 0.0, 0.0, -1.0, 3.0, 2.0, -1.0, 2.0, 1.0, 1.0, 1.0, 0.0, 3.0, -1.0, 3.0, -1.0, 1.0, 3.0, 0.0, 1.0, 1.0, 2.0, -1.0, 3.0, 2.0, 2.0, -1.0, -1.0, 3.0, 2.0, 2.0, 1.0, 1.0, -1.0, 2.0, 0.0, 0.0, 3.0, 2.0, -1.0, 0.0, 95459.0, 547.0
3.0, 3.0, 0.0, -1.0, 1.0, 0.0, 1.0, 0.0, 1.0, -1.0, 0.0, 0.0, -1.0, 3.0, 2.0, -1.0, 2.0, 1.0, 1.0, 1.0, 0.0, 3.0, -1.0, 3.0, -1.0, 1.0, 3.0, 0.0, 1.0, 1.0, 2.0, -1.0, 3.0, 2.0, 2.0, -1.0, -1.0, 3.0, 2.0, 2.0, 1.0, 1.0, -1.0, 2.0, 0.0, 0.0, 3.0, 2.0, -1.0, 0.0, 95459.0, 547.0
3.0, 3.0, 0.0, -1.0, 1.0, 0.0, 1.0, 0.0, 1.0, -1.0, 0.0, 0.0, -1.0, 3.0, 2.0, -1.0, 2.0, 1.0, 1.0, 1.0, 0.0, 3.0, -1.0, 3.0, -1.0, 1.0, 3.0, 0.0, 1.0, 1.0, 2.0, -1.0, 3.0, 2.0, 2.0, -1.0, -1.0, 3.0, 2.0, 2.0, 1.0, 1.0, -1.0, 2.0, 0.0, 0.0, 3.0, 2.0, -1.0, 0.0, 95459.0, 547.0
3.0, 3.0, 0.0, -1.0, 1.0, 0.0, 1.0, 0.0, 1.0, -1.0, 0.0, 0.0, -1.0, 3.0, 2.0, -1.0, 2.0, 1.0, 1.0, 1.0, 0.0, 3.0, -1.0, 3.0, -1.0, 1.0, 3.0, 0.0, 1.0, 1.0, 2.0, -1.0, 3.0, 2.0, 2.0, -1.0, -1.0, 3.0, 2.0, 2.0, 1.0, 1.0, -1.0, 2.0, 0.0, 0.0, 3.0, 2.0, -1.0, 0.0, 95459.0, 547.0
3.0, 3.0, 0.0, -1.0, 1.0, 0.0, 1.0, 0.0, 1.0, -1.0, 0.0, 0.0, -1.0, 3.0, 2.0, -1.0, 2.0, 1.0, 1.0, 1.0, 0.0, 3.0, -1.0, 3.0, -1.0, 1.0, 3.0, 0.0, 1.0, 1.0, 2.0, -1.0, 3.0, 2.0, 2.0, -1.0, -1.0, 3.0, 2.0, 2.0, 1.0, 1.0, -1.0, 2.0, 0.0, 0.0, 3.0, 2.0, -1.0, 0.0, 95459.0, 547.0
0.0, 3.0, 2.0, 2.0, 3.0, 0.0, 1.0, -1.0, 0.0, -1.0, 0.0, -1.0, 3.0, -1.0, 0.0, 1.0, 0.0, 1.0, 2.0, 1.0, 1.0, -1.0, 0.0, 3.0, 2.0, 2.0, -1.0, 2.0, 0.0, 1.0, 3.0, 2.0, 3.0, -1.0, 0.0, 2.0, -1.0, 3.0, 2.0, 2.0, 1.0, 0.0, 1.0, 3.0, 1.0, 2.0, -1.0, 0.0, 1.0, 0.0, 95207.0, 583.0
0.0, 3.0, 2.0, 2.0, 3.0, 0.0, 1.0, -1.0, 0.0, -1.0, 0.0, -1.0, 3.0, -1.0, 0.0, 1.0, 0.0, 1.0, 2.0, 1.0, 1.0, -1.0, 0.0, 3.0, 2.0, 2.0, -1.0, 2.0, 0.0, 1.0, 3.0, 2.0, 3.0, -1.0, 0.0, 2.0, -1.0, 3.0, 2.0, 2.0, 1.0, 0.0, 1.0, 3.0, 1.0, 2.0, -1.0, 0.0, 1.0, 0.0, 95207.0, 583.0
