0.139672554783, 1.08041704461, 82.4848323581, 0.624505235398, 41.7022430355, 44.9956374012, 0.78621833118, 0.0633411348313, 6.67908568208, 0.0, 0.0
0.139672554783, 1.17771178504, 82.4848323581, 0.694471051962, 41.7022430355, 2.36088821989, 0.839544428793, 0.0633411348313, 17.6215668733, 0.00424874074081, 0.0
0.743313284783, 1.02818235229, 92.1530970917, 0.527751865594, 73.996878926, 47.6191791615, 0.586693659679, 3.9748243589, 9.46716634892, 0.0, 0.2
0.127559867714, 0.92294888093, 81.2655097612, 0.642749659751, 28.0869078029, 1.2115106091, 1.72638059197, 4.13795230386, 7.45542472036, 0.00563849658486, 0.0
0.116850243781, 1.09271806374, 89.0236836409, 0.546303792725, 5.29888914825, 1.34854772164, 0.0708206794496, 0.139043229585, 9.56245288982, 0.00552363381893, 0.142857142857
0.19464709832, 0.824035282709, 92.0789564875, 0.642749659751, 42.9198619468, 1.2115106091, 0.987081811751, 0.139043229585, 6.53289132472, 0.00589119704944, 0.0
0.127559867714, 1.25385668496, 93.005845748, 0.485871047958, 43.8342844548, 2.36088821989, 1.22899394726, 0.782048422418, 13.0514941186, 0.0062128249092, 0.0
0.127559867714, 1.25385668496, 89.0594607075, 0.586280639845, 36.2829907057, 1.2115106091, 1.24100703584, 4.13795230386, 7.45542472036, 0.00624538587359, 0.0
0.11143807878, 0.82127297827, 82.9347444889, 0.586280639845, 97.529839696, 1.01295342119, 0.689625086599, 0.782048422418, 5.97072228708, 0.00661536753417, 0.0
0.127559867714, 1.25385668496, 93.005845748, 0.485871047958, 43.8342844548, 1.2115106091, 0.947865645711, 0.782048422418, 13.0514941186, 0.00664648848499, 0.0769230769231
0.124760427262, 0.865847296545, 92.621950298, 0.485871047958, 36.2829907057, 1.34854772164, 1.71766845336, 0.782048422418, 11.329870806, 0.00721545256265, 0.0222222222222
0.11143807878, 0.823024311932, 82.9347444889, 0.439835579404, 97.529839696, 1.32810607234, 1.85431704556, 0.400957338137, 14.4431256596, 0.00753181917881, 0.0
0.131021304464, 1.25385668496, 82.2892401417, 0.485871047958, 36.2829907057, 1.2115106091, 1.78334450947, 0.782048422418, 11.9052330049, 0.00706301401728, 0.25641025641
0.127559867714, 1.25385668496, 92.621950298, 0.485871047958, 36.2829907057, 1.34854772164, 1.5149617513, 1.66209266737, 11.9052330049, 0.00731040883357, 0.03125
0.116850243781, 1.09271806374, 89.0236836409, 0.546303792725, 5.29888914825, 1.18678397115, 0.0708206794496, 0.139043229585, 18.8497616959, 0.00778886081965, 0.0
0.127559867714, 1.25385668496, 93.005845748, 0.485871047958, 5.29888914825, 1.34854772164, 1.22899394726, 0.782048422418, 3.7178658145, 0.0076962446031, 0.114285714286
0.11143807878, 0.824035282709, 82.9347444889, 0.439835579404, 97.529839696, 1.32810607234, 1.85431704556, 3.6177269419, 14.4431256596, 0.00818524707405, 0.0
0.127559867714, 1.25385668496, 89.0594607075, 0.586280639845, 36.2829907057, 1.37408258352, 1.24100703584, 0.782048422418, 7.45542472036, 0.00835973148833, 0.0
0.127559867714, 1.25385668496, 93.5367888503, 0.476338963716, 5.29888914825, 1.34854772164, 1.22899394726, 0.782048422418, 3.7178658145, 0.00819463620536, 0.178571428571
0.19464709832, 0.824035282709, 92.621950298, 0.525751464997, 74.3514333959, 1.34854772164, 0.987081811751, 0.139043229585, 6.53289132472, 0.00875242446269, 0.0
0.127559867714, 1.25385668496, 89.0594607075, 0.586280639845, 36.2829907057, 1.37408258352, 1.24100703584, 0.782048422418, 7.45542472036, 0.00876931513331, 0.0
0.11143807878, 0.824035282709, 82.9347444889, 0.439835579404, 97.529839696, 1.32810607234, 1.76460755093, 3.6177269419, 1.5539483874, 0.00886100481504, 0.25
0.139672554783, 1.08041704461, 82.4848323581, 0.694471051962, 41.7022430355, 1.34854772164, 0.839544428793, 0.0633411348313, 17.6215668733, 0.00911024603045, 0.0
0.139672554783, 1.08041704461, 82.4848323581, 0.694471051962, 41.7022430355, 1.34854772164, 0.839544428793, 0.0633411348313, 9.46716634892, 0.0104920828561, 0.0
0.127559867714, 1.25385668496, 92.621950298, 0.507536529813, 36.2829907057, 1.34854772164, 1.5149617513, 0.139043229585, 6.53289132472, 0.00984457088771, 0.170212765957
0.428707466518, 0.92294888093, 81.2655097612, 0.642749659751, 36.2829907057, 1.2115106091, 0.302934124637, 4.13795230386, 7.45542472036, 0.0116280893117, 0.0
0.127559867714, 1.25385668496, 93.005845748, 0.485871047958, 36.2829907057, 2.36088821989, 1.41897989784, 0.782048422418, 11.9052330049, 0.0109016833741, 0.037037037037
0.19464709832, 0.824035282709, 92.1530970917, 0.642749659751, 42.9198619468, 1.2115106091, 0.987081811751, 0.139043229585, 6.53289132472, 0.010094096165, 0.636363636364
0.19464709832, 1.09271806374, 85.0657004382, 0.525751464997, 5.29888914825, 1.34854772164, 0.0708206794496, 0.139043229585, 3.7178658145, 0.011838599017, 0.0
0.139672554783, 1.11670351656, 87.4708497293, 0.608879385857, 44.2311906338, 3.60296228602, 0.169990015362, 3.36502255997, 5.80534252141, 0.0112621034999, 0.142857142857
0.127559867714, 1.25385668496, 93.005845748, 0.485871047958, 36.2829907057, 1.34854772164, 1.22899394726, 0.782048422418, 13.0514941186, 0.0119127834775, 0.0967741935484
0.127559867714, 1.25385668496, 89.0594607075, 0.485871047958, 36.2829907057, 2.1094055587, 1.16223201485, 0.782048422418, 4.61019159124, 0.012502456883, 0.047619047619
0.377864731927, 0.824035282709, 90.8423741691, 0.409808702677, 58.0703242089, 1.2115106091, 0.930452380987, 3.6177269419, 10.5061574199, 0.0128946466171, 0.0
0.116850243781, 1.09271806374, 89.0236836409, 0.546303792725, 5.29888914825, 1.34854772164, 0.0708206794496, 0.139043229585, 9.56245288982, 0.0127544453949, 0.526315789474
0.116850243781, 1.23482866492, 80.1180864767, 0.546303792725, 4.15758073403, 1.34854772164, 0.712481673884, 0.139043229585, 9.56245288982, 0.0127788083606, 0.25
0.155604104981, 1.00184892436, 80.0360748525, 0.525751464997, 11.1837480484, 1.34854772164, 0.666220046612, 1.20417858097, 5.42271732315, 0.0130203605994, 0.125
0.110318069311, 1.25385668496, 93.005845748, 0.485871047958, 36.2829907057, 2.36088821989, 1.51043058428, 1.81072285081, 15.2333446163, 0.0139250708192, 0.0
0.11143807878, 0.824035282709, 82.9347444889, 0.409808702677, 97.529839696, 3.08727109352, 1.76460755093, 3.6177269419, 1.5539483874, 0.0140503045345, 0.0754716981132
0.19464709832, 1.09271806374, 85.0657004382, 0.525751464997, 36.2829907057, 1.34854772164, 0.0708206794496, 0.139043229585, 13.0514941186, 0.0141091304138, 0.0
0.139672554783, 0.92294888093, 82.4848323581, 0.642749659751, 36.2829907057, 1.34854772164, 0.839544428793, 0.0633411348313, 9.46716634892, 0.0141079201964, 0.0952380952381
0.130665090506, 1.09271806374, 82.2193729184, 0.559591927029, 5.19779734555, 1.34854772164, 1.85648619612, 4.343651556, 6.72063336009, 0.0140566079784, 0.194444444444
0.152717943734, 1.23482866492, 93.005845748, 0.529652206595, 27.2187227127, 2.36088821989, 1.85648619612, 4.21756231534, 16.7000245033, 0.0163744281867, 0.0
0.152717943734, 1.23482866492, 93.005845748, 0.529652206595, 27.2187227127, 2.36088821989, 0.712481673884, 4.21756231534, 16.7000245033, 0.0159028071403, 0.1
0.127559867714, 1.25385668496, 93.005845748, 0.485871047958, 36.2829907057, 2.36088821989, 1.5149617513, 0.782048422418, 11.9052330049, 0.0154141828393, 0.162790697674
0.11143807878, 0.824035282709, 82.9347444889, 0.439835579404, 97.529839696, 1.32810607234, 1.85431704556, 3.6177269419, 14.4431256596, 0.0146710590329, 0.184615384615
0.411689996071, 1.02999309844, 92.621950298, 0.409808702677, 41.7022430355, 1.34854772164, 0.987081811751, 4.46270249915, 1.5539483874, 0.0142844636901, 0.2
0.127559867714, 1.25578498269, 93.005845748, 0.559591927029, 5.29888914825, 2.36088821989, 1.41897989784, 0.782048422418, 11.9052330049, 0.0167685205968, 0.0
0.155604104981, 1.00184892436, 80.0360748525, 0.525751464997, 11.1837480484, 1.34854772164, 1.65557879095, 1.20417858097, 5.42271732315, 0.0144966927608, 0.232142857143
0.110158742234, 1.25385668496, 86.7438635541, 0.485871047958, 36.2829907057, 2.36088821989, 1.51043058428, 0.782048422418, 15.2333446163, 0.0170325370127, 0.0
0.19464709832, 1.25385668496, 85.0657004382, 0.525751464997, 36.2829907057, 1.34854772164, 1.41897989784, 0.139043229585, 11.9052330049, 0.0169461049351, 0.0172413793103
0.116850243781, 1.09271806374, 85.0657004382, 0.546303792725, 5.29888914825, 1.34854772164, 0.0708206794496, 0.139043229585, 9.56245288982, 0.0145475818375, 0.65
0.11143807878, 0.82127297827, 82.9347444889, 0.586280639845, 97.529839696, 1.32810607234, 0.689625086599, 0.782048422418, 1.5539483874, 0.0154557690027, 0.555555555556
0.127559867714, 1.25385668496, 93.005845748, 0.485871047958, 36.2829907057, 1.34854772164, 1.41897989784, 0.611678997949, 5.97072228708, 0.0161341302637, 0.363636363636
0.411689996071, 1.09271806374, 92.621950298, 0.559591927029, 5.29888914825, 1.34854772164, 0.987081811751, 4.21756231534, 9.0325160818, 0.0183291907545, 0.0
0.102333355049, 1.25578498269, 93.005845748, 0.679822064883, 5.29888914825, 2.36088821989, 1.41897989784, 0.782048422418, 11.9052330049, 0.0176580006605, 0.127659574468
0.127559867714, 1.25385668496, 92.621950298, 0.642749659751, 12.1090786404, 1.34854772164, 1.41897989784, 0.782048422418, 17.0701036733, 0.0170768280679, 0.210526315789
0.155604104981, 1.11724473088, 80.0360748525, 0.651258454984, 11.1837480484, 1.2115106091, 0.666220046612, 1.20417858097, 3.19915297827, 0.0161087635217, 0.631578947368
0.127559867714, 1.25385668496, 93.005845748, 0.485871047958, 36.2829907057, 1.2115106091, 1.5149617513, 3.6177269419, 11.9052330049, 0.0169058886438, 0.420289855072
0.377864731927, 0.824035282709, 82.9347444889, 0.409808702677, 97.529839696, 1.1555460083, 0.169990015362, 3.6177269419, 14.4431256596, 0.0183845631644, 0.0
0.19464709832, 0.824035282709, 92.621950298, 0.485871047958, 74.3514333959, 1.34854772164, 0.129051720616, 0.139043229585, 6.51558424337, 0.0175457793951, 0.277777777778
0.116850243781, 1.23482866492, 80.1180864767, 0.546303792725, 5.29888914825, 1.34854772164, 0.712481673884, 0.139043229585, 9.56245288982, 0.0179030912968, 0.222222222222
0.127559867714, 1.25385668496, 92.621950298, 0.485871047958, 5.29888914825, 1.34854772164, 1.41897989784, 0.782048422418, 11.9052330049, 0.0179415214837, 0.213483146067
0.127559867714, 1.25385668496, 93.005845748, 0.485871047958, 36.2829907057, 1.34854772164, 1.41897989784, 0.611678997949, 1.5539483874, 0.0172577529184, 0.7
0.428707466518, 1.2593855629, 86.8293734533, 0.642749659751, 42.9198619468, 1.2115106091, 1.85648619612, 3.6177269419, 14.4431256596, 0.019497003988, 0.0
0.127559867714, 1.17628769476, 89.0594607075, 0.485871047958, 5.29888914825, 2.36088821989, 1.24100703584, 0.782048422418, 7.45542472036, 0.0188712716703, 0.0222222222222
0.205352254111, 1.08585679026, 89.0236836409, 0.684718003758, 28.0869078029, 1.18678397115, 1.9236555779, 1.13168270054, 18.8497616959, 0.0187000555773, 0.222222222222
0.127559867714, 1.25385668496, 93.005845748, 0.485871047958, 36.2829907057, 1.34854772164, 1.5149617513, 0.782048422418, 11.9052330049, 0.0179680600482, 0.339622641509
0.428707466518, 1.08041704461, 85.929962849, 0.694471051962, 41.7022430355, 1.2115106091, 0.302934124637, 4.13795230386, 7.45542472036, 0.0211692078009, 0.0
0.411689996071, 1.25720700397, 93.005845748, 0.485871047958, 36.2829907057, 1.34854772164, 1.51043058428, 0.782048422418, 9.26228583774, 0.0207458243819, 0.03125
0.205352254111, 1.01662895244, 80.0880085187, 0.641233681634, 46.558855614, 1.18678397115, 1.9236555779, 1.13168270054, 18.8497616959, 0.0193157965235, 0.128571428571
0.110158742234, 0.824035282709, 80.1209386523, 0.409808702677, 95.5591356663, 3.08727109352, 1.76460755093, 0.139043229585, 4.9671416287, 0.0197190746727, 0.075
0.155604104981, 1.00184892436, 80.0360748525, 0.651258454984, 11.1837480484, 1.2115106091, 0.666220046612, 1.20417858097, 5.42271732315, 0.0192000610545, 0.333333333333
0.411689996071, 1.09271806374, 85.0657004382, 0.525751464997, 5.29888914825, 1.34854772164, 0.0708206794496, 0.139043229585, 9.0325160818, 0.0191611425843, 0.4
0.11143807878, 0.824035282709, 82.9347444889, 0.409808702677, 97.529839696, 3.08727109352, 1.76460755093, 3.6177269419, 1.5539483874, 0.0189593687038, 0.481481481481
0.11143807878, 0.824035282709, 80.7827726906, 0.439835579404, 97.529839696, 1.32810607234, 1.76460755093, 3.6177269419, 1.5539483874, 0.0182103270759, 0.645454545455
0.205352254111, 1.11724473088, 86.3996236195, 0.684718003758, 28.0869078029, 2.0712943089, 1.76460755093, 1.13168270054, 19.7429339494, 0.0213600481955, 0.0
0.116747554447, 1.09271806374, 85.0657004382, 0.546303792725, 5.29888914825, 2.36088821989, 0.0708206794496, 0.139043229585, 9.56245288982, 0.0203864948285, 0.142857142857
0.127559867714, 1.25385668496, 93.005845748, 0.485871047958, 36.2829907057, 2.36088821989, 1.22899394726, 0.782048422418, 13.0514941186, 0.0208111795445, 0.134615384615
0.11143807878, 0.823024311932, 82.9347444889, 0.439835579404, 97.529839696, 1.32810607234, 1.85431704556, 2.01114530893, 14.4431256596, 0.019170550177, 0.48275862069
0.428707466518, 0.92294888093, 82.3332639927, 0.642749659751, 5.29888914825, 1.34854772164, 1.85648619612, 4.13795230386, 17.6270075585, 0.0216275946684, 0.0
0.110158742234, 0.824035282709, 80.1209386523, 0.409808702677, 95.5591356663, 3.08727109352, 1.76460755093, 3.14973682287, 4.9671416287, 0.0212380274937, 0.214285714286
0.127559867714, 1.09271806374, 93.005845748, 0.485871047958, 5.29888914825, 2.36088821989, 0.38645389931, 0.782048422418, 3.7178658145, 0.0216365996052, 0.0
0.127559867714, 0.92294888093, 81.2655097612, 0.642749659751, 46.558855614, 1.2115106091, 1.72638059197, 4.13795230386, 7.45542472036, 0.0215937294323, 0.397058823529
0.19464709832, 0.824035282709, 92.621950298, 0.525751464997, 90.5532554473, 1.34854772164, 0.289134712727, 1.66209266737, 11.9052330049, 0.0216282960799, 0.35
0.110158742234, 0.958173827625, 94.0635848622, 0.524849894939, 37.514449277, 3.56973658744, 1.24100703584, 3.14973682287, 13.6771753708, 0.0223416089948, 0.0
0.11143807878, 0.8218021098, 84.126100833, 0.409808702677, 97.529839696, 3.08727109352, 1.76460755093, 3.6177269419, 1.04515192817, 0.0223409879304, 0.692307692308
0.205352254111, 0.987368559285, 86.3996236195, 0.684718003758, 28.0869078029, 2.0712943089, 1.76460755093, 1.13168270054, 19.7429339494, 0.0228353425148, 0.0
0.205352254111, 1.01662895244, 80.0880085187, 0.684718003758, 28.0869078029, 1.18678397115, 1.9236555779, 1.13168270054, 18.8497616959, 0.0229732139679, 0.383333333333
0.389190945217, 1.09271806374, 92.621950298, 0.559591927029, 42.9198619468, 1.2115106091, 1.95496907128, 4.21756231534, 9.0325160818, 0.0233115331938, 0.0
0.127559867714, 1.25385668496, 93.005845748, 0.61316335247, 36.2829907057, 2.36088821989, 1.51043058428, 0.782048422418, 15.2333446163, 0.0232743180062, 0.125
0.110318069311, 1.25385668496, 88.5771854942, 0.615185776278, 13.2504556737, 2.36088821989, 1.51043058428, 0.564518296616, 15.2333446163, 0.0229829649967, 0.285714285714
0.411689996071, 1.09271806374, 92.621950298, 0.525751464997, 74.3514333959, 1.34854772164, 0.987081811751, 0.139043229585, 10.1357392479, 0.0238045484166, 0.0
0.127559867714, 1.25385668496, 93.005845748, 0.485871047958, 36.2829907057, 2.36088821989, 1.51043058428, 0.782048422418, 9.26228583774, 0.0234695356149, 0.323529411765
0.411689996071, 1.25551249215, 84.938090091, 0.525751464997, 5.29888914825, 1.34854772164, 0.987081811751, 1.28833721216, 9.0325160818, 0.0234360848007, 0.5
0.411689996071, 0.824035282709, 92.621950298, 0.525751464997, 5.29888914825, 1.34854772164, 0.987081811751, 0.139043229585, 8.63864522996, 0.0244044045502, 0.0
0.127559867714, 1.11670351656, 93.005845748, 0.485871047958, 85.6289681775, 1.34854772164, 1.22899394726, 3.36502255997, 13.0514941186, 0.0237086049746, 0.38961038961
0.130665090506, 0.92294888093, 82.3332639927, 0.642749659751, 42.9198619468, 4.25989926161, 1.85648619612, 4.13795230386, 8.98872732747, 0.0248596637519, 0.0
0.127134868386, 1.25385668496, 92.621950298, 0.485871047958, 5.29888914825, 1.34854772164, 1.23405627486, 0.782048422418, 11.9052330049, 0.0237407913116, 0.494252873563
0.139672554783, 1.25385668496, 87.4708497293, 0.608879385857, 36.2829907057, 3.60296228602, 0.169990015362, 0.782048422418, 5.80534252141, 0.0244582388569, 0.125
0.127559867714, 1.25385668496, 92.621950298, 0.485871047958, 12.1090786404, 1.34854772164, 1.41897989784, 0.782048422418, 17.0701036733, 0.0239862874395, 0.411764705882
