-1.0, -1.0, 1.0, 2.0, 3.0, 1.0, 0.0, -1.0, 1.0, -1.0, -1.0, 1.0, -1.0, 3.0, 1.0, -1.0, -1.0, 1.0, 2.0, 0.0, 2.0, -1.0, 0.0, 3.0, 0.0, 0.0, 1.0, 2.0, -1.0, 0.0, 2.0, 0.0, 3.0, 0.0, 0.0, -1.0, -1.0, -1.0, -1.0, -1.0, 2.0, 2.0, 0.0, 3.0, 1.0, 2.0, 0.0, 0.0, -1.0, 2.0, 498.0, 99549.0
-1.0, -1.0, 1.0, 2.0, 3.0, 1.0, 0.0, -1.0, 1.0, -1.0, -1.0, 1.0, -1.0, 3.0, 1.0, -1.0, -1.0, 1.0, 2.0, 0.0, 2.0, -1.0, 0.0, 3.0, 0.0, 0.0, 1.0, 2.0, -1.0, 0.0, 2.0, 0.0, 3.0, 0.0, 0.0, -1.0, -1.0, -1.0, -1.0, -1.0, 2.0, 2.0, 0.0, 3.0, 1.0, 2.0, 0.0, 0.0, -1.0, 2.0, 498.0, 99549.0
0.0, 3.0, 1.0, -1.0, -1.0, 3.0, 0.0, 1.0, 3.0, 1.0, 3.0, 2.0, 2.0, 1.0, 0.0, 1.0, 2.0, 1.0, 1.0, 0.0, 3.0, 1.0, 0.0, 0.0, 1.0, 2.0, 0.0, 0.0, 3.0, 2.0, 1.0, 3.0, 2.0, 2.0, -1.0, 3.0, 1.0, 3.0, 3.0, 1.0, 0.0, 3.0, -1.0, 1.0, 3.0, 0.0, 2.0, 1.0, 2.0, 3.0, 648.0, 99367.0
0.0, -1.0, 1.0, -1.0, -1.0, 0.0, 2.0, 2.0, -1.0, 0.0, -1.0, 2.0, 0.0, 0.0, 3.0, -1.0, 2.0, -1.0, 2.0, 1.0, 3.0, 1.0, -1.0, 0.0, -1.0, 3.0, 2.0, 0.0, 3.0, 0.0, 1.0, 0.0, 1.0, 2.0, -1.0, 0.0, 0.0, -1.0, 0.0, 2.0, 1.0, -1.0, 0.0, 3.0, 1.0, -1.0, 2.0, 1.0, 3.0, 2.0, 506.0, 99482.0
1.0, 1.0, 1.0, -1.0, -1.0, 0.0, 2.0, 0.0, 1.0, 2.0, -1.0, -1.0, 2.0, 3.0, 0.0, 1.0, 2.0, 1.0, 2.0, 1.0, -1.0, 0.0, 2.0, 2.0, -1.0, 3.0, 0.0, 0.0, 1.0, 3.0, -1.0, 1.0, -1.0, 0.0, -1.0, -1.0, 3.0, 0.0, 0.0, 2.0, -1.0, 3.0, -1.0, -1.0, 3.0, -1.0, 1.0, 0.0, 2.0, 0.0, 500.0, 99520.0
1.0, 1.0, 1.0, -1.0, -1.0, 0.0, 2.0, 0.0, 1.0, 2.0, -1.0, -1.0, 1.0, 3.0, 0.0, 1.0, 2.0, 1.0, 2.0, 1.0, -1.0, 0.0, 2.0, 2.0, -1.0, 3.0, 0.0, 2.0, 1.0, 3.0, -1.0, 1.0, -1.0, 0.0, -1.0, -1.0, 3.0, 0.0, 0.0, 2.0, -1.0, 3.0, -1.0, -1.0, 2.0, -1.0, 1.0, 0.0, 2.0, 0.0, 500.0, 99520.0
0.0, -1.0, 1.0, -1.0, 2.0, 0.0, 2.0, 2.0, 0.0, 0.0, 3.0, 2.0, 0.0, 0.0, 3.0, -1.0, 2.0, -1.0, 2.0, 1.0, -1.0, 1.0, -1.0, 0.0, -1.0, 3.0, 2.0, 0.0, 3.0, 0.0, 1.0, 1.0, 1.0, 2.0, -1.0, 0.0, 0.0, 3.0, 0.0, 2.0, 1.0, -1.0, 0.0, 3.0, 1.0, -1.0, 2.0, 1.0, 3.0, 2.0, 561.0, 99434.0
0.0, -1.0, 1.0, -1.0, -1.0, 3.0, 0.0, 1.0, 3.0, 1.0, 3.0, 2.0, 2.0, 1.0, 0.0, 1.0, 2.0, 1.0, 1.0, 0.0, 3.0, 1.0, 0.0, 0.0, 1.0, 2.0, 0.0, 0.0, 3.0, 2.0, 1.0, 3.0, 2.0, 2.0, -1.0, 3.0, 1.0, 3.0, 3.0, 2.0, 0.0, 3.0, -1.0, 1.0, 3.0, 0.0, 2.0, 1.0, 2.0, 3.0, 629.0, 99375.0
0.0, -1.0, 1.0, -1.0, -1.0, 3.0, 2.0, 1.0, 3.0, 2.0, 3.0, 2.0, 2.0, 1.0, 0.0, 2.0, 2.0, 2.0, 1.0, 0.0, -1.0, 1.0, 0.0, 0.0, 1.0, 2.0, 2.0, -1.0, 0.0, 2.0, -1.0, 3.0, 2.0, 2.0, -1.0, 3.0, 1.0, -1.0, -1.0, 1.0, -1.0, 3.0, -1.0, 1.0, 3.0, 0.0, 2.0, 1.0, 2.0, 3.0, 538.0, 99462.0
0.0, -1.0, 1.0, -1.0, -1.0, 3.0, 2.0, 1.0, 0.0, 2.0, 3.0, 2.0, 2.0, 1.0, 0.0, -1.0, 1.0, 1.0, 1.0, 0.0, 3.0, 2.0, 0.0, 1.0, 1.0, 2.0, 0.0, 0.0, 0.0, 2.0, -1.0, 3.0, 2.0, 2.0, -1.0, 2.0, 1.0, 3.0, 3.0, 1.0, 0.0, 3.0, -1.0, 1.0, 3.0, 0.0, 2.0, 1.0, 2.0, 3.0, 600.0, 99394.0
0.0, -1.0, 1.0, -1.0, -1.0, 3.0, 2.0, 1.0, 3.0, 2.0, 3.0, 2.0, 2.0, 1.0, 0.0, 2.0, 2.0, 2.0, 1.0, 0.0, -1.0, 1.0, 0.0, 0.0, 1.0, 2.0, 2.0, -1.0, 0.0, 2.0, -1.0, 3.0, 2.0, 2.0, -1.0, 3.0, 1.0, 3.0, -1.0, 1.0, -1.0, 3.0, -1.0, 1.0, 3.0, 0.0, 2.0, 1.0, 2.0, 3.0, 556.0, 99443.0
0.0, -1.0, 1.0, -1.0, 2.0, 0.0, 2.0, 2.0, -1.0, 0.0, -1.0, 2.0, 0.0, 0.0, 3.0, -1.0, 2.0, -1.0, 2.0, 1.0, 3.0, 1.0, -1.0, 0.0, -1.0, 3.0, 2.0, 0.0, 3.0, 0.0, 1.0, 1.0, 1.0, 2.0, -1.0, 0.0, 0.0, -1.0, 0.0, 1.0, 1.0, -1.0, 0.0, 3.0, 1.0, -1.0, 2.0, 1.0, 3.0, 2.0, 525.0, 99468.0
0.0, -1.0, 1.0, -1.0, 2.0, 0.0, 2.0, 2.0, -1.0, 0.0, -1.0, 2.0, 0.0, 0.0, 3.0, -1.0, 2.0, -1.0, 2.0, 1.0, 3.0, 1.0, -1.0, 0.0, -1.0, 3.0, 2.0, 0.0, 3.0, 0.0, 1.0, 1.0, 1.0, 2.0, -1.0, 0.0, 0.0, 3.0, 0.0, 1.0, 1.0, -1.0, 0.0, 3.0, 1.0, -1.0, 2.0, 1.0, 3.0, 2.0, 543.0, 99449.0
0.0, -1.0, 1.0, -1.0, -1.0, 3.0, 0.0, 1.0, 3.0, 1.0, 3.0, 2.0, 2.0, 1.0, 0.0, 1.0, 2.0, 1.0, 1.0, 0.0, 3.0, 1.0, 0.0, 0.0, 1.0, 2.0, 0.0, 0.0, 3.0, 2.0, 1.0, 3.0, 2.0, 2.0, -1.0, 3.0, 1.0, 3.0, 3.0, 2.0, 0.0, 3.0, -1.0, 1.0, 3.0, 0.0, 2.0, 1.0, 2.0, 3.0, 629.0, 99375.0
0.0, -1.0, 1.0, -1.0, -1.0, 3.0, 2.0, 1.0, 0.0, 2.0, 3.0, 2.0, 2.0, 1.0, 0.0, 1.0, 1.0, 1.0, 1.0, 0.0, 3.0, 2.0, 0.0, 1.0, 1.0, 2.0, 0.0, -1.0, 0.0, 2.0, -1.0, 3.0, 2.0, 2.0, -1.0, 2.0, 1.0, 3.0, 3.0, 1.0, 0.0, 3.0, -1.0, 1.0, 3.0, 0.0, 2.0, 1.0, 2.0, 3.0, 599.0, 99403.0
0.0, -1.0, 1.0, -1.0, -1.0, 3.0, 2.0, 1.0, 0.0, 2.0, 3.0, 2.0, 2.0, 1.0, 0.0, 1.0, 1.0, 1.0, 1.0, 0.0, 3.0, 2.0, 0.0, 1.0, 1.0, 2.0, 0.0, 0.0, 0.0, 2.0, -1.0, 3.0, 2.0, 2.0, -1.0, 2.0, 1.0, 3.0, 3.0, 1.0, 0.0, 3.0, -1.0, 1.0, 3.0, 0.0, 2.0, 1.0, 2.0, 3.0, 615.0, 99388.0
1.0, -1.0, 0.0, 2.0, 0.0, 2.0, 3.0, 2.0, 0.0, 0.0, 1.0, 1.0, 3.0, 0.0, 0.0, -1.0, 1.0, 3.0, 1.0, 0.0, 3.0, 1.0, -1.0, 0.0, -1.0, -1.0, -1.0, 1.0, -1.0, 3.0, 1.0, 0.0, 0.0, 0.0, -1.0, 1.0, 3.0, 2.0, -1.0, 0.0, -1.0, 1.0, 0.0, 2.0, 0.0, 3.0, 2.0, 2.0, 1.0, 2.0, 580.0, 99416.0
0.0, -1.0, 1.0, -1.0, -1.0, 3.0, 2.0, 1.0, 3.0, 2.0, 3.0, 2.0, 2.0, 1.0, 0.0, 3.0, 1.0, 2.0, 1.0, 3.0, 3.0, 1.0, 0.0, 0.0, 1.0, 2.0, 2.0, -1.0, 0.0, 2.0, -1.0, 3.0, 2.0, 2.0, -1.0, 3.0, 1.0, 3.0, -1.0, 1.0, -1.0, 3.0, -1.0, 1.0, 3.0, 0.0, 2.0, 1.0, 2.0, 3.0, 573.0, 99428.0
0.0, -1.0, 1.0, -1.0, -1.0, 3.0, 2.0, 1.0, 0.0, 2.0, 3.0, 2.0, 2.0, 1.0, 0.0, 1.0, 1.0, 1.0, 1.0, 0.0, 3.0, 2.0, 0.0, 1.0, 1.0, 2.0, 0.0, -1.0, 3.0, 2.0, 1.0, 3.0, 2.0, 2.0, -1.0, 2.0, 1.0, 3.0, 3.0, 1.0, 0.0, 3.0, -1.0, 3.0, 3.0, 0.0, 2.0, 1.0, 2.0, 3.0, 613.0, 99390.0
0.0, -1.0, 1.0, -1.0, -1.0, 3.0, 2.0, 1.0, 0.0, 2.0, 3.0, 2.0, 2.0, 1.0, 0.0, -1.0, 1.0, 1.0, 1.0, 1.0, 3.0, 2.0, 0.0, 1.0, 1.0, 2.0, 0.0, -1.0, 0.0, 2.0, -1.0, 3.0, 2.0, 2.0, -1.0, 2.0, 1.0, 3.0, 3.0, 1.0, 0.0, 3.0, -1.0, 1.0, 3.0, 0.0, 2.0, 1.0, 2.0, 3.0, 584.0, 99409.0
0.0, -1.0, 1.0, -1.0, -1.0, 0.0, 2.0, 2.0, -1.0, 0.0, -1.0, 2.0, 0.0, 0.0, 3.0, -1.0, 2.0, -1.0, 2.0, 1.0, 3.0, 1.0, -1.0, 0.0, -1.0, 3.0, 2.0, 0.0, 3.0, 0.0, 1.0, 1.0, 1.0, 2.0, -1.0, 0.0, 0.0, -1.0, 0.0, 1.0, 1.0, -1.0, 0.0, 3.0, 1.0, -1.0, 2.0, 1.0, 3.0, 2.0, 506.0, 99482.0
0.0, -1.0, 1.0, -1.0, 2.0, 0.0, 2.0, 2.0, -1.0, 0.0, 3.0, 2.0, 0.0, 0.0, 3.0, -1.0, 2.0, -1.0, 2.0, 1.0, -1.0, 1.0, -1.0, 0.0, -1.0, 3.0, 2.0, 0.0, 3.0, 0.0, 1.0, 1.0, 1.0, 2.0, -1.0, 0.0, 0.0, 3.0, 0.0, 2.0, 1.0, -1.0, 0.0, 3.0, 1.0, -1.0, 2.0, 1.0, 3.0, 2.0, 545.0, 99447.0
2.0, 0.0, 0.0, 2.0, 0.0, 2.0, 2.0, -1.0, 2.0, 0.0, 1.0, 1.0, 2.0, 2.0, 2.0, -1.0, 1.0, -1.0, 2.0, 1.0, -1.0, 1.0, -1.0, 1.0, 2.0, 1.0, -1.0, 1.0, 1.0, 3.0, -1.0, 0.0, 2.0, 3.0, -1.0, 0.0, 0.0, -1.0, -1.0, 1.0, 1.0, -1.0, 3.0, 2.0, 1.0, -1.0, 3.0, 2.0, 0.0, 0.0, 539.0, 99460.0
0.0, -1.0, 1.0, -1.0, 2.0, 0.0, 2.0, 2.0, -1.0, 0.0, -1.0, 2.0, 0.0, 0.0, 3.0, -1.0, 2.0, -1.0, 2.0, 1.0, 3.0, 1.0, -1.0, 0.0, -1.0, 3.0, 2.0, 0.0, 3.0, 0.0, 1.0, 1.0, 1.0, 2.0, -1.0, 0.0, 0.0, -1.0, 0.0, 1.0, 1.0, -1.0, 0.0, 3.0, 1.0, -1.0, 2.0, 1.0, 3.0, 2.0, 525.0, 99468.0
0.0, -1.0, 1.0, -1.0, -1.0, 3.0, 2.0, 1.0, 3.0, 2.0, 3.0, 2.0, 2.0, 1.0, 0.0, 3.0, 1.0, 2.0, 1.0, 3.0, 3.0, 1.0, 0.0, 0.0, 1.0, 2.0, 2.0, -1.0, 0.0, 2.0, -1.0, 3.0, 2.0, 2.0, -1.0, 3.0, 1.0, 3.0, -1.0, 1.0, -1.0, 3.0, -1.0, 1.0, 1.0, 0.0, 2.0, 1.0, 2.0, 3.0, 573.0, 99428.0
1.0, -1.0, 1.0, 2.0, 0.0, 2.0, 3.0, 2.0, 0.0, 0.0, 1.0, 1.0, 3.0, 0.0, 0.0, -1.0, 1.0, 3.0, 1.0, 0.0, 3.0, 1.0, -1.0, 0.0, -1.0, -1.0, -1.0, 1.0, -1.0, 3.0, 1.0, 0.0, 0.0, 0.0, -1.0, 1.0, 1.0, 2.0, 0.0, 0.0, -1.0, 3.0, 3.0, 3.0, 0.0, 3.0, 2.0, 2.0, 1.0, 2.0, 592.0, 99407.0
0.0, -1.0, 1.0, -1.0, -1.0, 3.0, 2.0, 1.0, 3.0, 2.0, 3.0, 2.0, 2.0, 1.0, 0.0, 2.0, 2.0, 2.0, 1.0, 0.0, -1.0, 1.0, 0.0, 0.0, 1.0, 2.0, 2.0, -1.0, 0.0, 2.0, -1.0, 3.0, 2.0, 2.0, -1.0, 3.0, 1.0, 3.0, -1.0, 1.0, -1.0, 3.0, -1.0, 1.0, 3.0, 0.0, 2.0, 1.0, 2.0, 3.0, 556.0, 99443.0
0.0, -1.0, 1.0, -1.0, -1.0, 3.0, 2.0, 1.0, 0.0, 2.0, 3.0, 2.0, 2.0, 1.0, 0.0, -1.0, 1.0, 1.0, 1.0, 0.0, 3.0, 2.0, 0.0, 1.0, 1.0, 2.0, 0.0, -1.0, 0.0, 2.0, -1.0, 3.0, 2.0, 2.0, -1.0, 2.0, 1.0, 3.0, 3.0, 1.0, 0.0, 3.0, -1.0, 1.0, 3.0, 0.0, 2.0, 1.0, 2.0, 3.0, 584.0, 99409.0
2.0, 0.0, 0.0, 2.0, 0.0, 2.0, 2.0, -1.0, 2.0, 0.0, 1.0, 1.0, 2.0, 2.0, 2.0, -1.0, 1.0, -1.0, 2.0, 1.0, -1.0, 1.0, -1.0, 1.0, 2.0, 1.0, -1.0, 1.0, 1.0, 3.0, -1.0, 0.0, 2.0, 3.0, -1.0, 0.0, 0.0, -1.0, -1.0, 1.0, 1.0, -1.0, 3.0, 2.0, 1.0, -1.0, 3.0, 2.0, 0.0, 0.0, 539.0, 99460.0
0.0, -1.0, 1.0, -1.0, 2.0, 0.0, 2.0, 2.0, -1.0, 0.0, 3.0, 2.0, 0.0, 0.0, 3.0, -1.0, 2.0, -1.0, 2.0, 1.0, -1.0, 1.0, -1.0, 0.0, -1.0, 3.0, 2.0, 0.0, 3.0, 0.0, 1.0, 1.0, 1.0, 2.0, -1.0, 0.0, 0.0, 3.0, 0.0, 2.0, 1.0, -1.0, 0.0, 3.0, 1.0, -1.0, 2.0, 1.0, 3.0, 2.0, 545.0, 99447.0
0.0, -1.0, 1.0, -1.0, -1.0, 3.0, 2.0, 1.0, 0.0, 2.0, 3.0, 2.0, 2.0, 1.0, 0.0, 1.0, 1.0, 1.0, 1.0, 0.0, 3.0, 2.0, 0.0, 1.0, 1.0, 2.0, 0.0, -1.0, 3.0, 2.0, 1.0, 3.0, 2.0, 2.0, -1.0, 2.0, 3.0, 3.0, 3.0, 1.0, 0.0, 3.0, -1.0, 2.0, 3.0, 2.0, 2.0, 1.0, 2.0, 1.0, 613.0, 99390.0
0.0, -1.0, 1.0, -1.0, -1.0, 3.0, 2.0, 1.0, 0.0, 2.0, 3.0, 2.0, 2.0, 1.0, 0.0, 1.0, 1.0, 1.0, 1.0, 0.0, 3.0, 2.0, 0.0, 1.0, 1.0, 2.0, 0.0, -1.0, 0.0, 2.0, -1.0, 3.0, 2.0, 2.0, -1.0, 2.0, 1.0, 3.0, 3.0, 1.0, 0.0, 3.0, -1.0, 1.0, 3.0, 0.0, 2.0, 1.0, 2.0, 3.0, 599.0, 99403.0
0.0, -1.0, 1.0, -1.0, -1.0, 3.0, 2.0, 1.0, 0.0, 2.0, 3.0, 2.0, 2.0, 1.0, 0.0, -1.0, 1.0, 1.0, 1.0, 0.0, 3.0, 2.0, 0.0, 1.0, 1.0, 2.0, 0.0, 0.0, 0.0, 2.0, -1.0, 3.0, 2.0, 2.0, -1.0, 2.0, 1.0, 3.0, 3.0, 1.0, 0.0, 3.0, -1.0, 1.0, 3.0, 0.0, 2.0, 1.0, 2.0, 3.0, 600.0, 99394.0
0.0, -1.0, 1.0, -1.0, -1.0, 3.0, 2.0, 1.0, 3.0, 2.0, 3.0, 2.0, 2.0, 1.0, 0.0, 2.0, 2.0, 2.0, 1.0, 0.0, -1.0, 1.0, 0.0, 0.0, 1.0, 2.0, 2.0, -1.0, 0.0, 2.0, -1.0, 3.0, 2.0, 2.0, -1.0, 3.0, 1.0, 3.0, -1.0, 1.0, -1.0, 3.0, -1.0, 1.0, 3.0, 0.0, 2.0, 1.0, 2.0, 3.0, 556.0, 99443.0
0.0, -1.0, 1.0, -1.0, -1.0, 3.0, 2.0, 1.0, 3.0, 2.0, 3.0, 2.0, 2.0, 1.0, 0.0, 2.0, 2.0, 2.0, 1.0, 0.0, -1.0, 1.0, 0.0, 0.0, 1.0, 2.0, 2.0, -1.0, 0.0, 2.0, -1.0, 3.0, 2.0, 2.0, -1.0, 3.0, 1.0, 3.0, -1.0, 1.0, -1.0, 3.0, -1.0, 1.0, 3.0, 0.0, 2.0, 1.0, 2.0, 3.0, 556.0, 99443.0
0.0, -1.0, 1.0, -1.0, -1.0, 3.0, 2.0, 1.0, 3.0, 2.0, 3.0, 2.0, 2.0, 1.0, 0.0, 2.0, 2.0, 2.0, 1.0, 0.0, -1.0, 1.0, 0.0, 0.0, 1.0, 2.0, 2.0, -1.0, 0.0, 2.0, -1.0, 3.0, 2.0, 2.0, -1.0, 3.0, 1.0, 3.0, -1.0, 1.0, -1.0, 3.0, -1.0, 1.0, 3.0, 0.0, 2.0, 1.0, 2.0, 3.0, 556.0, 99443.0
0.0, -1.0, 1.0, -1.0, -1.0, 3.0, 2.0, 1.0, 3.0, 2.0, 3.0, 2.0, 2.0, 1.0, 0.0, 2.0, 2.0, 2.0, 1.0, 0.0, -1.0, 1.0, 0.0, 0.0, 1.0, 2.0, 2.0, -1.0, 0.0, 2.0, -1.0, 3.0, 2.0, 2.0, -1.0, 3.0, 1.0, 3.0, -1.0, 1.0, -1.0, 3.0, -1.0, 1.0, 3.0, 0.0, 2.0, 1.0, 2.0, 3.0, 556.0, 99443.0
0.0, -1.0, 1.0, -1.0, -1.0, 3.0, 2.0, 1.0, 3.0, 2.0, 3.0, 2.0, 2.0, 1.0, 0.0, 2.0, 2.0, 2.0, 1.0, 0.0, -1.0, 1.0, 0.0, 0.0, 1.0, 2.0, 2.0, -1.0, 0.0, 2.0, -1.0, 3.0, 2.0, 2.0, -1.0, 3.0, 1.0, 3.0, -1.0, 1.0, -1.0, 3.0, -1.0, 1.0, 3.0, 0.0, 2.0, 1.0, 2.0, 3.0, 556.0, 99443.0
0.0, -1.0, 1.0, -1.0, -1.0, 3.0, 2.0, 1.0, 3.0, 2.0, 3.0, 2.0, 2.0, 1.0, 0.0, 2.0, 2.0, 2.0, 1.0, 0.0, -1.0, 1.0, 0.0, 0.0, 1.0, 2.0, 2.0, -1.0, 0.0, 2.0, -1.0, 3.0, 2.0, 2.0, -1.0, 3.0, 1.0, 3.0, -1.0, 1.0, -1.0, 3.0, -1.0, 1.0, 3.0, 0.0, 2.0, 1.0, 2.0, 3.0, 556.0, 99443.0
0.0, -1.0, 1.0, -1.0, -1.0, 3.0, 2.0, 1.0, 3.0, 2.0, 3.0, 2.0, 2.0, 1.0, 0.0, 2.0, 2.0, 2.0, 1.0, 0.0, -1.0, 1.0, 0.0, 0.0, 1.0, 2.0, 2.0, -1.0, 0.0, 2.0, -1.0, 3.0, 2.0, 2.0, -1.0, 3.0, 1.0, 3.0, -1.0, 1.0, -1.0, 3.0, -1.0, 1.0, 3.0, 0.0, 2.0, 1.0, 2.0, 3.0, 556.0, 99443.0
0.0, -1.0, 1.0, -1.0, -1.0, 3.0, 2.0, 1.0, 3.0, 2.0, 3.0, 2.0, 2.0, 1.0, 0.0, 2.0, 2.0, 2.0, 1.0, 0.0, -1.0, 1.0, 0.0, 0.0, 1.0, 2.0, 2.0, -1.0, 0.0, 2.0, -1.0, 3.0, 2.0, 2.0, -1.0, 3.0, 1.0, 3.0, -1.0, 1.0, -1.0, 3.0, -1.0, 1.0, 3.0, 0.0, 2.0, 1.0, 2.0, 3.0, 556.0, 99443.0
0.0, -1.0, 1.0, -1.0, -1.0, 3.0, 2.0, 1.0, 3.0, 2.0, 3.0, 2.0, 2.0, 1.0, 0.0, 2.0, 2.0, 2.0, 1.0, 0.0, -1.0, 1.0, 0.0, 0.0, 1.0, 2.0, 2.0, -1.0, 0.0, 2.0, -1.0, 3.0, 2.0, 2.0, -1.0, 3.0, 1.0, 3.0, -1.0, 1.0, -1.0, 3.0, -1.0, 1.0, 3.0, 0.0, 2.0, 1.0, 2.0, 3.0, 556.0, 99443.0
0.0, -1.0, 1.0, -1.0, -1.0, 3.0, 2.0, 1.0, 3.0, 2.0, 3.0, 2.0, 2.0, 1.0, 0.0, 2.0, 2.0, 2.0, 1.0, 0.0, -1.0, 1.0, 0.0, 0.0, 1.0, 2.0, 2.0, -1.0, 0.0, 2.0, -1.0, 3.0, 2.0, 2.0, -1.0, 3.0, 1.0, 3.0, -1.0, 1.0, -1.0, 3.0, -1.0, 1.0, 3.0, 0.0, 2.0, 1.0, 2.0, 3.0, 556.0, 99443.0
0.0, -1.0, 1.0, -1.0, -1.0, 3.0, 2.0, 1.0, 3.0, 2.0, 3.0, 2.0, 2.0, 1.0, 0.0, 2.0, 2.0, 2.0, 1.0, 0.0, -1.0, 1.0, 0.0, 0.0, 1.0, 2.0, 2.0, -1.0, 0.0, 2.0, -1.0, 3.0, 2.0, 2.0, -1.0, 3.0, 1.0, 3.0, -1.0, 1.0, -1.0, 3.0, -1.0, 1.0, 3.0, 0.0, 2.0, 1.0, 2.0, 3.0, 556.0, 99443.0
0.0, -1.0, 1.0, -1.0, -1.0, 3.0, 2.0, 1.0, 3.0, 2.0, 3.0, 2.0, 2.0, 1.0, 0.0, 2.0, 2.0, 2.0, 1.0, 0.0, -1.0, 1.0, 0.0, 0.0, 1.0, 2.0, 2.0, -1.0, 0.0, 2.0, -1.0, 3.0, 2.0, 2.0, -1.0, 3.0, 1.0, 3.0, -1.0, 1.0, -1.0, 3.0, -1.0, 1.0, 3.0, 0.0, 2.0, 1.0, 2.0, 3.0, 556.0, 99443.0
0.0, -1.0, 1.0, -1.0, -1.0, 3.0, 2.0, 1.0, 3.0, 2.0, 3.0, 2.0, 2.0, 1.0, 0.0, 2.0, 2.0, 2.0, 1.0, 0.0, -1.0, 1.0, 0.0, 0.0, 1.0, 2.0, 2.0, -1.0, 0.0, 2.0, -1.0, 3.0, 2.0, 2.0, -1.0, 3.0, 1.0, 3.0, -1.0, 1.0, -1.0, 3.0, -1.0, 1.0, 3.0, 0.0, 2.0, 1.0, 2.0, 3.0, 556.0, 99443.0
0.0, -1.0, 1.0, -1.0, -1.0, 3.0, 2.0, 1.0, 0.0, 2.0, 3.0, 2.0, 2.0, 1.0, 0.0, -1.0, 1.0, 1.0, 1.0, 0.0, 3.0, 2.0, 0.0, 1.0, 1.0, 2.0, 0.0, -1.0, 0.0, 2.0, -1.0, 3.0, 2.0, 2.0, -1.0, 2.0, 1.0, 3.0, 3.0, 1.0, 0.0, 3.0, -1.0, 1.0, 3.0, 0.0, 2.0, 1.0, 2.0, 3.0, 584.0, 99409.0
0.0, -1.0, 1.0, -1.0, -1.0, 3.0, 2.0, 1.0, 0.0, 2.0, 3.0, 2.0, 2.0, 1.0, 0.0, -1.0, 1.0, 1.0, 1.0, 0.0, 3.0, 2.0, 0.0, 1.0, 1.0, 2.0, 0.0, -1.0, 0.0, 2.0, -1.0, 3.0, 2.0, 2.0, -1.0, 2.0, 1.0, 3.0, 3.0, 1.0, 0.0, 3.0, -1.0, 1.0, 3.0, 0.0, 2.0, 1.0, 2.0, 3.0, 584.0, 99409.0
0.0, -1.0, 1.0, -1.0, -1.0, 3.0, 2.0, 1.0, 0.0, 2.0, 3.0, 2.0, 2.0, 1.0, 0.0, -1.0, 1.0, 1.0, 1.0, 0.0, 3.0, 2.0, 0.0, 1.0, 1.0, 2.0, 0.0, -1.0, 0.0, 2.0, -1.0, 3.0, 2.0, 2.0, -1.0, 2.0, 1.0, 3.0, 3.0, 1.0, 0.0, 3.0, -1.0, 1.0, 3.0, 0.0, 2.0, 1.0, 2.0, 3.0, 584.0, 99409.0
0.0, -1.0, 1.0, -1.0, -1.0, 3.0, 2.0, 1.0, 0.0, 2.0, 3.0, 2.0, 2.0, 1.0, 0.0, -1.0, 1.0, 1.0, 1.0, 0.0, 3.0, 2.0, 0.0, 1.0, 1.0, 2.0, 0.0, -1.0, 0.0, 2.0, -1.0, 3.0, 2.0, 2.0, -1.0, 2.0, 1.0, 3.0, 3.0, 1.0, 0.0, 3.0, -1.0, 1.0, 3.0, 0.0, 2.0, 1.0, 2.0, 3.0, 584.0, 99409.0
0.0, -1.0, 1.0, -1.0, -1.0, 3.0, 2.0, 1.0, 0.0, 2.0, 3.0, 2.0, 2.0, 1.0, 0.0, -1.0, 1.0, 1.0, 1.0, 0.0, 3.0, 2.0, 0.0, 1.0, 1.0, 2.0, 0.0, -1.0, 0.0, 2.0, -1.0, 3.0, 2.0, 2.0, -1.0, 2.0, 1.0, 3.0, 3.0, 1.0, 0.0, 3.0, -1.0, 1.0, 3.0, 0.0, 2.0, 1.0, 2.0, 3.0, 584.0, 99409.0
0.0, -1.0, 1.0, -1.0, -1.0, 3.0, 2.0, 1.0, 0.0, 2.0, 3.0, 2.0, 2.0, 1.0, 0.0, -1.0, 1.0, 1.0, 1.0, 0.0, 3.0, 2.0, 0.0, 1.0, 1.0, 2.0, 0.0, -1.0, 0.0, 2.0, -1.0, 3.0, 2.0, 2.0, -1.0, 2.0, 1.0, 3.0, 3.0, 1.0, 0.0, 3.0, -1.0, 1.0, 3.0, 0.0, 2.0, 1.0, 2.0, 3.0, 584.0, 99409.0
0.0, -1.0, 1.0, -1.0, -1.0, 3.0, 2.0, 1.0, 0.0, 2.0, 3.0, 2.0, 2.0, 1.0, 0.0, -1.0, 1.0, 1.0, 1.0, 0.0, 3.0, 2.0, 0.0, 1.0, 1.0, 2.0, 0.0, -1.0, 0.0, 2.0, -1.0, 3.0, 2.0, 2.0, -1.0, 2.0, 1.0, 3.0, 3.0, 1.0, 0.0, 3.0, -1.0, 1.0, 3.0, 0.0, 2.0, 1.0, 2.0, 3.0, 584.0, 99409.0
0.0, -1.0, 1.0, -1.0, -1.0, 3.0, 2.0, 1.0, 0.0, 2.0, 3.0, 2.0, 2.0, 1.0, 0.0, -1.0, 1.0, 1.0, 1.0, 0.0, 3.0, 2.0, 0.0, 1.0, 1.0, 2.0, 0.0, -1.0, 0.0, 2.0, -1.0, 3.0, 2.0, 2.0, -1.0, 2.0, 1.0, 3.0, 3.0, 1.0, 0.0, 3.0, -1.0, 1.0, 3.0, 0.0, 2.0, 1.0, 2.0, 3.0, 584.0, 99409.0
0.0, -1.0, 1.0, -1.0, -1.0, 3.0, 2.0, 1.0, 0.0, 2.0, 3.0, 2.0, 2.0, 1.0, 0.0, -1.0, 1.0, 1.0, 1.0, 0.0, 3.0, 2.0, 0.0, 1.0, 1.0, 2.0, 0.0, -1.0, 0.0, 2.0, -1.0, 3.0, 2.0, 2.0, -1.0, 2.0, 1.0, 3.0, 3.0, 1.0, 0.0, 3.0, -1.0, 1.0, 3.0, 0.0, 2.0, 1.0, 2.0, 3.0, 584.0, 99409.0
0.0, -1.0, 1.0, -1.0, -1.0, 3.0, 2.0, 1.0, 0.0, 2.0, 3.0, 2.0, 2.0, 1.0, 0.0, -1.0, 1.0, 1.0, 1.0, 0.0, 3.0, 2.0, 0.0, 1.0, 1.0, 2.0, 0.0, -1.0, 0.0, 2.0, -1.0, 3.0, 2.0, 2.0, -1.0, 2.0, 1.0, 3.0, 3.0, 1.0, 0.0, 3.0, -1.0, 1.0, 3.0, 0.0, 2.0, 1.0, 2.0, 3.0, 584.0, 99409.0
0.0, -1.0, 1.0, -1.0, -1.0, 3.0, 2.0, 1.0, 0.0, 2.0, 3.0, 2.0, 2.0, 1.0, 0.0, -1.0, 1.0, 1.0, 1.0, 0.0, 3.0, 2.0, 0.0, 1.0, 1.0, 2.0, 0.0, -1.0, 0.0, 2.0, -1.0, 3.0, 2.0, 2.0, -1.0, 2.0, 1.0, 3.0, 3.0, 1.0, 0.0, 3.0, -1.0, 1.0, 3.0, 0.0, 2.0, 1.0, 2.0, 3.0, 584.0, 99409.0
0.0, -1.0, 1.0, -1.0, -1.0, 3.0, 2.0, 1.0, 0.0, 2.0, 3.0, 2.0, 2.0, 1.0, 0.0, -1.0, 1.0, 1.0, 1.0, 0.0, 3.0, 2.0, 0.0, 1.0, 1.0, 2.0, 0.0, -1.0, 0.0, 2.0, -1.0, 3.0, 2.0, 2.0, -1.0, 2.0, 1.0, 3.0, 3.0, 1.0, 0.0, 3.0, -1.0, 1.0, 3.0, 0.0, 2.0, 1.0, 2.0, 3.0, 584.0, 99409.0
0.0, -1.0, 1.0, -1.0, -1.0, 3.0, 2.0, 1.0, 0.0, 2.0, 3.0, 2.0, 2.0, 1.0, 0.0, -1.0, 1.0, 1.0, 1.0, 0.0, 3.0, 2.0, 0.0, 1.0, 1.0, 2.0, 0.0, -1.0, 0.0, 2.0, -1.0, 3.0, 2.0, 2.0, -1.0, 2.0, 1.0, 3.0, 3.0, 1.0, 0.0, 3.0, -1.0, 1.0, 3.0, 0.0, 2.0, 1.0, 2.0, 3.0, 584.0, 99409.0
0.0, -1.0, 1.0, -1.0, -1.0, 3.0, 2.0, 1.0, 0.0, 2.0, 3.0, 2.0, 2.0, 1.0, 0.0, -1.0, 1.0, 1.0, 1.0, 0.0, 3.0, 2.0, 0.0, 1.0, 1.0, 2.0, 0.0, -1.0, 0.0, 2.0, -1.0, 3.0, 2.0, 2.0, -1.0, 2.0, 1.0, 3.0, 3.0, 1.0, 0.0, 3.0, -1.0, 1.0, 3.0, 0.0, 2.0, 1.0, 2.0, 3.0, 584.0, 99409.0
0.0, -1.0, 1.0, -1.0, -1.0, 3.0, 2.0, 1.0, 0.0, 2.0, 3.0, 2.0, 2.0, 1.0, 0.0, -1.0, 1.0, 1.0, 1.0, 0.0, 3.0, 2.0, 0.0, 1.0, 1.0, 2.0, 0.0, -1.0, 0.0, 2.0, -1.0, 3.0, 2.0, 2.0, -1.0, 2.0, 1.0, 3.0, 3.0, 1.0, 0.0, 3.0, -1.0, 1.0, 3.0, 0.0, 2.0, 1.0, 2.0, 3.0, 584.0, 99409.0
0.0, -1.0, 1.0, -1.0, -1.0, 3.0, 2.0, 1.0, 0.0, 2.0, 3.0, 2.0, 2.0, 1.0, 0.0, -1.0, 1.0, 1.0, 1.0, 0.0, 3.0, 2.0, 0.0, 1.0, 1.0, 2.0, 0.0, -1.0, 0.0, 2.0, -1.0, 3.0, 2.0, 2.0, -1.0, 2.0, 1.0, 3.0, 3.0, 1.0, 0.0, 3.0, -1.0, 1.0, 3.0, 0.0, 2.0, 1.0, 2.0, 3.0, 584.0, 99409.0
0.0, -1.0, 1.0, -1.0, -1.0, 3.0, 2.0, 1.0, 0.0, 2.0, 3.0, 2.0, 2.0, 1.0, 0.0, -1.0, 1.0, 1.0, 1.0, 0.0, 3.0, 2.0, 0.0, 1.0, 1.0, 2.0, 0.0, -1.0, 0.0, 2.0, -1.0, 3.0, 2.0, 2.0, -1.0, 2.0, 1.0, 3.0, 3.0, 1.0, 0.0, 3.0, -1.0, 1.0, 3.0, 0.0, 2.0, 1.0, 2.0, 3.0, 584.0, 99409.0
0.0, -1.0, 1.0, -1.0, -1.0, 3.0, 2.0, 1.0, 0.0, 2.0, 3.0, 2.0, 2.0, 1.0, 0.0, -1.0, 1.0, 1.0, 1.0, 0.0, 3.0, 2.0, 0.0, 1.0, 1.0, 2.0, 0.0, -1.0, 0.0, 2.0, -1.0, 3.0, 2.0, 2.0, -1.0, 2.0, 1.0, 3.0, 3.0, 1.0, 0.0, 3.0, -1.0, 1.0, 3.0, 0.0, 2.0, 1.0, 2.0, 3.0, 584.0, 99409.0
0.0, -1.0, 1.0, -1.0, -1.0, 3.0, 2.0, 1.0, 0.0, 2.0, 3.0, 2.0, 2.0, 1.0, 0.0, -1.0, 1.0, 1.0, 1.0, 0.0, 3.0, 2.0, 0.0, 1.0, 1.0, 2.0, 0.0, -1.0, 0.0, 2.0, -1.0, 3.0, 2.0, 2.0, -1.0, 2.0, 1.0, 3.0, 3.0, 1.0, 0.0, 3.0, -1.0, 1.0, 3.0, 0.0, 2.0, 1.0, 2.0, 3.0, 584.0, 99409.0
0.0, -1.0, 1.0, -1.0, -1.0, 3.0, 2.0, 1.0, 0.0, 2.0, 3.0, 2.0, 2.0, 1.0, 0.0, -1.0, 1.0, 1.0, 1.0, 0.0, 3.0, 2.0, 0.0, 1.0, 1.0, 2.0, 0.0, -1.0, 0.0, 2.0, -1.0, 3.0, 2.0, 2.0, -1.0, 2.0, 1.0, 3.0, 3.0, 1.0, 0.0, 3.0, -1.0, 1.0, 3.0, 0.0, 2.0, 1.0, 2.0, 3.0, 584.0, 99409.0
0.0, -1.0, 1.0, -1.0, -1.0, 3.0, 2.0, 1.0, 0.0, 2.0, 3.0, 2.0, 2.0, 1.0, 0.0, -1.0, 1.0, 1.0, 1.0, 0.0, 3.0, 2.0, 0.0, 1.0, 1.0, 2.0, 0.0, -1.0, 0.0, 2.0, -1.0, 3.0, 2.0, 2.0, -1.0, 2.0, 1.0, 3.0, 3.0, 1.0, 0.0, 3.0, -1.0, 1.0, 3.0, 0.0, 2.0, 1.0, 2.0, 3.0, 584.0, 99409.0
0.0, -1.0, 1.0, -1.0, -1.0, 3.0, 2.0, 1.0, 0.0, 2.0, 3.0, 2.0, 2.0, 1.0, 0.0, -1.0, 1.0, 1.0, 1.0, 0.0, 3.0, 2.0, 0.0, 1.0, 1.0, 2.0, 0.0, -1.0, 0.0, 2.0, -1.0, 3.0, 2.0, 2.0, -1.0, 2.0, 1.0, 3.0, 3.0, 1.0, 0.0, 3.0, -1.0, 1.0, 3.0, 0.0, 2.0, 1.0, 2.0, 3.0, 584.0, 99409.0
0.0, -1.0, 1.0, -1.0, -1.0, 3.0, 2.0, 1.0, 0.0, 2.0, 3.0, 2.0, 2.0, 1.0, 0.0, -1.0, 1.0, 1.0, 1.0, 0.0, 3.0, 2.0, 0.0, 1.0, 1.0, 2.0, 0.0, -1.0, 0.0, 2.0, -1.0, 3.0, 2.0, 2.0, -1.0, 2.0, 1.0, 3.0, 3.0, 1.0, 0.0, 3.0, -1.0, 1.0, 3.0, 0.0, 2.0, 1.0, 2.0, 3.0, 584.0, 99409.0
0.0, -1.0, 1.0, -1.0, -1.0, 3.0, 2.0, 1.0, 0.0, 2.0, 3.0, 2.0, 2.0, 1.0, 0.0, -1.0, 1.0, 1.0, 1.0, 0.0, 3.0, 2.0, 0.0, 1.0, 1.0, 2.0, 0.0, -1.0, 0.0, 2.0, -1.0, 3.0, 2.0, 2.0, -1.0, 2.0, 1.0, 3.0, 3.0, 1.0, 0.0, 3.0, -1.0, 1.0, 3.0, 0.0, 2.0, 1.0, 2.0, 3.0, 584.0, 99409.0
