2.0, -1.0, 2.0, 2.0, -1.0, 0.0, 2.0, -1.0, 3.0, 1.0, 1.0, -1.0, -1.0, 0.0, 1.0, -1.0, 1.0, 1.0, 0.0, 1.0, -1.0, -1.0, -1.0, 0.0, 2.0, 0.0, -1.0, 1.0, 0.0, 2.0, 3.0, 2.0, -1.0, 2.0, -1.0, 2.0, 1.0, 2.0, 3.0, 3.0, 2.0, -1.0, -1.0, 3.0, 3.0, 0.0, -1.0, 0.0, 2.0, 3.0, 488.0, 99497.0
0.0, -1.0, 1.0, -1.0, 2.0, 3.0, 2.0, 1.0, 3.0, 2.0, 3.0, 2.0, 3.0, 1.0, 0.0, 1.0, 2.0, 0.0, 1.0, 0.0, 3.0, 1.0, 0.0, 0.0, 3.0, 2.0, 0.0, 1.0, 0.0, 2.0, -1.0, 3.0, 0.0, 1.0, -1.0, 3.0, 1.0, 3.0, 3.0, 1.0, 2.0, 3.0, -1.0, 1.0, 3.0, 0.0, 2.0, 1.0, 2.0, 3.0, 634.0, 99374.0
0.0, 1.0, 0.0, -1.0, -1.0, 2.0, 1.0, -1.0, 2.0, 3.0, 1.0, 1.0, -1.0, 0.0, -1.0, -1.0, 2.0, 0.0, 2.0, -1.0, 0.0, 1.0, 0.0, 1.0, 3.0, 1.0, 0.0, -1.0, 2.0, 3.0, 3.0, 0.0, 0.0, 2.0, 0.0, 0.0, 2.0, 0.0, 3.0, 3.0, 2.0, -1.0, -1.0, 3.0, 3.0, 1.0, 2.0, 3.0, 0.0, 2.0, 560.0, 99447.0
0.0, -1.0, 1.0, -1.0, -1.0, 3.0, 2.0, 1.0, 3.0, 2.0, 3.0, 2.0, 2.0, 1.0, 0.0, 1.0, 2.0, 1.0, 1.0, 0.0, 3.0, 1.0, 0.0, 0.0, 0.0, 2.0, -1.0, -1.0, 0.0, 2.0, -1.0, 3.0, 2.0, 2.0, -1.0, 3.0, 1.0, -1.0, 3.0, 0.0, 0.0, 3.0, -1.0, 1.0, 3.0, 0.0, 2.0, 1.0, 2.0, 3.0, 567.0, 99426.0
2.0, -1.0, 2.0, 2.0, -1.0, 0.0, 2.0, -1.0, 3.0, 1.0, 1.0, -1.0, -1.0, 0.0, 1.0, -1.0, 1.0, 1.0, 0.0, 1.0, -1.0, 1.0, 0.0, 0.0, 2.0, 0.0, -1.0, -1.0, 2.0, 2.0, 1.0, 2.0, -1.0, 2.0, 1.0, 2.0, 3.0, 2.0, 3.0, 3.0, 2.0, -1.0, 1.0, 3.0, 3.0, 1.0, -1.0, 0.0, -1.0, 3.0, 513.0, 99484.0
2.0, 3.0, 1.0, 2.0, 3.0, 2.0, 2.0, 1.0, 1.0, 2.0, 1.0, 1.0, 1.0, 0.0, 2.0, 2.0, 2.0, 0.0, 1.0, 3.0, 0.0, 0.0, 0.0, 2.0, 0.0, 0.0, 1.0, 3.0, 3.0, 3.0, 1.0, 2.0, 0.0, 0.0, -1.0, 0.0, 1.0, 0.0, 0.0, 3.0, 0.0, 0.0, 2.0, 3.0, 1.0, 2.0, 2.0, 3.0, -1.0, 1.0, 686.0, 99341.0
2.0, 3.0, 1.0, 2.0, 3.0, 2.0, 2.0, 1.0, 1.0, 2.0, 1.0, 1.0, 1.0, 0.0, 2.0, 2.0, 2.0, 0.0, 1.0, 3.0, 0.0, 0.0, 0.0, 2.0, 0.0, 0.0, 1.0, 3.0, 3.0, 3.0, 1.0, 2.0, 0.0, 0.0, -1.0, 0.0, 1.0, 0.0, 0.0, 3.0, 0.0, 0.0, 2.0, 3.0, 1.0, 2.0, 2.0, 3.0, -1.0, 1.0, 686.0, 99341.0
0.0, 1.0, 0.0, -1.0, -1.0, -1.0, 1.0, -1.0, 2.0, 3.0, 1.0, 1.0, -1.0, 0.0, -1.0, -1.0, 2.0, 0.0, 2.0, -1.0, 3.0, 2.0, -1.0, -1.0, 3.0, 1.0, 0.0, -1.0, 2.0, 3.0, 3.0, 0.0, -1.0, 2.0, 0.0, 0.0, 2.0, 0.0, 3.0, 2.0, 2.0, -1.0, -1.0, 3.0, 3.0, 1.0, 2.0, 3.0, 0.0, 0.0, 508.0, 99491.0
2.0, 3.0, 1.0, -1.0, 3.0, 2.0, 2.0, 1.0, 1.0, 2.0, 1.0, 1.0, 1.0, 0.0, 2.0, 2.0, 2.0, 0.0, 1.0, 3.0, 0.0, 0.0, 0.0, 2.0, 0.0, 0.0, 1.0, 3.0, 3.0, 3.0, 1.0, 2.0, 0.0, 0.0, -1.0, 0.0, 1.0, 0.0, 0.0, 3.0, 0.0, 0.0, 2.0, 3.0, 1.0, 2.0, 2.0, 3.0, -1.0, 1.0, 668.0, 99351.0
1.0, -1.0, 3.0, -1.0, 2.0, 0.0, 0.0, 0.0, 0.0, 1.0, 1.0, 3.0, 3.0, 1.0, 3.0, 1.0, 2.0, 0.0, 1.0, 3.0, 2.0, 2.0, 3.0, 1.0, 3.0, 2.0, 0.0, 1.0, 2.0, 0.0, 3.0, 0.0, -1.0, 1.0, 0.0, 0.0, 2.0, -1.0, 1.0, 0.0, 2.0, 1.0, 3.0, 2.0, 0.0, 0.0, 2.0, 2.0, 2.0, 1.0, 650.0, 99372.0
2.0, -1.0, 2.0, 2.0, -1.0, 0.0, 2.0, -1.0, 3.0, 1.0, 1.0, -1.0, -1.0, 0.0, 1.0, -1.0, 1.0, 1.0, 0.0, 1.0, -1.0, 1.0, 0.0, 0.0, 2.0, 0.0, -1.0, 1.0, 0.0, 2.0, 1.0, 2.0, -1.0, 2.0, 1.0, 2.0, 1.0, 2.0, 3.0, 3.0, 2.0, -1.0, 1.0, 3.0, 3.0, 0.0, -1.0, 0.0, 2.0, 3.0, 546.0, 99460.0
2.0, 3.0, 1.0, -1.0, 3.0, 2.0, 2.0, 1.0, 1.0, 2.0, 1.0, 1.0, 1.0, 0.0, 2.0, 2.0, 2.0, 0.0, 1.0, 3.0, 0.0, 0.0, 0.0, 2.0, 0.0, 0.0, 1.0, 3.0, 3.0, 3.0, 1.0, 2.0, 0.0, 0.0, -1.0, 0.0, 1.0, 0.0, 0.0, 3.0, 0.0, 0.0, 2.0, 3.0, 1.0, 2.0, 2.0, 3.0, -1.0, 1.0, 668.0, 99351.0
0.0, -1.0, 1.0, -1.0, -1.0, 3.0, 2.0, 1.0, 3.0, 2.0, 3.0, 2.0, 2.0, 1.0, 0.0, 1.0, 2.0, 1.0, 1.0, 0.0, 3.0, 0.0, 0.0, 0.0, 1.0, 2.0, 0.0, -1.0, 2.0, 2.0, -1.0, 3.0, 2.0, 2.0, -1.0, 3.0, 3.0, 3.0, 3.0, 1.0, 0.0, 3.0, -1.0, 1.0, 3.0, 1.0, 2.0, 1.0, -1.0, 3.0, 582.0, 99412.0
2.0, -1.0, 1.0, -1.0, 1.0, 3.0, 3.0, 1.0, 3.0, 2.0, 3.0, 2.0, 2.0, 1.0, 0.0, 1.0, 2.0, 1.0, 1.0, 3.0, 0.0, 0.0, -1.0, 0.0, 1.0, 2.0, 0.0, -1.0, 0.0, 2.0, 3.0, 1.0, 2.0, 3.0, -1.0, 3.0, 1.0, 3.0, 3.0, 1.0, 0.0, 3.0, -1.0, 1.0, 3.0, 0.0, 2.0, 1.0, 2.0, 3.0, 619.0, 99383.0
2.0, 3.0, 1.0, -1.0, 3.0, 2.0, 2.0, 1.0, 1.0, 2.0, 1.0, 1.0, 1.0, 0.0, 2.0, 2.0, 2.0, 0.0, 1.0, 3.0, 0.0, 0.0, -1.0, 2.0, 0.0, 0.0, 1.0, 3.0, 3.0, 3.0, 1.0, 2.0, 0.0, 0.0, -1.0, 0.0, 1.0, 0.0, 0.0, 3.0, 0.0, 0.0, 2.0, 3.0, 1.0, 2.0, 2.0, 3.0, -1.0, 1.0, 655.0, 99358.0
2.0, -1.0, 1.0, 1.0, 2.0, 0.0, 0.0, 3.0, 1.0, 0.0, 2.0, 0.0, 0.0, 1.0, 0.0, -1.0, 0.0, 2.0, 2.0, 2.0, 3.0, 3.0, 1.0, -1.0, 1.0, 2.0, 1.0, -1.0, 0.0, 1.0, -1.0, 0.0, 1.0, 3.0, -1.0, 1.0, 0.0, 1.0, -1.0, 1.0, 2.0, -1.0, 2.0, 0.0, 0.0, 1.0, 2.0, 1.0, 2.0, 2.0, 594.0, 99409.0
0.0, 1.0, 0.0, -1.0, -1.0, 2.0, 1.0, -1.0, 2.0, 3.0, 1.0, 1.0, -1.0, 0.0, -1.0, -1.0, 2.0, 0.0, 2.0, -1.0, 0.0, 1.0, -1.0, 1.0, 3.0, 1.0, 0.0, -1.0, 2.0, 3.0, 3.0, 0.0, 0.0, 2.0, -1.0, 0.0, 2.0, 0.0, 3.0, 3.0, 2.0, -1.0, 1.0, 3.0, 3.0, 1.0, 2.0, 0.0, 0.0, 3.0, 548.0, 99450.0
0.0, -1.0, 1.0, -1.0, -1.0, 3.0, 2.0, 1.0, 3.0, 2.0, 3.0, 2.0, 2.0, 1.0, 0.0, 1.0, 2.0, 1.0, 1.0, 0.0, 3.0, 0.0, 0.0, 0.0, 1.0, 2.0, 0.0, -1.0, 2.0, 2.0, -1.0, 3.0, 2.0, 2.0, -1.0, 3.0, 3.0, 3.0, -1.0, 1.0, 0.0, 3.0, -1.0, 1.0, 3.0, 1.0, 2.0, 1.0, -1.0, 3.0, 570.0, 99421.0
2.0, -1.0, 2.0, 2.0, -1.0, 0.0, 2.0, -1.0, 3.0, 1.0, 1.0, -1.0, -1.0, 0.0, 1.0, -1.0, 1.0, 1.0, 0.0, 1.0, -1.0, 1.0, -1.0, 0.0, 2.0, 0.0, -1.0, 1.0, 0.0, 2.0, 3.0, 2.0, -1.0, 2.0, -1.0, 2.0, 1.0, 2.0, 3.0, 3.0, 2.0, -1.0, 1.0, 3.0, 3.0, 0.0, -1.0, 0.0, 2.0, 3.0, 516.0, 99474.0
2.0, -1.0, 2.0, 2.0, -1.0, 0.0, 2.0, -1.0, 3.0, 1.0, 3.0, -1.0, -1.0, 0.0, 1.0, -1.0, 1.0, 1.0, 0.0, 1.0, -1.0, 1.0, -1.0, 0.0, 2.0, 0.0, -1.0, 1.0, 2.0, 2.0, 1.0, 2.0, -1.0, 2.0, 1.0, 2.0, 3.0, 2.0, 3.0, 3.0, 2.0, -1.0, -1.0, 3.0, 3.0, 1.0, 3.0, 0.0, 0.0, 3.0, 533.0, 99464.0
2.0, -1.0, 2.0, 2.0, -1.0, 0.0, 2.0, -1.0, 3.0, 1.0, 3.0, -1.0, -1.0, 0.0, 1.0, -1.0, 1.0, 1.0, 0.0, 1.0, 0.0, 1.0, -1.0, 0.0, 2.0, 0.0, -1.0, 1.0, 2.0, 2.0, 1.0, 2.0, -1.0, 2.0, 1.0, 2.0, 3.0, 2.0, 3.0, 3.0, 2.0, -1.0, -1.0, 3.0, 3.0, 1.0, 3.0, 0.0, 0.0, 3.0, 550.0, 99449.0
0.0, -1.0, 1.0, -1.0, -1.0, 3.0, 2.0, 1.0, 3.0, 2.0, 3.0, 2.0, 2.0, 1.0, 0.0, 1.0, 2.0, 1.0, 1.0, 0.0, 3.0, 0.0, 0.0, 0.0, 1.0, 2.0, 0.0, -1.0, 2.0, 2.0, -1.0, 3.0, 2.0, 2.0, -1.0, 3.0, 3.0, 3.0, 3.0, 1.0, 0.0, 3.0, -1.0, 1.0, 3.0, 1.0, 2.0, 1.0, -1.0, 3.0, 582.0, 99412.0
2.0, -1.0, 1.0, -1.0, 1.0, 3.0, 3.0, 1.0, 3.0, 2.0, 3.0, 2.0, 2.0, 1.0, 0.0, 1.0, 2.0, 1.0, 1.0, 3.0, -1.0, 0.0, -1.0, 0.0, 1.0, 2.0, 0.0, -1.0, 0.0, 2.0, 3.0, 1.0, 2.0, 3.0, -1.0, 3.0, 1.0, 3.0, 3.0, 1.0, 0.0, 3.0, -1.0, 1.0, 3.0, 0.0, 2.0, 1.0, 2.0, 3.0, 602.0, 99398.0
0.0, -1.0, 1.0, -1.0, -1.0, 3.0, 2.0, 1.0, 3.0, 2.0, 3.0, 2.0, 2.0, 1.0, 0.0, 1.0, 2.0, 1.0, 1.0, 0.0, 3.0, 0.0, 0.0, 0.0, 1.0, 2.0, 0.0, -1.0, 2.0, 2.0, -1.0, 3.0, 2.0, 2.0, -1.0, 3.0, 3.0, 3.0, -1.0, 2.0, 0.0, 3.0, -1.0, 1.0, 3.0, 1.0, 2.0, 1.0, -1.0, 3.0, 570.0, 99421.0
0.0, -1.0, 1.0, -1.0, -1.0, 3.0, 2.0, 1.0, 3.0, 2.0, 3.0, 2.0, 2.0, 1.0, 0.0, 1.0, 2.0, 1.0, 1.0, 0.0, 3.0, 1.0, 0.0, 0.0, 0.0, 2.0, -1.0, -1.0, 0.0, 2.0, -1.0, 3.0, 2.0, 2.0, -1.0, 3.0, 1.0, -1.0, 3.0, 0.0, 0.0, 3.0, -1.0, 1.0, 3.0, 0.0, 2.0, 1.0, 2.0, 3.0, 567.0, 99426.0
2.0, -1.0, 1.0, -1.0, 1.0, 3.0, 3.0, 1.0, 3.0, 2.0, 3.0, 2.0, 2.0, 1.0, 0.0, 1.0, 2.0, 1.0, 1.0, 3.0, 0.0, 0.0, -1.0, 0.0, 1.0, 2.0, 0.0, -1.0, 0.0, 2.0, 3.0, 1.0, 2.0, 3.0, -1.0, 3.0, 1.0, 3.0, 3.0, 1.0, 0.0, 3.0, -1.0, 1.0, 3.0, 0.0, 2.0, 1.0, 2.0, 3.0, 619.0, 99383.0
0.0, -1.0, 1.0, -1.0, 2.0, 3.0, 2.0, 1.0, 3.0, 2.0, 3.0, 2.0, 3.0, 1.0, 0.0, 1.0, 2.0, 0.0, 1.0, 0.0, 3.0, 1.0, 0.0, 0.0, 3.0, 2.0, 0.0, -1.0, 0.0, 2.0, -1.0, 3.0, 0.0, 1.0, -1.0, 3.0, 1.0, 3.0, 3.0, 1.0, 2.0, 3.0, -1.0, 1.0, 3.0, 0.0, 2.0, 1.0, 2.0, 3.0, 618.0, 99389.0
0.0, 1.0, 0.0, -1.0, -1.0, -1.0, 1.0, -1.0, 2.0, 3.0, 1.0, 1.0, -1.0, 0.0, -1.0, -1.0, 2.0, 0.0, 2.0, -1.0, 3.0, 2.0, -1.0, -1.0, 3.0, 1.0, 0.0, -1.0, 2.0, 3.0, 3.0, 0.0, -1.0, 2.0, 0.0, 0.0, 2.0, 0.0, 3.0, 2.0, 2.0, -1.0, -1.0, 3.0, 3.0, 1.0, 2.0, 3.0, 0.0, 0.0, 508.0, 99491.0
1.0, -1.0, 1.0, -1.0, 2.0, 1.0, 0.0, 0.0, 3.0, 1.0, 1.0, 3.0, 3.0, 1.0, 3.0, 1.0, 1.0, 0.0, 1.0, 3.0, 3.0, 2.0, 3.0, -1.0, 3.0, 2.0, 0.0, 1.0, 2.0, 0.0, 3.0, 0.0, -1.0, 1.0, 0.0, 0.0, 2.0, 0.0, 1.0, 0.0, 2.0, 1.0, 3.0, 2.0, 0.0, 3.0, 2.0, 2.0, 0.0, 1.0, 654.0, 99364.0
1.0, -1.0, 1.0, -1.0, 2.0, 1.0, 0.0, 0.0, 3.0, 1.0, 1.0, 3.0, 3.0, 1.0, 3.0, 1.0, 1.0, 0.0, 1.0, 3.0, 3.0, 2.0, 3.0, -1.0, 3.0, 2.0, 0.0, 1.0, 2.0, 0.0, 3.0, 0.0, -1.0, 1.0, 0.0, 0.0, 2.0, 0.0, 1.0, 0.0, 2.0, 1.0, 3.0, 2.0, 0.0, 3.0, 2.0, 2.0, 2.0, 1.0, 654.0, 99364.0
0.0, -1.0, 1.0, -1.0, -1.0, 3.0, 2.0, 1.0, 3.0, 2.0, 3.0, 2.0, 2.0, 1.0, 0.0, 1.0, 2.0, 1.0, 1.0, 0.0, 3.0, 0.0, 0.0, 0.0, 1.0, 2.0, 0.0, -1.0, 0.0, 2.0, -1.0, 3.0, 2.0, 2.0, -1.0, 3.0, 1.0, 3.0, 3.0, 1.0, 0.0, 3.0, -1.0, 1.0, 3.0, 0.0, 2.0, 1.0, 2.0, 3.0, 599.0, 99403.0
2.0, -1.0, 2.0, 2.0, -1.0, 0.0, 2.0, -1.0, 3.0, 1.0, 1.0, -1.0, -1.0, 0.0, 1.0, -1.0, 1.0, 1.0, 0.0, 1.0, -1.0, 1.0, 0.0, 0.0, 2.0, 0.0, -1.0, 1.0, 2.0, 2.0, 1.0, 2.0, -1.0, 2.0, 1.0, 2.0, 3.0, 2.0, 3.0, 3.0, 2.0, -1.0, 1.0, 3.0, 3.0, 1.0, -1.0, 0.0, -1.0, 3.0, 529.0, 99469.0
0.0, -1.0, 1.0, -1.0, -1.0, 3.0, 2.0, 1.0, 3.0, 2.0, 3.0, 2.0, 2.0, 1.0, 0.0, 1.0, 2.0, 1.0, 1.0, 3.0, 3.0, 0.0, 0.0, 0.0, 1.0, 2.0, 0.0, -1.0, 0.0, 2.0, -1.0, 3.0, 2.0, 2.0, -1.0, 3.0, 1.0, 3.0, 3.0, 1.0, 0.0, 3.0, -1.0, 1.0, 3.0, 0.0, 2.0, 1.0, 0.0, 3.0, 599.0, 99403.0
0.0, -1.0, 1.0, -1.0, 1.0, 3.0, 3.0, 1.0, 3.0, 2.0, 3.0, 2.0, 2.0, 1.0, 0.0, 1.0, 2.0, 1.0, 1.0, 3.0, 0.0, 0.0, -1.0, 0.0, 1.0, 2.0, 0.0, -1.0, 0.0, 2.0, -1.0, 1.0, 2.0, 3.0, -1.0, 3.0, 1.0, 3.0, 3.0, 1.0, 0.0, 3.0, -1.0, 1.0, 3.0, 0.0, 2.0, 1.0, 2.0, 3.0, 605.0, 99396.0
2.0, 3.0, 1.0, -1.0, 3.0, 2.0, 2.0, 1.0, 1.0, 2.0, 1.0, 1.0, 1.0, 0.0, 2.0, 2.0, 2.0, 0.0, 1.0, 3.0, 0.0, 0.0, -1.0, 2.0, 0.0, 0.0, 1.0, 3.0, 3.0, 3.0, 1.0, 2.0, 0.0, 0.0, -1.0, 0.0, 1.0, 0.0, 0.0, 3.0, 0.0, 0.0, 2.0, 3.0, 1.0, 2.0, 2.0, 3.0, -1.0, 1.0, 655.0, 99358.0
0.0, 1.0, 0.0, -1.0, -1.0, 2.0, 1.0, -1.0, 2.0, 3.0, 1.0, 1.0, -1.0, 0.0, -1.0, -1.0, 2.0, 0.0, 2.0, -1.0, 0.0, -1.0, -1.0, 1.0, 3.0, 1.0, 0.0, -1.0, 2.0, 3.0, 3.0, 0.0, 0.0, 2.0, -1.0, 0.0, 2.0, 0.0, 3.0, 3.0, 2.0, -1.0, -1.0, 3.0, 3.0, 1.0, 2.0, 3.0, 0.0, 2.0, 520.0, 99473.0
0.0, 1.0, 0.0, -1.0, -1.0, 2.0, 1.0, -1.0, 2.0, 3.0, 1.0, 1.0, -1.0, 0.0, -1.0, -1.0, 2.0, 0.0, 2.0, -1.0, 0.0, 1.0, 0.0, 1.0, 3.0, 1.0, 0.0, -1.0, 2.0, 3.0, 3.0, 0.0, 0.0, 2.0, 0.0, 0.0, 2.0, 0.0, 3.0, 3.0, 2.0, -1.0, -1.0, 3.0, 3.0, 1.0, 2.0, 3.0, 0.0, 2.0, 560.0, 99447.0
0.0, 1.0, 0.0, -1.0, -1.0, 2.0, 1.0, -1.0, 2.0, 3.0, 1.0, 1.0, -1.0, 0.0, -1.0, -1.0, 2.0, 0.0, 2.0, -1.0, 0.0, -1.0, -1.0, 1.0, 3.0, 1.0, 0.0, -1.0, 2.0, 3.0, 3.0, 0.0, 0.0, 2.0, -1.0, 0.0, 2.0, 0.0, 3.0, 3.0, 2.0, -1.0, -1.0, 3.0, 3.0, 1.0, 2.0, 3.0, 0.0, 2.0, 520.0, 99473.0
0.0, -1.0, 1.0, -1.0, 2.0, 3.0, 2.0, 1.0, 3.0, 2.0, 3.0, 2.0, 3.0, 1.0, 0.0, 1.0, 2.0, 0.0, 1.0, 0.0, 3.0, 1.0, 0.0, 0.0, 3.0, 2.0, 0.0, -1.0, 0.0, 2.0, -1.0, 3.0, 2.0, 1.0, -1.0, 3.0, 1.0, 3.0, 3.0, 1.0, 0.0, 3.0, -1.0, 1.0, 3.0, 0.0, 2.0, 1.0, 2.0, 3.0, 618.0, 99389.0
2.0, -1.0, 2.0, 2.0, -1.0, 0.0, 2.0, -1.0, 3.0, 1.0, 1.0, -1.0, -1.0, 0.0, 1.0, -1.0, 1.0, 1.0, 0.0, 1.0, -1.0, 1.0, 0.0, 0.0, 2.0, 0.0, -1.0, 1.0, 0.0, 2.0, 1.0, 2.0, -1.0, 2.0, 1.0, 2.0, 1.0, 2.0, 3.0, 3.0, 2.0, -1.0, 1.0, 3.0, 3.0, 0.0, -1.0, 0.0, 2.0, 3.0, 546.0, 99460.0
2.0, -1.0, 2.0, 2.0, -1.0, 0.0, 2.0, -1.0, 3.0, 1.0, 3.0, -1.0, -1.0, 0.0, 1.0, -1.0, 1.0, 1.0, 0.0, 1.0, -1.0, 1.0, -1.0, 0.0, 2.0, 0.0, -1.0, 1.0, 2.0, 2.0, 1.0, 2.0, -1.0, 2.0, 1.0, 2.0, 3.0, 2.0, 3.0, 3.0, 2.0, -1.0, -1.0, 3.0, 3.0, 1.0, 3.0, 0.0, 0.0, 3.0, 533.0, 99464.0
2.0, -1.0, 2.0, 2.0, -1.0, 0.0, 2.0, -1.0, 3.0, 1.0, 1.0, -1.0, -1.0, 0.0, 1.0, -1.0, 1.0, 1.0, 0.0, 1.0, -1.0, 1.0, 0.0, 0.0, 2.0, 0.0, -1.0, 1.0, 2.0, 2.0, 1.0, 2.0, -1.0, 2.0, 0.0, 2.0, 3.0, 2.0, 3.0, 3.0, 2.0, -1.0, 1.0, 3.0, 3.0, 1.0, -1.0, 0.0, -1.0, 3.0, 529.0, 99469.0
1.0, -1.0, 3.0, -1.0, 2.0, 0.0, 0.0, 0.0, 0.0, 1.0, 1.0, 3.0, 3.0, 1.0, 3.0, 1.0, 2.0, 0.0, 1.0, 3.0, 2.0, 2.0, 3.0, 1.0, 3.0, 2.0, 0.0, 1.0, 2.0, 0.0, 3.0, 0.0, -1.0, 1.0, 0.0, 0.0, 2.0, -1.0, 1.0, 0.0, 2.0, 1.0, 3.0, 2.0, 0.0, 0.0, 2.0, 2.0, 2.0, 1.0, 650.0, 99372.0
0.0, -1.0, 0.0, -1.0, -1.0, 2.0, 1.0, -1.0, 2.0, 3.0, 1.0, 1.0, -1.0, 0.0, -1.0, -1.0, 2.0, 0.0, 2.0, -1.0, 0.0, -1.0, 0.0, 1.0, 3.0, 1.0, 0.0, -1.0, 2.0, 3.0, 3.0, 0.0, 0.0, 2.0, 0.0, 0.0, 2.0, 0.0, 3.0, 3.0, 2.0, -1.0, -1.0, 3.0, 3.0, 1.0, 2.0, 3.0, 0.0, 2.0, 531.0, 99467.0
2.0, -1.0, 1.0, -1.0, 1.0, 3.0, 3.0, 1.0, 3.0, 2.0, 3.0, 2.0, 2.0, 1.0, 0.0, 1.0, 2.0, 1.0, 2.0, 3.0, 0.0, 0.0, -1.0, 0.0, 1.0, 2.0, 0.0, -1.0, 0.0, 2.0, -1.0, 1.0, 1.0, 3.0, -1.0, 3.0, 1.0, 3.0, 3.0, 1.0, 0.0, 3.0, -1.0, 1.0, 3.0, 1.0, 2.0, 1.0, 2.0, 3.0, 605.0, 99396.0
0.0, -1.0, 0.0, -1.0, -1.0, 2.0, 1.0, -1.0, 2.0, 3.0, 1.0, 1.0, -1.0, 0.0, -1.0, -1.0, 2.0, 0.0, 2.0, -1.0, 0.0, -1.0, 0.0, 1.0, 3.0, 1.0, 0.0, -1.0, 2.0, 3.0, 3.0, 0.0, 0.0, 2.0, 0.0, 0.0, 2.0, 0.0, 3.0, 3.0, 2.0, -1.0, -1.0, 3.0, 3.0, 1.0, 2.0, 3.0, 0.0, 2.0, 531.0, 99467.0
2.0, -1.0, 2.0, 2.0, -1.0, 0.0, 2.0, -1.0, 3.0, 1.0, 1.0, -1.0, -1.0, 0.0, 1.0, -1.0, 1.0, 1.0, 0.0, 1.0, -1.0, 1.0, -1.0, 0.0, 2.0, 0.0, -1.0, 1.0, 0.0, 2.0, 3.0, 2.0, -1.0, 2.0, -1.0, 2.0, 1.0, 2.0, 3.0, 3.0, 2.0, -1.0, 1.0, 3.0, 3.0, 0.0, -1.0, 0.0, 2.0, 3.0, 516.0, 99474.0
0.0, -1.0, 1.0, -1.0, 2.0, 3.0, 2.0, 1.0, 3.0, 2.0, 3.0, 2.0, 3.0, 1.0, 0.0, 1.0, 2.0, 0.0, 1.0, 0.0, 3.0, 1.0, 0.0, 0.0, 3.0, 2.0, 0.0, -1.0, 0.0, 2.0, -1.0, 3.0, 2.0, 1.0, -1.0, 3.0, 1.0, 3.0, 3.0, 1.0, 0.0, 3.0, -1.0, 1.0, 3.0, 0.0, 2.0, 1.0, 2.0, 3.0, 618.0, 99389.0
0.0, -1.0, 1.0, -1.0, 1.0, 3.0, 2.0, 1.0, 3.0, 2.0, 3.0, 2.0, 2.0, 1.0, 0.0, 1.0, 2.0, 1.0, 1.0, 3.0, 3.0, 0.0, 0.0, 0.0, 1.0, 2.0, 0.0, -1.0, 0.0, 2.0, -1.0, 1.0, 2.0, 3.0, -1.0, 3.0, 1.0, 3.0, 3.0, 1.0, 0.0, 3.0, -1.0, 1.0, 3.0, 0.0, 2.0, 1.0, 2.0, 3.0, 618.0, 99389.0
0.0, -1.0, 1.0, -1.0, 2.0, 3.0, 2.0, 1.0, 3.0, 2.0, 3.0, 2.0, 3.0, 1.0, 0.0, 1.0, 2.0, 0.0, 1.0, 0.0, 3.0, 1.0, 0.0, 0.0, 3.0, 2.0, 0.0, -1.0, 0.0, 2.0, -1.0, 3.0, 2.0, 1.0, -1.0, 3.0, 1.0, 3.0, 3.0, 1.0, 0.0, 3.0, -1.0, 1.0, 3.0, 0.0, 2.0, 1.0, 2.0, 3.0, 618.0, 99389.0
0.0, -1.0, 1.0, -1.0, 2.0, 3.0, 2.0, 1.0, 3.0, 2.0, 3.0, 2.0, 3.0, 1.0, 0.0, 1.0, 2.0, 0.0, 1.0, 0.0, 3.0, 1.0, 0.0, 0.0, 3.0, 2.0, 0.0, -1.0, 0.0, 2.0, -1.0, 3.0, 2.0, 1.0, -1.0, 3.0, 1.0, 3.0, 3.0, 1.0, 0.0, 3.0, -1.0, 1.0, 3.0, 0.0, 2.0, 1.0, 2.0, 3.0, 618.0, 99389.0
0.0, -1.0, 1.0, -1.0, 2.0, 3.0, 2.0, 1.0, 3.0, 2.0, 3.0, 2.0, 3.0, 1.0, 0.0, 1.0, 2.0, 0.0, 1.0, 0.0, 3.0, 1.0, 0.0, 0.0, 3.0, 2.0, 0.0, -1.0, 0.0, 2.0, -1.0, 3.0, 2.0, 1.0, -1.0, 3.0, 1.0, 3.0, 3.0, 1.0, 0.0, 3.0, -1.0, 1.0, 3.0, 0.0, 2.0, 1.0, 2.0, 3.0, 618.0, 99389.0
0.0, -1.0, 1.0, -1.0, 1.0, 3.0, 2.0, 1.0, 3.0, 2.0, 3.0, 2.0, 2.0, 1.0, 0.0, 1.0, 2.0, 1.0, 1.0, 3.0, 3.0, 0.0, 0.0, 0.0, 1.0, 2.0, 0.0, -1.0, 0.0, 2.0, -1.0, 1.0, 2.0, 3.0, -1.0, 3.0, 1.0, 3.0, 3.0, 1.0, 0.0, 3.0, -1.0, 1.0, 3.0, 0.0, 2.0, 1.0, 2.0, 3.0, 618.0, 99389.0
0.0, -1.0, 1.0, -1.0, 2.0, 3.0, 2.0, 1.0, 3.0, 2.0, 3.0, 2.0, 3.0, 1.0, 0.0, 1.0, 2.0, 0.0, 1.0, 0.0, 3.0, 1.0, 0.0, 0.0, 3.0, 2.0, 0.0, -1.0, 0.0, 2.0, -1.0, 3.0, 2.0, 1.0, -1.0, 3.0, 1.0, 3.0, 3.0, 1.0, 0.0, 3.0, -1.0, 1.0, 3.0, 0.0, 2.0, 1.0, 2.0, 3.0, 618.0, 99389.0
0.0, -1.0, 1.0, -1.0, 2.0, 3.0, 2.0, 1.0, 3.0, 2.0, 3.0, 2.0, 0.0, 1.0, 0.0, 1.0, 2.0, 0.0, 1.0, 0.0, 3.0, 1.0, 0.0, 0.0, 3.0, 2.0, 0.0, -1.0, 0.0, 2.0, -1.0, 3.0, 2.0, 1.0, -1.0, 3.0, 1.0, 3.0, 3.0, 1.0, 0.0, 3.0, -1.0, 1.0, 3.0, 0.0, 2.0, 1.0, 2.0, 3.0, 618.0, 99389.0
0.0, -1.0, 1.0, -1.0, 2.0, 3.0, 2.0, 1.0, 3.0, 2.0, 3.0, 2.0, 3.0, 1.0, 0.0, 1.0, 2.0, 0.0, 1.0, 0.0, 3.0, 1.0, 0.0, 0.0, 3.0, 2.0, 0.0, -1.0, 0.0, 2.0, -1.0, 3.0, 2.0, 1.0, -1.0, 3.0, 1.0, 3.0, 3.0, 1.0, 0.0, 3.0, -1.0, 1.0, 3.0, 0.0, 2.0, 1.0, 2.0, 3.0, 618.0, 99389.0
0.0, -1.0, 1.0, -1.0, 2.0, 3.0, 2.0, 1.0, 3.0, 2.0, 3.0, 2.0, 3.0, 1.0, 0.0, 1.0, 2.0, 0.0, 1.0, 0.0, 3.0, 1.0, 0.0, 0.0, 3.0, 2.0, 0.0, -1.0, 0.0, 2.0, -1.0, 3.0, 2.0, 1.0, -1.0, 3.0, 1.0, 3.0, 3.0, 1.0, 0.0, 3.0, -1.0, 1.0, 3.0, 0.0, 2.0, 1.0, 2.0, 3.0, 618.0, 99389.0
0.0, -1.0, 1.0, -1.0, 1.0, 3.0, 2.0, 1.0, 3.0, 2.0, 3.0, 2.0, 2.0, 1.0, 0.0, 1.0, 2.0, 1.0, 1.0, 3.0, 3.0, 0.0, 0.0, 0.0, 1.0, 2.0, 0.0, -1.0, 0.0, 2.0, -1.0, 1.0, 2.0, 3.0, -1.0, 3.0, 1.0, 3.0, 3.0, 1.0, 0.0, 3.0, -1.0, 1.0, 3.0, 0.0, 2.0, 1.0, 2.0, 3.0, 618.0, 99389.0
0.0, -1.0, 1.0, -1.0, 2.0, 3.0, 2.0, 1.0, 3.0, 2.0, 3.0, 2.0, 3.0, 1.0, 0.0, 1.0, 2.0, 0.0, 1.0, 0.0, 3.0, 1.0, 0.0, 0.0, 3.0, 2.0, 0.0, -1.0, 0.0, 2.0, -1.0, 3.0, 0.0, 1.0, -1.0, 3.0, 1.0, 3.0, 3.0, 1.0, 2.0, 3.0, -1.0, 1.0, 3.0, 0.0, 2.0, 1.0, 2.0, 3.0, 618.0, 99389.0
0.0, -1.0, 1.0, -1.0, 2.0, 3.0, 2.0, 1.0, 3.0, 2.0, 3.0, 2.0, 3.0, 1.0, 0.0, 1.0, 2.0, 0.0, 1.0, 0.0, 3.0, 1.0, 0.0, 0.0, 3.0, 2.0, 0.0, -1.0, 0.0, 2.0, -1.0, 3.0, 2.0, 1.0, -1.0, 3.0, 1.0, 3.0, 3.0, 1.0, 0.0, 3.0, -1.0, 1.0, 3.0, 0.0, 2.0, 1.0, 2.0, 3.0, 618.0, 99389.0
0.0, -1.0, 1.0, -1.0, 2.0, 3.0, 2.0, 1.0, 3.0, 2.0, 3.0, 2.0, 3.0, 1.0, 0.0, 1.0, 2.0, 0.0, 1.0, 0.0, 3.0, 1.0, 0.0, 0.0, 3.0, 2.0, 0.0, -1.0, 0.0, 2.0, -1.0, 3.0, 2.0, 1.0, -1.0, 3.0, 1.0, 3.0, 3.0, 1.0, 0.0, 3.0, -1.0, 1.0, 3.0, 0.0, 2.0, 1.0, 2.0, 3.0, 618.0, 99389.0
0.0, -1.0, 1.0, -1.0, 2.0, 3.0, 2.0, 1.0, 3.0, 2.0, 3.0, 2.0, 3.0, 1.0, 0.0, 1.0, 2.0, 0.0, 1.0, 0.0, 3.0, 1.0, 0.0, 0.0, 3.0, 2.0, 0.0, -1.0, 0.0, 2.0, -1.0, 3.0, 2.0, 1.0, -1.0, 3.0, 1.0, 3.0, 3.0, 1.0, 0.0, 3.0, -1.0, 1.0, 3.0, 0.0, 2.0, 1.0, 2.0, 3.0, 618.0, 99389.0
0.0, -1.0, 1.0, -1.0, 1.0, 3.0, 2.0, 1.0, 3.0, 2.0, 3.0, 2.0, 2.0, 1.0, 0.0, 1.0, 2.0, 1.0, 1.0, 3.0, 3.0, 0.0, 0.0, 0.0, 1.0, 2.0, 0.0, -1.0, 0.0, 2.0, -1.0, 1.0, 2.0, 3.0, -1.0, 3.0, 1.0, 3.0, 3.0, 1.0, 0.0, 3.0, -1.0, 1.0, 3.0, 0.0, 2.0, 1.0, 2.0, 3.0, 618.0, 99389.0
0.0, -1.0, 1.0, -1.0, 2.0, 3.0, 2.0, 1.0, 3.0, 2.0, 3.0, 2.0, 3.0, 1.0, 0.0, 1.0, 2.0, 0.0, 1.0, 0.0, 3.0, 1.0, 0.0, 0.0, 3.0, 2.0, 0.0, -1.0, 0.0, 2.0, -1.0, 3.0, 2.0, 1.0, -1.0, 3.0, 1.0, 3.0, 3.0, 1.0, 0.0, 3.0, -1.0, 1.0, 3.0, 0.0, 2.0, 1.0, 2.0, 3.0, 618.0, 99389.0
0.0, -1.0, 1.0, -1.0, 2.0, 3.0, 2.0, 1.0, 3.0, 2.0, 3.0, 2.0, 0.0, 1.0, 0.0, 1.0, 2.0, 0.0, 1.0, 0.0, 3.0, 1.0, 0.0, 0.0, 3.0, 2.0, 0.0, -1.0, 0.0, 2.0, -1.0, 3.0, 2.0, 1.0, -1.0, 3.0, 1.0, 3.0, 3.0, 1.0, 0.0, 3.0, -1.0, 1.0, 3.0, 0.0, 2.0, 1.0, 2.0, 3.0, 618.0, 99389.0
0.0, -1.0, 1.0, -1.0, 2.0, 3.0, 2.0, 1.0, 3.0, 2.0, 3.0, 2.0, 3.0, 1.0, 0.0, 1.0, 2.0, 0.0, 1.0, 0.0, 3.0, 1.0, 0.0, 0.0, 3.0, 2.0, 0.0, -1.0, 0.0, 2.0, -1.0, 3.0, 2.0, 1.0, -1.0, 3.0, 1.0, 3.0, 3.0, 1.0, 0.0, 3.0, -1.0, 1.0, 3.0, 0.0, 2.0, 1.0, 2.0, 3.0, 618.0, 99389.0
0.0, -1.0, 1.0, -1.0, 2.0, 3.0, 2.0, 1.0, 3.0, 2.0, 3.0, 2.0, 3.0, 1.0, 0.0, 1.0, 2.0, 0.0, 1.0, 0.0, 3.0, 1.0, 0.0, 0.0, 3.0, 2.0, 0.0, -1.0, 0.0, 2.0, -1.0, 3.0, 2.0, 1.0, -1.0, 3.0, 1.0, 3.0, 3.0, 1.0, 0.0, 3.0, -1.0, 1.0, 3.0, 0.0, 2.0, 1.0, 2.0, 3.0, 618.0, 99389.0
0.0, -1.0, 1.0, -1.0, 2.0, 3.0, 2.0, 1.0, 3.0, 2.0, 3.0, 2.0, 3.0, 1.0, 0.0, 1.0, 2.0, 0.0, 1.0, 0.0, 3.0, 1.0, 0.0, 0.0, 3.0, 2.0, 0.0, -1.0, 0.0, 2.0, -1.0, 3.0, 0.0, 1.0, -1.0, 3.0, 1.0, 3.0, 3.0, 1.0, 2.0, 3.0, -1.0, 1.0, 3.0, 0.0, 2.0, 1.0, 2.0, 3.0, 618.0, 99389.0
0.0, -1.0, 1.0, -1.0, 1.0, 3.0, 2.0, 1.0, 3.0, 2.0, 3.0, 2.0, 2.0, 1.0, 0.0, 1.0, 2.0, 1.0, 1.0, 3.0, 3.0, 0.0, 0.0, 0.0, 1.0, 2.0, 0.0, -1.0, 0.0, 2.0, -1.0, 1.0, 2.0, 3.0, -1.0, 3.0, 1.0, 3.0, 3.0, 1.0, 0.0, 3.0, -1.0, 1.0, 3.0, 0.0, 2.0, 1.0, 2.0, 3.0, 618.0, 99389.0
0.0, -1.0, 1.0, -1.0, 2.0, 3.0, 2.0, 1.0, 3.0, 2.0, 3.0, 2.0, 3.0, 1.0, 0.0, 1.0, 2.0, 0.0, 1.0, 0.0, 3.0, 1.0, 0.0, 0.0, 3.0, 2.0, 0.0, -1.0, 0.0, 2.0, -1.0, 3.0, 2.0, 1.0, -1.0, 3.0, 1.0, 3.0, 3.0, 1.0, 0.0, 3.0, -1.0, 1.0, 3.0, 0.0, 2.0, 1.0, 2.0, 3.0, 618.0, 99389.0
0.0, -1.0, 1.0, -1.0, 2.0, 3.0, 2.0, 1.0, 3.0, 2.0, 3.0, 2.0, 3.0, 1.0, 0.0, 1.0, 2.0, 0.0, 1.0, 0.0, 3.0, 1.0, 0.0, 0.0, 3.0, 2.0, 0.0, -1.0, 0.0, 2.0, -1.0, 3.0, 2.0, 1.0, -1.0, 3.0, 1.0, 3.0, 3.0, 1.0, 0.0, 3.0, -1.0, 1.0, 3.0, 0.0, 2.0, 1.0, 2.0, 3.0, 618.0, 99389.0
0.0, -1.0, 1.0, -1.0, 2.0, 3.0, 2.0, 1.0, 3.0, 2.0, 3.0, 2.0, 3.0, 1.0, 0.0, 1.0, 2.0, 0.0, 1.0, 0.0, 3.0, 1.0, 0.0, 0.0, 3.0, 2.0, 0.0, -1.0, 0.0, 2.0, -1.0, 3.0, 2.0, 1.0, -1.0, 3.0, 1.0, 3.0, 3.0, 1.0, 0.0, 3.0, -1.0, 1.0, 3.0, 0.0, 2.0, 1.0, 2.0, 3.0, 618.0, 99389.0
0.0, -1.0, 1.0, -1.0, 1.0, 3.0, 2.0, 1.0, 3.0, 2.0, 3.0, 2.0, 2.0, 1.0, 0.0, 1.0, 2.0, 1.0, 1.0, 3.0, 3.0, 0.0, 0.0, 0.0, 1.0, 2.0, 0.0, -1.0, 0.0, 2.0, -1.0, 1.0, 2.0, 3.0, -1.0, 3.0, 1.0, 3.0, 3.0, 1.0, 0.0, 3.0, -1.0, 1.0, 3.0, 0.0, 2.0, 1.0, 2.0, 3.0, 618.0, 99389.0
0.0, -1.0, 1.0, -1.0, 2.0, 3.0, 2.0, 1.0, 3.0, 2.0, 3.0, 2.0, 3.0, 1.0, 0.0, 1.0, 2.0, 0.0, 1.0, 0.0, 3.0, 1.0, 0.0, 0.0, 3.0, 2.0, 0.0, -1.0, 0.0, 2.0, -1.0, 3.0, 2.0, 1.0, -1.0, 3.0, 1.0, 3.0, 3.0, 1.0, 0.0, 3.0, -1.0, 1.0, 3.0, 0.0, 2.0, 1.0, 2.0, 3.0, 618.0, 99389.0
0.0, -1.0, 1.0, -1.0, 2.0, 3.0, 2.0, 1.0, 3.0, 2.0, 3.0, 2.0, 0.0, 1.0, 0.0, 1.0, 2.0, 0.0, 1.0, 0.0, 3.0, 1.0, 0.0, 0.0, 3.0, 2.0, 0.0, -1.0, 0.0, 2.0, -1.0, 3.0, 2.0, 1.0, -1.0, 3.0, 1.0, 3.0, 3.0, 1.0, 0.0, 3.0, -1.0, 1.0, 3.0, 0.0, 2.0, 1.0, 2.0, 3.0, 618.0, 99389.0
0.0, -1.0, 1.0, -1.0, 2.0, 3.0, 2.0, 1.0, 3.0, 2.0, 3.0, 2.0, 3.0, 1.0, 0.0, 1.0, 2.0, 0.0, 1.0, 0.0, 3.0, 1.0, 0.0, 0.0, 3.0, 2.0, 0.0, -1.0, 0.0, 2.0, -1.0, 3.0, 2.0, 1.0, -1.0, 3.0, 1.0, 3.0, 3.0, 1.0, 0.0, 3.0, -1.0, 1.0, 3.0, 0.0, 2.0, 1.0, 2.0, 3.0, 618.0, 99389.0
0.0, -1.0, 1.0, -1.0, 2.0, 3.0, 2.0, 1.0, 3.0, 2.0, 3.0, 2.0, 3.0, 1.0, 0.0, 1.0, 2.0, 0.0, 1.0, 0.0, 3.0, 1.0, 0.0, 0.0, 3.0, 2.0, 0.0, -1.0, 0.0, 2.0, -1.0, 3.0, 2.0, 1.0, -1.0, 3.0, 1.0, 3.0, 3.0, 1.0, 0.0, 3.0, -1.0, 1.0, 3.0, 0.0, 2.0, 1.0, 2.0, 3.0, 618.0, 99389.0
0.0, -1.0, 1.0, -1.0, 1.0, 3.0, 2.0, 1.0, 3.0, 2.0, 3.0, 2.0, 2.0, 1.0, 0.0, 1.0, 2.0, 1.0, 1.0, 3.0, 3.0, 0.0, 0.0, 0.0, 1.0, 2.0, 0.0, -1.0, 0.0, 2.0, -1.0, 1.0, 2.0, 3.0, -1.0, 3.0, 1.0, 3.0, 3.0, 1.0, 0.0, 3.0, -1.0, 1.0, 3.0, 0.0, 2.0, 1.0, 2.0, 3.0, 618.0, 99389.0
0.0, -1.0, 1.0, -1.0, 2.0, 3.0, 2.0, 1.0, 3.0, 2.0, 3.0, 2.0, 3.0, 1.0, 0.0, 1.0, 2.0, 0.0, 1.0, 0.0, 3.0, 1.0, 0.0, 0.0, 3.0, 2.0, 0.0, -1.0, 0.0, 2.0, -1.0, 3.0, 0.0, 1.0, -1.0, 3.0, 1.0, 3.0, 3.0, 1.0, 2.0, 3.0, -1.0, 1.0, 3.0, 0.0, 2.0, 1.0, 2.0, 3.0, 618.0, 99389.0
0.0, -1.0, 1.0, -1.0, 2.0, 3.0, 2.0, 1.0, 3.0, 2.0, 3.0, 2.0, 3.0, 1.0, 0.0, 1.0, 2.0, 0.0, 1.0, 0.0, 3.0, 1.0, 0.0, 0.0, 3.0, 2.0, 0.0, -1.0, 0.0, 2.0, -1.0, 3.0, 2.0, 1.0, -1.0, 3.0, 1.0, 3.0, 3.0, 1.0, 0.0, 3.0, -1.0, 1.0, 3.0, 0.0, 2.0, 1.0, 2.0, 3.0, 618.0, 99389.0
0.0, -1.0, 1.0, -1.0, 2.0, 3.0, 2.0, 1.0, 3.0, 2.0, 3.0, 2.0, 3.0, 1.0, 0.0, 1.0, 2.0, 0.0, 1.0, 0.0, 3.0, 1.0, 0.0, 0.0, 3.0, 2.0, 0.0, -1.0, 0.0, 2.0, -1.0, 3.0, 2.0, 1.0, -1.0, 3.0, 1.0, 3.0, 3.0, 1.0, 0.0, 3.0, -1.0, 1.0, 3.0, 0.0, 2.0, 1.0, 2.0, 3.0, 618.0, 99389.0
0.0, -1.0, 1.0, -1.0, 2.0, 3.0, 2.0, 1.0, 3.0, 2.0, 3.0, 2.0, 3.0, 1.0, 0.0, 1.0, 2.0, 0.0, 1.0, 0.0, 3.0, 1.0, 0.0, 0.0, 3.0, 2.0, 0.0, -1.0, 0.0, 2.0, -1.0, 3.0, 2.0, 1.0, -1.0, 3.0, 1.0, 3.0, 3.0, 1.0, 0.0, 3.0, -1.0, 1.0, 3.0, 0.0, 2.0, 1.0, 2.0, 3.0, 618.0, 99389.0
0.0, -1.0, 1.0, -1.0, 1.0, 3.0, 2.0, 1.0, 3.0, 2.0, 3.0, 2.0, 2.0, 1.0, 0.0, 1.0, 2.0, 1.0, 1.0, 3.0, 3.0, 0.0, 0.0, 0.0, 1.0, 2.0, 0.0, -1.0, 0.0, 2.0, -1.0, 1.0, 2.0, 3.0, -1.0, 3.0, 1.0, 3.0, 3.0, 1.0, 0.0, 3.0, -1.0, 1.0, 3.0, 0.0, 2.0, 1.0, 2.0, 3.0, 618.0, 99389.0
0.0, -1.0, 1.0, -1.0, 2.0, 3.0, 2.0, 1.0, 3.0, 2.0, 3.0, 2.0, 3.0, 1.0, 0.0, 1.0, 2.0, 0.0, 1.0, 0.0, 3.0, 1.0, 0.0, 0.0, 3.0, 2.0, 0.0, -1.0, 0.0, 2.0, -1.0, 3.0, 2.0, 1.0, -1.0, 3.0, 1.0, 3.0, 3.0, 1.0, 0.0, 3.0, -1.0, 1.0, 3.0, 0.0, 2.0, 1.0, 2.0, 3.0, 618.0, 99389.0
0.0, -1.0, 1.0, -1.0, 2.0, 3.0, 2.0, 1.0, 3.0, 2.0, 3.0, 2.0, 0.0, 1.0, 0.0, 1.0, 2.0, 0.0, 1.0, 0.0, 3.0, 1.0, 0.0, 0.0, 3.0, 2.0, 0.0, -1.0, 0.0, 2.0, -1.0, 3.0, 2.0, 1.0, -1.0, 3.0, 1.0, 3.0, 3.0, 1.0, 0.0, 3.0, -1.0, 1.0, 3.0, 0.0, 2.0, 1.0, 2.0, 3.0, 618.0, 99389.0
0.0, -1.0, 1.0, -1.0, 2.0, 3.0, 2.0, 1.0, 3.0, 2.0, 3.0, 2.0, 3.0, 1.0, 0.0, 1.0, 2.0, 0.0, 1.0, 0.0, 3.0, 1.0, 0.0, 0.0, 3.0, 2.0, 0.0, -1.0, 0.0, 2.0, -1.0, 3.0, 2.0, 1.0, -1.0, 3.0, 1.0, 3.0, 3.0, 1.0, 0.0, 3.0, -1.0, 1.0, 3.0, 0.0, 2.0, 1.0, 2.0, 3.0, 618.0, 99389.0
0.0, -1.0, 1.0, -1.0, 2.0, 3.0, 2.0, 1.0, 3.0, 2.0, 3.0, 2.0, 3.0, 1.0, 0.0, 1.0, 2.0, 0.0, 1.0, 0.0, 3.0, 1.0, 0.0, 0.0, 3.0, 2.0, 0.0, -1.0, 0.0, 2.0, -1.0, 3.0, 2.0, 1.0, -1.0, 3.0, 1.0, 3.0, 3.0, 1.0, 0.0, 3.0, -1.0, 1.0, 3.0, 0.0, 2.0, 1.0, 2.0, 3.0, 618.0, 99389.0
0.0, -1.0, 1.0, -1.0, 1.0, 3.0, 2.0, 1.0, 3.0, 2.0, 3.0, 2.0, 2.0, 1.0, 0.0, 1.0, 2.0, 1.0, 1.0, 3.0, 3.0, 0.0, 0.0, 0.0, 1.0, 2.0, 0.0, -1.0, 0.0, 2.0, -1.0, 1.0, 2.0, 3.0, -1.0, 3.0, 1.0, 3.0, 3.0, 1.0, 0.0, 3.0, -1.0, 1.0, 3.0, 0.0, 2.0, 1.0, 2.0, 3.0, 618.0, 99389.0
0.0, -1.0, 1.0, -1.0, 2.0, 3.0, 2.0, 1.0, 3.0, 2.0, 3.0, 2.0, 3.0, 1.0, 0.0, 1.0, 2.0, 0.0, 1.0, 0.0, 3.0, 1.0, 0.0, 0.0, 3.0, 2.0, 0.0, -1.0, 0.0, 2.0, -1.0, 3.0, 2.0, 1.0, -1.0, 3.0, 1.0, 3.0, 3.0, 1.0, 0.0, 3.0, -1.0, 1.0, 3.0, 0.0, 2.0, 1.0, 2.0, 3.0, 618.0, 99389.0
0.0, -1.0, 1.0, -1.0, 2.0, 3.0, 2.0, 1.0, 3.0, 2.0, 3.0, 2.0, 3.0, 1.0, 0.0, 1.0, 2.0, 0.0, 1.0, 0.0, 3.0, 1.0, 0.0, 0.0, 3.0, 2.0, 0.0, -1.0, 0.0, 2.0, -1.0, 3.0, 2.0, 1.0, -1.0, 3.0, 1.0, 3.0, 3.0, 1.0, 0.0, 3.0, -1.0, 1.0, 3.0, 0.0, 2.0, 1.0, 2.0, 3.0, 618.0, 99389.0
0.0, -1.0, 1.0, -1.0, 2.0, 3.0, 2.0, 1.0, 3.0, 2.0, 3.0, 2.0, 3.0, 1.0, 0.0, 1.0, 2.0, 0.0, 1.0, 0.0, 3.0, 1.0, 0.0, 0.0, 3.0, 2.0, 0.0, -1.0, 0.0, 2.0, -1.0, 3.0, 2.0, 1.0, -1.0, 3.0, 1.0, 3.0, 3.0, 1.0, 0.0, 3.0, -1.0, 1.0, 3.0, 0.0, 2.0, 1.0, 2.0, 3.0, 618.0, 99389.0
0.0, -1.0, 1.0, -1.0, 1.0, 3.0, 2.0, 1.0, 3.0, 2.0, 3.0, 2.0, 2.0, 1.0, 0.0, 1.0, 2.0, 1.0, 1.0, 3.0, 3.0, 0.0, 0.0, 0.0, 1.0, 2.0, 0.0, -1.0, 0.0, 2.0, -1.0, 1.0, 2.0, 3.0, -1.0, 3.0, 1.0, 3.0, 3.0, 1.0, 0.0, 3.0, -1.0, 1.0, 3.0, 0.0, 2.0, 1.0, 2.0, 3.0, 618.0, 99389.0
0.0, -1.0, 1.0, -1.0, 2.0, 3.0, 2.0, 1.0, 3.0, 2.0, 3.0, 2.0, 3.0, 1.0, 0.0, 1.0, 2.0, 0.0, 1.0, 0.0, 3.0, 1.0, 0.0, 0.0, 3.0, 2.0, 0.0, -1.0, 0.0, 2.0, -1.0, 3.0, 2.0, 1.0, -1.0, 3.0, 1.0, 3.0, 3.0, 1.0, 0.0, 3.0, -1.0, 1.0, 3.0, 0.0, 2.0, 1.0, 2.0, 3.0, 618.0, 99389.0
