-1.0, 0.0, 0.0, 0.0, -1.0, 1.0, 2.0, 0.0, -1.0, -1.0, 0.0, 2.0, 2.0, 2.0, 1.0, 2.0, 0.0, 2.0, 1.0, 0.0, 3.0, 1.0, -1.0, 1.0, 1.0, 1.0, 1.0, -1.0, 2.0, 2.0, 0.0, -1.0, 3.0, 2.0, -1.0, -1.0, 0.0, 2.0, 3.0, 1.0, -1.0, 1.0, -1.0, 1.0, 2.0, 1.0, 1.0, 2.0, -1.0, -1.0, 513.0, 99474.0
1.0, 1.0, 0.0, 2.0, -1.0, 3.0, -1.0, -1.0, 3.0, -1.0, 0.0, 2.0, -1.0, 1.0, 2.0, -1.0, -1.0, 2.0, 0.0, 0.0, 3.0, -1.0, 2.0, 0.0, -1.0, 0.0, 0.0, 0.0, 1.0, -1.0, 1.0, 0.0, 1.0, 3.0, 2.0, 0.0, 1.0, 2.0, 3.0, 2.0, -1.0, -1.0, 2.0, 2.0, 2.0, 0.0, 0.0, 1.0, 3.0, -1.0, 528.0, 99470.0
-1.0, 0.0, 0.0, 0.0, -1.0, 3.0, 2.0, 0.0, -1.0, -1.0, 0.0, 2.0, 2.0, 2.0, 1.0, 2.0, 0.0, 2.0, 1.0, 0.0, 3.0, 1.0, -1.0, 1.0, 1.0, 1.0, 1.0, -1.0, 2.0, 2.0, 0.0, -1.0, 3.0, 2.0, -1.0, -1.0, 0.0, 2.0, 3.0, 1.0, -1.0, 1.0, -1.0, 1.0, 2.0, 1.0, 1.0, 2.0, -1.0, -1.0, 513.0, 99474.0
3.0, 1.0, 0.0, -1.0, -1.0, 3.0, 3.0, 2.0, 2.0, 1.0, 0.0, 1.0, -1.0, 1.0, 2.0, 1.0, 1.0, 1.0, 2.0, 3.0, -1.0, 1.0, 3.0, 2.0, 3.0, 0.0, 1.0, 3.0, 0.0, 0.0, 0.0, 0.0, 1.0, 3.0, 2.0, 2.0, 2.0, 3.0, 0.0, 0.0, -1.0, 0.0, 0.0, 0.0, 0.0, -1.0, 3.0, 1.0, -1.0, 2.0, 611.0, 99376.0
1.0, 1.0, 0.0, 2.0, -1.0, 3.0, -1.0, -1.0, 3.0, -1.0, 0.0, 2.0, -1.0, 1.0, -1.0, -1.0, 1.0, 2.0, 0.0, 0.0, 1.0, -1.0, 2.0, 0.0, -1.0, 0.0, 0.0, 0.0, 1.0, -1.0, 1.0, 1.0, 1.0, 3.0, 2.0, 0.0, 1.0, 2.0, 3.0, 2.0, -1.0, -1.0, 2.0, 2.0, 2.0, 0.0, 0.0, 1.0, 3.0, -1.0, 530.0, 99468.0
0.0, 0.0, 3.0, 0.0, -1.0, 1.0, 2.0, 0.0, 3.0, -1.0, 0.0, 2.0, -1.0, 2.0, 1.0, 2.0, 0.0, 2.0, 1.0, 0.0, 3.0, 2.0, -1.0, 1.0, 1.0, 1.0, 1.0, -1.0, 2.0, 2.0, 0.0, -1.0, 3.0, 2.0, -1.0, -1.0, 0.0, 2.0, 3.0, 1.0, -1.0, 1.0, -1.0, 1.0, 2.0, 1.0, 3.0, 2.0, 0.0, -1.0, 545.0, 99435.0
0.0, 0.0, 0.0, 0.0, -1.0, 1.0, 2.0, 0.0, -1.0, -1.0, 0.0, 2.0, 2.0, 2.0, 1.0, 2.0, 0.0, 2.0, 3.0, 0.0, -1.0, 2.0, -1.0, 1.0, 1.0, 1.0, 1.0, -1.0, 2.0, 2.0, 0.0, -1.0, 3.0, 2.0, -1.0, -1.0, 0.0, 2.0, 3.0, 1.0, -1.0, 1.0, -1.0, 1.0, 2.0, 1.0, 3.0, 2.0, 0.0, -1.0, 539.0, 99452.0
3.0, 1.0, 0.0, -1.0, -1.0, 3.0, 3.0, 2.0, 2.0, 1.0, 0.0, 1.0, -1.0, 1.0, 2.0, 1.0, 1.0, 0.0, 2.0, 3.0, -1.0, 1.0, 3.0, 2.0, 3.0, 0.0, 1.0, 3.0, 0.0, 2.0, 0.0, 0.0, 1.0, 3.0, 2.0, 2.0, 2.0, 3.0, 3.0, 0.0, 0.0, 0.0, -1.0, 0.0, 0.0, -1.0, 1.0, 1.0, -1.0, 2.0, 610.0, 99377.0
-1.0, 0.0, 0.0, 0.0, -1.0, 1.0, 2.0, 0.0, -1.0, -1.0, 0.0, 2.0, 2.0, 2.0, 1.0, 2.0, 0.0, 2.0, 1.0, 0.0, 3.0, 1.0, -1.0, 1.0, 1.0, 1.0, 1.0, -1.0, 2.0, 2.0, 0.0, -1.0, 3.0, 2.0, -1.0, -1.0, 0.0, 2.0, 3.0, 1.0, -1.0, 1.0, -1.0, 1.0, 2.0, 1.0, 1.0, 2.0, -1.0, -1.0, 513.0, 99474.0
1.0, 1.0, 0.0, 2.0, -1.0, 3.0, -1.0, -1.0, 3.0, -1.0, 0.0, 2.0, -1.0, 1.0, 2.0, -1.0, -1.0, 2.0, 0.0, 0.0, 3.0, -1.0, 2.0, 0.0, -1.0, 0.0, 0.0, 0.0, 1.0, -1.0, 1.0, 0.0, 1.0, 3.0, 2.0, 0.0, 1.0, 2.0, 3.0, 2.0, -1.0, -1.0, 2.0, 2.0, 2.0, 0.0, 0.0, 1.0, 3.0, -1.0, 528.0, 99470.0
3.0, 1.0, 0.0, -1.0, -1.0, 3.0, 3.0, 2.0, 2.0, 1.0, 0.0, 1.0, -1.0, 1.0, 2.0, 1.0, 1.0, 1.0, 2.0, 3.0, -1.0, 1.0, 2.0, 2.0, 3.0, 0.0, 1.0, 3.0, 0.0, 0.0, 0.0, 0.0, 1.0, 3.0, 2.0, 2.0, 2.0, 3.0, 0.0, 0.0, -1.0, 0.0, 0.0, 0.0, 0.0, -1.0, 1.0, 1.0, -1.0, 2.0, 611.0, 99376.0
1.0, 1.0, 0.0, 2.0, -1.0, 3.0, -1.0, -1.0, 3.0, -1.0, 0.0, 2.0, -1.0, 1.0, -1.0, -1.0, 1.0, 2.0, 0.0, 0.0, 1.0, -1.0, 3.0, 0.0, -1.0, 0.0, 0.0, 0.0, 1.0, -1.0, 1.0, 1.0, 1.0, 3.0, 2.0, 0.0, 1.0, 2.0, 3.0, 2.0, -1.0, -1.0, 2.0, 2.0, 2.0, 0.0, 0.0, 1.0, 3.0, -1.0, 530.0, 99468.0
0.0, 0.0, 3.0, 0.0, -1.0, 1.0, 2.0, 0.0, 3.0, -1.0, 0.0, 2.0, 2.0, 2.0, 1.0, 2.0, 0.0, 2.0, 1.0, 0.0, 3.0, 2.0, -1.0, 1.0, 1.0, 1.0, 1.0, -1.0, 2.0, 2.0, 0.0, -1.0, 3.0, 2.0, -1.0, -1.0, 0.0, 2.0, 3.0, 1.0, -1.0, 1.0, -1.0, 1.0, 2.0, 1.0, 3.0, 2.0, 0.0, 3.0, 573.0, 99413.0
-1.0, 1.0, 3.0, 1.0, -1.0, 2.0, 3.0, 1.0, 0.0, 2.0, 0.0, 2.0, 2.0, 0.0, 1.0, -1.0, 1.0, 3.0, 3.0, 0.0, 3.0, 2.0, 1.0, 2.0, 2.0, 1.0, 1.0, 0.0, 3.0, 1.0, 3.0, 0.0, 0.0, 2.0, 1.0, -1.0, 2.0, 3.0, 2.0, 0.0, -1.0, 1.0, -1.0, -1.0, 3.0, -1.0, 1.0, 1.0, 0.0, 3.0, 584.0, 99395.0
3.0, 1.0, 0.0, -1.0, -1.0, 1.0, 3.0, 2.0, 2.0, 1.0, 0.0, 1.0, -1.0, 1.0, 2.0, 1.0, 1.0, 0.0, 2.0, 3.0, -1.0, 1.0, 3.0, 2.0, 3.0, 0.0, 1.0, 3.0, 0.0, 2.0, 0.0, 0.0, 1.0, 3.0, 2.0, -1.0, 2.0, 3.0, 3.0, 0.0, 0.0, 0.0, -1.0, 0.0, 0.0, -1.0, 1.0, 1.0, -1.0, 2.0, 591.0, 99388.0
3.0, 1.0, 0.0, -1.0, -1.0, 3.0, 3.0, 2.0, 2.0, 1.0, 0.0, 1.0, 2.0, 1.0, 2.0, 1.0, 1.0, 1.0, 2.0, 3.0, -1.0, 1.0, 3.0, 2.0, 3.0, 0.0, 1.0, 3.0, 0.0, 0.0, 0.0, 0.0, 1.0, 3.0, 2.0, 2.0, 2.0, 3.0, 0.0, 0.0, -1.0, 0.0, 0.0, 0.0, 0.0, -1.0, 3.0, 1.0, -1.0, 2.0, 627.0, 99363.0
-1.0, 1.0, 3.0, 1.0, -1.0, 2.0, 3.0, 1.0, 0.0, 2.0, 0.0, 2.0, -1.0, 0.0, 1.0, -1.0, 1.0, 3.0, -1.0, 0.0, 3.0, 2.0, 1.0, 2.0, 2.0, 1.0, 0.0, 0.0, 3.0, 2.0, 3.0, 0.0, 0.0, 2.0, 1.0, -1.0, 2.0, 3.0, 2.0, 0.0, -1.0, 1.0, 1.0, -1.0, 3.0, -1.0, 1.0, 1.0, 0.0, 3.0, 574.0, 99412.0
-1.0, 1.0, 3.0, 1.0, -1.0, 2.0, 3.0, 1.0, 0.0, 2.0, 0.0, 2.0, 2.0, 0.0, 1.0, -1.0, 1.0, 3.0, -1.0, 0.0, 3.0, 2.0, 1.0, 2.0, 2.0, 1.0, 0.0, 0.0, 3.0, 1.0, 3.0, 0.0, 0.0, 2.0, 1.0, -1.0, 2.0, 3.0, 2.0, 0.0, -1.0, 1.0, 1.0, 1.0, 3.0, -1.0, 1.0, 1.0, 0.0, 3.0, 605.0, 99381.0
0.0, 0.0, 3.0, 0.0, -1.0, 1.0, 2.0, 0.0, 3.0, -1.0, 0.0, 2.0, -1.0, 2.0, 1.0, 2.0, 0.0, 2.0, 1.0, 0.0, 3.0, 2.0, -1.0, 1.0, 1.0, 1.0, 1.0, -1.0, 2.0, 2.0, 0.0, -1.0, 3.0, 2.0, -1.0, -1.0, 0.0, 2.0, 3.0, 1.0, -1.0, 1.0, -1.0, 1.0, 2.0, 1.0, 3.0, 2.0, 0.0, -1.0, 545.0, 99435.0
3.0, 1.0, 0.0, -1.0, -1.0, 3.0, 3.0, 2.0, 2.0, 1.0, 0.0, 1.0, -1.0, 1.0, 2.0, 1.0, 1.0, 0.0, 3.0, 3.0, -1.0, 1.0, 3.0, 2.0, 3.0, 0.0, 1.0, 3.0, 0.0, 0.0, 0.0, -1.0, 1.0, 3.0, 2.0, 2.0, 2.0, 3.0, 0.0, 0.0, 0.0, 0.0, 0.0, 0.0, 0.0, -1.0, 1.0, 1.0, -1.0, 2.0, 607.0, 99380.0
3.0, 1.0, 0.0, -1.0, -1.0, 3.0, 3.0, 2.0, 2.0, 1.0, 0.0, 1.0, -1.0, 1.0, 2.0, 1.0, 1.0, 0.0, 2.0, 3.0, -1.0, 1.0, 3.0, 2.0, 3.0, 0.0, 1.0, 3.0, 0.0, 2.0, 0.0, 0.0, 1.0, 3.0, 2.0, 2.0, 2.0, 3.0, 3.0, 0.0, 0.0, 0.0, -1.0, 0.0, 0.0, -1.0, 1.0, 1.0, -1.0, 2.0, 610.0, 99377.0
-1.0, 0.0, 0.0, 0.0, -1.0, 1.0, 2.0, 0.0, -1.0, -1.0, 0.0, 2.0, 2.0, 2.0, 1.0, 2.0, 0.0, 2.0, 1.0, 0.0, 3.0, 1.0, -1.0, 1.0, 1.0, 1.0, 1.0, -1.0, 2.0, 2.0, 0.0, -1.0, 3.0, 2.0, -1.0, -1.0, 0.0, 2.0, 3.0, 1.0, -1.0, 1.0, -1.0, 1.0, 2.0, 1.0, 1.0, 2.0, -1.0, -1.0, 513.0, 99474.0
1.0, 1.0, 0.0, 2.0, -1.0, 3.0, -1.0, -1.0, 3.0, -1.0, 0.0, 2.0, -1.0, 1.0, 2.0, -1.0, -1.0, 2.0, 0.0, 0.0, 3.0, -1.0, 2.0, 0.0, -1.0, 0.0, 0.0, 0.0, 1.0, -1.0, 1.0, 0.0, 1.0, 3.0, 2.0, 0.0, 1.0, 2.0, 3.0, 2.0, -1.0, -1.0, 2.0, 2.0, 2.0, 0.0, 0.0, 1.0, 3.0, -1.0, 528.0, 99470.0
3.0, 1.0, 0.0, -1.0, -1.0, 3.0, 3.0, 2.0, 2.0, 1.0, 0.0, 1.0, -1.0, 1.0, 2.0, 1.0, 1.0, 1.0, 2.0, 3.0, -1.0, 1.0, 3.0, 2.0, 3.0, 0.0, 1.0, 3.0, 0.0, 0.0, 0.0, 0.0, 1.0, 3.0, 2.0, 2.0, 2.0, 3.0, 0.0, 0.0, -1.0, 0.0, 0.0, 0.0, 0.0, -1.0, 1.0, 1.0, -1.0, 2.0, 611.0, 99376.0
1.0, 1.0, 0.0, 2.0, -1.0, 3.0, -1.0, -1.0, 3.0, -1.0, 0.0, 2.0, -1.0, 1.0, -1.0, -1.0, 1.0, 2.0, 0.0, 0.0, 1.0, -1.0, 2.0, 0.0, -1.0, 0.0, 0.0, 0.0, 1.0, -1.0, 1.0, 1.0, 1.0, 3.0, 2.0, 0.0, 1.0, 2.0, 3.0, 2.0, -1.0, -1.0, 2.0, 2.0, 2.0, 0.0, 0.0, 1.0, 0.0, -1.0, 530.0, 99468.0
-1.0, 1.0, 3.0, 1.0, -1.0, 2.0, 3.0, 1.0, 0.0, 2.0, 0.0, 2.0, 2.0, 0.0, 1.0, -1.0, 1.0, 3.0, -1.0, 0.0, 3.0, 2.0, 1.0, 2.0, 2.0, 1.0, 0.0, 0.0, 3.0, 1.0, 3.0, 0.0, 0.0, 2.0, 1.0, -1.0, 2.0, 3.0, 2.0, 0.0, -1.0, 1.0, 1.0, 1.0, 3.0, -1.0, 1.0, 1.0, 3.0, 3.0, 605.0, 99381.0
-1.0, 1.0, 3.0, 1.0, -1.0, 2.0, 3.0, 1.0, 0.0, 2.0, 0.0, 0.0, 2.0, 0.0, 1.0, 2.0, 1.0, 3.0, 3.0, 0.0, 3.0, 2.0, 1.0, 2.0, 2.0, 1.0, 1.0, 0.0, 3.0, 1.0, 3.0, 0.0, 0.0, 2.0, 1.0, -1.0, 2.0, 3.0, 2.0, 0.0, -1.0, 1.0, 1.0, -1.0, 3.0, -1.0, 1.0, 1.0, 0.0, 3.0, 618.0, 99370.0
3.0, 1.0, 0.0, -1.0, -1.0, 1.0, 3.0, 2.0, 2.0, 1.0, 0.0, 1.0, -1.0, 1.0, 2.0, 1.0, 1.0, 0.0, 2.0, 3.0, -1.0, 1.0, 3.0, 2.0, 3.0, 0.0, 1.0, 3.0, 0.0, 2.0, 0.0, 0.0, 1.0, 2.0, 2.0, 2.0, 2.0, 3.0, 3.0, 0.0, 0.0, 0.0, -1.0, 0.0, 0.0, -1.0, 1.0, 1.0, -1.0, 2.0, 610.0, 99377.0
-1.0, 0.0, 0.0, 0.0, -1.0, 3.0, 2.0, 0.0, -1.0, -1.0, 0.0, 2.0, 2.0, 2.0, 1.0, 2.0, 0.0, 2.0, 1.0, 0.0, 3.0, 1.0, -1.0, 1.0, 1.0, 1.0, 1.0, -1.0, 2.0, 2.0, 0.0, -1.0, 3.0, 3.0, -1.0, -1.0, 0.0, 2.0, 3.0, 1.0, -1.0, 1.0, -1.0, 1.0, 2.0, 1.0, 1.0, 2.0, -1.0, -1.0, 513.0, 99474.0
-1.0, 1.0, 3.0, 1.0, -1.0, 2.0, 3.0, 1.0, 0.0, 2.0, 0.0, 2.0, 2.0, 0.0, 1.0, -1.0, 1.0, 3.0, -1.0, 0.0, 3.0, 2.0, 1.0, 2.0, 2.0, 1.0, 0.0, 0.0, 3.0, 1.0, 3.0, 0.0, 0.0, 2.0, 1.0, -1.0, 2.0, 3.0, 2.0, 0.0, -1.0, 1.0, 1.0, 1.0, 3.0, -1.0, 1.0, 1.0, 0.0, 3.0, 605.0, 99381.0
0.0, 0.0, 3.0, 0.0, -1.0, 1.0, 2.0, 0.0, 3.0, -1.0, 0.0, 2.0, -1.0, 2.0, 1.0, 2.0, 0.0, 2.0, 1.0, 0.0, 3.0, 2.0, -1.0, 1.0, 1.0, 1.0, 1.0, -1.0, 2.0, 2.0, 0.0, -1.0, 3.0, 2.0, -1.0, -1.0, 0.0, 2.0, 3.0, 1.0, -1.0, 1.0, -1.0, 1.0, 2.0, 1.0, 3.0, 2.0, 0.0, -1.0, 545.0, 99435.0
0.0, 0.0, 0.0, 0.0, -1.0, 1.0, 2.0, 0.0, -1.0, -1.0, 0.0, 2.0, 2.0, 2.0, 1.0, 2.0, 0.0, 3.0, 3.0, 0.0, -1.0, 2.0, -1.0, 1.0, 1.0, 1.0, 1.0, -1.0, 2.0, 2.0, 0.0, -1.0, 3.0, 2.0, -1.0, -1.0, 0.0, 2.0, 3.0, 1.0, -1.0, 1.0, -1.0, 1.0, 2.0, 1.0, 3.0, 2.0, 0.0, -1.0, 539.0, 99452.0
1.0, 1.0, 0.0, 2.0, -1.0, 3.0, -1.0, 0.0, 3.0, -1.0, 0.0, 2.0, -1.0, 1.0, 2.0, -1.0, -1.0, 2.0, 0.0, 0.0, 1.0, -1.0, 2.0, 0.0, -1.0, 0.0, 0.0, 0.0, 1.0, -1.0, 1.0, 2.0, 1.0, 3.0, 2.0, 0.0, 1.0, 2.0, 3.0, 0.0, -1.0, -1.0, 2.0, 2.0, 2.0, 0.0, 0.0, 3.0, 3.0, -1.0, 542.0, 99448.0
-1.0, 1.0, 3.0, 1.0, -1.0, 2.0, 3.0, 1.0, 0.0, 2.0, 0.0, 2.0, 2.0, 0.0, 1.0, -1.0, 1.0, 3.0, 3.0, 0.0, 3.0, 2.0, 1.0, 2.0, 2.0, 0.0, 1.0, 0.0, 3.0, 1.0, 3.0, 0.0, 0.0, 2.0, 1.0, -1.0, 2.0, 3.0, 2.0, 0.0, 0.0, 1.0, 1.0, -1.0, 3.0, -1.0, 1.0, 1.0, 0.0, 3.0, 615.0, 99372.0
3.0, 1.0, 0.0, -1.0, -1.0, 3.0, 3.0, 2.0, 2.0, 1.0, 0.0, 1.0, -1.0, 1.0, 2.0, 1.0, 1.0, 0.0, 0.0, 0.0, -1.0, 1.0, 3.0, 2.0, 3.0, 0.0, 1.0, 3.0, 0.0, 2.0, 0.0, 0.0, 1.0, 3.0, 2.0, 2.0, 2.0, 3.0, 3.0, 0.0, 0.0, 0.0, -1.0, 0.0, 0.0, -1.0, 1.0, 1.0, -1.0, 2.0, 610.0, 99377.0
1.0, 1.0, 0.0, -1.0, -1.0, 3.0, 3.0, 2.0, 2.0, 1.0, 0.0, 1.0, -1.0, 1.0, 2.0, 1.0, 1.0, 2.0, 2.0, 3.0, -1.0, 1.0, 2.0, 2.0, 3.0, 0.0, 1.0, 3.0, 0.0, 0.0, 0.0, 0.0, 1.0, 3.0, 2.0, 2.0, 2.0, 3.0, 0.0, 0.0, -1.0, 0.0, 0.0, 0.0, 0.0, -1.0, 1.0, 1.0, -1.0, 2.0, 611.0, 99376.0
3.0, 1.0, 0.0, 2.0, -1.0, 3.0, -1.0, -1.0, 3.0, -1.0, 0.0, 2.0, -1.0, 1.0, -1.0, -1.0, 1.0, 1.0, 0.0, 0.0, 1.0, -1.0, 3.0, 0.0, -1.0, 0.0, 0.0, 0.0, 1.0, -1.0, 1.0, 1.0, 1.0, 3.0, 2.0, 0.0, 1.0, 2.0, 3.0, 2.0, -1.0, -1.0, 2.0, 2.0, 2.0, 0.0, 0.0, 1.0, 3.0, -1.0, 530.0, 99468.0
0.0, 0.0, 3.0, 0.0, -1.0, 1.0, 2.0, 0.0, 3.0, -1.0, 0.0, 2.0, 2.0, 2.0, 1.0, 2.0, 0.0, 2.0, 1.0, 0.0, 3.0, 2.0, -1.0, 1.0, 1.0, 1.0, 1.0, -1.0, 2.0, 2.0, 0.0, -1.0, 3.0, 2.0, -1.0, -1.0, 0.0, 2.0, 3.0, 1.0, -1.0, 1.0, -1.0, 1.0, 2.0, 1.0, 3.0, 2.0, 0.0, 3.0, 573.0, 99413.0
1.0, 1.0, 0.0, 2.0, -1.0, 3.0, -1.0, 0.0, 3.0, -1.0, 0.0, 2.0, -1.0, 1.0, 2.0, -1.0, -1.0, 2.0, 0.0, 0.0, 1.0, -1.0, 2.0, 0.0, -1.0, 0.0, 0.0, 0.0, 1.0, -1.0, 1.0, 2.0, 1.0, 3.0, 2.0, 0.0, 1.0, 2.0, 3.0, 2.0, -1.0, -1.0, 2.0, 2.0, 2.0, 0.0, 0.0, 3.0, 3.0, -1.0, 542.0, 99448.0
-1.0, 3.0, 2.0, 3.0, 3.0, 3.0, 1.0, -1.0, 0.0, 2.0, 2.0, 1.0, 0.0, 0.0, -1.0, 2.0, 2.0, 0.0, 2.0, 1.0, 0.0, -1.0, 2.0, 2.0, 1.0, 3.0, 2.0, -1.0, 0.0, 0.0, 0.0, 3.0, 0.0, -1.0, 2.0, -1.0, 2.0, 2.0, 0.0, 0.0, -1.0, -1.0, -1.0, 2.0, 0.0, 0.0, -1.0, 3.0, 2.0, -1.0, 536.0, 99459.0
-1.0, 3.0, 2.0, 3.0, 3.0, 3.0, 1.0, -1.0, 0.0, 2.0, 2.0, 1.0, 0.0, 0.0, -1.0, 2.0, 2.0, 1.0, 2.0, 1.0, 0.0, -1.0, 2.0, 2.0, 1.0, 3.0, 1.0, -1.0, 0.0, 0.0, 2.0, 3.0, 0.0, -1.0, 2.0, -1.0, 0.0, 2.0, 3.0, 0.0, -1.0, -1.0, -1.0, 2.0, 0.0, 0.0, -1.0, 3.0, 2.0, -1.0, 536.0, 99459.0
-1.0, 0.0, 0.0, 0.0, -1.0, 1.0, 2.0, 0.0, -1.0, -1.0, 0.0, 2.0, 2.0, 2.0, 1.0, 2.0, 0.0, 2.0, 1.0, 0.0, 3.0, 0.0, -1.0, 1.0, 1.0, 1.0, 1.0, -1.0, 2.0, 2.0, 0.0, -1.0, 3.0, 2.0, -1.0, -1.0, 2.0, 2.0, 3.0, 1.0, -1.0, 1.0, -1.0, 1.0, 2.0, 1.0, 3.0, 2.0, 0.0, -1.0, 531.0, 99462.0
-1.0, 0.0, 0.0, 0.0, -1.0, 1.0, 2.0, 0.0, -1.0, -1.0, 0.0, 2.0, 2.0, 2.0, 1.0, 2.0, 0.0, 2.0, 1.0, 0.0, 3.0, 1.0, -1.0, 1.0, 1.0, 1.0, 1.0, -1.0, 2.0, 2.0, 0.0, -1.0, 3.0, 2.0, -1.0, -1.0, 0.0, 2.0, 3.0, 1.0, -1.0, 1.0, -1.0, 1.0, 0.0, 1.0, 3.0, 2.0, 0.0, -1.0, 531.0, 99462.0
-1.0, 3.0, 2.0, 3.0, 3.0, 3.0, 1.0, -1.0, 0.0, 2.0, 2.0, 1.0, 0.0, 0.0, -1.0, 2.0, 2.0, 1.0, 1.0, 1.0, 0.0, -1.0, 2.0, 2.0, 1.0, 3.0, 2.0, -1.0, 0.0, 0.0, 2.0, 3.0, 0.0, -1.0, 2.0, -1.0, 2.0, 2.0, 3.0, 0.0, -1.0, -1.0, -1.0, 2.0, 0.0, 0.0, -1.0, 3.0, 2.0, -1.0, 536.0, 99459.0
3.0, 1.0, 0.0, -1.0, -1.0, 3.0, 3.0, 2.0, 2.0, 1.0, 0.0, 1.0, -1.0, 1.0, 2.0, 1.0, 1.0, 0.0, 2.0, 3.0, -1.0, 1.0, 3.0, 2.0, 3.0, 0.0, 1.0, 3.0, 0.0, 2.0, 0.0, 0.0, 1.0, 3.0, 2.0, 2.0, 2.0, 3.0, 2.0, 0.0, 0.0, 0.0, 0.0, 0.0, 2.0, -1.0, 1.0, 1.0, -1.0, 2.0, 626.0, 99365.0
-1.0, 1.0, 3.0, 1.0, -1.0, 2.0, 3.0, 1.0, 0.0, 2.0, 0.0, 2.0, 2.0, 0.0, 1.0, -1.0, 1.0, 3.0, 3.0, 0.0, 3.0, 2.0, 1.0, 2.0, 2.0, 1.0, 1.0, 0.0, 3.0, 1.0, 3.0, 0.0, 0.0, 2.0, 1.0, -1.0, 2.0, 3.0, 2.0, 0.0, -1.0, 1.0, -1.0, -1.0, 3.0, -1.0, 1.0, 1.0, 0.0, 3.0, 584.0, 99395.0
3.0, 1.0, 0.0, -1.0, -1.0, 3.0, 3.0, 2.0, 2.0, 1.0, 0.0, 1.0, -1.0, 1.0, 2.0, 1.0, 1.0, 0.0, 2.0, 3.0, -1.0, 1.0, 3.0, 2.0, 3.0, 0.0, 1.0, 3.0, 0.0, 2.0, 0.0, 0.0, 1.0, 3.0, 2.0, 2.0, 2.0, 3.0, 0.0, 0.0, 0.0, 0.0, 0.0, 3.0, 0.0, -1.0, 1.0, 1.0, -1.0, 2.0, 626.0, 99365.0
2.0, 0.0, 0.0, 0.0, -1.0, 0.0, 3.0, 1.0, 1.0, 2.0, 3.0, 1.0, 0.0, -1.0, 2.0, 0.0, 1.0, 1.0, 1.0, 2.0, 3.0, 1.0, 2.0, 1.0, 2.0, 3.0, 0.0, 0.0, 0.0, 3.0, 1.0, -1.0, 1.0, 3.0, 1.0, 3.0, 1.0, 0.0, 0.0, 2.0, 2.0, 1.0, 0.0, 2.0, 2.0, -1.0, 2.0, 2.0, 2.0, 3.0, 656.0, 99341.0
1.0, 1.0, 0.0, 2.0, -1.0, 3.0, -1.0, 0.0, 3.0, -1.0, 0.0, 2.0, -1.0, 1.0, 2.0, -1.0, -1.0, 2.0, 0.0, 0.0, 1.0, -1.0, 2.0, 0.0, -1.0, 0.0, 0.0, 0.0, 1.0, -1.0, 1.0, 2.0, 1.0, 3.0, 2.0, 0.0, 1.0, 2.0, 3.0, 2.0, -1.0, -1.0, 2.0, 2.0, 2.0, 0.0, 0.0, 1.0, 3.0, -1.0, 542.0, 99448.0
-1.0, 0.0, 0.0, 0.0, -1.0, 1.0, 2.0, 0.0, -1.0, -1.0, 0.0, 2.0, 2.0, 2.0, 1.0, 2.0, 0.0, 2.0, 1.0, 0.0, 3.0, 1.0, -1.0, 1.0, 1.0, 1.0, 1.0, -1.0, 2.0, 2.0, 0.0, -1.0, 3.0, 2.0, -1.0, -1.0, 0.0, 2.0, 3.0, 1.0, -1.0, 1.0, -1.0, 1.0, 2.0, 1.0, 3.0, 2.0, 0.0, -1.0, 531.0, 99462.0
3.0, 1.0, 0.0, -1.0, -1.0, 1.0, 3.0, 2.0, 2.0, 1.0, 0.0, 1.0, -1.0, 1.0, 2.0, 1.0, 1.0, 0.0, 2.0, 3.0, -1.0, 1.0, 3.0, 2.0, 3.0, 0.0, 1.0, 3.0, 0.0, 2.0, 0.0, 0.0, 1.0, 3.0, 2.0, -1.0, 2.0, 3.0, 3.0, 0.0, 0.0, 0.0, -1.0, 0.0, 0.0, -1.0, 1.0, 1.0, -1.0, 2.0, 591.0, 99388.0
3.0, 1.0, 0.0, -1.0, -1.0, 3.0, 3.0, 2.0, 2.0, 1.0, 0.0, 1.0, 2.0, 1.0, 2.0, 1.0, 1.0, 1.0, 2.0, 3.0, -1.0, 1.0, 3.0, 2.0, 3.0, 0.0, 1.0, 3.0, 0.0, 0.0, 0.0, 0.0, 1.0, 3.0, 2.0, 2.0, 2.0, 3.0, 0.0, 0.0, -1.0, 0.0, 0.0, 0.0, 0.0, -1.0, 3.0, 1.0, -1.0, 2.0, 627.0, 99363.0
-1.0, 1.0, 3.0, 1.0, -1.0, 2.0, 3.0, 1.0, 0.0, 2.0, 0.0, 2.0, -1.0, 0.0, 1.0, -1.0, 1.0, 3.0, -1.0, 0.0, 3.0, 2.0, 1.0, 2.0, 2.0, 1.0, 0.0, 0.0, 3.0, 2.0, 3.0, 0.0, 0.0, 2.0, 1.0, -1.0, 2.0, 3.0, 2.0, 0.0, -1.0, 1.0, 1.0, -1.0, 3.0, -1.0, 1.0, 1.0, 0.0, 3.0, 574.0, 99412.0
-1.0, 1.0, 3.0, 1.0, -1.0, 2.0, 3.0, 1.0, 0.0, 2.0, 0.0, 2.0, 2.0, 0.0, 1.0, -1.0, 1.0, 3.0, -1.0, 0.0, 3.0, 2.0, 1.0, 2.0, 2.0, 1.0, 0.0, 0.0, 3.0, 1.0, 3.0, 0.0, 0.0, 2.0, 1.0, -1.0, 2.0, 3.0, 2.0, 0.0, -1.0, 1.0, 1.0, 1.0, 3.0, -1.0, 1.0, 1.0, 0.0, 3.0, 605.0, 99381.0
0.0, 0.0, 3.0, 0.0, -1.0, 1.0, 2.0, 0.0, 3.0, -1.0, 0.0, 2.0, -1.0, 2.0, 1.0, 2.0, 0.0, 2.0, 1.0, 0.0, 3.0, 2.0, -1.0, 1.0, 1.0, 1.0, 1.0, -1.0, 2.0, 2.0, 0.0, -1.0, 3.0, 2.0, -1.0, -1.0, 0.0, 2.0, 3.0, 1.0, -1.0, 1.0, -1.0, 1.0, 2.0, 1.0, 3.0, 2.0, 0.0, -1.0, 545.0, 99435.0
3.0, 1.0, 0.0, -1.0, -1.0, 3.0, 3.0, 2.0, 2.0, 1.0, 0.0, 1.0, -1.0, 1.0, 2.0, 1.0, 1.0, 0.0, 3.0, 3.0, -1.0, 1.0, 3.0, 2.0, 3.0, 0.0, 1.0, 3.0, 0.0, 0.0, 0.0, -1.0, 1.0, 3.0, 2.0, 2.0, 2.0, 3.0, 0.0, 0.0, 0.0, 0.0, 0.0, 0.0, 0.0, -1.0, 1.0, 1.0, -1.0, 2.0, 607.0, 99380.0
2.0, 3.0, 0.0, 1.0, 1.0, 2.0, 1.0, 1.0, 1.0, 2.0, -1.0, 0.0, 0.0, 2.0, 2.0, 2.0, 2.0, 3.0, 3.0, 3.0, -1.0, 2.0, 3.0, 2.0, 1.0, 0.0, 0.0, 3.0, 0.0, 2.0, 3.0, 1.0, 1.0, 1.0, 0.0, 2.0, 3.0, 0.0, 0.0, 2.0, 1.0, 1.0, 3.0, 3.0, 2.0, 1.0, 0.0, 0.0, 3.0, 3.0, 697.0, 99321.0
-1.0, 0.0, 0.0, 0.0, -1.0, 1.0, 1.0, 0.0, -1.0, -1.0, 0.0, 2.0, 2.0, 2.0, 1.0, 2.0, 0.0, 2.0, 1.0, 0.0, 3.0, 1.0, -1.0, 1.0, 1.0, 1.0, 1.0, -1.0, 2.0, 2.0, 0.0, -1.0, 3.0, 2.0, -1.0, -1.0, 0.0, 2.0, 3.0, 1.0, -1.0, 1.0, -1.0, 1.0, 2.0, 1.0, 3.0, 2.0, 0.0, -1.0, 531.0, 99462.0
2.0, 0.0, 0.0, 0.0, -1.0, 0.0, 3.0, 1.0, 1.0, 2.0, 3.0, 1.0, 0.0, -1.0, 2.0, 0.0, 1.0, 3.0, 1.0, 2.0, 2.0, 1.0, 2.0, 1.0, 2.0, 3.0, 0.0, 0.0, 1.0, 3.0, 1.0, 0.0, 1.0, 3.0, 1.0, 3.0, 1.0, 0.0, 0.0, 2.0, 2.0, 1.0, 0.0, 2.0, 2.0, -1.0, 2.0, 2.0, 2.0, 3.0, 675.0, 99326.0
1.0, 1.0, 0.0, 2.0, -1.0, 3.0, -1.0, 0.0, 3.0, -1.0, 0.0, 2.0, -1.0, 1.0, 2.0, -1.0, -1.0, 2.0, 0.0, 0.0, 1.0, -1.0, 2.0, 0.0, -1.0, 0.0, 0.0, 0.0, 1.0, -1.0, 1.0, 2.0, 1.0, 3.0, 2.0, 0.0, 1.0, 2.0, 3.0, 2.0, -1.0, -1.0, 2.0, 2.0, 2.0, 0.0, 0.0, 3.0, 3.0, -1.0, 542.0, 99448.0
