1.0, 2.0, 0.0, -1.0, 2.0, 1.0, 1.0, 0.0, 0.0, 2.0, 3.0, 1.0, -1.0, 2.0, 3.0, 2.0, 0.0, 3.0, -1.0, 3.0, 0.0, 1.0, 0.0, -1.0, -1.0, 0.0, 1.0, -1.0, 1.0, 3.0, -1.0, 2.0, 2.0, 2.0, -1.0, 1.0, -1.0, 2.0, -1.0, 0.0, 0.0, 1.0, 3.0, 1.0, 0.0, 2.0, -1.0, 0.0, -1.0, 1.0, 95624.0, 537.0
1.0, 1.0, 1.0, 3.0, 1.0, 3.0, 3.0, 2.0, -1.0, -1.0, 1.0, 3.0, 2.0, 0.0, 3.0, -1.0, 0.0, 3.0, 0.0, 3.0, 0.0, 3.0, 2.0, 2.0, 2.0, 1.0, 1.0, 1.0, 0.0, 0.0, -1.0, 1.0, -1.0, 3.0, 2.0, 0.0, 1.0, 2.0, 3.0, -1.0, 2.0, 1.0, 0.0, 2.0, 0.0, 2.0, 0.0, 2.0, 0.0, -1.0, 95241.0, 612.0
-1.0, 1.0, -1.0, 0.0, 1.0, 2.0, 2.0, 0.0, -1.0, 0.0, 0.0, 2.0, -1.0, 3.0, -1.0, 2.0, 2.0, 1.0, 2.0, -1.0, -1.0, -1.0, 1.0, -1.0, 3.0, 1.0, 0.0, 3.0, 3.0, -1.0, 0.0, -1.0, -1.0, 2.0, 2.0, 1.0, 1.0, 1.0, 0.0, 2.0, 0.0, -1.0, -1.0, 1.0, 0.0, 1.0, 1.0, 1.0, 3.0, 2.0, 95805.0, 507.0
3.0, 3.0, 0.0, -1.0, 1.0, 0.0, 1.0, 0.0, 1.0, -1.0, 0.0, 0.0, -1.0, 3.0, 2.0, -1.0, 2.0, 1.0, 1.0, 1.0, 0.0, 3.0, -1.0, 3.0, -1.0, 1.0, 3.0, 0.0, 1.0, 1.0, 2.0, -1.0, 3.0, 2.0, 2.0, -1.0, -1.0, 3.0, 2.0, 2.0, 1.0, 1.0, -1.0, 2.0, 0.0, 0.0, 3.0, 2.0, -1.0, 0.0, 95459.0, 547.0
1.0, 2.0, 0.0, 2.0, 0.0, 3.0, -1.0, 2.0, -1.0, 3.0, 0.0, 2.0, -1.0, 0.0, -1.0, 2.0, -1.0, 1.0, -1.0, 1.0, 1.0, 0.0, 1.0, 2.0, -1.0, 1.0, 0.0, 2.0, 2.0, -1.0, -1.0, -1.0, -1.0, 1.0, 1.0, 3.0, 3.0, 3.0, 3.0, 0.0, 1.0, -1.0, -1.0, -1.0, -1.0, 1.0, 0.0, 0.0, 0.0, -1.0, 96000.0, 477.0
2.0, -1.0, 2.0, 1.0, 3.0, 3.0, 3.0, 3.0, -1.0, -1.0, 0.0, -1.0, 2.0, 1.0, -1.0, -1.0, 1.0, -1.0, 0.0, 0.0, 2.0, 2.0, 0.0, 2.0, 1.0, 0.0, -1.0, -1.0, 1.0, 1.0, 2.0, 1.0, 1.0, 3.0, 0.0, 2.0, -1.0, 3.0, 0.0, 3.0, 1.0, 0.0, 3.0, 3.0, -1.0, 0.0, -1.0, -1.0, 2.0, 1.0, 95726.0, 518.0
0.0, 1.0, -1.0, 3.0, 0.0, 3.0, 1.0, -1.0, -1.0, 0.0, 0.0, -1.0, 0.0, 0.0, 2.0, 3.0, -1.0, 2.0, -1.0, -1.0, 1.0, 2.0, -1.0, 1.0, -1.0, -1.0, 3.0, 0.0, 1.0, 3.0, 0.0, -1.0, 2.0, 1.0, 1.0, 1.0, 2.0, 2.0, -1.0, 3.0, 0.0, 2.0, -1.0, 0.0, 1.0, 2.0, 3.0, 1.0, 0.0, 2.0, 95676.0, 534.0
3.0, 3.0, 2.0, 3.0, -1.0, -1.0, 2.0, 2.0, 3.0, 1.0, -1.0, 1.0, -1.0, 1.0, -1.0, -1.0, -1.0, -1.0, -1.0, -1.0, 0.0, -1.0, 1.0, -1.0, -1.0, 3.0, 3.0, -1.0, 2.0, 2.0, -1.0, 2.0, 0.0, 0.0, -1.0, -1.0, 0.0, 2.0, -1.0, 1.0, 0.0, 0.0, 0.0, 0.0, -1.0, 2.0, 0.0, 0.0, 1.0, 0.0, 96446.0, 437.0
1.0, 1.0, 1.0, 3.0, 1.0, 3.0, 3.0, 2.0, -1.0, -1.0, 1.0, 3.0, 2.0, 0.0, 3.0, -1.0, 0.0, 3.0, 0.0, 3.0, 0.0, 3.0, 2.0, 2.0, 2.0, 1.0, 1.0, 1.0, 0.0, 0.0, -1.0, 1.0, -1.0, 3.0, 2.0, 0.0, 1.0, 2.0, 3.0, -1.0, 2.0, 1.0, 0.0, 2.0, 0.0, 2.0, 0.0, 2.0, 0.0, -1.0, 95241.0, 612.0
-1.0, 1.0, -1.0, 0.0, 1.0, 2.0, 2.0, 0.0, -1.0, 0.0, 0.0, 2.0, -1.0, 3.0, -1.0, 2.0, 2.0, 1.0, 2.0, -1.0, -1.0, -1.0, 1.0, -1.0, 3.0, 1.0, 0.0, 3.0, 3.0, -1.0, 0.0, -1.0, -1.0, 2.0, 2.0, 1.0, 1.0, 1.0, 0.0, 2.0, 0.0, -1.0, -1.0, 1.0, 0.0, 1.0, 1.0, 1.0, 3.0, 2.0, 95805.0, 507.0
3.0, 3.0, 0.0, -1.0, 1.0, 0.0, 1.0, 0.0, 1.0, -1.0, 0.0, 0.0, -1.0, 3.0, 2.0, -1.0, 2.0, 1.0, 1.0, 1.0, 0.0, 3.0, -1.0, 3.0, -1.0, 1.0, 3.0, 0.0, 1.0, 1.0, 2.0, -1.0, 3.0, 2.0, 2.0, -1.0, -1.0, 3.0, 2.0, 2.0, 1.0, 1.0, -1.0, 2.0, 0.0, 0.0, 3.0, 2.0, -1.0, 0.0, 95459.0, 547.0
2.0, -1.0, 2.0, 1.0, 3.0, 3.0, 3.0, 3.0, -1.0, -1.0, 0.0, -1.0, 2.0, 1.0, -1.0, -1.0, 1.0, -1.0, 0.0, 0.0, 2.0, 2.0, 0.0, 2.0, 1.0, 0.0, -1.0, -1.0, 1.0, 1.0, 2.0, 1.0, 1.0, 3.0, 0.0, 2.0, -1.0, 3.0, 0.0, 3.0, 1.0, 0.0, 3.0, 3.0, -1.0, 0.0, -1.0, -1.0, 2.0, 1.0, 95726.0, 518.0
3.0, 3.0, 2.0, 3.0, -1.0, -1.0, 2.0, 2.0, 3.0, 1.0, -1.0, 1.0, -1.0, 1.0, -1.0, -1.0, -1.0, -1.0, -1.0, 2.0, 0.0, -1.0, 1.0, -1.0, -1.0, 3.0, 3.0, -1.0, 2.0, 2.0, -1.0, 2.0, 0.0, 0.0, -1.0, -1.0, 0.0, 2.0, -1.0, 1.0, 0.0, 0.0, 0.0, 0.0, -1.0, 2.0, 0.0, 0.0, 1.0, 0.0, 96348.0, 455.0
-1.0, 3.0, -1.0, -1.0, 1.0, 0.0, 1.0, -1.0, 0.0, -1.0, -1.0, 3.0, 0.0, 3.0, 0.0, 2.0, 1.0, 3.0, 2.0, 2.0, 3.0, 0.0, 0.0, 1.0, -1.0, 2.0, 2.0, -1.0, 2.0, 2.0, -1.0, 1.0, 3.0, -1.0, 1.0, 1.0, -1.0, -1.0, -1.0, -1.0, 1.0, 2.0, 1.0, -1.0, -1.0, 2.0, 1.0, -1.0, 2.0, 0.0, 96543.0, 463.0
-1.0, 3.0, -1.0, -1.0, 1.0, 0.0, 1.0, -1.0, 0.0, -1.0, -1.0, 3.0, 0.0, 3.0, 0.0, 2.0, 1.0, 3.0, 2.0, 2.0, 3.0, 0.0, 0.0, 1.0, -1.0, 2.0, 2.0, -1.0, 2.0, 2.0, -1.0, 1.0, 3.0, -1.0, 1.0, 1.0, -1.0, -1.0, -1.0, -1.0, 1.0, 2.0, 1.0, -1.0, -1.0, 2.0, 1.0, -1.0, 2.0, 0.0, 96543.0, 463.0
1.0, 2.0, 0.0, 2.0, 0.0, 3.0, -1.0, 2.0, -1.0, 3.0, 0.0, 2.0, -1.0, 0.0, -1.0, 2.0, -1.0, 1.0, -1.0, 1.0, 1.0, 0.0, 1.0, 2.0, -1.0, 1.0, 0.0, 2.0, 2.0, -1.0, -1.0, -1.0, -1.0, 1.0, 1.0, 3.0, 3.0, 3.0, 3.0, 0.0, -1.0, -1.0, 3.0, -1.0, -1.0, 1.0, 0.0, 0.0, 0.0, -1.0, 96069.0, 485.0
1.0, 2.0, -1.0, 0.0, 1.0, -1.0, 2.0, -1.0, 0.0, 2.0, 3.0, 3.0, 1.0, 2.0, -1.0, 0.0, 0.0, 0.0, 3.0, 3.0, 1.0, -1.0, 1.0, 3.0, -1.0, -1.0, 2.0, -1.0, 0.0, -1.0, 1.0, 2.0, -1.0, 2.0, 2.0, 3.0, 1.0, 1.0, 2.0, -1.0, 2.0, 1.0, -1.0, 0.0, -1.0, 0.0, -1.0, 3.0, -1.0, 0.0, 96094.0, 503.0
2.0, 3.0, 0.0, 1.0, 2.0, 2.0, 2.0, 3.0, -1.0, -1.0, 1.0, 0.0, -1.0, 0.0, 0.0, 3.0, 1.0, -1.0, 0.0, 2.0, 1.0, 2.0, -1.0, -1.0, -1.0, 1.0, 1.0, 0.0, 2.0, 1.0, 0.0, 1.0, -1.0, -1.0, 0.0, 2.0, 3.0, -1.0, -1.0, 2.0, 1.0, -1.0, 0.0, 3.0, 2.0, -1.0, -1.0, 3.0, -1.0, 0.0, 95830.0, 509.0
1.0, 2.0, -1.0, 0.0, 1.0, -1.0, 2.0, -1.0, 0.0, 2.0, 3.0, 3.0, 2.0, 2.0, -1.0, 0.0, 0.0, 0.0, 3.0, 3.0, 1.0, -1.0, 1.0, 3.0, -1.0, -1.0, 2.0, -1.0, 0.0, -1.0, 1.0, 2.0, -1.0, 2.0, 2.0, 3.0, 1.0, 1.0, 2.0, -1.0, 2.0, 1.0, -1.0, 0.0, -1.0, 0.0, -1.0, 3.0, -1.0, 0.0, 96137.0, 503.0
0.0, 1.0, -1.0, 3.0, 0.0, 3.0, 1.0, -1.0, -1.0, 0.0, 0.0, -1.0, 0.0, 0.0, -1.0, 3.0, -1.0, 2.0, -1.0, -1.0, 1.0, 2.0, -1.0, 1.0, -1.0, -1.0, 3.0, 0.0, 1.0, 3.0, 0.0, -1.0, 2.0, 1.0, 1.0, 1.0, 2.0, 2.0, -1.0, 3.0, 0.0, 2.0, -1.0, 0.0, 1.0, 2.0, 3.0, 1.0, 0.0, 2.0, 95730.0, 520.0
2.0, -1.0, -1.0, 1.0, 1.0, 1.0, 3.0, 2.0, 2.0, 1.0, -1.0, -1.0, 0.0, 0.0, 2.0, 0.0, 0.0, -1.0, 3.0, 3.0, 1.0, 0.0, -1.0, 0.0, -1.0, 1.0, 2.0, 2.0, -1.0, -1.0, 3.0, 1.0, 2.0, -1.0, 1.0, -1.0, -1.0, 3.0, 3.0, 2.0, 3.0, 0.0, -1.0, 3.0, 0.0, 0.0, -1.0, -1.0, 0.0, 3.0, 95977.0, 508.0
2.0, -1.0, -1.0, 1.0, 1.0, 1.0, 3.0, 2.0, 2.0, 1.0, -1.0, -1.0, 0.0, 0.0, 2.0, 0.0, 0.0, -1.0, 3.0, 3.0, 1.0, 0.0, -1.0, 0.0, -1.0, 1.0, 2.0, 2.0, -1.0, -1.0, 3.0, 1.0, 2.0, -1.0, 1.0, -1.0, -1.0, 3.0, 3.0, 2.0, 3.0, 0.0, -1.0, 3.0, 0.0, 0.0, -1.0, -1.0, 0.0, 3.0, 95977.0, 508.0
2.0, 0.0, 1.0, 0.0, 1.0, 0.0, 2.0, 2.0, -1.0, 1.0, 2.0, -1.0, 3.0, 2.0, 3.0, 0.0, 1.0, 2.0, -1.0, -1.0, -1.0, -1.0, 0.0, 3.0, 3.0, 0.0, 3.0, 0.0, -1.0, -1.0, 0.0, 1.0, 3.0, 2.0, 1.0, 2.0, 0.0, -1.0, 1.0, 2.0, 3.0, 3.0, 3.0, 0.0, 2.0, 1.0, 1.0, 1.0, 0.0, 1.0, 95315.0, 584.0
-1.0, 0.0, 3.0, -1.0, 1.0, -1.0, -1.0, -1.0, 1.0, -1.0, -1.0, 0.0, -1.0, 1.0, 3.0, -1.0, 2.0, 3.0, 1.0, -1.0, 2.0, 2.0, 1.0, 3.0, 2.0, -1.0, 3.0, -1.0, 2.0, 2.0, 0.0, 2.0, 0.0, 0.0, 2.0, 1.0, 1.0, 2.0, 3.0, 0.0, 2.0, 3.0, 0.0, 1.0, 0.0, 2.0, 0.0, 1.0, -1.0, 0.0, 95793.0, 522.0
2.0, 3.0, 0.0, 1.0, 2.0, 2.0, 2.0, 3.0, -1.0, -1.0, 1.0, 0.0, -1.0, 0.0, 0.0, 3.0, 1.0, -1.0, 0.0, 2.0, 1.0, 2.0, -1.0, -1.0, -1.0, 1.0, 1.0, 0.0, 2.0, 1.0, 0.0, 1.0, -1.0, -1.0, 0.0, 2.0, 3.0, -1.0, 3.0, 2.0, 1.0, -1.0, 0.0, 3.0, 2.0, -1.0, -1.0, 3.0, -1.0, 0.0, 95760.0, 525.0
-1.0, 0.0, 3.0, -1.0, 1.0, -1.0, -1.0, -1.0, 1.0, -1.0, -1.0, 0.0, -1.0, 1.0, 3.0, -1.0, 2.0, 3.0, 1.0, -1.0, 2.0, 2.0, 1.0, 3.0, 2.0, -1.0, 3.0, -1.0, 2.0, 2.0, 0.0, 2.0, 0.0, 0.0, 2.0, 1.0, 1.0, 2.0, 3.0, 0.0, 2.0, 3.0, 0.0, 1.0, 0.0, 2.0, 0.0, 1.0, -1.0, 0.0, 95793.0, 522.0
1.0, 0.0, 1.0, -1.0, 0.0, 1.0, -1.0, 3.0, -1.0, 1.0, 2.0, -1.0, 2.0, -1.0, 3.0, -1.0, -1.0, 2.0, 0.0, 3.0, 0.0, 2.0, 1.0, 3.0, 0.0, 3.0, 2.0, 1.0, 0.0, -1.0, 0.0, 3.0, 0.0, 2.0, 1.0, 3.0, 0.0, 3.0, -1.0, 1.0, 2.0, -1.0, 3.0, 1.0, 1.0, 0.0, 2.0, -1.0, 1.0, 0.0, 95545.0, 544.0
1.0, 0.0, 1.0, -1.0, 0.0, 1.0, -1.0, 3.0, -1.0, 1.0, 2.0, -1.0, 2.0, -1.0, 3.0, -1.0, -1.0, 2.0, 0.0, 3.0, 0.0, 2.0, 1.0, 3.0, 0.0, 3.0, 2.0, 1.0, 0.0, -1.0, 0.0, 3.0, 0.0, 2.0, 1.0, 3.0, 0.0, 3.0, -1.0, 1.0, 2.0, -1.0, 3.0, 1.0, 1.0, 0.0, 2.0, -1.0, 1.0, 0.0, 95545.0, 544.0
1.0, -1.0, 0.0, 0.0, 0.0, -1.0, -1.0, 0.0, -1.0, 3.0, -1.0, 0.0, 2.0, 3.0, 2.0, 1.0, 2.0, -1.0, -1.0, -1.0, 2.0, 3.0, 1.0, 0.0, 0.0, 2.0, -1.0, 2.0, -1.0, 1.0, -1.0, -1.0, 0.0, 3.0, 2.0, 0.0, 0.0, 1.0, 2.0, 1.0, -1.0, 2.0, 1.0, 1.0, 2.0, 3.0, 3.0, 1.0, -1.0, 1.0, 95824.0, 519.0
1.0, -1.0, 0.0, 0.0, 0.0, -1.0, -1.0, 0.0, -1.0, 3.0, -1.0, 0.0, 2.0, 3.0, 2.0, 1.0, 2.0, -1.0, -1.0, -1.0, 2.0, 3.0, 1.0, 0.0, 0.0, 2.0, -1.0, 2.0, -1.0, 1.0, -1.0, -1.0, 0.0, 3.0, 2.0, 0.0, 0.0, 1.0, 2.0, 1.0, -1.0, 2.0, 1.0, 1.0, 2.0, 3.0, 3.0, 1.0, -1.0, 1.0, 95824.0, 519.0
-1.0, -1.0, -1.0, 2.0, 1.0, 1.0, 2.0, -1.0, 2.0, 3.0, 1.0, 3.0, -1.0, -1.0, 0.0, 0.0, 2.0, 0.0, -1.0, 1.0, 0.0, 2.0, 2.0, 2.0, 0.0, 1.0, -1.0, 3.0, 2.0, 1.0, 2.0, 0.0, -1.0, 3.0, 0.0, 2.0, 0.0, 1.0, 3.0, 3.0, 3.0, -1.0, -1.0, 0.0, 0.0, -1.0, 2.0, -1.0, 1.0, -1.0, 96254.0, 514.0
-1.0, -1.0, -1.0, 2.0, 1.0, 1.0, 2.0, -1.0, 2.0, 3.0, 1.0, 3.0, -1.0, -1.0, 0.0, 0.0, 2.0, 0.0, -1.0, 1.0, 0.0, 2.0, 2.0, 2.0, 0.0, 1.0, -1.0, 3.0, 2.0, 1.0, 2.0, 0.0, -1.0, 3.0, 0.0, 2.0, 0.0, 1.0, 3.0, 3.0, 3.0, -1.0, -1.0, 0.0, 0.0, -1.0, 2.0, -1.0, 1.0, -1.0, 96254.0, 514.0
0.0, -1.0, 0.0, 2.0, 3.0, 1.0, 2.0, -1.0, 2.0, 1.0, -1.0, -1.0, 0.0, 0.0, 1.0, 2.0, 0.0, 2.0, -1.0, 2.0, -1.0, 1.0, 1.0, 0.0, 3.0, 3.0, 3.0, 3.0, 0.0, -1.0, 3.0, 1.0, 1.0, 2.0, 2.0, -1.0, -1.0, -1.0, 1.0, 1.0, 0.0, 0.0, 0.0, 3.0, -1.0, 2.0, -1.0, 1.0, 2.0, 0.0, 95530.0, 546.0
0.0, -1.0, 0.0, 2.0, 3.0, 1.0, 2.0, -1.0, 2.0, 1.0, -1.0, -1.0, 0.0, 0.0, 1.0, 2.0, 0.0, 2.0, -1.0, 2.0, -1.0, 1.0, 1.0, 0.0, 3.0, 3.0, 3.0, 3.0, 0.0, -1.0, 3.0, 1.0, 1.0, 2.0, 2.0, -1.0, -1.0, -1.0, 1.0, 1.0, 0.0, 0.0, 0.0, 3.0, -1.0, 2.0, -1.0, 1.0, 2.0, 0.0, 95530.0, 546.0
0.0, 3.0, 2.0, 2.0, -1.0, 0.0, 1.0, -1.0, 0.0, -1.0, 0.0, -1.0, 3.0, -1.0, 0.0, 1.0, 0.0, 1.0, 2.0, 1.0, 1.0, -1.0, 3.0, 3.0, 2.0, 2.0, -1.0, 2.0, 0.0, 1.0, 3.0, 2.0, 3.0, -1.0, 0.0, 2.0, -1.0, 3.0, 2.0, 2.0, 1.0, 0.0, 1.0, 3.0, 1.0, 2.0, 3.0, 0.0, 3.0, 0.0, 95355.0, 582.0
3.0, 2.0, 0.0, 0.0, -1.0, 1.0, 1.0, 2.0, -1.0, 0.0, -1.0, 1.0, 2.0, 1.0, 0.0, 1.0, -1.0, 2.0, 1.0, 3.0, 0.0, -1.0, 0.0, -1.0, -1.0, -1.0, -1.0, 0.0, 2.0, 1.0, 2.0, -1.0, 2.0, 0.0, 2.0, 2.0, 3.0, 3.0, 0.0, -1.0, -1.0, 1.0, 1.0, 0.0, 3.0, 0.0, 1.0, -1.0, 3.0, 2.0, 95894.0, 527.0
2.0, -1.0, -1.0, -1.0, -1.0, 2.0, -1.0, 2.0, 0.0, 1.0, 3.0, -1.0, 1.0, 1.0, 1.0, 3.0, 3.0, 1.0, 0.0, 1.0, 0.0, 2.0, -1.0, 2.0, -1.0, 2.0, 0.0, -1.0, -1.0, 3.0, 2.0, 0.0, 3.0, 1.0, 0.0, 0.0, 0.0, 1.0, 1.0, 2.0, 0.0, -1.0, 2.0, 3.0, 2.0, 0.0, -1.0, -1.0, -1.0, 3.0, 96043.0, 523.0
2.0, -1.0, -1.0, -1.0, -1.0, 2.0, -1.0, 2.0, 0.0, 1.0, 3.0, -1.0, 1.0, 1.0, 1.0, 3.0, 3.0, 1.0, 0.0, 1.0, 0.0, 2.0, -1.0, 2.0, -1.0, 2.0, 0.0, -1.0, -1.0, 3.0, 2.0, 0.0, 3.0, 1.0, 0.0, 0.0, 0.0, 1.0, 1.0, 2.0, 0.0, -1.0, 2.0, 3.0, 2.0, 0.0, -1.0, -1.0, -1.0, 3.0, 96043.0, 523.0
2.0, 0.0, -1.0, 3.0, 1.0, 1.0, -1.0, 2.0, -1.0, -1.0, -1.0, 0.0, 0.0, 2.0, 0.0, 3.0, 0.0, 2.0, 3.0, 2.0, 0.0, 1.0, 0.0, 1.0, 2.0, 3.0, -1.0, 3.0, 2.0, 1.0, 1.0, 3.0, 2.0, -1.0, 3.0, 1.0, -1.0, 0.0, -1.0, -1.0, 0.0, 1.0, 1.0, 0.0, -1.0, -1.0, 3.0, 3.0, 1.0, -1.0, 96098.0, 522.0
1.0, 0.0, -1.0, -1.0, 2.0, 1.0, 3.0, 0.0, 1.0, 0.0, 1.0, 2.0, -1.0, -1.0, -1.0, 1.0, 1.0, -1.0, -1.0, 1.0, 2.0, 2.0, 2.0, 0.0, -1.0, -1.0, 3.0, 0.0, 2.0, -1.0, 2.0, 0.0, 1.0, -1.0, 0.0, 2.0, 3.0, 0.0, 3.0, 2.0, 3.0, 2.0, 2.0, -1.0, 1.0, -1.0, 0.0, 3.0, 0.0, 0.0, 95840.0, 533.0
1.0, 0.0, -1.0, -1.0, 2.0, 1.0, 3.0, 0.0, 1.0, 0.0, 1.0, 2.0, -1.0, -1.0, -1.0, 1.0, 1.0, -1.0, -1.0, 1.0, 2.0, 2.0, 2.0, 0.0, -1.0, -1.0, 3.0, 0.0, 2.0, -1.0, 2.0, 0.0, 1.0, -1.0, 0.0, 2.0, 3.0, 0.0, 3.0, 2.0, 3.0, 2.0, 2.0, -1.0, 1.0, -1.0, 0.0, 3.0, 0.0, 0.0, 95840.0, 533.0
-1.0, -1.0, 0.0, -1.0, 0.0, 3.0, -1.0, 3.0, -1.0, -1.0, 1.0, 2.0, 3.0, 0.0, 3.0, 3.0, 3.0, 2.0, 1.0, -1.0, 3.0, 0.0, 3.0, 3.0, 0.0, 1.0, 0.0, 0.0, 2.0, 1.0, 2.0, 1.0, 0.0, 2.0, 2.0, 0.0, 2.0, -1.0, -1.0, 0.0, -1.0, 3.0, 2.0, 2.0, 1.0, -1.0, 3.0, -1.0, 1.0, -1.0, 95957.0, 528.0
0.0, -1.0, 3.0, 0.0, 0.0, 3.0, -1.0, 2.0, 2.0, 2.0, -1.0, 1.0, 0.0, -1.0, 1.0, -1.0, 1.0, -1.0, -1.0, 2.0, 3.0, 3.0, 2.0, 1.0, 0.0, 2.0, 1.0, 0.0, 2.0, 0.0, 0.0, 0.0, -1.0, 2.0, 3.0, 1.0, 2.0, 3.0, -1.0, 1.0, -1.0, -1.0, 1.0, 1.0, -1.0, 2.0, 1.0, -1.0, 3.0, 0.0, 95975.0, 527.0
-1.0, -1.0, 0.0, -1.0, 0.0, 3.0, -1.0, 3.0, -1.0, -1.0, 1.0, 2.0, 3.0, 0.0, 3.0, 3.0, 3.0, 2.0, 1.0, -1.0, 3.0, 0.0, 3.0, 3.0, 0.0, 1.0, 0.0, 0.0, 2.0, 1.0, 2.0, 1.0, 0.0, 2.0, 2.0, 0.0, 2.0, -1.0, -1.0, 0.0, -1.0, 3.0, 2.0, 2.0, 1.0, -1.0, 3.0, -1.0, 1.0, -1.0, 95957.0, 528.0
0.0, -1.0, 3.0, 0.0, 0.0, 3.0, -1.0, 2.0, 2.0, 2.0, -1.0, 1.0, 0.0, -1.0, 1.0, -1.0, 1.0, -1.0, -1.0, 2.0, 3.0, 3.0, 2.0, 1.0, 0.0, 2.0, 1.0, 0.0, 2.0, 0.0, 0.0, 0.0, -1.0, 2.0, 3.0, 1.0, 2.0, 3.0, -1.0, 1.0, -1.0, -1.0, 1.0, 1.0, -1.0, 2.0, 1.0, -1.0, 3.0, 0.0, 95975.0, 527.0
0.0, 3.0, 2.0, 2.0, 0.0, 2.0, 0.0, -1.0, 0.0, 1.0, 3.0, -1.0, 0.0, 1.0, 1.0, -1.0, -1.0, 3.0, -1.0, 2.0, 2.0, 3.0, -1.0, 3.0, 0.0, 2.0, 3.0, -1.0, -1.0, 2.0, 1.0, 2.0, 3.0, 0.0, 2.0, 1.0, -1.0, 1.0, 2.0, 1.0, 3.0, -1.0, -1.0, 3.0, 2.0, -1.0, 0.0, 1.0, 1.0, -1.0, 96057.0, 525.0
-1.0, 2.0, 0.0, -1.0, 2.0, 1.0, 3.0, 2.0, 3.0, 3.0, 0.0, 1.0, -1.0, 3.0, 0.0, -1.0, -1.0, 1.0, 2.0, 2.0, 2.0, 0.0, 1.0, 3.0, -1.0, 2.0, 3.0, 0.0, 0.0, -1.0, 0.0, 0.0, 2.0, 3.0, 2.0, 0.0, 1.0, 1.0, 2.0, -1.0, 3.0, 1.0, -1.0, 1.0, -1.0, -1.0, 1.0, 0.0, -1.0, 1.0, 95955.0, 531.0
-1.0, 2.0, 0.0, -1.0, 2.0, 1.0, 3.0, 2.0, 3.0, 3.0, 0.0, 1.0, -1.0, 3.0, 0.0, -1.0, -1.0, 1.0, 2.0, 2.0, 2.0, 0.0, 1.0, 3.0, -1.0, 2.0, 3.0, 0.0, 0.0, -1.0, 0.0, 0.0, 2.0, 3.0, 2.0, 0.0, 1.0, 1.0, 2.0, -1.0, 3.0, 1.0, -1.0, 1.0, -1.0, -1.0, 1.0, 0.0, -1.0, 1.0, 95955.0, 531.0
1.0, 2.0, 0.0, -1.0, 2.0, 1.0, 1.0, 3.0, 0.0, 2.0, 3.0, 1.0, -1.0, 2.0, 3.0, 2.0, 0.0, 3.0, -1.0, 3.0, 0.0, 1.0, 0.0, -1.0, 2.0, 0.0, 1.0, -1.0, 1.0, 3.0, -1.0, 2.0, 2.0, 2.0, -1.0, 1.0, -1.0, 2.0, -1.0, 0.0, 0.0, 1.0, 3.0, 1.0, 0.0, 2.0, -1.0, 0.0, -1.0, 1.0, 95619.0, 549.0
-1.0, 0.0, 3.0, 2.0, 1.0, -1.0, -1.0, 3.0, 1.0, -1.0, 2.0, 0.0, 0.0, 3.0, 1.0, -1.0, 2.0, -1.0, -1.0, 2.0, 3.0, 0.0, 0.0, -1.0, 2.0, 0.0, 0.0, -1.0, 1.0, 0.0, 2.0, 1.0, 1.0, 2.0, -1.0, 2.0, 0.0, 3.0, 3.0, 1.0, 3.0, 0.0, -1.0, 3.0, 3.0, 1.0, 1.0, 2.0, 1.0, 0.0, 95575.0, 552.0
0.0, 3.0, 2.0, 2.0, 0.0, 2.0, 0.0, -1.0, 0.0, 1.0, 3.0, -1.0, 0.0, 1.0, 1.0, -1.0, 0.0, 3.0, -1.0, 2.0, 2.0, 3.0, -1.0, 3.0, 0.0, 2.0, 3.0, -1.0, -1.0, 2.0, 1.0, 2.0, 3.0, 0.0, 2.0, 1.0, -1.0, 1.0, 2.0, 1.0, 3.0, -1.0, -1.0, 3.0, 2.0, -1.0, 0.0, 1.0, 1.0, -1.0, 95826.0, 540.0
2.0, 1.0, 1.0, -1.0, -1.0, 0.0, -1.0, 1.0, 1.0, 0.0, 0.0, -1.0, 1.0, -1.0, 2.0, 0.0, -1.0, 1.0, 2.0, -1.0, 1.0, 3.0, 3.0, 1.0, -1.0, 3.0, 2.0, 1.0, -1.0, 1.0, 2.0, 2.0, 0.0, -1.0, -1.0, 0.0, 3.0, 1.0, 2.0, -1.0, 0.0, 2.0, 3.0, 0.0, 2.0, 0.0, 3.0, 0.0, 2.0, 3.0, 95817.0, 544.0
