0.500098349956, 0.935284789392, 2.12557024292, 0.205027653534, 48.172320052, 40.1010736354, 2.77761487366, 1.97783511132, 26.9220847858, 270.765005077, 0.376938426587
0.507498784079, 0.969104312139, 2.11016016739, 0.331601061262, 29.042036497, 43.5588404643, 2.77761487366, 1.56960063799, 26.6871195687, 239.556760778, 0.399359459781
0.503484179211, 0.82137732687, 2.07575957685, 0.229225994194, 25.1171003089, 43.0407551128, 2.03824451011, 1.51170069679, 32.4893686066, 286.845653951, 0.371922336434
0.507498784079, 0.825881144064, 4.16022239471, 0.20541927003, 3.03653413247, 43.5588404643, 2.77761487366, 1.97783511132, 31.5780800455, 397.346307646, 0.352521726076
0.896298276931, 0.876664400312, 2.05592062647, 0.349112637145, 29.7789933019, 41.1460397174, 2.92835885099, 1.56098211323, 27.6589942675, 196.508584721, 0.574000230159
0.500001804112, 0.935284789392, 2.05441888502, 0.209050708519, 48.172320052, 42.5355552411, 2.77761487366, 1.91829949877, 20.3027404595, 252.872961984, 0.382740829021
0.507498784079, 0.82137732687, 2.07025775616, 0.399385004183, 0.350379157271, 41.1460397174, 2.67693507136, 1.51170069679, 21.2189592719, 197.109301769, 0.406547173945
0.507498784079, 0.95685128475, 2.72310669646, 0.20541927003, 30.8010208498, 43.0407551128, 2.27973230882, 1.97783511132, 35.4990505323, 354.323364025, 0.373823911913
0.507116010993, 0.935284789392, 2.00681822271, 0.203769385673, 47.9999079634, 43.5588404643, 2.77761487366, 1.30266901739, 31.5780800455, 250.670395082, 0.401903766143
0.500098349956, 0.935284789392, 2.12557024292, 0.20541927003, 39.951861272, 43.5588404643, 2.77761487366, 1.97783511132, 31.5780800455, 269.058048304, 0.38920332649
0.500098349956, 0.90343093948, 2.10475372533, 0.203769385673, 17.3135576082, 42.5355552411, 2.77761487366, 1.97783511132, 20.3027404595, 201.326335775, 0.470289678834
0.507498784079, 0.825881144064, 2.12557024292, 0.485082678947, 47.9999079634, 43.5588404643, 2.29050781971, 4.71308171919, 20.340124076, 201.954715828, 0.467170284425
0.507498784079, 0.82137732687, 2.07025775616, 0.399385004183, 11.800452826, 41.1460397174, 2.67693507136, 1.51170069679, 21.6270354467, 217.826903818, 0.442313535314
0.500098349956, 0.90343093948, 2.10475372533, 0.203769385673, 17.3135576082, 42.5355552411, 2.77761487366, 1.97783511132, 20.3027404595, 234.270031192, 0.415864837606
0.507498784079, 0.935284789392, 2.03390771795, 0.24456594755, 17.3135576082, 43.5588404643, 2.77761487366, 1.83306711126, 22.8179047082, 224.326604092, 0.428023986585
0.503484179211, 0.82137732687, 2.07025775616, 0.399385004183, 9.89581636363, 41.1460397174, 2.67693507136, 1.51170069679, 21.6270354467, 221.301929142, 0.431789287609
0.500098349956, 0.90343093948, 2.10475372533, 0.203769385673, 17.3135576082, 42.5355552411, 2.77761487366, 1.97783511132, 20.1861002265, 207.27942851, 0.466244324224
0.500226115683, 0.935284789392, 2.06959351481, 0.20541927003, 17.3135576082, 49.2676463537, 2.77761487366, 1.83306711126, 21.094007363, 220.161866965, 0.433714896247
0.500098349956, 0.935284789392, 2.10475372533, 0.203769385673, 17.3135576082, 42.5355552411, 2.77761487366, 1.97783511132, 20.3027404595, 277.143698101, 0.388921397435
0.592222429475, 0.935284789392, 2.12557024292, 0.203769385673, 48.172320052, 42.5355552411, 2.49598695161, 1.97783511132, 20.3027404595, 263.333182273, 0.401762277964
0.500098349956, 0.935284789392, 2.05441888502, 0.203769385673, 49.0616058279, 42.5355552411, 2.77761487366, 1.46117945399, 31.5780800455, 263.71616462, 0.401183714428
0.603289810179, 1.1392222312, 5.11162339723, 0.266314792937, 17.766215696, 44.4059969724, 2.263028668, 1.57063693201, 40.8771920165, 1052.74580734, 0.381114842767
0.500098349956, 0.935284789392, 2.10475372533, 0.203769385673, 17.3135576082, 43.8457684335, 2.77761487366, 1.79960800031, 21.094007363, 242.928165352, 0.414708100275
0.649090256985, 0.825881144064, 2.00681822271, 0.203769385673, 47.9999079634, 43.5588404643, 2.77761487366, 1.30266901739, 31.5780800455, 244.881873566, 0.411480223666
0.592222429475, 0.82137732687, 2.12557024292, 0.485082678947, 47.9999079634, 43.5588404643, 2.77761487366, 4.8362544092, 20.3027404595, 204.226277582, 0.532211608899
0.507498784079, 0.82137732687, 2.07025775616, 0.399385004183, 9.89581636363, 41.1460397174, 2.67693507136, 1.51170069679, 21.6270354467, 204.479205726, 0.485649926591
0.507498784079, 0.82137732687, 2.12557024292, 0.495640316853, 47.9999079634, 43.5588404643, 2.77761487366, 3.27299003351, 20.3027404595, 202.458481392, 0.564609007872
0.507498784079, 0.95685128475, 2.72310669646, 0.20541927003, 30.8010208498, 43.0407551128, 2.27973230882, 1.97783511132, 32.4893686066, 384.632183283, 0.387906004918
0.507498784079, 0.825881144064, 4.16022239471, 0.20541927003, 3.03653413247, 43.5588404643, 2.09157193006, 1.97783511132, 31.5780800455, 474.131339317, 0.387087117105
0.54374101008, 0.864950768897, 5.11162339723, 0.266314792937, 11.4991296959, 44.4059969724, 2.67693507136, 1.57063693201, 40.8771920165, 766.836149024, 0.385063379814
0.506161512388, 0.969104312139, 4.68878693315, 0.27834954273, 39.2686102379, 41.1460397174, 2.92835885099, 1.91829949877, 26.6871195687, 706.792097059, 0.388886968627
0.500098349956, 0.852098707072, 6.1441109564, 0.205027653534, 29.7789933019, 40.1010736354, 2.77761487366, 1.97783511132, 26.9220847858, 830.322402807, 0.388592802079
0.500098349956, 1.08317888053, 5.98225599591, 0.27834954273, 10.3596473799, 43.7038503767, 2.92835885099, 1.56960063799, 26.9220847858, 1037.40545086, 0.388439389368
0.603289810179, 0.825881144064, 2.12557024292, 0.449271207819, 29.3912857628, 44.4059969724, 2.77761487366, 1.51170069679, 35.4990505323, 243.031999112, 0.416740821179
0.896377880325, 0.901719152992, 2.28565392999, 0.349112637145, 30.683373389, 43.8457684335, 2.67693507136, 1.79960800031, 21.094007363, 222.414437284, 0.454163029515
0.603289810179, 0.825881144064, 2.00681822271, 0.399385004183, 11.800452826, 44.4059969724, 2.77761487366, 1.97783511132, 35.4990505323, 226.062238878, 0.442093568528
0.500098349956, 0.935284789392, 2.12557024292, 0.203769385673, 48.172320052, 42.5355552411, 2.77761487366, 1.97783511132, 20.3027404595, 235.746522953, 0.433471355554
0.500226115683, 0.935284789392, 2.28565392999, 0.24456594755, 17.3135576082, 49.2676463537, 2.77761487366, 1.83306711126, 21.094007363, 321.466741876, 0.398442279567
0.507498784079, 0.825881144064, 2.00681822271, 0.201533941661, 30.8010208498, 43.0407551128, 2.27973230882, 1.62121817139, 35.4990505323, 215.897486876, 0.50453132431
0.507498784079, 0.821104094727, 2.07025775616, 0.399385004183, 11.800452826, 41.1460397174, 2.67693507136, 1.51170069679, 21.6270354467, 211.591776511, 0.530246473375
0.507124136437, 0.82137732687, 2.00681822271, 0.203769385673, 40.7798521897, 43.5588404643, 2.3978279129, 1.10041526568, 31.5780800455, 254.282100227, 0.40699651154
0.639603514828, 1.00883106135, 2.72310669646, 0.20541927003, 44.4876007208, 43.0407551128, 2.27973230882, 1.97783511132, 35.4990505323, 380.255610607, 0.394394731572
0.507498784079, 0.82137732687, 2.12557024292, 0.485082678947, 47.9999079634, 43.5588404643, 2.67943221813, 1.51170069679, 20.3027404595, 225.617695834, 0.446796518104
0.507498784079, 0.95685128475, 2.00681822271, 0.20541927003, 37.6951326459, 41.6568679564, 2.27973230882, 1.82780058808, 32.4893686066, 316.488771217, 0.400290430081
0.507498784079, 0.825881144064, 4.16022239471, 0.20541927003, 3.03653413247, 43.5588404643, 2.77761487366, 1.97783511132, 31.5780800455, 442.206261994, 0.38978784505
0.507498784079, 0.82137732687, 2.12557024292, 0.485082678947, 47.9999079634, 43.5588404643, 2.77761487366, 3.27299003351, 20.3027404595, 218.68889312, 0.506941261488
0.884039546258, 0.82137732687, 2.07025775616, 0.206262303423, 0.350379157271, 41.1460397174, 2.67693507136, 1.51170069679, 21.6270354467, 218.050373986, 0.509978408362
0.507498784079, 1.23600450307, 2.12557024292, 0.471162454013, 44.4876007208, 43.5588404643, 2.77761487366, 1.56960063799, 31.5780800455, 442.296962239, 0.392593291433
0.53562650406, 0.901719152992, 2.72310669646, 0.20541927003, 2.78964652849, 43.0407551128, 2.2697413152, 1.30266901739, 31.5780800455, 398.14897567, 0.398159804465
0.500098349956, 0.82137732687, 2.07575957685, 0.229225994194, 25.1171003089, 43.0407551128, 2.03824451011, 1.51170069679, 32.4893686066, 245.108613004, 0.41941854661
0.503484179211, 0.90343093948, 2.10475372533, 0.203769385673, 17.3135576082, 42.5355552411, 2.77761487366, 1.97783511132, 20.3027404595, 252.740843962, 0.41654611994
0.506161512388, 0.969104312139, 4.68878693315, 0.27834954273, 39.2686102379, 41.1460397174, 2.92835885099, 1.91829949877, 20.3027404595, 695.848297771, 0.392501364907
0.503484179211, 0.82137732687, 2.12557024292, 0.399385004183, 36.0605507769, 49.9958820087, 2.67693507136, 1.51170069679, 32.4893686066, 346.611411642, 0.400676270962
0.801077193309, 0.869668587455, 6.87638925478, 0.493169582176, 2.78964652849, 42.4981598893, 2.59738260527, 1.91829949877, 37.9748750574, 837.167607262, 0.3899113858
0.513859623076, 0.825881144064, 2.00681822271, 0.485082678947, 49.957627944, 49.0637477567, 2.77761487366, 1.30266901739, 26.9220847858, 220.956349927, 0.501098645506
0.506161512388, 1.08317888053, 5.98225599591, 0.27834954273, 10.3596473799, 41.1460397174, 2.92835885099, 1.56960063799, 26.6871195687, 1049.71850023, 0.391966591143
0.500098349956, 0.852098707072, 6.1441109564, 0.205027653534, 29.7789933019, 40.1010736354, 2.77761487366, 1.97783511132, 26.9220847858, 724.062997176, 0.393373798873
0.506161512388, 0.852098707072, 5.04142959584, 0.344173980359, 11.800452826, 41.1460397174, 2.263028668, 1.51170069679, 26.6871195687, 538.970035145, 0.394771060239
0.507498784079, 0.825881144064, 4.16022239471, 0.20541927003, 6.53568629666, 43.5588404643, 2.67693507136, 1.97783511132, 26.704286971, 525.461473065, 0.39707059525
0.507498784079, 0.825881144064, 2.00681822271, 0.203769385673, 47.9999079634, 43.5588404643, 2.77761487366, 1.30266901739, 31.5780800455, 227.993848924, 0.449242895209
0.507124136437, 0.82137732687, 2.00681822271, 0.203769385673, 40.7798521897, 43.5588404643, 2.77761487366, 1.10041526568, 31.5780800455, 268.817362428, 0.409093043339
0.54374101008, 0.864950768897, 5.11162339723, 0.266314792937, 11.4991296959, 44.4059969724, 2.67693507136, 1.57063693201, 40.8771920165, 687.913982023, 0.398252649717
0.592222429475, 0.82137732687, 2.12557024292, 0.485082678947, 47.680125092, 43.5588404643, 2.77761487366, 4.8362544092, 20.3027404595, 219.89787808, 0.536840305825
0.801077193309, 0.869668587455, 6.87638925478, 0.20541927003, 26.2381665452, 42.4981598893, 2.59738260527, 1.91829949877, 37.9748750574, 917.334093021, 0.397999731038
0.507498784079, 0.82137732687, 2.12557024292, 0.485082678947, 47.9999079634, 43.5588404643, 2.77761487366, 4.71308171919, 20.340124076, 221.712276027, 0.490112942959
0.884039546258, 0.959634059611, 2.07516188906, 0.295427641588, 17.3135576082, 45.9993274176, 2.15115838217, 4.71308171919, 20.340124076, 218.756359441, 0.596064590326
0.896377880325, 0.868650557413, 2.28565392999, 0.295427641588, 30.683373389, 43.8457684335, 2.67693507136, 4.71308171919, 21.094007363, 220.00997382, 0.585793460778
0.603289810179, 0.825881144064, 2.00681822271, 0.485082678947, 49.2132871968, 49.0637477567, 2.77761487366, 1.36559415798, 26.9220847858, 220.776769781, 0.518466919508
0.507498784079, 0.935284789392, 2.00681822271, 0.203769385673, 20.4512501057, 43.5588404643, 2.36274549519, 1.91829949877, 32.4893686066, 300.469170684, 0.405171425629
0.507498784079, 0.825881144064, 2.00681822271, 0.398156775115, 47.9999079634, 43.5588404643, 2.77761487366, 1.30266901739, 31.5780800455, 222.728925187, 0.487902731395
0.507498784079, 0.82137732687, 2.12557024292, 0.485082678947, 47.9999079634, 42.0774713508, 2.77761487366, 3.27299003351, 20.3027404595, 220.279502121, 0.533368836728
0.507498784079, 0.82137732687, 2.12557024292, 0.485082678947, 47.9999079634, 43.5588404643, 2.77761487366, 3.27299003351, 20.3027404595, 220.989050994, 0.52453746791
0.500098349956, 0.935284789392, 2.12557024292, 0.20541927003, 39.951861272, 43.5588404643, 2.77761487366, 1.97783511132, 31.5780800455, 332.698427697, 0.402049456195
0.500098349956, 0.935284789392, 2.12557024292, 0.203769385673, 48.172320052, 43.5588404643, 2.77761487366, 1.97783511132, 31.5780800455, 272.10050507, 0.409878305969
0.507498784079, 0.95685128475, 2.72310669646, 0.20541927003, 30.8010208498, 43.0407551128, 2.27973230882, 1.97783511132, 35.4990505323, 419.151858678, 0.401412194467
0.500001804112, 0.935284789392, 2.05441888502, 0.209050708519, 29.7789933019, 42.5355552411, 2.77761487366, 1.91829949877, 20.3027404595, 238.105428483, 0.449599762096
0.507498784079, 0.901719152992, 2.72310669646, 0.20541927003, 2.78964652849, 43.0407551128, 2.2697413152, 1.30266901739, 31.5780800455, 350.574812412, 0.402458220115
0.592222429475, 1.00883106135, 2.20364138171, 0.20541927003, 2.78964652849, 43.0407551128, 2.27973230882, 1.97783511132, 35.4990505323, 240.211512691, 0.447347050184
0.507498784079, 0.82137732687, 2.07025775616, 0.399385004183, 9.89581636363, 41.1460397174, 2.67693507136, 1.51170069679, 21.6270354467, 238.686830795, 0.450099000336
0.507498784079, 0.888380727804, 2.12557024292, 0.471162454013, 48.2608286025, 46.6401472838, 2.77761487366, 1.63261023631, 30.6984323171, 227.09392987, 0.482990499447
0.500098349956, 0.935284789392, 2.12557024292, 0.203769385673, 48.172320052, 43.5588404643, 2.77761487366, 1.91829949877, 31.5780800455, 254.748413566, 0.4205492895
0.500098349956, 0.935284789392, 2.05441888502, 0.203769385673, 48.172320052, 42.5355552411, 2.77761487366, 1.97783511132, 20.3027404595, 254.487107135, 0.422479396567
0.554975425126, 0.969104312139, 4.68878693315, 0.27834954273, 22.2696198463, 41.1460397174, 2.92835885099, 1.91829949877, 32.4893686066, 668.963983575, 0.401547298186
0.507498784079, 0.82137732687, 2.07025775616, 0.399385004183, 0.350379157271, 41.1460397174, 2.67693507136, 1.51170069679, 21.6270354467, 228.720177235, 0.475953916822
0.507498784079, 0.95685128475, 2.72310669646, 0.20541927003, 30.8010208498, 41.6568679564, 2.77761487366, 1.97783511132, 32.4893686066, 371.21838524, 0.40601196745
0.507498784079, 0.82137732687, 2.12557024292, 0.485082678947, 47.9999079634, 43.5588404643, 2.77761487366, 3.27299003351, 20.3027404595, 222.664282455, 0.530741577367
0.500098349956, 0.82137732687, 2.07575957685, 0.229225994194, 25.1171003089, 42.5355552411, 2.77761487366, 1.51170069679, 32.4893686066, 230.12884304, 0.478457080729
0.500098349956, 0.935284789392, 2.12557024292, 0.203238082351, 48.172320052, 42.1915535134, 2.77761487366, 1.97783511132, 20.3027404595, 245.549876281, 0.442291316495
0.507498784079, 0.969104312139, 2.11016016739, 0.363113994164, 29.042036497, 43.5588404643, 2.77761487366, 1.56960063799, 26.6871195687, 311.451994282, 0.409698100648
0.500098349956, 0.935284789392, 2.12557024292, 0.203238082351, 48.172320052, 42.1915535134, 2.77761487366, 1.97783511132, 20.3027404595, 259.088796445, 0.422858856467
0.503484179211, 0.82137732687, 2.12557024292, 0.399385004183, 36.0605507769, 49.9961736819, 2.67693507136, 1.15490554593, 42.6065151974, 257.71422647, 0.427957592999
0.507498784079, 1.08317888053, 2.72310669646, 0.27834954273, 19.2807042781, 43.0407551128, 2.2697413152, 1.56960063799, 26.6871195687, 439.033093064, 0.402452970139
0.507498784079, 0.95685128475, 2.72310669646, 0.20541927003, 30.8010208498, 41.6568679564, 2.27973230882, 1.97783511132, 32.4893686066, 414.130555473, 0.404033279425
0.503484179211, 0.82137732687, 2.17564864488, 0.424458952693, 25.1171003089, 49.9958820087, 2.67693507136, 1.51170069679, 32.4893686066, 267.796500605, 0.420387373327
0.884039546258, 0.966671723346, 2.07516188906, 0.295427641588, 17.3135576082, 45.1533625051, 2.15115838217, 4.71308171919, 20.340124076, 222.425366212, 0.579999104135
0.500226115683, 0.935284789392, 2.06959351481, 0.212417548104, 17.3135576082, 49.2676463537, 2.77761487366, 1.83306711126, 21.094007363, 227.273525127, 0.49578879506
0.832188810204, 0.825881144064, 2.00681822271, 0.485082678947, 49.957627944, 49.817070283, 2.77761487366, 1.30266901739, 26.9220847858, 222.518127802, 0.591071531739
0.603289810179, 0.825881144064, 2.00681822271, 0.485082678947, 49.2132871968, 44.4059969724, 2.77761487366, 1.97783511132, 35.4990505323, 225.982678509, 0.509969556247
0.507498784079, 0.82137732687, 2.03530873274, 0.399385004183, 9.89581636363, 41.1460397174, 2.77761487366, 1.51170069679, 21.6270354467, 241.822520271, 0.452259242031
0.507498784079, 0.821110852938, 2.17564864488, 0.399385004183, 11.800452826, 49.7431688411, 2.67693507136, 1.51170069679, 22.921130318, 234.838418417, 0.477688861951
