2.0, -1.0, 2.0, 1.0, -1.0, 1.0, 3.0, 2.0, 2.0, 0.0, -1.0, 2.0, 1.0, -1.0, 2.0, 3.0, 1.0, 1.0, 0.0, 2.0, 1.0, 0.0, -1.0, 0.0, 3.0, 1.0, 0.0, 0.0, 3.0, 2.0, -1.0, 1.0, -1.0, 0.0, 3.0, 3.0, 2.0, -1.0, 1.0, -1.0, 0.0, 1.0, 0.0, -1.0, -1.0, 2.0, -1.0, -1.0, -1.0, 0.0, 96525.0, 527.0
0.0, 1.0, 1.0, 2.0, 0.0, 3.0, 2.0, -1.0, -1.0, 0.0, 2.0, 3.0, 0.0, 2.0, 1.0, 1.0, 0.0, 0.0, 2.0, -1.0, 1.0, 1.0, -1.0, 3.0, 2.0, 1.0, 3.0, 3.0, 1.0, 1.0, -1.0, 1.0, -1.0, -1.0, 2.0, 2.0, -1.0, 0.0, 1.0, 2.0, 3.0, -1.0, -1.0, 0.0, -1.0, -1.0, -1.0, 2.0, 2.0, 0.0, 96258.0, 555.0
1.0, 2.0, 2.0, 1.0, 0.0, 2.0, 0.0, -1.0, -1.0, 0.0, -1.0, -1.0, 2.0, -1.0, 0.0, 3.0, -1.0, 0.0, 1.0, 1.0, -1.0, 0.0, -1.0, 2.0, -1.0, -1.0, 0.0, 1.0, -1.0, 3.0, 3.0, 0.0, 1.0, 2.0, -1.0, -1.0, -1.0, 2.0, 1.0, 3.0, 3.0, -1.0, 1.0, 2.0, 1.0, -1.0, 3.0, 0.0, 0.0, 0.0, 96612.0, 514.0
2.0, -1.0, 2.0, 1.0, -1.0, 1.0, 3.0, 2.0, 2.0, 0.0, -1.0, 2.0, 1.0, -1.0, 2.0, 3.0, 1.0, 1.0, 0.0, 2.0, 1.0, 0.0, -1.0, 0.0, 3.0, 1.0, 0.0, 0.0, 3.0, 2.0, -1.0, 1.0, -1.0, 0.0, 3.0, 3.0, 2.0, -1.0, 1.0, -1.0, 0.0, 1.0, 0.0, -1.0, -1.0, 2.0, -1.0, -1.0, -1.0, 0.0, 96525.0, 527.0
0.0, 1.0, 1.0, 2.0, -1.0, 3.0, 2.0, -1.0, -1.0, 0.0, 2.0, 3.0, 0.0, 2.0, 1.0, 1.0, 0.0, 0.0, 2.0, -1.0, 1.0, 1.0, -1.0, 3.0, 2.0, 1.0, 3.0, 3.0, 1.0, 1.0, -1.0, 1.0, -1.0, -1.0, 2.0, 2.0, -1.0, 0.0, 1.0, 2.0, 3.0, -1.0, -1.0, 0.0, -1.0, -1.0, -1.0, 2.0, 2.0, 0.0, 96355.0, 538.0
3.0, -1.0, 2.0, 2.0, 3.0, -1.0, 0.0, 3.0, 0.0, 1.0, 2.0, 1.0, 1.0, 1.0, 1.0, 2.0, -1.0, 2.0, 0.0, 0.0, -1.0, 3.0, 2.0, 1.0, 0.0, 1.0, 0.0, 1.0, -1.0, -1.0, 2.0, 2.0, 2.0, 0.0, 0.0, 2.0, 0.0, -1.0, -1.0, -1.0, -1.0, 1.0, -1.0, 1.0, 3.0, 1.0, 0.0, 0.0, -1.0, 2.0, 96277.0, 550.0
0.0, -1.0, 1.0, 2.0, 0.0, 3.0, 2.0, -1.0, -1.0, 0.0, 2.0, 3.0, 0.0, 2.0, 1.0, 1.0, 0.0, 0.0, 2.0, -1.0, 1.0, 1.0, -1.0, 3.0, 2.0, 1.0, 3.0, 3.0, 1.0, 1.0, -1.0, 1.0, -1.0, -1.0, 2.0, 2.0, -1.0, 0.0, 1.0, 2.0, 3.0, -1.0, -1.0, 0.0, -1.0, -1.0, -1.0, 2.0, 2.0, 0.0, 96387.0, 537.0
1.0, 2.0, 2.0, 1.0, 0.0, 2.0, 0.0, -1.0, -1.0, 0.0, -1.0, -1.0, 2.0, -1.0, 0.0, 3.0, -1.0, 0.0, 1.0, 1.0, -1.0, 0.0, -1.0, 2.0, -1.0, -1.0, 0.0, 1.0, -1.0, 3.0, 3.0, 0.0, 1.0, 2.0, -1.0, -1.0, -1.0, 2.0, 1.0, 3.0, 3.0, -1.0, 1.0, 2.0, 1.0, -1.0, 3.0, 0.0, 0.0, 0.0, 96612.0, 514.0
1.0, 2.0, 2.0, 1.0, 0.0, 2.0, -1.0, 1.0, -1.0, 0.0, -1.0, -1.0, 1.0, -1.0, 0.0, 3.0, -1.0, 0.0, 1.0, 1.0, -1.0, 0.0, -1.0, 2.0, -1.0, -1.0, 0.0, 1.0, -1.0, 3.0, 3.0, 0.0, 1.0, 2.0, -1.0, -1.0, -1.0, 2.0, 1.0, 3.0, 3.0, -1.0, 1.0, 2.0, 1.0, -1.0, 3.0, 0.0, 3.0, 0.0, 96715.0, 512.0
2.0, -1.0, 2.0, 1.0, -1.0, 1.0, 3.0, 2.0, 2.0, 0.0, -1.0, 2.0, 1.0, -1.0, 2.0, 3.0, 1.0, 1.0, 0.0, 2.0, 1.0, 0.0, -1.0, 0.0, 3.0, 1.0, 0.0, 0.0, 3.0, 2.0, -1.0, 1.0, -1.0, 0.0, 3.0, 3.0, 2.0, -1.0, 1.0, -1.0, 0.0, 1.0, 0.0, -1.0, -1.0, 2.0, -1.0, -1.0, -1.0, 0.0, 96525.0, 527.0
0.0, 1.0, 1.0, 2.0, -1.0, 3.0, 2.0, -1.0, -1.0, 0.0, 2.0, 3.0, 0.0, 2.0, 1.0, 1.0, 0.0, 0.0, 2.0, -1.0, 1.0, 1.0, -1.0, 3.0, 2.0, 1.0, 3.0, 3.0, 1.0, 1.0, -1.0, 1.0, -1.0, -1.0, 2.0, 2.0, -1.0, 0.0, 1.0, 2.0, 3.0, -1.0, -1.0, 0.0, -1.0, -1.0, -1.0, 2.0, 2.0, 0.0, 96355.0, 538.0
3.0, -1.0, 2.0, 2.0, 3.0, -1.0, 0.0, 3.0, 0.0, 1.0, 2.0, 1.0, 1.0, 1.0, 1.0, 2.0, -1.0, 2.0, 0.0, 0.0, -1.0, 3.0, 2.0, 1.0, 0.0, 1.0, 0.0, 1.0, -1.0, -1.0, 2.0, 2.0, 2.0, 0.0, 0.0, 2.0, 0.0, -1.0, -1.0, -1.0, -1.0, 1.0, -1.0, 1.0, 3.0, 1.0, 0.0, 0.0, -1.0, 2.0, 96277.0, 550.0
3.0, -1.0, 0.0, 1.0, -1.0, 2.0, 1.0, -1.0, 2.0, 0.0, 2.0, 2.0, -1.0, 0.0, 1.0, -1.0, -1.0, 0.0, 3.0, 1.0, -1.0, -1.0, 3.0, 1.0, 3.0, 0.0, 1.0, 0.0, 3.0, -1.0, -1.0, -1.0, 0.0, 1.0, 1.0, 2.0, 2.0, 1.0, -1.0, -1.0, 1.0, 3.0, 2.0, 2.0, 3.0, 0.0, 2.0, -1.0, 0.0, 1.0, 96462.0, 536.0
3.0, -1.0, 2.0, 2.0, 3.0, -1.0, 0.0, 3.0, 0.0, 1.0, 2.0, 1.0, 1.0, 1.0, 1.0, 2.0, -1.0, 2.0, 0.0, 0.0, -1.0, 3.0, 2.0, 1.0, 0.0, 0.0, 0.0, 1.0, -1.0, -1.0, 2.0, 2.0, 2.0, 0.0, 0.0, 2.0, 0.0, -1.0, 3.0, -1.0, -1.0, 1.0, -1.0, 1.0, 3.0, 1.0, 0.0, 1.0, -1.0, 2.0, 96235.0, 563.0
1.0, 2.0, 2.0, 1.0, 0.0, 2.0, 0.0, -1.0, -1.0, 0.0, -1.0, -1.0, 2.0, -1.0, 0.0, 3.0, -1.0, 0.0, 1.0, 1.0, -1.0, 0.0, -1.0, 2.0, -1.0, -1.0, -1.0, 0.0, -1.0, 3.0, 3.0, 0.0, 1.0, 2.0, -1.0, -1.0, -1.0, 2.0, 1.0, 3.0, 3.0, -1.0, 1.0, 2.0, 1.0, -1.0, 3.0, 0.0, 3.0, 0.0, 96743.0, 504.0
1.0, 2.0, -1.0, 0.0, -1.0, 2.0, -1.0, 1.0, 3.0, 1.0, -1.0, 0.0, 2.0, 1.0, 3.0, 0.0, -1.0, 1.0, 0.0, 2.0, 2.0, 2.0, -1.0, -1.0, 1.0, -1.0, 2.0, -1.0, 0.0, 0.0, 2.0, 3.0, 2.0, -1.0, 1.0, -1.0, 3.0, -1.0, 0.0, 1.0, 1.0, -1.0, 0.0, 1.0, -1.0, 3.0, 0.0, 3.0, 0.0, -1.0, 96728.0, 513.0
1.0, 2.0, -1.0, 0.0, -1.0, 2.0, -1.0, 1.0, 3.0, 1.0, -1.0, 0.0, 2.0, 1.0, 3.0, 0.0, -1.0, 1.0, 0.0, 2.0, 2.0, 2.0, -1.0, -1.0, 1.0, -1.0, 2.0, -1.0, 0.0, 0.0, 2.0, 3.0, 2.0, -1.0, 1.0, -1.0, 3.0, -1.0, 0.0, 1.0, 1.0, -1.0, 0.0, 1.0, -1.0, 3.0, 0.0, 3.0, 0.0, -1.0, 96728.0, 513.0
1.0, 2.0, -1.0, 0.0, -1.0, 2.0, -1.0, 1.0, 3.0, 1.0, -1.0, 0.0, 2.0, 1.0, 3.0, 0.0, -1.0, 1.0, 0.0, 2.0, 2.0, 2.0, -1.0, -1.0, 1.0, -1.0, 2.0, -1.0, 0.0, 0.0, 2.0, 3.0, 2.0, -1.0, 1.0, -1.0, 3.0, -1.0, 0.0, 1.0, 1.0, -1.0, 0.0, 1.0, -1.0, 3.0, 0.0, 3.0, 0.0, -1.0, 96728.0, 513.0
1.0, 2.0, -1.0, 0.0, -1.0, 2.0, -1.0, 1.0, 3.0, 1.0, -1.0, 0.0, 2.0, 1.0, 3.0, 0.0, -1.0, 1.0, 0.0, 2.0, 2.0, 2.0, -1.0, -1.0, 1.0, -1.0, 2.0, -1.0, 0.0, 0.0, 2.0, 3.0, 2.0, -1.0, 1.0, -1.0, 3.0, -1.0, 0.0, 1.0, 1.0, -1.0, 0.0, 1.0, -1.0, 3.0, 0.0, 3.0, 0.0, -1.0, 96728.0, 513.0
1.0, 2.0, 2.0, 1.0, 0.0, 2.0, -1.0, 1.0, -1.0, 0.0, -1.0, -1.0, 2.0, -1.0, 0.0, 3.0, -1.0, 0.0, 1.0, 1.0, -1.0, 0.0, -1.0, 2.0, -1.0, -1.0, 0.0, 1.0, -1.0, 3.0, 3.0, 0.0, 1.0, 2.0, -1.0, -1.0, -1.0, 2.0, 1.0, 3.0, 3.0, -1.0, 1.0, 2.0, 1.0, -1.0, 3.0, 0.0, 3.0, 0.0, 96756.0, 512.0
1.0, 2.0, 2.0, 1.0, 0.0, 2.0, -1.0, 1.0, -1.0, 0.0, -1.0, -1.0, 2.0, -1.0, 0.0, 3.0, -1.0, 0.0, 1.0, 1.0, -1.0, 0.0, -1.0, 2.0, -1.0, -1.0, 0.0, 1.0, -1.0, 3.0, 3.0, 0.0, 1.0, 2.0, -1.0, -1.0, -1.0, 2.0, 1.0, 3.0, 3.0, -1.0, 1.0, 2.0, 1.0, -1.0, 3.0, 0.0, 3.0, 0.0, 96756.0, 512.0
2.0, -1.0, 2.0, 1.0, -1.0, 1.0, 3.0, 2.0, 2.0, 0.0, -1.0, 2.0, 1.0, -1.0, 2.0, 3.0, 1.0, 1.0, 0.0, 2.0, 1.0, 0.0, -1.0, 0.0, 3.0, -1.0, 0.0, 0.0, 3.0, 2.0, -1.0, 1.0, -1.0, 0.0, 3.0, 3.0, 2.0, -1.0, 1.0, -1.0, 0.0, 1.0, 0.0, -1.0, -1.0, 2.0, -1.0, 1.0, -1.0, -1.0, 96763.0, 513.0
2.0, -1.0, 2.0, 1.0, -1.0, 1.0, 3.0, 2.0, 2.0, 0.0, -1.0, 2.0, 1.0, -1.0, 2.0, 3.0, 1.0, 1.0, 0.0, 2.0, 1.0, 0.0, -1.0, 0.0, 3.0, -1.0, 0.0, 0.0, 3.0, 2.0, -1.0, 1.0, -1.0, 0.0, 3.0, 3.0, 2.0, -1.0, 1.0, -1.0, 0.0, 1.0, 0.0, -1.0, -1.0, 2.0, -1.0, 1.0, -1.0, -1.0, 96763.0, 513.0
2.0, 0.0, -1.0, 3.0, -1.0, 2.0, 1.0, 0.0, -1.0, 0.0, 1.0, 3.0, 0.0, 1.0, 2.0, 3.0, 3.0, 1.0, 0.0, 2.0, 2.0, -1.0, 0.0, -1.0, 1.0, -1.0, 1.0, 0.0, 1.0, -1.0, 1.0, 2.0, -1.0, 3.0, 2.0, 2.0, -1.0, 3.0, 3.0, 0.0, 2.0, -1.0, -1.0, -1.0, -1.0, 2.0, 3.0, 1.0, 1.0, 0.0, 96286.0, 553.0
3.0, -1.0, 2.0, 2.0, 3.0, -1.0, 0.0, 3.0, 0.0, 1.0, 2.0, 3.0, 1.0, 1.0, 1.0, 2.0, -1.0, 2.0, 0.0, 0.0, -1.0, 3.0, 2.0, 1.0, 0.0, 1.0, 0.0, 1.0, -1.0, -1.0, 2.0, 2.0, 2.0, 0.0, 0.0, 2.0, 0.0, -1.0, 2.0, -1.0, -1.0, 1.0, -1.0, 1.0, 3.0, 1.0, 0.0, 0.0, -1.0, 2.0, 96256.0, 563.0
3.0, -1.0, 2.0, 2.0, 3.0, -1.0, 0.0, 3.0, 0.0, 1.0, 2.0, 3.0, 1.0, 1.0, 1.0, 2.0, -1.0, 2.0, 0.0, 0.0, -1.0, 3.0, 2.0, 1.0, 0.0, 1.0, 0.0, 1.0, -1.0, -1.0, 2.0, 2.0, 2.0, 0.0, 0.0, 2.0, 0.0, -1.0, 2.0, -1.0, -1.0, 1.0, -1.0, 1.0, 3.0, 1.0, 0.0, 0.0, -1.0, 2.0, 96256.0, 563.0
0.0, 0.0, -1.0, 3.0, -1.0, 2.0, 1.0, 0.0, -1.0, 0.0, 1.0, 3.0, 0.0, 1.0, 2.0, 2.0, 3.0, 1.0, 0.0, 2.0, 2.0, -1.0, 0.0, -1.0, 1.0, -1.0, 1.0, 0.0, 1.0, -1.0, 1.0, 2.0, -1.0, 3.0, 2.0, 2.0, 0.0, 3.0, 3.0, 0.0, 2.0, -1.0, -1.0, -1.0, -1.0, 2.0, 3.0, 1.0, 1.0, 0.0, 96107.0, 566.0
1.0, 2.0, 2.0, 1.0, 0.0, 2.0, 0.0, -1.0, -1.0, 0.0, -1.0, -1.0, 2.0, -1.0, 0.0, 3.0, -1.0, 0.0, 1.0, 1.0, -1.0, 0.0, -1.0, 2.0, -1.0, -1.0, 0.0, 1.0, -1.0, 3.0, 3.0, 0.0, 1.0, 2.0, -1.0, -1.0, -1.0, 2.0, 1.0, 3.0, 0.0, -1.0, 1.0, 2.0, 1.0, -1.0, 3.0, 0.0, 3.0, 0.0, 96639.0, 514.0
0.0, 0.0, -1.0, 3.0, -1.0, 2.0, 1.0, 0.0, -1.0, 0.0, 1.0, 3.0, 0.0, 1.0, 2.0, 3.0, 3.0, 1.0, 0.0, 2.0, 2.0, -1.0, 0.0, -1.0, 1.0, -1.0, 1.0, 0.0, 1.0, -1.0, 1.0, 2.0, -1.0, 3.0, 2.0, 2.0, 0.0, 3.0, 3.0, 0.0, 2.0, -1.0, -1.0, -1.0, -1.0, 2.0, 3.0, 1.0, 1.0, 0.0, 96128.0, 566.0
0.0, 0.0, -1.0, 3.0, -1.0, 2.0, 1.0, 0.0, -1.0, 0.0, 1.0, 3.0, 0.0, 1.0, 2.0, 3.0, 3.0, 1.0, 0.0, 2.0, 2.0, -1.0, 0.0, -1.0, 1.0, -1.0, 1.0, 0.0, 1.0, -1.0, 1.0, 2.0, -1.0, 3.0, 2.0, 2.0, 0.0, 3.0, 3.0, 0.0, 2.0, -1.0, -1.0, -1.0, -1.0, 2.0, 3.0, 1.0, 1.0, 0.0, 96128.0, 566.0
0.0, 0.0, -1.0, 3.0, -1.0, 2.0, 1.0, 0.0, -1.0, 0.0, 1.0, 3.0, 0.0, 1.0, 2.0, 3.0, 3.0, 1.0, 0.0, 2.0, 2.0, -1.0, 0.0, -1.0, 1.0, -1.0, 1.0, 0.0, 1.0, -1.0, 1.0, 2.0, -1.0, 3.0, 2.0, 2.0, 0.0, 3.0, 3.0, 0.0, 2.0, -1.0, -1.0, -1.0, -1.0, 2.0, 3.0, 1.0, 1.0, 0.0, 96128.0, 566.0
1.0, 2.0, 2.0, 1.0, 0.0, 2.0, 0.0, -1.0, -1.0, 0.0, -1.0, -1.0, 1.0, -1.0, 0.0, 3.0, -1.0, 0.0, 3.0, 1.0, -1.0, 0.0, -1.0, 2.0, -1.0, -1.0, 0.0, 1.0, -1.0, 3.0, 3.0, 0.0, 1.0, 2.0, -1.0, -1.0, -1.0, 2.0, 1.0, 3.0, 3.0, -1.0, 1.0, 2.0, 1.0, -1.0, 3.0, 0.0, 3.0, 0.0, 96707.0, 514.0
0.0, 1.0, 1.0, 2.0, 0.0, 3.0, 2.0, -1.0, -1.0, 0.0, 2.0, 3.0, 0.0, 2.0, 1.0, 1.0, 0.0, 0.0, 2.0, -1.0, 1.0, 1.0, -1.0, 3.0, 2.0, 1.0, 3.0, 3.0, 1.0, 0.0, -1.0, 1.0, -1.0, -1.0, 2.0, 2.0, -1.0, 0.0, 1.0, 2.0, 3.0, -1.0, -1.0, 0.0, -1.0, -1.0, -1.0, 2.0, 2.0, 1.0, 96277.0, 555.0
0.0, 1.0, 1.0, 2.0, 0.0, 3.0, 2.0, -1.0, -1.0, 0.0, 2.0, 3.0, 0.0, 2.0, 1.0, 1.0, 0.0, 0.0, 2.0, -1.0, 1.0, 1.0, -1.0, 3.0, 2.0, 1.0, 3.0, 3.0, 1.0, 0.0, -1.0, 1.0, -1.0, -1.0, 2.0, 2.0, -1.0, 0.0, 1.0, 2.0, 3.0, -1.0, -1.0, 0.0, -1.0, -1.0, -1.0, 2.0, 2.0, 1.0, 96277.0, 555.0
0.0, 1.0, 1.0, 2.0, 0.0, 3.0, 2.0, -1.0, -1.0, 0.0, 2.0, 3.0, 0.0, 2.0, 1.0, 1.0, 0.0, 0.0, 2.0, -1.0, 1.0, 1.0, -1.0, 3.0, 2.0, 1.0, 3.0, 3.0, 1.0, 0.0, -1.0, 1.0, -1.0, -1.0, 2.0, 2.0, -1.0, 0.0, 1.0, 2.0, 3.0, -1.0, -1.0, 0.0, -1.0, -1.0, -1.0, 2.0, 2.0, 1.0, 96277.0, 555.0
0.0, 1.0, 1.0, 2.0, 0.0, 3.0, 2.0, -1.0, -1.0, 0.0, 2.0, 3.0, 0.0, 2.0, 1.0, 1.0, 0.0, 0.0, 2.0, -1.0, 1.0, 1.0, -1.0, 3.0, 2.0, 1.0, 3.0, 3.0, 1.0, 0.0, -1.0, 1.0, -1.0, -1.0, 2.0, 2.0, -1.0, 0.0, 1.0, 2.0, 3.0, -1.0, -1.0, 0.0, -1.0, -1.0, -1.0, 2.0, 2.0, 1.0, 96277.0, 555.0
1.0, 2.0, 2.0, 1.0, 0.0, 2.0, 0.0, -1.0, -1.0, 0.0, -1.0, -1.0, 2.0, -1.0, 0.0, 3.0, -1.0, 0.0, 1.0, 1.0, -1.0, 0.0, -1.0, 2.0, -1.0, -1.0, 0.0, 1.0, -1.0, 3.0, 3.0, 0.0, 1.0, 2.0, -1.0, -1.0, -1.0, 2.0, 1.0, 3.0, 3.0, -1.0, 1.0, 2.0, 1.0, -1.0, 3.0, 0.0, 3.0, 0.0, 96714.0, 514.0
1.0, 2.0, 2.0, 1.0, 0.0, 2.0, 0.0, -1.0, -1.0, 0.0, -1.0, -1.0, 2.0, -1.0, 0.0, 3.0, -1.0, 0.0, 1.0, 1.0, -1.0, 0.0, -1.0, 2.0, -1.0, -1.0, 0.0, 1.0, -1.0, 3.0, 3.0, 0.0, 1.0, 2.0, -1.0, -1.0, -1.0, 2.0, 1.0, 3.0, 3.0, -1.0, 1.0, 2.0, 1.0, -1.0, 3.0, 0.0, 3.0, 0.0, 96714.0, 514.0
1.0, 2.0, 2.0, 1.0, 0.0, 2.0, 0.0, -1.0, -1.0, 0.0, -1.0, -1.0, 2.0, -1.0, 0.0, 3.0, -1.0, 0.0, 1.0, 1.0, -1.0, 0.0, -1.0, 2.0, -1.0, -1.0, 0.0, 1.0, -1.0, 3.0, 3.0, 0.0, 1.0, 2.0, -1.0, -1.0, -1.0, 2.0, 1.0, 3.0, 3.0, -1.0, 1.0, 2.0, 1.0, -1.0, 3.0, 0.0, 3.0, 0.0, 96714.0, 514.0
1.0, 2.0, 2.0, 1.0, 0.0, 2.0, 0.0, -1.0, -1.0, 0.0, -1.0, -1.0, 2.0, -1.0, 0.0, 3.0, -1.0, 0.0, 1.0, 1.0, -1.0, 0.0, -1.0, 2.0, -1.0, -1.0, 0.0, 1.0, -1.0, 3.0, 3.0, 0.0, 1.0, 2.0, -1.0, -1.0, -1.0, 2.0, 1.0, 3.0, 3.0, -1.0, 1.0, 2.0, 1.0, -1.0, 3.0, 0.0, 3.0, 0.0, 96714.0, 514.0
1.0, 2.0, 2.0, 1.0, 0.0, 2.0, 0.0, -1.0, -1.0, 0.0, -1.0, -1.0, 2.0, -1.0, 0.0, 3.0, -1.0, 0.0, 1.0, 1.0, -1.0, 0.0, -1.0, 2.0, -1.0, -1.0, 0.0, 1.0, -1.0, 3.0, 3.0, 0.0, 1.0, 2.0, -1.0, -1.0, -1.0, 2.0, 1.0, 3.0, 3.0, -1.0, 1.0, 2.0, 1.0, -1.0, 3.0, 0.0, 3.0, 0.0, 96714.0, 514.0
1.0, 2.0, 2.0, 1.0, 0.0, 2.0, 0.0, -1.0, -1.0, 0.0, -1.0, -1.0, 2.0, -1.0, 0.0, 3.0, -1.0, 0.0, 1.0, 1.0, -1.0, 0.0, -1.0, 2.0, -1.0, -1.0, 0.0, 1.0, -1.0, 3.0, 3.0, 0.0, 1.0, 2.0, -1.0, -1.0, -1.0, 2.0, 1.0, 3.0, 3.0, -1.0, 1.0, 2.0, 1.0, -1.0, 3.0, 0.0, 3.0, 0.0, 96714.0, 514.0
1.0, 0.0, -1.0, 0.0, -1.0, 2.0, -1.0, -1.0, 3.0, 1.0, 2.0, 0.0, 2.0, 1.0, 3.0, 0.0, -1.0, 1.0, 0.0, 2.0, 2.0, 2.0, -1.0, -1.0, 1.0, -1.0, 2.0, -1.0, 0.0, 0.0, 2.0, 3.0, 2.0, -1.0, 1.0, -1.0, 3.0, -1.0, 0.0, 1.0, 1.0, -1.0, 0.0, 1.0, -1.0, 3.0, 0.0, 3.0, 0.0, -1.0, 96672.0, 515.0
1.0, 0.0, -1.0, 0.0, -1.0, 2.0, -1.0, -1.0, 3.0, 1.0, 2.0, 0.0, 2.0, 1.0, 3.0, 0.0, -1.0, 1.0, 0.0, 2.0, 2.0, 2.0, -1.0, -1.0, 1.0, -1.0, 2.0, -1.0, 0.0, 0.0, 2.0, 3.0, 2.0, -1.0, 1.0, -1.0, 3.0, -1.0, 0.0, 1.0, 1.0, -1.0, 0.0, 1.0, -1.0, 3.0, 0.0, 3.0, 0.0, -1.0, 96672.0, 515.0
1.0, 0.0, -1.0, 0.0, -1.0, 2.0, -1.0, -1.0, 3.0, 1.0, 2.0, 0.0, 2.0, 1.0, 3.0, 0.0, -1.0, 1.0, 0.0, 2.0, 2.0, 2.0, -1.0, -1.0, 1.0, -1.0, 2.0, -1.0, 0.0, 0.0, 2.0, 3.0, 2.0, -1.0, 1.0, -1.0, 3.0, -1.0, 0.0, 1.0, 1.0, -1.0, 0.0, 1.0, -1.0, 3.0, 0.0, 3.0, 0.0, -1.0, 96672.0, 515.0
1.0, 0.0, 2.0, 1.0, 0.0, 2.0, 0.0, -1.0, -1.0, 0.0, 2.0, -1.0, 2.0, -1.0, 0.0, 3.0, -1.0, 0.0, 1.0, 1.0, -1.0, 0.0, -1.0, 2.0, -1.0, -1.0, 0.0, 1.0, -1.0, 3.0, 3.0, 0.0, 1.0, 2.0, -1.0, -1.0, -1.0, 2.0, 1.0, 3.0, 3.0, -1.0, 1.0, 2.0, 1.0, -1.0, 3.0, 0.0, 3.0, 0.0, 96592.0, 531.0
1.0, 0.0, 2.0, 1.0, 0.0, 2.0, 0.0, -1.0, -1.0, 0.0, 2.0, -1.0, 2.0, -1.0, 0.0, 3.0, -1.0, 0.0, 1.0, 1.0, -1.0, 0.0, -1.0, 2.0, -1.0, -1.0, 0.0, 1.0, -1.0, 3.0, 3.0, 0.0, 1.0, 2.0, -1.0, -1.0, -1.0, 2.0, 1.0, 3.0, 3.0, -1.0, 1.0, 2.0, 1.0, -1.0, 3.0, 0.0, 3.0, 0.0, 96592.0, 531.0
1.0, 0.0, 2.0, 1.0, 0.0, 2.0, 0.0, -1.0, -1.0, 0.0, 2.0, -1.0, 2.0, -1.0, 0.0, 3.0, -1.0, 0.0, 1.0, 1.0, -1.0, 0.0, -1.0, 2.0, -1.0, -1.0, 0.0, 1.0, -1.0, 3.0, 3.0, 0.0, 1.0, 2.0, -1.0, -1.0, -1.0, 2.0, 1.0, 3.0, 3.0, -1.0, 1.0, 2.0, 1.0, -1.0, 3.0, 0.0, 3.0, 0.0, 96592.0, 531.0
1.0, 0.0, -1.0, 0.0, -1.0, 2.0, -1.0, 1.0, 3.0, 1.0, 2.0, 0.0, 2.0, 1.0, 3.0, 0.0, -1.0, 1.0, 0.0, 2.0, 2.0, 2.0, -1.0, -1.0, 1.0, -1.0, 2.0, -1.0, 0.0, 0.0, 2.0, 3.0, 2.0, -1.0, 1.0, -1.0, 3.0, -1.0, 0.0, 1.0, 1.0, -1.0, 0.0, 1.0, -1.0, 3.0, 0.0, 3.0, 0.0, -1.0, 96606.0, 530.0
1.0, 0.0, -1.0, 0.0, -1.0, 2.0, -1.0, 1.0, 3.0, 1.0, 2.0, 0.0, 2.0, 1.0, 3.0, 0.0, -1.0, 1.0, 0.0, 2.0, 2.0, 2.0, -1.0, -1.0, 1.0, -1.0, 2.0, -1.0, 0.0, 0.0, 2.0, 3.0, 2.0, -1.0, 1.0, -1.0, 3.0, -1.0, 0.0, 1.0, 1.0, -1.0, 0.0, 1.0, -1.0, 3.0, 0.0, 3.0, 0.0, -1.0, 96606.0, 530.0
