-1.0, 2.0, 3.0, 3.0, 0.0, 3.0, 0.0, 1.0, 1.0, -1.0, 3.0, 1.0, 2.0, -1.0, 2.0, 0.0, 2.0, 3.0, 3.0, 2.0, 1.0, 1.0, 3.0, 3.0, 1.0, -1.0, 0.0, 1.0, 2.0, 2.0, 0.0, -1.0, 1.0, -1.0, 0.0, -1.0, 0.0, 0.0, -1.0, 1.0, -1.0, 2.0, 2.0, 0.0, 2.0, -1.0, 3.0, 0.0, 0.0, -1.0, 549.0, 99511.0
-1.0, 2.0, 3.0, 3.0, 0.0, 3.0, 0.0, 1.0, 1.0, -1.0, 3.0, 1.0, 2.0, 2.0, 2.0, 0.0, 2.0, 3.0, 3.0, 2.0, 1.0, 1.0, 3.0, 3.0, 1.0, 3.0, 0.0, 1.0, 2.0, 2.0, 0.0, 2.0, 1.0, -1.0, 0.0, -1.0, 0.0, 0.0, -1.0, 1.0, -1.0, 2.0, 2.0, 0.0, 2.0, -1.0, 3.0, 0.0, 0.0, -1.0, 594.0, 99471.0
3.0, 0.0, 1.0, -1.0, 0.0, -1.0, -1.0, 1.0, -1.0, 1.0, 2.0, -1.0, -1.0, -1.0, 2.0, 2.0, 2.0, 1.0, -1.0, 2.0, 3.0, 0.0, -1.0, 1.0, -1.0, 3.0, 1.0, 1.0, 3.0, 0.0, 1.0, -1.0, 2.0, 2.0, -1.0, -1.0, -1.0, 3.0, -1.0, 0.0, -1.0, 1.0, -1.0, 1.0, 2.0, 0.0, 0.0, 3.0, 3.0, -1.0, 454.0, 99603.0
3.0, 2.0, 1.0, 1.0, -1.0, 0.0, 1.0, 2.0, 3.0, -1.0, 1.0, 2.0, 1.0, 1.0, 1.0, 0.0, 0.0, 2.0, 3.0, 1.0, 2.0, -1.0, 3.0, -1.0, -1.0, 1.0, -1.0, 0.0, 1.0, 0.0, 2.0, 2.0, 3.0, 3.0, -1.0, 2.0, -1.0, 0.0, -1.0, 0.0, -1.0, 3.0, -1.0, -1.0, 1.0, 2.0, 1.0, 2.0, 0.0, -1.0, 522.0, 99534.0
-1.0, 2.0, 3.0, 3.0, 0.0, 3.0, 0.0, 1.0, 1.0, -1.0, 3.0, 1.0, 2.0, -1.0, 2.0, 0.0, 2.0, 3.0, 3.0, 2.0, 1.0, 1.0, 3.0, 3.0, 1.0, -1.0, 0.0, 1.0, 2.0, 2.0, 0.0, -1.0, 1.0, -1.0, 0.0, -1.0, 0.0, 0.0, -1.0, 1.0, -1.0, 2.0, 2.0, 0.0, 2.0, -1.0, 3.0, 0.0, 0.0, -1.0, 549.0, 99511.0
-1.0, 2.0, 3.0, 3.0, 0.0, 3.0, 0.0, 1.0, 1.0, -1.0, 3.0, 1.0, 2.0, 2.0, 2.0, 0.0, 2.0, 3.0, 3.0, 2.0, 1.0, 1.0, 3.0, 3.0, 1.0, 3.0, 0.0, 1.0, 2.0, 2.0, 0.0, 2.0, 1.0, -1.0, 0.0, -1.0, 0.0, 0.0, -1.0, 1.0, -1.0, 2.0, 2.0, 0.0, 2.0, -1.0, 3.0, 0.0, 0.0, -1.0, 594.0, 99471.0
3.0, 2.0, 2.0, 1.0, -1.0, 0.0, 1.0, 2.0, 3.0, -1.0, 1.0, 2.0, 1.0, 1.0, 1.0, 0.0, 0.0, 2.0, 3.0, 1.0, 2.0, -1.0, 3.0, -1.0, -1.0, 1.0, -1.0, 0.0, 1.0, 0.0, 2.0, -1.0, 3.0, 3.0, -1.0, 2.0, -1.0, 0.0, -1.0, 0.0, -1.0, 3.0, -1.0, -1.0, 1.0, 2.0, 1.0, 2.0, 0.0, -1.0, 505.0, 99547.0
3.0, 0.0, 1.0, -1.0, 0.0, -1.0, -1.0, 1.0, -1.0, 1.0, 2.0, -1.0, -1.0, -1.0, 2.0, 0.0, 2.0, 1.0, -1.0, 2.0, -1.0, 2.0, 0.0, 1.0, -1.0, 3.0, 1.0, 1.0, 3.0, 0.0, 1.0, -1.0, 2.0, 2.0, -1.0, -1.0, -1.0, 3.0, -1.0, 0.0, -1.0, 1.0, -1.0, 1.0, 2.0, 0.0, 0.0, 3.0, 3.0, 2.0, 469.0, 99600.0
3.0, 0.0, 1.0, -1.0, 0.0, -1.0, -1.0, 1.0, -1.0, 1.0, 2.0, -1.0, -1.0, -1.0, 2.0, 2.0, 2.0, 1.0, -1.0, 2.0, 3.0, 0.0, -1.0, 1.0, -1.0, 3.0, 1.0, 1.0, 3.0, 0.0, 1.0, -1.0, 2.0, 2.0, -1.0, -1.0, -1.0, 3.0, -1.0, 0.0, -1.0, 1.0, -1.0, 1.0, 2.0, 0.0, 0.0, 3.0, 3.0, -1.0, 454.0, 99603.0
3.0, 2.0, 0.0, 1.0, -1.0, 0.0, 1.0, 2.0, 3.0, -1.0, 1.0, 2.0, 0.0, 2.0, 1.0, 0.0, 0.0, 1.0, 3.0, 1.0, 1.0, 3.0, 3.0, -1.0, 1.0, 1.0, -1.0, 0.0, 1.0, 0.0, 2.0, 2.0, 3.0, 3.0, -1.0, 2.0, -1.0, 0.0, -1.0, 0.0, -1.0, 2.0, -1.0, -1.0, -1.0, 2.0, 3.0, 2.0, -1.0, -1.0, 520.0, 99535.0
3.0, 0.0, 1.0, -1.0, 0.0, -1.0, -1.0, 1.0, -1.0, 1.0, 2.0, -1.0, -1.0, -1.0, 2.0, 0.0, 2.0, 1.0, -1.0, 2.0, -1.0, 2.0, 0.0, 1.0, -1.0, 3.0, 1.0, 1.0, 3.0, 0.0, 1.0, -1.0, 2.0, 2.0, -1.0, -1.0, -1.0, 3.0, -1.0, 0.0, -1.0, 1.0, -1.0, 1.0, 2.0, 0.0, 0.0, 3.0, 3.0, 2.0, 469.0, 99600.0
-1.0, 2.0, 3.0, 3.0, 0.0, 3.0, 0.0, 1.0, 1.0, -1.0, 3.0, 1.0, 2.0, -1.0, 2.0, 0.0, 2.0, 3.0, 3.0, 2.0, 1.0, 1.0, 3.0, 3.0, 1.0, -1.0, 0.0, 1.0, 2.0, 2.0, 0.0, -1.0, 1.0, -1.0, 0.0, -1.0, 0.0, 0.0, -1.0, 1.0, -1.0, 2.0, 2.0, 0.0, 2.0, -1.0, 3.0, 0.0, 0.0, -1.0, 549.0, 99511.0
-1.0, 2.0, 3.0, 3.0, 0.0, 3.0, 0.0, 1.0, 1.0, -1.0, 3.0, 1.0, 2.0, 2.0, 2.0, 0.0, 2.0, 3.0, 3.0, 2.0, 1.0, 1.0, 3.0, 3.0, 1.0, 3.0, 0.0, 1.0, 2.0, 2.0, 0.0, 2.0, 1.0, -1.0, 0.0, -1.0, 0.0, 0.0, -1.0, 1.0, -1.0, 2.0, 2.0, 0.0, 2.0, -1.0, 3.0, 0.0, 0.0, -1.0, 594.0, 99471.0
3.0, 0.0, 1.0, -1.0, 0.0, -1.0, -1.0, 1.0, -1.0, 1.0, 2.0, -1.0, -1.0, -1.0, 2.0, 0.0, 2.0, 1.0, -1.0, 2.0, -1.0, 2.0, 0.0, 1.0, -1.0, 3.0, 1.0, 1.0, 3.0, 0.0, 1.0, -1.0, 2.0, 2.0, -1.0, -1.0, -1.0, 3.0, -1.0, 0.0, -1.0, 1.0, -1.0, 1.0, 2.0, 0.0, 0.0, 3.0, 3.0, 2.0, 469.0, 99600.0
3.0, 0.0, 1.0, -1.0, 0.0, -1.0, -1.0, 1.0, -1.0, 1.0, 2.0, -1.0, -1.0, -1.0, 2.0, 2.0, 2.0, 1.0, -1.0, 2.0, 3.0, 0.0, -1.0, 1.0, -1.0, 3.0, 1.0, 1.0, 3.0, 0.0, 1.0, -1.0, 2.0, 2.0, -1.0, -1.0, -1.0, 3.0, -1.0, 0.0, -1.0, 1.0, -1.0, 1.0, 2.0, 0.0, 0.0, 3.0, 3.0, -1.0, 454.0, 99603.0
3.0, 3.0, 0.0, 1.0, -1.0, 0.0, 1.0, 2.0, 3.0, -1.0, 1.0, 2.0, 2.0, 2.0, 1.0, 0.0, 0.0, 1.0, 3.0, 1.0, 2.0, 3.0, 3.0, -1.0, -1.0, 1.0, -1.0, 0.0, 1.0, 0.0, 2.0, 2.0, 0.0, 3.0, -1.0, 2.0, -1.0, 0.0, -1.0, 0.0, -1.0, 3.0, -1.0, -1.0, -1.0, 2.0, 1.0, 0.0, 0.0, -1.0, 523.0, 99533.0
-1.0, 2.0, 3.0, 3.0, 0.0, 3.0, 0.0, 1.0, 1.0, -1.0, 3.0, 1.0, 2.0, 2.0, 2.0, 0.0, 2.0, 3.0, 3.0, 2.0, 1.0, -1.0, 3.0, 3.0, 1.0, 3.0, 0.0, 1.0, 2.0, 2.0, 0.0, -1.0, 1.0, -1.0, 0.0, -1.0, 0.0, 0.0, -1.0, 1.0, -1.0, 2.0, 2.0, 0.0, 2.0, -1.0, 3.0, 0.0, 0.0, -1.0, 558.0, 99497.0
3.0, 0.0, 1.0, -1.0, 0.0, -1.0, -1.0, 1.0, -1.0, 1.0, 2.0, -1.0, -1.0, -1.0, 2.0, 0.0, 2.0, 1.0, -1.0, 2.0, -1.0, 2.0, 0.0, 1.0, -1.0, 3.0, 1.0, 1.0, 3.0, 0.0, 1.0, -1.0, 2.0, 2.0, -1.0, -1.0, -1.0, 3.0, -1.0, 0.0, -1.0, 2.0, -1.0, 1.0, 2.0, 0.0, 0.0, 3.0, 3.0, 2.0, 469.0, 99600.0
3.0, 3.0, 0.0, 1.0, -1.0, 0.0, 1.0, 2.0, 3.0, -1.0, 1.0, 2.0, 1.0, 0.0, 1.0, 0.0, 0.0, 1.0, 3.0, 1.0, 2.0, 3.0, 3.0, -1.0, -1.0, 1.0, -1.0, 0.0, 1.0, 0.0, 2.0, 2.0, 0.0, 3.0, -1.0, 2.0, -1.0, 0.0, -1.0, 0.0, -1.0, 3.0, -1.0, -1.0, -1.0, 2.0, 1.0, 0.0, 0.0, -1.0, 523.0, 99533.0
3.0, 0.0, 1.0, -1.0, -1.0, -1.0, 0.0, 1.0, -1.0, 1.0, 2.0, -1.0, -1.0, -1.0, -1.0, 0.0, 2.0, 1.0, -1.0, 1.0, -1.0, 2.0, 3.0, 1.0, 1.0, 3.0, 1.0, 1.0, 3.0, 0.0, 1.0, -1.0, 2.0, 2.0, -1.0, 2.0, -1.0, 3.0, -1.0, 0.0, -1.0, 2.0, -1.0, 1.0, 2.0, 0.0, 0.0, 3.0, 3.0, -1.0, 470.0, 99583.0
-1.0, 2.0, 3.0, 3.0, 0.0, 3.0, 0.0, 1.0, 1.0, -1.0, 3.0, 1.0, 2.0, -1.0, 2.0, 0.0, 2.0, 3.0, 3.0, 2.0, 1.0, 1.0, 3.0, 3.0, 1.0, -1.0, 0.0, 1.0, 2.0, 2.0, 0.0, -1.0, 1.0, -1.0, 0.0, -1.0, 0.0, 0.0, -1.0, 1.0, -1.0, 2.0, 2.0, 0.0, 2.0, -1.0, 3.0, 0.0, 0.0, -1.0, 549.0, 99511.0
-1.0, 2.0, 3.0, 3.0, 0.0, 3.0, 0.0, 1.0, 1.0, -1.0, 3.0, 1.0, 2.0, 2.0, 2.0, 0.0, 2.0, 3.0, 3.0, 2.0, 1.0, 1.0, 3.0, 3.0, 1.0, 3.0, -1.0, 1.0, 2.0, 2.0, 0.0, 2.0, 1.0, -1.0, 0.0, -1.0, 0.0, 0.0, -1.0, 1.0, -1.0, 2.0, 2.0, 0.0, 2.0, -1.0, 3.0, 0.0, 0.0, -1.0, 581.0, 99481.0
3.0, 2.0, 0.0, 1.0, -1.0, 0.0, 1.0, 2.0, 1.0, -1.0, 3.0, 2.0, 1.0, 1.0, 1.0, 0.0, 0.0, 1.0, 3.0, 1.0, 2.0, 1.0, 3.0, -1.0, 1.0, 1.0, -1.0, 0.0, 1.0, 0.0, 2.0, 2.0, 3.0, 3.0, -1.0, 2.0, -1.0, 0.0, -1.0, 0.0, -1.0, 3.0, -1.0, -1.0, -1.0, 2.0, 3.0, 2.0, -1.0, -1.0, 520.0, 99535.0
3.0, 2.0, 2.0, 1.0, -1.0, 0.0, 1.0, 2.0, 3.0, -1.0, 1.0, 2.0, 1.0, 1.0, 1.0, 0.0, 0.0, 2.0, 3.0, 1.0, 2.0, -1.0, 3.0, -1.0, -1.0, 1.0, -1.0, 0.0, 1.0, 0.0, 2.0, -1.0, 3.0, 3.0, -1.0, 2.0, -1.0, 0.0, -1.0, 0.0, -1.0, 3.0, -1.0, -1.0, 1.0, 2.0, 1.0, 2.0, 0.0, -1.0, 505.0, 99547.0
3.0, 3.0, 0.0, 1.0, -1.0, 0.0, 1.0, 2.0, 3.0, -1.0, 1.0, 2.0, 1.0, 1.0, 1.0, 0.0, 0.0, 1.0, 3.0, 1.0, 2.0, 3.0, 3.0, -1.0, -1.0, 1.0, -1.0, 0.0, 1.0, 2.0, -1.0, 2.0, 3.0, 3.0, -1.0, 2.0, -1.0, 0.0, -1.0, 0.0, -1.0, 3.0, -1.0, -1.0, -1.0, 2.0, 1.0, 2.0, -1.0, -1.0, 499.0, 99563.0
3.0, 0.0, 1.0, -1.0, 0.0, -1.0, -1.0, 1.0, -1.0, 1.0, 2.0, -1.0, -1.0, -1.0, 2.0, 2.0, 2.0, 1.0, -1.0, 2.0, 3.0, 0.0, -1.0, 1.0, -1.0, 3.0, 1.0, 1.0, 3.0, 0.0, 1.0, -1.0, 2.0, 2.0, -1.0, -1.0, -1.0, 3.0, -1.0, 0.0, -1.0, 1.0, -1.0, 1.0, 2.0, 0.0, 0.0, 3.0, 3.0, -1.0, 454.0, 99603.0
3.0, 3.0, 0.0, 1.0, -1.0, 0.0, 1.0, 2.0, 3.0, -1.0, 0.0, 2.0, 1.0, 1.0, 1.0, 1.0, 0.0, 1.0, 3.0, 1.0, 2.0, 3.0, 3.0, -1.0, -1.0, 1.0, -1.0, 0.0, 1.0, 2.0, -1.0, 2.0, 3.0, 0.0, -1.0, 2.0, -1.0, 0.0, -1.0, 0.0, -1.0, 3.0, -1.0, -1.0, -1.0, 2.0, 1.0, 2.0, -1.0, -1.0, 499.0, 99563.0
3.0, 2.0, 0.0, 1.0, -1.0, 0.0, 1.0, 2.0, 3.0, -1.0, 1.0, 2.0, 0.0, 2.0, 1.0, 0.0, 0.0, 1.0, 3.0, 1.0, 3.0, 3.0, 3.0, -1.0, 1.0, 1.0, -1.0, 0.0, 1.0, 0.0, 2.0, 2.0, 3.0, 3.0, -1.0, 2.0, -1.0, 0.0, -1.0, 0.0, -1.0, 2.0, -1.0, -1.0, -1.0, 2.0, 3.0, 2.0, -1.0, -1.0, 520.0, 99535.0
