0.535940501291, 1.1407160133, 6.15495636635, 0.366500039195, 49.1137603901, 43.4967556126, 2.71534059058, 1.99565514756, 35.6145969097, 0.407317782944, 0.422857142857
0.597547556096, 0.950536099756, 5.66716102287, 0.213752854236, 39.2222504863, 46.3017085385, 2.03629276366, 1.48150569277, 43.1824711879, 0.365420177435, 0.621468926554
0.521886955195, 1.22187319333, 7.58384368174, 0.399273767342, 19.7018072887, 46.642622298, 2.19288867713, 1.00582904478, 35.273880284, 0.404165276592, 0.570422535211
0.521886955195, 1.22187319333, 7.58384368174, 0.454067446861, 39.2222504863, 40.5583857365, 2.19288867713, 1.00582904478, 35.273880284, 0.420053856042, 0.040404040404
0.560414736342, 0.930010923434, 6.28924476518, 0.260609882781, 0.736036837256, 47.4845698108, 2.88161981294, 1.80088345648, 36.2080179909, 0.387579444942, 0.605809128631
0.510459360123, 0.963235501239, 5.69061342036, 0.498053448069, 1.70051053376, 43.1166475505, 3.96609266051, 2.90134219235, 33.4106940506, 0.441376670698, 0.0
0.597547556096, 0.950536099756, 5.66716102287, 0.213752854236, 19.7018072887, 49.5995759214, 2.03629276366, 1.48150569277, 43.847108022, 0.376920098666, 0.646864686469
0.566352894405, 0.912376245658, 5.9917449967, 0.314834559799, 33.0383185843, 45.3029096807, 3.5586052691, 1.58969124376, 38.8063948688, 0.404318445464, 0.584946236559
0.597547556096, 0.844802357104, 5.66716102287, 0.213752854236, 39.2222504863, 49.5823921871, 2.20515228601, 1.48150569277, 42.0777996907, 0.388156455056, 0.658536585366
0.597547556096, 0.950536099756, 5.66716102287, 0.213752854236, 39.2222504863, 46.3017085385, 2.19005735199, 1.48150569277, 41.1124374341, 0.408764336431, 0.55
0.637660837678, 1.01316678642, 7.58384368174, 0.478309845864, 28.3906230808, 40.7052074802, 2.52759029531, 1.00582904478, 43.1824711879, 0.417165431629, 0.540880503145
0.500759654527, 1.1407160133, 6.15495636635, 0.480509686186, 23.5298025776, 46.1637396807, 2.86575389315, 1.99565514756, 32.5100263018, 0.411409230548, 0.602189781022
0.597547556096, 0.950536099756, 3.33462746079, 0.201210738384, 39.2222504863, 40.7563158872, 2.12129433764, 1.04117303663, 30.3502472274, 0.430116786151, 0.252032520325
0.600943390188, 1.04342676551, 7.97616530368, 0.492717562817, 49.1137603901, 41.6371762874, 2.03313824901, 2.67492258803, 25.0417649018, 0.459994902316, 0.0
0.725948085784, 1.08015847125, 5.03356970735, 0.262037106532, 20.8074476601, 46.9763090835, 3.20733928896, 1.2697348169, 30.0924723813, 0.416549942616, 0.65550660793
0.5580657082, 1.00063125627, 4.11186503734, 0.230703210205, 47.8081838563, 48.692168607, 3.09032953731, 1.71132839371, 30.8319734926, 0.426181621698, 0.470588235294
0.526928996168, 1.25897315915, 2.64333784234, 0.231556605254, 29.75507306, 46.0698664557, 2.64285232302, 1.69818667715, 21.1875494108, 0.423917097115, 0.48623853211
0.597547556096, 0.844802357104, 5.66716102287, 0.213752854236, 39.2222504863, 49.474220961, 2.19005735199, 1.48150569277, 40.2916393687, 0.422647952351, 0.541666666667
0.501041672471, 1.20711758126, 5.89900787234, 0.427045311875, 34.89672588, 40.4049841194, 2.84136276822, 2.66422717191, 36.7327250142, 0.465720403781, 0.0
0.535940501291, 1.1407160133, 6.15495636635, 0.384619453868, 49.1137603901, 41.2815512665, 2.71534059058, 1.99565514756, 30.5160355163, 0.427324959538, 0.548736462094
0.506695606191, 0.943688742116, 5.64568210763, 0.241951745094, 5.2146343461, 46.9763090835, 3.56840239392, 1.5869959166, 32.5088722614, 0.445031049182, 0.365817091454
0.526928996168, 1.25861917991, 5.82236102262, 0.492717562817, 29.75507306, 46.0698664557, 2.50468798769, 1.69818667715, 20.3670332662, 0.437816114678, 0.512396694215
0.526928996168, 1.25897315915, 2.64333784234, 0.49077245846, 29.75507306, 46.0698664557, 2.64285232302, 1.67890543502, 21.1875494108, 0.431522607317, 0.515021459227
0.535940501291, 1.1407160133, 6.15495636635, 0.366500039195, 49.1137603901, 41.2815512665, 2.71534059058, 1.99565514756, 35.6145969097, 0.423939499901, 0.640102827763
0.526928996168, 1.01316678642, 7.58384368174, 0.478309845864, 28.3906230808, 40.7052074802, 2.52759029531, 1.00582904478, 43.1824711879, 0.492922721809, 0.0
0.560414736342, 0.930010923434, 6.28924476518, 0.260609882781, 0.736036837256, 47.4845698108, 3.03017543675, 1.80088345648, 36.2080179909, 0.426081813766, 0.648841354724
0.716711420433, 1.13706088404, 5.28652713238, 0.270317896499, 22.4298398119, 45.2492073813, 2.28836559182, 1.77692590563, 29.8302571058, 0.461068191624, 0.227777777778
0.560414736342, 1.07013592171, 6.28924476518, 0.260609882781, 33.0383185843, 47.4845698108, 3.88495314809, 1.80088345648, 31.4208683726, 0.43998360491, 0.532515337423
0.526928996168, 1.25861917991, 5.82236102262, 0.306630400792, 29.75507306, 46.0698664557, 2.50468798769, 1.69818667715, 20.3670332662, 0.429675360354, 0.590443686007
0.567211317178, 1.00063125627, 2.22387170363, 0.2967274313, 8.9391729645, 45.1592145858, 2.38924104915, 1.68576998429, 28.4633734217, 0.429086817863, 0.602150537634
0.723658043851, 0.940349298289, 3.83575752579, 0.292603883115, 42.4740920622, 44.3737827286, 2.3403697902, 1.67890543502, 21.5094634929, 0.447766109068, 0.376923076923
0.523410554121, 0.873710037654, 2.00351919749, 0.253527269628, 46.7935840075, 43.2232853778, 3.43561161306, 1.21597404514, 31.1449098353, 0.446993156952, 0.378151260504
0.567211317178, 0.954779394371, 4.83312310793, 0.2967274313, 8.9391729645, 45.1592145858, 2.38924104915, 1.68576998429, 28.4633734217, 0.442266788504, 0.438709677419
0.652235876495, 1.22187319333, 7.57384847883, 0.399273767342, 19.7018072887, 46.642622298, 3.1685407036, 1.77293165821, 35.273880284, 0.428376865647, 0.602761982128
0.566352894405, 1.14901142588, 2.88283619441, 0.34909361387, 24.5986439976, 41.6348099012, 3.78600839609, 1.207146044, 41.0021263178, 0.42764387504, 0.620719178082
0.535940501291, 1.1407160133, 6.15495636635, 0.480509686186, 23.5298025776, 45.9288626776, 2.5496174097, 1.99565514756, 32.5100263018, 0.465130788116, 0.245454545455
0.506570961588, 0.877686582149, 3.23783918349, 0.478291362165, 2.51572287181, 40.3757786168, 3.66237842498, 1.71132839371, 27.3554919824, 0.498422332432, 0.0
0.620248857695, 1.0265344202, 3.33462746079, 0.213752854236, 39.2222504863, 46.3017085385, 2.10288205807, 1.04117303663, 30.3502472274, 0.455119879686, 0.408256880734
0.632854566255, 1.0131428316, 3.50787876212, 0.25355175714, 33.0383185843, 42.4906021412, 3.78600839609, 1.58969124376, 36.4405587305, 0.458837476149, 0.378723404255
0.560414736342, 1.07013592171, 6.28924476518, 0.260609882781, 0.736036837256, 47.4845698108, 3.88495314809, 1.80088345648, 31.4208683726, 0.452711671268, 0.415549597855
0.769979067544, 1.19026587495, 6.27296082998, 0.350434144079, 16.5507982509, 46.3830046111, 2.95363172252, 2.58063166576, 33.968137481, 0.481855984282, 0.201257861635
0.523251073276, 0.954779394371, 4.11186503734, 0.230703210205, 47.8081838563, 48.692168607, 3.09032953731, 1.71132839371, 30.8319734926, 0.49115096719, 0.184684684685
0.535940501291, 1.1407160133, 6.15495636635, 0.366500039195, 49.1137603901, 47.4198739862, 2.71534059058, 1.99565514756, 35.6145969097, 0.438094331656, 0.571929824561
0.535940501291, 1.1407160133, 6.15495636635, 0.213752854236, 23.5298025776, 45.9288626776, 2.5496174097, 1.99565514756, 40.2916393687, 0.437474013663, 0.594029850746
0.636229842993, 1.14901142588, 2.88283619441, 0.34909361387, 24.5986439976, 41.6348099012, 2.26182747144, 1.207146044, 41.0021263178, 0.486215781491, 0.209459459459
0.500759654527, 1.05329978241, 7.05031739299, 0.403741529355, 43.2460183414, 46.1637396807, 2.03321803294, 3.60617165722, 22.1408762651, 0.501735590163, 0.013698630137
0.500759654527, 1.1407160133, 3.33462746079, 0.480509686186, 47.820564842, 46.1637396807, 2.86575389315, 1.99565514756, 30.3502472274, 0.503837002222, 0.0
0.566352894405, 0.950920634753, 3.50787876212, 0.419088837445, 33.0383185843, 42.4906021412, 3.78600839609, 1.58969124376, 36.4405587305, 0.47055183705, 0.231884057971
0.723658043851, 0.940349298289, 3.83575752579, 0.292603883115, 42.4740920622, 44.3737827286, 2.3403697902, 1.67890543502, 21.5094634929, 0.464950748835, 0.365853658537
0.616282869823, 0.873710037654, 2.00351919749, 0.253527269628, 21.0737231186, 45.0928963364, 3.43561161306, 1.21597404514, 31.1449098353, 0.450260064246, 0.45207253886
0.616282869823, 0.873710037654, 4.81772539203, 0.253527269628, 21.0737231186, 45.0928963364, 3.43561161306, 1.21597404514, 31.1449098353, 0.494464423048, 0.135802469136
0.506695606191, 1.12261639774, 5.64568210763, 0.241951745094, 5.2146343461, 46.9763090835, 3.56840239392, 1.5869959166, 32.5088722614, 0.446785842839, 0.510011778563
0.725948085784, 1.08015847125, 5.03356970735, 0.262037106532, 20.8074476601, 48.6356621057, 3.20733928896, 1.41419435061, 30.0924723813, 0.437318275062, 0.652009097801
0.529441229458, 0.943688742116, 7.80520170019, 0.241951745094, 5.2146343461, 46.9763090835, 3.56840239392, 1.5869959166, 32.5088722614, 0.432438337538, 0.667477696675
0.68477964463, 0.894791256609, 4.53505841196, 0.427045311875, 22.2993334214, 44.3153919135, 2.8669093665, 4.66240961375, 27.7743620327, 0.514210481535, 0.0
0.607752477436, 1.20726711243, 5.53622849053, 0.232357296679, 46.5956236224, 44.4921201567, 2.27227216628, 1.70603536162, 32.0300196096, 0.449733387847, 0.485477178423
0.597547556096, 0.844802357104, 5.66716102287, 0.213752854236, 39.2222504863, 49.474220961, 2.19005735199, 1.48150569277, 42.0777996907, 0.445376364059, 0.525114155251
0.535940501291, 1.1407160133, 6.15495636635, 0.366500039195, 49.1137603901, 43.4967556126, 2.71534059058, 1.99565514756, 35.6145969097, 0.47844524103, 0.251908396947
0.566352894405, 0.912376245658, 5.9917449967, 0.314834559799, 33.0383185843, 45.3029096807, 3.5586052691, 1.58969124376, 38.8063948688, 0.454556122514, 0.481213872832
0.652235876495, 1.20922264552, 7.57384847883, 0.399273767342, 19.7018072887, 46.642622298, 3.1685407036, 1.77293165821, 35.273880284, 0.470340352475, 0.294627383016
0.810176757123, 1.23119375701, 6.53604589552, 0.444031963146, 41.7994080921, 42.0226892542, 2.31311650246, 0.396769703881, 39.2604979174, 0.517149804165, 0.0
0.728329802412, 0.94633679784, 4.92108892297, 0.215480868576, 46.2053694609, 47.2951803808, 2.82444249908, 1.31241164388, 30.5160355163, 0.464161114848, 0.402985074627
0.652235876495, 1.20922264552, 7.57384847883, 0.399273767342, 19.7018072887, 46.642622298, 3.1685407036, 1.77293165821, 35.273880284, 0.44715612028, 0.526918671249
0.607752477436, 1.20726711243, 7.57384847883, 0.232357296679, 46.5956236224, 44.4921201567, 2.27227216628, 1.70603536162, 32.0300196096, 0.443778111173, 0.571847507331
0.585034000566, 1.22617405638, 7.96584305571, 0.246191116277, 10.7304391622, 45.1592145858, 3.7959088884, 1.77692590563, 36.3983756842, 0.475615956003, 0.281437125749
0.572990061188, 1.20726711243, 7.40925981042, 0.232357296679, 39.1058137649, 43.6122078439, 3.66237842498, 0.396769703881, 29.1284689921, 0.51641898388, 0.029702970297
0.534542045347, 1.0131428316, 3.50787876212, 0.25355175714, 0.736036837256, 42.4906021412, 3.78600839609, 1.58969124376, 36.4405587305, 0.460630358767, 0.430188679245
0.637660837678, 1.09813423431, 7.58384368174, 0.478309845864, 28.3906230808, 40.7052074802, 2.52759029531, 1.00582904478, 43.1824711879, 0.443366474823, 0.593406593407
0.600943390188, 1.04342676551, 7.97616530368, 0.492717562817, 5.7288051138, 41.6371762874, 2.03313824901, 2.67492258803, 25.0417649018, 0.519854704014, 0.0
0.636229842993, 1.14901142588, 2.88283619441, 0.34909361387, 24.5986439976, 43.6622261794, 2.26182747144, 1.207146044, 41.0021263178, 0.443865833041, 0.592307692308
0.535940501291, 1.1407160133, 6.15495636635, 0.366500039195, 49.1137603901, 43.4967556126, 2.71534059058, 1.99565514756, 35.6145969097, 0.471700596578, 0.35175879397
0.560414736342, 0.930010923434, 6.28924476518, 0.260609882781, 0.736036837256, 47.4845698108, 3.03017543675, 1.80088345648, 36.2080179909, 0.470826146339, 0.35499207607
0.560414736342, 0.930010923434, 6.28924476518, 0.260609882781, 11.9903928443, 47.4845698108, 3.03017543675, 1.80088345648, 36.2080179909, 0.452226485415, 0.520979020979
0.530916238904, 1.22617405638, 7.96584305571, 0.246191116277, 10.7304391622, 45.1592145858, 3.7959088884, 4.22847667199, 36.3983756842, 0.507955173669, 0.0618279569892
0.675585430724, 0.873705972132, 6.78739662423, 0.435557733913, 8.84495861936, 49.3131853377, 2.88161981294, 2.93136213635, 29.3556575534, 0.52258871194, 0.0
0.581230506094, 1.0265344202, 7.64035848978, 0.319391951426, 41.6135201008, 43.1166475505, 3.96609266051, 0.33691979324, 41.1628736935, 0.517546566534, 0.0329113924051
0.506695606191, 1.01316678642, 5.64568210763, 0.241951745094, 5.2146343461, 46.9763090835, 2.52759029531, 1.00582904478, 32.5088722614, 0.457245545539, 0.520599250936
0.597547556096, 0.950536099756, 3.33462746079, 0.213752854236, 39.2222504863, 46.3017085385, 2.10288205807, 1.04117303663, 30.3502472274, 0.490679051683, 0.254901960784
0.652235876495, 1.22187319333, 7.57384847883, 0.399273767342, 19.7018072887, 46.642622298, 3.1685407036, 1.77293165821, 35.273880284, 0.490000948916, 0.274914089347
0.716711420433, 1.13706088404, 5.28652713238, 0.270317896499, 22.4298398119, 45.2492073813, 2.04972249069, 1.77692590563, 29.8302571058, 0.468009894918, 0.387755102041
0.567211317178, 0.954779394371, 7.39849187368, 0.398098324753, 8.9391729645, 45.6707544609, 2.38924104915, 0.791209405855, 23.168372085, 0.52658572868, 0.0119047619048
0.555505505282, 1.06088615391, 7.55948025348, 0.397533340673, 48.4431711251, 49.9952384492, 2.52408521556, 3.65801534764, 40.8460680699, 0.527924257953, 0.0
0.716711420433, 1.13706088404, 5.28652713238, 0.270317896499, 22.4298398119, 45.2492073813, 2.04972249069, 1.77692590563, 29.8302571058, 0.445754862956, 0.619791666667
0.664671750152, 0.903261057522, 7.87515493511, 0.310556266577, 39.8640812453, 46.9092886127, 2.82226728826, 1.42592778684, 23.6000248388, 0.446516222837, 0.619047619048
0.542522577251, 0.873705972132, 6.78739662423, 0.435557733913, 8.84495861936, 49.3131853377, 2.88161981294, 2.93136213635, 29.3556575534, 0.507959473014, 0.143939393939
0.620248857695, 1.0265344202, 6.15495636635, 0.213752854236, 39.2222504863, 46.3017085385, 2.10288205807, 1.04117303663, 32.5100263018, 0.458200707422, 0.526515151515
0.526928996168, 1.25861917991, 5.82236102262, 0.231556605254, 29.75507306, 46.0698664557, 2.64285232302, 1.69818667715, 21.1875494108, 0.462334278573, 0.457627118644
0.716711420433, 1.20052284946, 5.70713882041, 0.20468098903, 22.4340774728, 45.2492073813, 2.04972249069, 1.77692590563, 29.8302571058, 0.447951743358, 0.570909090909
0.500759654527, 1.13961254651, 6.27296082998, 0.384053457671, 5.7288051138, 41.6371762874, 2.03313824901, 2.67492258803, 20.1885917691, 0.502765994376, 0.21472392638
0.607752477436, 1.08240110831, 5.53622849053, 0.407201590739, 46.5956236224, 44.4921201567, 2.27227216628, 1.70603536162, 27.7756107207, 0.498839466092, 0.231638418079
0.607752477436, 1.08240110831, 5.53622849053, 0.407201590739, 46.5956236224, 44.4921201567, 2.27227216628, 1.70603536162, 27.7756107207, 0.497431746565, 0.248322147651
0.62823420342, 1.04342676551, 3.47758176046, 0.384053457671, 5.7288051138, 41.6371762874, 2.03313824901, 2.67492258803, 20.1885917691, 0.509893699709, 0.157232704403
0.636229842993, 0.950920634753, 3.50787876212, 0.419088837445, 33.0383185843, 42.4906021412, 2.26182747144, 1.58969124376, 36.4405587305, 0.487324361122, 0.298507462687
0.723658043851, 0.940349298289, 3.83575752579, 0.492717562817, 42.4740920622, 44.3737827286, 2.3403697902, 1.67890543502, 21.5094634929, 0.534407001463, 0.0
0.563266400361, 0.889802944628, 6.0756285147, 0.288060010006, 12.8255640217, 42.0298880722, 3.50445632389, 3.72053159517, 25.8136108869, 0.524567860675, 0.0277777777778
0.567211317178, 0.954779394371, 4.83312310793, 0.2967274313, 8.9391729645, 45.6571160663, 2.38924104915, 1.68576998429, 28.4633734217, 0.460240525894, 0.486486486486
0.529441229458, 0.943688742116, 7.80520170019, 0.241951745094, 5.2146343461, 46.9763090835, 3.56840239392, 1.5869959166, 32.5088722614, 0.511011883327, 0.174641148325
0.632854566255, 1.18592828357, 3.38547108089, 0.25355175714, 22.3265780175, 46.6358386518, 3.53241362944, 1.71132839371, 21.9190133373, 0.460250158787, 0.497590361446
0.529441229458, 0.943688742116, 7.80520170019, 0.241951745094, 5.2146343461, 46.3717801786, 2.04972249069, 1.77692590563, 32.5088722614, 0.45345837406, 0.56106870229
0.567211317178, 1.18592828357, 3.38547108089, 0.2967274313, 8.9391729645, 45.6571160663, 2.38924104915, 1.68576998429, 28.4633734217, 0.448084128146, 0.595394736842
