3.0, -1.0, -1.0, 1.0, 0.0, 0.0, -1.0, 0.0, 2.0, 1.0, -1.0, -1.0, 2.0, 3.0, 0.0, 2.0, 2.0, 2.0, 1.0, 3.0, 2.0, 3.0, 3.0, 1.0, 1.0, 0.0, 1.0, 0.0, 0.0, 0.0, 2.0, -1.0, 1.0, 3.0, -1.0, 0.0, 1.0, -1.0, -1.0, -1.0, 0.0, -1.0, 2.0, 1.0, -1.0, -1.0, 0.0, -1.0, -1.0, -1.0, 495.0, 99590.0
3.0, -1.0, -1.0, 1.0, 0.0, 0.0, -1.0, 0.0, 2.0, 1.0, -1.0, -1.0, 2.0, 3.0, 0.0, 2.0, 2.0, 2.0, 1.0, 3.0, 2.0, 3.0, 3.0, 1.0, 1.0, 0.0, 1.0, 0.0, 0.0, 0.0, 2.0, -1.0, 1.0, 3.0, -1.0, 2.0, 1.0, -1.0, -1.0, -1.0, 0.0, -1.0, 2.0, 1.0, -1.0, -1.0, 0.0, -1.0, -1.0, -1.0, 495.0, 99590.0
0.0, 1.0, 1.0, 1.0, 2.0, 2.0, -1.0, 1.0, 3.0, 2.0, 2.0, 2.0, 2.0, 1.0, 2.0, -1.0, 0.0, 0.0, -1.0, 1.0, 3.0, 3.0, -1.0, 3.0, -1.0, 1.0, 0.0, 0.0, 0.0, 1.0, 0.0, -1.0, 0.0, 3.0, -1.0, -1.0, 3.0, -1.0, 1.0, 0.0, -1.0, -1.0, 1.0, 1.0, 0.0, -1.0, 2.0, 3.0, -1.0, -1.0, 517.0, 99576.0
3.0, 0.0, 0.0, -1.0, -1.0, -1.0, -1.0, 1.0, -1.0, 1.0, 2.0, -1.0, -1.0, -1.0, 2.0, 0.0, 2.0, 1.0, -1.0, 2.0, -1.0, 2.0, 3.0, 1.0, -1.0, 3.0, 1.0, 1.0, 3.0, 0.0, 1.0, -1.0, 2.0, 2.0, 0.0, 2.0, -1.0, 3.0, 1.0, 0.0, -1.0, 1.0, -1.0, 1.0, 2.0, 0.0, 0.0, 3.0, 3.0, -1.0, 496.0, 99582.0
2.0, 3.0, 0.0, 1.0, -1.0, 0.0, 1.0, 2.0, 3.0, -1.0, 1.0, 2.0, 1.0, 1.0, 1.0, 0.0, 0.0, 0.0, 1.0, 1.0, 2.0, 3.0, 3.0, -1.0, -1.0, 1.0, -1.0, 0.0, 3.0, 0.0, 2.0, 2.0, 3.0, 3.0, 3.0, 2.0, -1.0, 0.0, -1.0, 0.0, -1.0, 3.0, -1.0, -1.0, 1.0, 2.0, 1.0, 2.0, -1.0, -1.0, 547.0, 99524.0
3.0, 0.0, 1.0, -1.0, -1.0, -1.0, -1.0, 1.0, -1.0, 1.0, 2.0, -1.0, -1.0, -1.0, 2.0, 0.0, 2.0, 1.0, -1.0, 2.0, -1.0, 2.0, 3.0, 1.0, -1.0, 3.0, 1.0, 1.0, 3.0, 0.0, 1.0, -1.0, 2.0, 2.0, 0.0, 2.0, -1.0, 3.0, 1.0, 0.0, -1.0, 1.0, -1.0, 1.0, 2.0, 0.0, 0.0, 3.0, 3.0, 2.0, 511.0, 99577.0
-1.0, 1.0, -1.0, 2.0, 1.0, 1.0, 1.0, 0.0, 2.0, -1.0, 2.0, 3.0, 0.0, 1.0, 0.0, 3.0, 3.0, -1.0, 0.0, 1.0, 2.0, 2.0, 2.0, 2.0, 0.0, 3.0, -1.0, 1.0, 3.0, 3.0, 3.0, 1.0, -1.0, 1.0, 0.0, 0.0, 1.0, 2.0, 2.0, 3.0, 0.0, 0.0, 0.0, 1.0, -1.0, 3.0, 3.0, 2.0, -1.0, -1.0, 597.0, 99497.0
-1.0, 1.0, -1.0, 2.0, 1.0, 1.0, 1.0, 0.0, 2.0, -1.0, 2.0, 3.0, 0.0, 1.0, 0.0, 3.0, 3.0, -1.0, 0.0, 1.0, 2.0, 2.0, 2.0, 2.0, 0.0, 3.0, -1.0, 1.0, 3.0, 3.0, 3.0, 1.0, -1.0, 1.0, 0.0, 0.0, 1.0, 2.0, 2.0, 3.0, 0.0, 0.0, 0.0, 1.0, -1.0, 3.0, 3.0, 2.0, -1.0, -1.0, 597.0, 99497.0
3.0, 0.0, 1.0, -1.0, -1.0, -1.0, -1.0, 1.0, -1.0, 1.0, 2.0, -1.0, -1.0, -1.0, 2.0, 0.0, 2.0, 1.0, -1.0, 2.0, -1.0, 2.0, 3.0, 1.0, -1.0, 3.0, 1.0, 1.0, 3.0, 0.0, 1.0, -1.0, 2.0, 2.0, 0.0, 2.0, -1.0, 3.0, 1.0, 0.0, -1.0, 1.0, -1.0, 1.0, 2.0, 0.0, 0.0, 3.0, 3.0, 2.0, 511.0, 99577.0
-1.0, 0.0, 2.0, 1.0, -1.0, -1.0, 1.0, 2.0, 1.0, 2.0, 1.0, -1.0, 2.0, 1.0, 0.0, 2.0, -1.0, 1.0, 3.0, 2.0, -1.0, 1.0, 3.0, 2.0, 2.0, 0.0, -1.0, 3.0, 3.0, 3.0, 2.0, 0.0, 1.0, -1.0, 3.0, 3.0, 0.0, 1.0, -1.0, -1.0, -1.0, 1.0, 2.0, 2.0, 0.0, 1.0, -1.0, -1.0, 0.0, -1.0, 521.0, 99545.0
3.0, 0.0, 1.0, -1.0, -1.0, -1.0, -1.0, 1.0, -1.0, 1.0, 2.0, -1.0, -1.0, -1.0, 2.0, 0.0, 2.0, 1.0, -1.0, 2.0, -1.0, 2.0, 3.0, 1.0, -1.0, 3.0, 1.0, 1.0, 3.0, 0.0, 1.0, -1.0, 2.0, 2.0, 0.0, 2.0, -1.0, 3.0, 1.0, 0.0, -1.0, 1.0, -1.0, 1.0, 2.0, 0.0, 0.0, 3.0, 3.0, -1.0, 496.0, 99582.0
0.0, 1.0, 1.0, 1.0, 2.0, 2.0, -1.0, 1.0, 3.0, 2.0, 2.0, 2.0, 2.0, 1.0, 2.0, -1.0, 0.0, 0.0, -1.0, 1.0, 3.0, 3.0, -1.0, 3.0, -1.0, 1.0, 0.0, 0.0, 0.0, 1.0, 0.0, -1.0, 0.0, 3.0, -1.0, -1.0, 3.0, -1.0, 1.0, 0.0, -1.0, -1.0, 1.0, 1.0, 0.0, -1.0, 2.0, 3.0, -1.0, -1.0, 517.0, 99576.0
3.0, 0.0, 0.0, -1.0, -1.0, -1.0, -1.0, 1.0, -1.0, 1.0, 2.0, -1.0, -1.0, -1.0, 2.0, 0.0, 2.0, 1.0, -1.0, 2.0, -1.0, 2.0, 3.0, 1.0, -1.0, 3.0, 1.0, 1.0, 3.0, 0.0, 1.0, -1.0, 2.0, 2.0, 0.0, 2.0, -1.0, 3.0, 1.0, 0.0, -1.0, 1.0, -1.0, 1.0, 2.0, 0.0, 0.0, 3.0, 3.0, -1.0, 496.0, 99582.0
3.0, 0.0, 1.0, -1.0, -1.0, -1.0, -1.0, 1.0, -1.0, 1.0, 2.0, -1.0, -1.0, -1.0, 2.0, 0.0, 2.0, 1.0, -1.0, 2.0, -1.0, 2.0, 3.0, 1.0, -1.0, 3.0, 1.0, 1.0, 3.0, 0.0, 1.0, -1.0, 2.0, 2.0, 0.0, 2.0, -1.0, 3.0, 1.0, 0.0, -1.0, 1.0, -1.0, 1.0, 2.0, 0.0, 0.0, 3.0, 3.0, -1.0, 496.0, 99582.0
0.0, 3.0, 2.0, 1.0, -1.0, -1.0, 1.0, 3.0, 0.0, -1.0, 3.0, 1.0, 1.0, 0.0, 2.0, 1.0, 2.0, -1.0, 2.0, 2.0, 0.0, 3.0, 1.0, 3.0, 3.0, 1.0, -1.0, -1.0, 0.0, 0.0, 2.0, 3.0, 2.0, 0.0, 0.0, 0.0, 3.0, 1.0, -1.0, 2.0, 1.0, 2.0, 0.0, 1.0, 3.0, 2.0, 3.0, 2.0, -1.0, 1.0, 616.0, 99487.0
0.0, 3.0, 2.0, 1.0, -1.0, -1.0, 1.0, 3.0, 0.0, -1.0, 3.0, 1.0, 1.0, 0.0, 2.0, 1.0, 2.0, -1.0, 2.0, 2.0, 0.0, 3.0, 1.0, 3.0, 3.0, 1.0, -1.0, -1.0, 0.0, 0.0, 2.0, 3.0, 2.0, 0.0, 0.0, 0.0, 3.0, 1.0, -1.0, 2.0, 1.0, 2.0, 0.0, 1.0, 3.0, 2.0, 3.0, 2.0, -1.0, 1.0, 616.0, 99487.0
3.0, -1.0, -1.0, 1.0, 0.0, 0.0, -1.0, 0.0, 2.0, 1.0, -1.0, -1.0, 2.0, 3.0, 0.0, 2.0, 2.0, 2.0, 1.0, 3.0, 2.0, 3.0, 3.0, 1.0, 1.0, 0.0, 1.0, 0.0, 0.0, 0.0, 2.0, -1.0, 1.0, 3.0, -1.0, 0.0, 1.0, -1.0, -1.0, -1.0, 0.0, -1.0, 2.0, 1.0, -1.0, -1.0, 0.0, -1.0, -1.0, -1.0, 495.0, 99590.0
3.0, -1.0, -1.0, 1.0, 0.0, 0.0, -1.0, 0.0, 2.0, 1.0, -1.0, -1.0, 2.0, 3.0, 0.0, 2.0, 2.0, 2.0, 1.0, 3.0, 2.0, 3.0, 3.0, 1.0, 1.0, 0.0, 1.0, 0.0, 0.0, 0.0, 2.0, -1.0, 1.0, 3.0, -1.0, 2.0, 1.0, -1.0, -1.0, -1.0, 0.0, -1.0, 2.0, 1.0, -1.0, -1.0, 0.0, -1.0, -1.0, -1.0, 495.0, 99590.0
3.0, -1.0, -1.0, 1.0, 0.0, 0.0, -1.0, 0.0, 2.0, 1.0, -1.0, -1.0, 2.0, 3.0, 0.0, 2.0, 2.0, 2.0, 1.0, 3.0, 2.0, 3.0, 3.0, 1.0, 1.0, 0.0, 1.0, 0.0, 0.0, 0.0, 2.0, -1.0, 1.0, 3.0, -1.0, 0.0, 1.0, -1.0, -1.0, -1.0, 0.0, -1.0, 2.0, 1.0, -1.0, -1.0, 0.0, -1.0, -1.0, -1.0, 495.0, 99590.0
0.0, 1.0, 1.0, 1.0, 2.0, 2.0, -1.0, 1.0, 3.0, 2.0, 2.0, 2.0, 2.0, 1.0, 2.0, -1.0, 0.0, 0.0, -1.0, 1.0, 3.0, 3.0, -1.0, 3.0, -1.0, 1.0, 0.0, 0.0, 0.0, 1.0, 0.0, -1.0, 0.0, 3.0, -1.0, -1.0, 3.0, -1.0, 1.0, 0.0, -1.0, -1.0, 1.0, 1.0, 0.0, -1.0, 2.0, 3.0, -1.0, -1.0, 517.0, 99576.0
0.0, 1.0, 1.0, 1.0, 2.0, 2.0, -1.0, 1.0, 3.0, 2.0, 2.0, 2.0, 2.0, 1.0, 2.0, -1.0, 0.0, 0.0, -1.0, 1.0, 3.0, 3.0, -1.0, 3.0, -1.0, 1.0, 0.0, 0.0, 0.0, 1.0, 0.0, -1.0, 0.0, 3.0, -1.0, -1.0, 3.0, -1.0, 1.0, 0.0, -1.0, -1.0, 1.0, 1.0, 0.0, -1.0, 2.0, 3.0, -1.0, -1.0, 517.0, 99576.0
0.0, 1.0, 1.0, 1.0, 2.0, 2.0, -1.0, 1.0, 3.0, 2.0, 2.0, 2.0, 2.0, 1.0, 2.0, -1.0, 0.0, 0.0, -1.0, 1.0, 3.0, 3.0, -1.0, 3.0, -1.0, 1.0, 0.0, 0.0, 0.0, 1.0, 0.0, -1.0, 0.0, 3.0, -1.0, -1.0, 3.0, -1.0, 1.0, 0.0, -1.0, -1.0, 1.0, 1.0, 0.0, -1.0, 2.0, 3.0, -1.0, -1.0, 517.0, 99576.0
0.0, 1.0, 1.0, 1.0, 2.0, 2.0, -1.0, 1.0, 3.0, 2.0, 2.0, 2.0, 2.0, 1.0, 2.0, -1.0, 0.0, 0.0, -1.0, 1.0, 3.0, 3.0, -1.0, 3.0, -1.0, 1.0, 0.0, 0.0, 0.0, 1.0, 0.0, -1.0, 0.0, 3.0, -1.0, -1.0, 3.0, -1.0, 1.0, 0.0, -1.0, -1.0, 1.0, 1.0, 0.0, -1.0, 2.0, 3.0, -1.0, -1.0, 517.0, 99576.0
0.0, 1.0, 1.0, 1.0, 2.0, 2.0, -1.0, 1.0, 3.0, 2.0, 2.0, 2.0, 2.0, 1.0, 2.0, -1.0, 0.0, 0.0, -1.0, 1.0, 3.0, 3.0, -1.0, 3.0, -1.0, 1.0, 0.0, 0.0, 0.0, 1.0, 0.0, -1.0, 0.0, 3.0, -1.0, -1.0, 3.0, -1.0, 1.0, 0.0, -1.0, -1.0, 1.0, 1.0, 0.0, -1.0, 2.0, 3.0, -1.0, -1.0, 517.0, 99576.0
0.0, 1.0, 1.0, 1.0, 2.0, 2.0, -1.0, 1.0, 3.0, 2.0, 2.0, 2.0, 2.0, 1.0, 2.0, -1.0, 0.0, 0.0, -1.0, 1.0, 3.0, 3.0, -1.0, 3.0, -1.0, 1.0, 0.0, 0.0, 0.0, 1.0, 0.0, -1.0, 0.0, 3.0, -1.0, -1.0, 3.0, -1.0, 1.0, 0.0, -1.0, -1.0, 1.0, 1.0, 0.0, -1.0, 2.0, 3.0, -1.0, -1.0, 517.0, 99576.0
-1.0, 1.0, -1.0, 2.0, 1.0, 1.0, 1.0, 0.0, 2.0, -1.0, 2.0, 3.0, 0.0, 1.0, 0.0, 3.0, 3.0, -1.0, 0.0, 1.0, 2.0, 2.0, 2.0, 2.0, 0.0, 3.0, -1.0, 1.0, 3.0, 3.0, 3.0, 1.0, -1.0, 1.0, 0.0, 0.0, 1.0, 2.0, 2.0, 3.0, 0.0, 0.0, 0.0, 1.0, -1.0, 3.0, 3.0, 2.0, -1.0, -1.0, 597.0, 99497.0
-1.0, 1.0, -1.0, 2.0, 1.0, 1.0, 1.0, 0.0, 2.0, -1.0, 2.0, 3.0, 0.0, 1.0, 0.0, 3.0, 3.0, -1.0, 0.0, 1.0, 2.0, 2.0, 2.0, 2.0, 0.0, 3.0, -1.0, 1.0, 3.0, 3.0, 3.0, 1.0, -1.0, 1.0, 0.0, 0.0, 1.0, 2.0, 2.0, 3.0, 0.0, 0.0, 0.0, 1.0, -1.0, 3.0, 3.0, 2.0, -1.0, -1.0, 597.0, 99497.0
