0.321240563959, 1.15284125691, 92.9509646711, 0.614305752617, 5.65966586564, 22.0936352571, 0.880520086129, 1.95533411378, 3.94343387908, 0.0, 0.0
0.108140472691, 1.01158452436, 81.2575588738, 0.501653402353, 39.401549588, 1.11549285122, 0.987081811751, 4.12077340338, 9.26228583774, 0.00126225693862, 0.0
0.127559867714, 1.08350143124, 94.4631330531, 0.485871047958, 48.6291216519, 1.04844472403, 0.610007579759, 3.20775035521, 4.98863345311, 0.00240905814676, 0.0
0.127559867714, 1.25385668496, 94.3883778384, 0.642749659751, 36.2829907057, 1.46966073226, 0.987081811751, 0.782048422418, 6.26643266795, 0.00298976432029, 0.142857142857
0.127559867714, 1.13356833153, 94.4640996064, 0.68705193892, 36.2829907057, 1.10323570786, 1.84638261478, 1.20417858097, 5.42271732315, 0.00378895543191, 0.0
0.104362067566, 1.13356833153, 94.4640996064, 0.651258454984, 11.1837480484, 1.2115106091, 1.72215352111, 1.97820618074, 5.42271732315, 0.00475364610388, 0.0
0.104362067566, 1.13896075649, 94.3883778384, 0.485871047958, 36.2829907057, 1.00160941064, 0.987081811751, 0.782048422418, 3.2150973032, 0.00391058119133, 0.307692307692
0.108140472691, 1.01158452436, 81.2575588738, 0.404330933863, 39.401549588, 1.11549285122, 0.856898221671, 4.12077340338, 13.6836356725, 0.00541540445394, 0.0
0.101524078814, 1.15284125691, 80.137647815, 0.614305752617, 5.65966586564, 1.28011002499, 0.880520086129, 1.95533411378, 13.6836356725, 0.00432701407232, 0.416666666667
0.108033142174, 1.01158452436, 80.1060921756, 0.6023305377, 39.401549588, 1.2115106091, 1.9802782017, 0.932733900674, 5.42271732315, 0.00578154444851, 0.0
0.108140472691, 1.01158452436, 81.2575588738, 0.404330933863, 39.401549588, 1.11549285122, 0.987081811751, 4.12077340338, 9.26228583774, 0.00582133281013, 0.0
0.127559867714, 0.92294888093, 82.3332639927, 0.642749659751, 85.4325875168, 1.2115106091, 1.85648619612, 4.13795230386, 16.8837506797, 0.00605414049453, 0.0
0.124278646875, 1.25385668496, 94.3883778384, 0.642749659751, 3.7888692397, 1.46966073226, 1.51043058428, 2.89855827134, 9.26228583774, 0.00629188572918, 0.0
0.127559867714, 1.08585679026, 93.0038908544, 0.485871047958, 36.2829907057, 1.16202263934, 1.51043058428, 1.95533411378, 6.48969635205, 0.00627041236081, 0.0263157894737
0.127559867714, 1.08585679026, 94.3883778384, 0.642749659751, 36.2829907057, 1.32465436709, 0.987081811751, 0.782048422418, 9.26228583774, 0.00646385086505, 0.0
0.130665090506, 1.12940082546, 80.137647815, 0.490471493442, 39.401549588, 1.11549285122, 1.68945742698, 4.48865260676, 13.6836356725, 0.0064845251301, 0.0
0.130665090506, 1.12940082546, 80.137647815, 0.420665618917, 24.2956160525, 1.11549285122, 1.34225875749, 4.12077340338, 9.26228583774, 0.00648423307249, 0.0238095238095
0.160349153493, 1.15284125691, 87.5149380146, 0.614305752617, 5.65966586564, 1.11549285122, 0.666220046612, 1.95533411378, 3.94343387908, 0.0065500837668, 0.0
0.104362067566, 1.13896075649, 94.3883778384, 0.485871047958, 11.1837480484, 1.00160941064, 0.987081811751, 0.688417154148, 3.2150973032, 0.0065349729134, 0.5
0.104362067566, 1.13896075649, 94.4317438757, 0.485871047958, 91.8573371336, 1.46966073226, 1.65704337212, 1.25931487009, 5.42271732315, 0.00658896139072, 0.0232558139535
0.160349153493, 1.15284125691, 80.137647815, 0.438135196106, 5.65966586564, 1.07170756899, 0.880520086129, 1.95533411378, 13.6836356725, 0.00665453455302, 0.0
0.127559867714, 1.08585679026, 93.0038908544, 0.485871047958, 36.2829907057, 1.16202263934, 1.51043058428, 0.85346272449, 6.48969635205, 0.00658979657317, 0.0217391304348
0.108140472691, 1.01158452436, 81.2575588738, 0.404330933863, 39.401549588, 1.11549285122, 0.856898221671, 4.12077340338, 13.6836356725, 0.00658330850413, 0.307692307692
0.104362067566, 1.13356833153, 80.0360748525, 0.651258454984, 11.1837480484, 1.46966073226, 1.8396280642, 0.782048422418, 9.26228583774, 0.00691688998589, 0.0
0.104362067566, 1.13356833153, 94.4640996064, 0.651258454984, 11.1837480484, 1.07249171283, 1.72215352111, 1.20417858097, 5.42271732315, 0.00680268485424, 0.0285714285714
0.127559867714, 1.0085727529, 93.005845748, 0.485871047958, 52.9880539938, 1.12747813519, 1.51043058428, 0.782048422418, 13.4876896848, 0.00693666833113, 0.0
0.104362067566, 1.13896075649, 83.9318436974, 0.522890188998, 11.1837480484, 1.00160941064, 0.987081811751, 0.0882608304814, 3.2150973032, 0.00682669520885, 0.357142857143
0.127559867714, 1.25385668496, 89.9627895711, 0.642749659751, 36.2829907057, 1.46966073226, 0.987081811751, 0.782048422418, 9.26228583774, 0.0072263596851, 0.0
0.127559867714, 1.25385668496, 94.3883778384, 0.642749659751, 36.2829907057, 1.46966073226, 0.987081811751, 0.782048422418, 9.26228583774, 0.00701398482542, 0.0769230769231
0.205352254111, 1.11670351656, 87.4708497293, 0.608879385857, 44.2311906338, 1.8400800406, 0.169990015362, 3.8056631013, 4.9671416287, 0.00722951570911, 0.0
0.127559867714, 1.10304333603, 93.0044288704, 0.642749659751, 16.1629110326, 1.2115106091, 1.41897989784, 1.11789371593, 15.5559665421, 0.00723271862795, 0.0
0.130665090506, 1.12940082546, 80.137647815, 0.490471493442, 39.401549588, 1.11549285122, 1.68945742698, 4.12077340338, 13.6836356725, 0.00737863207005, 0.0
0.127559867714, 1.25385668496, 94.3883778384, 0.642749659751, 25.0178902295, 1.46966073226, 0.987081811751, 0.782048422418, 6.06800791951, 0.00740857630512, 0.0
0.127559867714, 1.25385668496, 94.3883778384, 0.642749659751, 36.2829907057, 1.34854772164, 1.51043058428, 0.233100335277, 4.98863345311, 0.0074120424946, 0.166666666667
0.127559867714, 1.08350143124, 94.4631330531, 0.579353891553, 48.6291216519, 1.04844472403, 0.610007579759, 3.20775035521, 4.98863345311, 0.00761418339798, 0.0
0.127559867714, 1.25385668496, 88.4063982656, 0.642749659751, 36.2829907057, 1.46966073226, 0.987081811751, 0.782048422418, 9.26228583774, 0.00742855445915, 0.555555555556
0.104362067566, 1.13896075649, 94.4317438757, 0.485871047958, 36.2829907057, 1.34854772164, 1.65704337212, 1.19616996822, 5.42271732315, 0.00769222461069, 0.0
0.130665090506, 1.05078444461, 81.2575588738, 0.458133087302, 39.401549588, 1.11549285122, 1.8396280642, 1.20417858097, 9.26228583774, 0.00768959919817, 0.283582089552
0.127559867714, 0.92294888093, 94.3883778384, 0.642749659751, 36.2829907057, 1.34854772164, 1.71182383293, 0.233100335277, 3.12551468769, 0.00770202739791, 0.027027027027
0.130665090506, 1.11670351656, 87.5149380146, 0.524073201771, 24.2956160525, 1.11549285122, 1.89366977902, 4.12077340338, 13.6836356725, 0.00794546291292, 0.0
0.130665090506, 1.05078444461, 81.2575588738, 0.432344913584, 39.401549588, 1.11549285122, 1.8396280642, 1.20417858097, 9.26228583774, 0.00773426247308, 0.0238095238095
0.127559867714, 0.92294888093, 82.3332639927, 0.642749659751, 85.4325875168, 1.2115106091, 1.85648619612, 4.13795230386, 16.8837506797, 0.00806536405217, 0.0
0.104362067566, 1.13356833153, 94.4640996064, 0.651258454984, 11.1837480484, 1.2115106091, 1.72215352111, 1.20417858097, 5.42271732315, 0.00778696572857, 0.424242424242
0.127559867714, 1.25385668496, 94.3883778384, 0.485871047958, 36.2829907057, 1.34854772164, 1.51043058428, 0.782048422418, 4.98863345311, 0.00793865355807, 0.030303030303
0.108140472691, 1.01158452436, 81.2575588738, 0.404330933863, 39.401549588, 1.11549285122, 0.987081811751, 4.12077340338, 13.6836356725, 0.00786380381195, 0.111111111111
0.127559867714, 1.02691950394, 91.8832874709, 0.485871047958, 48.976606352, 1.34854772164, 1.51043058428, 0.782048422418, 9.26228583774, 0.00807272375423, 0.0
0.104362067566, 1.13356833153, 94.4640996064, 0.651258454984, 11.1837480484, 1.07249171283, 1.72215352111, 1.20417858097, 5.42271732315, 0.00800948380974, 0.358974358974
0.104362067566, 1.13356833153, 94.4640996064, 0.651258454984, 11.1837480484, 1.2115106091, 0.880520086129, 1.97820618074, 13.6836356725, 0.00797120103091, 0.411764705882
0.124278646875, 1.25385668496, 94.3883778384, 0.642749659751, 3.7888692397, 1.46966073226, 0.987081811751, 0.782048422418, 9.26228583774, 0.00804500257937, 0.181818181818
0.130665090506, 1.12940082546, 93.0038908544, 0.485871047958, 36.2829907057, 1.16202263934, 1.68945742698, 4.48865260676, 6.48969635205, 0.00864146006285, 0.0
0.127559867714, 1.25385668496, 94.3883778384, 0.485871047958, 58.1517342927, 1.34854772164, 1.36645210597, 2.76246849722, 4.98863345311, 0.00815151889714, 0.0263157894737
0.127559867714, 1.1170790893, 94.3883778384, 0.490471493442, 25.0178902295, 1.46966073226, 1.68945742698, 1.68537705879, 6.06800791951, 0.00911021519956, 0.0
0.127559867714, 1.25385668496, 91.8832874709, 0.485871047958, 36.2829907057, 1.34854772164, 1.51043058428, 0.782048422418, 9.26228583774, 0.008825766507, 0.047619047619
0.130665090506, 1.12940082546, 81.2575588738, 0.490471493442, 39.401549588, 1.11549285122, 1.68945742698, 4.12077340338, 13.6836356725, 0.00863893496943, 0.179487179487
0.124278646875, 1.06485544077, 94.3883778384, 0.642749659751, 32.3981739046, 1.46966073226, 0.987746901225, 0.782048422418, 9.26228583774, 0.00854554816369, 0.222222222222
0.127559867714, 1.08585679026, 93.0038908544, 0.485871047958, 36.2829907057, 1.16202263934, 1.51043058428, 0.85346272449, 6.48969635205, 0.00934731480591, 0.025641025641
0.130665090506, 1.12940082546, 81.2575588738, 0.490471493442, 39.401549588, 1.11549285122, 1.68945742698, 4.12077340338, 13.6836356725, 0.009541384864, 0.0
0.127559867714, 1.2313466324, 94.8799079295, 0.420799638228, 36.2829907057, 1.00710839389, 0.983277930019, 0.222212281213, 2.83796382571, 0.00860180728282, 0.222222222222
0.104362067566, 1.13356833153, 94.4640996064, 0.455918233135, 11.1837480484, 1.2115106091, 1.72215352111, 1.20417858097, 5.42271732315, 0.00950969878802, 0.172413793103
0.127559867714, 1.25385668496, 94.3883778384, 0.642749659751, 36.2829907057, 1.46966073226, 0.987081811751, 0.782048422418, 9.26228583774, 0.00964198291568, 0.0
0.130665090506, 1.05078444461, 81.2575588738, 0.458133087302, 39.401549588, 1.11549285122, 1.8396280642, 1.20417858097, 19.7132345404, 0.0086385648022, 0.4375
0.104362067566, 1.13896075649, 94.3883778384, 0.485871047958, 11.1837480484, 1.00160941064, 0.987081811751, 0.782048422418, 3.2150973032, 0.00865425126416, 0.4
0.196463896624, 1.15284125691, 92.9509646711, 0.614305752617, 36.2829907057, 1.34854772164, 0.967994986907, 1.88903330075, 14.8812593343, 0.00875131979609, 0.25
0.124278646875, 1.25385668496, 94.3883778384, 0.642749659751, 32.3981739046, 1.46966073226, 0.987746901225, 0.782048422418, 9.26228583774, 0.0100027996105, 0.0
0.138759815403, 1.15284125691, 92.2873830639, 0.409113142735, 5.65966586564, 1.34854772164, 0.880520086129, 1.95533411378, 3.94343387908, 0.00962480920816, 0.375
0.127559867714, 1.10304333603, 93.0044288704, 0.642749659751, 16.1629110326, 1.46966073226, 1.26145369209, 1.11789371593, 15.5559665421, 0.0104124427104, 0.0
0.127559867714, 1.08585679026, 93.0038908544, 0.485871047958, 35.948247227, 1.16202263934, 1.51043058428, 0.782048422418, 10.6935353258, 0.0100586946549, 0.25641025641
0.160349153493, 1.01290073555, 92.9509646711, 0.614305752617, 34.139854023, 1.28011002499, 1.90968743652, 0.719089338303, 3.94343387908, 0.0100729786184, 0.02
0.127559867714, 1.08350143124, 94.3883778384, 0.485871047958, 33.055738135, 1.04844472403, 1.83865096294, 2.76246849722, 4.98863345311, 0.00964605827339, 0.482142857143
0.127559867714, 1.25385668496, 94.3883778384, 0.485871047958, 36.2829907057, 1.75867871537, 1.51043058428, 0.782048422418, 9.26228583774, 0.0105435852054, 0.0
0.130665090506, 1.12940082546, 92.9509646711, 0.490471493442, 39.401549588, 1.11549285122, 1.78548516772, 4.12077340338, 3.94343387908, 0.0103913410153, 0.26
0.127559867714, 1.10304333603, 93.0044288704, 0.642749659751, 37.3683142676, 1.2115106091, 1.41897989784, 1.11789371593, 15.5559665421, 0.0106130077904, 0.051724137931
0.172005911764, 1.1170790893, 80.0360748525, 0.651258454984, 95.5591356663, 1.34854772164, 1.51043058428, 1.20417858097, 6.06800791951, 0.010820071162, 0.0
0.127559867714, 1.25385668496, 94.3883778384, 0.490471493442, 25.0178902295, 1.46966073226, 1.68945742698, 1.68537705879, 6.06800791951, 0.0105934977787, 0.151515151515
0.127559867714, 1.13896075649, 94.3883778384, 0.485871047958, 48.3596221565, 1.46966073226, 0.987081811751, 0.782048422418, 9.26228583774, 0.0107614911439, 0.125
0.127559867714, 1.25385668496, 94.3883778384, 0.490471493442, 25.0178902295, 1.46966073226, 1.68945742698, 1.68537705879, 6.06800791951, 0.0111967725547, 0.0
0.127559867714, 1.25385668496, 94.8799079295, 0.420799638228, 36.2829907057, 1.00710839389, 0.983277930019, 0.222212281213, 2.83796382571, 0.0106203836276, 0.5
0.127559867714, 1.12940082546, 80.137647815, 0.490471493442, 39.401549588, 1.11549285122, 1.68945742698, 4.12077340338, 13.6836356725, 0.0109169473205, 0.148936170213
0.127559867714, 1.15284125691, 92.9509646711, 0.614305752617, 5.65966586564, 1.34854772164, 1.62979546149, 0.848578016327, 3.94343387908, 0.0108346910783, 0.185185185185
0.127559867714, 1.08585679026, 94.3883778384, 0.692891532415, 43.0092620047, 1.25073150362, 0.880520086129, 0.782048422418, 9.26228583774, 0.0112839229922, 0.0
0.104362067566, 1.08585679026, 81.2575588738, 0.485871047958, 36.2829907057, 1.46966073226, 1.51043058428, 1.25931487009, 13.6836356725, 0.0112282954065, 0.0689655172414
0.104362067566, 1.13896075649, 83.9318436974, 0.522890188998, 11.1837480484, 1.00160941064, 0.987081811751, 0.0882608304814, 3.2150973032, 0.0107007086907, 0.727272727273
0.104362067566, 0.876234405655, 87.9459637727, 0.485871047958, 36.2829907057, 1.46966073226, 1.85648619612, 1.20417858097, 4.87170001913, 0.0109084298449, 0.21875
0.127559867714, 1.25385668496, 94.3883778384, 0.642749659751, 36.2829907057, 1.46966073226, 0.987081811751, 0.782048422418, 9.26228583774, 0.011358048602, 0.0
0.130665090506, 1.12940082546, 80.137647815, 0.490471493442, 39.401549588, 1.11549285122, 1.68945742698, 0.932733900674, 13.6836356725, 0.0113049751068, 0.0943396226415
0.127559867714, 1.08350143124, 94.3883778384, 0.485871047958, 33.055738135, 1.04844472403, 1.83865096294, 2.76246849722, 4.98863345311, 0.0112813766289, 0.260869565217
0.108033142174, 1.01158452436, 80.1060921756, 0.404330933863, 39.401549588, 1.2115106091, 1.9802782017, 4.12077340338, 5.42271732315, 0.0109218889644, 0.285714285714
0.104362067566, 1.13896075649, 94.4317438757, 0.485871047958, 36.2829907057, 1.46966073226, 1.65704337212, 1.25931487009, 5.42271732315, 0.0111262909485, 0.279069767442
0.127559867714, 1.08585679026, 93.005845748, 0.485871047958, 36.2829907057, 2.36088821989, 1.51043058428, 0.782048422418, 9.26228583774, 0.0115461269456, 0.0227272727273
0.205352254111, 1.11670351656, 87.4708497293, 0.608879385857, 44.2311906338, 1.8400800406, 0.169990015362, 3.8056631013, 4.9671416287, 0.0119290204959, 0.0
0.130665090506, 1.12940082546, 80.137647815, 0.524073201771, 24.2956160525, 1.11549285122, 1.68945742698, 4.12077340338, 13.6836356725, 0.0113530543598, 0.259259259259
0.130665090506, 1.12940082546, 80.137647815, 0.524073201771, 24.2956160525, 1.11549285122, 1.68945742698, 4.12077340338, 13.6836356725, 0.0113630968917, 0.125
0.130665090506, 1.12415564964, 92.9509646711, 0.490471493442, 39.401549588, 1.11549285122, 1.68945742698, 4.12077340338, 3.94343387908, 0.0109611177526, 0.301886792453
0.129298960127, 1.1170790893, 80.0360748525, 0.458133087302, 95.5591356663, 1.34854772164, 1.79421385197, 3.21076776187, 9.48654215488, 0.011784854044, 0.0227272727273
0.377864731927, 1.00184892436, 80.0360748525, 0.642749659751, 5.29888914825, 1.21261576218, 0.987081811751, 3.66085519373, 9.0325160818, 0.0122802775734, 0.0
0.130665090506, 1.12940082546, 81.2575588738, 0.490471493442, 39.401549588, 1.11549285122, 1.68945742698, 4.12077340338, 13.6836356725, 0.0113808067029, 0.142857142857
0.104362067566, 1.13356833153, 94.4640996064, 0.455918233135, 11.1837480484, 1.01259368182, 1.72215352111, 1.20417858097, 5.42271732315, 0.0109996971611, 0.411764705882
0.179836319741, 1.23658210864, 89.7947882215, 0.642749659751, 52.9880539938, 1.2115106091, 1.76940933431, 0.719089338303, 5.29359202069, 0.0122814496591, 0.0
0.130665090506, 1.12940082546, 92.9509646711, 0.490471493442, 39.401549588, 1.11549285122, 1.68945742698, 4.12077340338, 3.94343387908, 0.0115613167121, 0.222222222222
0.104362067566, 1.08585679026, 94.4317438757, 0.485871047958, 36.2829907057, 1.32465436709, 1.51043058428, 1.25931487009, 5.42271732315, 0.0110389861443, 0.48
