3.0, 0.0, 1.0, -1.0, -1.0, -1.0, -1.0, 1.0, -1.0, 3.0, 2.0, 2.0, -1.0, -1.0, 2.0, 0.0, 2.0, 2.0, -1.0, 2.0, -1.0, 3.0, -1.0, 1.0, -1.0, 3.0, 1.0, 0.0, 3.0, 0.0, 1.0, -1.0, 2.0, 2.0, -1.0, 2.0, -1.0, 3.0, 1.0, -1.0, -1.0, 1.0, 0.0, 1.0, 2.0, 0.0, 0.0, 3.0, 3.0, -1.0, 482.0, 99591.0
3.0, 0.0, 1.0, -1.0, -1.0, -1.0, -1.0, 1.0, -1.0, 3.0, 2.0, 2.0, -1.0, -1.0, 2.0, 0.0, 2.0, 2.0, -1.0, 2.0, -1.0, 3.0, -1.0, 1.0, -1.0, 3.0, 1.0, 0.0, 3.0, 0.0, 1.0, -1.0, 2.0, 2.0, -1.0, 2.0, -1.0, 3.0, 1.0, -1.0, -1.0, 1.0, 0.0, 1.0, 2.0, 0.0, 0.0, 3.0, 3.0, -1.0, 482.0, 99591.0
-1.0, -1.0, 1.0, 1.0, 0.0, -1.0, 0.0, 2.0, 3.0, -1.0, 2.0, 0.0, 0.0, -1.0, 1.0, 3.0, 1.0, -1.0, 1.0, 2.0, 1.0, 0.0, 0.0, 3.0, 3.0, 3.0, -1.0, 2.0, 2.0, 1.0, 2.0, 0.0, 2.0, 0.0, 2.0, 0.0, 3.0, 2.0, -1.0, 2.0, -1.0, 2.0, 3.0, 1.0, 1.0, -1.0, -1.0, 0.0, 1.0, -1.0, 543.0, 99517.0
3.0, 0.0, 1.0, -1.0, -1.0, -1.0, -1.0, 1.0, -1.0, 3.0, 2.0, 2.0, 1.0, -1.0, 2.0, 0.0, 2.0, 2.0, -1.0, 2.0, -1.0, 3.0, -1.0, 1.0, -1.0, 3.0, 1.0, 0.0, 3.0, 0.0, 1.0, -1.0, 2.0, 2.0, -1.0, 2.0, -1.0, 3.0, 1.0, -1.0, -1.0, 1.0, 0.0, 1.0, 2.0, 0.0, 0.0, 3.0, 3.0, -1.0, 495.0, 99576.0
-1.0, 3.0, 0.0, 1.0, -1.0, 0.0, 1.0, 2.0, 3.0, -1.0, 1.0, 0.0, 1.0, -1.0, 1.0, 0.0, 0.0, 0.0, 1.0, 1.0, 3.0, 3.0, 3.0, -1.0, -1.0, 1.0, -1.0, 2.0, 2.0, 0.0, 2.0, 2.0, 3.0, -1.0, 3.0, 2.0, -1.0, 0.0, -1.0, 0.0, -1.0, 3.0, -1.0, -1.0, 1.0, 2.0, 1.0, 2.0, -1.0, -1.0, 502.0, 99546.0
3.0, 0.0, 1.0, -1.0, -1.0, -1.0, -1.0, 1.0, -1.0, 3.0, 2.0, 2.0, -1.0, -1.0, 2.0, 0.0, 2.0, -1.0, -1.0, 2.0, -1.0, 3.0, -1.0, 1.0, -1.0, 3.0, -1.0, 0.0, 3.0, 0.0, 1.0, -1.0, 2.0, 2.0, -1.0, 2.0, -1.0, 3.0, 1.0, -1.0, -1.0, 1.0, 0.0, 1.0, 2.0, 0.0, 0.0, 3.0, 3.0, -1.0, 456.0, 99612.0
-1.0, 3.0, 0.0, 1.0, -1.0, 0.0, 1.0, 2.0, 3.0, -1.0, 1.0, 2.0, 1.0, -1.0, 1.0, 0.0, 0.0, 0.0, 1.0, 1.0, 3.0, 3.0, 3.0, -1.0, -1.0, 1.0, -1.0, 2.0, 2.0, 0.0, 2.0, 0.0, 3.0, -1.0, 3.0, 2.0, 1.0, 0.0, -1.0, 0.0, -1.0, 3.0, -1.0, -1.0, 1.0, 2.0, 1.0, 2.0, -1.0, -1.0, 516.0, 99540.0
3.0, 3.0, 1.0, -1.0, -1.0, -1.0, -1.0, 2.0, -1.0, 3.0, 2.0, -1.0, -1.0, -1.0, 2.0, 0.0, 2.0, 1.0, -1.0, 2.0, -1.0, 3.0, 3.0, 1.0, -1.0, 3.0, 1.0, 0.0, 1.0, 0.0, 1.0, -1.0, 2.0, 2.0, -1.0, 2.0, -1.0, 3.0, 1.0, 0.0, -1.0, 1.0, -1.0, 1.0, 2.0, 0.0, 0.0, 3.0, 3.0, -1.0, 477.0, 99593.0
3.0, 0.0, 1.0, -1.0, -1.0, -1.0, -1.0, 1.0, -1.0, 3.0, 2.0, -1.0, -1.0, -1.0, 2.0, 0.0, 2.0, 1.0, -1.0, 2.0, -1.0, 3.0, 3.0, 1.0, -1.0, 3.0, 1.0, 0.0, 3.0, 0.0, 1.0, -1.0, 1.0, 2.0, -1.0, 2.0, -1.0, 2.0, 1.0, 0.0, -1.0, 1.0, -1.0, 1.0, 2.0, 0.0, 0.0, 3.0, 3.0, -1.0, 477.0, 99593.0
3.0, 0.0, 2.0, -1.0, -1.0, -1.0, -1.0, 1.0, -1.0, 3.0, 2.0, -1.0, -1.0, -1.0, 2.0, 0.0, 2.0, 1.0, -1.0, 2.0, -1.0, 3.0, 3.0, 1.0, -1.0, 3.0, 1.0, 0.0, 3.0, 2.0, 1.0, -1.0, 2.0, 2.0, -1.0, 2.0, -1.0, 3.0, 1.0, 2.0, -1.0, 1.0, -1.0, 1.0, 2.0, 0.0, 3.0, 3.0, 3.0, -1.0, 477.0, 99593.0
-1.0, 3.0, 0.0, 1.0, -1.0, 0.0, 1.0, 2.0, 3.0, -1.0, 1.0, 0.0, 1.0, -1.0, 1.0, 0.0, 0.0, 0.0, 1.0, 1.0, 3.0, 3.0, 3.0, -1.0, -1.0, 1.0, -1.0, 2.0, 2.0, 0.0, 2.0, 2.0, 3.0, -1.0, 3.0, 2.0, -1.0, 0.0, -1.0, 0.0, -1.0, 3.0, -1.0, -1.0, 1.0, 1.0, 1.0, 2.0, -1.0, -1.0, 502.0, 99546.0
3.0, 0.0, 1.0, -1.0, -1.0, -1.0, -1.0, 1.0, -1.0, 3.0, 2.0, -1.0, -1.0, -1.0, 2.0, 0.0, 2.0, 1.0, -1.0, 2.0, -1.0, 3.0, 3.0, 1.0, -1.0, 3.0, -1.0, 0.0, 3.0, 2.0, 2.0, -1.0, 2.0, 2.0, -1.0, 2.0, -1.0, 3.0, 1.0, 0.0, -1.0, 2.0, -1.0, 1.0, 2.0, 0.0, 0.0, 3.0, 3.0, -1.0, 464.0, 99603.0
3.0, 0.0, 1.0, -1.0, -1.0, -1.0, -1.0, 1.0, -1.0, 3.0, 2.0, 2.0, -1.0, -1.0, 2.0, 0.0, 2.0, -1.0, -1.0, 2.0, -1.0, 3.0, -1.0, 3.0, -1.0, 3.0, -1.0, 0.0, 3.0, 0.0, 1.0, -1.0, 2.0, 2.0, -1.0, 2.0, -1.0, 3.0, 1.0, -1.0, -1.0, 1.0, 0.0, 1.0, 2.0, 0.0, 0.0, 3.0, 3.0, -1.0, 456.0, 99612.0
-1.0, 3.0, 0.0, 1.0, -1.0, 0.0, 1.0, 2.0, 3.0, -1.0, 1.0, 2.0, 1.0, -1.0, 1.0, 0.0, 0.0, 0.0, 1.0, 1.0, 3.0, 3.0, 3.0, -1.0, -1.0, 1.0, -1.0, 2.0, 2.0, 0.0, 2.0, 0.0, 3.0, -1.0, 3.0, 2.0, 1.0, 0.0, -1.0, 0.0, -1.0, 3.0, -1.0, -1.0, 1.0, 2.0, 1.0, 2.0, -1.0, -1.0, 516.0, 99540.0
3.0, 0.0, 1.0, -1.0, -1.0, -1.0, -1.0, 1.0, -1.0, 3.0, 2.0, 2.0, 1.0, -1.0, 2.0, 0.0, 0.0, 2.0, -1.0, 2.0, -1.0, 3.0, -1.0, 1.0, -1.0, 3.0, 1.0, 0.0, 3.0, 0.0, 1.0, -1.0, 2.0, 2.0, -1.0, 2.0, -1.0, 3.0, 1.0, -1.0, -1.0, 1.0, 0.0, 1.0, 2.0, 0.0, 0.0, 3.0, 3.0, -1.0, 495.0, 99576.0
3.0, 0.0, 1.0, -1.0, -1.0, -1.0, -1.0, 1.0, -1.0, 3.0, 0.0, -1.0, -1.0, -1.0, 2.0, 0.0, 2.0, 1.0, -1.0, 2.0, -1.0, 3.0, 3.0, 1.0, -1.0, 3.0, -1.0, 0.0, 3.0, 2.0, 1.0, -1.0, 2.0, 2.0, -1.0, 2.0, -1.0, 3.0, 1.0, 0.0, -1.0, 2.0, -1.0, 0.0, 1.0, 0.0, 0.0, 3.0, 3.0, -1.0, 464.0, 99603.0
-1.0, 3.0, 0.0, 1.0, -1.0, 0.0, 1.0, 2.0, 3.0, -1.0, 1.0, 0.0, 1.0, 2.0, 1.0, 0.0, 0.0, 0.0, 1.0, 1.0, 3.0, 0.0, 3.0, -1.0, -1.0, 1.0, -1.0, 1.0, 2.0, 0.0, 2.0, 2.0, 3.0, -1.0, 3.0, 2.0, -1.0, 0.0, -1.0, 0.0, -1.0, 3.0, -1.0, -1.0, 1.0, 2.0, 1.0, 2.0, -1.0, -1.0, 517.0, 99535.0
-1.0, 0.0, 2.0, -1.0, -1.0, -1.0, 1.0, 2.0, 1.0, 2.0, 3.0, -1.0, -1.0, -1.0, 0.0, 2.0, -1.0, 1.0, 3.0, 2.0, -1.0, 1.0, 3.0, -1.0, 2.0, 0.0, -1.0, 2.0, 0.0, 3.0, 2.0, 0.0, 1.0, 0.0, 3.0, 3.0, 0.0, 1.0, 0.0, -1.0, -1.0, 1.0, 2.0, 2.0, 0.0, 1.0, -1.0, -1.0, 3.0, -1.0, 489.0, 99581.0
3.0, 0.0, 1.0, -1.0, -1.0, -1.0, -1.0, 1.0, -1.0, 3.0, 2.0, 2.0, -1.0, -1.0, 2.0, 0.0, 2.0, 2.0, -1.0, 2.0, -1.0, 3.0, -1.0, 1.0, -1.0, 3.0, 1.0, 0.0, 3.0, 0.0, 1.0, -1.0, 2.0, 2.0, -1.0, 2.0, -1.0, 3.0, 1.0, -1.0, -1.0, 1.0, 0.0, 1.0, 2.0, 0.0, 0.0, 3.0, 3.0, -1.0, 482.0, 99591.0
-1.0, 0.0, 2.0, -1.0, -1.0, -1.0, 1.0, 2.0, 1.0, 2.0, 3.0, -1.0, -1.0, -1.0, 0.0, 2.0, -1.0, 1.0, 3.0, 2.0, -1.0, 1.0, 3.0, -1.0, 2.0, 0.0, -1.0, 2.0, 0.0, 3.0, 2.0, 0.0, 1.0, 0.0, 3.0, 3.0, 0.0, 1.0, 0.0, -1.0, -1.0, 1.0, 2.0, 2.0, 0.0, 1.0, -1.0, -1.0, 3.0, -1.0, 489.0, 99581.0
-1.0, 3.0, 2.0, 1.0, -1.0, 0.0, 1.0, 2.0, 0.0, -1.0, 3.0, 1.0, 1.0, 1.0, 2.0, 1.0, 0.0, -1.0, 2.0, 1.0, 0.0, 3.0, 3.0, 3.0, 3.0, 1.0, -1.0, -1.0, 0.0, 0.0, 2.0, 3.0, 2.0, 0.0, 0.0, 0.0, -1.0, 1.0, -1.0, 2.0, -1.0, 2.0, 0.0, 1.0, 3.0, 2.0, 3.0, 2.0, 1.0, -1.0, 577.0, 99492.0
-1.0, 0.0, 2.0, -1.0, -1.0, -1.0, 1.0, 2.0, 1.0, 2.0, 3.0, -1.0, -1.0, -1.0, 0.0, 2.0, -1.0, 1.0, 3.0, 2.0, -1.0, -1.0, 3.0, -1.0, 2.0, 0.0, -1.0, 2.0, 0.0, 3.0, 2.0, 0.0, 1.0, 0.0, 3.0, 3.0, 0.0, 0.0, 0.0, -1.0, -1.0, 1.0, 2.0, 2.0, 0.0, 1.0, -1.0, -1.0, 3.0, -1.0, 470.0, 99594.0
-1.0, -1.0, 1.0, 1.0, 0.0, -1.0, 0.0, 2.0, 3.0, -1.0, 2.0, 0.0, 0.0, -1.0, 1.0, 3.0, 1.0, -1.0, 1.0, 2.0, 1.0, 0.0, 0.0, 3.0, 3.0, 3.0, -1.0, 2.0, 2.0, 1.0, 2.0, 0.0, 2.0, 0.0, 2.0, 0.0, 3.0, 2.0, -1.0, 2.0, -1.0, 2.0, 3.0, 1.0, 1.0, -1.0, -1.0, 0.0, 1.0, -1.0, 543.0, 99517.0
3.0, 0.0, 1.0, -1.0, -1.0, -1.0, -1.0, 1.0, -1.0, 3.0, 2.0, 2.0, 1.0, -1.0, 2.0, 0.0, 0.0, 2.0, -1.0, 2.0, -1.0, 3.0, -1.0, 1.0, -1.0, 3.0, 1.0, 0.0, 3.0, 0.0, 1.0, -1.0, 2.0, 2.0, -1.0, 2.0, -1.0, 3.0, 1.0, -1.0, -1.0, 1.0, 0.0, 1.0, 2.0, 0.0, 0.0, 3.0, 3.0, -1.0, 495.0, 99576.0
-1.0, 3.0, 0.0, 1.0, -1.0, 0.0, 1.0, 2.0, 3.0, -1.0, 1.0, 0.0, 1.0, -1.0, 1.0, 0.0, 0.0, 0.0, 1.0, 1.0, 3.0, 3.0, 3.0, -1.0, -1.0, 1.0, -1.0, 2.0, 2.0, 0.0, 2.0, 2.0, 3.0, -1.0, 3.0, 2.0, -1.0, 0.0, -1.0, 0.0, -1.0, 3.0, -1.0, -1.0, 1.0, 2.0, 1.0, 2.0, -1.0, -1.0, 502.0, 99546.0
3.0, 0.0, 1.0, -1.0, -1.0, -1.0, -1.0, 1.0, -1.0, 3.0, 2.0, 2.0, -1.0, -1.0, 2.0, 0.0, 2.0, -1.0, -1.0, 2.0, -1.0, 3.0, -1.0, 1.0, -1.0, 3.0, -1.0, 0.0, 3.0, 0.0, 1.0, -1.0, 2.0, 2.0, -1.0, 2.0, -1.0, 1.0, 1.0, -1.0, -1.0, 1.0, 0.0, 1.0, 2.0, 0.0, 0.0, 2.0, 3.0, -1.0, 456.0, 99612.0
-1.0, 3.0, 0.0, 1.0, -1.0, 0.0, 1.0, 2.0, 3.0, -1.0, 2.0, 2.0, 1.0, -1.0, 1.0, 0.0, 0.0, 0.0, 1.0, 1.0, 3.0, 3.0, 3.0, -1.0, -1.0, 1.0, -1.0, 2.0, 2.0, 0.0, 2.0, 0.0, 3.0, -1.0, 3.0, 2.0, 1.0, 0.0, -1.0, 0.0, -1.0, 3.0, -1.0, -1.0, 1.0, 2.0, 1.0, 2.0, -1.0, -1.0, 516.0, 99540.0
3.0, 0.0, 1.0, -1.0, -1.0, -1.0, -1.0, 1.0, -1.0, 3.0, 0.0, -1.0, -1.0, -1.0, 2.0, 0.0, 2.0, 1.0, -1.0, 2.0, -1.0, 3.0, 3.0, 1.0, -1.0, 3.0, -1.0, 0.0, 3.0, 0.0, 1.0, -1.0, 2.0, 2.0, -1.0, 2.0, -1.0, 3.0, 1.0, 0.0, -1.0, 2.0, -1.0, 1.0, 1.0, 0.0, 0.0, 3.0, 3.0, -1.0, 464.0, 99603.0
-1.0, 0.0, 2.0, -1.0, -1.0, -1.0, 1.0, 2.0, 1.0, 2.0, 3.0, -1.0, -1.0, -1.0, 0.0, 2.0, -1.0, 1.0, 3.0, 2.0, -1.0, 1.0, 3.0, -1.0, 2.0, 0.0, -1.0, 2.0, 0.0, 3.0, 2.0, 0.0, 1.0, 0.0, 3.0, 3.0, 1.0, 1.0, 0.0, -1.0, -1.0, 1.0, 2.0, 2.0, 0.0, 2.0, -1.0, -1.0, 3.0, -1.0, 489.0, 99581.0
3.0, 0.0, 2.0, -1.0, -1.0, -1.0, -1.0, 1.0, -1.0, 3.0, 0.0, -1.0, -1.0, -1.0, 2.0, 0.0, 2.0, 1.0, -1.0, 2.0, -1.0, 3.0, 3.0, 1.0, 2.0, 3.0, 1.0, 0.0, 3.0, 2.0, 1.0, -1.0, 2.0, 2.0, -1.0, 2.0, 1.0, 3.0, 1.0, 2.0, -1.0, 1.0, -1.0, 1.0, 2.0, 0.0, 3.0, 3.0, 3.0, -1.0, 501.0, 99575.0
-1.0, -1.0, -1.0, 1.0, 0.0, -1.0, 0.0, 2.0, 3.0, -1.0, 2.0, 0.0, 0.0, -1.0, 1.0, 3.0, 1.0, -1.0, 1.0, 2.0, 1.0, 0.0, 0.0, 3.0, 3.0, 3.0, -1.0, 2.0, 2.0, 1.0, 2.0, 0.0, 2.0, 0.0, 2.0, 0.0, 1.0, 2.0, -1.0, 2.0, -1.0, 2.0, 3.0, 1.0, 1.0, 1.0, -1.0, 0.0, 1.0, -1.0, 550.0, 99516.0
-1.0, 3.0, 0.0, 1.0, -1.0, 0.0, 1.0, 2.0, 3.0, -1.0, 1.0, 0.0, 1.0, -1.0, 1.0, 0.0, 0.0, 0.0, 1.0, 1.0, 3.0, 3.0, 3.0, -1.0, -1.0, 1.0, -1.0, 2.0, 2.0, 0.0, 2.0, 2.0, 3.0, -1.0, 3.0, 2.0, -1.0, 0.0, -1.0, 0.0, -1.0, 3.0, -1.0, -1.0, 1.0, 1.0, 1.0, 2.0, -1.0, -1.0, 502.0, 99546.0
