-1.0, 0.0, 0.0, 0.0, -1.0, 1.0, 2.0, 0.0, -1.0, -1.0, 0.0, 2.0, 2.0, 2.0, 1.0, 2.0, 0.0, 2.0, 1.0, 0.0, 3.0, 1.0, -1.0, 1.0, 1.0, 1.0, 1.0, -1.0, 2.0, 2.0, 0.0, -1.0, 3.0, 3.0, -1.0, -1.0, 0.0, 2.0, 3.0, 1.0, -1.0, 1.0, -1.0, 1.0, 2.0, -1.0, 3.0, 2.0, 0.0, -1.0, 515.0, 99467.0
-1.0, 0.0, 0.0, 0.0, -1.0, 1.0, 2.0, 0.0, -1.0, -1.0, 0.0, 2.0, 2.0, 2.0, 1.0, 2.0, 0.0, 2.0, 1.0, 0.0, 3.0, 1.0, -1.0, 1.0, 1.0, 1.0, 1.0, -1.0, 2.0, 2.0, 0.0, -1.0, 3.0, 2.0, -1.0, -1.0, 0.0, 2.0, 3.0, 1.0, -1.0, 1.0, -1.0, 1.0, 2.0, -1.0, 3.0, 2.0, 0.0, -1.0, 515.0, 99467.0
-1.0, 2.0, 0.0, 3.0, -1.0, -1.0, 0.0, 0.0, 0.0, 0.0, 3.0, -1.0, -1.0, 1.0, 0.0, -1.0, 1.0, 2.0, 1.0, 0.0, 3.0, 2.0, 3.0, 1.0, 2.0, 0.0, 0.0, 1.0, 0.0, 1.0, -1.0, -1.0, 2.0, -1.0, 1.0, -1.0, 1.0, 2.0, 2.0, 1.0, 2.0, 0.0, 2.0, 1.0, 2.0, -1.0, 2.0, 3.0, 2.0, -1.0, 520.0, 99442.0
2.0, 0.0, 0.0, 0.0, -1.0, 1.0, 2.0, 0.0, 1.0, -1.0, 0.0, 2.0, 2.0, 2.0, 1.0, 2.0, 0.0, 2.0, 1.0, 0.0, 3.0, 2.0, 0.0, 1.0, 1.0, 3.0, 1.0, -1.0, 2.0, 2.0, 0.0, 0.0, 3.0, 1.0, -1.0, -1.0, 0.0, 2.0, 3.0, 1.0, -1.0, 1.0, -1.0, 1.0, 2.0, -1.0, 3.0, 2.0, 0.0, -1.0, 580.0, 99398.0
3.0, 2.0, 1.0, 3.0, -1.0, 3.0, 0.0, 0.0, 2.0, 0.0, 0.0, 3.0, -1.0, 2.0, 3.0, 3.0, 0.0, 2.0, 3.0, 0.0, 2.0, 1.0, 0.0, 1.0, 2.0, 2.0, 3.0, 2.0, 1.0, 1.0, -1.0, 0.0, 2.0, -1.0, 0.0, -1.0, 2.0, 1.0, 3.0, 0.0, 3.0, 1.0, 1.0, 1.0, 2.0, 0.0, 0.0, 3.0, 2.0, 3.0, 634.0, 99357.0
2.0, 0.0, 0.0, 0.0, -1.0, 1.0, 2.0, 0.0, 2.0, -1.0, 0.0, 2.0, 2.0, 2.0, 1.0, 2.0, 0.0, 2.0, 1.0, 0.0, 3.0, 2.0, 0.0, 1.0, 1.0, 3.0, 1.0, -1.0, 2.0, 3.0, 0.0, -1.0, 3.0, 3.0, -1.0, -1.0, 0.0, 0.0, 3.0, 1.0, -1.0, 1.0, -1.0, 3.0, 2.0, -1.0, 3.0, 2.0, 0.0, -1.0, 561.0, 99413.0
1.0, 0.0, 1.0, 0.0, 2.0, -1.0, 3.0, 0.0, 3.0, 3.0, 2.0, 1.0, 1.0, 1.0, 2.0, 1.0, 1.0, 3.0, 1.0, 2.0, 0.0, 2.0, 0.0, 1.0, 0.0, 3.0, 0.0, 3.0, 3.0, 0.0, 3.0, -1.0, 2.0, 1.0, 0.0, 2.0, 1.0, 0.0, 0.0, 2.0, 0.0, 1.0, -1.0, 3.0, 1.0, 1.0, 0.0, 3.0, 2.0, 2.0, 665.0, 99338.0
2.0, 0.0, 0.0, 0.0, -1.0, 1.0, 2.0, 0.0, 2.0, -1.0, 0.0, 2.0, 2.0, 2.0, 1.0, 2.0, 0.0, 2.0, 1.0, 0.0, 3.0, 1.0, -1.0, 1.0, 1.0, 3.0, 1.0, -1.0, 2.0, 2.0, 0.0, -1.0, 3.0, 3.0, -1.0, -1.0, 0.0, 2.0, 3.0, 1.0, -1.0, 1.0, -1.0, 1.0, 2.0, -1.0, 3.0, 2.0, 0.0, -1.0, 545.0, 99427.0
1.0, 0.0, 1.0, 0.0, 2.0, -1.0, 3.0, 0.0, 3.0, 3.0, 2.0, 1.0, 1.0, 1.0, 2.0, 1.0, 1.0, 3.0, 3.0, 2.0, 0.0, 2.0, 0.0, 1.0, 2.0, 3.0, 0.0, 3.0, 3.0, 0.0, 3.0, 0.0, 3.0, 1.0, 0.0, 2.0, 1.0, 0.0, 0.0, 2.0, 0.0, 1.0, -1.0, 3.0, 1.0, 1.0, 0.0, 0.0, 2.0, 3.0, 684.0, 99323.0
2.0, 0.0, 0.0, 0.0, -1.0, 1.0, 2.0, 0.0, 2.0, -1.0, 0.0, 2.0, 2.0, 2.0, 1.0, 2.0, 0.0, 2.0, 1.0, 0.0, 3.0, 1.0, -1.0, 1.0, 1.0, 3.0, 1.0, -1.0, 2.0, 2.0, 0.0, -1.0, 3.0, 3.0, -1.0, -1.0, 0.0, 2.0, 3.0, 1.0, -1.0, 1.0, -1.0, 1.0, 2.0, -1.0, 3.0, 2.0, 0.0, -1.0, 545.0, 99427.0
3.0, 1.0, 0.0, 3.0, -1.0, 3.0, 3.0, 2.0, 2.0, 0.0, 0.0, 3.0, -1.0, 2.0, 3.0, 1.0, 0.0, 2.0, 3.0, 1.0, -1.0, 1.0, 0.0, 1.0, 2.0, 2.0, 1.0, 2.0, 1.0, 2.0, -1.0, -1.0, 2.0, -1.0, -1.0, -1.0, 2.0, 1.0, 1.0, 0.0, 3.0, 1.0, 1.0, 2.0, 2.0, 0.0, 0.0, 0.0, 2.0, 2.0, 590.0, 99395.0
-1.0, -1.0, 1.0, 0.0, 2.0, -1.0, 3.0, 0.0, 3.0, 2.0, 2.0, 1.0, 1.0, 1.0, 3.0, 1.0, 1.0, 3.0, 1.0, 2.0, 0.0, 2.0, 3.0, 1.0, 0.0, 3.0, 0.0, 3.0, 3.0, 0.0, 3.0, -1.0, 2.0, 1.0, 0.0, 2.0, 1.0, 0.0, 0.0, 2.0, -1.0, 1.0, -1.0, 0.0, 1.0, 1.0, 0.0, 0.0, 2.0, -1.0, 601.0, 99385.0
-1.0, -1.0, 1.0, 0.0, 2.0, -1.0, 3.0, 0.0, 3.0, 2.0, 2.0, 1.0, 1.0, 1.0, 3.0, 1.0, 1.0, 3.0, 1.0, 2.0, 0.0, 2.0, 3.0, 1.0, 0.0, 3.0, 0.0, 3.0, 3.0, 0.0, 3.0, -1.0, 2.0, 1.0, 0.0, 2.0, 1.0, 0.0, 0.0, 2.0, -1.0, 1.0, -1.0, 0.0, 1.0, 1.0, 0.0, 0.0, 2.0, -1.0, 601.0, 99385.0
2.0, 0.0, 0.0, 0.0, -1.0, 1.0, 2.0, 0.0, 2.0, -1.0, 0.0, 2.0, 2.0, 2.0, 1.0, 2.0, 0.0, 2.0, 1.0, 0.0, 3.0, 2.0, 0.0, 1.0, 1.0, 3.0, 1.0, -1.0, 2.0, 2.0, 0.0, -1.0, 3.0, 1.0, -1.0, -1.0, 0.0, 2.0, 3.0, 1.0, -1.0, 1.0, -1.0, 3.0, 2.0, -1.0, 3.0, 2.0, 0.0, -1.0, 561.0, 99413.0
3.0, 2.0, 1.0, 3.0, -1.0, 3.0, 0.0, 0.0, 2.0, 0.0, 0.0, 3.0, -1.0, 2.0, 3.0, 3.0, 0.0, 2.0, 3.0, 0.0, 2.0, 1.0, 0.0, 1.0, 0.0, 2.0, 3.0, 2.0, 1.0, 1.0, -1.0, 0.0, 2.0, -1.0, 0.0, -1.0, 2.0, 1.0, 3.0, 0.0, 3.0, 1.0, 1.0, 1.0, 2.0, 0.0, 0.0, 3.0, 2.0, 3.0, 634.0, 99357.0
2.0, 0.0, 0.0, 0.0, -1.0, 0.0, 3.0, 1.0, 1.0, 2.0, 3.0, 3.0, 0.0, -1.0, 2.0, 0.0, 1.0, 1.0, 1.0, 2.0, 2.0, 1.0, 2.0, 1.0, -1.0, 3.0, 0.0, -1.0, 1.0, 3.0, -1.0, 0.0, 2.0, 3.0, 1.0, 3.0, 1.0, 0.0, 0.0, 2.0, 2.0, 1.0, 0.0, -1.0, 2.0, -1.0, 2.0, 2.0, 2.0, -1.0, 595.0, 99394.0
2.0, 0.0, 0.0, 0.0, -1.0, 0.0, 3.0, 1.0, 1.0, 2.0, 3.0, 3.0, 0.0, -1.0, 2.0, 0.0, 1.0, 1.0, 1.0, 3.0, 2.0, 1.0, 2.0, 1.0, -1.0, 3.0, 0.0, 0.0, 1.0, 2.0, -1.0, 0.0, 2.0, 3.0, 1.0, 3.0, 1.0, 3.0, 0.0, 2.0, -1.0, 1.0, 0.0, -1.0, 2.0, -1.0, 2.0, 2.0, 2.0, -1.0, 598.0, 99390.0
-1.0, -1.0, 1.0, 0.0, 2.0, -1.0, 3.0, 0.0, 3.0, 2.0, 2.0, 1.0, 1.0, 1.0, 3.0, 1.0, 1.0, 3.0, 1.0, 2.0, 0.0, 2.0, -1.0, 1.0, 0.0, 3.0, 0.0, 3.0, 3.0, 0.0, 3.0, -1.0, 2.0, 3.0, 0.0, 2.0, 1.0, 0.0, 0.0, 2.0, 0.0, 1.0, -1.0, 0.0, 1.0, 1.0, 0.0, 0.0, 2.0, -1.0, 600.0, 99388.0
2.0, 0.0, 0.0, 0.0, -1.0, 0.0, 3.0, 1.0, 1.0, 2.0, 3.0, 3.0, 0.0, -1.0, 2.0, 0.0, 1.0, 1.0, 1.0, 2.0, 2.0, 1.0, 2.0, 1.0, -1.0, 3.0, 0.0, 0.0, 1.0, 3.0, -1.0, 0.0, 2.0, 3.0, 0.0, 3.0, 1.0, 3.0, 0.0, 2.0, -1.0, 1.0, 0.0, -1.0, 2.0, -1.0, 2.0, 2.0, 2.0, -1.0, 598.0, 99390.0
-1.0, -1.0, 1.0, 0.0, 2.0, -1.0, 3.0, 0.0, 3.0, 2.0, 2.0, 1.0, 1.0, 1.0, 3.0, 1.0, 1.0, 3.0, 1.0, 2.0, 0.0, 2.0, -1.0, 1.0, 0.0, 3.0, 0.0, 3.0, 3.0, 0.0, 3.0, -1.0, 2.0, 3.0, 0.0, 2.0, 1.0, 2.0, 0.0, 2.0, 0.0, 1.0, -1.0, 0.0, 1.0, 1.0, 0.0, 0.0, 2.0, -1.0, 600.0, 99388.0
1.0, 0.0, 1.0, 1.0, 3.0, 0.0, 3.0, 1.0, 1.0, 2.0, 3.0, 3.0, -1.0, 3.0, 2.0, 1.0, 0.0, -1.0, 1.0, 2.0, -1.0, -1.0, 0.0, 0.0, 0.0, 3.0, 2.0, 0.0, 3.0, 0.0, 2.0, 1.0, 2.0, 2.0, 0.0, -1.0, 0.0, 1.0, 1.0, 0.0, 0.0, 1.0, -1.0, 1.0, 2.0, 3.0, -1.0, 0.0, -1.0, 2.0, 596.0, 99393.0
2.0, 0.0, 0.0, 0.0, -1.0, 0.0, 3.0, 1.0, 1.0, 2.0, 3.0, 3.0, 0.0, -1.0, 2.0, 0.0, 1.0, 1.0, 1.0, 2.0, 2.0, 1.0, 2.0, 1.0, -1.0, 3.0, 0.0, -1.0, 1.0, 3.0, -1.0, 0.0, 2.0, 3.0, 1.0, 3.0, 1.0, 0.0, 0.0, 2.0, 2.0, 1.0, 0.0, -1.0, 2.0, -1.0, 2.0, 2.0, 2.0, -1.0, 595.0, 99394.0
2.0, 0.0, 0.0, 0.0, -1.0, 1.0, 2.0, 0.0, 2.0, -1.0, 0.0, 2.0, 2.0, 2.0, 1.0, 2.0, 0.0, 2.0, 1.0, 0.0, 3.0, 1.0, -1.0, 1.0, 1.0, 3.0, 1.0, -1.0, 2.0, 2.0, 0.0, -1.0, 3.0, 3.0, -1.0, -1.0, 0.0, 2.0, 3.0, 1.0, -1.0, 1.0, -1.0, 1.0, 2.0, -1.0, 3.0, 2.0, 0.0, -1.0, 545.0, 99427.0
2.0, 0.0, 0.0, 0.0, -1.0, 1.0, 2.0, 0.0, 2.0, -1.0, 0.0, 2.0, 2.0, 2.0, 1.0, 2.0, 1.0, 2.0, 1.0, 0.0, 3.0, 2.0, -1.0, 1.0, 1.0, 3.0, 1.0, -1.0, 2.0, 2.0, 0.0, -1.0, 3.0, 3.0, -1.0, -1.0, 0.0, 2.0, 0.0, 1.0, -1.0, 1.0, -1.0, 3.0, 2.0, -1.0, 3.0, 2.0, 0.0, -1.0, 545.0, 99427.0
2.0, 0.0, 0.0, 0.0, -1.0, 1.0, 2.0, 0.0, 2.0, -1.0, 0.0, 2.0, 2.0, 2.0, 1.0, 2.0, 0.0, 2.0, 1.0, 0.0, 3.0, 1.0, -1.0, 1.0, 1.0, 3.0, 1.0, -1.0, 2.0, 2.0, 0.0, -1.0, 3.0, 3.0, -1.0, -1.0, 0.0, 2.0, 3.0, 1.0, -1.0, 1.0, -1.0, 1.0, 2.0, -1.0, 3.0, 2.0, 0.0, -1.0, 545.0, 99427.0
2.0, 0.0, 0.0, 0.0, -1.0, 1.0, 2.0, 0.0, 2.0, -1.0, 0.0, 2.0, 2.0, 2.0, 1.0, 2.0, 0.0, 2.0, 1.0, 0.0, 3.0, 1.0, -1.0, 1.0, 1.0, 3.0, 1.0, -1.0, 2.0, 2.0, 0.0, -1.0, 3.0, 3.0, -1.0, -1.0, 0.0, 2.0, 3.0, 1.0, -1.0, 1.0, -1.0, 1.0, 2.0, -1.0, 3.0, 2.0, 0.0, -1.0, 545.0, 99427.0
2.0, 0.0, 0.0, 0.0, -1.0, 1.0, 2.0, 0.0, 2.0, -1.0, 0.0, 2.0, 2.0, 2.0, 1.0, 2.0, 0.0, 2.0, 1.0, 0.0, 3.0, 1.0, -1.0, 1.0, 1.0, 3.0, 1.0, -1.0, 2.0, 2.0, 0.0, -1.0, 3.0, 3.0, -1.0, -1.0, 0.0, 2.0, 3.0, 1.0, -1.0, 1.0, -1.0, 1.0, 2.0, -1.0, 3.0, 2.0, 0.0, -1.0, 545.0, 99427.0
2.0, 0.0, 0.0, 0.0, -1.0, 1.0, 2.0, 0.0, 2.0, -1.0, 0.0, 2.0, 2.0, 2.0, 1.0, 2.0, 0.0, 2.0, 1.0, 0.0, 3.0, 1.0, -1.0, 1.0, 1.0, 3.0, 1.0, -1.0, 2.0, 2.0, 0.0, -1.0, 3.0, 3.0, -1.0, -1.0, 0.0, 2.0, 3.0, 1.0, -1.0, 1.0, -1.0, 1.0, 2.0, -1.0, 3.0, 2.0, 0.0, -1.0, 545.0, 99427.0
2.0, 0.0, 0.0, 0.0, -1.0, 1.0, 2.0, 0.0, 2.0, -1.0, 0.0, 2.0, 2.0, 2.0, 1.0, 2.0, 1.0, 2.0, 1.0, 0.0, 3.0, 2.0, -1.0, 1.0, 1.0, 3.0, 1.0, -1.0, 2.0, 2.0, 0.0, -1.0, 3.0, 3.0, -1.0, -1.0, 0.0, 2.0, 0.0, 1.0, -1.0, 1.0, -1.0, 3.0, 2.0, -1.0, 3.0, 2.0, 0.0, -1.0, 545.0, 99427.0
2.0, 0.0, 0.0, 0.0, -1.0, 1.0, 2.0, 0.0, 2.0, -1.0, 0.0, 2.0, 2.0, 2.0, 1.0, 2.0, 0.0, 2.0, 1.0, 0.0, 3.0, 1.0, -1.0, 1.0, 1.0, 3.0, 1.0, -1.0, 2.0, 2.0, 0.0, -1.0, 3.0, 3.0, -1.0, -1.0, 0.0, 2.0, 3.0, 1.0, -1.0, 1.0, -1.0, 1.0, 2.0, -1.0, 3.0, 2.0, 0.0, -1.0, 545.0, 99427.0
2.0, 0.0, 0.0, 0.0, -1.0, 1.0, 2.0, 0.0, 2.0, -1.0, 0.0, 2.0, 2.0, 2.0, 1.0, 2.0, 0.0, 2.0, 1.0, 0.0, 3.0, 1.0, -1.0, 1.0, 1.0, 3.0, 1.0, -1.0, 2.0, 2.0, 0.0, -1.0, 3.0, 3.0, -1.0, -1.0, 0.0, 2.0, 3.0, 1.0, -1.0, 1.0, -1.0, 1.0, 2.0, -1.0, 3.0, 2.0, 0.0, -1.0, 545.0, 99427.0
2.0, 0.0, 0.0, 0.0, -1.0, 1.0, 2.0, 0.0, 2.0, -1.0, 0.0, 2.0, 2.0, 2.0, 1.0, 2.0, 0.0, 2.0, 1.0, 0.0, 3.0, 1.0, -1.0, 1.0, 1.0, 3.0, 1.0, -1.0, 2.0, 2.0, 0.0, -1.0, 3.0, 3.0, -1.0, -1.0, 0.0, 2.0, 3.0, 1.0, -1.0, 1.0, -1.0, 1.0, 2.0, -1.0, 3.0, 2.0, 0.0, -1.0, 545.0, 99427.0
2.0, 0.0, 0.0, 0.0, -1.0, 1.0, 2.0, 0.0, 2.0, -1.0, 0.0, 2.0, 2.0, 2.0, 1.0, 2.0, 1.0, 2.0, 1.0, 0.0, 3.0, 2.0, -1.0, 1.0, 1.0, 3.0, 1.0, -1.0, 2.0, 2.0, 0.0, -1.0, 3.0, 3.0, -1.0, -1.0, 0.0, 2.0, 0.0, 1.0, -1.0, 1.0, -1.0, 3.0, 2.0, -1.0, 3.0, 2.0, 0.0, -1.0, 545.0, 99427.0
2.0, 0.0, 0.0, 0.0, -1.0, 1.0, 2.0, 0.0, 2.0, -1.0, 0.0, 2.0, 2.0, 2.0, 1.0, 2.0, 0.0, 2.0, 1.0, 0.0, 3.0, 1.0, -1.0, 1.0, 1.0, 3.0, 1.0, -1.0, 2.0, 2.0, 0.0, -1.0, 3.0, 3.0, -1.0, -1.0, 0.0, 2.0, 3.0, 1.0, -1.0, 1.0, -1.0, 1.0, 2.0, -1.0, 3.0, 2.0, 0.0, -1.0, 545.0, 99427.0
2.0, 0.0, 0.0, 0.0, -1.0, 1.0, 2.0, 0.0, 2.0, -1.0, 0.0, 2.0, 2.0, 2.0, 1.0, 2.0, 0.0, 2.0, 1.0, 0.0, 3.0, 1.0, -1.0, 1.0, 1.0, 3.0, 1.0, -1.0, 2.0, 2.0, 0.0, -1.0, 3.0, 3.0, -1.0, -1.0, 0.0, 2.0, 3.0, 1.0, -1.0, 1.0, -1.0, 1.0, 2.0, -1.0, 3.0, 2.0, 0.0, -1.0, 545.0, 99427.0
2.0, 0.0, 0.0, 0.0, -1.0, 1.0, 2.0, 0.0, 2.0, -1.0, 0.0, 2.0, 2.0, 2.0, 1.0, 2.0, 0.0, 2.0, 1.0, 0.0, 3.0, 1.0, -1.0, 1.0, 1.0, 3.0, 1.0, -1.0, 2.0, 2.0, 0.0, -1.0, 3.0, 3.0, -1.0, -1.0, 0.0, 2.0, 3.0, 1.0, -1.0, 1.0, -1.0, 1.0, 2.0, -1.0, 3.0, 2.0, 0.0, -1.0, 545.0, 99427.0
2.0, 0.0, 0.0, 0.0, -1.0, 1.0, 2.0, 0.0, 2.0, -1.0, 0.0, 2.0, 2.0, 2.0, 1.0, 2.0, 0.0, 2.0, 1.0, 0.0, 3.0, 1.0, -1.0, 1.0, 1.0, 3.0, 1.0, -1.0, 2.0, 2.0, 0.0, -1.0, 3.0, 3.0, -1.0, -1.0, 0.0, 2.0, 3.0, 1.0, -1.0, 1.0, -1.0, 1.0, 2.0, -1.0, 3.0, 2.0, 0.0, -1.0, 545.0, 99427.0
2.0, 0.0, 0.0, 0.0, -1.0, 1.0, 2.0, 0.0, 2.0, -1.0, 0.0, 2.0, 2.0, 2.0, 1.0, 2.0, 1.0, 2.0, 1.0, 0.0, 3.0, 2.0, -1.0, 1.0, 1.0, 3.0, 1.0, -1.0, 2.0, 2.0, 0.0, -1.0, 3.0, 3.0, -1.0, -1.0, 0.0, 2.0, 0.0, 1.0, -1.0, 1.0, -1.0, 3.0, 2.0, -1.0, 3.0, 2.0, 0.0, -1.0, 545.0, 99427.0
2.0, 0.0, 0.0, 0.0, -1.0, 1.0, 2.0, 0.0, 2.0, -1.0, 0.0, 2.0, 2.0, 2.0, 1.0, 2.0, 0.0, 2.0, 1.0, 0.0, 3.0, 1.0, -1.0, 1.0, 1.0, 3.0, 1.0, -1.0, 2.0, 2.0, 0.0, -1.0, 3.0, 3.0, -1.0, -1.0, 0.0, 2.0, 3.0, 1.0, -1.0, 1.0, -1.0, 1.0, 2.0, -1.0, 3.0, 2.0, 0.0, -1.0, 545.0, 99427.0
2.0, 0.0, 0.0, 0.0, -1.0, 1.0, 2.0, 0.0, 2.0, -1.0, 0.0, 2.0, 2.0, 2.0, 1.0, 2.0, 0.0, 2.0, 1.0, 0.0, 3.0, 1.0, -1.0, 1.0, 1.0, 3.0, 1.0, -1.0, 2.0, 2.0, 0.0, -1.0, 3.0, 3.0, -1.0, -1.0, 0.0, 2.0, 3.0, 1.0, -1.0, 1.0, -1.0, 1.0, 2.0, -1.0, 3.0, 2.0, 0.0, -1.0, 545.0, 99427.0
2.0, 0.0, 1.0, 0.0, -1.0, 1.0, 2.0, 0.0, 2.0, -1.0, 0.0, 2.0, 2.0, 2.0, 1.0, 2.0, 0.0, 2.0, 1.0, 0.0, 3.0, 1.0, -1.0, 1.0, 1.0, 3.0, 1.0, -1.0, 2.0, 1.0, 0.0, -1.0, 3.0, 3.0, -1.0, -1.0, 0.0, 2.0, 3.0, 1.0, -1.0, 1.0, -1.0, 1.0, 2.0, -1.0, 3.0, 2.0, 0.0, -1.0, 545.0, 99427.0
2.0, 0.0, 0.0, 0.0, -1.0, 1.0, 2.0, 0.0, 2.0, -1.0, 0.0, 2.0, 2.0, 2.0, 1.0, 2.0, 1.0, 2.0, 1.0, 0.0, 3.0, 2.0, -1.0, 1.0, 1.0, 3.0, 1.0, -1.0, 2.0, 2.0, 0.0, -1.0, 3.0, 3.0, -1.0, -1.0, 0.0, 2.0, 0.0, 1.0, -1.0, 1.0, -1.0, 3.0, 2.0, -1.0, 3.0, 2.0, 0.0, -1.0, 545.0, 99427.0
2.0, 0.0, 0.0, 0.0, -1.0, 1.0, 2.0, 0.0, 2.0, -1.0, 0.0, 2.0, 2.0, 2.0, 1.0, 2.0, 0.0, 2.0, 1.0, 0.0, 3.0, 1.0, -1.0, 1.0, 1.0, 3.0, 1.0, -1.0, 2.0, 2.0, 0.0, -1.0, 3.0, 3.0, -1.0, -1.0, 0.0, 2.0, 3.0, 1.0, -1.0, 1.0, -1.0, 1.0, 2.0, -1.0, 3.0, 2.0, 0.0, -1.0, 545.0, 99427.0
2.0, 0.0, 0.0, 0.0, -1.0, 1.0, 2.0, 0.0, 2.0, -1.0, 0.0, 2.0, 2.0, 2.0, 1.0, 2.0, 0.0, 2.0, 1.0, 0.0, 3.0, 1.0, -1.0, 1.0, 1.0, 3.0, 1.0, -1.0, 2.0, 2.0, 0.0, -1.0, 3.0, 3.0, -1.0, -1.0, 0.0, 2.0, 3.0, 1.0, -1.0, 1.0, -1.0, 1.0, 2.0, -1.0, 3.0, 2.0, 0.0, -1.0, 545.0, 99427.0
2.0, 0.0, 0.0, 0.0, -1.0, 1.0, 2.0, 0.0, 2.0, -1.0, 0.0, 2.0, 2.0, 2.0, 1.0, 2.0, 0.0, 2.0, 1.0, 0.0, 3.0, 1.0, -1.0, 1.0, 1.0, 3.0, 1.0, -1.0, 2.0, 2.0, 0.0, -1.0, 3.0, 3.0, -1.0, -1.0, 0.0, 2.0, 3.0, 1.0, -1.0, 1.0, -1.0, 1.0, 2.0, -1.0, 3.0, 2.0, 0.0, -1.0, 545.0, 99427.0
2.0, 0.0, 0.0, 0.0, -1.0, 1.0, 2.0, 0.0, 2.0, -1.0, 0.0, 2.0, 2.0, 2.0, 1.0, 2.0, 0.0, 2.0, 1.0, 0.0, 3.0, 1.0, -1.0, 1.0, 1.0, 3.0, 1.0, -1.0, 2.0, 2.0, 0.0, -1.0, 3.0, 3.0, -1.0, -1.0, 0.0, 2.0, 3.0, 1.0, -1.0, 1.0, -1.0, 1.0, 2.0, -1.0, 3.0, 2.0, 0.0, -1.0, 545.0, 99427.0
2.0, 0.0, 0.0, 0.0, -1.0, 1.0, 2.0, 0.0, 2.0, -1.0, 0.0, 2.0, 2.0, 2.0, 1.0, 2.0, 1.0, 2.0, 1.0, 0.0, 3.0, 2.0, -1.0, 1.0, 1.0, 3.0, 1.0, -1.0, 2.0, 2.0, 0.0, -1.0, 3.0, 3.0, -1.0, -1.0, 0.0, 2.0, 0.0, 1.0, -1.0, 1.0, -1.0, 3.0, 2.0, -1.0, 3.0, 2.0, 0.0, -1.0, 545.0, 99427.0
2.0, 0.0, 0.0, 0.0, -1.0, 1.0, 2.0, 0.0, 2.0, -1.0, 0.0, 2.0, 2.0, 2.0, 1.0, 2.0, 0.0, 2.0, 1.0, 0.0, 3.0, 1.0, -1.0, 1.0, 1.0, 3.0, 1.0, -1.0, 2.0, 2.0, 0.0, -1.0, 3.0, 3.0, -1.0, -1.0, 0.0, 2.0, 3.0, 1.0, -1.0, 1.0, -1.0, 1.0, 2.0, -1.0, 3.0, 2.0, 0.0, -1.0, 545.0, 99427.0
2.0, 0.0, 0.0, 0.0, -1.0, 1.0, 2.0, 0.0, 2.0, -1.0, 0.0, 2.0, 2.0, 2.0, 1.0, 2.0, 0.0, 2.0, 1.0, 0.0, 3.0, 1.0, -1.0, 1.0, 1.0, 3.0, 1.0, -1.0, 2.0, 2.0, 0.0, -1.0, 3.0, 3.0, -1.0, -1.0, 0.0, 2.0, 3.0, 1.0, -1.0, 1.0, -1.0, 1.0, 2.0, -1.0, 3.0, 2.0, 0.0, -1.0, 545.0, 99427.0
2.0, 0.0, 0.0, 0.0, -1.0, 1.0, 2.0, 0.0, 2.0, -1.0, 0.0, 2.0, 2.0, 2.0, 1.0, 2.0, 0.0, 2.0, 1.0, 0.0, 3.0, 1.0, -1.0, 1.0, 1.0, 3.0, 1.0, -1.0, 2.0, 2.0, 0.0, -1.0, 3.0, 3.0, -1.0, -1.0, 0.0, 2.0, 3.0, 1.0, -1.0, 1.0, -1.0, 1.0, 2.0, -1.0, 3.0, 2.0, 0.0, -1.0, 545.0, 99427.0
2.0, 0.0, 0.0, 0.0, -1.0, 1.0, 2.0, 0.0, 2.0, -1.0, 0.0, 2.0, 2.0, 2.0, 1.0, 2.0, 1.0, 2.0, 1.0, 0.0, 3.0, 2.0, -1.0, 1.0, 1.0, 3.0, 1.0, -1.0, 2.0, 2.0, 0.0, -1.0, 3.0, 3.0, -1.0, -1.0, 0.0, 2.0, 0.0, 1.0, -1.0, 1.0, -1.0, 3.0, 2.0, -1.0, 3.0, 2.0, 0.0, -1.0, 545.0, 99427.0
2.0, 0.0, 0.0, 0.0, -1.0, 1.0, 2.0, 0.0, 2.0, -1.0, 0.0, 2.0, 2.0, 2.0, 1.0, 2.0, 0.0, 2.0, 1.0, 0.0, 3.0, 1.0, -1.0, 1.0, 1.0, 3.0, 1.0, -1.0, 2.0, 2.0, 0.0, -1.0, 3.0, 3.0, -1.0, -1.0, 0.0, 2.0, 3.0, 1.0, -1.0, 1.0, -1.0, 1.0, 2.0, -1.0, 3.0, 2.0, 0.0, -1.0, 545.0, 99427.0
2.0, 0.0, 0.0, 0.0, -1.0, 1.0, 2.0, 0.0, 2.0, -1.0, 0.0, 2.0, 2.0, 2.0, 1.0, 2.0, 0.0, 2.0, 1.0, 0.0, 3.0, 1.0, -1.0, 1.0, 1.0, 3.0, 1.0, -1.0, 2.0, 2.0, 0.0, -1.0, 3.0, 3.0, -1.0, -1.0, 0.0, 2.0, 3.0, 1.0, -1.0, 1.0, -1.0, 1.0, 2.0, -1.0, 3.0, 2.0, 0.0, -1.0, 545.0, 99427.0
2.0, 0.0, 0.0, 0.0, -1.0, 1.0, 2.0, 0.0, 2.0, -1.0, 0.0, 2.0, 2.0, 2.0, 1.0, 2.0, 0.0, 2.0, 1.0, 0.0, 3.0, 1.0, -1.0, 1.0, 1.0, 3.0, 1.0, -1.0, 2.0, 2.0, 0.0, -1.0, 3.0, 3.0, -1.0, -1.0, 0.0, 2.0, 3.0, 1.0, -1.0, 1.0, -1.0, 1.0, 2.0, -1.0, 3.0, 2.0, 0.0, -1.0, 545.0, 99427.0
2.0, 0.0, 0.0, 0.0, -1.0, 1.0, 2.0, 0.0, 2.0, -1.0, 0.0, 2.0, 2.0, 2.0, 1.0, 2.0, 0.0, 2.0, 1.0, 0.0, 3.0, 1.0, -1.0, 1.0, 1.0, 3.0, 1.0, -1.0, 2.0, 2.0, 0.0, -1.0, 3.0, 3.0, -1.0, -1.0, 0.0, 2.0, 3.0, 1.0, -1.0, 1.0, -1.0, 1.0, 2.0, -1.0, 3.0, 2.0, 0.0, -1.0, 545.0, 99427.0
2.0, 0.0, 0.0, 0.0, -1.0, 1.0, 2.0, 0.0, 2.0, -1.0, 0.0, 2.0, 2.0, 2.0, 1.0, 2.0, 1.0, 2.0, 1.0, 0.0, 3.0, 2.0, -1.0, 1.0, 1.0, 3.0, 1.0, -1.0, 2.0, 2.0, 0.0, -1.0, 3.0, 3.0, -1.0, -1.0, 0.0, 2.0, 0.0, 1.0, -1.0, 1.0, -1.0, 3.0, 2.0, -1.0, 3.0, 2.0, 0.0, -1.0, 545.0, 99427.0
2.0, 0.0, 0.0, 0.0, -1.0, 1.0, 2.0, 0.0, 2.0, -1.0, 0.0, 2.0, 2.0, 2.0, 1.0, 2.0, 0.0, 2.0, 1.0, 0.0, 3.0, 1.0, -1.0, 1.0, 1.0, 3.0, 1.0, -1.0, 2.0, 2.0, 0.0, -1.0, 3.0, 3.0, -1.0, -1.0, 0.0, 2.0, 3.0, 1.0, -1.0, 1.0, -1.0, 1.0, 2.0, -1.0, 3.0, 2.0, 0.0, -1.0, 545.0, 99427.0
2.0, 0.0, 0.0, 0.0, -1.0, 1.0, 2.0, 0.0, 2.0, -1.0, 0.0, 2.0, 2.0, 2.0, 1.0, 2.0, 0.0, 2.0, 1.0, 0.0, 3.0, 1.0, -1.0, 1.0, 1.0, 3.0, 1.0, -1.0, 2.0, 2.0, 0.0, -1.0, 3.0, 3.0, -1.0, -1.0, 0.0, 2.0, 3.0, 1.0, -1.0, 1.0, -1.0, 1.0, 2.0, -1.0, 3.0, 2.0, 0.0, -1.0, 545.0, 99427.0
2.0, 0.0, 0.0, 0.0, -1.0, 1.0, 2.0, 0.0, 2.0, -1.0, 0.0, 2.0, 2.0, 2.0, 1.0, 2.0, 1.0, 2.0, 1.0, 0.0, 3.0, 2.0, -1.0, 1.0, 1.0, 3.0, 1.0, -1.0, 2.0, 2.0, 0.0, -1.0, 3.0, 3.0, -1.0, -1.0, 0.0, 2.0, 0.0, 1.0, -1.0, 1.0, -1.0, 3.0, 2.0, -1.0, 3.0, 2.0, 0.0, -1.0, 545.0, 99427.0
2.0, 0.0, 0.0, 0.0, -1.0, 1.0, 2.0, 0.0, 2.0, -1.0, 0.0, 2.0, 2.0, 2.0, 1.0, 2.0, 0.0, 2.0, 1.0, 0.0, 3.0, 1.0, -1.0, 1.0, 1.0, 3.0, 1.0, -1.0, 2.0, 2.0, 0.0, -1.0, 3.0, 3.0, -1.0, -1.0, 0.0, 2.0, 3.0, 1.0, -1.0, 1.0, -1.0, 1.0, 2.0, -1.0, 3.0, 2.0, 0.0, -1.0, 545.0, 99427.0
2.0, 0.0, 0.0, 0.0, -1.0, 1.0, 2.0, 0.0, 2.0, -1.0, 0.0, 2.0, 2.0, 2.0, 1.0, 2.0, 0.0, 2.0, 1.0, 0.0, 3.0, 1.0, -1.0, 1.0, 1.0, 3.0, 1.0, -1.0, 2.0, 2.0, 0.0, -1.0, 3.0, 3.0, -1.0, -1.0, 0.0, 2.0, 3.0, 1.0, -1.0, 1.0, -1.0, 1.0, 2.0, -1.0, 3.0, 2.0, 0.0, -1.0, 545.0, 99427.0
2.0, 0.0, 0.0, 0.0, -1.0, 1.0, 2.0, 0.0, 2.0, -1.0, 0.0, 2.0, 2.0, 2.0, 1.0, 2.0, 0.0, 2.0, 1.0, 0.0, 3.0, 1.0, -1.0, 1.0, 1.0, 3.0, 1.0, -1.0, 2.0, 2.0, 0.0, -1.0, 3.0, 3.0, -1.0, -1.0, 0.0, 2.0, 3.0, 1.0, -1.0, 1.0, -1.0, 1.0, 2.0, -1.0, 3.0, 2.0, 0.0, -1.0, 545.0, 99427.0
2.0, 0.0, 0.0, 0.0, -1.0, 1.0, 2.0, 0.0, 2.0, -1.0, 0.0, 2.0, 2.0, 2.0, 1.0, 2.0, 0.0, 2.0, 1.0, 0.0, 3.0, 1.0, -1.0, 1.0, 1.0, 3.0, 1.0, -1.0, 2.0, 2.0, 0.0, -1.0, 3.0, 3.0, -1.0, -1.0, 0.0, 2.0, 3.0, 1.0, -1.0, 1.0, -1.0, 1.0, 2.0, -1.0, 3.0, 2.0, 0.0, -1.0, 545.0, 99427.0
2.0, 0.0, 0.0, 0.0, -1.0, 1.0, 2.0, 0.0, 2.0, -1.0, 0.0, 2.0, 2.0, 2.0, 1.0, 2.0, 1.0, 2.0, 1.0, 0.0, 3.0, 2.0, -1.0, 1.0, 1.0, 3.0, 1.0, -1.0, 2.0, 2.0, 0.0, -1.0, 3.0, 3.0, -1.0, -1.0, 0.0, 2.0, 0.0, 1.0, -1.0, 1.0, -1.0, 3.0, 2.0, -1.0, 3.0, 2.0, 0.0, -1.0, 545.0, 99427.0
2.0, 0.0, 0.0, 0.0, -1.0, 1.0, 2.0, 0.0, 2.0, -1.0, 0.0, 2.0, 2.0, 2.0, 1.0, 2.0, 0.0, 2.0, 1.0, 0.0, 3.0, 1.0, -1.0, 1.0, 1.0, 3.0, 1.0, -1.0, 2.0, 2.0, 0.0, -1.0, 3.0, 3.0, -1.0, -1.0, 0.0, 2.0, 3.0, 1.0, -1.0, 1.0, -1.0, 1.0, 2.0, -1.0, 3.0, 2.0, 0.0, -1.0, 545.0, 99427.0
2.0, 0.0, 0.0, 0.0, -1.0, 1.0, 2.0, 0.0, 2.0, -1.0, 0.0, 2.0, 2.0, 2.0, 1.0, 2.0, 0.0, 2.0, 1.0, 0.0, 3.0, 1.0, -1.0, 1.0, 1.0, 3.0, 1.0, -1.0, 2.0, 2.0, 0.0, -1.0, 3.0, 3.0, -1.0, -1.0, 0.0, 2.0, 3.0, 1.0, -1.0, 1.0, -1.0, 1.0, 2.0, -1.0, 3.0, 2.0, 0.0, -1.0, 545.0, 99427.0
2.0, 0.0, 0.0, 0.0, -1.0, 1.0, 2.0, 0.0, 2.0, -1.0, 0.0, 2.0, 2.0, 2.0, 1.0, 2.0, 0.0, 2.0, 1.0, 0.0, 3.0, 1.0, -1.0, 1.0, 1.0, 3.0, 1.0, -1.0, 2.0, 2.0, 0.0, -1.0, 3.0, 3.0, -1.0, -1.0, 0.0, 2.0, 3.0, 1.0, -1.0, 1.0, -1.0, 1.0, 2.0, -1.0, 3.0, 2.0, 0.0, -1.0, 545.0, 99427.0
2.0, 0.0, 0.0, 0.0, -1.0, 1.0, 2.0, 0.0, 2.0, -1.0, 0.0, 2.0, 2.0, 2.0, 1.0, 2.0, 1.0, 2.0, 1.0, 0.0, 3.0, 2.0, -1.0, 1.0, 1.0, 3.0, 1.0, -1.0, 2.0, 2.0, 0.0, -1.0, 3.0, 3.0, -1.0, -1.0, 0.0, 2.0, 0.0, 1.0, -1.0, 1.0, -1.0, 3.0, 2.0, -1.0, 3.0, 2.0, 0.0, -1.0, 545.0, 99427.0
2.0, 0.0, 0.0, 0.0, -1.0, 1.0, 2.0, 0.0, 2.0, -1.0, 0.0, 2.0, 2.0, 2.0, 1.0, 2.0, 0.0, 2.0, 1.0, 0.0, 3.0, 1.0, -1.0, 1.0, 1.0, 3.0, 1.0, -1.0, 2.0, 2.0, 0.0, -1.0, 3.0, 3.0, -1.0, -1.0, 0.0, 2.0, 3.0, 1.0, -1.0, 1.0, -1.0, 1.0, 2.0, -1.0, 3.0, 2.0, 0.0, -1.0, 545.0, 99427.0
2.0, 0.0, 0.0, 0.0, -1.0, 1.0, 2.0, 0.0, 2.0, -1.0, 0.0, 2.0, 2.0, 2.0, 1.0, 2.0, 0.0, 2.0, 1.0, 0.0, 3.0, 1.0, -1.0, 1.0, 1.0, 3.0, 1.0, -1.0, 2.0, 2.0, 0.0, -1.0, 3.0, 3.0, -1.0, -1.0, 0.0, 2.0, 3.0, 1.0, -1.0, 1.0, -1.0, 1.0, 2.0, -1.0, 3.0, 2.0, 0.0, -1.0, 545.0, 99427.0
