3.97990346549, 1.00000096385, 1.4995988652, 1.12113066722, 4.22320337376, 0.820775137458, 3.91209904827, 1.10393925939, 0.930102203048, 4.03910513109, 5.30950992938, 0.851452479158, 3.50163764451, 0.864556072379, 1.09000083435, 1.07659883661, 1.02790253546, 0.836894513055, 3.41212818371, 1.01808371554, 0.953617038547, 839.053096319, 1.02821957971, 1.18120559492, 1.22632130304, 2.59620921014, 1.24476621254, 9.77276142864, 37.1042486032
5.45764449722, 1.00000086655, 1.53241919753, 0.91034170462, 5.42745289139, 0.762266854004, 4.97124825185, 1.0095968812, 0.912279139059, 6.01181302251, 5.13847392604, 0.827253237611, 3.53261961308, 1.12319961946, 1.09000083017, 1.04417870567, 1.04882978183, 1.17059163982, 4.68648434496, 1.03928204521, 0.969084019714, 288.867793439, 0.987925965079, 1.79811577847, 0.972300332186, 4.8871443886, 1.26728238527, 6.34703492897, 72.5554366638
5.45764449722, 1.00000086655, 1.53241919753, 0.817365243408, 5.42745289139, 0.762266854004, 3.30582492404, 1.0095968812, 0.982401037959, 5.47979415532, 5.13847392604, 0.827253237611, 3.53261961308, 1.12319961946, 1.09000083017, 1.04417870567, 1.04882978183, 1.17059163982, 6.67583819287, 1.11344915362, 0.969084019714, 472.730041565, 0.987925965079, 1.79811577847, 1.0365083118, 4.8871443886, 1.25420099021, 8.96729949812, 62.1748929932
1.06354986674, 1.00000097418, 1.18355107224, 0.908128307827, 2.0225417224, 0.827199694181, 5.08979771126, 1.15584179577, 0.974939856326, 5.01026129885, 6.18734711822, 1.07208808012, 1.77542676116, 0.901541386411, 1.09000002948, 1.04327563342, 1.04893649878, 1.12931685089, 6.28683617674, 1.07252218222, 0.971586680846, 259.506029133, 0.944465982758, 4.37502494259, 0.957143360946, 5.13597512098, 1.05889425332, 11.5538765349, 49.9509807976
3.0962044888, 1.00000066406, 1.35347312752, 0.962753649833, 1.66934138953, 0.828973338971, 1.82831162057, 1.12019592749, 0.901727493632, 2.05320400901, 6.01870117387, 0.971849457449, 3.62132431484, 0.922388279157, 1.09000099823, 1.05837589288, 1.02488547134, 1.19907908554, 5.98223323867, 1.01742181455, 0.873379745982, 550.108050288, 1.19938736612, 2.37221414589, 1.00909985032, 2.15925440747, 1.2581422063, 6.66797970071, 80.142233766
3.86864394075, 1.00000042301, 1.0321841792, 1.16254125813, 4.56477330407, 0.750640380619, 4.0855760868, 1.07594545155, 0.929963414068, 1.55639544633, 5.08830767697, 1.0868306837, 4.61952710615, 1.11169690105, 1.0900000833, 1.05648194603, 1.01904184686, 1.06482533817, 9.94779677936, 1.02824337475, 0.962066992475, 178.282239432, 1.18367458733, 3.13992151841, 1.12479746802, 4.84615963606, 1.03705616396, 7.1134536421, 124.214392118
2.26449105056, 1.00000024433, 1.03413484448, 0.979151493341, 3.50766274119, 0.85876344804, 1.21388990087, 1.13869851914, 0.968126669141, 6.0162337384, 5.57752599679, 0.926009942403, 1.4110741653, 1.11441812202, 1.09000005134, 1.05426661831, 1.04706910453, 0.968957177917, 7.96300308251, 0.977785771323, 0.901536872881, 768.784751737, 1.04444839292, 1.39155355853, 0.972017635526, 4.14894097113, 1.2731707128, 8.68927485671, 186.82075207
3.0962044888, 1.00000066406, 1.35347312752, 0.962753649833, 1.66934138953, 0.828973338971, 1.82831162057, 1.12019592749, 0.901727493632, 2.05320400901, 6.01870117387, 0.971849457449, 3.62132431484, 0.922388279157, 1.09000099823, 1.05837589288, 1.02488547134, 1.19907908554, 5.98223323867, 1.01742181455, 0.873379745982, 550.108050288, 1.19868431275, 2.37221414589, 1.00909985032, 2.15925440747, 1.2581422063, 8.59624253445, 268.616889794
2.96745700324, 1.0000001069, 1.38258697481, 1.16142891481, 4.55649299471, 0.865801740833, 4.28059425676, 1.25430678135, 0.990842764903, 2.53385409453, 5.28163200678, 1.0921329429, 1.65989972554, 0.984751465459, 1.09000042857, 1.05793912788, 1.0373467626, 1.17193424179, 8.76048124484, 1.03176972823, 0.890219403827, 287.902501674, 1.04426342968, 5.48162571812, 1.15634942608, 3.07667879403, 1.04877608631, 18.2618138836, 278.563908639
1.10623465719, 1.00000063406, 1.25097710812, 0.905045299017, 2.13803637615, 0.988302758367, 5.62724959387, 1.2411845675, 0.924251631821, 4.81298549661, 5.84674750335, 0.970084460368, 2.85417117259, 0.907794918685, 1.09000022461, 1.09975280022, 1.00457609061, 1.11749636538, 7.18360907454, 1.07469269644, 0.825397019857, 669.201283182, 1.11992961978, 4.00867952072, 1.18725742972, 5.2916259564, 1.13957691479, 17.5908516538, 446.322845448
5.83183450009, 1.00000075272, 1.34498599145, 0.919260112129, 5.61594017231, 0.748325081146, 5.96799662305, 1.1091767797, 0.964985195009, 3.51665617001, 4.8728268566, 1.00749840146, 2.79693996825, 1.13342889633, 1.09000056059, 1.00118693838, 1.00237335472, 1.19439166907, 5.36442181993, 1.00880024587, 0.908901642857, 574.114462974, 1.17440887741, 4.22677062697, 1.23414991923, 2.23378010193, 1.04859386713, 15.2394035469, 774.296998735
1.10623465719, 1.00000063406, 1.25097710812, 0.905045299017, 2.13803637615, 0.988302758367, 5.62724959387, 1.2411845675, 0.924251631821, 4.81298549661, 5.84674750335, 0.970084460368, 2.85417117259, 0.907794918685, 1.0900002133, 1.09975280022, 1.00457609061, 1.11749636538, 7.18360907454, 1.07469269644, 0.825397019857, 669.201283182, 1.11992961978, 4.00867952072, 1.18725742972, 5.2916259564, 1.13957691479, 16.8102329932, 644.524067421
1.5818384932, 1.00000081543, 1.21929082767, 0.918708019386, 4.07817155043, 0.891527008544, 5.94659543787, 1.2411845675, 0.923224397367, 1.90621821541, 5.49995053087, 0.970084460368, 3.9842776202, 1.02917887715, 1.0900005952, 1.02749030621, 1.02959112609, 1.10169403414, 9.91260886374, 1.04411743411, 0.954831575714, 902.735625612, 1.04849183191, 1.32803816564, 0.951240907391, 2.41289550323, 1.23148915346, 12.317617111, 840.801434673
2.0799562946, 1.00000025305, 1.16374371708, 0.94181841621, 5.90340133307, 0.791074224253, 4.61907267804, 1.05582796385, 0.991256484144, 3.79109285536, 5.91461317638, 1.00141881432, 1.30856582515, 1.22751915561, 1.09000075523, 1.01162310782, 1.03025551013, 1.06883226223, 5.40001866831, 1.17145639867, 0.87289853502, 976.09160896, 1.05413298633, 4.65933600823, 0.979685873878, 5.16581143403, 1.2068250269, 22.5002358736, 295.649076816
5.17621671192, 1.00000018743, 1.60476468418, 1.05293422602, 3.46023485896, 0.735555578953, 1.7358072517, 1.05880670595, 0.922277100439, 1.42202129866, 4.6973868154, 1.09662809314, 3.78909548387, 1.09524405927, 1.09000006468, 1.05300420398, 1.01699539715, 0.949622332543, 5.22685140576, 1.04098063037, 0.835007239441, 931.907057824, 1.13845754387, 2.03713210339, 1.01121231675, 4.3583159359, 1.06702468175, 19.1660112328, 420.382425985
4.80254556539, 1.00000010338, 1.61058776254, 0.847414640594, 2.74064616134, 0.748573179162, 2.12903588758, 1.1457053156, 0.981691026035, 2.90662164279, 5.25749966878, 0.936741544739, 3.8081172916, 1.10698247046, 1.09000031557, 1.06283566047, 1.02161021777, 1.22680882433, 9.8268161713, 1.03645806919, 0.77997456322, 666.987356037, 0.926900987491, 1.91931712154, 0.999734698473, 4.8333199926, 0.874742084633, 13.5757161446, 1415.31289011
4.82682641619, 1.00000042786, 1.37667269233, 1.07576947651, 5.47711044051, 0.763374464029, 4.50004590888, 1.11373262694, 0.949201543519, 3.10866024377, 5.85835903952, 1.01502156733, 4.5742393271, 0.872364153942, 1.09000059308, 1.07446766502, 1.0181278558, 0.971538675036, 5.86878644169, 0.968621459662, 0.796292562923, 81.2506253399, 1.08019818378, 5.24372516079, 1.19851044872, 4.1166178197, 0.964695272635, 15.0062313902, 897.170346393
3.92674981518, 1.00000087278, 1.29046075118, 0.817063988129, 3.900627302, 0.875679251191, 2.41465988413, 1.02995046255, 0.9218121997, 2.05878130164, 5.08858606607, 0.836579448867, 1.26061661693, 1.21925650416, 1.09000057304, 1.10698441937, 1.00258558565, 1.21981076688, 6.29118612217, 1.11600208594, 0.834521544286, 974.756218168, 1.03152960929, 5.63987431962, 1.07039806299, 1.53939149115, 1.11697794879, 12.5986127559, 1650.91846865
3.63417455403, 1.00000087278, 1.29046075118, 0.817063988129, 3.900627302, 0.808935196953, 2.41465988413, 1.02995046255, 0.9218121997, 2.05878130164, 5.08858606607, 0.836579448867, 1.14519284473, 1.21925650416, 1.09000057304, 1.10698441937, 1.00258558565, 1.21981076688, 6.29118612217, 1.11600208594, 0.795409998398, 974.756218168, 1.03152960929, 5.63987431962, 1.07039806299, 1.53939149115, 1.0754352009, 18.6828430733, 613.453056978
2.46510089872, 1.00000002493, 1.41954696705, 0.907971103435, 6.71672571618, 0.726566880372, 4.03761074733, 1.08262671238, 0.984209383895, 6.13917619086, 5.12141543015, 0.891946543783, 5.04679363494, 0.921079436757, 1.09000005932, 1.05572484129, 1.03470480248, 0.927780057376, 7.78724779993, 0.914426734045, 0.952722757039, 182.560714497, 0.960945582268, 5.98394365554, 1.07571131896, 3.02379391616, 1.08305197123, 14.8840441928, 1991.70582372
5.89444433812, 1.00000027234, 1.05209584498, 1.0808156413, 5.30294622689, 0.724766308925, 2.85382316846, 1.25702603334, 0.914766713585, 3.16089902261, 5.68151034249, 1.02085799646, 2.02401778724, 1.18224372724, 1.09000035416, 1.0335692051, 1.00938759575, 0.91272034289, 3.0083496593, 1.12912053175, 0.931486931759, 922.215064106, 0.986116603289, 5.23565921184, 1.20441292183, 2.23378010193, 1.20934057194, 19.8728783134, 537.086645867
5.45764449722, 1.00000086655, 1.53241919753, 0.91034170462, 5.42745289139, 0.762266854004, 4.97124825185, 1.0095968812, 0.912279139059, 6.01181302251, 5.54420662327, 0.827253237611, 3.53261961308, 1.12319961946, 1.09000083017, 1.04417870567, 1.04882978183, 1.17059163982, 4.68648434496, 1.03928204521, 0.969084019714, 288.867793439, 0.987925965079, 1.79811577847, 0.972300332186, 4.8871443886, 1.26728238527, 20.1346509987, 528.245751275
1.6944452896, 1.00000039444, 1.27174211961, 1.17805067687, 2.75294992693, 0.966100646385, 1.0931226404, 1.05394208981, 0.92657158277, 3.33787162045, 6.16831409045, 0.818091870095, 1.44503498758, 0.8942603231, 1.09000083427, 1.09676582286, 1.03371285087, 1.03346974629, 7.25636030632, 1.03099518805, 0.843462082847, 182.838380768, 1.11845259811, 2.08681181642, 1.21896333275, 2.22528931589, 1.03490690737, 15.9639062319, 929.982186906
4.93225157405, 1.00000072038, 1.04724248263, 1.15473471882, 2.61762151152, 0.727222694995, 5.78627983658, 1.01201582372, 0.99441565731, 6.19344121275, 5.53591644529, 1.09251900995, 1.11727140327, 0.873187932269, 1.09000060002, 1.0243452601, 1.00988542858, 1.00087544881, 6.04477765504, 1.11368625962, 0.866839711247, 256.698573258, 1.19256160664, 4.88048382528, 0.980649763011, 3.59176496512, 0.996172503261, 16.106752777, 1081.35773085
5.63677104224, 1.00000086655, 1.53241919753, 0.91034170462, 5.42745289139, 0.762266854004, 4.97124825185, 1.0095968812, 0.912279139059, 5.47979415532, 5.13847392604, 0.827253237611, 3.53261961308, 1.12319961946, 1.09000083017, 1.04417870567, 1.04882978183, 1.17059163982, 6.67583819287, 1.03928204521, 0.975335191986, 288.867793439, 0.987925965079, 1.79811577847, 0.972300332186, 4.8871443886, 1.25420099021, 20.9741561949, 701.937525223
1.6944452896, 1.00000039444, 1.27174211961, 1.17805067687, 2.75294992693, 0.966100646385, 1.27899114237, 1.05394208981, 0.962466409392, 3.33787162045, 6.16831409045, 0.818091870095, 1.44503498758, 0.8942603231, 1.09000083427, 1.10150576461, 1.03371285087, 1.03346974629, 7.25636030632, 0.945729253007, 0.843462082847, 182.838380768, 1.03826459533, 2.08681181642, 1.21896333275, 4.24520215972, 1.03490690737, 19.3706242054, 858.687550112
3.79571200675, 1.00000011603, 1.33886495141, 0.919327780514, 6.79140699539, 0.833539357361, 2.76526813796, 1.09671487676, 0.938254286109, 4.6384445626, 5.41914909254, 1.15119702041, 4.52743772571, 1.13023264377, 1.09000089332, 1.06162633133, 1.00858831823, 0.973665012355, 3.68812228575, 0.913908284188, 0.983057348723, 331.38206637, 1.14625737213, 3.0275567615, 1.02621319774, 3.77614155233, 0.905415297765, 18.6780681361, 1037.51296964
4.61816997105, 1.00000032878, 1.0516507771, 0.847414640594, 5.17271043593, 0.992374197038, 5.25110345482, 1.19254484925, 0.944710245961, 2.55548007508, 4.91699750936, 0.912480701969, 3.85864383258, 1.19330680409, 1.09000074603, 1.02682899148, 1.04823339854, 0.834766921202, 9.82732712911, 1.10128577078, 0.988597095599, 910.405000337, 1.19067677414, 1.97305304711, 0.997538724607, 5.41406774931, 0.935255632621, 26.945476844, 659.568097114
1.77179881913, 1.00000013027, 1.33708681199, 0.925557079865, 4.10092702658, 0.853290336441, 3.15708231837, 1.25780300121, 0.995938059306, 5.23298285933, 5.97287628113, 0.832374320396, 3.41802005103, 0.875616112923, 1.09000060071, 1.0567594296, 1.02839873041, 0.951821605425, 9.79218929471, 1.17802699495, 0.857674640312, 807.240705324, 0.96416982654, 5.10312713517, 1.1958908743, 4.41736198188, 1.28114823983, 16.444863449, 4100.50242385
4.17981528755, 1.00000002493, 1.61485237824, 0.907971103435, 6.71672571618, 0.726566880372, 3.96432418695, 1.18508071947, 0.984209383895, 5.43083276107, 5.12141543015, 0.891946543783, 5.04679363494, 0.921079436757, 1.09000010955, 1.05572484129, 1.00597861283, 1.21896513918, 7.78724779993, 0.946984223922, 0.952722757039, 177.916657573, 0.960945582268, 5.98394365554, 0.954746321455, 3.02379391616, 1.08305197123, 18.5858228333, 1455.60679367
5.99760899097, 1.00000003069, 1.60971169775, 0.861240298151, 5.32917955208, 0.984425215258, 1.1757128482, 1.04384194077, 0.948931288381, 5.42044669509, 5.29287440774, 1.06460929076, 1.09301169933, 1.16415573991, 1.09000047637, 1.04354145365, 1.00391012458, 0.816062416992, 9.25403746277, 0.914710619324, 0.918961187674, 293.203613722, 0.923555178124, 1.18185944435, 1.13993080929, 3.74458732685, 0.999919393753, 17.5220098425, 11848.6735066
5.34854730563, 1.00000041802, 1.72556747567, 1.05958011408, 6.55493103565, 0.80451474723, 1.69176931125, 1.05757180181, 0.902305096915, 5.75055092717, 5.0421012858, 0.914201148246, 1.21981765595, 0.955280235062, 1.09000044139, 1.01147131794, 1.01776406925, 0.914275870831, 8.89016970686, 1.15742083238, 0.963330243979, 765.046085347, 1.19886510208, 5.64676059258, 1.22231918044, 4.89477666094, 0.961521722559, 17.5330255542, 6007.02031966
5.45764449722, 1.00000086655, 1.53241919753, 0.817365243408, 5.42745289139, 0.762266854004, 3.30582492404, 1.0095968812, 0.912279139059, 5.47979415532, 5.13847392604, 0.827253237611, 3.53261961308, 1.12319961946, 1.09000083017, 1.04417870567, 1.04882978183, 1.17059163982, 6.67583819287, 1.03928204521, 0.969084019714, 288.867793439, 0.987925965079, 1.79811577847, 1.0365083118, 4.8871443886, 1.25420099021, 17.5759001056, 13153.4799519
3.31465109926, 1.00000020044, 1.14774206931, 1.07936189949, 4.62110866961, 0.915478439214, 1.55641495347, 1.08534953138, 0.995014476167, 1.28231505767, 4.83890990312, 0.991870422687, 1.07443588258, 0.95381001202, 1.09000059569, 1.10884813936, 1.00496898782, 1.02942320327, 7.54556336386, 1.02705769287, 0.7812687031, 815.60199901, 1.10703747737, 3.96366996752, 1.20489481072, 1.25901759496, 1.27773398401, 23.4137487483, 841.547481565
2.20073124324, 1.00000099695, 1.09241293727, 1.17520200979, 4.59791228527, 0.878816452763, 3.26329135769, 1.25832106115, 0.956612177668, 2.93044763073, 5.72869955848, 1.19948637718, 4.20138262534, 1.27576465094, 1.09000050192, 1.04163437049, 1.03959311624, 1.20643695612, 5.88416814877, 1.18948873439, 0.793642699567, 113.141477462, 1.11487328283, 3.97277942502, 1.08831953466, 4.64774248358, 0.883719065159, 18.7639928121, 1989.15880214
5.92406708527, 1.00000098595, 1.17883375466, 1.01308965007, 3.85592110846, 0.847188078931, 1.56226924478, 1.00866890772, 0.940092541701, 2.2751565271, 5.14768644025, 0.909811440596, 4.6683645184, 1.01175823516, 1.09000089218, 1.04818696751, 1.02888434489, 1.19124159256, 9.54915811178, 1.00431249916, 0.962660227558, 319.896419705, 1.03428031251, 3.55271608851, 1.15333739103, 2.2086251027, 0.985809334847, 24.59242975, 1005.87014812
5.99567692289, 1.00000049865, 1.58718023276, 1.16861756791, 4.08438501595, 0.72354029274, 5.17644625702, 1.16520803338, 0.915498260167, 5.18167965601, 6.18620089788, 0.905517605164, 4.06303719873, 1.17518396628, 1.09000053941, 1.00091337637, 1.00881486415, 1.19930906799, 3.63399707559, 1.16345185072, 0.967012060958, 511.207007836, 1.19450656534, 5.79611645979, 1.06709896172, 4.27997286073, 1.06507139575, 21.5652258021, 1369.47945144
1.6673495831, 1.00000009503, 1.61029701666, 1.14258309726, 4.24201207619, 0.816948376256, 1.34325028866, 1.18359633768, 0.948084337611, 2.19013643469, 4.69746762433, 1.16543360873, 3.9533385831, 1.11446068527, 1.09000099954, 1.0712654345, 1.01288501915, 0.908734602368, 3.1844882854, 1.06283807576, 0.953668273263, 787.617150145, 1.04444839292, 2.1974485199, 1.04667900976, 4.20460760022, 0.89407696176, 21.4232954792, 1416.80523272
3.92674981518, 1.00000087278, 1.29046075118, 0.817063988129, 3.900627302, 0.875679251191, 2.41465988413, 1.02995046255, 0.9218121997, 2.05878130164, 5.08858606607, 0.836579448867, 1.26061661693, 1.21925650416, 1.09000057304, 1.10698441937, 1.00258558565, 1.21981076688, 6.29118612217, 1.11600208594, 0.795409998398, 974.756218168, 1.03152960929, 5.63987431962, 1.07039806299, 1.53939149115, 1.11697794879, 21.4172303178, 1641.79611872
1.10998404932, 1.00000048935, 1.47976515303, 1.07248973462, 6.33915477965, 0.739430454281, 3.02082452582, 1.02544542711, 0.982116685204, 4.71311508031, 5.47938787789, 1.1539263903, 3.27857189466, 1.02488649285, 1.0900001589, 1.10480495646, 1.03879483701, 0.814207338802, 9.17605001573, 1.17386934705, 0.872561672515, 611.816143093, 1.04274501335, 4.6506549837, 0.985420346818, 5.22316317971, 1.09300278413, 22.3005766694, 1422.92392168
3.39309000129, 1.00000062323, 1.19103793497, 0.9731606873, 4.5736803863, 0.808935196953, 1.27134385579, 1.18231660955, 0.995219072381, 5.84163931973, 5.29685677476, 1.07910610607, 2.30603203687, 1.12133797342, 1.09000060176, 1.06045273384, 1.02358358552, 1.07464249272, 4.23469259312, 1.02354347603, 0.984921988073, 682.36664267, 0.967283547729, 3.31800797926, 0.953030017895, 4.66160787878, 1.0754352009, 27.4450037505, 1096.89340158
2.26449105056, 1.00000024433, 1.03413484448, 0.884271223251, 3.50766274119, 0.85876344804, 1.29675523607, 1.13869851914, 0.968126669141, 6.0162337384, 5.57752599679, 0.887676865349, 1.4110741653, 1.11441812202, 1.09000005134, 1.05426661831, 1.04706910453, 0.968957177917, 7.96300308251, 0.977785771323, 0.901536872881, 351.147010999, 1.00648567976, 1.39155355853, 0.972017635526, 4.14894097113, 1.2731707128, 37.3218944876, 1154.09198275
1.88333549896, 1.00000009351, 1.4264530916, 0.954916234265, 1.73757038539, 0.899882968881, 4.49926487503, 1.04068963239, 0.97994232404, 6.04887074999, 6.13104879848, 0.87987376668, 2.75980670215, 1.06302368797, 1.09000025407, 1.04455938213, 1.0350094484, 1.12059516258, 6.24105232412, 1.02861977588, 0.936026204278, 436.714683435, 1.17512524417, 5.66130202501, 1.17719390405, 4.16881347405, 1.01532282578, 19.5152606088, 39470.5719748
4.05712350614, 1.00000039266, 1.08864355544, 1.17179813641, 2.09691108415, 0.906086649921, 4.60255965184, 1.01617587066, 0.917483834299, 5.86741716881, 6.03666679057, 1.1276183611, 3.51205522354, 1.20805694387, 1.09000055563, 1.09253297032, 1.04825971526, 0.81580085697, 6.68466660181, 1.1867839476, 0.983157770404, 859.851059459, 0.929832306254, 3.46574580251, 1.05552901911, 4.35929033962, 1.24784813333, 20.5715208895, 2285.29515636
2.46510089872, 1.00000002493, 1.61485237824, 0.811339085838, 6.71672571618, 0.726566880372, 1.46902580021, 1.18508071947, 0.984209383895, 5.88382138995, 5.12141543015, 0.950877971273, 5.04679363494, 0.921079436757, 1.09000010955, 1.05572484129, 1.03470480248, 0.927780057376, 6.33114180862, 0.914426734045, 0.886065878965, 182.560714497, 0.960945582268, 5.98394365554, 0.954746321455, 3.02379391616, 1.08305197123, 19.9649522982, 15706.0357663
3.21504568434, 1.00000034467, 1.67704332927, 0.97952200962, 5.18620403804, 0.998783694563, 4.15344150114, 1.1881449115, 0.90576410493, 1.87599852732, 4.8940488771, 1.17891945919, 3.42341890941, 1.12124843944, 1.09000043291, 1.10522939028, 1.00405529761, 1.07038030309, 7.20628092194, 1.16246524607, 0.850085728312, 726.377565319, 1.07195213927, 3.76275611732, 1.12360262437, 3.58135695293, 1.22319028161, 20.7694879719, 4700.7575652
3.79571200675, 1.00000011603, 1.33886495141, 0.919327780514, 5.41758433319, 0.833539357361, 1.27899114237, 1.09671487676, 0.938254286109, 4.6384445626, 5.41914909254, 1.15119702041, 4.52743772571, 1.13023264377, 1.09000089332, 1.06162633133, 1.00858831823, 0.973665012355, 3.68812228575, 0.913908284188, 0.983057348723, 331.38206637, 1.13358549777, 3.0275567615, 0.966832575412, 1.4364429142, 0.905415297765, 21.0313327861, 2650.90615964
1.37062075638, 1.00000012893, 1.64329654862, 1.08969417236, 1.67480858441, 0.844393022636, 1.57541076995, 1.18698019103, 0.922369062273, 5.88680634922, 5.01834417019, 1.10060177736, 1.9331000108, 1.16254909936, 1.09000095061, 1.01239629452, 1.03425562515, 0.826172415142, 5.59857759674, 1.07851180391, 0.770695816444, 640.806305973, 0.910448821668, 2.08894713288, 1.03880341657, 4.16719528362, 1.21637753738, 21.3237194852, 4002.06806495
1.40775085307, 1.00000000189, 1.50620667674, 1.1618900444, 5.88531909465, 0.846228196898, 1.89833671291, 1.19491384072, 0.942998664055, 5.1513917642, 5.95443190481, 1.16314246263, 3.53867774766, 0.985287790011, 1.09000091868, 1.0070146202, 1.02408547828, 0.887037785756, 6.84556358761, 1.1703461539, 0.985575644684, 948.5793481, 1.08762112727, 3.68498535208, 1.08783221211, 2.76949511129, 1.03375306617, 26.0570551445, 1471.3174815
5.34854730563, 1.00000025684, 1.72556747567, 1.21199813056, 4.38400467452, 0.80451474723, 1.69176931125, 1.05757180181, 0.939107581366, 4.9988124829, 5.0421012858, 0.911059809005, 1.21981765595, 0.829600219271, 1.09000040008, 1.01147131794, 1.01776406925, 0.914275870831, 8.89016970686, 1.00614161326, 0.963330243979, 659.027301787, 1.19886510208, 5.64676059258, 1.12433497689, 4.89477666094, 0.961521722559, 25.2951965854, 1600.6142299
4.17981528755, 1.00000002493, 1.61485237824, 0.907971103435, 6.71672571618, 0.714306074939, 3.96432418695, 1.1918533009, 0.984209383895, 5.43083276107, 5.59694592819, 0.891946543783, 5.04679363494, 1.07336313924, 1.09000010955, 1.05572484129, 1.00597861283, 1.21896513918, 7.78724779993, 1.02454817351, 0.962660227558, 177.916657573, 0.960945582268, 4.18699654912, 0.954746321455, 3.02379391616, 1.08305197123, 21.3191212272, 10272.5289768
2.30725095029, 1.00000040099, 1.27169903347, 1.06121185253, 2.00910316402, 0.860580920922, 5.68990745803, 1.25681362914, 0.947981572232, 1.96431196992, 4.74221372095, 0.841190754929, 3.54393704595, 1.12992496506, 1.09000079621, 1.08156514482, 1.04041692426, 1.11315182033, 8.16668307821, 1.1553314171, 0.996999910007, 349.518838523, 1.18897475311, 3.62713079543, 0.971152664192, 5.0359675672, 0.945105508716, 22.3352868295, 2076.28968891
4.17573314225, 1.00000044945, 1.62564441203, 1.19358179235, 3.80931688127, 0.79703043497, 5.53350784128, 1.2232038172, 0.915068602843, 5.26588787464, 5.13847241021, 1.12789026259, 3.20740349294, 0.841543519989, 1.09000040384, 1.05813812124, 1.02604801301, 1.01577822644, 3.35755743916, 0.984920803973, 0.848045705691, 665.489516767, 0.969681602629, 4.87714551042, 1.0365083118, 2.04964870093, 0.898150817317, 36.673533926, 1481.53567563
1.6673495831, 1.00000009503, 1.59880136066, 1.14258309726, 4.24201207619, 0.814189814506, 1.46902580021, 1.18359633768, 0.983670601005, 2.19013643469, 4.69746762433, 1.16543360873, 4.65986052445, 1.11446068527, 1.09000025746, 1.0712654345, 1.01288501915, 0.908734602368, 3.1844882854, 1.12020563299, 0.953668273263, 787.617150145, 1.04444839292, 2.1974485199, 1.04667900976, 4.20460760022, 0.89407696176, 23.3053248589, 2038.04410671
5.45764449722, 1.00000086655, 1.53241919753, 0.91034170462, 5.42745289139, 0.762266854004, 4.97124825185, 1.0095968812, 0.912279139059, 5.47979415532, 5.13847392604, 0.827253237611, 3.53261961308, 1.12319961946, 1.09000083017, 1.04417870567, 1.04882978183, 1.17059163982, 6.67583819287, 1.03928204521, 0.969084019714, 288.867793439, 0.987925965079, 1.79811577847, 0.972300332186, 4.8871443886, 1.25420099021, 25.7170505369, 1736.66428723
5.74691389539, 1.00000072038, 1.01829718634, 1.1637987477, 2.61762151152, 0.727222694995, 5.78627983658, 1.01201582372, 0.99441565731, 6.19344121275, 5.53591644529, 1.18427151423, 1.09177585727, 0.873187932269, 1.09000060002, 1.0243452601, 1.00988542858, 1.00087544881, 6.04477765504, 1.11368625962, 0.866839711247, 256.698573258, 1.19256160664, 2.61501148883, 0.980649763011, 3.59176496512, 1.03490690737, 32.2359497348, 1638.71060563
4.17573314225, 1.00000044945, 1.62564441203, 1.19358179235, 3.80931688127, 0.79703043497, 5.53350784128, 1.2232038172, 0.915068602843, 5.07840182065, 5.13847241021, 1.12789026259, 3.20740349294, 0.841543519989, 1.09000040384, 1.05813812124, 1.02604801301, 1.01577822644, 3.35755743916, 0.984920803973, 0.848045705691, 665.489516767, 0.969681602629, 4.87714551042, 1.0365083118, 3.5729246246, 0.898150817317, 45.2014229642, 1481.83666838
4.88945444114, 1.00000068764, 1.12442475743, 0.81529230425, 4.95389281992, 0.879598035658, 3.05933769141, 1.1488738618, 0.94089916815, 4.20972264023, 6.20743995588, 0.830636399263, 2.85175593722, 1.14001374885, 1.09000016561, 1.01215171548, 1.04087800773, 0.993788055192, 9.11109591096, 0.930905821197, 0.899924730034, 551.866326087, 1.18833728854, 3.29038415327, 0.998329450279, 5.19105498773, 0.990074914679, 46.4012693434, 1558.35340231
5.63677104224, 1.00000099464, 1.45120820048, 0.802409010293, 6.97242735743, 0.921072021777, 5.24600549741, 1.21098901829, 0.98296348575, 5.03567829485, 5.23585500682, 0.986851735533, 1.67564568587, 0.846194100227, 1.09000008009, 1.05935890587, 1.04169059427, 0.913473562473, 5.27501560916, 1.14662238126, 0.83325318568, 913.60670913, 1.10353357952, 5.71317462246, 1.14996309214, 2.49124726328, 1.06284536696, 22.2550867287, 4540.35433617
5.92406708527, 1.00000001465, 1.55966597332, 1.12567862238, 3.37537019753, 0.943612206749, 1.50334339559, 1.11028830281, 0.947669999381, 4.03865489287, 6.05108740094, 0.909811440596, 4.51726082574, 1.06003051627, 1.09000005883, 1.07446479136, 1.00081337835, 1.12906722954, 7.67249044895, 0.990919419972, 0.962660227558, 167.491489548, 0.967764352324, 2.86756764538, 1.12143094435, 2.79547688224, 1.04404255453, 22.4648825599, 3938.89979382
1.6673495831, 1.00000009503, 1.61029701666, 1.14258309726, 4.24201207619, 0.816948376256, 1.46902580021, 1.18359633768, 0.948084337611, 2.19013643469, 4.69746762433, 1.16543360873, 4.65986052445, 1.11446068527, 1.09000099954, 1.0712654345, 1.01288501915, 0.908734602368, 3.1844882854, 1.06283807576, 0.953668273263, 787.617150145, 1.04444839292, 2.1974485199, 1.04667900976, 4.20460760022, 0.89407696176, 21.8258404283, 8684.0277989
2.46510089872, 1.00000002493, 1.61485237824, 0.907971103435, 6.71672571618, 0.726566880372, 3.96432418695, 1.18508071947, 0.984209383895, 5.88382138995, 5.12141543015, 0.891946543783, 5.04679363494, 0.921079436757, 1.09000010955, 1.05572484129, 1.03470480248, 0.927780057376, 7.78724779993, 0.914426734045, 0.952722757039, 182.560714497, 0.960945582268, 5.98394365554, 0.954746321455, 3.02379391616, 1.08305197123, 22.1261715119, 8455.61567067
2.7726190532, 1.00000021145, 1.49902427958, 0.938373024622, 6.81938228405, 0.747853894389, 1.61896309274, 1.04706716146, 0.939845328228, 2.26809804918, 6.00079508278, 1.08044510524, 2.42051842356, 0.960158675431, 1.09000078666, 1.0120585151, 1.02023968505, 1.21230195747, 8.89195991843, 1.10901591351, 0.885935058687, 157.260687151, 1.02425259869, 5.26296162687, 1.00848640386, 1.71034357644, 1.20227747281, 22.5278185359, 3366.15171405
5.06844085977, 1.00000090125, 1.55340527434, 1.07131562708, 4.39447275239, 0.937529694656, 5.20776723414, 1.05357894847, 0.964723383802, 6.16559035054, 5.76998218941, 1.14380901726, 2.61912315482, 0.976147975852, 1.09000064044, 1.08061763127, 1.04174738623, 1.1929662035, 4.56844032903, 1.01160725435, 0.974437686783, 703.979626314, 1.08047189341, 2.01268532025, 1.0750365147, 4.95276708253, 0.877522849379, 23.2344219233, 2828.87914265
4.80254556539, 1.00000010338, 1.61058776254, 0.94379435201, 2.74064616134, 0.748573179162, 2.12903588758, 1.22495529433, 0.981691026035, 2.90662164279, 5.25749966878, 0.936741544739, 3.8081172916, 1.10698247046, 1.09000093748, 1.06283566047, 1.02161021777, 1.22680882433, 9.8268161713, 1.03645806919, 0.77997456322, 666.987356037, 0.926900987491, 2.42431421023, 0.999734698473, 4.8333199926, 0.874742084633, 28.6431765673, 1986.89516357
3.18720023304, 1.00000030598, 1.17585426053, 1.01827965188, 2.42150580005, 0.883029038616, 1.89198635428, 1.1006680986, 0.937355105776, 3.54643464413, 5.23981570417, 0.859865544618, 1.86066970899, 0.823088939487, 1.09000085457, 1.02089448429, 1.00868174491, 1.17307401833, 6.45815707647, 0.933298983573, 0.904297728663, 509.566335966, 1.17492691313, 2.33234060371, 1.09722073106, 5.23853656629, 1.19350535331, 24.665749726, 2263.20637166
1.77179881913, 1.00000013027, 1.33708681199, 0.925557079865, 4.10092702658, 0.853290336441, 3.15708231837, 1.25780300121, 0.995938059306, 5.23298285933, 5.97287628113, 0.832374320396, 3.17807153358, 0.875616112923, 1.09000060071, 1.0567594296, 1.02839873041, 0.951821605425, 9.79218929471, 1.12436642454, 0.857674640312, 807.240705324, 0.96416982654, 5.10312713517, 1.1958908743, 4.41736198188, 1.28114823983, 24.7741582971, 2149.34429496
3.17452606026, 1.00000083749, 1.36034721985, 0.899397402391, 4.11550966784, 0.773740670471, 3.45330053134, 1.18253258156, 0.918435963039, 5.23333608766, 5.37962093739, 0.867230500736, 2.93454810851, 1.0667355543, 1.09000037564, 1.04448915473, 1.04858538774, 1.07516191597, 8.83129463123, 1.16190662667, 0.898012829462, 630.486356022, 1.00194161292, 1.71793936972, 0.96311819937, 5.03013718468, 0.947748059497, 22.7521348456, 3938.70275092
4.82682641619, 1.00000042786, 1.37667269233, 1.07576947651, 5.47711044051, 0.763374464029, 4.50004590888, 1.11373262694, 0.949201543519, 3.10866024377, 5.85835903952, 1.01502156733, 4.5742393271, 0.872364153942, 1.09000059308, 1.07446766502, 1.0181278558, 0.971538675036, 5.86878644169, 0.968621459662, 0.796292562923, 81.2506253399, 1.08019818378, 5.24372516079, 1.19851044872, 4.1166178197, 0.964695272635, 24.5030133692, 2418.3710583
4.78983684101, 1.00000000801, 1.22765263023, 0.901080308857, 6.32952378003, 0.880689571794, 5.90761594123, 1.07317038955, 0.901598222336, 1.72893922429, 6.12146606145, 1.10148934261, 4.68932951998, 0.972566783819, 1.09000069121, 1.05515627946, 1.01844743957, 1.09918846196, 4.60017062564, 1.0858961472, 0.837493200943, 211.626710987, 1.0831210348, 2.05274034095, 1.19524573069, 3.54175563668, 1.20149498624, 47.5542907984, 1925.45881868
3.30812620585, 1.00000012893, 1.1455818889, 0.951766966887, 4.08414091345, 0.819994219123, 5.62731768268, 1.18161705521, 0.972573027642, 3.13515573325, 5.83338442083, 0.822862551742, 2.7806798423, 0.981737013234, 1.09000019976, 1.09203903567, 1.04714187878, 0.971822161085, 4.80139293873, 1.05206074027, 0.973224580324, 101.544387676, 1.16393912957, 5.50603270294, 1.22733140537, 5.42598801753, 1.12507517157, 23.5565983143, 2923.98820232
4.61816997105, 1.00000032878, 1.0516507771, 0.847414640594, 5.17271043593, 0.943726267398, 5.25110345482, 1.19254484925, 0.944710245961, 2.55548007508, 4.91699750936, 0.912480701969, 3.85864383258, 1.19330680409, 1.09000074603, 1.02682899148, 1.04823339854, 0.834766921202, 9.82732712911, 1.10128577078, 0.988597095599, 910.405000337, 1.19067677414, 1.97305304711, 0.997538724607, 5.41406774931, 0.948493408822, 23.0687480975, 4046.71780204
1.6673495831, 1.00000013072, 1.61029701666, 1.14258309726, 4.24201207619, 0.816948376256, 1.46902580021, 1.18359633768, 0.948084337611, 2.19013643469, 4.69746762433, 1.16543360873, 4.65986052445, 1.11446068527, 1.09000099954, 1.0712654345, 1.01288501915, 0.908734602368, 3.1844882854, 1.06283807576, 0.953668273263, 787.617150145, 1.00648567976, 2.1974485199, 1.04667900976, 4.20460760022, 0.89407696176, 22.4306254822, 8786.07232959
3.64283069193, 1.00000025391, 1.50896142614, 1.0504314238, 1.5494005586, 0.992374197038, 2.94087793381, 1.03909900082, 0.934044329198, 4.65427484355, 6.02405072549, 0.820020078474, 3.98301015354, 1.2630667298, 1.0900009594, 1.1067404741, 1.00233104763, 1.22847727693, 7.918796194, 0.982385584098, 0.811055964124, 14.023575903, 1.14982024583, 3.68160244869, 1.05367181568, 3.82421616206, 1.00022788348, 22.4739474576, 10972.4334278
2.42954632205, 1.00000006712, 1.34114698079, 1.15272292023, 1.75367131319, 0.881031502793, 2.71222089539, 1.03135111029, 0.903518460579, 4.03090822406, 5.49230306946, 0.840737251617, 1.07557499167, 1.10758242023, 1.0900008142, 1.05671828115, 1.00825758583, 1.21783007777, 4.0098876946, 1.04935844153, 0.959886456433, 245.625910899, 0.932256683517, 5.26515624729, 0.990676602987, 1.28103229566, 0.975617632073, 33.2796948607, 2076.91545636
4.80254556539, 1.00000010338, 1.61058776254, 0.94379435201, 2.74064616134, 0.748573179162, 2.12903588758, 1.22495529433, 0.981691026035, 2.90662164279, 5.25749966878, 0.909819898589, 3.8081172916, 1.15184118854, 1.09000093748, 1.06283566047, 1.02161021777, 1.22680882433, 9.8268161713, 1.03645806919, 0.904297728663, 666.987356037, 0.926900987491, 2.42431421023, 0.999734698473, 4.8333199926, 0.874742084633, 22.8638611435, 6834.47921895
4.22230899056, 1.00000075664, 1.67826422187, 1.13821785597, 5.19497323928, 0.869994856932, 5.30377274074, 1.0582682719, 0.984261466856, 5.94363619235, 4.90031445603, 1.07032252669, 3.12808175366, 1.27621579327, 1.09000076264, 1.07504435205, 1.00451512709, 0.918892234427, 9.79389126622, 1.12632004392, 0.905600537672, 849.336683949, 1.18328187774, 1.98190442742, 1.13020301071, 3.17495719687, 1.11096528815, 35.4316259225, 2119.71586681
1.6944452896, 1.00000039444, 1.27174211961, 1.0808156413, 2.75294992693, 0.966100646385, 1.0931226404, 1.05394208981, 0.92657158277, 3.33787162045, 6.16831409045, 0.818091870095, 1.44503498758, 0.8942603231, 1.09000083427, 1.09676582286, 1.03371285087, 1.03346974629, 6.75256123134, 1.03099518805, 0.843462082847, 182.838380768, 1.11845259811, 2.08681181642, 1.21896333275, 2.22528931589, 1.03490690737, 22.6911543278, 9373.98624886
2.26449105056, 1.00000024433, 1.03413484448, 0.884271223251, 3.50766274119, 0.861134626675, 1.29675523607, 1.13869851914, 0.968126669141, 6.0162337384, 5.57752599679, 0.952626094903, 1.4110741653, 1.11441812202, 1.09000005134, 1.05426661831, 1.04706910453, 0.968957177917, 9.00667889518, 0.977785771323, 0.901536872881, 351.147010999, 1.00648567976, 1.39155355853, 0.972017635526, 4.14894097113, 1.2731707128, 22.4932027354, 22884.4009178
5.45764449722, 1.00000086655, 1.53241919753, 0.91034170462, 5.42745289139, 0.762266854004, 4.97124825185, 1.0095968812, 0.912279139059, 5.30302183331, 5.13847392604, 0.827253237611, 3.53261961308, 1.12319961946, 1.09000083017, 1.04417870567, 1.04882978183, 1.17059163982, 7.72550124737, 1.03928204521, 0.969084019714, 288.867793439, 0.987925965079, 1.79811577847, 0.972300332186, 4.8871443886, 1.26728238527, 25.4771011551, 3052.48912514
4.22230899056, 1.00000075664, 1.67826422187, 1.13821785597, 5.19497323928, 0.869994856932, 4.76387806443, 1.0582682719, 0.984261466856, 2.57774719525, 4.90031445603, 1.07032252669, 3.12808175366, 1.27621579327, 1.09000076264, 1.07504435205, 1.00451512709, 0.918892234427, 9.79389126622, 1.16301811424, 0.905600537672, 849.336683949, 1.18328187774, 1.98190442742, 1.01600595997, 3.17495719687, 1.11096528815, 25.2082055297, 3890.01060239
5.06844085977, 1.00000090125, 1.55352304166, 1.07131562708, 4.39447275239, 0.937529694656, 5.20776723414, 1.05357894847, 0.964723383802, 6.16559035054, 5.62165517307, 1.15955687101, 2.61912315482, 0.976147975852, 1.09000064044, 1.08061763127, 1.04174738623, 1.1929662035, 3.64956948388, 1.01160725435, 0.974437686783, 703.979626314, 1.08047189341, 2.01268532025, 1.0750365147, 4.95276708253, 0.877522849379, 23.3312265958, 4890.67522066
3.30812620585, 1.00000012893, 1.1455818889, 0.87887690994, 4.08414091345, 0.819994219123, 5.62731768268, 1.18161705521, 0.972573027642, 3.13515573325, 5.83338442083, 0.822862551742, 2.7806798423, 0.981737013234, 1.09000019976, 1.09203903567, 1.04714187878, 0.971822161085, 4.80139293873, 1.05206074027, 0.973224580324, 101.544387676, 1.10790306766, 5.50603270294, 1.10999724672, 5.42598801753, 1.12507517157, 28.1274192012, 2630.03131355
5.06844085977, 1.00000090125, 1.59483371369, 1.07131562708, 4.39447275239, 0.937529694656, 5.20776723414, 1.05357894847, 0.964723383802, 6.16559035054, 5.76998218941, 1.14380901726, 2.61912315482, 0.976147975852, 1.09000064044, 1.08061763127, 1.04174738623, 1.1929662035, 4.56844032903, 0.950886675594, 0.974437686783, 703.979626314, 1.08047189341, 2.01268532025, 1.0750365147, 4.95276708253, 0.877522849379, 22.8065252838, 10080.2330741
2.08216139251, 1.00000012899, 1.43225867038, 1.13498692938, 5.51010052102, 0.98045145299, 4.57741850918, 1.23139684222, 0.995388337155, 3.30207643338, 4.71236667446, 0.968464496622, 3.06337484685, 1.25746265062, 1.09000047115, 1.091968341, 1.0203721778, 0.835263487914, 7.86871630416, 1.12392857922, 0.940642384223, 734.247909748, 0.952225286132, 4.04741690412, 1.18912918449, 2.86823764034, 1.06957408799, 25.8469868266, 3001.60093131
2.14695572387, 1.00000093117, 1.19202874461, 0.976940865901, 6.14753693102, 0.967854127537, 3.54252461444, 1.22301564158, 0.921849083978, 5.00638656169, 5.4717862669, 1.06454142002, 2.36447162584, 1.1724274698, 1.09000079958, 1.09779148288, 1.02701053351, 1.12718467492, 9.56687589471, 1.13785823205, 0.828642247436, 73.3082294893, 1.19960980375, 3.40202318715, 1.06021648177, 1.0286318689, 0.926517063241, 22.738313048, 11655.1767173
3.86864394075, 1.00000042301, 1.0321841792, 1.16254125813, 4.56477330407, 0.750640380619, 4.0855760868, 1.07594545155, 0.929963414068, 1.55639544633, 5.08830767697, 1.0868306837, 4.61952710615, 1.14999696181, 1.09000009553, 1.03652904544, 1.01904184686, 1.06482533817, 9.94779677936, 1.02824337475, 0.962066992475, 178.282239432, 1.18367458733, 3.13992151841, 1.12479746802, 3.99441240737, 1.03705616396, 22.7334644705, 12477.0848859
1.85143494282, 1.0000009278, 1.42891747437, 0.906365457742, 2.24859539765, 0.800962496945, 1.83720609848, 1.22274630451, 0.954749338866, 3.48108561984, 5.1516972, 1.08798336994, 2.98613148173, 0.928711364557, 1.09000048535, 1.04842258275, 1.0416284523, 0.844620490212, 5.31175330644, 0.974392632416, 0.887473023554, 799.887884698, 0.96459596599, 4.59674731851, 1.17466096891, 4.25760917936, 1.29191482964, 23.3590639978, 7232.52493688
4.17573314225, 1.00000044945, 1.62564441203, 1.19358179235, 2.55018961678, 0.79703043497, 5.53350784128, 1.1336131684, 0.915068602843, 5.07840182065, 5.13847241021, 1.12789026259, 3.75118285175, 0.812720275313, 1.09000040384, 1.05813812124, 1.02604801301, 1.01577822644, 3.35755743916, 0.984920803973, 0.848045705691, 665.489516767, 0.969681602629, 4.87714551042, 1.0365083118, 3.5729246246, 0.898150817317, 36.1666012471, 2489.34406989
5.97787559188, 1.00000075664, 1.67826422187, 1.13821785597, 5.6532939062, 0.869994856932, 4.76387806443, 1.0582682719, 0.984261466856, 2.57774719525, 6.14841983823, 1.07032252669, 3.12808175366, 1.27621579327, 1.09000076264, 1.07504435205, 1.00451512709, 0.918892234427, 9.99870826173, 1.16301811424, 0.905600537672, 849.336683949, 1.18328187774, 1.98190442742, 1.01600595997, 3.17495719687, 1.11096528815, 32.0612640659, 2792.36136402
3.86864394075, 1.00000042301, 1.0321841792, 1.16254125813, 4.56477330407, 0.750640380619, 4.0855760868, 1.07594545155, 0.929963414068, 1.55639544633, 5.08830767697, 1.0868306837, 4.61952710615, 1.11169690105, 1.0900000833, 1.05648194603, 1.03159449871, 1.06482533817, 9.94779677936, 1.10777326278, 0.875298591557, 178.282239432, 1.18367458733, 3.13992151841, 1.12479746802, 4.84615963606, 1.03705616396, 23.0826276801, 10470.7684487
3.13309751289, 1.00000009044, 1.02330694072, 0.814378385976, 4.17234678711, 0.84615074718, 5.28912453429, 1.11366609501, 0.943863515751, 3.54106960907, 5.23706542206, 0.989631076796, 2.24735697107, 1.22668633183, 1.09000096502, 1.02713519715, 1.01531269146, 0.836894513055, 3.41212818371, 1.1466289431, 0.889162760172, 873.393738548, 1.0455967347, 1.58811580145, 1.23345590568, 1.9231646704, 1.13627567692, 24.4141913495, 6811.81560711
1.83761571214, 1.00000048935, 1.47976515303, 1.07248973462, 6.33915477965, 0.739430454281, 2.44754822797, 1.02544542711, 0.911255014905, 4.71311508031, 5.47938787789, 0.847740804068, 3.27857189466, 1.02488649285, 1.0900001589, 1.10480495646, 1.01637006491, 0.814207338802, 9.17605001573, 1.18946804453, 0.872561672515, 611.816143093, 1.04274501335, 4.6506549837, 0.985420346818, 5.22316317971, 1.09300278413, 22.7672147509, 20045.0823431
4.79417585086, 1.00000099161, 1.11586757273, 1.17633981802, 6.59741175548, 0.86940854853, 5.46699733324, 1.11202843696, 0.943539101295, 5.45024675357, 5.28941162525, 0.872244759643, 4.42914660984, 1.13208510954, 1.09000061593, 1.0953777083, 1.04290816541, 1.06496146729, 9.84784439595, 1.0711201822, 0.773386214351, 518.71368846, 1.04271868124, 5.75847671377, 0.961390055189, 1.16624295077, 1.27637983193, 26.4684071469, 3465.46449407
1.80776712832, 1.00000009503, 1.20016847747, 1.14258309726, 4.24201207619, 0.939328224958, 4.09505973065, 1.18359633768, 0.983670601005, 2.19013643469, 4.69746762433, 1.16543360873, 4.65986052445, 1.11446068527, 1.09000025746, 1.0712654345, 1.01288501915, 1.21405262098, 3.95190589373, 1.12020563299, 0.953668273263, 787.617150145, 1.04444839292, 2.1974485199, 1.06850341976, 4.20460760022, 1.03907653845, 39.7966104876, 2581.34320164
1.11504426585, 1.00000088653, 1.38718609551, 0.811998505283, 5.50529932621, 0.783067238934, 2.34229936741, 1.19209816861, 0.999001647005, 2.43823864426, 5.34424627918, 0.947420562796, 2.89180445251, 0.83110040045, 1.09000091837, 1.09223071386, 1.00233104763, 1.12806649626, 7.58898188146, 1.01003356233, 0.766415449686, 335.940760305, 0.999526656068, 5.57536224041, 1.08993795842, 3.70300469359, 1.00438082386, 42.3311306014, 2551.37677916
4.61816997105, 1.00000032878, 1.0516507771, 0.94379435201, 5.17271043593, 0.943726267398, 5.25110345482, 1.19254484925, 0.944710245961, 2.55548007508, 4.91597312513, 0.912480701969, 3.85864383258, 1.25703379457, 1.09000052263, 1.02682899148, 1.04823339854, 0.834766921202, 9.82732712911, 1.10128577078, 0.988597095599, 910.405000337, 1.19067677414, 1.97305304711, 0.997538724607, 5.41406774931, 0.948493408822, 24.8633156592, 4320.16537865
3.73905841356, 1.00000085289, 1.68961262336, 1.16033719418, 6.63060761989, 0.820967250103, 4.40982105746, 1.10213173436, 0.907423170702, 5.30164677504, 5.73435548657, 1.04114049126, 3.45283692177, 0.819403807056, 1.09000051911, 1.08238051808, 1.03797981403, 1.12806175655, 9.4124479718, 1.02596579784, 0.841134377576, 838.415674979, 0.940984005303, 1.84224421736, 0.961051807836, 5.25712707735, 1.21501350562, 24.2011022307, 7841.96954714
5.34854730563, 1.00000025684, 1.72556747567, 1.05958011408, 4.38400467452, 0.80451474723, 1.69176931125, 1.05757180181, 0.939107581366, 4.9988124829, 5.0421012858, 0.914201148246, 1.21981765595, 0.829600219271, 1.09000040008, 1.01147131794, 1.01776406925, 0.914275870831, 8.89016970686, 1.15742083238, 0.963330243979, 659.027301787, 1.19886510208, 5.64676059258, 1.12433497689, 4.89477666094, 0.961521722559, 44.3896385109, 2647.97253066
3.39309000129, 1.00000062323, 1.19103793497, 0.9731606873, 3.47884866954, 0.875679251191, 1.27134385579, 1.18231660955, 0.995219072381, 5.84163931973, 5.29685677476, 1.07910610607, 2.30603203687, 1.12133797342, 1.09000060176, 1.06045273384, 1.02358358552, 1.07464249272, 4.23469259312, 1.02354347603, 0.984921988073, 682.36664267, 0.967283547729, 3.31800797926, 0.953030017895, 4.66160787878, 1.11697794879, 38.0495243652, 2702.04211736
