1.0, 1.0, 0.0, 2.0, -1.0, 3.0, -1.0, -1.0, 3.0, -1.0, 0.0, 2.0, -1.0, 1.0, -1.0, -1.0, -1.0, 2.0, 0.0, 0.0, 1.0, -1.0, 2.0, 0.0, -1.0, 0.0, 0.0, 0.0, 1.0, -1.0, 1.0, 1.0, 1.0, 3.0, 2.0, 0.0, 1.0, 2.0, 3.0, -1.0, -1.0, -1.0, 2.0, 2.0, 2.0, 0.0, 0.0, 1.0, 3.0, -1.0, 502.0, 99499.0
1.0, 1.0, 0.0, 2.0, -1.0, 3.0, -1.0, -1.0, 3.0, -1.0, 0.0, 2.0, -1.0, 1.0, -1.0, -1.0, -1.0, 2.0, 0.0, 0.0, 1.0, -1.0, 2.0, 0.0, -1.0, 0.0, 0.0, 0.0, 1.0, -1.0, 1.0, 1.0, 1.0, 3.0, 2.0, 0.0, 1.0, 2.0, 3.0, -1.0, -1.0, -1.0, 2.0, 2.0, 2.0, 0.0, 0.0, 1.0, 3.0, -1.0, 502.0, 99499.0
-1.0, 3.0, 2.0, 3.0, -1.0, 3.0, 1.0, 2.0, 0.0, 2.0, 2.0, 1.0, 0.0, 0.0, -1.0, 2.0, 2.0, 1.0, 1.0, 1.0, 0.0, -1.0, 2.0, 2.0, 1.0, 3.0, 1.0, -1.0, 0.0, 0.0, -1.0, 0.0, 0.0, -1.0, 2.0, -1.0, 2.0, 2.0, 3.0, 0.0, -1.0, -1.0, -1.0, 2.0, 0.0, 0.0, -1.0, 3.0, 2.0, 0.0, 527.0, 99447.0
-1.0, 3.0, 2.0, 3.0, -1.0, 3.0, 1.0, -1.0, 0.0, 2.0, 2.0, 1.0, 0.0, 0.0, -1.0, 2.0, 2.0, 1.0, 1.0, 1.0, 0.0, -1.0, 2.0, 2.0, 1.0, 3.0, 1.0, -1.0, 0.0, 0.0, -1.0, 3.0, 0.0, -1.0, 2.0, -1.0, 2.0, 2.0, 3.0, 0.0, -1.0, -1.0, -1.0, 2.0, 0.0, 0.0, -1.0, 3.0, 2.0, 0.0, 513.0, 99469.0
0.0, 1.0, 3.0, 3.0, -1.0, 0.0, 1.0, 0.0, 0.0, 2.0, 2.0, 0.0, 0.0, 2.0, 2.0, 3.0, 2.0, 2.0, 3.0, 3.0, 0.0, -1.0, 0.0, 2.0, -1.0, 1.0, 1.0, -1.0, 0.0, -1.0, -1.0, 0.0, 3.0, 0.0, 0.0, 0.0, 3.0, 2.0, 2.0, 1.0, -1.0, 1.0, 1.0, 1.0, -1.0, -1.0, 1.0, -1.0, -1.0, 3.0, 550.0, 99426.0
-1.0, 3.0, 2.0, 3.0, -1.0, 3.0, 1.0, 2.0, 0.0, 2.0, 2.0, 1.0, 0.0, 0.0, -1.0, 2.0, 2.0, 1.0, 1.0, 1.0, 0.0, -1.0, 2.0, 2.0, 1.0, 3.0, 1.0, -1.0, 0.0, 0.0, -1.0, 0.0, 0.0, -1.0, 2.0, -1.0, 2.0, 2.0, 3.0, 0.0, -1.0, -1.0, -1.0, 2.0, 0.0, 0.0, -1.0, 3.0, 2.0, 0.0, 527.0, 99447.0
-1.0, 3.0, 2.0, 3.0, -1.0, 3.0, 1.0, -1.0, 0.0, 2.0, 2.0, 1.0, 0.0, 0.0, -1.0, 2.0, 2.0, 1.0, 1.0, 1.0, 0.0, -1.0, 2.0, 2.0, 1.0, 3.0, 1.0, -1.0, 0.0, 0.0, -1.0, 0.0, 0.0, -1.0, 2.0, -1.0, 2.0, 2.0, 3.0, 0.0, -1.0, -1.0, -1.0, 2.0, 0.0, 0.0, -1.0, 3.0, 2.0, 0.0, 513.0, 99469.0
1.0, 3.0, 0.0, 0.0, 1.0, 2.0, 1.0, 0.0, 0.0, 1.0, -1.0, 0.0, 0.0, 0.0, 2.0, 2.0, 2.0, 3.0, 3.0, 2.0, -1.0, 2.0, 3.0, 1.0, 1.0, 0.0, 0.0, 3.0, 0.0, 2.0, 1.0, 2.0, 0.0, 1.0, 1.0, 2.0, 3.0, 0.0, 1.0, 0.0, 0.0, 1.0, 3.0, 3.0, 2.0, 2.0, 1.0, 0.0, 3.0, 2.0, 697.0, 99321.0
0.0, 1.0, 3.0, 3.0, -1.0, 0.0, 1.0, 0.0, 0.0, 2.0, 2.0, 0.0, 0.0, 2.0, 2.0, 3.0, 2.0, 2.0, 3.0, 3.0, 0.0, -1.0, 0.0, 2.0, -1.0, 1.0, 1.0, -1.0, 0.0, -1.0, -1.0, 0.0, 3.0, 0.0, 0.0, 0.0, 3.0, 2.0, 2.0, 1.0, -1.0, 1.0, 1.0, 1.0, -1.0, -1.0, 1.0, -1.0, -1.0, 3.0, 550.0, 99426.0
0.0, 1.0, 3.0, 3.0, -1.0, 0.0, 1.0, 0.0, 0.0, 2.0, 2.0, 0.0, 0.0, 2.0, 2.0, 3.0, 2.0, 2.0, 3.0, 3.0, 0.0, -1.0, 0.0, 2.0, -1.0, 1.0, 1.0, -1.0, 0.0, -1.0, -1.0, 2.0, 3.0, 0.0, 0.0, 0.0, 3.0, 2.0, 2.0, 1.0, -1.0, 1.0, 1.0, 1.0, -1.0, 1.0, 1.0, -1.0, -1.0, 3.0, 566.0, 99421.0
-1.0, 2.0, 0.0, 3.0, -1.0, 3.0, 0.0, 0.0, 0.0, 0.0, 3.0, -1.0, -1.0, 2.0, 0.0, -1.0, 1.0, 2.0, 1.0, 0.0, 0.0, 3.0, 3.0, 2.0, 2.0, 0.0, 0.0, 1.0, 0.0, 1.0, 0.0, -1.0, 2.0, -1.0, 1.0, 0.0, 1.0, 2.0, 2.0, 1.0, 2.0, 1.0, 2.0, 1.0, 2.0, -1.0, 2.0, 3.0, 2.0, -1.0, 575.0, 99410.0
0.0, 1.0, 3.0, 3.0, -1.0, 0.0, 1.0, 0.0, 0.0, 2.0, 2.0, 0.0, 0.0, 2.0, 2.0, 3.0, 2.0, 1.0, 3.0, 3.0, 0.0, -1.0, 0.0, 2.0, -1.0, 1.0, 1.0, -1.0, 0.0, -1.0, -1.0, 2.0, 3.0, 0.0, 0.0, 0.0, 3.0, 2.0, 2.0, 1.0, -1.0, 1.0, 1.0, 1.0, -1.0, 1.0, 1.0, -1.0, 0.0, 3.0, 584.0, 99409.0
-1.0, 1.0, 3.0, 1.0, -1.0, 2.0, 3.0, 1.0, 0.0, 2.0, 0.0, 2.0, 2.0, 0.0, 1.0, -1.0, 1.0, 3.0, -1.0, 0.0, 3.0, 2.0, 3.0, 2.0, 2.0, 1.0, 0.0, 0.0, 3.0, 1.0, 3.0, 0.0, 0.0, 2.0, 1.0, -1.0, 2.0, 3.0, 2.0, 0.0, -1.0, 1.0, 1.0, -1.0, 3.0, -1.0, 1.0, 1.0, 0.0, 3.0, 590.0, 99399.0
0.0, 1.0, 3.0, 3.0, -1.0, 0.0, 1.0, 0.0, 0.0, 2.0, 2.0, 0.0, 0.0, 2.0, 2.0, 3.0, 2.0, 2.0, 3.0, 3.0, 0.0, -1.0, 0.0, 2.0, -1.0, 1.0, 1.0, -1.0, 0.0, -1.0, -1.0, 0.0, 3.0, 0.0, 0.0, 0.0, 3.0, 2.0, 2.0, 1.0, -1.0, 1.0, 1.0, 1.0, -1.0, 1.0, 1.0, -1.0, -1.0, 3.0, 566.0, 99421.0
3.0, 1.0, 0.0, -1.0, -1.0, 3.0, 3.0, 2.0, 2.0, 1.0, 0.0, 1.0, -1.0, 1.0, 2.0, 1.0, 1.0, 0.0, -1.0, 3.0, -1.0, 1.0, 3.0, 2.0, 3.0, 0.0, 1.0, 3.0, 0.0, 2.0, 0.0, 0.0, 1.0, 0.0, 2.0, 2.0, 2.0, 3.0, 0.0, 0.0, -1.0, 0.0, 0.0, 0.0, 1.0, -1.0, 1.0, 1.0, -1.0, 2.0, 601.0, 99392.0
3.0, 1.0, 0.0, -1.0, -1.0, 3.0, 3.0, 2.0, 2.0, 1.0, 0.0, 1.0, -1.0, 1.0, 2.0, 1.0, 1.0, 0.0, -1.0, 3.0, -1.0, 1.0, 3.0, 2.0, 3.0, 0.0, 1.0, 3.0, 0.0, 2.0, 0.0, 0.0, 1.0, 0.0, 2.0, 2.0, 2.0, 3.0, 0.0, 0.0, -1.0, 0.0, 0.0, 3.0, 1.0, -1.0, 1.0, 1.0, -1.0, 2.0, 601.0, 99392.0
-1.0, 2.0, 0.0, 3.0, -1.0, 2.0, 0.0, 0.0, 0.0, 0.0, 3.0, -1.0, -1.0, 2.0, 0.0, -1.0, 1.0, 2.0, 1.0, 0.0, 3.0, 3.0, 3.0, 2.0, 2.0, 0.0, 0.0, 1.0, 0.0, 1.0, 0.0, -1.0, 2.0, -1.0, 1.0, 0.0, 1.0, 2.0, 2.0, 1.0, 2.0, 0.0, 2.0, 1.0, 2.0, -1.0, 1.0, 3.0, 2.0, -1.0, 575.0, 99410.0
0.0, 1.0, 3.0, 3.0, -1.0, 0.0, 1.0, 0.0, 0.0, 2.0, 2.0, 1.0, 0.0, 2.0, 2.0, 3.0, 2.0, 1.0, 3.0, 3.0, 0.0, -1.0, 0.0, 2.0, -1.0, 3.0, 1.0, -1.0, 0.0, -1.0, -1.0, 2.0, 3.0, 0.0, 0.0, 0.0, 3.0, 2.0, 2.0, 1.0, -1.0, 1.0, 1.0, 1.0, -1.0, 1.0, 1.0, -1.0, 0.0, 3.0, 584.0, 99409.0
-1.0, 1.0, 3.0, 1.0, -1.0, 2.0, 3.0, 1.0, 0.0, 0.0, 0.0, 2.0, 2.0, 0.0, 1.0, -1.0, 1.0, 3.0, -1.0, 0.0, 3.0, 2.0, 1.0, 2.0, 2.0, 2.0, 0.0, 0.0, 3.0, 1.0, 3.0, 0.0, 0.0, 2.0, 1.0, -1.0, 2.0, 3.0, 2.0, 0.0, -1.0, 1.0, 1.0, -1.0, 3.0, -1.0, 1.0, 1.0, 2.0, 3.0, 590.0, 99399.0
0.0, 1.0, 3.0, 3.0, -1.0, 0.0, 1.0, 0.0, 0.0, 2.0, 2.0, 1.0, 0.0, 2.0, 2.0, 3.0, 2.0, 1.0, 3.0, 3.0, 0.0, -1.0, 0.0, 2.0, -1.0, 3.0, 1.0, -1.0, 0.0, -1.0, -1.0, 2.0, 3.0, 0.0, 0.0, 0.0, 3.0, 2.0, 2.0, 1.0, -1.0, 1.0, 1.0, 1.0, -1.0, 1.0, 1.0, -1.0, 0.0, 3.0, 584.0, 99409.0
0.0, 1.0, 3.0, 3.0, -1.0, 0.0, 1.0, 0.0, 0.0, 2.0, 2.0, 0.0, 0.0, 2.0, 2.0, 3.0, 2.0, 1.0, 3.0, 3.0, 0.0, -1.0, 0.0, 2.0, -1.0, 1.0, 1.0, -1.0, 0.0, -1.0, -1.0, 2.0, 3.0, 0.0, 0.0, 0.0, 3.0, 2.0, 2.0, 1.0, -1.0, 1.0, 1.0, 1.0, -1.0, 1.0, 1.0, -1.0, 0.0, 3.0, 584.0, 99409.0
0.0, 1.0, 3.0, 3.0, -1.0, 0.0, 1.0, 0.0, 0.0, 2.0, 2.0, 1.0, 0.0, 2.0, 2.0, 3.0, 2.0, 1.0, 3.0, 3.0, 0.0, -1.0, 0.0, 2.0, -1.0, 3.0, 1.0, -1.0, 0.0, -1.0, -1.0, 2.0, 3.0, 0.0, 0.0, 0.0, 3.0, 2.0, 2.0, 1.0, -1.0, 1.0, 1.0, 1.0, -1.0, 1.0, 1.0, -1.0, 0.0, 3.0, 584.0, 99409.0
0.0, 1.0, 3.0, 3.0, -1.0, 0.0, 1.0, 0.0, 0.0, 2.0, 2.0, 0.0, 0.0, 2.0, 2.0, 3.0, 2.0, 1.0, 3.0, 3.0, 0.0, -1.0, 0.0, 2.0, -1.0, 1.0, 1.0, -1.0, 0.0, -1.0, -1.0, 2.0, 3.0, 0.0, 0.0, 0.0, 3.0, 2.0, 2.0, 1.0, -1.0, 1.0, 1.0, 1.0, -1.0, 1.0, 1.0, -1.0, 0.0, 3.0, 584.0, 99409.0
0.0, 1.0, 3.0, 3.0, -1.0, 0.0, 1.0, 0.0, 0.0, 2.0, 2.0, 1.0, 0.0, 2.0, 2.0, 3.0, 2.0, 1.0, 3.0, 3.0, 0.0, -1.0, 0.0, 2.0, -1.0, 3.0, 1.0, -1.0, 0.0, -1.0, -1.0, 2.0, 3.0, 0.0, 0.0, 0.0, 3.0, 2.0, 2.0, 1.0, -1.0, 1.0, 1.0, 1.0, -1.0, 1.0, 1.0, -1.0, 0.0, 3.0, 584.0, 99409.0
0.0, 1.0, 3.0, 3.0, -1.0, 0.0, 1.0, 0.0, 0.0, 2.0, 2.0, 0.0, 0.0, 2.0, 2.0, 3.0, 2.0, 1.0, 3.0, 3.0, 0.0, -1.0, 0.0, 2.0, -1.0, 1.0, 1.0, -1.0, 0.0, -1.0, -1.0, 2.0, 3.0, 0.0, 0.0, 0.0, 3.0, 2.0, 2.0, 1.0, -1.0, 1.0, 1.0, 1.0, -1.0, 1.0, 1.0, -1.0, 0.0, 3.0, 584.0, 99409.0
3.0, 1.0, 0.0, -1.0, -1.0, 3.0, 3.0, 2.0, 2.0, 1.0, 0.0, 1.0, -1.0, 1.0, 2.0, 1.0, 1.0, 0.0, -1.0, 3.0, -1.0, 1.0, 3.0, 2.0, 3.0, 0.0, 1.0, 3.0, 0.0, 2.0, 0.0, 0.0, 1.0, 3.0, 2.0, 2.0, 2.0, 3.0, 0.0, 0.0, 0.0, 0.0, 0.0, 0.0, 1.0, -1.0, 1.0, 1.0, -1.0, 2.0, 616.0, 99381.0
3.0, 1.0, 0.0, -1.0, -1.0, 3.0, 3.0, 2.0, 2.0, 1.0, 0.0, 1.0, -1.0, 1.0, 2.0, 1.0, 1.0, 0.0, -1.0, 3.0, -1.0, 1.0, 3.0, 2.0, 3.0, 0.0, 1.0, 3.0, 0.0, 2.0, 0.0, 0.0, 1.0, 3.0, 2.0, 2.0, 2.0, 3.0, 0.0, 0.0, 0.0, 0.0, 0.0, 0.0, 1.0, -1.0, 1.0, 1.0, -1.0, 2.0, 616.0, 99381.0
3.0, 1.0, 0.0, -1.0, -1.0, 3.0, 3.0, 2.0, 2.0, 1.0, 0.0, 1.0, -1.0, 1.0, 2.0, 1.0, 1.0, 0.0, -1.0, 3.0, -1.0, 1.0, 3.0, 2.0, 3.0, 0.0, 1.0, 3.0, 0.0, 2.0, 0.0, 0.0, 1.0, 3.0, 2.0, 2.0, 2.0, 3.0, 0.0, 0.0, 0.0, 0.0, 0.0, 0.0, 1.0, -1.0, 1.0, 1.0, -1.0, 2.0, 616.0, 99381.0
-1.0, 1.0, 3.0, 1.0, -1.0, 2.0, 3.0, 1.0, 0.0, 2.0, 0.0, 2.0, 2.0, 0.0, 1.0, -1.0, 1.0, 3.0, -1.0, 0.0, 3.0, 2.0, 3.0, 2.0, 2.0, 1.0, 0.0, 0.0, 3.0, 1.0, 3.0, 0.0, 0.0, 2.0, 1.0, -1.0, 2.0, 3.0, 2.0, 0.0, -1.0, 1.0, 1.0, -1.0, 3.0, -1.0, 1.0, 1.0, 0.0, 3.0, 590.0, 99399.0
-1.0, 1.0, 3.0, 1.0, -1.0, 2.0, 3.0, 1.0, 0.0, 2.0, 0.0, 2.0, 2.0, 0.0, 1.0, -1.0, 1.0, 3.0, -1.0, 0.0, 3.0, 2.0, 3.0, 2.0, 0.0, 1.0, 0.0, 0.0, 3.0, 1.0, 3.0, 0.0, 0.0, 2.0, 1.0, -1.0, 2.0, 3.0, 2.0, 0.0, -1.0, 1.0, 1.0, -1.0, 3.0, -1.0, 1.0, 1.0, 0.0, 3.0, 590.0, 99399.0
-1.0, 1.0, 3.0, 1.0, -1.0, 2.0, 3.0, 1.0, 0.0, 0.0, 0.0, 2.0, 2.0, 0.0, 1.0, -1.0, 1.0, 3.0, -1.0, 0.0, 3.0, 2.0, 1.0, 2.0, 2.0, 2.0, 0.0, 0.0, 3.0, 1.0, 3.0, 0.0, 0.0, 2.0, 1.0, -1.0, 2.0, 3.0, 2.0, 0.0, -1.0, 1.0, 1.0, -1.0, 3.0, -1.0, 1.0, 1.0, 2.0, 3.0, 590.0, 99399.0
3.0, 1.0, 0.0, -1.0, -1.0, 3.0, 3.0, 2.0, 2.0, 1.0, 0.0, 1.0, -1.0, 1.0, 2.0, 1.0, 1.0, 0.0, -1.0, 3.0, -1.0, 1.0, 3.0, 2.0, 3.0, 0.0, 1.0, 3.0, 0.0, 2.0, 0.0, 0.0, 1.0, 0.0, 2.0, 2.0, 2.0, 3.0, 0.0, 0.0, -1.0, 0.0, 0.0, 3.0, 1.0, -1.0, 1.0, 1.0, -1.0, 2.0, 601.0, 99392.0
3.0, 1.0, 0.0, -1.0, -1.0, 3.0, 3.0, 2.0, 2.0, 1.0, 0.0, 1.0, -1.0, 1.0, 2.0, 1.0, 1.0, 0.0, -1.0, 3.0, -1.0, 1.0, 3.0, 2.0, 3.0, 0.0, 1.0, 3.0, 0.0, 2.0, 0.0, 0.0, 1.0, 0.0, 2.0, 2.0, 2.0, 3.0, 0.0, 0.0, -1.0, 0.0, 0.0, 0.0, 1.0, -1.0, 1.0, 1.0, -1.0, 2.0, 601.0, 99392.0
-1.0, 3.0, 2.0, 3.0, -1.0, 3.0, 1.0, 2.0, 0.0, 2.0, 2.0, 1.0, 0.0, 0.0, -1.0, 2.0, 2.0, 1.0, 1.0, 1.0, 0.0, -1.0, 2.0, 2.0, 1.0, 3.0, 1.0, -1.0, 0.0, 0.0, -1.0, 0.0, 0.0, -1.0, 2.0, -1.0, 2.0, 2.0, 3.0, 0.0, -1.0, -1.0, -1.0, 2.0, 0.0, 0.0, -1.0, 3.0, 2.0, 0.0, 527.0, 99447.0
-1.0, 3.0, 2.0, 3.0, -1.0, 3.0, 1.0, 2.0, 0.0, 2.0, 2.0, 1.0, 0.0, 0.0, -1.0, 2.0, 2.0, 1.0, 1.0, 1.0, 0.0, -1.0, 2.0, 2.0, 1.0, 3.0, 1.0, -1.0, 0.0, 0.0, -1.0, 0.0, 0.0, -1.0, 2.0, -1.0, 2.0, 2.0, 3.0, 0.0, -1.0, -1.0, -1.0, 2.0, 0.0, 0.0, -1.0, 3.0, 2.0, 0.0, 527.0, 99447.0
-1.0, 3.0, 2.0, 3.0, -1.0, 3.0, 1.0, 2.0, 0.0, 2.0, 2.0, 1.0, 0.0, 0.0, -1.0, 2.0, 2.0, 1.0, 1.0, 1.0, 0.0, -1.0, 2.0, 2.0, 1.0, 3.0, 1.0, -1.0, 0.0, 0.0, -1.0, 0.0, 0.0, -1.0, 2.0, -1.0, 2.0, 2.0, 3.0, 0.0, -1.0, -1.0, -1.0, 2.0, 0.0, 0.0, -1.0, 3.0, 2.0, 0.0, 527.0, 99447.0
-1.0, 3.0, 2.0, 3.0, -1.0, 3.0, 1.0, 2.0, 0.0, 2.0, 2.0, 1.0, 0.0, 0.0, -1.0, 2.0, 2.0, 1.0, 1.0, 1.0, 0.0, -1.0, 2.0, 2.0, 1.0, 3.0, 1.0, -1.0, 0.0, 0.0, -1.0, 0.0, 0.0, -1.0, 2.0, -1.0, 2.0, 2.0, 3.0, 0.0, -1.0, -1.0, -1.0, 2.0, 0.0, 0.0, -1.0, 3.0, 2.0, 0.0, 527.0, 99447.0
-1.0, 3.0, 2.0, 3.0, -1.0, 3.0, 1.0, 2.0, 0.0, 2.0, 2.0, 1.0, 0.0, 0.0, -1.0, 2.0, 2.0, 1.0, 1.0, 1.0, 0.0, -1.0, 2.0, 2.0, 1.0, 3.0, 1.0, -1.0, 0.0, 0.0, -1.0, 0.0, 0.0, -1.0, 2.0, -1.0, 2.0, 2.0, 3.0, 0.0, -1.0, -1.0, -1.0, 2.0, 0.0, 0.0, -1.0, 3.0, 2.0, 0.0, 527.0, 99447.0
-1.0, 3.0, 2.0, 3.0, -1.0, 3.0, 1.0, 2.0, 0.0, 2.0, 2.0, 1.0, 0.0, 0.0, -1.0, 2.0, 2.0, 1.0, 1.0, 1.0, 0.0, -1.0, 2.0, 2.0, 1.0, 3.0, 1.0, -1.0, 0.0, 0.0, -1.0, 0.0, 0.0, -1.0, 2.0, -1.0, 2.0, 2.0, 3.0, 0.0, -1.0, -1.0, -1.0, 2.0, 0.0, 0.0, -1.0, 3.0, 2.0, 0.0, 527.0, 99447.0
-1.0, 3.0, 2.0, 3.0, -1.0, 3.0, 1.0, -1.0, 0.0, 2.0, 2.0, 1.0, 0.0, 0.0, -1.0, 2.0, 2.0, 1.0, 1.0, 1.0, 0.0, -1.0, 2.0, 2.0, 1.0, 3.0, 1.0, -1.0, 0.0, 0.0, -1.0, 3.0, 0.0, -1.0, 2.0, -1.0, 2.0, 2.0, 3.0, 0.0, -1.0, -1.0, -1.0, 2.0, 0.0, 0.0, -1.0, 3.0, 2.0, 0.0, 513.0, 99469.0
-1.0, 3.0, 2.0, 3.0, -1.0, 3.0, 1.0, -1.0, 0.0, 2.0, 2.0, 1.0, 0.0, 0.0, -1.0, 2.0, 2.0, 1.0, 1.0, 1.0, 0.0, -1.0, 2.0, 2.0, 1.0, 3.0, 1.0, -1.0, 0.0, 0.0, -1.0, 0.0, 0.0, -1.0, 2.0, -1.0, 2.0, 2.0, 3.0, 0.0, -1.0, -1.0, -1.0, 2.0, 0.0, 0.0, -1.0, 3.0, 2.0, 0.0, 513.0, 99469.0
-1.0, 3.0, 2.0, 3.0, -1.0, 3.0, 1.0, -1.0, 0.0, 2.0, 2.0, 1.0, 0.0, 0.0, -1.0, 2.0, 2.0, 1.0, 1.0, 1.0, 0.0, -1.0, 2.0, 2.0, 1.0, 3.0, 1.0, -1.0, 0.0, 0.0, -1.0, 3.0, 0.0, -1.0, 2.0, -1.0, 2.0, 2.0, 3.0, 0.0, -1.0, -1.0, -1.0, 2.0, 0.0, 0.0, -1.0, 3.0, 2.0, 0.0, 513.0, 99469.0
-1.0, 3.0, 2.0, 3.0, -1.0, 3.0, 1.0, -1.0, 0.0, 2.0, 2.0, 1.0, 0.0, 0.0, -1.0, 2.0, 2.0, 1.0, 1.0, 1.0, 0.0, -1.0, 2.0, 2.0, 1.0, 3.0, 1.0, -1.0, 0.0, 0.0, -1.0, 0.0, 0.0, -1.0, 2.0, -1.0, 2.0, 2.0, 3.0, 0.0, -1.0, -1.0, -1.0, 2.0, 0.0, 0.0, -1.0, 3.0, 2.0, 0.0, 513.0, 99469.0
-1.0, 3.0, 2.0, 3.0, -1.0, 3.0, 1.0, -1.0, 0.0, 2.0, 2.0, 1.0, 0.0, 0.0, -1.0, 2.0, 2.0, 1.0, 1.0, 1.0, 0.0, -1.0, 2.0, 2.0, 1.0, 3.0, 1.0, -1.0, 0.0, 0.0, -1.0, 3.0, 0.0, -1.0, 2.0, -1.0, 2.0, 2.0, 3.0, 0.0, -1.0, -1.0, -1.0, 2.0, 0.0, 0.0, -1.0, 3.0, 2.0, 0.0, 513.0, 99469.0
-1.0, 3.0, 2.0, 3.0, -1.0, 3.0, 1.0, -1.0, 0.0, 2.0, 2.0, 1.0, 0.0, 0.0, -1.0, 2.0, 2.0, 1.0, 1.0, 1.0, 0.0, -1.0, 2.0, 2.0, 1.0, 3.0, 1.0, -1.0, 0.0, 0.0, -1.0, 0.0, 0.0, -1.0, 2.0, -1.0, 2.0, 2.0, 3.0, 0.0, -1.0, -1.0, -1.0, 2.0, 0.0, 0.0, -1.0, 3.0, 2.0, 0.0, 513.0, 99469.0
-1.0, 2.0, 0.0, 3.0, -1.0, 3.0, 0.0, 0.0, 0.0, 0.0, 3.0, -1.0, -1.0, 2.0, 0.0, -1.0, 1.0, 2.0, 1.0, 0.0, 0.0, 3.0, 3.0, 2.0, 2.0, 0.0, 0.0, 1.0, 0.0, 1.0, 0.0, -1.0, 2.0, -1.0, 1.0, 0.0, 1.0, 2.0, 2.0, 1.0, 2.0, 1.0, 2.0, 1.0, 2.0, -1.0, 2.0, 3.0, 2.0, -1.0, 575.0, 99410.0
-1.0, 2.0, 0.0, 3.0, -1.0, 2.0, 0.0, 0.0, 0.0, 0.0, 3.0, -1.0, -1.0, 2.0, 0.0, -1.0, 1.0, 2.0, 1.0, 0.0, 3.0, 3.0, 3.0, 2.0, 0.0, 0.0, 0.0, 1.0, 0.0, 1.0, 0.0, -1.0, 2.0, -1.0, 1.0, 0.0, 1.0, 2.0, 2.0, 1.0, 2.0, 0.0, 2.0, 1.0, 2.0, -1.0, 1.0, 3.0, 2.0, -1.0, 575.0, 99410.0
-1.0, 2.0, 0.0, 3.0, -1.0, 3.0, 0.0, 0.0, 0.0, 0.0, 3.0, -1.0, -1.0, 2.0, 0.0, -1.0, 1.0, 2.0, 1.0, 0.0, 0.0, 3.0, 3.0, 2.0, 2.0, 0.0, 0.0, 1.0, 0.0, 1.0, 0.0, -1.0, 2.0, -1.0, 1.0, 0.0, 1.0, 2.0, 2.0, 1.0, 2.0, 1.0, 2.0, 1.0, 2.0, -1.0, 2.0, 3.0, 2.0, -1.0, 575.0, 99410.0
-1.0, 2.0, 0.0, 3.0, -1.0, 2.0, 0.0, 0.0, 0.0, 0.0, 3.0, -1.0, -1.0, 2.0, 0.0, -1.0, 1.0, 2.0, 1.0, 0.0, 3.0, 3.0, 3.0, 2.0, 2.0, 0.0, 0.0, 1.0, 0.0, 1.0, 0.0, -1.0, 2.0, -1.0, 1.0, 0.0, 1.0, 2.0, 2.0, 1.0, 2.0, 0.0, 2.0, 1.0, 2.0, -1.0, 1.0, 3.0, 2.0, -1.0, 575.0, 99410.0
-1.0, 2.0, 0.0, 3.0, -1.0, 3.0, 0.0, 0.0, 0.0, 0.0, 3.0, -1.0, -1.0, 2.0, 0.0, -1.0, 1.0, 2.0, 1.0, 0.0, 0.0, 3.0, 3.0, 2.0, 2.0, 0.0, 0.0, 1.0, 0.0, 1.0, 0.0, -1.0, 2.0, -1.0, 1.0, 0.0, 1.0, 2.0, 2.0, 1.0, 2.0, 1.0, 2.0, 1.0, 2.0, -1.0, 2.0, 3.0, 2.0, -1.0, 575.0, 99410.0
-1.0, 2.0, 0.0, 3.0, -1.0, 2.0, 0.0, 0.0, 0.0, 0.0, 3.0, -1.0, -1.0, 2.0, 0.0, -1.0, 1.0, 2.0, 1.0, 0.0, 3.0, 3.0, 3.0, 2.0, 0.0, 0.0, 0.0, 1.0, 0.0, 1.0, 0.0, -1.0, 2.0, -1.0, 1.0, 0.0, 1.0, 2.0, 2.0, 1.0, 2.0, 0.0, 2.0, 1.0, 2.0, -1.0, 1.0, 3.0, 2.0, -1.0, 575.0, 99410.0
1.0, 3.0, 0.0, 0.0, 1.0, 2.0, 1.0, 0.0, 0.0, 1.0, -1.0, 0.0, 0.0, 0.0, 2.0, 2.0, 2.0, 3.0, 3.0, 2.0, -1.0, 2.0, 3.0, 1.0, 1.0, 0.0, 0.0, 3.0, 0.0, 2.0, 1.0, 2.0, 0.0, 1.0, 1.0, 2.0, 3.0, 0.0, 1.0, 0.0, 0.0, 1.0, 3.0, 3.0, 2.0, 2.0, 1.0, 0.0, 3.0, 2.0, 697.0, 99321.0
1.0, 3.0, 0.0, 0.0, 1.0, 2.0, 1.0, 0.0, 0.0, 1.0, -1.0, 0.0, 0.0, 0.0, 2.0, 2.0, 2.0, 3.0, 3.0, 2.0, -1.0, 2.0, 3.0, 1.0, 1.0, 0.0, 0.0, 3.0, 0.0, 2.0, 1.0, 2.0, 0.0, 1.0, 1.0, 2.0, 3.0, 0.0, 1.0, 0.0, 0.0, 1.0, 3.0, 3.0, 2.0, 2.0, 1.0, 0.0, 3.0, 2.0, 697.0, 99321.0
1.0, 3.0, 0.0, 0.0, 1.0, 2.0, 1.0, 0.0, 0.0, 1.0, -1.0, 0.0, 0.0, 0.0, 2.0, 2.0, 2.0, 3.0, 3.0, 2.0, -1.0, 2.0, 3.0, 1.0, 1.0, 0.0, 0.0, 3.0, 0.0, 2.0, 1.0, 2.0, 0.0, 1.0, 1.0, 2.0, 3.0, 0.0, 1.0, 0.0, 0.0, 1.0, 3.0, 3.0, 2.0, 2.0, 1.0, 0.0, 3.0, 2.0, 697.0, 99321.0
