-1.0, 1.0, 2.0, -1.0, 1.0, 2.0, 1.0, -1.0, 0.0, 2.0, -1.0, 0.0, -1.0, 2.0, 1.0, 0.0, -1.0, 3.0, 1.0, 0.0, 2.0, -1.0, 0.0, 0.0, -1.0, 1.0, 2.0, 0.0, -1.0, 0.0, -1.0, -1.0, 3.0, 3.0, 3.0, -1.0, 3.0, -1.0, 3.0, 1.0, -1.0, -1.0, 1.0, 3.0, -1.0, -1.0, 2.0, -1.0, 2.0, 1.0, 423.0, 99585.0
-1.0, 1.0, 2.0, -1.0, 1.0, 2.0, 1.0, -1.0, 0.0, 2.0, -1.0, 0.0, -1.0, 2.0, 1.0, 0.0, -1.0, 3.0, 1.0, 0.0, 2.0, -1.0, 0.0, 0.0, -1.0, 1.0, 2.0, 0.0, -1.0, 0.0, -1.0, -1.0, 3.0, 3.0, 3.0, -1.0, 3.0, -1.0, 3.0, 1.0, -1.0, -1.0, 1.0, 3.0, -1.0, -1.0, 2.0, -1.0, 2.0, 1.0, 423.0, 99585.0
-1.0, 1.0, 2.0, -1.0, 1.0, 2.0, 1.0, -1.0, 0.0, 2.0, -1.0, 0.0, 3.0, 2.0, -1.0, 0.0, -1.0, 3.0, 1.0, 0.0, 2.0, -1.0, 1.0, 0.0, -1.0, 3.0, 2.0, 0.0, -1.0, 0.0, -1.0, -1.0, 3.0, 3.0, 3.0, -1.0, 3.0, -1.0, 3.0, 1.0, 0.0, -1.0, 1.0, 3.0, 0.0, 3.0, 2.0, -1.0, 2.0, 1.0, 463.0, 99538.0
-1.0, 1.0, -1.0, -1.0, 3.0, 3.0, 1.0, 2.0, 2.0, 0.0, -1.0, -1.0, 3.0, -1.0, -1.0, 2.0, -1.0, 2.0, 0.0, 3.0, 0.0, -1.0, 0.0, 1.0, 3.0, 1.0, 0.0, 2.0, -1.0, 0.0, -1.0, 2.0, 1.0, 0.0, 0.0, 3.0, 3.0, 1.0, 0.0, 2.0, 0.0, -1.0, 1.0, 3.0, 1.0, 3.0, 2.0, -1.0, 1.0, 1.0, 497.0, 99509.0
-1.0, 1.0, -1.0, 0.0, -1.0, 1.0, 2.0, -1.0, 2.0, -1.0, -1.0, 2.0, 1.0, -1.0, -1.0, 1.0, 2.0, 1.0, 1.0, -1.0, 1.0, 2.0, 3.0, 1.0, -1.0, 0.0, 0.0, 3.0, 0.0, 0.0, 3.0, -1.0, -1.0, 0.0, -1.0, 0.0, -1.0, -1.0, 3.0, 3.0, 1.0, -1.0, 3.0, -1.0, 1.0, 2.0, 0.0, 3.0, -1.0, 3.0, 432.0, 99582.0
-1.0, 1.0, 2.0, -1.0, 1.0, 2.0, 1.0, -1.0, 0.0, 2.0, -1.0, 0.0, 0.0, 2.0, 1.0, 0.0, -1.0, 3.0, 1.0, 0.0, 2.0, -1.0, 1.0, 0.0, -1.0, 2.0, 2.0, 0.0, -1.0, 0.0, -1.0, -1.0, 3.0, 3.0, 3.0, -1.0, 3.0, -1.0, 3.0, 1.0, 0.0, -1.0, 1.0, 3.0, 0.0, 3.0, 2.0, -1.0, 2.0, 1.0, 475.0, 99528.0
-1.0, 1.0, 2.0, -1.0, 1.0, 2.0, 1.0, -1.0, 0.0, 2.0, -1.0, 0.0, 0.0, 2.0, 1.0, 0.0, -1.0, 3.0, 1.0, 0.0, 2.0, -1.0, 0.0, 0.0, -1.0, 1.0, 2.0, 0.0, -1.0, 0.0, -1.0, -1.0, 3.0, 3.0, 3.0, 3.0, 3.0, -1.0, 3.0, 1.0, -1.0, -1.0, 1.0, 3.0, -1.0, -1.0, 2.0, -1.0, 2.0, 1.0, 453.0, 99553.0
-1.0, 1.0, 2.0, -1.0, 1.0, 2.0, 1.0, -1.0, 0.0, 2.0, -1.0, 0.0, 0.0, 2.0, 1.0, 0.0, -1.0, 3.0, 1.0, 0.0, 2.0, -1.0, 0.0, 0.0, -1.0, 1.0, 2.0, 0.0, -1.0, 0.0, -1.0, -1.0, 3.0, 3.0, 3.0, 3.0, 3.0, -1.0, 3.0, 1.0, -1.0, -1.0, 1.0, 3.0, -1.0, -1.0, 2.0, -1.0, 2.0, 1.0, 453.0, 99553.0
-1.0, 1.0, 2.0, -1.0, 1.0, 2.0, 1.0, -1.0, 0.0, 2.0, -1.0, 0.0, 0.0, 2.0, 1.0, 0.0, -1.0, 0.0, 1.0, 0.0, 2.0, -1.0, 1.0, 0.0, -1.0, 3.0, 2.0, 0.0, -1.0, 0.0, -1.0, -1.0, 3.0, 3.0, 3.0, -1.0, 3.0, -1.0, 3.0, 1.0, -1.0, -1.0, 2.0, 3.0, -1.0, -1.0, 2.0, -1.0, 2.0, 1.0, 435.0, 99573.0
-1.0, 3.0, -1.0, 0.0, 1.0, 1.0, 1.0, 2.0, 3.0, -1.0, -1.0, 2.0, -1.0, 0.0, -1.0, 1.0, -1.0, 2.0, 0.0, 2.0, 0.0, -1.0, 0.0, 1.0, -1.0, 0.0, 0.0, 2.0, 1.0, 3.0, -1.0, -1.0, 3.0, 1.0, 2.0, 1.0, 3.0, 1.0, 2.0, 3.0, 0.0, -1.0, -1.0, 0.0, 0.0, -1.0, 2.0, 0.0, -1.0, 1.0, 480.0, 99527.0
-1.0, 1.0, 2.0, -1.0, 1.0, 2.0, 1.0, -1.0, 0.0, 2.0, -1.0, 0.0, 0.0, 2.0, 1.0, 0.0, -1.0, 0.0, 1.0, 0.0, 2.0, -1.0, 1.0, 0.0, -1.0, 3.0, 2.0, 0.0, -1.0, 0.0, -1.0, -1.0, 3.0, 3.0, 3.0, -1.0, 3.0, -1.0, 3.0, 1.0, 0.0, -1.0, 1.0, 3.0, -1.0, -1.0, 2.0, -1.0, 2.0, 1.0, 446.0, 99560.0
-1.0, 1.0, 2.0, -1.0, 1.0, 3.0, 1.0, -1.0, 0.0, 2.0, -1.0, 0.0, 0.0, 2.0, 1.0, 0.0, -1.0, 0.0, 1.0, 0.0, 2.0, -1.0, 1.0, 0.0, -1.0, 3.0, 2.0, 0.0, -1.0, 0.0, -1.0, -1.0, 3.0, 3.0, 0.0, -1.0, 3.0, -1.0, 3.0, 1.0, 0.0, -1.0, 1.0, 3.0, -1.0, -1.0, 2.0, -1.0, 2.0, 1.0, 446.0, 99560.0
-1.0, 1.0, 2.0, -1.0, 1.0, 2.0, 1.0, -1.0, 0.0, 2.0, -1.0, 0.0, -1.0, 2.0, 1.0, 0.0, -1.0, 3.0, 1.0, 0.0, 2.0, -1.0, 0.0, 0.0, -1.0, 1.0, 2.0, 0.0, -1.0, 0.0, -1.0, -1.0, 3.0, 3.0, 3.0, 3.0, 3.0, -1.0, 3.0, 1.0, -1.0, -1.0, 1.0, 3.0, -1.0, -1.0, 2.0, -1.0, 2.0, 1.0, 441.0, 99565.0
-1.0, 1.0, 2.0, -1.0, 1.0, 2.0, 1.0, 2.0, 0.0, 2.0, -1.0, 0.0, 0.0, 2.0, 1.0, 0.0, -1.0, 3.0, 1.0, 0.0, 2.0, -1.0, 1.0, 0.0, -1.0, 3.0, 2.0, 0.0, -1.0, 0.0, -1.0, -1.0, 3.0, 3.0, 3.0, -1.0, 3.0, -1.0, 0.0, 1.0, -1.0, -1.0, 2.0, 3.0, -1.0, 3.0, 2.0, -1.0, 2.0, 1.0, 459.0, 99547.0
-1.0, 1.0, -1.0, -1.0, 3.0, 3.0, 1.0, 2.0, 2.0, 0.0, -1.0, -1.0, 3.0, -1.0, -1.0, 2.0, -1.0, 2.0, 0.0, 3.0, 0.0, -1.0, 0.0, 1.0, 3.0, 1.0, 0.0, 2.0, -1.0, 0.0, -1.0, 2.0, 1.0, 0.0, 0.0, 3.0, 3.0, 1.0, 0.0, 2.0, 0.0, -1.0, 1.0, 3.0, 1.0, 3.0, 2.0, -1.0, 1.0, 1.0, 497.0, 99509.0
-1.0, 1.0, 2.0, -1.0, 1.0, 2.0, 1.0, -1.0, 0.0, 2.0, -1.0, 0.0, -1.0, 2.0, 1.0, 0.0, -1.0, 3.0, 1.0, 0.0, 2.0, -1.0, 0.0, 0.0, -1.0, 1.0, 2.0, 0.0, -1.0, 0.0, -1.0, -1.0, 3.0, 3.0, 3.0, 3.0, 3.0, -1.0, 3.0, 1.0, -1.0, -1.0, 1.0, 3.0, -1.0, -1.0, 2.0, -1.0, 2.0, 1.0, 441.0, 99565.0
-1.0, 1.0, 2.0, -1.0, 1.0, 2.0, 1.0, 2.0, 0.0, 2.0, -1.0, 0.0, 0.0, 2.0, 1.0, 0.0, -1.0, 3.0, 1.0, 0.0, 2.0, -1.0, 1.0, 0.0, -1.0, 3.0, 2.0, 0.0, -1.0, 0.0, -1.0, -1.0, 3.0, 3.0, 3.0, -1.0, 3.0, -1.0, 0.0, 1.0, -1.0, -1.0, 2.0, 3.0, -1.0, 3.0, 2.0, -1.0, 2.0, 1.0, 459.0, 99547.0
-1.0, 1.0, 2.0, -1.0, 1.0, 2.0, 1.0, -1.0, 0.0, 2.0, -1.0, 0.0, -1.0, 2.0, 1.0, 0.0, -1.0, 3.0, 1.0, 0.0, 2.0, -1.0, 0.0, 0.0, -1.0, 1.0, 2.0, 0.0, -1.0, 0.0, -1.0, 0.0, 3.0, 3.0, 3.0, -1.0, 3.0, -1.0, 3.0, 1.0, -1.0, -1.0, 1.0, 3.0, -1.0, -1.0, 2.0, -1.0, 2.0, 1.0, 438.0, 99571.0
-1.0, 1.0, -1.0, 0.0, -1.0, 1.0, 2.0, -1.0, 2.0, -1.0, -1.0, 2.0, 1.0, -1.0, -1.0, 1.0, 2.0, 1.0, 1.0, -1.0, 1.0, 2.0, 3.0, 1.0, -1.0, 0.0, 0.0, 3.0, 0.0, 0.0, 3.0, -1.0, -1.0, 0.0, -1.0, 0.0, -1.0, -1.0, 3.0, 3.0, 1.0, -1.0, 3.0, -1.0, 1.0, 2.0, 0.0, 3.0, -1.0, 3.0, 432.0, 99582.0
-1.0, 1.0, 0.0, 2.0, 0.0, -1.0, 2.0, -1.0, -1.0, -1.0, -1.0, -1.0, 3.0, 0.0, 2.0, 2.0, -1.0, 0.0, 0.0, 0.0, 1.0, 2.0, -1.0, 2.0, 1.0, 2.0, 0.0, -1.0, -1.0, 0.0, 2.0, 0.0, -1.0, 0.0, -1.0, 1.0, -1.0, 1.0, 1.0, 2.0, 3.0, -1.0, -1.0, -1.0, 1.0, -1.0, 1.0, 2.0, 1.0, 1.0, 440.0, 99568.0
-1.0, 1.0, 2.0, -1.0, 1.0, 2.0, 1.0, -1.0, 2.0, 2.0, -1.0, 0.0, 0.0, 2.0, 1.0, 0.0, -1.0, 0.0, 1.0, 0.0, 2.0, -1.0, 1.0, 0.0, -1.0, 3.0, 2.0, 0.0, -1.0, 0.0, -1.0, -1.0, 3.0, 3.0, 3.0, -1.0, 3.0, -1.0, 3.0, 1.0, -1.0, -1.0, 2.0, 3.0, -1.0, -1.0, 2.0, -1.0, 2.0, 1.0, 435.0, 99573.0
-1.0, 1.0, 0.0, 2.0, 0.0, -1.0, 2.0, -1.0, -1.0, -1.0, -1.0, -1.0, 3.0, 0.0, 2.0, 2.0, -1.0, 0.0, 0.0, 0.0, 1.0, 2.0, -1.0, 2.0, 1.0, 2.0, 0.0, -1.0, -1.0, 0.0, 2.0, 0.0, -1.0, 0.0, -1.0, 1.0, -1.0, 1.0, 1.0, 2.0, 3.0, -1.0, -1.0, -1.0, 1.0, -1.0, 1.0, 2.0, 1.0, 1.0, 440.0, 99568.0
-1.0, 1.0, 2.0, -1.0, 1.0, 2.0, 1.0, -1.0, 0.0, 2.0, -1.0, 0.0, -1.0, 2.0, 1.0, 0.0, -1.0, 3.0, 1.0, 0.0, 2.0, -1.0, 0.0, 1.0, -1.0, 1.0, 2.0, 0.0, -1.0, 0.0, -1.0, 0.0, 3.0, 3.0, 3.0, -1.0, 3.0, -1.0, 3.0, 1.0, -1.0, -1.0, 1.0, 3.0, -1.0, -1.0, 2.0, -1.0, 2.0, 1.0, 438.0, 99571.0
-1.0, 1.0, -1.0, -1.0, 2.0, -1.0, 1.0, -1.0, 2.0, 0.0, -1.0, 1.0, 3.0, 2.0, 0.0, 1.0, 3.0, 3.0, 0.0, 0.0, 1.0, 2.0, -1.0, 1.0, -1.0, 0.0, -1.0, -1.0, 1.0, 0.0, 2.0, 0.0, -1.0, 2.0, -1.0, 3.0, -1.0, 3.0, 0.0, 0.0, 1.0, -1.0, 2.0, -1.0, 1.0, 2.0, 0.0, -1.0, 3.0, 2.0, 460.0, 99546.0
-1.0, 1.0, 2.0, -1.0, 1.0, 2.0, 1.0, -1.0, 0.0, 2.0, -1.0, 0.0, 0.0, 2.0, 1.0, 0.0, -1.0, 3.0, 1.0, 0.0, 2.0, -1.0, 1.0, 0.0, -1.0, 3.0, 2.0, 0.0, -1.0, 0.0, -1.0, -1.0, 3.0, 3.0, 3.0, -1.0, 3.0, -1.0, 3.0, 1.0, 0.0, -1.0, 1.0, 3.0, 0.0, 3.0, 2.0, -1.0, 2.0, 1.0, 475.0, 99528.0
-1.0, 1.0, -1.0, -1.0, 2.0, -1.0, 1.0, -1.0, 2.0, 0.0, -1.0, 1.0, 3.0, 2.0, 0.0, 1.0, 3.0, 3.0, 0.0, 0.0, 1.0, 2.0, -1.0, 1.0, -1.0, 0.0, -1.0, -1.0, 1.0, 0.0, 2.0, 0.0, -1.0, 2.0, -1.0, 1.0, -1.0, 3.0, 0.0, 0.0, 1.0, -1.0, 2.0, -1.0, 1.0, 2.0, 0.0, -1.0, 3.0, 2.0, 460.0, 99546.0
-1.0, 3.0, -1.0, 0.0, 1.0, 1.0, 1.0, 2.0, 3.0, -1.0, -1.0, 2.0, -1.0, 0.0, -1.0, 1.0, -1.0, 2.0, 0.0, 2.0, 0.0, -1.0, 0.0, 1.0, -1.0, 0.0, 0.0, 2.0, 1.0, 3.0, -1.0, -1.0, 3.0, 1.0, 2.0, 1.0, 3.0, 1.0, 2.0, 3.0, 0.0, -1.0, -1.0, 0.0, 0.0, -1.0, 2.0, 0.0, -1.0, 1.0, 480.0, 99527.0
-1.0, 3.0, -1.0, 0.0, 1.0, 1.0, 1.0, 2.0, 3.0, -1.0, -1.0, 2.0, -1.0, 0.0, -1.0, 1.0, -1.0, 2.0, 0.0, 2.0, 0.0, -1.0, 0.0, 1.0, -1.0, 0.0, 0.0, 2.0, 1.0, 3.0, -1.0, -1.0, 3.0, 1.0, 2.0, 1.0, 3.0, 1.0, 2.0, 3.0, 0.0, -1.0, -1.0, 0.0, 0.0, -1.0, 2.0, 0.0, -1.0, 1.0, 480.0, 99527.0
-1.0, 3.0, -1.0, 0.0, 1.0, 1.0, 1.0, 2.0, 3.0, -1.0, -1.0, 2.0, -1.0, 0.0, -1.0, 1.0, -1.0, 2.0, 0.0, 2.0, 0.0, -1.0, 0.0, 1.0, -1.0, 0.0, 0.0, 2.0, 1.0, 3.0, -1.0, -1.0, 3.0, 1.0, 2.0, 1.0, 3.0, 1.0, 2.0, 3.0, 0.0, -1.0, -1.0, 0.0, 0.0, -1.0, 2.0, 0.0, -1.0, 1.0, 480.0, 99527.0
-1.0, 3.0, -1.0, 0.0, 1.0, 1.0, 1.0, 2.0, 3.0, -1.0, -1.0, 2.0, -1.0, 0.0, -1.0, 1.0, -1.0, 2.0, 0.0, 2.0, 0.0, -1.0, 0.0, 1.0, -1.0, 0.0, 0.0, 2.0, 1.0, 3.0, -1.0, -1.0, 3.0, 1.0, 2.0, 1.0, 3.0, 1.0, 2.0, 3.0, 0.0, -1.0, -1.0, 0.0, 0.0, -1.0, 2.0, 0.0, -1.0, 1.0, 480.0, 99527.0
-1.0, 3.0, -1.0, 0.0, 1.0, 1.0, 1.0, 2.0, 3.0, -1.0, -1.0, 2.0, -1.0, 0.0, -1.0, 1.0, -1.0, 2.0, 0.0, 2.0, 0.0, -1.0, 0.0, 1.0, -1.0, 0.0, 0.0, 2.0, 1.0, 3.0, -1.0, -1.0, 3.0, 1.0, 2.0, 1.0, 3.0, 1.0, 2.0, 3.0, 0.0, -1.0, -1.0, 0.0, 0.0, -1.0, 2.0, 0.0, -1.0, 1.0, 480.0, 99527.0
-1.0, 1.0, -1.0, -1.0, 3.0, 3.0, 1.0, 2.0, 2.0, 0.0, -1.0, -1.0, 3.0, -1.0, -1.0, 2.0, -1.0, 2.0, 0.0, 3.0, 0.0, -1.0, 0.0, 1.0, 3.0, 1.0, 0.0, 2.0, -1.0, 0.0, -1.0, 2.0, -1.0, 0.0, 0.0, 3.0, 2.0, 1.0, 0.0, 2.0, 0.0, -1.0, 2.0, 3.0, 1.0, 3.0, 2.0, -1.0, 1.0, 1.0, 480.0, 99527.0
-1.0, 3.0, -1.0, 0.0, 1.0, 1.0, 1.0, 2.0, 3.0, -1.0, -1.0, 2.0, -1.0, 0.0, -1.0, 1.0, -1.0, 2.0, 0.0, 2.0, 0.0, -1.0, 0.0, 1.0, -1.0, 0.0, 0.0, 2.0, 1.0, 3.0, -1.0, -1.0, 3.0, 1.0, 2.0, 1.0, 3.0, 1.0, 2.0, 3.0, 0.0, -1.0, -1.0, 0.0, 0.0, -1.0, 2.0, 0.0, -1.0, 1.0, 480.0, 99527.0
-1.0, 3.0, -1.0, 0.0, 1.0, 1.0, 1.0, 2.0, 3.0, -1.0, -1.0, 2.0, -1.0, 0.0, -1.0, 1.0, -1.0, 2.0, 0.0, 2.0, 0.0, -1.0, 0.0, 1.0, -1.0, 0.0, 0.0, 2.0, 1.0, 3.0, -1.0, -1.0, 3.0, 1.0, 2.0, 1.0, 3.0, 1.0, 2.0, 3.0, 0.0, -1.0, -1.0, 0.0, 0.0, -1.0, 2.0, 0.0, -1.0, 1.0, 480.0, 99527.0
-1.0, 3.0, -1.0, 0.0, 1.0, 1.0, 1.0, 2.0, 3.0, -1.0, -1.0, 2.0, -1.0, 0.0, -1.0, 1.0, -1.0, 2.0, 0.0, 2.0, 0.0, -1.0, 0.0, 1.0, -1.0, 0.0, 0.0, 2.0, 1.0, 3.0, -1.0, -1.0, 3.0, 1.0, 2.0, 1.0, 3.0, 1.0, 2.0, 3.0, 0.0, -1.0, -1.0, 0.0, 0.0, -1.0, 2.0, 0.0, -1.0, 1.0, 480.0, 99527.0
-1.0, 3.0, -1.0, 0.0, 1.0, 1.0, 1.0, 2.0, 3.0, -1.0, -1.0, 2.0, -1.0, 0.0, -1.0, 1.0, -1.0, 2.0, 0.0, 2.0, 0.0, -1.0, 0.0, 1.0, -1.0, 0.0, 0.0, 2.0, 1.0, 3.0, -1.0, -1.0, 3.0, 1.0, 2.0, 1.0, 3.0, 1.0, 2.0, 3.0, 0.0, -1.0, -1.0, 0.0, 0.0, -1.0, 2.0, 0.0, -1.0, 1.0, 480.0, 99527.0
-1.0, 3.0, -1.0, 0.0, 1.0, 1.0, 1.0, 2.0, 3.0, -1.0, -1.0, 2.0, -1.0, 0.0, -1.0, 1.0, -1.0, 2.0, 0.0, 2.0, 0.0, -1.0, 0.0, 1.0, -1.0, 0.0, 0.0, 2.0, 1.0, 3.0, -1.0, -1.0, 3.0, 1.0, 2.0, 1.0, 3.0, 1.0, 2.0, 3.0, 0.0, -1.0, -1.0, 0.0, 0.0, -1.0, 2.0, 0.0, -1.0, 1.0, 480.0, 99527.0
-1.0, 3.0, -1.0, 0.0, 1.0, 1.0, 1.0, 2.0, 3.0, -1.0, -1.0, 2.0, -1.0, 0.0, -1.0, 1.0, -1.0, 2.0, 0.0, 2.0, 0.0, -1.0, 0.0, 1.0, -1.0, 0.0, 0.0, 2.0, 1.0, 3.0, -1.0, -1.0, 3.0, 1.0, 2.0, 1.0, 3.0, 1.0, 2.0, 3.0, 0.0, -1.0, -1.0, 0.0, 0.0, -1.0, 2.0, 0.0, -1.0, 1.0, 480.0, 99527.0
-1.0, 1.0, -1.0, -1.0, 3.0, 3.0, 1.0, 2.0, 2.0, 0.0, -1.0, -1.0, 3.0, -1.0, -1.0, 2.0, -1.0, 2.0, 0.0, 3.0, 0.0, -1.0, 0.0, 1.0, 3.0, 1.0, 0.0, 2.0, -1.0, 0.0, -1.0, 2.0, -1.0, 0.0, 0.0, 3.0, 2.0, 1.0, 0.0, 2.0, 0.0, -1.0, 2.0, 3.0, 1.0, 3.0, 2.0, -1.0, 1.0, 1.0, 480.0, 99527.0
-1.0, 1.0, 2.0, -1.0, 1.0, 2.0, 1.0, -1.0, 0.0, 2.0, -1.0, 0.0, 0.0, 2.0, 1.0, 0.0, -1.0, 3.0, 1.0, 0.0, 2.0, -1.0, 1.0, 0.0, -1.0, 2.0, 2.0, 0.0, -1.0, 0.0, -1.0, -1.0, 3.0, 3.0, 3.0, -1.0, 3.0, -1.0, 3.0, 1.0, 0.0, -1.0, 1.0, 3.0, 0.0, 3.0, 2.0, -1.0, 2.0, 1.0, 475.0, 99528.0
-1.0, 1.0, 2.0, -1.0, 1.0, 2.0, 1.0, -1.0, 0.0, 2.0, -1.0, 0.0, 0.0, 2.0, 1.0, 0.0, -1.0, 3.0, 1.0, 0.0, 2.0, -1.0, 1.0, 0.0, -1.0, 3.0, 2.0, 0.0, -1.0, 0.0, -1.0, -1.0, 3.0, 3.0, 3.0, -1.0, 3.0, -1.0, 3.0, 1.0, 0.0, -1.0, 1.0, 3.0, 0.0, 3.0, 2.0, -1.0, 2.0, 1.0, 475.0, 99528.0
-1.0, 1.0, 2.0, -1.0, 1.0, 2.0, 1.0, -1.0, 0.0, 2.0, -1.0, 0.0, 0.0, 2.0, 1.0, 0.0, -1.0, 3.0, 1.0, 0.0, 2.0, -1.0, 1.0, 0.0, -1.0, 2.0, 2.0, 0.0, -1.0, 0.0, -1.0, -1.0, 3.0, 3.0, 3.0, -1.0, 3.0, -1.0, 3.0, 1.0, 0.0, -1.0, 1.0, 3.0, 0.0, 3.0, 2.0, -1.0, 2.0, 1.0, 475.0, 99528.0
-1.0, 1.0, 2.0, -1.0, 1.0, 2.0, 1.0, -1.0, 0.0, 2.0, -1.0, 0.0, 0.0, 2.0, 1.0, 0.0, -1.0, 3.0, 1.0, 0.0, 2.0, -1.0, 1.0, 0.0, -1.0, 2.0, 2.0, 0.0, -1.0, 0.0, -1.0, -1.0, 3.0, 3.0, 3.0, -1.0, 3.0, -1.0, 3.0, 1.0, 0.0, -1.0, 1.0, 3.0, 1.0, 3.0, 2.0, -1.0, 2.0, 1.0, 475.0, 99528.0
-1.0, 1.0, 2.0, -1.0, 1.0, 2.0, 1.0, -1.0, 0.0, 2.0, -1.0, 0.0, 0.0, 2.0, 1.0, 0.0, -1.0, 3.0, 1.0, 0.0, 2.0, -1.0, 1.0, 0.0, -1.0, 3.0, 2.0, 0.0, -1.0, 0.0, -1.0, -1.0, 3.0, 3.0, 3.0, -1.0, 3.0, -1.0, 3.0, 1.0, 0.0, -1.0, 1.0, 3.0, 0.0, 3.0, 2.0, -1.0, 2.0, 1.0, 475.0, 99528.0
