-1.0, -1.0, 1.0, 2.0, 3.0, 1.0, 0.0, -1.0, 1.0, -1.0, -1.0, 1.0, -1.0, 3.0, 1.0, -1.0, -1.0, 1.0, 2.0, 0.0, 2.0, -1.0, 0.0, 3.0, 0.0, 0.0, 1.0, 2.0, -1.0, 0.0, 2.0, 0.0, 3.0, 0.0, 0.0, -1.0, -1.0, -1.0, -1.0, -1.0, 2.0, 2.0, 0.0, 3.0, 1.0, 2.0, 0.0, 0.0, -1.0, 2.0, 498.0, 99549.0
-1.0, -1.0, 1.0, 2.0, 3.0, 1.0, 0.0, -1.0, 1.0, -1.0, -1.0, 1.0, -1.0, 3.0, 1.0, -1.0, -1.0, 1.0, 2.0, 0.0, 2.0, -1.0, 0.0, 3.0, 0.0, 0.0, 1.0, 2.0, -1.0, 0.0, 2.0, 0.0, 3.0, 0.0, 0.0, -1.0, -1.0, -1.0, -1.0, -1.0, 2.0, 2.0, 0.0, 3.0, 1.0, 2.0, 0.0, 0.0, -1.0, 2.0, 498.0, 99549.0
0.0, -1.0, 1.0, 1.0, 2.0, 0.0, 2.0, 2.0, -1.0, 3.0, -1.0, 2.0, 0.0, 2.0, 3.0, -1.0, 2.0, -1.0, 2.0, 1.0, 3.0, 1.0, 1.0, 0.0, -1.0, 3.0, 2.0, 0.0, 3.0, 0.0, -1.0, 1.0, 1.0, 2.0, -1.0, 0.0, 0.0, -1.0, 0.0, 2.0, 1.0, -1.0, -1.0, 3.0, 3.0, -1.0, 1.0, 1.0, 3.0, 0.0, 524.0, 99475.0
1.0, 1.0, 3.0, -1.0, -1.0, 0.0, 1.0, 0.0, 1.0, 2.0, 0.0, -1.0, 1.0, 3.0, 0.0, 1.0, 2.0, 1.0, 2.0, 1.0, -1.0, 0.0, 2.0, 2.0, -1.0, 0.0, 0.0, 2.0, 1.0, 0.0, -1.0, 1.0, -1.0, 0.0, -1.0, -1.0, 3.0, 0.0, 0.0, 2.0, -1.0, 3.0, -1.0, -1.0, 2.0, -1.0, 1.0, 0.0, 2.0, 0.0, 519.0, 99503.0
1.0, 1.0, 3.0, -1.0, -1.0, 0.0, 1.0, 0.0, 1.0, 2.0, 0.0, -1.0, 1.0, 3.0, 3.0, 1.0, 2.0, 1.0, 2.0, 1.0, -1.0, 0.0, 2.0, 2.0, -1.0, 0.0, 0.0, 2.0, 1.0, 0.0, -1.0, 1.0, -1.0, 0.0, -1.0, -1.0, 3.0, 0.0, 0.0, 2.0, -1.0, -1.0, -1.0, -1.0, 2.0, -1.0, 1.0, 0.0, 2.0, 0.0, 500.0, 99518.0
0.0, -1.0, 1.0, -1.0, -1.0, 3.0, 2.0, 1.0, 3.0, 2.0, 3.0, -1.0, 2.0, 1.0, 0.0, 1.0, 2.0, 1.0, 1.0, 0.0, -1.0, 2.0, 0.0, 0.0, 1.0, 2.0, 0.0, -1.0, 0.0, 2.0, -1.0, 3.0, 2.0, 2.0, -1.0, 3.0, 1.0, 3.0, 3.0, 1.0, 0.0, 3.0, -1.0, 1.0, 3.0, -1.0, 2.0, 1.0, 2.0, 3.0, 554.0, 99453.0
0.0, -1.0, 1.0, -1.0, -1.0, 3.0, 2.0, 1.0, 3.0, 2.0, 3.0, 2.0, 2.0, 1.0, 0.0, 1.0, 2.0, 1.0, 1.0, 0.0, 3.0, 1.0, 0.0, 0.0, 1.0, 2.0, 0.0, -1.0, 0.0, 2.0, -1.0, 3.0, 2.0, 2.0, -1.0, 3.0, 1.0, 3.0, 3.0, 1.0, 0.0, 3.0, -1.0, 1.0, 3.0, 0.0, 2.0, 1.0, 2.0, 3.0, 599.0, 99403.0
0.0, -1.0, 1.0, 1.0, 2.0, 0.0, 2.0, 2.0, -1.0, 3.0, -1.0, 2.0, 0.0, 2.0, 3.0, -1.0, 2.0, -1.0, 2.0, 1.0, 3.0, 1.0, 1.0, 0.0, -1.0, 3.0, 2.0, 0.0, 3.0, 0.0, -1.0, 1.0, 1.0, 2.0, -1.0, 0.0, 0.0, -1.0, 0.0, 2.0, 1.0, 3.0, -1.0, 3.0, 3.0, -1.0, 1.0, 1.0, 3.0, 0.0, 543.0, 99460.0
0.0, -1.0, 1.0, 1.0, 2.0, 0.0, 2.0, 2.0, -1.0, 3.0, -1.0, 2.0, 0.0, 2.0, 3.0, -1.0, 2.0, -1.0, 2.0, 1.0, 3.0, 1.0, 1.0, 0.0, -1.0, 3.0, 2.0, 0.0, 3.0, 0.0, -1.0, 1.0, 2.0, 2.0, -1.0, 0.0, 0.0, -1.0, 0.0, 2.0, 1.0, 3.0, -1.0, 3.0, 3.0, -1.0, 1.0, 1.0, 3.0, 0.0, 543.0, 99460.0
0.0, -1.0, 1.0, -1.0, -1.0, 3.0, 2.0, 1.0, 3.0, 2.0, 3.0, 2.0, 2.0, 1.0, 0.0, 1.0, 2.0, 1.0, 1.0, 0.0, -1.0, 2.0, 0.0, 0.0, 1.0, 2.0, 0.0, -1.0, 0.0, 2.0, -1.0, 3.0, 2.0, 2.0, -1.0, 3.0, 1.0, 3.0, 3.0, 1.0, 0.0, 3.0, -1.0, 1.0, 3.0, -1.0, 2.0, 1.0, 2.0, 3.0, 566.0, 99432.0
2.0, 3.0, 1.0, 2.0, 3.0, 2.0, 2.0, 1.0, 1.0, 0.0, 1.0, 0.0, 1.0, -1.0, 2.0, -1.0, 2.0, 0.0, 1.0, 3.0, 0.0, 0.0, 0.0, 2.0, 0.0, 2.0, 1.0, 3.0, 3.0, 3.0, 1.0, 2.0, 0.0, 0.0, -1.0, 0.0, 1.0, 0.0, 0.0, 1.0, 0.0, 0.0, 2.0, 3.0, 1.0, 2.0, 2.0, 3.0, 2.0, 1.0, 675.0, 99352.0
0.0, -1.0, 1.0, -1.0, -1.0, 0.0, 2.0, 1.0, 3.0, 2.0, 3.0, 2.0, 2.0, 1.0, 0.0, 1.0, 0.0, 1.0, 1.0, 0.0, -1.0, 2.0, 0.0, 0.0, 1.0, 2.0, 0.0, -1.0, 0.0, 1.0, -1.0, 3.0, 2.0, 2.0, -1.0, 3.0, 1.0, 3.0, 3.0, 1.0, 0.0, 3.0, -1.0, 1.0, 0.0, 0.0, 2.0, 1.0, 2.0, 3.0, 582.0, 99418.0
1.0, 1.0, 3.0, -1.0, -1.0, 0.0, 1.0, 0.0, 1.0, 2.0, 0.0, -1.0, 1.0, 3.0, 0.0, 1.0, 2.0, 1.0, 2.0, 3.0, -1.0, 0.0, 2.0, 1.0, -1.0, -1.0, 0.0, 2.0, 1.0, 0.0, -1.0, 1.0, -1.0, 0.0, -1.0, -1.0, 3.0, 0.0, 0.0, 2.0, -1.0, 3.0, -1.0, -1.0, 2.0, -1.0, 1.0, 0.0, 2.0, 0.0, 507.0, 99510.0
0.0, -1.0, 1.0, 1.0, 2.0, 0.0, 2.0, 2.0, -1.0, 3.0, -1.0, 2.0, 0.0, 2.0, 3.0, -1.0, 2.0, -1.0, 2.0, 1.0, 3.0, 1.0, 1.0, 0.0, -1.0, 3.0, 2.0, 0.0, 3.0, 0.0, -1.0, 1.0, 1.0, 2.0, -1.0, 0.0, 0.0, -1.0, 0.0, 2.0, 1.0, -1.0, -1.0, 3.0, 3.0, -1.0, 1.0, 1.0, 3.0, 0.0, 524.0, 99475.0
0.0, -1.0, 1.0, -1.0, -1.0, 3.0, 2.0, 1.0, 3.0, 2.0, 3.0, 2.0, 2.0, 1.0, 0.0, 1.0, 2.0, 1.0, 1.0, 0.0, -1.0, 2.0, 0.0, 0.0, 1.0, 2.0, 0.0, -1.0, 0.0, 2.0, -1.0, 3.0, 2.0, 2.0, -1.0, 3.0, 1.0, 3.0, -1.0, 1.0, 0.0, 3.0, -1.0, 1.0, 3.0, 0.0, 2.0, 1.0, 2.0, 3.0, 570.0, 99427.0
0.0, -1.0, 1.0, -1.0, -1.0, 3.0, 2.0, 1.0, 3.0, 2.0, 3.0, -1.0, 2.0, 1.0, 0.0, 1.0, 2.0, 1.0, 1.0, 0.0, -1.0, 2.0, 0.0, 0.0, 1.0, 2.0, 0.0, -1.0, 0.0, 2.0, -1.0, 3.0, 1.0, 2.0, -1.0, 3.0, 1.0, 3.0, 3.0, 1.0, 0.0, 3.0, -1.0, 1.0, 3.0, -1.0, 2.0, 1.0, 2.0, 3.0, 554.0, 99453.0
0.0, -1.0, 1.0, -1.0, -1.0, 3.0, 2.0, 1.0, 3.0, 2.0, 3.0, 2.0, 2.0, 1.0, 0.0, 1.0, 2.0, 1.0, 1.0, 0.0, -1.0, 2.0, 0.0, 0.0, 1.0, 2.0, 0.0, -1.0, 0.0, 2.0, -1.0, 3.0, 2.0, 2.0, -1.0, 3.0, 1.0, 3.0, 3.0, 1.0, 0.0, 3.0, -1.0, 1.0, 3.0, -1.0, 2.0, 1.0, 2.0, 3.0, 566.0, 99432.0
2.0, 3.0, 1.0, 2.0, 3.0, 2.0, 2.0, 1.0, 1.0, 2.0, 1.0, 1.0, 1.0, -1.0, 2.0, 2.0, 2.0, 0.0, 1.0, 3.0, 0.0, 0.0, 0.0, 2.0, 0.0, 0.0, 1.0, 3.0, 3.0, 3.0, 1.0, 0.0, 0.0, 0.0, -1.0, 0.0, 1.0, 0.0, 0.0, 1.0, 0.0, 0.0, 2.0, 3.0, 1.0, 2.0, 2.0, 3.0, 2.0, 1.0, 690.0, 99346.0
0.0, -1.0, 1.0, 1.0, -1.0, 3.0, 2.0, 1.0, 3.0, 2.0, 3.0, 2.0, 2.0, 1.0, 0.0, 1.0, 2.0, 1.0, 1.0, 0.0, 3.0, 1.0, 0.0, 0.0, 1.0, 2.0, 0.0, -1.0, 0.0, 2.0, -1.0, 3.0, 2.0, 3.0, -1.0, 3.0, 1.0, 3.0, 3.0, 1.0, 0.0, 3.0, -1.0, 1.0, 0.0, 0.0, 2.0, 1.0, 2.0, 3.0, 617.0, 99393.0
1.0, -1.0, 3.0, -1.0, 2.0, 1.0, 0.0, 0.0, 3.0, 1.0, 1.0, 3.0, 3.0, 1.0, 3.0, 1.0, 1.0, 3.0, 1.0, 3.0, 2.0, 2.0, 3.0, -1.0, 3.0, 2.0, 0.0, 1.0, 2.0, 0.0, 3.0, 0.0, -1.0, 1.0, 0.0, 0.0, 2.0, -1.0, 1.0, 0.0, 2.0, 1.0, 3.0, 2.0, 0.0, 0.0, 2.0, 2.0, 2.0, 1.0, 636.0, 99383.0
1.0, 1.0, 3.0, -1.0, -1.0, 0.0, 1.0, 0.0, 1.0, 2.0, 0.0, -1.0, 1.0, 3.0, 0.0, 1.0, 2.0, 1.0, 2.0, 3.0, -1.0, 0.0, 2.0, 2.0, -1.0, -1.0, 0.0, 2.0, 1.0, 0.0, -1.0, 1.0, -1.0, 0.0, -1.0, -1.0, 3.0, 0.0, 0.0, 2.0, -1.0, 3.0, -1.0, -1.0, 2.0, -1.0, 1.0, 0.0, 2.0, 0.0, 507.0, 99510.0
1.0, 1.0, 3.0, -1.0, -1.0, 0.0, 1.0, 0.0, 1.0, 2.0, 0.0, -1.0, 1.0, 3.0, 0.0, 1.0, 2.0, 1.0, 2.0, 1.0, -1.0, 0.0, 2.0, 2.0, -1.0, 0.0, 0.0, 2.0, 1.0, 0.0, -1.0, 1.0, -1.0, 0.0, -1.0, -1.0, 3.0, 0.0, 0.0, 2.0, -1.0, 3.0, -1.0, -1.0, 2.0, -1.0, 1.0, 0.0, 2.0, 0.0, 519.0, 99503.0
0.0, -1.0, 1.0, 1.0, -1.0, 3.0, 2.0, 1.0, 3.0, 2.0, 3.0, 2.0, 2.0, 1.0, 0.0, 1.0, 2.0, 1.0, 1.0, 0.0, 3.0, 1.0, 0.0, 0.0, 1.0, 2.0, 0.0, -1.0, 0.0, 2.0, -1.0, 3.0, 2.0, 3.0, -1.0, 0.0, 1.0, 3.0, 3.0, 1.0, 0.0, 3.0, -1.0, 1.0, 3.0, 0.0, 2.0, 1.0, 2.0, 3.0, 617.0, 99393.0
1.0, 1.0, 3.0, -1.0, -1.0, 0.0, 1.0, 0.0, 1.0, 2.0, 0.0, -1.0, 1.0, 3.0, 0.0, 1.0, 2.0, 1.0, 2.0, 1.0, -1.0, 0.0, 2.0, 2.0, -1.0, 0.0, 0.0, 2.0, 1.0, 0.0, -1.0, 1.0, -1.0, 0.0, -1.0, -1.0, 3.0, 0.0, 0.0, 2.0, -1.0, -1.0, -1.0, -1.0, 2.0, -1.0, 1.0, 0.0, 2.0, 0.0, 500.0, 99518.0
2.0, 3.0, 1.0, 2.0, 3.0, 2.0, 2.0, 1.0, 1.0, 2.0, 1.0, 1.0, 1.0, -1.0, 2.0, 2.0, 2.0, 0.0, 1.0, 3.0, 0.0, 0.0, 0.0, 2.0, 0.0, 0.0, 1.0, 3.0, 3.0, 3.0, 1.0, 0.0, 0.0, 0.0, -1.0, 0.0, 1.0, 0.0, 0.0, 1.0, 0.0, 0.0, 2.0, 3.0, 1.0, 2.0, 2.0, 3.0, 2.0, 1.0, 690.0, 99346.0
2.0, 3.0, 1.0, 2.0, 3.0, 2.0, 2.0, 1.0, 1.0, 2.0, 1.0, 1.0, 1.0, -1.0, 2.0, -1.0, 2.0, 0.0, 1.0, 3.0, 0.0, 3.0, 0.0, 2.0, 0.0, 0.0, 1.0, 3.0, 3.0, 3.0, 1.0, 2.0, 0.0, 0.0, -1.0, 0.0, 1.0, 0.0, 0.0, 1.0, 0.0, 0.0, 2.0, 3.0, 1.0, 2.0, 2.0, 3.0, 2.0, 1.0, 675.0, 99352.0
1.0, -1.0, 1.0, -1.0, 2.0, 1.0, 0.0, 0.0, 3.0, 1.0, 1.0, 3.0, 3.0, 1.0, 3.0, 1.0, 1.0, 3.0, 1.0, 3.0, 2.0, 2.0, 3.0, -1.0, 3.0, 2.0, 0.0, 1.0, 2.0, 0.0, 3.0, 0.0, -1.0, 1.0, 0.0, 0.0, 2.0, -1.0, 1.0, 0.0, 2.0, 1.0, 3.0, 2.0, 3.0, 0.0, 2.0, 2.0, 2.0, 1.0, 636.0, 99383.0
0.0, -1.0, 1.0, -1.0, -1.0, 3.0, 2.0, 1.0, 3.0, 2.0, 3.0, 2.0, 2.0, 1.0, 0.0, 1.0, 2.0, 1.0, 1.0, 0.0, -1.0, 2.0, 0.0, 0.0, 1.0, 2.0, 0.0, -1.0, 0.0, 2.0, -1.0, 3.0, 2.0, 2.0, -1.0, 3.0, 1.0, 3.0, 3.0, 1.0, 0.0, 3.0, -1.0, 1.0, 0.0, 0.0, 2.0, 1.0, 2.0, 3.0, 582.0, 99418.0
0.0, -1.0, 1.0, -1.0, -1.0, 3.0, 2.0, 1.0, 3.0, 2.0, 3.0, 2.0, 2.0, 1.0, 0.0, 1.0, 2.0, 1.0, 1.0, 0.0, 3.0, 1.0, 0.0, 0.0, 1.0, 2.0, 0.0, -1.0, 0.0, 2.0, -1.0, 3.0, 2.0, 2.0, -1.0, 3.0, 1.0, 3.0, 3.0, 1.0, 0.0, 3.0, -1.0, 1.0, 3.0, 0.0, 2.0, 1.0, 2.0, 3.0, 599.0, 99403.0
1.0, 1.0, 3.0, -1.0, -1.0, 0.0, 1.0, 0.0, 1.0, 2.0, 0.0, -1.0, 1.0, 3.0, 0.0, 1.0, 2.0, 1.0, 2.0, 1.0, -1.0, 0.0, 2.0, 2.0, -1.0, 0.0, 0.0, 2.0, 1.0, 0.0, -1.0, 1.0, -1.0, 0.0, -1.0, -1.0, 3.0, 0.0, 0.0, 2.0, -1.0, 3.0, -1.0, -1.0, 2.0, -1.0, 1.0, 0.0, 2.0, 0.0, 519.0, 99503.0
1.0, 1.0, 3.0, -1.0, -1.0, 0.0, 1.0, 0.0, 1.0, 2.0, 0.0, -1.0, 1.0, 3.0, 0.0, 1.0, 2.0, 1.0, 2.0, 1.0, -1.0, 0.0, 2.0, 2.0, -1.0, 0.0, 0.0, 2.0, 1.0, 0.0, -1.0, 1.0, -1.0, 0.0, -1.0, -1.0, 3.0, 0.0, 0.0, 2.0, -1.0, 3.0, -1.0, -1.0, 2.0, -1.0, 1.0, 0.0, 2.0, 0.0, 519.0, 99503.0
1.0, 1.0, 3.0, -1.0, -1.0, 0.0, 1.0, 0.0, 1.0, 2.0, 0.0, -1.0, 1.0, 3.0, 0.0, 1.0, 2.0, 1.0, 2.0, 1.0, -1.0, 0.0, 2.0, 2.0, -1.0, 0.0, 0.0, 2.0, 1.0, 0.0, -1.0, 1.0, -1.0, 0.0, -1.0, -1.0, 3.0, 0.0, 0.0, 2.0, -1.0, 3.0, -1.0, -1.0, 2.0, -1.0, 1.0, 0.0, 2.0, 0.0, 519.0, 99503.0
1.0, 1.0, 3.0, -1.0, -1.0, 0.0, 1.0, 0.0, 1.0, 2.0, 0.0, -1.0, 1.0, 3.0, 0.0, 1.0, 2.0, 1.0, 2.0, 1.0, -1.0, 0.0, 2.0, 2.0, -1.0, 0.0, 0.0, 2.0, 3.0, 0.0, -1.0, 1.0, -1.0, 0.0, -1.0, -1.0, 3.0, 0.0, 0.0, 2.0, -1.0, 3.0, -1.0, -1.0, 2.0, -1.0, 1.0, 0.0, 2.0, 0.0, 519.0, 99503.0
1.0, 1.0, 3.0, -1.0, -1.0, 0.0, 1.0, 0.0, 1.0, 2.0, 0.0, -1.0, 1.0, 3.0, 0.0, 1.0, 2.0, 1.0, 2.0, 1.0, -1.0, 0.0, 2.0, 2.0, -1.0, 0.0, 0.0, 2.0, 1.0, 0.0, -1.0, 1.0, -1.0, 0.0, -1.0, -1.0, 3.0, 0.0, 0.0, 2.0, -1.0, 3.0, -1.0, -1.0, 2.0, -1.0, 1.0, 0.0, 2.0, 0.0, 519.0, 99503.0
1.0, 1.0, 3.0, -1.0, -1.0, 0.0, 1.0, 0.0, 1.0, 2.0, 0.0, -1.0, 1.0, 3.0, 0.0, 1.0, 2.0, 1.0, 2.0, 1.0, -1.0, 0.0, 2.0, 2.0, -1.0, 0.0, 0.0, 2.0, 1.0, 0.0, -1.0, 1.0, -1.0, 0.0, -1.0, -1.0, 3.0, 0.0, 0.0, 2.0, -1.0, 3.0, -1.0, -1.0, 2.0, -1.0, 1.0, 0.0, 2.0, 0.0, 519.0, 99503.0
1.0, 1.0, 3.0, -1.0, -1.0, 0.0, 1.0, 0.0, 1.0, 2.0, 0.0, -1.0, 1.0, 3.0, 0.0, 1.0, 2.0, 1.0, 2.0, 1.0, -1.0, 0.0, 2.0, 2.0, -1.0, 0.0, 0.0, 2.0, 1.0, 0.0, -1.0, 1.0, -1.0, 0.0, -1.0, -1.0, 3.0, 0.0, 0.0, 2.0, -1.0, 3.0, -1.0, -1.0, 2.0, -1.0, 1.0, 0.0, 2.0, 0.0, 519.0, 99503.0
1.0, 1.0, 3.0, -1.0, -1.0, 0.0, 1.0, 0.0, 1.0, 2.0, 0.0, -1.0, 1.0, 3.0, 0.0, 1.0, 2.0, 1.0, 2.0, 1.0, -1.0, 0.0, 2.0, 2.0, -1.0, 0.0, 0.0, 2.0, 1.0, 0.0, -1.0, 1.0, -1.0, 0.0, -1.0, -1.0, 3.0, 0.0, 0.0, 2.0, -1.0, 3.0, -1.0, -1.0, 2.0, -1.0, 1.0, 0.0, 2.0, 0.0, 519.0, 99503.0
1.0, 1.0, 3.0, -1.0, -1.0, 0.0, 1.0, 0.0, 1.0, 2.0, 0.0, -1.0, 1.0, 3.0, 0.0, 1.0, 2.0, 1.0, 2.0, 1.0, -1.0, 0.0, 2.0, 2.0, -1.0, 0.0, 0.0, 2.0, 1.0, 0.0, -1.0, 1.0, -1.0, 0.0, -1.0, -1.0, 3.0, 0.0, 0.0, 2.0, -1.0, 3.0, -1.0, -1.0, 2.0, -1.0, 1.0, 0.0, 2.0, 0.0, 519.0, 99503.0
1.0, 1.0, 3.0, -1.0, -1.0, 0.0, 1.0, 0.0, 1.0, 2.0, 0.0, -1.0, 1.0, 3.0, 0.0, 1.0, 2.0, 1.0, 2.0, 1.0, -1.0, 0.0, 2.0, 2.0, -1.0, 0.0, 0.0, 2.0, 1.0, 0.0, -1.0, 1.0, -1.0, 0.0, -1.0, -1.0, 3.0, 0.0, 0.0, 2.0, -1.0, 3.0, -1.0, -1.0, 2.0, -1.0, 1.0, 0.0, 2.0, 0.0, 519.0, 99503.0
1.0, 1.0, 3.0, -1.0, -1.0, 0.0, 1.0, 0.0, 1.0, 2.0, 0.0, -1.0, 1.0, 3.0, 0.0, 1.0, 2.0, 1.0, 2.0, 1.0, -1.0, 0.0, 2.0, 2.0, -1.0, 0.0, 0.0, 2.0, 1.0, 0.0, -1.0, 1.0, -1.0, 0.0, -1.0, -1.0, 3.0, 0.0, 0.0, 2.0, -1.0, 3.0, -1.0, -1.0, 2.0, -1.0, 1.0, 0.0, 2.0, 0.0, 519.0, 99503.0
1.0, 1.0, 3.0, -1.0, -1.0, 0.0, 1.0, 0.0, 1.0, 2.0, 0.0, -1.0, 1.0, 3.0, 0.0, 1.0, 2.0, 1.0, 2.0, 1.0, -1.0, 0.0, 2.0, 2.0, -1.0, 0.0, 0.0, 2.0, 1.0, 0.0, -1.0, 1.0, -1.0, 0.0, -1.0, -1.0, 3.0, 0.0, 0.0, 2.0, -1.0, 3.0, -1.0, -1.0, 2.0, -1.0, 1.0, 0.0, 2.0, 0.0, 519.0, 99503.0
1.0, 1.0, 3.0, -1.0, -1.0, 0.0, 1.0, 0.0, 1.0, 2.0, 0.0, -1.0, 1.0, 3.0, 0.0, 1.0, 2.0, 1.0, 2.0, 1.0, -1.0, 0.0, 2.0, 2.0, -1.0, 0.0, 0.0, 2.0, 1.0, 0.0, -1.0, 1.0, -1.0, 0.0, -1.0, -1.0, 3.0, 0.0, 0.0, 2.0, -1.0, 3.0, -1.0, -1.0, 2.0, -1.0, 1.0, 0.0, 2.0, 0.0, 519.0, 99503.0
1.0, 1.0, 3.0, -1.0, -1.0, 0.0, 1.0, 0.0, 1.0, 2.0, 0.0, -1.0, 1.0, 3.0, 0.0, 1.0, 2.0, 1.0, 2.0, 1.0, -1.0, 0.0, 2.0, 2.0, -1.0, 0.0, 0.0, 2.0, 1.0, 0.0, -1.0, 1.0, -1.0, 0.0, -1.0, -1.0, 3.0, 0.0, 0.0, 2.0, -1.0, 3.0, -1.0, -1.0, 2.0, -1.0, 1.0, 0.0, 2.0, 0.0, 519.0, 99503.0
1.0, 1.0, 3.0, -1.0, -1.0, 0.0, 1.0, 0.0, 1.0, 2.0, 0.0, -1.0, 1.0, 3.0, 0.0, 1.0, 2.0, 1.0, 2.0, 1.0, -1.0, 0.0, 2.0, 2.0, -1.0, 0.0, 0.0, 2.0, 1.0, 0.0, -1.0, 1.0, -1.0, 0.0, -1.0, -1.0, 3.0, 0.0, 0.0, 2.0, -1.0, 3.0, -1.0, -1.0, 2.0, -1.0, 1.0, 0.0, 2.0, 0.0, 519.0, 99503.0
1.0, 1.0, 3.0, -1.0, -1.0, 0.0, 1.0, 0.0, 1.0, 2.0, 0.0, -1.0, 1.0, 3.0, 0.0, 1.0, 2.0, 1.0, 2.0, 1.0, -1.0, 0.0, 2.0, 2.0, -1.0, 0.0, 0.0, 2.0, 1.0, 0.0, -1.0, 1.0, -1.0, 0.0, -1.0, -1.0, 3.0, 0.0, 0.0, 2.0, -1.0, 3.0, -1.0, -1.0, 2.0, -1.0, 1.0, 0.0, 2.0, 0.0, 519.0, 99503.0
1.0, 1.0, 3.0, -1.0, -1.0, 0.0, 1.0, 0.0, 1.0, 2.0, 0.0, -1.0, 1.0, 3.0, 0.0, 1.0, 2.0, 1.0, 2.0, 1.0, -1.0, 0.0, 2.0, 2.0, -1.0, 0.0, 0.0, 2.0, 1.0, 0.0, -1.0, 1.0, -1.0, 0.0, -1.0, -1.0, 3.0, 0.0, 0.0, 2.0, -1.0, 3.0, -1.0, -1.0, 2.0, -1.0, 1.0, 0.0, 2.0, 0.0, 519.0, 99503.0
1.0, 1.0, 3.0, -1.0, -1.0, 0.0, 1.0, 0.0, 1.0, 2.0, 0.0, -1.0, 1.0, 3.0, 0.0, 1.0, 2.0, 1.0, 2.0, 1.0, -1.0, 0.0, 2.0, 2.0, -1.0, 0.0, 0.0, 2.0, 1.0, 0.0, -1.0, 1.0, -1.0, 0.0, -1.0, -1.0, 3.0, 0.0, 0.0, 2.0, -1.0, 3.0, -1.0, -1.0, 2.0, -1.0, 1.0, 0.0, 2.0, 0.0, 519.0, 99503.0
1.0, 1.0, 3.0, -1.0, -1.0, 0.0, 1.0, 0.0, 1.0, 2.0, 0.0, -1.0, 1.0, 3.0, 0.0, 1.0, 2.0, 1.0, 2.0, 1.0, -1.0, 0.0, 2.0, 2.0, -1.0, 0.0, 0.0, 2.0, 1.0, 0.0, -1.0, 1.0, -1.0, 0.0, -1.0, -1.0, 3.0, 0.0, 0.0, 2.0, -1.0, 3.0, -1.0, -1.0, 2.0, -1.0, 1.0, 0.0, 2.0, 0.0, 519.0, 99503.0
1.0, 1.0, 3.0, -1.0, -1.0, 0.0, 1.0, 0.0, 1.0, 2.0, 0.0, -1.0, 1.0, 3.0, 0.0, 1.0, 2.0, 1.0, 2.0, 1.0, -1.0, 0.0, 2.0, 2.0, -1.0, 0.0, 0.0, 2.0, 1.0, 0.0, -1.0, 1.0, -1.0, 0.0, -1.0, -1.0, 3.0, 0.0, 0.0, 2.0, -1.0, 3.0, -1.0, -1.0, 2.0, -1.0, 1.0, 0.0, 2.0, 0.0, 519.0, 99503.0
1.0, 1.0, 3.0, -1.0, -1.0, 0.0, 1.0, 0.0, 1.0, 2.0, 0.0, -1.0, 1.0, 3.0, 0.0, 1.0, 2.0, 1.0, 2.0, 1.0, -1.0, 0.0, 2.0, 2.0, -1.0, 0.0, 0.0, 2.0, 1.0, 0.0, -1.0, 1.0, -1.0, 0.0, -1.0, -1.0, 3.0, 0.0, 0.0, 2.0, -1.0, 3.0, -1.0, -1.0, 2.0, -1.0, 1.0, 0.0, 2.0, 0.0, 519.0, 99503.0
1.0, 1.0, 3.0, -1.0, -1.0, 0.0, 1.0, 0.0, 1.0, 2.0, 0.0, -1.0, 1.0, 3.0, 0.0, 1.0, 2.0, 1.0, 2.0, 1.0, -1.0, 0.0, 2.0, 2.0, -1.0, 0.0, 0.0, 2.0, 1.0, 0.0, -1.0, 1.0, -1.0, 0.0, -1.0, -1.0, 3.0, 0.0, 0.0, 2.0, -1.0, 3.0, -1.0, -1.0, 2.0, -1.0, 1.0, 0.0, 2.0, 0.0, 519.0, 99503.0
1.0, 1.0, 3.0, -1.0, -1.0, 0.0, 1.0, 0.0, 1.0, 2.0, 0.0, -1.0, 1.0, 3.0, 0.0, 1.0, 2.0, 1.0, 2.0, 1.0, -1.0, 0.0, 2.0, 2.0, -1.0, 0.0, 0.0, 2.0, 1.0, 0.0, -1.0, 1.0, -1.0, 0.0, -1.0, -1.0, 3.0, 0.0, 0.0, 2.0, -1.0, 3.0, -1.0, -1.0, 2.0, -1.0, 1.0, 0.0, 2.0, 0.0, 519.0, 99503.0
1.0, 1.0, 3.0, -1.0, -1.0, 0.0, 1.0, 0.0, 1.0, 2.0, 0.0, -1.0, 1.0, 3.0, 0.0, 1.0, 2.0, 1.0, 2.0, 1.0, -1.0, 0.0, 2.0, 2.0, -1.0, 0.0, 0.0, 2.0, 1.0, 0.0, -1.0, 1.0, -1.0, 0.0, -1.0, -1.0, 3.0, 0.0, 0.0, 2.0, -1.0, 3.0, -1.0, -1.0, 2.0, -1.0, 1.0, 0.0, 2.0, 0.0, 519.0, 99503.0
1.0, 1.0, 3.0, -1.0, -1.0, 0.0, 1.0, 0.0, 1.0, 2.0, 0.0, -1.0, 1.0, 3.0, 0.0, 1.0, 2.0, 1.0, 2.0, 1.0, -1.0, 0.0, 2.0, 2.0, -1.0, 0.0, 0.0, 2.0, 1.0, 0.0, -1.0, 1.0, -1.0, 0.0, -1.0, -1.0, 3.0, 0.0, 0.0, 2.0, -1.0, 3.0, -1.0, -1.0, 2.0, -1.0, 1.0, 0.0, 2.0, 0.0, 519.0, 99503.0
1.0, 1.0, 3.0, -1.0, -1.0, 0.0, 1.0, 0.0, 1.0, 2.0, 0.0, -1.0, 1.0, 3.0, 0.0, 1.0, 2.0, 1.0, 2.0, 1.0, -1.0, 0.0, 2.0, 2.0, -1.0, 0.0, 0.0, 2.0, 1.0, 0.0, -1.0, 1.0, -1.0, 0.0, -1.0, -1.0, 3.0, 0.0, 0.0, 2.0, -1.0, 3.0, -1.0, -1.0, 2.0, -1.0, 1.0, 0.0, 2.0, 0.0, 519.0, 99503.0
1.0, 1.0, 3.0, -1.0, -1.0, 0.0, 1.0, 0.0, 1.0, 2.0, 0.0, -1.0, 1.0, 3.0, 0.0, 1.0, 2.0, 1.0, 2.0, 1.0, -1.0, 0.0, 2.0, 2.0, -1.0, 0.0, 0.0, 2.0, 1.0, 0.0, -1.0, 1.0, -1.0, 0.0, -1.0, -1.0, 3.0, 0.0, 0.0, 2.0, -1.0, 3.0, -1.0, -1.0, 2.0, -1.0, 1.0, 0.0, 2.0, 0.0, 519.0, 99503.0
1.0, 1.0, 3.0, -1.0, -1.0, 0.0, 1.0, 0.0, 1.0, 2.0, 0.0, -1.0, 1.0, 3.0, 0.0, 1.0, 2.0, 1.0, 2.0, 1.0, -1.0, 0.0, 2.0, 2.0, -1.0, 0.0, 0.0, 2.0, 1.0, 0.0, -1.0, 1.0, -1.0, 0.0, -1.0, -1.0, 3.0, 0.0, 0.0, 2.0, -1.0, 3.0, -1.0, -1.0, 2.0, -1.0, 1.0, 0.0, 2.0, 0.0, 519.0, 99503.0
1.0, 1.0, 3.0, -1.0, -1.0, 0.0, 1.0, 0.0, 1.0, 2.0, 0.0, -1.0, 1.0, 3.0, 0.0, 1.0, 2.0, 1.0, 2.0, 1.0, -1.0, 0.0, 2.0, 2.0, -1.0, 0.0, 0.0, 2.0, 1.0, 0.0, -1.0, 1.0, -1.0, 0.0, -1.0, -1.0, 3.0, 0.0, 0.0, 2.0, -1.0, 3.0, -1.0, -1.0, 2.0, -1.0, 1.0, 0.0, 2.0, 0.0, 519.0, 99503.0
1.0, 1.0, 3.0, -1.0, -1.0, 0.0, 1.0, 0.0, 1.0, 2.0, 0.0, -1.0, 1.0, 3.0, 0.0, 1.0, 2.0, 1.0, 2.0, 1.0, -1.0, 0.0, 2.0, 2.0, -1.0, 0.0, 0.0, 2.0, 3.0, 0.0, -1.0, 1.0, -1.0, 0.0, -1.0, -1.0, 3.0, 0.0, 0.0, 2.0, -1.0, 3.0, -1.0, -1.0, 2.0, -1.0, 1.0, 0.0, 2.0, 0.0, 519.0, 99503.0
