0.126363652188, 0.865782758737, 2.51185174685, 0.642795929377, 33.0336590857, 10.7704712728, 0.324766328232, 1.20957746701, 4.25447024989, 122.961269242, 0.087682642166
0.326997197987, 0.865782758737, 2.02482582852, 0.6807089701, 60.3692931248, 1.17321834835, 1.15443627133, 0.560416167761, 1.31367115071, 140.747971063, 0.017039208956
0.277001712214, 1.05395820411, 4.47062443798, 0.456327530743, 84.4217353963, 1.11032518654, 2.6517860993, 4.97217241108, 28.0722196072, 585.172443483, 0.0168829839259
0.26912104163, 1.13269327093, 2.55244675583, 0.670869663737, 62.9432965926, 12.6089353969, 0.621828433059, 4.85665278738, 5.07360187323, 120.143341367, 0.23963790489
0.834683129482, 1.04353100291, 2.09106281058, 0.580616202944, 27.147070535, 18.7829649994, 0.304545604075, 1.06823173664, 11.5646344304, 101.573426669, 0.523264582751
0.126363652188, 0.99303584183, 2.51185174685, 0.580616202944, 17.8419975514, 10.7704712728, 0.324766328232, 1.20957746701, 35.092113289, 127.631912069, 0.110932587362
0.892954768937, 0.865782758737, 2.02482582852, 0.6807089701, 35.5951676413, 4.10336975198, 1.15443627133, 4.8416243514, 1.31367115071, 124.332098159, 0.221853975098
0.454039400482, 0.94880231034, 2.59586785224, 0.417929396582, 60.3692931248, 1.17321834835, 1.30474155274, 2.27396294049, 43.4222435353, 234.608434275, 0.062880602745
0.126363652188, 0.99303584183, 2.07168231484, 0.55898935035, 17.8419975514, 10.7704712728, 0.324766328232, 1.20957746701, 35.092113289, 144.886629495, 0.0968920105478
0.126363652188, 0.99303584183, 2.51185174685, 0.580616202944, 33.0336590857, 10.7704712728, 0.371223359436, 1.24378437774, 41.8778905141, 195.295843876, 0.079449120739
0.326997197987, 0.94880231034, 2.59586785224, 0.417929396582, 60.3692931248, 1.17321834835, 1.30474155274, 2.27396294049, 43.4222435353, 245.914864843, 0.0225548550031
0.454039400482, 0.94880231034, 6.67989234206, 0.417929396582, 60.3692931248, 1.17321834835, 2.33505776437, 2.27396294049, 43.4222435353, 1196.05490188, 0.0216843368526
0.251147015353, 0.909545693952, 2.35758279034, 0.581882357379, 60.345711053, 48.97290423, 0.362295251931, 0.430927717806, 32.9353123259, 124.148691215, 0.5078972908
0.834683129482, 1.04353100291, 2.12331847804, 0.55898935035, 27.147070535, 18.7829649994, 0.304545604075, 3.82556671454, 11.5646344304, 103.873790263, 0.60390134936
0.384454764714, 0.902791795652, 3.55047040576, 0.429753111326, 69.7709452388, 4.10336975198, 0.153178653128, 0.897087091385, 5.1428108355, 141.128508729, 0.18609597048
0.540196084009, 0.865782758737, 2.02482582852, 0.6807089701, 35.5951676413, 16.7986133491, 1.15443627133, 4.8416243514, 1.31367115071, 137.488604033, 0.28816037501
0.540196084009, 0.865782758737, 2.02482582852, 0.6807089701, 60.3692931248, 16.7986133491, 1.15443627133, 0.560416167761, 1.31367115071, 133.398973687, 0.325013616434
0.892954768937, 0.865782758737, 2.02482582852, 0.6807089701, 35.5951676413, 13.7212326313, 1.15443627133, 4.8416243514, 1.31367115071, 135.540069395, 0.308221698844
0.35725764809, 1.12936576686, 2.09915004321, 0.616204499371, 48.6595859298, 47.3235946086, 0.153178653128, 1.17085611078, 7.72461416225, 131.272374496, 0.456959497428
0.892954768937, 0.852976026738, 2.02482582852, 0.579420224816, 35.5951676413, 13.7212326313, 1.15443627133, 4.8416243514, 1.31367115071, 139.987622171, 0.241912050058
0.126363652188, 0.99303584183, 2.51185174685, 0.580616202944, 33.0336590857, 10.7704712728, 0.324766328232, 1.20957746701, 41.8778905141, 151.5654768, 0.14200035332
0.126363652188, 0.99303584183, 2.51185174685, 0.580616202944, 14.5013763518, 10.7704712728, 0.371223359436, 1.24378437774, 41.8778905141, 210.369568891, 0.126511538835
0.126363652188, 1.18655389788, 2.51185174685, 0.580616202944, 33.0336590857, 10.7704712728, 0.371223359436, 1.24378437774, 41.8778905141, 230.132639952, 0.0903324233608
0.326997197987, 0.94880231034, 2.59586785224, 0.417929396582, 61.019170892, 1.17321834835, 1.30474155274, 2.27396294049, 43.4222435353, 261.591665687, 0.0513113745203
0.454039400482, 0.94880231034, 2.59586785224, 0.417929396582, 87.3262474674, 1.17321834835, 1.30474155274, 4.8416243514, 43.4222435353, 342.339726313, 0.0500996595191
0.454039400482, 0.94880231034, 2.59586785224, 0.417929396582, 87.3262474674, 1.17321834835, 1.30474155274, 4.8416243514, 43.4222435353, 258.876573976, 0.0775470200567
0.326997197987, 0.94880231034, 2.59586785224, 0.417929396582, 60.3692931248, 1.17321834835, 1.30474155274, 2.27396294049, 43.4222435353, 353.57549169, 0.0274245662259
0.318999324643, 0.919904082355, 3.87000546058, 0.638450825484, 31.8075537963, 1.97161727543, 1.53001999093, 0.0208725520817, 17.1787492618, 364.922194745, 0.0245798312817
0.35725764809, 1.12936576686, 2.09915004321, 0.455604516073, 48.6595859298, 47.3235946086, 0.153178653128, 1.17085611078, 7.72461416225, 108.391812915, 0.658960417942
0.733901393436, 1.10775938605, 3.07522168679, 0.579420224816, 73.7409339418, 27.8680082881, 0.621828433059, 3.55213540943, 5.10137565413, 134.805159509, 0.415818651249
0.385171945929, 0.902791795652, 3.55047040576, 0.429753111326, 69.7709452388, 13.7212326313, 0.153178653128, 0.897087091385, 5.1428108355, 139.220477608, 0.364769735051
0.892954768937, 0.852976026738, 2.02482582852, 0.616204499371, 35.5951676413, 13.7212326313, 1.15443627133, 4.8416243514, 1.31367115071, 154.727891857, 0.151112839662
0.18759123191, 0.87303001411, 3.37866198595, 0.491942747426, 50.7569568784, 18.4509551556, 0.533731453408, 2.19421957993, 22.4062099798, 154.714825796, 0.321263581491
0.18759123191, 0.87303001411, 3.37866198595, 0.689839357494, 14.5013763518, 18.4509551556, 0.533731453408, 2.19421957993, 22.4062099798, 226.322701248, 0.130869164342
0.126363652188, 0.99303584183, 2.51185174685, 0.580616202944, 33.0336590857, 10.7704712728, 0.371223359436, 1.24378437774, 41.8778905141, 233.870500062, 0.0951453167403
0.154743955879, 0.928614966994, 2.02902599279, 0.695379681978, 11.6526082019, 2.8706694261, 2.6517860993, 4.97217241108, 27.1489907805, 301.639670302, 0.056130271778
0.248148247643, 1.13945959129, 4.47062443798, 0.579420224816, 84.4217353963, 1.11032518654, 3.4622734884, 2.94658664762, 28.0722196072, 1063.93342245, 0.0273740306956
0.148719007982, 0.900720547177, 2.99784861935, 0.491942747426, 35.5310402239, 3.70512305122, 3.05869019864, 4.04916918795, 38.8957620179, 443.885412511, 0.0276905354234
0.733901393436, 1.10775938605, 2.55244675583, 0.441342083738, 67.6086067815, 27.8680082881, 0.621828433059, 3.55213540943, 5.10137565413, 142.349456976, 0.448767977282
0.384454764714, 0.87303001411, 3.37866198595, 0.491942747426, 50.7569568784, 18.4509551556, 0.533731453408, 2.19421957993, 5.1428108355, 158.030045865, 0.309586382102
0.18759123191, 0.87303001411, 3.37866198595, 0.670869663737, 50.7569568784, 18.4509551556, 0.533731453408, 2.19421957993, 22.4062099798, 182.939827799, 0.18816027749
0.291725371971, 1.13386867326, 3.8701129312, 0.55903494091, 69.8187836472, 42.5170930787, 0.798259993491, 0.0149234018385, 10.4034171122, 171.839075573, 0.205860799096
0.148719007982, 0.900720547177, 2.99784861935, 0.491942747426, 35.5310402239, 3.70512305122, 2.69561542115, 4.04916918795, 3.11349828378, 305.253567413, 0.0811419437558
0.762822645389, 0.944641846196, 4.78387619698, 0.405814359656, 94.8508230383, 1.88692933577, 0.304545604075, 3.71892351184, 42.9982133667, 371.19474584, 0.0725404066531
0.148719007982, 0.900720547177, 2.99784861935, 0.689839357494, 35.5310402239, 2.23314198338, 3.05869019864, 1.18329706247, 28.0722196072, 444.802462284, 0.0281283946352
0.373891932286, 0.87303001411, 3.37866198595, 0.491942747426, 50.7569568784, 18.4509551556, 0.533731453408, 2.19421957993, 22.4062099798, 161.718807774, 0.44236605533
0.251147015353, 0.909545693952, 2.35758279034, 0.581882357379, 60.345711053, 48.97290423, 0.362295251931, 0.430927717806, 32.9353123259, 168.500232266, 0.358558623348
0.404740338741, 0.921137414176, 5.11770423433, 0.443498311439, 98.6125245298, 18.9357992504, 0.498956701937, 1.04021136774, 10.2038402934, 263.212844043, 0.199998569979
0.373891932286, 0.87303001411, 3.37866198595, 0.491942747426, 50.7569568784, 18.4509551556, 0.533731453408, 2.19421957993, 22.4062099798, 192.290085664, 0.270555826284
0.210602144747, 1.00537868882, 3.8701129312, 0.55903494091, 69.8187836472, 16.7986133491, 0.798259993491, 0.0149234018385, 10.4034171122, 245.689104323, 0.21307644971
0.251147015353, 0.909545693952, 2.35758279034, 0.581882357379, 60.345711053, 48.97290423, 0.362295251931, 0.430927717806, 32.9353123259, 174.489471495, 0.277641657011
0.419548690283, 1.16720795526, 3.01209590839, 0.670869663737, 62.9432965926, 12.6089353969, 1.40407720655, 4.91427145881, 5.07360187323, 307.189354608, 0.161533375791
0.358733362294, 0.928614966994, 2.3611501369, 0.695379681978, 21.0479257613, 2.8706694261, 3.4622734884, 2.94658664762, 27.1489907805, 381.100672177, 0.107817837727
0.643735384539, 0.85706807172, 5.64564668532, 0.404692756567, 94.8508230383, 1.27832134531, 1.10240077447, 3.71892351184, 40.7425956062, 441.272586918, 0.0743877083267
0.277001712214, 1.05395820411, 4.47062443798, 0.626571370361, 84.4217353963, 1.11032518654, 2.6517860993, 2.94658664762, 28.0722196072, 596.6282689, 0.0292574043128
0.358733362294, 0.928614966994, 3.83019292002, 0.695379681978, 65.792075007, 2.8706694261, 3.4622734884, 4.97217241108, 27.1489907805, 596.599460829, 0.0471332553163
0.358733362294, 0.836792316606, 7.35856741325, 0.679668180523, 65.792075007, 2.8706694261, 1.82367938406, 4.07202644922, 26.9595929332, 546.055369353, 0.0475225389402
0.437117881544, 1.15967268539, 2.38634288835, 0.517049875946, 88.9567092764, 42.5170930787, 0.298177485031, 2.81698878765, 11.903488907, 171.253994188, 0.467709250073
0.29136599477, 1.15393807169, 2.38634288835, 0.455443075052, 40.8263598506, 13.7212326313, 2.47345227939, 0.194957409597, 1.19100796039, 300.328409714, 0.220408073717
0.419548690283, 1.13269327093, 3.01209590839, 0.670869663737, 62.9432965926, 12.6089353969, 1.3248041166, 4.85665278738, 5.07360187323, 269.002812239, 0.230326555582
0.437117881544, 1.15967268539, 3.38566796639, 0.635532200362, 84.7727453742, 29.1965326747, 0.73979922176, 3.11995340793, 11.903488907, 189.372308216, 0.292009836535
0.540196084009, 0.99303584183, 2.02482582852, 0.6807089701, 6.74704772932, 16.7986133491, 1.15443627133, 4.8416243514, 1.31367115071, 175.410268995, 0.331875825436
0.11344093184, 0.986085196109, 2.69230154894, 0.604006045781, 25.7312972495, 31.0960503502, 2.70616697908, 2.61235007514, 19.1372266688, 309.053871753, 0.198663360887
0.154743955879, 0.836792316606, 7.35856741325, 0.679668180523, 41.0749120752, 10.4547387768, 1.82367938406, 4.05852440149, 3.11349828378, 413.886772823, 0.130559237905
0.733901393436, 0.897011786169, 4.47062443798, 0.579420224816, 84.4217353963, 1.11032518654, 2.6517860993, 2.94658664762, 28.0722196072, 461.741910681, 0.0868913723814
0.248148247643, 1.05395820411, 4.47062443798, 0.626571370361, 84.4217353963, 1.11032518654, 3.4622734884, 2.94658664762, 28.0722196072, 833.880089877, 0.0391926033946
0.148719007982, 0.900720547177, 2.99784861935, 0.689839357494, 35.5310402239, 3.70512305122, 3.05869019864, 1.18329706247, 38.8957620179, 549.910605643, 0.0550950994739
0.540196084009, 0.94880231034, 2.59586785224, 0.417929396582, 60.3692931248, 16.7986133491, 1.30474155274, 2.27396294049, 43.4222435353, 266.020121198, 0.298882281891
0.18759123191, 0.87303001411, 3.37866198595, 0.491942747426, 50.7569568784, 18.4509551556, 0.533731453408, 2.19421957993, 22.4062099798, 212.941959558, 0.308539938856
0.11344093184, 0.986085196109, 2.69230154894, 0.604006045781, 25.7312972495, 31.0960503502, 2.70616697908, 0.430927717806, 19.1372266688, 303.201801772, 0.296068841984
0.251147015353, 0.909545693952, 2.35758279034, 0.581882357379, 60.345711053, 48.97290423, 0.362295251931, 2.61235007514, 32.9353123259, 188.746384205, 0.536357404084
0.437117881544, 1.15967268539, 2.38634288835, 0.517049875946, 88.9567092764, 42.5170930787, 0.73979922176, 2.81698878765, 11.903488907, 190.706780546, 0.487963625168
0.776925686376, 0.845856621337, 4.32603896565, 0.673971651419, 31.8075537963, 4.15887085371, 2.53877183307, 4.5586363277, 17.1787492618, 369.779261343, 0.213393307847
0.144190195999, 1.08741528645, 5.1127500422, 0.565142897184, 35.5843070578, 34.7179881802, 0.304545604075, 4.86396314734, 28.2450879906, 309.851844108, 0.221128275833
0.18759123191, 0.87303001411, 3.37866198595, 0.689839357494, 33.0336590857, 18.4509551556, 2.83080792674, 2.19421957993, 22.4062099798, 426.031892245, 0.131925324564
0.358733362294, 0.928614966994, 3.83019292002, 0.695379681978, 11.6526082019, 2.8706694261, 2.6517860993, 4.97217241108, 27.1489907805, 540.800484325, 0.0885004287721
0.154743955879, 0.928614966994, 3.83019292002, 0.695379681978, 41.0749120752, 10.4547387768, 3.4622734884, 4.97217241108, 3.11349828378, 478.203976912, 0.0919503381658
0.733901393436, 0.897011786169, 4.47062443798, 0.579420224816, 84.4217353963, 1.11032518654, 2.6517860993, 2.94658664762, 38.8957620179, 620.426729638, 0.0600283426338
0.733901393436, 1.10775938605, 3.01209590839, 0.441342083738, 67.6086067815, 27.8680082881, 1.3248041166, 3.55213540943, 2.6275393048, 271.815156504, 0.302800703851
0.437117881544, 1.15967268539, 3.38566796639, 0.517049875946, 88.9567092764, 42.5170930787, 0.73979922176, 2.81698878765, 11.903488907, 219.664060304, 0.435786326175
0.540196084009, 1.15081035623, 2.38634288835, 0.455443075052, 43.9580940956, 16.7986133491, 2.47345227939, 0.0339678563229, 9.84362176441, 224.056384454, 0.36007559943
0.210602144747, 1.13386867326, 3.8701129312, 0.55903494091, 69.8187836472, 29.1965326747, 0.798259993491, 0.0149234018385, 10.4034171122, 241.135486002, 0.325799037141
0.256289061824, 0.923110808509, 4.60005279675, 0.429667185567, 31.8075537963, 33.5436707784, 0.681420198923, 2.57951991316, 30.406780814, 216.685203022, 0.442052635943
0.437117881544, 1.15967268539, 3.38566796639, 0.517049875946, 88.9567092764, 42.5170930787, 0.73979922176, 3.11995340793, 11.903488907, 216.24916669, 0.501342083274
0.841334083496, 0.862102621336, 4.44547837608, 0.540276025295, 25.7312972495, 39.586807544, 0.298177485031, 4.47750823422, 25.9388874751, 210.246665705, 0.542568831161
0.18759123191, 0.8411172929, 4.47062565185, 0.429753111326, 69.7709452388, 23.5560083901, 1.91896725853, 0.0706418839931, 22.4062099798, 375.504718816, 0.239125257203
0.336503194284, 0.947435272834, 4.94507732208, 0.511697948796, 8.91430000844, 11.4968389662, 1.23545034727, 1.71015453756, 10.546589301, 372.252057952, 0.261772071666
0.419548690283, 1.16720795526, 3.01209590839, 0.491942747426, 62.9432965926, 12.6089353969, 1.40407720655, 4.99258383086, 5.07360187323, 317.652991999, 0.263597502055
0.29136599477, 0.862102621336, 4.44547837608, 0.540276025295, 25.7312972495, 39.586807544, 0.298177485031, 0.194957409597, 33.5184700794, 315.98998972, 0.300341183842
0.144190195999, 1.08741528645, 5.1127500422, 0.565142897184, 35.5843070578, 34.7179881802, 0.304545604075, 4.86396314734, 28.2450879906, 389.784638675, 0.223021554524
0.148719007982, 0.868882113839, 2.99784861935, 0.648087344973, 95.0298390866, 26.8662432885, 3.41478171845, 3.73324027771, 29.6749724447, 451.044797714, 0.161935190625
0.318999324643, 0.919904082355, 3.87000546058, 0.638450825484, 16.4758091985, 16.446562171, 1.53001999093, 0.0208725520817, 21.3342031769, 428.92535964, 0.1909945182
0.358733362294, 0.836792316606, 7.35856741325, 0.679668180523, 65.792075007, 2.8706694261, 1.82367938406, 4.07202644922, 27.1489907805, 520.043841022, 0.0933003535839
0.733901393436, 1.13945959129, 4.47062443798, 0.579420224816, 84.4217353963, 1.11032518654, 2.6517860993, 2.94658664762, 28.0722196072, 679.446791563, 0.0809159832494
0.229599558913, 1.14139670918, 8.83645968882, 0.437524134005, 1.29312724181, 7.33289266154, 0.7973788489, 2.43098876695, 37.0798712679, 656.536871361, 0.0903934060195
0.424622334944, 1.13430494255, 8.17487479708, 0.601118342771, 16.2467558452, 2.37540811964, 0.397734325213, 1.19653924683, 36.1666925929, 890.404060957, 0.07493481694
0.229599558913, 1.14139670918, 8.83645968882, 0.437524134005, 62.1374827907, 6.84650027986, 0.7973788489, 3.49077083542, 40.1262907756, 991.69386472, 0.0606826096627
0.426557241573, 1.09013159231, 2.24870393174, 0.40631284245, 56.2378422373, 21.6748826157, 1.41877614634, 4.68280087845, 27.7189752599, 223.544278171, 0.437757089538
0.643735384539, 0.944641846196, 5.64564668532, 0.404692756567, 94.8508230383, 1.88692933577, 3.54850463456, 3.71892351184, 42.9982133667, 1068.81174312, 0.0683309507264
0.358733362294, 0.928614966994, 3.83019292002, 0.695379681978, 11.6526082019, 2.8706694261, 3.4622734884, 4.97217241108, 27.1489907805, 537.154224246, 0.110666004472
