1.0, 0.0, -1.0, 0.0, -1.0, 2.0, -1.0, 1.0, 3.0, 1.0, 2.0, 0.0, 2.0, 1.0, 3.0, 0.0, -1.0, 1.0, 0.0, 2.0, 2.0, 0.0, -1.0, -1.0, 1.0, -1.0, 2.0, -1.0, 0.0, -1.0, 2.0, 3.0, 2.0, -1.0, 1.0, -1.0, 3.0, -1.0, 0.0, 1.0, 1.0, -1.0, 0.0, 1.0, -1.0, 3.0, 0.0, 3.0, 0.0, -1.0, 96698.0, 512.0
1.0, 0.0, -1.0, 0.0, -1.0, 2.0, -1.0, 1.0, 3.0, 1.0, 2.0, 0.0, 2.0, 1.0, 3.0, 0.0, -1.0, 1.0, 0.0, 2.0, 2.0, 0.0, -1.0, -1.0, 1.0, -1.0, 2.0, -1.0, 0.0, -1.0, 2.0, 3.0, 2.0, -1.0, 1.0, -1.0, 3.0, -1.0, 0.0, 1.0, 1.0, -1.0, 0.0, 1.0, -1.0, 3.0, 0.0, 3.0, 0.0, -1.0, 96698.0, 512.0
1.0, 2.0, 2.0, 1.0, 0.0, 2.0, 0.0, -1.0, -1.0, 0.0, -1.0, 2.0, 2.0, -1.0, 0.0, 3.0, -1.0, 0.0, 1.0, 1.0, -1.0, 0.0, -1.0, 2.0, -1.0, -1.0, 0.0, 1.0, -1.0, 3.0, 3.0, 0.0, 1.0, 2.0, -1.0, -1.0, -1.0, 2.0, 1.0, 3.0, 3.0, -1.0, 1.0, 2.0, 1.0, -1.0, 3.0, 0.0, 3.0, 0.0, 96661.0, 524.0
1.0, 2.0, 2.0, 1.0, 0.0, 2.0, 0.0, -1.0, -1.0, 0.0, -1.0, -1.0, 2.0, -1.0, 0.0, 3.0, -1.0, 0.0, 1.0, 1.0, -1.0, 0.0, -1.0, 2.0, -1.0, -1.0, -1.0, 1.0, -1.0, 3.0, 3.0, 0.0, 1.0, 2.0, -1.0, -1.0, -1.0, 2.0, 1.0, 3.0, 3.0, -1.0, 1.0, 2.0, 1.0, -1.0, 3.0, 0.0, 3.0, 0.0, 96780.0, 504.0
1.0, 2.0, 2.0, 1.0, 0.0, 2.0, 0.0, -1.0, -1.0, 0.0, -1.0, -1.0, 2.0, -1.0, 0.0, 3.0, -1.0, 0.0, 1.0, 1.0, -1.0, 0.0, -1.0, 2.0, -1.0, -1.0, -1.0, 1.0, -1.0, 3.0, 3.0, 0.0, 1.0, 2.0, -1.0, -1.0, -1.0, 2.0, 1.0, 3.0, 3.0, -1.0, 1.0, 2.0, 1.0, -1.0, 3.0, 0.0, 3.0, 0.0, 96780.0, 504.0
1.0, 0.0, -1.0, 0.0, -1.0, 2.0, -1.0, 1.0, 3.0, 1.0, 2.0, 0.0, 2.0, 1.0, 3.0, 0.0, -1.0, 1.0, 0.0, 2.0, 2.0, 0.0, -1.0, -1.0, 1.0, -1.0, 2.0, -1.0, 0.0, 2.0, 2.0, 3.0, 2.0, -1.0, 1.0, -1.0, 3.0, -1.0, 0.0, 1.0, 1.0, -1.0, 0.0, 1.0, -1.0, 3.0, 0.0, 3.0, -1.0, -1.0, 96786.0, 513.0
1.0, 0.0, -1.0, 0.0, -1.0, 2.0, -1.0, 1.0, 3.0, 1.0, 2.0, 0.0, 2.0, 1.0, 3.0, 0.0, -1.0, 1.0, 0.0, 2.0, 2.0, 0.0, -1.0, -1.0, 1.0, -1.0, 2.0, -1.0, 0.0, 2.0, 2.0, 3.0, 2.0, -1.0, 1.0, -1.0, 3.0, -1.0, 0.0, 1.0, 1.0, -1.0, 0.0, 1.0, -1.0, 3.0, 0.0, 3.0, -1.0, -1.0, 96786.0, 513.0
1.0, 2.0, 2.0, 1.0, 0.0, 2.0, 0.0, -1.0, -1.0, 0.0, -1.0, -1.0, 2.0, -1.0, 0.0, 3.0, -1.0, 0.0, 1.0, 1.0, -1.0, 0.0, -1.0, 2.0, -1.0, -1.0, 0.0, 1.0, -1.0, 3.0, 3.0, 0.0, 1.0, 2.0, -1.0, -1.0, -1.0, 2.0, 1.0, 3.0, 3.0, -1.0, 1.0, 2.0, 1.0, -1.0, 3.0, 0.0, 3.0, 0.0, 96714.0, 514.0
1.0, 2.0, 2.0, 1.0, 0.0, 2.0, 0.0, -1.0, -1.0, 0.0, -1.0, -1.0, 2.0, -1.0, 0.0, 3.0, -1.0, 0.0, 1.0, 1.0, -1.0, 0.0, -1.0, 2.0, -1.0, -1.0, 0.0, 1.0, -1.0, 3.0, 3.0, 0.0, 1.0, 2.0, -1.0, -1.0, -1.0, 2.0, 1.0, 3.0, 3.0, -1.0, 1.0, 2.0, 1.0, -1.0, 3.0, 0.0, 3.0, 0.0, 96714.0, 514.0
1.0, 2.0, 2.0, 1.0, 0.0, 2.0, 0.0, -1.0, -1.0, 0.0, -1.0, -1.0, 2.0, -1.0, 0.0, 3.0, -1.0, 0.0, 1.0, 1.0, -1.0, 0.0, -1.0, 2.0, -1.0, -1.0, 0.0, 1.0, -1.0, 3.0, 3.0, 0.0, 1.0, 2.0, -1.0, -1.0, -1.0, 2.0, 1.0, 3.0, 3.0, -1.0, 1.0, 2.0, 1.0, -1.0, 3.0, 0.0, 3.0, 0.0, 96714.0, 514.0
1.0, 2.0, 2.0, 1.0, 0.0, 2.0, 0.0, -1.0, -1.0, 0.0, -1.0, -1.0, 2.0, -1.0, 0.0, 3.0, -1.0, 0.0, 1.0, 1.0, -1.0, 0.0, -1.0, 2.0, -1.0, -1.0, 0.0, 1.0, -1.0, 3.0, 3.0, 0.0, 1.0, 2.0, -1.0, -1.0, -1.0, 2.0, 1.0, 3.0, 3.0, -1.0, 1.0, 2.0, 1.0, -1.0, 3.0, 0.0, 3.0, 0.0, 96714.0, 514.0
1.0, 2.0, 2.0, 1.0, 0.0, 2.0, 0.0, -1.0, -1.0, 0.0, -1.0, -1.0, 2.0, -1.0, 0.0, 3.0, -1.0, 0.0, 1.0, 1.0, -1.0, 0.0, -1.0, 2.0, -1.0, -1.0, 0.0, 1.0, -1.0, 3.0, 3.0, 0.0, 1.0, 2.0, -1.0, -1.0, -1.0, 2.0, 1.0, 3.0, 3.0, -1.0, 1.0, 2.0, 1.0, -1.0, 3.0, 0.0, 3.0, 0.0, 96714.0, 514.0
1.0, 2.0, 2.0, 1.0, 0.0, 2.0, 0.0, -1.0, -1.0, 0.0, -1.0, -1.0, 2.0, -1.0, 0.0, 3.0, -1.0, 0.0, 1.0, 1.0, -1.0, 0.0, -1.0, 2.0, -1.0, -1.0, 0.0, 1.0, -1.0, 3.0, 3.0, 0.0, 1.0, 2.0, -1.0, -1.0, -1.0, 2.0, 1.0, 3.0, 3.0, -1.0, 1.0, 2.0, 1.0, -1.0, 3.0, 0.0, 3.0, 0.0, 96714.0, 514.0
1.0, 2.0, 2.0, 1.0, 0.0, 2.0, 0.0, -1.0, -1.0, 0.0, -1.0, -1.0, 2.0, -1.0, 0.0, 3.0, -1.0, 0.0, 1.0, 1.0, -1.0, 0.0, -1.0, 2.0, -1.0, -1.0, 0.0, 1.0, -1.0, 3.0, 3.0, 0.0, 1.0, 2.0, -1.0, -1.0, -1.0, 2.0, 1.0, 3.0, 3.0, -1.0, 1.0, 2.0, 1.0, -1.0, 3.0, 0.0, 3.0, 0.0, 96714.0, 514.0
1.0, 2.0, 2.0, 1.0, 0.0, 2.0, 0.0, -1.0, -1.0, 0.0, -1.0, -1.0, 2.0, -1.0, 0.0, 3.0, -1.0, 0.0, 1.0, 1.0, -1.0, 0.0, -1.0, 2.0, -1.0, -1.0, 0.0, 1.0, -1.0, 3.0, 3.0, 0.0, 1.0, 2.0, -1.0, -1.0, -1.0, 2.0, 1.0, 3.0, 3.0, -1.0, 1.0, 2.0, 1.0, -1.0, 3.0, 0.0, 3.0, 0.0, 96714.0, 514.0
1.0, 2.0, 2.0, 1.0, 0.0, 2.0, 0.0, -1.0, -1.0, 0.0, -1.0, -1.0, 2.0, -1.0, 0.0, 3.0, -1.0, 0.0, 1.0, 1.0, -1.0, 0.0, -1.0, 2.0, -1.0, -1.0, 0.0, 1.0, -1.0, 3.0, 3.0, 0.0, 1.0, 2.0, -1.0, -1.0, -1.0, 2.0, 1.0, 3.0, 3.0, -1.0, 1.0, 2.0, 1.0, -1.0, 3.0, 0.0, 3.0, 0.0, 96714.0, 514.0
1.0, 2.0, 2.0, 1.0, 0.0, 2.0, 0.0, -1.0, -1.0, 0.0, -1.0, -1.0, 2.0, -1.0, 0.0, 3.0, -1.0, 0.0, 1.0, 1.0, -1.0, 0.0, -1.0, 2.0, -1.0, -1.0, 0.0, 1.0, -1.0, 3.0, 3.0, 0.0, 1.0, 2.0, -1.0, -1.0, -1.0, 2.0, 1.0, 3.0, 3.0, -1.0, 1.0, 2.0, 1.0, -1.0, 3.0, 0.0, 3.0, 0.0, 96714.0, 514.0
1.0, 2.0, 2.0, 1.0, 0.0, 2.0, 0.0, -1.0, -1.0, 0.0, -1.0, -1.0, 2.0, -1.0, 0.0, 3.0, -1.0, 0.0, 1.0, 1.0, -1.0, 0.0, -1.0, 2.0, -1.0, -1.0, 0.0, 1.0, -1.0, 3.0, 3.0, 0.0, 1.0, 2.0, -1.0, -1.0, -1.0, 2.0, 1.0, 3.0, 3.0, -1.0, 1.0, 2.0, 1.0, -1.0, 3.0, 0.0, 3.0, 0.0, 96714.0, 514.0
