1.0, 2.0, 2.0, 1.0, -1.0, 2.0, 0.0, -1.0, -1.0, 0.0, -1.0, -1.0, 2.0, -1.0, 0.0, 3.0, -1.0, 0.0, 1.0, 1.0, -1.0, -1.0, -1.0, 2.0, -1.0, -1.0, 0.0, 1.0, -1.0, 3.0, 3.0, 0.0, 1.0, 0.0, -1.0, -1.0, 0.0, 2.0, 1.0, 3.0, 3.0, -1.0, 1.0, 2.0, 1.0, -1.0, 0.0, 0.0, 2.0, 0.0, 96668.0, 493.0
1.0, 2.0, 2.0, 1.0, -1.0, 2.0, 0.0, -1.0, -1.0, 0.0, -1.0, -1.0, 2.0, -1.0, 0.0, 3.0, -1.0, 0.0, 1.0, 1.0, -1.0, -1.0, -1.0, 2.0, -1.0, -1.0, 0.0, 1.0, -1.0, 3.0, 3.0, 0.0, 1.0, 0.0, -1.0, -1.0, 0.0, 2.0, 1.0, 3.0, 3.0, -1.0, 1.0, -1.0, 1.0, -1.0, 0.0, 0.0, 3.0, 0.0, 96807.0, 476.0
1.0, 2.0, 2.0, 1.0, -1.0, 2.0, 0.0, 2.0, -1.0, 0.0, -1.0, -1.0, 2.0, -1.0, 1.0, 3.0, -1.0, 0.0, 0.0, 1.0, -1.0, 0.0, -1.0, 2.0, 1.0, -1.0, 0.0, 1.0, -1.0, -1.0, 3.0, 0.0, 1.0, 2.0, -1.0, -1.0, 3.0, 2.0, 1.0, 3.0, 3.0, -1.0, -1.0, 2.0, -1.0, -1.0, 3.0, 0.0, 3.0, 0.0, 96769.0, 486.0
1.0, 2.0, 2.0, 1.0, -1.0, 2.0, 0.0, -1.0, -1.0, 0.0, -1.0, -1.0, 2.0, -1.0, 0.0, 3.0, -1.0, 0.0, 1.0, 1.0, -1.0, -1.0, -1.0, 2.0, -1.0, -1.0, 0.0, 1.0, -1.0, 3.0, 3.0, 0.0, 1.0, 0.0, -1.0, -1.0, 0.0, 2.0, 1.0, 3.0, 3.0, -1.0, 1.0, -1.0, 1.0, -1.0, 0.0, 0.0, 3.0, 0.0, 96807.0, 476.0
1.0, 2.0, -1.0, 1.0, -1.0, 2.0, 0.0, -1.0, -1.0, 0.0, -1.0, -1.0, 2.0, -1.0, 0.0, 3.0, -1.0, 0.0, 1.0, 1.0, -1.0, -1.0, -1.0, 2.0, -1.0, -1.0, 0.0, 1.0, -1.0, -1.0, 3.0, 0.0, 1.0, 0.0, -1.0, -1.0, 0.0, 2.0, 1.0, 3.0, 3.0, -1.0, 1.0, -1.0, -1.0, -1.0, 0.0, 1.0, 3.0, 0.0, 97005.0, 428.0
1.0, 2.0, 2.0, 1.0, -1.0, 2.0, 0.0, 2.0, -1.0, 0.0, -1.0, -1.0, 2.0, -1.0, 1.0, 3.0, -1.0, 0.0, 0.0, 1.0, -1.0, 0.0, -1.0, 2.0, 1.0, -1.0, 0.0, 1.0, -1.0, -1.0, 3.0, 0.0, 1.0, 2.0, -1.0, -1.0, 3.0, 2.0, 1.0, 3.0, 3.0, -1.0, -1.0, 2.0, -1.0, -1.0, 3.0, 0.0, 3.0, 0.0, 96769.0, 486.0
1.0, 0.0, -1.0, 1.0, 0.0, 2.0, -1.0, -1.0, 3.0, 1.0, 2.0, 0.0, 2.0, 1.0, 3.0, -1.0, -1.0, 1.0, 0.0, 2.0, 2.0, 2.0, -1.0, -1.0, 1.0, -1.0, 2.0, -1.0, 0.0, 0.0, -1.0, 3.0, 1.0, -1.0, 1.0, -1.0, -1.0, -1.0, 0.0, 1.0, 1.0, -1.0, 0.0, 1.0, -1.0, 3.0, 0.0, 3.0, 0.0, -1.0, 96743.0, 490.0
1.0, 2.0, 2.0, 1.0, -1.0, 2.0, 0.0, -1.0, -1.0, 0.0, -1.0, -1.0, 2.0, -1.0, 0.0, 3.0, -1.0, 0.0, 1.0, 1.0, -1.0, -1.0, -1.0, 2.0, -1.0, -1.0, 0.0, 1.0, -1.0, 3.0, 3.0, 0.0, 1.0, 0.0, -1.0, -1.0, 0.0, 2.0, 1.0, 3.0, 3.0, -1.0, 1.0, 2.0, 1.0, -1.0, 0.0, 0.0, 2.0, 0.0, 96668.0, 493.0
0.0, 2.0, 2.0, 1.0, -1.0, 2.0, 0.0, -1.0, -1.0, 0.0, -1.0, -1.0, 2.0, -1.0, 0.0, 3.0, -1.0, 0.0, 1.0, 1.0, -1.0, -1.0, 1.0, 2.0, 1.0, -1.0, 0.0, 1.0, -1.0, -1.0, 3.0, 0.0, 1.0, 0.0, -1.0, -1.0, 0.0, 2.0, 1.0, 3.0, 3.0, -1.0, 1.0, 2.0, 1.0, -1.0, 0.0, 0.0, 2.0, 0.0, 96423.0, 503.0
1.0, 2.0, 2.0, 1.0, -1.0, 2.0, 0.0, 2.0, -1.0, 0.0, -1.0, -1.0, 2.0, -1.0, 1.0, 3.0, -1.0, 0.0, 0.0, 1.0, -1.0, 0.0, -1.0, 2.0, 1.0, -1.0, 0.0, 1.0, -1.0, -1.0, 3.0, 0.0, 1.0, 2.0, -1.0, -1.0, 3.0, 2.0, 1.0, 3.0, 3.0, -1.0, -1.0, 2.0, -1.0, -1.0, 3.0, 0.0, 3.0, 0.0, 96769.0, 486.0
1.0, 2.0, 2.0, 1.0, -1.0, 2.0, 0.0, -1.0, -1.0, 0.0, -1.0, -1.0, 2.0, -1.0, 0.0, 3.0, -1.0, 0.0, 1.0, 1.0, -1.0, -1.0, -1.0, 2.0, -1.0, -1.0, 0.0, 1.0, -1.0, 3.0, 3.0, 0.0, 1.0, 0.0, -1.0, -1.0, 0.0, 2.0, 1.0, 3.0, 3.0, -1.0, 1.0, -1.0, 1.0, -1.0, 0.0, 0.0, 3.0, 0.0, 96807.0, 476.0
1.0, 2.0, -1.0, 1.0, -1.0, 2.0, 0.0, -1.0, -1.0, 0.0, -1.0, -1.0, 2.0, -1.0, 0.0, 3.0, -1.0, 0.0, 1.0, 1.0, -1.0, -1.0, -1.0, 2.0, -1.0, -1.0, 0.0, 1.0, -1.0, -1.0, 3.0, 0.0, 1.0, 0.0, -1.0, -1.0, 0.0, 2.0, 1.0, 3.0, 3.0, -1.0, 1.0, -1.0, -1.0, -1.0, 0.0, 1.0, 3.0, 0.0, 97005.0, 428.0
1.0, 0.0, -1.0, 1.0, 0.0, 2.0, -1.0, -1.0, 3.0, 1.0, 2.0, 0.0, 2.0, 1.0, 3.0, -1.0, -1.0, 1.0, 0.0, 2.0, 2.0, 2.0, -1.0, -1.0, 1.0, -1.0, 2.0, -1.0, 0.0, 0.0, -1.0, 3.0, 1.0, -1.0, 1.0, -1.0, -1.0, -1.0, 0.0, 1.0, 1.0, -1.0, 0.0, 1.0, -1.0, 3.0, 0.0, 3.0, 0.0, -1.0, 96743.0, 490.0
1.0, 2.0, 2.0, 1.0, -1.0, 2.0, 0.0, -1.0, -1.0, 0.0, -1.0, -1.0, 2.0, -1.0, 0.0, 3.0, -1.0, 0.0, 1.0, 1.0, -1.0, -1.0, -1.0, 2.0, -1.0, -1.0, 0.0, 1.0, -1.0, 3.0, 3.0, 0.0, 1.0, 0.0, -1.0, -1.0, 0.0, 2.0, 1.0, 3.0, 3.0, -1.0, 1.0, 2.0, 1.0, -1.0, 0.0, 0.0, 2.0, 0.0, 96668.0, 493.0
1.0, 2.0, 2.0, 1.0, -1.0, 2.0, 0.0, -1.0, -1.0, 0.0, -1.0, -1.0, 2.0, -1.0, 0.0, 3.0, -1.0, 0.0, 1.0, 1.0, -1.0, -1.0, -1.0, 2.0, -1.0, -1.0, 0.0, 1.0, -1.0, 3.0, 3.0, 0.0, 1.0, 0.0, -1.0, -1.0, 0.0, 2.0, 1.0, 3.0, 3.0, -1.0, 1.0, -1.0, 1.0, -1.0, 0.0, 0.0, 3.0, 0.0, 96807.0, 476.0
1.0, 2.0, 2.0, 1.0, -1.0, 2.0, 0.0, 2.0, -1.0, 0.0, -1.0, -1.0, 2.0, -1.0, 1.0, 3.0, -1.0, 0.0, 0.0, 1.0, -1.0, 0.0, -1.0, 2.0, 1.0, -1.0, 0.0, 1.0, -1.0, -1.0, 3.0, 0.0, 1.0, 2.0, -1.0, -1.0, 3.0, 2.0, 1.0, 3.0, 3.0, -1.0, -1.0, 2.0, -1.0, -1.0, 3.0, 0.0, 3.0, 0.0, 96769.0, 486.0
1.0, 2.0, 2.0, 1.0, -1.0, 2.0, 0.0, -1.0, -1.0, 0.0, -1.0, -1.0, 2.0, -1.0, 0.0, 3.0, -1.0, 0.0, 1.0, 1.0, -1.0, -1.0, -1.0, 2.0, -1.0, -1.0, 0.0, 1.0, -1.0, 3.0, 3.0, 0.0, 1.0, 0.0, -1.0, -1.0, 0.0, 2.0, 1.0, 3.0, 3.0, -1.0, 1.0, -1.0, 1.0, -1.0, 0.0, 0.0, 3.0, 0.0, 96807.0, 476.0
1.0, 2.0, -1.0, 1.0, -1.0, 2.0, 0.0, -1.0, -1.0, 0.0, -1.0, -1.0, 0.0, -1.0, 0.0, 3.0, -1.0, 0.0, 1.0, 1.0, -1.0, -1.0, -1.0, 2.0, -1.0, -1.0, 0.0, 1.0, -1.0, 3.0, 3.0, 0.0, 1.0, 0.0, -1.0, -1.0, 0.0, 2.0, 1.0, 3.0, 3.0, -1.0, 1.0, -1.0, -1.0, -1.0, 0.0, 1.0, 3.0, 0.0, 96870.0, 446.0
1.0, 2.0, 2.0, 1.0, -1.0, 2.0, 0.0, 2.0, -1.0, 0.0, -1.0, -1.0, 2.0, -1.0, 1.0, 3.0, -1.0, 0.0, 0.0, 1.0, -1.0, 0.0, -1.0, 2.0, 1.0, -1.0, 0.0, 1.0, -1.0, -1.0, 3.0, 0.0, 1.0, 2.0, -1.0, -1.0, 3.0, 2.0, 1.0, 3.0, 3.0, -1.0, -1.0, 2.0, -1.0, -1.0, 3.0, 0.0, 3.0, 0.0, 96769.0, 486.0
1.0, 0.0, -1.0, 1.0, 0.0, 2.0, -1.0, -1.0, 3.0, 1.0, 2.0, 0.0, 2.0, 1.0, 3.0, -1.0, -1.0, 1.0, 0.0, 2.0, 2.0, 2.0, -1.0, -1.0, 1.0, -1.0, 2.0, -1.0, 0.0, 0.0, -1.0, 3.0, 1.0, -1.0, 1.0, -1.0, -1.0, -1.0, 0.0, 1.0, 1.0, -1.0, 0.0, 1.0, -1.0, 3.0, 0.0, 3.0, 0.0, -1.0, 96743.0, 490.0
1.0, 2.0, 2.0, 1.0, -1.0, 2.0, 0.0, -1.0, -1.0, 0.0, -1.0, -1.0, 2.0, -1.0, 0.0, 3.0, -1.0, 0.0, 1.0, 1.0, -1.0, -1.0, -1.0, 2.0, -1.0, -1.0, 0.0, 1.0, -1.0, 3.0, 3.0, 0.0, 1.0, 0.0, -1.0, -1.0, 0.0, 2.0, 1.0, 3.0, 3.0, -1.0, 1.0, 2.0, 1.0, -1.0, 0.0, 0.0, 2.0, 0.0, 96668.0, 493.0
0.0, 2.0, 2.0, 1.0, -1.0, 2.0, 0.0, -1.0, -1.0, 0.0, -1.0, -1.0, 2.0, -1.0, 0.0, 3.0, -1.0, 0.0, 1.0, 1.0, -1.0, -1.0, 1.0, 2.0, 1.0, -1.0, 0.0, 1.0, -1.0, -1.0, 3.0, 0.0, 1.0, 0.0, -1.0, -1.0, 0.0, 2.0, 1.0, 3.0, 3.0, -1.0, 1.0, 2.0, 1.0, -1.0, 0.0, 0.0, 2.0, 0.0, 96423.0, 503.0
1.0, 2.0, 2.0, 1.0, -1.0, 2.0, 0.0, -1.0, -1.0, 0.0, -1.0, -1.0, 2.0, -1.0, 0.0, 3.0, -1.0, 0.0, 1.0, 1.0, -1.0, -1.0, -1.0, 2.0, 1.0, -1.0, 0.0, 1.0, -1.0, 3.0, 3.0, 0.0, 1.0, 0.0, -1.0, -1.0, 0.0, 2.0, 1.0, 3.0, 3.0, -1.0, 1.0, -1.0, 1.0, -1.0, 0.0, 0.0, 3.0, 0.0, 96721.0, 491.0
1.0, 2.0, -1.0, 1.0, -1.0, 2.0, 0.0, -1.0, -1.0, 0.0, -1.0, -1.0, 2.0, -1.0, 0.0, 3.0, -1.0, 0.0, 1.0, 1.0, -1.0, -1.0, -1.0, 2.0, -1.0, -1.0, 0.0, 1.0, -1.0, -1.0, 3.0, 0.0, 1.0, 0.0, -1.0, -1.0, 0.0, 2.0, 1.0, 3.0, 3.0, -1.0, 1.0, -1.0, -1.0, -1.0, 0.0, 1.0, 3.0, 0.0, 97005.0, 428.0
1.0, 2.0, 2.0, 0.0, -1.0, 2.0, 0.0, 2.0, -1.0, 0.0, -1.0, -1.0, 2.0, -1.0, 0.0, 3.0, -1.0, 0.0, 0.0, 1.0, -1.0, -1.0, -1.0, 2.0, 1.0, -1.0, 0.0, 1.0, -1.0, -1.0, 3.0, 0.0, 1.0, 2.0, -1.0, -1.0, 3.0, 2.0, 1.0, 3.0, 3.0, -1.0, -1.0, 2.0, -1.0, -1.0, 3.0, 0.0, 3.0, 0.0, 96826.0, 469.0
1.0, 2.0, 2.0, 1.0, -1.0, 2.0, 0.0, -1.0, -1.0, 0.0, -1.0, -1.0, 2.0, -1.0, 0.0, 3.0, -1.0, 0.0, 1.0, 1.0, -1.0, -1.0, -1.0, 2.0, -1.0, -1.0, 0.0, 1.0, -1.0, 3.0, 3.0, 0.0, 1.0, 0.0, -1.0, -1.0, 0.0, 2.0, 1.0, 3.0, 3.0, -1.0, 1.0, -1.0, -1.0, -1.0, 0.0, 1.0, 3.0, 0.0, 96890.0, 459.0
1.0, 2.0, 2.0, 1.0, -1.0, 2.0, 0.0, -1.0, -1.0, 0.0, -1.0, -1.0, 2.0, -1.0, 0.0, 3.0, -1.0, 0.0, 1.0, 1.0, -1.0, -1.0, -1.0, 2.0, -1.0, -1.0, 0.0, 1.0, -1.0, 3.0, 3.0, 0.0, 1.0, 0.0, -1.0, -1.0, 0.0, 2.0, 1.0, 3.0, 3.0, -1.0, 1.0, -1.0, -1.0, -1.0, 0.0, 1.0, 3.0, 0.0, 96890.0, 459.0
1.0, 2.0, 2.0, 1.0, -1.0, 2.0, 0.0, -1.0, -1.0, 0.0, -1.0, -1.0, 2.0, -1.0, 0.0, 3.0, -1.0, 0.0, 1.0, 1.0, -1.0, -1.0, -1.0, 2.0, -1.0, -1.0, 0.0, 1.0, -1.0, 3.0, 3.0, 0.0, 1.0, 0.0, -1.0, -1.0, 0.0, 2.0, 1.0, 3.0, 3.0, -1.0, 1.0, -1.0, -1.0, -1.0, 0.0, 1.0, 3.0, 0.0, 96890.0, 459.0
