4.75424400921, 1.00000075838, 1.48717516319, 1.08325100861, 5.12944155893, 0.864159798891, 1.6885583738, 1.12686313047, 0.902093976244, 4.07475249147, 5.01833900003, 0.837793753205, 2.78325794694, 0.998142545168, 1.09000014561, 1.07483352166, 1.04638196043, 1.21142518266, 9.85943887071, 1.15506948599, 0.783112233977, 202.7342911, 1.12733407918, 3.12955947259, 1.13262987894, 3.22900568502, 1.21829026853, 16.9962370115, 7.21103811344
3.45628822411, 1.00000007995, 1.10135085152, 1.10293742341, 4.2458434925, 0.79657374049, 1.22283169224, 1.19419818509, 0.933517477607, 1.83575482218, 5.61092448388, 1.08907224339, 3.67949904291, 1.13692919473, 1.09000042007, 1.08938092235, 1.04927367776, 1.18596521869, 6.69910644931, 0.938536037421, 0.863883083824, 84.2082329662, 1.00525239701, 2.71000170222, 1.08243892925, 2.57305992381, 1.02499231963, 41.2586841604, 11.5694538201
2.24759754603, 1.00000000157, 1.51091036096, 1.1281850519, 5.59397565529, 0.825877473172, 2.10884843306, 1.24484308579, 0.996639773953, 2.26420002944, 5.41528938841, 1.08269512468, 3.74915274279, 0.905818073513, 1.09000033709, 1.05018521026, 1.01649313855, 0.95069954535, 7.30524704514, 1.10181720941, 0.957373213191, 983.771793488, 1.16096062169, 5.86274517358, 1.04672185009, 2.84231302963, 0.902839254082, 36.1021450235, 14.9587076293
5.69345055072, 1.00000068535, 1.41645755908, 1.20202908356, 3.06063968922, 0.7861969391, 2.65821420623, 1.09868927046, 0.930319582314, 5.82489454744, 5.346075788, 1.10355044261, 2.12139578904, 1.10938298141, 1.09000026185, 1.05774759862, 1.00280835441, 0.929851514812, 4.26597415584, 0.994103921387, 0.7704103926, 808.566479202, 0.948362593744, 3.36305423898, 1.0640282145, 2.36170129805, 1.25947602042, 41.937154235, 8.27854025939
3.97825545499, 1.00000047595, 1.54324243113, 1.17671350499, 4.35181588384, 0.841670921472, 1.19077507215, 1.10470864169, 0.90183847659, 2.84335355184, 5.63320175029, 0.89573868534, 4.3730694335, 1.2231611099, 1.09000025457, 1.01484618521, 1.03028966218, 1.01697891219, 3.33811063053, 0.910660196417, 0.855244267766, 195.407035722, 1.1540955818, 4.67671699477, 1.01674382179, 3.17728800428, 1.10865698856, 47.6880025749, 10.0412697546
4.14540432139, 1.00000018535, 1.24738975016, 0.941374183882, 1.44945960755, 0.986399289669, 4.21821607798, 1.20581593346, 0.966349360199, 6.00867018911, 5.28731234828, 0.924466369897, 4.83441930554, 1.02083184632, 1.09000057759, 1.02242880758, 1.02586213223, 0.865842557585, 4.12391332389, 1.16456854433, 0.800517047093, 943.058875595, 1.04958733376, 3.10211873708, 1.04672185009, 4.6427641097, 1.02534031441, 53.7562497141, 8.75425678642
5.48591297399, 1.00000025755, 1.64246972885, 1.12500811636, 2.7935518094, 0.898190983795, 2.37982217024, 1.00231659642, 0.959198555347, 3.1656737652, 5.50134223114, 0.984816837579, 1.18481242066, 0.877228289419, 1.0900009885, 1.10157507992, 1.01954062992, 0.826291920528, 3.27946580545, 1.10880151575, 0.912651365711, 615.74936833, 1.04611534054, 2.20903862186, 1.20532451482, 5.21014167274, 1.29391875044, 53.5972356541, 10.6537445134
5.16622154768, 1.00000042195, 1.18173306393, 1.07268445171, 2.94801026721, 0.995131498913, 3.06505174595, 1.11937375002, 0.929571301347, 3.17770051298, 5.57172774141, 0.95625849889, 1.74985510957, 1.00640251048, 1.0900007858, 1.07426332334, 1.00707106336, 1.19564090989, 3.79429219872, 1.03302097826, 0.945249716839, 914.716260488, 1.12126507188, 5.70749188918, 0.985377223566, 3.01492496677, 0.922190370471, 54.7462439754, 10.4148940199
3.15188326157, 1.00000046823, 1.52270458492, 1.19433443447, 3.20473761001, 0.852450752883, 4.51955580873, 1.00671886996, 0.955840137949, 3.93734528797, 5.6263221455, 1.05694242235, 3.05866037476, 1.11420372593, 1.09000052905, 1.06363304602, 1.03929445819, 1.19558238114, 9.11889022774, 1.1011328301, 0.996173668957, 543.63030523, 1.18287021787, 2.23745601107, 1.18617427019, 3.3962253681, 1.27975347411, 75.7742757205, 9.66148493872
4.76133594072, 1.00000062611, 1.0588968507, 1.01226610745, 6.2063026531, 0.730070523732, 3.24500725085, 1.17522496449, 0.997936529476, 4.27839993642, 4.96115697454, 0.882693556268, 3.51207761481, 0.831809049565, 1.0900003955, 1.03164426203, 1.0266863038, 0.95890582595, 4.99448047426, 0.993138351797, 0.770890122126, 697.914239267, 1.19647405679, 1.59336317165, 1.12964577516, 3.00831669755, 0.904882424087, 62.833473014, 13.4908835034
2.53170487856, 1.00000064795, 1.4883363597, 1.13819390009, 4.70206302284, 0.812947937122, 1.20518750378, 1.01968506577, 0.992889222504, 4.07156869135, 5.04112761186, 0.99930242216, 1.90945741995, 1.28307192784, 1.09000074151, 1.06079298094, 1.02946533096, 1.17443132396, 9.92915870167, 1.13507242002, 0.821137964128, 394.147333541, 0.959243464337, 1.49576294724, 0.990304659093, 3.65395029246, 1.21634537189, 123.32334705, 13.2378616405
1.80279686194, 1.00000054094, 1.39057185711, 1.04732653796, 1.76452474468, 0.743475283381, 3.11074535492, 1.07245663835, 0.913121899959, 5.61453715824, 5.62350347117, 1.0874853545, 2.60012455978, 1.09486855782, 1.09000048644, 1.04904053443, 1.00169642252, 0.882986853288, 9.14153813574, 1.17343920371, 0.965073959309, 67.7672487205, 1.10400302421, 4.27648526733, 0.961964191444, 4.36991905162, 1.27362464935, 124.505258997, 11.3249779608
5.69345055072, 1.00000068535, 1.41645755908, 1.20202908356, 3.06063968922, 0.7861969391, 2.65821420623, 1.09868927046, 0.930319582314, 5.82489454744, 5.346075788, 1.10355044261, 2.12139578904, 1.10938298141, 1.09000026185, 1.05774759862, 1.00280835441, 0.929851514812, 4.26597415584, 0.994103921387, 0.76245797573, 808.566479202, 0.948362593744, 3.36305423898, 1.0640282145, 2.36170129805, 1.25947602042, 106.249343264, 15.4964694937
1.22440909989, 1.00000085153, 1.00125526678, 1.0226423244, 4.49947779642, 0.897888486397, 2.84161739934, 1.12198957214, 0.967169731486, 4.11662789791, 5.05116171656, 0.990761425008, 3.39361384504, 0.87467010756, 1.09000023908, 1.01002476934, 1.01649313855, 1.21222567868, 4.98209189809, 1.00147943893, 0.886392674583, 512.769677006, 1.1207867362, 5.89155608653, 1.1051495887, 1.57603928616, 1.26898126867, 104.730427912, 15.8591979898
3.45628822411, 1.00000007995, 1.14159132954, 1.10293742341, 4.2458434925, 0.981909793046, 1.68439801637, 1.19419818509, 0.933517477607, 3.96140178606, 5.90824993204, 1.08907224339, 3.64980553273, 1.13692919473, 1.09000040029, 1.08938092235, 1.00383408039, 1.18596521869, 6.69910644931, 0.976371357106, 0.863883083824, 84.2082329662, 1.18495946524, 4.80814956227, 1.18154565999, 2.57305992381, 1.02499231963, 90.4285177187, 19.9493107876
3.77247563334, 1.00000011683, 1.5973639334, 0.859502717965, 5.83375790313, 0.862208434155, 5.50702144621, 1.02197630639, 0.943263180685, 1.43569247291, 5.52726843494, 0.963916083216, 3.37714450638, 0.937057939821, 1.09000077531, 1.10493317367, 1.0011276444, 0.947708546247, 4.29948608783, 1.02550751082, 0.800416295193, 449.060703056, 1.12137656833, 2.25324142359, 1.15962232425, 1.06397002883, 1.07900580429, 194.35926552, 12.7785959542
3.45628822411, 1.00000084436, 1.69413947651, 1.13053155267, 5.60616020907, 0.827712595454, 2.3631258892, 1.22306955664, 0.919751147126, 2.28097834934, 6.03031946061, 1.04130898582, 4.6283983326, 1.07241327026, 1.09000067756, 1.02215439857, 1.02238204518, 0.947819649821, 7.59176286385, 0.938536037421, 0.823981866617, 469.689890232, 1.01026609523, 3.89583940447, 0.982738150368, 1.31986277995, 0.927192948795, 137.986987102, 13.9757719663
2.24759754603, 1.00000000157, 1.51091036096, 1.1281850519, 6.26077877811, 0.825877473172, 2.10884843306, 1.24484308579, 0.996639773953, 2.26420002944, 6.0764895398, 1.08269512468, 1.38544245284, 0.905818073513, 1.09000033709, 1.05018521026, 1.01649313855, 0.95069954535, 3.67335632572, 1.14304041108, 0.957373213191, 959.284906188, 1.16096062169, 5.86274517358, 1.04672185009, 2.84231302963, 0.902839254082, 116.860230705, 16.5978819476
2.24420200891, 1.00000085604, 1.69402067543, 0.914067296628, 6.20344462526, 0.753753472846, 4.3210474741, 1.05516534709, 0.921619799627, 4.40481967702, 6.02832358941, 1.21611247669, 4.31997296673, 1.00885800281, 1.09000027012, 1.0535884803, 1.04002693013, 0.872327914659, 5.28473065724, 1.0901808968, 0.992906422729, 581.786757976, 0.934441495179, 5.95521416029, 1.00585244976, 3.19625130966, 0.913101134456, 113.163680687, 21.1838048928
2.40519747492, 1.00000081407, 1.53499845417, 0.99093665307, 2.21922983773, 0.905423588707, 3.20384573002, 1.08038783886, 0.943484186785, 5.68396217791, 5.87396346168, 0.845777441107, 1.88618169759, 0.885673497672, 1.0900004534, 1.05284473304, 1.0450780967, 0.849876533116, 7.17330460235, 0.960250291244, 0.845294819682, 405.703170057, 0.920898805649, 4.3572880222, 1.19019241539, 5.00539288724, 1.2893697238, 198.856275301, 12.8171297996
1.28909851025, 1.0000003909, 1.18753552075, 1.1011219726, 3.52721327459, 0.807989623638, 3.61355882395, 1.04933235033, 0.94091352992, 1.50345934941, 5.50460999164, 1.01712235522, 3.23462606318, 0.991336057123, 1.09000034944, 1.02376493926, 1.04167317818, 1.20562342614, 3.68189404838, 1.1727671109, 0.786725503614, 383.437496038, 1.19087010903, 5.31200458119, 1.0213207477, 1.19116666436, 1.20089943862, 170.352385869, 14.4292357423
2.24420200891, 1.00000080667, 1.69402067543, 0.914067296628, 6.20344462526, 0.878502733515, 4.3210474741, 1.05516534709, 0.921619799627, 4.40481967702, 6.02832358941, 1.21611247669, 4.31997296673, 1.00885800281, 1.09000027012, 1.0535884803, 1.04002693013, 0.872327914659, 5.28473065724, 1.0901808968, 0.992906422729, 581.786757976, 0.934441495179, 5.95521416029, 1.00585244976, 3.19625130966, 0.913101134456, 141.406205496, 17.2924899882
5.16622154768, 1.00000042195, 1.18173306393, 1.07268445171, 2.94801026721, 0.996824190194, 5.35479550972, 1.11937375002, 0.929571301347, 3.17770051298, 5.57172774141, 0.95625849889, 2.16966535523, 1.14182283288, 1.09000018395, 1.07426332334, 1.02727464075, 1.09502946562, 3.79429219872, 1.03302097826, 0.945249716839, 914.716260488, 1.12126507188, 5.70749188918, 0.985377223566, 3.01492496677, 0.885415762032, 139.080683513, 17.6609137466
5.10131515725, 1.00000032341, 1.44755551194, 0.953032997143, 6.74984325372, 0.879953287979, 4.71282824894, 1.07779046658, 0.993188004164, 3.85998465989, 5.4833883318, 1.09021120297, 3.42382067839, 0.885522643508, 1.09000033505, 1.1036497442, 1.01813694852, 0.879932082033, 6.99541716509, 1.07118243495, 0.839915627707, 295.760430794, 1.00525239701, 1.7118766711, 1.09990273106, 2.78414737147, 1.24960707811, 126.275618955, 23.2784493139
5.10131515725, 1.00000032341, 1.44755551194, 0.953032997143, 6.74984325372, 0.862394699035, 5.57379474026, 1.05273509257, 0.993188004164, 3.85998465989, 5.4833883318, 1.11932775363, 3.42382067839, 1.08805524416, 1.09000033505, 1.08196094912, 1.01813694852, 0.879932082033, 6.99541716509, 1.07118243495, 0.839915627707, 295.760430794, 1.12256717231, 1.7118766711, 1.09990273106, 3.26913334661, 1.21986188732, 204.39356574, 13.1458367109
3.6746748947, 1.00000098276, 1.17426796472, 0.984701797079, 1.71143726071, 0.99589395184, 4.16397669406, 1.13036547044, 0.902584965321, 3.76739034895, 5.31499350349, 0.885049955595, 4.05326287741, 1.00783926028, 1.09000004567, 1.06536771459, 1.0347352822, 0.956074054513, 9.49120101762, 1.17450490948, 0.827993022109, 805.490324565, 0.968906401468, 5.2249004978, 1.11286102403, 1.59743074179, 1.21719115077, 179.998173259, 14.8441117471
3.4743854226, 1.00000054536, 1.69413947651, 1.13053155267, 5.60616020907, 0.827712595454, 1.50607202914, 1.22306955664, 0.919751147126, 2.28097834934, 6.03031946061, 1.04130898582, 4.6283983326, 1.07241327026, 1.09000067756, 1.02215439857, 1.02664662453, 0.947819649821, 7.59176286385, 0.938536037421, 0.823981866617, 469.689890232, 1.01026609523, 3.89583940447, 0.982738150368, 5.21014167274, 0.927192948795, 175.956137073, 15.1458867687
1.00249981416, 1.00000086161, 1.70930072047, 0.856497951214, 5.56278670735, 0.857965386283, 4.72492659918, 1.22654232381, 0.921033580262, 5.94933624386, 5.40233523143, 0.849337972785, 3.70633822228, 1.22748370251, 1.09000039466, 1.00530904262, 1.0414162681, 0.968149537166, 6.04778725105, 1.15670737855, 0.825002683193, 724.851488792, 0.915087034242, 3.60354819191, 1.0131340242, 4.35955526471, 0.913873439326, 151.145621409, 22.9304205185
5.17161277157, 1.00000043488, 1.23620792697, 0.973099802319, 5.04732383488, 0.854553570029, 2.61829441612, 1.12619540492, 0.911681251489, 4.31643264403, 5.06162184198, 1.15049445502, 2.50173984885, 0.973831033957, 1.09000017052, 1.083689296, 1.01733149689, 1.10237595708, 8.80506242042, 0.939780586737, 0.910585484211, 392.878607963, 0.92283927844, 5.45038586049, 1.12149852043, 4.41291748108, 1.04033890122, 142.097703133, 23.8699197705
4.82194497032, 1.00000025755, 1.64246972885, 1.12500811636, 2.7935518094, 0.898190983795, 2.37982217024, 1.00231659642, 0.959198555347, 3.1656737652, 5.50134223114, 0.984816837579, 1.18481242066, 0.877228289419, 1.09000098847, 1.10157507992, 1.01446045309, 0.994293648193, 3.27946580545, 1.10880151575, 0.912651365711, 615.74936833, 1.04611534054, 2.20903862186, 1.20532451482, 5.21014167274, 1.29391875044, 223.957181842, 13.3730110794
1.8975517644, 1.00000095003, 1.33740604281, 1.05481292775, 1.56277059363, 0.838565741106, 2.67923560375, 1.0622505935, 0.94256416157, 1.44566227611, 6.04719346519, 0.874064639936, 2.6070551696, 1.24176153947, 1.09000006442, 1.0839396228, 1.01531811971, 0.812270749443, 9.06649159084, 1.13658994799, 0.804188864157, 310.186263259, 0.999275185123, 5.75341964582, 1.15317208822, 3.42029149396, 0.943133223192, 213.055169399, 14.9350845199
5.77737464297, 1.00000006532, 1.53410501409, 0.856728932325, 4.97407650499, 0.877622150391, 2.22610193468, 1.04693849818, 0.967979274659, 3.08295581839, 4.75938478988, 0.874192193495, 3.73156798801, 1.12700993281, 1.09000008991, 1.08457408611, 1.00006336097, 0.938954821708, 4.20704659482, 1.12525873257, 0.82896140696, 678.995938488, 0.942989706896, 1.02316712245, 1.18717753142, 4.52370799381, 0.97523689228, 186.43891503, 18.432705681
2.40519747492, 1.00000081407, 1.53499845417, 0.99093665307, 2.21922983773, 0.905423588707, 3.20384573002, 1.08038783886, 0.943484186785, 5.68396217791, 5.87396346168, 0.829085515262, 1.88618169759, 0.885673497672, 1.0900004534, 1.05284473304, 1.0450780967, 0.849876533116, 8.57652650511, 0.960250291244, 0.845294819682, 405.703170057, 0.920898805649, 3.84600015754, 1.19019241539, 5.00539288724, 1.2893697238, 162.535290575, 23.3804354801
2.05012262162, 1.00000018069, 1.24695383036, 1.00108996028, 3.69034479843, 0.966402905418, 2.10824873132, 1.24550808094, 0.976357485726, 3.61693251656, 6.10603657244, 0.835922014729, 4.46392330229, 1.14887826565, 1.09000008991, 1.03314092682, 1.00423596307, 0.877582767949, 7.90215945836, 1.15016468989, 0.925601233459, 318.114004173, 1.15929462124, 1.41110407303, 1.09664310856, 2.55325840256, 0.96729971952, 270.300027886, 13.8844562084
2.53170487856, 1.00000064795, 1.4883363597, 1.13819390009, 4.70206302284, 0.812947937122, 1.20518750378, 1.01968506577, 0.992889222504, 4.07156869135, 5.04112761186, 0.99930242216, 1.90945741995, 1.28865851823, 1.09000074151, 1.06079298094, 1.02911351436, 1.16503812774, 9.92915870167, 1.14414263517, 0.821137964128, 394.147333541, 0.959243464337, 1.49576294724, 0.990304659093, 3.65395029246, 1.21634537189, 235.697233532, 13.9453326508
2.44729315877, 1.00000039777, 1.668991299, 1.10851053129, 4.63273172028, 0.831109981755, 2.37148292999, 1.15193015763, 0.98292656454, 5.25019043448, 5.24540673696, 1.18615290321, 3.4915747327, 0.849310079113, 1.09000080494, 1.01852377963, 1.01200859744, 1.10327127322, 4.70754338512, 1.03082255427, 0.874064248942, 260.584414139, 1.13889205898, 3.77641762127, 1.03445275291, 3.34260695415, 1.05891379513, 214.703020533, 18.9845830264
3.60789831289, 1.00000005808, 1.59781784152, 1.08678127988, 6.67787058164, 0.975120457522, 2.08085279675, 1.04776388386, 0.913095478499, 3.64197957853, 5.92783752664, 1.05863213357, 1.95161530174, 0.852069964416, 1.09000029595, 1.00749501295, 1.04623834221, 1.02289911463, 3.61714505567, 1.16456854433, 0.800517047093, 479.944406038, 0.930942751282, 4.52778873686, 0.99624402443, 4.16363918279, 1.2108487733, 187.377422022, 24.4275517272
1.22440909989, 1.00000085153, 1.00273568429, 1.0226423244, 4.49947779642, 0.897888486397, 2.84161739934, 1.12198957214, 0.967169731486, 4.11662789791, 5.05116171656, 0.990761425008, 3.40470798102, 0.871569780391, 1.09000023908, 1.03799545377, 1.00504645635, 1.21222567868, 4.98209189809, 1.00498285689, 0.886392674583, 512.769677006, 1.1207867362, 5.89155608653, 1.1051495887, 1.06029733429, 1.26964156528, 293.428553081, 14.9939560937
2.40519747492, 1.00000081407, 1.53499845417, 0.99093665307, 2.21922983773, 0.905423588707, 3.20384573002, 1.08038783886, 0.943484186785, 5.68396217791, 5.87396346168, 0.845777441107, 1.88618169759, 0.885673497672, 1.0900004534, 1.05284473304, 1.0450780967, 0.849876533116, 8.57652650511, 0.960250291244, 0.845294819682, 405.703170057, 0.920898805649, 4.3572880222, 1.19019241539, 5.00539288724, 1.2893697238, 285.419943416, 15.0511160882
3.6746748947, 1.00000098276, 1.17426796472, 0.984701797079, 2.02355032535, 0.829841222854, 4.16397669406, 1.13036547044, 0.902584965321, 3.76739034895, 5.31499350349, 0.934919908956, 4.05326287741, 1.00783926028, 1.09000004567, 1.06536771459, 1.01132692285, 0.956074054513, 9.49120101762, 1.16333458975, 0.829160756031, 805.490324565, 1.15704930299, 5.2249004978, 1.11286102403, 1.59743074179, 1.21719115077, 246.339363783, 16.1176401138
2.53170487856, 1.00000064795, 1.4883363597, 1.13819390009, 4.70206302284, 0.812947937122, 1.20518750378, 1.09026507925, 0.992889222504, 4.07156869135, 5.04112761186, 0.99930242216, 1.90945741995, 1.28307192784, 1.09000074151, 1.06079298094, 1.02946533096, 1.173905644, 9.92915870167, 1.13507242002, 0.821137964128, 394.147333541, 1.06196251865, 1.49576294724, 0.990304659093, 3.65395029246, 1.26686801788, 315.566176124, 14.7381451721
1.80279686194, 1.00000054094, 1.39057185711, 1.04732653796, 1.76452474468, 0.812947937122, 3.11074535492, 1.07245663835, 0.916311831051, 4.22556520188, 5.62350347117, 1.0874853545, 2.60012455978, 1.09486855782, 1.09000048644, 1.04904053443, 1.00169642252, 1.17443132396, 9.39765816035, 1.17343920371, 0.977865957605, 67.7672487205, 1.10400302421, 4.27648526733, 0.961964191444, 4.36991905162, 1.27362464935, 243.94208718, 18.8486903157
2.40519747492, 1.00000081407, 1.53499845417, 0.923230218545, 1.42656042375, 0.905423588707, 3.20384573002, 1.08038783886, 0.943484186785, 5.68396217791, 5.87396346168, 0.829085515262, 1.88618169759, 1.12700993281, 1.0900004534, 1.05284473304, 1.0450780967, 0.938954821708, 8.57652650511, 0.960250291244, 0.845294819682, 405.703170057, 0.920898805649, 3.84600015754, 1.19019241539, 5.00539288724, 1.2893697238, 219.090200511, 19.6426332033
3.6746748947, 1.00000098276, 1.28789528959, 0.910425340961, 2.02355032535, 0.891897991636, 4.16397669406, 1.15193015763, 0.902584965321, 3.76739034895, 5.72584437055, 0.934919908956, 4.05326287741, 1.00783926028, 1.09000004567, 1.06536771459, 1.01132692285, 0.956074054513, 9.49120101762, 1.16333458975, 0.791233484422, 805.490324565, 1.15704930299, 5.2249004978, 1.11286102403, 2.34014416374, 1.21719115077, 194.815954482, 24.5674755215
3.29548922993, 1.00000070707, 1.17277650371, 0.896319040736, 6.64594079162, 0.82741343659, 1.21212017699, 1.20393073588, 0.921781961201, 2.9482454552, 5.619925938, 1.05273097559, 3.77150990599, 1.19817231488, 1.09000013852, 1.04435086463, 1.00922117452, 1.00053658322, 5.56728845318, 1.04082958001, 0.761412377531, 11.88621602, 1.05135366057, 4.24227229434, 1.14092189327, 2.82185860982, 1.0680328348, 281.152254428, 16.6599707486
2.24759754603, 1.00000000157, 1.51091036096, 1.15466677143, 5.35137198517, 0.825877473172, 2.10884843306, 1.24484308579, 0.996639773953, 2.26420002944, 5.71360426942, 1.08269512468, 3.74915274279, 1.09414271586, 1.09000033709, 1.05018521026, 1.01649313855, 0.95069954535, 7.30524704514, 1.10181720941, 0.957373213191, 995.761286125, 1.16096062169, 5.86274517358, 1.02938152982, 2.84231302963, 0.902839254082, 340.803600892, 15.3274878886
2.45352484615, 1.00000086161, 1.70930072047, 0.856497951214, 5.56278670735, 0.818533478691, 4.72492659918, 1.22654232381, 0.921033580262, 5.94933624386, 5.40233523143, 0.849337972785, 3.70633822228, 1.22748370251, 1.09000039466, 1.00530904262, 1.02589473032, 0.968149537166, 6.04778725105, 1.15670737855, 0.825002683193, 724.851488792, 0.915087034242, 3.60354819191, 1.0131340242, 4.35955526471, 0.913873439326, 244.043380938, 19.4211717994
1.22440909989, 1.00000085153, 1.00273568429, 1.0226423244, 6.04780876426, 0.897888486397, 2.84161739934, 1.12198957214, 0.967169731486, 4.11662789791, 5.05116171656, 1.08269512468, 3.40470798102, 0.87467010756, 1.09000023908, 1.02066257849, 1.00382334503, 1.21222567868, 4.98209189809, 1.10181720941, 0.886392674583, 512.769677006, 1.1207867362, 5.89155608653, 1.1051495887, 1.48314846432, 1.26898126867, 252.920016603, 19.3898162633
3.45628822411, 1.00000007995, 1.14159132954, 1.10293742341, 4.2458434925, 0.981909793046, 1.68439801637, 1.19419818509, 0.933517477607, 3.96140178606, 5.61092448388, 1.08907224339, 3.67949904291, 1.13692919473, 1.09000040029, 1.08938092235, 1.00383408039, 1.18596521869, 6.69910644931, 0.938536037421, 0.863883083824, 84.2082329662, 1.12256717231, 4.80814956227, 1.08243892925, 2.57305992381, 1.02499231963, 240.495742561, 19.9707659353
5.17161277157, 1.00000043488, 1.23620792697, 0.973099802319, 5.04732383488, 0.854553570029, 1.57904212432, 1.12619540492, 0.911681251489, 2.68648917566, 5.06162184198, 1.15049445502, 4.58039241743, 0.973831033957, 1.09000002251, 1.083689296, 1.01733149689, 1.10237595708, 8.80506242042, 0.914478316086, 0.910585484211, 392.878607963, 0.939734290928, 3.00381545474, 1.12149852043, 4.41652962852, 1.04033890122, 215.84122454, 26.1400189896
4.97667725475, 1.00000070505, 1.26963002916, 0.863667848121, 4.59882588159, 0.760130046995, 3.94439854, 1.18594698747, 0.994205415508, 4.81368402905, 5.62869643591, 0.890280332597, 4.05326287741, 0.832684498212, 1.09000082855, 1.02074155746, 1.00607242969, 0.99651348159, 3.67195524229, 1.17567365677, 0.81746475298, 577.720105444, 1.13860317298, 2.71000170222, 1.03544074188, 4.70209177251, 1.05211375309, 230.578864996, 25.2115013286
3.15188326157, 1.00000034019, 1.71477665521, 1.19433443447, 3.20473761001, 0.852450752883, 4.01026603536, 1.08044891171, 0.955840137949, 3.93734528797, 5.6263221455, 1.05694242235, 2.98671585061, 1.11420372593, 1.09000052905, 1.06363304602, 1.03929445819, 1.19558238114, 9.11889022774, 1.1011328301, 0.996173668957, 543.63030523, 1.16584496659, 2.23745601107, 1.03322009086, 3.24820054765, 1.27975347411, 325.405180192, 17.5427064304
4.77580704515, 1.00000020574, 1.08883484518, 0.922500208893, 5.70738409648, 0.783759865244, 3.02295443025, 1.07113065679, 0.955682836617, 5.6790897706, 5.19028764378, 0.93835335869, 4.4290751786, 0.957258050825, 1.09000007301, 1.03292220969, 1.04993491415, 0.995324273297, 3.33215842363, 1.08959757942, 0.964695626285, 339.9031996, 1.1276152222, 3.59468788296, 1.06498074712, 5.29479979744, 0.919947103785, 286.789818663, 17.6729561409
4.82194497032, 1.00000011771, 1.64095873662, 1.06346196294, 6.93003620548, 0.879573599065, 4.45435398615, 1.24513105614, 0.971712869965, 3.78346632178, 5.49639210111, 1.05624722209, 1.7120004198, 0.887726057689, 1.09000021975, 1.06336466266, 1.02230854594, 0.98936540729, 5.58813048923, 1.15513315782, 0.942046590192, 798.34082809, 1.15006505898, 5.20016477362, 1.05868545388, 4.3200407421, 1.13101640763, 353.281685951, 15.9438533943
3.64378851438, 1.00000033829, 1.07759800912, 1.18963509649, 6.66557840896, 0.841670921472, 1.96514963506, 1.0257545846, 0.989007190434, 1.25635828882, 5.88687728083, 1.10105864912, 1.13035811912, 1.16362218915, 1.09000077206, 1.00213198091, 1.01723638146, 0.924703434617, 4.49188898382, 1.12987529322, 0.826264366056, 25.3189934567, 1.06781401999, 5.6505419468, 1.08943592851, 4.77313903487, 0.970011373466, 353.889346176, 15.4117763564
3.45676436388, 1.00000096387, 1.00403367297, 1.21995128547, 4.42257702359, 0.998197097247, 3.32167528689, 1.0169727819, 0.909632098874, 4.39626114309, 4.76844018962, 1.00419710801, 3.23311014639, 1.13658940198, 1.09000072094, 1.0272139639, 1.02231164138, 0.984299769569, 5.38483164203, 1.18520704632, 0.859515430756, 166.567119904, 1.18124684816, 3.89583940447, 1.13678859239, 3.46013219807, 1.19970788492, 271.322307966, 20.2805484771
3.97825545499, 1.00000035424, 1.54324243113, 1.17671350499, 4.35181588384, 0.841670921472, 1.19077507215, 1.10470864169, 0.90183847659, 2.84335355184, 5.63320175029, 0.89573868534, 4.3730694335, 0.915681244248, 1.09000025457, 1.01484618521, 1.03285777563, 1.06563378086, 3.33811063053, 0.910660196417, 0.855244267766, 92.4612158191, 1.1540955818, 4.67671699477, 1.01674382179, 3.17728800428, 1.10865698856, 228.796097509, 27.1027833363
1.00249981416, 1.00000086161, 1.70930072047, 0.831410630964, 5.56278670735, 0.857965386283, 4.72492659918, 1.22654232381, 0.921033580262, 6.07713706181, 5.40233523143, 0.849337972785, 1.96241145734, 1.22748370251, 1.09000039466, 1.00530904262, 1.0414162681, 0.968149537166, 6.04778725105, 1.15670737855, 0.825002683193, 724.851488792, 0.915087034242, 3.60354819191, 1.0131340242, 4.35955526471, 0.913873439326, 231.885714048, 25.7741882383
4.58996807, 1.00000016309, 1.05484760257, 1.00633086548, 3.28015280173, 0.748454205856, 3.53403239165, 1.17196140856, 0.910066500259, 5.65698814649, 5.64531668087, 0.896156986202, 4.87594269653, 0.977561030426, 1.09000023601, 1.05944188117, 1.03803140884, 1.15927692087, 4.33994699862, 0.985847356217, 0.96034508925, 597.323491582, 1.01541338022, 4.50026915347, 1.08782264933, 4.19749239828, 0.908170780216, 373.512095799, 15.7002225053
2.45352484615, 1.00000086161, 1.14159132954, 1.10293742341, 5.56278670735, 0.818533478691, 4.72492659918, 1.22654232381, 0.921033580262, 5.94933624386, 5.40233523143, 0.849337972785, 3.70633822228, 1.22748370251, 1.09000039466, 1.00530904262, 1.02589473032, 0.968149537166, 6.04778725105, 1.17922120392, 0.825002683193, 724.851488792, 1.12256717231, 3.60354819191, 1.0131340242, 4.35955526471, 1.02499231963, 308.046789392, 21.9982201007
1.37165753545, 1.00000095166, 1.01894451994, 1.07666704611, 5.81028516693, 0.888666978251, 4.66246667063, 1.14569341515, 0.973768339506, 3.79447353158, 5.32684638764, 0.915474283576, 1.24866995117, 1.08780560396, 1.09000063648, 1.07998169024, 1.0358378807, 1.1659782051, 9.85643528762, 1.08369417442, 0.770890122126, 795.264749163, 1.07561085335, 1.30700532687, 1.08312569759, 4.30914115764, 0.976145398321, 314.57767907, 21.4573910578
3.29548922993, 1.00000070707, 1.17277650371, 0.896319040736, 6.64594079162, 0.831109981755, 1.21212017699, 1.20906252529, 0.921781961201, 2.9482454552, 5.619925938, 1.05273097559, 3.77150990599, 1.19817231488, 1.09000013852, 1.04435086463, 1.00922117452, 1.00053658322, 5.56728845318, 1.04082958001, 0.761412377531, 11.88621602, 1.05135366057, 4.24227229434, 1.14092189327, 2.82185860982, 1.0680328348, 232.409399674, 28.1556694923
4.23381087324, 1.00000010223, 1.20643361283, 1.0314991466, 6.26077877811, 0.950810718279, 2.48708138699, 1.12867683108, 0.99395139719, 2.27043086024, 5.57166620411, 1.07018587661, 3.74915274279, 1.16244109166, 1.09000019771, 1.02481672181, 1.03656239489, 1.07887224555, 3.67335632572, 1.14304041108, 0.846059734194, 476.668993076, 1.03035076289, 5.94647036494, 1.21913307506, 2.42201143155, 0.878553400035, 262.728469816, 26.259758895
3.8568297285, 1.00000036867, 1.24738975016, 0.941374183882, 1.44730184417, 0.986399289669, 2.04343885881, 1.20581593346, 0.966349360199, 6.00867018911, 5.28731234828, 0.924466369897, 4.83441930554, 1.07929961414, 1.09000057759, 1.02242880758, 1.02586213223, 1.0174603553, 4.12391332389, 1.08579331749, 0.978225289592, 943.058875595, 1.04958733376, 3.10211873708, 1.20952894681, 4.42921662389, 1.02534031441, 237.194438439, 26.4923311546
2.05876924745, 1.00000005808, 1.59781784152, 1.08678127988, 6.67787058164, 0.975120457522, 2.08085279675, 1.04776388386, 0.913095478499, 3.64197957853, 5.46172800613, 1.05863213357, 1.95161530174, 0.852069964416, 1.09000029595, 1.00749501295, 1.04623834221, 1.02289911463, 3.61714505567, 1.08579331749, 0.978225289592, 479.944406038, 0.930942751282, 4.52778873686, 0.99624402443, 4.16363918279, 1.2108487733, 524.838211876, 16.5527263017
4.58996807, 1.00000016309, 1.01489423968, 1.00633086548, 3.28015280173, 0.748454205856, 3.53403239165, 1.17196140856, 0.910066500259, 1.66818192835, 5.64531668087, 0.896156986202, 4.87594269653, 0.977561030426, 1.0900005795, 1.05944188117, 1.03803140884, 1.15927692087, 4.33994699862, 0.985847356217, 0.96034508925, 557.498754465, 1.15443579061, 4.50026915347, 1.08782264933, 4.19749239828, 1.29505951307, 389.895475493, 18.7769493955
1.28909851025, 1.0000003909, 1.18753552075, 1.09712448572, 3.52721327459, 0.807989623638, 2.74711954998, 1.04933235033, 0.979187495224, 1.50345934941, 5.50460999164, 1.01712235522, 3.23462606318, 0.991336057123, 1.09000034944, 1.02376493926, 1.04167317818, 1.20562342614, 3.8225658746, 1.13878267326, 0.786725503614, 383.437496038, 1.03374138463, 5.31200458119, 1.01674382179, 1.19116666436, 1.20089943862, 441.577703416, 16.7795519324
2.21840638894, 1.00000049841, 1.60918897868, 1.13520783659, 6.56463787985, 0.736615280361, 4.21821607798, 1.17175855367, 0.986928772603, 5.93792808203, 5.90851651136, 1.10183872476, 3.80158424286, 0.84586160555, 1.09000080303, 1.03637086612, 1.01783972702, 1.19280031246, 6.81286819757, 1.03962347459, 0.865251695631, 255.792762917, 0.984688911887, 3.76274707085, 1.1453093735, 1.29526103921, 0.908940204725, 427.183343971, 17.5983905589
2.24420200891, 1.00000080667, 1.69402067543, 0.914067296628, 6.20344462526, 0.753753472846, 4.3210474741, 1.05516534709, 0.921619799627, 4.40481967702, 6.02832358941, 1.21611247669, 4.31997296673, 1.00885800281, 1.09000027012, 1.0535884803, 1.04002693013, 0.872327914659, 5.28473065724, 1.0901808968, 0.992906422729, 581.786757976, 0.934441495179, 5.95521416029, 1.00585244976, 3.19625130966, 0.913101134456, 311.318808245, 22.3291407065
4.77416613852, 1.00000043349, 1.13230580278, 1.03531336295, 6.78155351035, 0.715632848594, 1.01830838249, 1.04629103516, 0.998794507093, 2.84335355184, 5.52511331499, 1.14455750233, 4.10641416192, 1.06054658556, 1.09000007632, 1.08133109278, 1.01447286019, 0.811700372477, 4.07085729247, 0.927623153717, 0.895119720096, 590.081099382, 1.19849609467, 5.94113052545, 1.20873338332, 2.65593000404, 0.89163668912, 343.466879583, 21.6473603535
1.80279686194, 1.00000048004, 1.30734251581, 1.02821665787, 4.37952706797, 0.734698458987, 2.42604307954, 1.0923791145, 0.972369498387, 1.62690050799, 5.29995860333, 0.839997907116, 4.87285148677, 1.09178992417, 1.09000018395, 1.03663454778, 1.00183906608, 1.09502946562, 9.970294646, 1.02122551374, 0.839062383566, 148.397178119, 1.16939088515, 3.60627095516, 1.12225664982, 1.15842122489, 0.957732572358, 275.001400011, 27.7252923279
5.17161277157, 1.00000089253, 1.05484760257, 0.824580141462, 2.9849054962, 0.859100795664, 1.22283169224, 1.11723987331, 0.984061497262, 5.65698814649, 4.69620744007, 0.904427351904, 3.96966093777, 0.87467010756, 1.0900005063, 1.10658577616, 1.00383408039, 0.930666539644, 3.63011607442, 1.02298839797, 0.768874268343, 36.530351322, 1.12256717231, 1.12881024535, 1.04153329612, 1.48314846432, 0.908170780216, 481.921180976, 16.8708982895
3.6746748947, 1.00000098276, 1.28789528959, 0.910425340961, 2.02355032535, 0.829841222854, 4.16397669406, 1.15193015763, 0.902584965321, 3.76739034895, 5.72584437055, 0.934919908956, 4.05326287741, 1.00783926028, 1.09000004567, 1.06536771459, 1.01132692285, 0.956074054513, 9.49120101762, 1.16333458975, 0.791233484422, 805.490324565, 1.15704930299, 5.2249004978, 1.11286102403, 1.59743074179, 1.21719115077, 317.547196357, 22.3576352489
5.10593806194, 1.00000013596, 1.06051586038, 0.926780380797, 3.83771348808, 0.94308379276, 5.76729631657, 1.15656244646, 0.900527821309, 3.68811765357, 5.15556514375, 0.972651950578, 3.50529548033, 1.0751601345, 1.090000994, 1.0980142837, 1.01555857982, 0.854015328625, 9.19312585884, 0.995993493648, 0.825265541847, 886.891851957, 1.06305186604, 4.45079162434, 1.092078334, 2.19037853828, 1.23008110066, 377.716992172, 21.9361702322
3.6746748947, 1.00000098276, 1.17426796472, 0.984701797079, 2.02355032535, 0.99589395184, 4.16397669406, 1.13036547044, 0.902584965321, 3.76739034895, 5.31499350349, 0.934919908956, 4.05326287741, 1.00783926028, 1.09000004567, 1.06536771459, 1.0127633056, 0.956074054513, 9.49120101762, 1.16333458975, 0.829160756031, 805.490324565, 0.968906401468, 5.2249004978, 1.11286102403, 1.59743074179, 1.21719115077, 278.689167339, 28.1215721735
3.95678103303, 1.00000033829, 1.28278244871, 0.942925946826, 6.5184514544, 0.963917804402, 3.99876825613, 1.07692139375, 0.929740308989, 3.62488283754, 5.96783216299, 1.21827688209, 2.50275458507, 0.840090821915, 1.09000058766, 1.05006281081, 1.0424833982, 1.20127543596, 4.10823965587, 1.11426863573, 0.862893100233, 563.335897524, 0.960046100536, 4.57303438698, 0.952051455539, 4.98790086069, 1.2783345347, 285.782003653, 27.8193277391
4.76133594072, 1.00000062611, 1.0588968507, 1.01226610745, 6.2063026531, 0.823776673513, 3.24500725085, 1.17522496449, 0.997936529476, 4.27839993642, 4.96115697454, 0.882693556268, 3.51207761481, 0.831809049565, 1.09000042944, 1.03164426203, 1.0266863038, 0.95890582595, 4.99448047426, 0.993138351797, 0.937491908079, 697.914239267, 1.19647405679, 1.59336317165, 1.12964577516, 3.00831669755, 0.904882424087, 557.251382631, 17.347723239
4.77416613852, 1.00000043349, 1.12158520969, 1.03531336295, 6.78155351035, 0.715632848594, 1.01830838249, 1.04629103516, 0.998794507093, 2.84335355184, 5.52511331499, 1.14455750233, 4.10641416192, 1.2231611099, 1.09000007632, 1.08133109278, 1.01447286019, 0.811700372477, 4.07085729247, 0.927623153717, 0.918544008428, 590.081099382, 1.19849609467, 5.94113052545, 1.08131162209, 2.65593000404, 0.89163668912, 611.239205786, 17.1396742887
2.35102814327, 1.00000004758, 1.38928029133, 1.1265396244, 2.12041511852, 0.878502733515, 1.53753818485, 1.05076372945, 0.976036878232, 6.09449749596, 4.71090428323, 1.21571086884, 1.964766746, 1.1854097173, 1.09000096392, 1.01146131621, 1.01340589704, 0.996371227407, 7.15810293868, 1.14925616744, 0.89555865038, 914.83808764, 0.935380289973, 2.19936597275, 1.09927890822, 2.23936651051, 1.24028711905, 482.990135971, 17.7004757358
1.8975517644, 1.00000095003, 1.33740604281, 1.05481292775, 1.56277059363, 0.838565741106, 2.67923560375, 1.0622505935, 0.94256416157, 1.44566227611, 6.04719346519, 0.874064639936, 2.6070551696, 1.24176153947, 1.09000006442, 1.0839396228, 1.02727464075, 0.841553386452, 9.06649159084, 1.13658994799, 0.804188864157, 310.186263259, 1.03442409289, 3.56708752643, 1.15317208822, 3.42029149396, 0.955660540372, 324.817804979, 22.8217248137
1.22440909989, 1.00000085153, 1.00273568429, 1.0226423244, 4.49947779642, 0.897888486397, 2.84161739934, 1.12198957214, 0.967169731486, 4.11662789791, 5.05116171656, 0.990761425008, 3.40470798102, 0.87467010756, 1.09000023908, 1.03799545377, 1.00382334503, 1.21222567868, 4.98209189809, 1.00498285689, 0.886392674583, 512.769677006, 1.1207867362, 5.89155608653, 1.1051495887, 1.48314846432, 1.26898126867, 355.061712811, 22.3710104756
1.80279686194, 1.00000000157, 1.51091036096, 1.1281850519, 5.59397565529, 0.743475283381, 2.10884843306, 1.24484308579, 0.986928772603, 5.93792808203, 5.41528938841, 1.08885870135, 1.38544245284, 1.09178992417, 1.09000033709, 1.03663454778, 1.01649313855, 1.19280031246, 8.34553061955, 1.10181720941, 0.957373213191, 959.284906188, 1.16096062169, 5.86274517358, 1.00772634452, 2.85377334513, 0.902839254082, 341.174529196, 22.4410709783
1.28909851025, 1.0000003909, 1.18753552075, 1.1011219726, 3.52721327459, 0.807989623638, 2.74711954998, 1.04933235033, 0.94091352992, 1.50345934941, 5.50460999164, 1.01712235522, 3.23462606318, 0.991336057123, 1.09000034944, 1.02376493926, 1.04167317818, 1.20562342614, 3.68189404838, 1.1727671109, 0.786725503614, 383.437496038, 1.19087010903, 5.31200458119, 1.0213207477, 1.19116666436, 1.20089943862, 279.867598658, 28.1804462685
1.8975517644, 1.00000037267, 1.33740604281, 1.05481292775, 1.56277059363, 0.838565741106, 2.67923560375, 1.0784627833, 0.94256416157, 1.44566227611, 6.04719346519, 0.874064639936, 2.6070551696, 1.24924516083, 1.09000006442, 1.0839396228, 1.04457286591, 0.841553386452, 9.06649159084, 1.13658994799, 0.804188864157, 310.186263259, 1.03442409289, 3.56708752643, 1.15317208822, 5.1157675316, 0.955660540372, 494.882326099, 20.1129917164
5.17161277157, 1.00000043488, 1.23620792697, 0.973099802319, 5.04732383488, 0.854553570029, 2.61829441612, 1.12619540492, 0.911681251489, 4.31643264403, 5.06162184198, 1.15049445502, 4.58039241743, 0.973831033957, 1.09000017052, 1.083689296, 1.01733149689, 1.10237595708, 8.80506242042, 0.939780586737, 0.910585484211, 392.878607963, 0.939734290928, 5.45038586049, 1.12149852043, 4.41291748108, 1.04033890122, 500.046693318, 19.222895127
1.22440909989, 1.00000043235, 1.24546813328, 0.824580141462, 3.64303991866, 0.859100795664, 1.22283169224, 1.11723987331, 0.967169731486, 5.65698814649, 4.84001586452, 0.926951014597, 3.96966093777, 0.87467010756, 1.0900005063, 1.10658577616, 1.00383408039, 0.930666539644, 3.63011607442, 1.02298839797, 0.768874268343, 36.530351322, 1.12256717231, 2.04479914395, 1.04153329612, 1.48314846432, 0.908170780216, 545.367212585, 17.9195540333
3.64378851438, 1.00000033829, 1.07759800912, 1.18963509649, 5.01531477038, 0.954070849459, 1.5320930492, 1.02710122824, 0.995738892977, 1.43569247291, 5.2462930738, 0.91338948973, 1.13035811912, 1.16362218915, 1.09000077206, 1.00033556286, 1.01723638146, 0.924703434617, 4.49188898382, 1.12987529322, 0.826264366056, 25.3189934567, 1.06781401999, 5.6505419468, 1.08943592851, 4.77313903487, 1.27699708804, 537.407834987, 19.1391418237
3.77247563334, 1.0000000878, 1.56591793249, 1.18454618228, 5.83375790313, 0.917239934567, 5.79407329744, 1.02197630639, 0.966698784796, 1.24765390628, 5.52726843494, 0.963916083216, 3.37714450638, 1.16244109166, 1.09000027573, 1.10727805234, 1.0011276444, 1.08425183233, 3.97396090534, 0.983791497747, 0.800416295193, 449.060703056, 1.15704930299, 3.00381545474, 1.15962232425, 1.06227855544, 1.07900580429, 490.645818289, 20.3836490811
2.53170487856, 1.00000064795, 1.4883363597, 1.13819390009, 4.70206302284, 0.812947937122, 1.20518750378, 1.01968506577, 0.992889222504, 4.07156869135, 5.04112761186, 0.99930242216, 1.90945741995, 0.877228289419, 1.09000074151, 1.06079298094, 1.02946533096, 1.17443132396, 9.92915870167, 1.13507242002, 0.821137964128, 394.147333541, 0.959243464337, 1.34946777962, 0.990304659093, 4.16554750819, 1.21634537189, 568.045550811, 17.7275464403
2.47752116304, 1.00000025755, 1.64246972885, 1.12500811636, 2.7935518094, 0.898190983795, 2.37982217024, 1.00231659642, 0.959198555347, 3.1656737652, 5.50134223114, 0.984816837579, 1.18481242066, 0.877228289419, 1.09000098847, 1.10157507992, 1.01446045309, 0.826291920528, 3.27946580545, 1.10880151575, 0.912651365711, 615.74936833, 1.04611534054, 2.20903862186, 1.20532451482, 5.21014167274, 1.29391875044, 381.583035336, 22.884924901
5.48591297399, 1.00000025755, 1.64246972885, 1.12500811636, 2.7935518094, 0.898190983795, 2.37982217024, 1.00231659642, 0.959198555347, 4.97228608189, 5.50134223114, 0.984816837579, 2.76786645932, 0.877228289419, 1.0900009885, 1.10157507992, 1.01954062992, 0.826291920528, 3.27946580545, 1.10880151575, 0.912651365711, 615.74936833, 0.991734612705, 2.20903862186, 1.20532451482, 5.21014167274, 1.29391875044, 341.661264742, 29.4890192041
1.8975517644, 1.00000095003, 1.33740604281, 1.05481292775, 1.56277059363, 0.838565741106, 2.67923560375, 1.0622505935, 0.94256416157, 1.44566227611, 6.04719346519, 0.874064639936, 2.6070551696, 1.24176153947, 1.09000006442, 1.0839396228, 1.01531811971, 0.841553386452, 9.06649159084, 1.13658994799, 0.804188864157, 310.186263259, 1.03442409289, 5.75341964582, 1.15317208822, 3.42029149396, 0.943133223192, 302.023890781, 30.2824566215
2.05876924745, 1.0000005323, 1.59781784152, 1.21836798101, 6.67787058164, 0.975120457522, 2.08085279675, 1.04776388386, 0.933044183709, 3.64197957853, 5.92783752664, 1.05863213357, 1.95161530174, 0.86509339545, 1.09000035279, 1.00749501295, 1.04344204925, 1.02289911463, 3.47227633532, 1.08579331749, 0.978225289592, 479.944406038, 0.930942751282, 4.52778873686, 0.99624402443, 4.16363918279, 1.2108487733, 343.424285233, 28.9510827667
3.8568297285, 1.00000036867, 1.24738975016, 0.941374183882, 1.44945960755, 0.986399289669, 2.04343885881, 1.20581593346, 0.966349360199, 6.00867018911, 5.28731234828, 0.924466369897, 4.83441930554, 1.07929961414, 1.09000057759, 1.02242880758, 1.02586213223, 1.0174603553, 4.12391332389, 1.16456854433, 0.800517047093, 943.058875595, 1.04958733376, 3.10211873708, 1.20952894681, 4.42921662389, 1.02534031441, 307.475592742, 29.8650533372
3.45676436388, 1.00000096387, 1.03119565387, 1.21995128547, 4.42257702359, 0.998197097247, 3.32167528689, 1.0169727819, 0.909632098874, 4.39626114309, 4.76844018962, 1.17585884921, 3.23311014639, 1.13658940198, 1.09000072094, 1.0272139639, 1.02231164138, 0.984299769569, 5.38483164203, 1.18520704632, 0.859515430756, 166.567119904, 1.16547907681, 4.1794178345, 1.13678859239, 3.46013219807, 1.20989089969, 342.607819768, 28.9645529464
4.14540432139, 1.00000018535, 1.24738975016, 0.941374183882, 1.44945960755, 0.986399289669, 5.60406751339, 1.20581593346, 0.967436077462, 6.00867018911, 5.28731234828, 0.924466369897, 4.67039084176, 1.02083184632, 1.09000071986, 1.00692714475, 1.02586213223, 0.865842557585, 4.12391332389, 1.16456854433, 0.800517047093, 943.058875595, 1.04958733376, 3.10211873708, 1.04672185009, 4.6427641097, 1.02534031441, 556.849960069, 17.9324117853
4.23381087324, 1.00000010223, 1.22734822962, 1.0314991466, 6.26077877811, 0.950810718279, 2.48708138699, 1.12867683108, 0.99395139719, 2.27043086024, 5.57166620411, 1.07018587661, 3.74915274279, 1.16244109166, 1.09000019771, 1.02481672181, 1.03656239489, 0.88881469045, 3.67335632572, 1.14304041108, 0.846059734194, 476.668993076, 0.990427267394, 5.94647036494, 1.21913307506, 2.42201143155, 0.898744889527, 502.259457842, 20.5527755865
2.05876924745, 1.00000005808, 1.59781784152, 1.08678127988, 6.67787058164, 0.975120457522, 2.08085279675, 1.04776388386, 0.913095478499, 3.64197957853, 5.92783752664, 1.05863213357, 1.95161530174, 0.852069964416, 1.09000029595, 1.00749501295, 1.04623834221, 1.02289911463, 3.61714505567, 1.08579331749, 0.978225289592, 479.944406038, 0.930942751282, 4.52778873686, 0.99624402443, 4.16363918279, 1.2108487733, 394.751704411, 23.2494684824
5.71694954004, 1.00000070707, 1.17277650371, 0.896319040736, 3.32652982877, 0.82741343659, 1.02387878469, 1.20393073588, 0.921781961201, 2.9482454552, 5.619925938, 1.05273097559, 3.41013483762, 1.19817231488, 1.09000013852, 1.02849058633, 1.00295608889, 1.14873424146, 5.56728845318, 1.04082958001, 0.761412377531, 11.88621602, 1.05135366057, 4.24227229434, 1.14092189327, 2.55960312975, 1.0680328348, 342.457442126, 29.8001817001
2.24759754603, 1.00000000157, 1.51091036096, 1.1281850519, 5.59397565529, 0.825877473172, 2.10884843306, 1.24484308579, 0.996639773953, 2.26420002944, 5.41528938841, 1.08269512468, 1.38544245284, 0.905818073513, 1.09000033709, 1.05018521026, 1.01649313855, 0.95069954535, 7.30524704514, 1.10181720941, 0.957373213191, 959.284906188, 1.16096062169, 5.86274517358, 1.04672185009, 2.84231302963, 0.902839254082, 616.223022443, 17.9381771611
