0.105919537832, 1.01264079746, 7.01899920886, 0.711195245075, 95.8204402384, 4.10766425495, 0.44727341692, 1.33534604529, 13.9597094703, 0.0, 0.0
0.101952114421, 0.840883081792, 7.01899920886, 0.711195245075, 93.176057676, 1.38406944034, 0.213106429961, 1.43056257199, 19.9621323372, 0.000620360308118, 0.0
0.105919537832, 0.912485741983, 5.76968439944, 0.892401414128, 81.4757902622, 1.13213632454, 0.44727341692, 3.70469346591, 10.3935678709, 0.000917386831063, 0.0
0.101952114421, 0.840550638485, 2.18140291683, 0.837939873368, 91.5592300711, 1.38406944034, 0.213106429961, 2.57981093925, 19.9621323372, 0.00112714247642, 0.0
0.128944040909, 0.840883081792, 2.13592410827, 0.892401414128, 90.5706885596, 1.38406944034, 0.213106429961, 1.49123887473, 19.9621323372, 0.00173484457073, 0.0
0.101952114421, 1.02064365187, 2.13592410827, 0.722660502841, 90.5706885596, 1.38406944034, 0.702469104984, 2.57981093925, 19.9621323372, 0.00230551070741, 0.0
0.100030985977, 1.02064365187, 2.04466812506, 0.888419433268, 90.5706885596, 1.38406944034, 0.44727341692, 1.49123887473, 18.4384003248, 0.00244435614636, 0.25
0.101952114421, 0.840883081792, 2.13592410827, 0.722660502841, 90.5706885596, 1.45873177116, 0.213106429961, 1.49123887473, 16.4625801674, 0.00249794492772, 0.142857142857
0.101952114421, 1.13402476232, 5.17400574237, 0.608703748944, 90.5706885596, 1.13213632454, 0.0490574586601, 1.49123887473, 18.4384003248, 0.00266173580474, 0.0
0.101952114421, 1.13402476232, 2.37051174246, 0.624461179801, 97.4679320485, 1.38406944034, 0.0490574586601, 1.49123887473, 18.4384003248, 0.00251754271007, 0.416666666667
0.105919537832, 1.03437541015, 7.01899920886, 0.942370318159, 94.0710324685, 1.10645667727, 1.14095636018, 2.85603089019, 11.7372524151, 0.00276862402807, 0.0
0.101365248579, 0.840883081792, 2.13592410827, 0.722660502841, 90.691177905, 1.38406944034, 0.213106429961, 0.000602589835589, 18.7556172161, 0.00280988641261, 0.0
0.101952114421, 1.04907359798, 4.58506223312, 0.759857719363, 90.5706885596, 1.38406944034, 0.213106429961, 1.49123887473, 18.4384003248, 0.00298592455422, 0.0
0.101952114421, 0.840883081792, 2.13592410827, 0.722660502841, 91.3199250624, 1.38406944034, 0.315368662485, 1.49123887473, 19.9621323372, 0.00316547106375, 0.0
0.100717496202, 0.9523011045, 3.34615658792, 0.942370318159, 97.2923458822, 1.17421961565, 1.13964800291, 2.85603089019, 17.8307292561, 0.0031981803817, 0.0
0.100717496202, 0.9523011045, 3.34615658792, 0.942370318159, 90.5706885596, 1.17421961565, 1.13964800291, 0.962865741284, 17.8307292561, 0.0032023113588, 0.0
0.100717496202, 1.01264079746, 3.34615658792, 0.942370318159, 97.2923458822, 1.37778612566, 1.13964800291, 2.85603089019, 17.8307292561, 0.00333913466458, 0.0
0.113008463795, 1.01264079746, 5.24580880978, 0.892401414128, 86.2122607473, 1.37778612566, 1.98239434004, 3.48053291921, 19.5425648752, 0.00337192121595, 0.0
0.100717496202, 0.9523011045, 3.34615658792, 0.942370318159, 97.2923458822, 1.17421961565, 1.13964800291, 0.962865741284, 17.8307292561, 0.00337463473922, 0.0
0.101952114421, 1.02064365187, 4.88231589726, 0.759857719363, 83.9549399311, 1.38406944034, 0.213106429961, 1.43056257199, 18.4384003248, 0.00350374279755, 0.0
0.164992756576, 0.918501696808, 7.42625778805, 0.81627028596, 86.7456653756, 1.03877858593, 0.621915564259, 0.0643174063247, 13.1053595814, 0.00348734447951, 0.3
0.113008463795, 1.05081165616, 3.07454220328, 0.832266099068, 81.4757902622, 1.13213632454, 0.213106429961, 4.53892466042, 18.7556172161, 0.00361383450396, 0.0
0.101952114421, 1.13402476232, 5.17400574237, 0.624461179801, 90.5706885596, 1.38406944034, 0.0490574586601, 1.49123887473, 18.4384003248, 0.00362050003063, 0.0
0.105919537832, 1.03437541015, 7.01899920886, 0.942370318159, 94.0710324685, 1.35278702966, 1.14095636018, 2.85603089019, 11.7372524151, 0.00370052918451, 0.0454545454545
0.101952114421, 1.13402476232, 5.17400574237, 0.624461179801, 90.5706885596, 1.38406944034, 0.0490574586601, 1.49123887473, 18.4384003248, 0.00372599714993, 0.0
0.101952114421, 0.825722495253, 7.01899920886, 0.942370318159, 94.0710324685, 1.10645667727, 1.14095636018, 2.85603089019, 11.7372524151, 0.00375301580769, 0.0
0.113008463795, 1.05081165616, 6.09778764631, 0.832266099068, 81.4757902622, 1.13213632454, 1.24174275704, 3.02571989364, 15.6842071565, 0.00382242709603, 0.0
0.101952114421, 1.05959905891, 7.65211617311, 0.892401414128, 86.2122607473, 1.13213632454, 1.98239434004, 1.43056257199, 10.6475031628, 0.00401505216193, 0.0
0.100398596306, 1.05959905891, 4.03633051608, 0.892401414128, 93.4034709646, 1.08741101149, 1.54218605645, 1.64244522956, 16.4625801674, 0.00405943567832, 0.0
0.105919537832, 0.912485741983, 5.76968439944, 0.735360920841, 81.4757902622, 1.13213632454, 0.44727341692, 3.70469346591, 10.3935678709, 0.00401824862501, 0.117647058824
0.127930135666, 0.926963626288, 7.98483329287, 0.783784255844, 93.8045473243, 1.31520136027, 0.874140857321, 1.82837330113, 15.0195526951, 0.00407661284262, 0.0
0.100398596306, 1.05959905891, 4.03633051608, 0.892401414128, 93.4034709646, 1.08741101149, 1.54218605645, 1.64244522956, 16.4625801674, 0.00408455284558, 0.0
0.105919537832, 0.853374085084, 7.41406988065, 0.892401414128, 91.0709611403, 2.61172846161, 0.169497644309, 1.33534604529, 13.9597094703, 0.00424997781282, 0.0
0.113008463795, 1.02560696962, 5.93130419229, 0.78892434231, 89.1533623118, 1.13213632454, 1.50276413414, 2.15267778937, 11.2634708485, 0.00422494544882, 0.0344827586207
0.101952114421, 1.02064365187, 4.58506223312, 0.759857719363, 90.5706885596, 1.38406944034, 0.213106429961, 1.49123887473, 18.4384003248, 0.00427696970032, 0.0
0.113008463795, 1.02560696962, 5.17400574237, 0.78892434231, 84.965373159, 1.13213632454, 1.50276413414, 2.50685382697, 11.2634708485, 0.0043376635109, 0.0
0.114443019212, 1.02064365187, 4.64215382363, 0.759857719363, 90.5706885596, 1.38406944034, 0.44727341692, 1.49123887473, 18.4384003248, 0.00414217164549, 0.3
0.113008463795, 1.02560696962, 6.17079449416, 0.716138349129, 90.35008859, 1.13213632454, 1.428812887, 1.43056257199, 11.2634708485, 0.00435616780235, 0.0
0.113008463795, 1.02560696962, 5.17400574237, 0.78892434231, 84.965373159, 1.13213632454, 1.50276413414, 4.39629781596, 11.2634708485, 0.00441118861646, 0.0
0.101114986246, 0.839822894999, 7.53127311699, 0.907245101485, 80.4632451615, 1.16413565231, 1.46472978985, 2.5152395605, 15.3141212347, 0.00441952114801, 0.0
0.105919537832, 1.03437541015, 7.01899920886, 0.945161987139, 94.0710324685, 1.35278702966, 1.14095636018, 1.49123887473, 11.7372524151, 0.00442851191401, 0.0
0.101952114421, 1.13402476232, 5.17400574237, 0.759857719363, 89.1533623118, 1.00097669235, 0.213106429961, 1.49123887473, 13.8425983658, 0.0043600672724, 0.15
0.101952114421, 1.13402476232, 5.17400574237, 0.759857719363, 89.1533623118, 1.61612996216, 0.213106429961, 1.49123887473, 16.9671824783, 0.0043514580017, 0.3
0.113008463795, 0.840883081792, 7.88458583403, 0.711195245075, 95.8204402384, 1.0807375965, 1.24174275704, 1.61212373031, 12.3681937562, 0.00456807805678, 0.0
0.113008463795, 1.05081165616, 6.09778764631, 0.832266099068, 81.4757902622, 1.13213632454, 1.24174275704, 2.57981093925, 15.6842071565, 0.00457708483623, 0.0
0.133660782105, 0.840883081792, 2.13592410827, 0.928208769345, 90.5706885596, 1.16413565231, 1.96866156089, 1.39023921885, 18.1347901893, 0.00458965785565, 0.0
0.101952114421, 1.02064365187, 6.17079449416, 0.716138349129, 90.5706885596, 1.13213632454, 1.428812887, 1.43056257199, 11.2634708485, 0.00460953134611, 0.0
0.113008463795, 1.02560696962, 6.17079449416, 0.832266099068, 90.35008859, 1.13213632454, 1.5545211238, 1.43056257199, 12.6698724064, 0.00463191041535, 0.0
0.101952114421, 1.02064365187, 2.13592410827, 0.722660502841, 90.5706885596, 1.38406944034, 0.213106429961, 2.57981093925, 19.9621323372, 0.00460686767041, 0.1
0.101365248579, 0.840883081792, 2.13592410827, 0.820725699809, 90.691177905, 1.38406944034, 0.213106429961, 0.000560730410111, 17.2953040171, 0.00471580233303, 0.0
0.100398596306, 0.891387579632, 7.53127311699, 0.704742938399, 93.4034709646, 1.44084106231, 1.7515854819, 1.64244522956, 16.4625801674, 0.00474504437449, 0.0
0.144663974979, 0.840883081792, 2.13592410827, 0.917742246745, 80.4632451615, 1.38406944034, 0.213106429961, 3.36614544908, 14.2099649641, 0.00476386877558, 0.0
0.114443019212, 1.05959905891, 7.65211617311, 0.892401414128, 86.2122607473, 1.13213632454, 1.98239434004, 1.43056257199, 19.5425648752, 0.00478343562767, 0.0
0.101952114421, 0.836173638443, 2.18140291683, 0.837939873368, 91.5592300711, 1.38406944034, 0.213106429961, 2.57981093925, 10.6475031628, 0.00482879233794, 0.0
0.101952114421, 0.840550638485, 2.18140291683, 0.837939873368, 91.5592300711, 1.38406944034, 0.213106429961, 2.57981093925, 19.9621323372, 0.00491469567937, 0.0
0.105919537832, 0.840883081792, 7.01899920886, 0.711195245075, 95.8204402384, 1.38406944034, 0.44727341692, 1.33534604529, 19.9621323372, 0.00493593837523, 0.0
0.114443019212, 0.853374085084, 6.95543830099, 0.625131899918, 86.2122607473, 1.49753109009, 1.99196508533, 1.844238544, 19.5425648752, 0.00496556676083, 0.0
0.101952114421, 1.02064365187, 7.42625778805, 0.899154785202, 90.5706885596, 1.03877858593, 0.44727341692, 1.49123887473, 18.4384003248, 0.00497521397355, 0.0
0.113008463795, 0.840883081792, 7.88458583403, 0.711195245075, 95.8204402384, 1.0807375965, 1.24174275704, 1.61212373031, 19.9621323372, 0.00504020335253, 0.0
0.113008463795, 1.02560696962, 6.68361993891, 0.907245101485, 84.965373159, 1.13213632454, 1.50276413414, 4.39629781596, 11.2634708485, 0.00508676113164, 0.0
0.113008463795, 1.03437541015, 6.23113092857, 0.716138349129, 90.35008859, 1.13213632454, 1.428812887, 1.43056257199, 12.6698724064, 0.00510548598054, 0.0
0.150383527892, 0.918501696808, 7.42625778805, 0.81627028596, 86.2122607473, 1.03877858593, 0.621915564259, 0.0643174063247, 16.2066741297, 0.00513077490666, 0.0
0.100398596306, 0.853374085084, 4.03633051608, 0.834124796931, 93.4034709646, 1.08741101149, 1.54218605645, 1.64244522956, 16.4625801674, 0.00513276681211, 0.0
0.100398596306, 0.891387579632, 7.53127311699, 0.922533062356, 93.4034709646, 1.38406944034, 1.7515854819, 1.14938759784, 16.4625801674, 0.00517295111198, 0.0
0.101952114421, 1.02064365187, 2.04466812506, 0.888419433268, 90.5706885596, 1.38406944034, 0.44727341692, 1.49123887473, 18.4384003248, 0.00517797227177, 0.0
0.114443019212, 1.01264079746, 5.24580880978, 0.892401414128, 86.2122607473, 1.34931423654, 0.961267600205, 4.30246764374, 19.5425648752, 0.0052441207485, 0.0
0.135406972758, 1.01264079746, 5.24580880978, 0.755765804886, 86.2122607473, 1.73359839449, 0.621915564259, 3.48053291921, 13.1053595814, 0.00525920748391, 0.0
0.101952114421, 1.13402476232, 5.17400574237, 0.624461179801, 92.9307519402, 1.0682163811, 1.19886286426, 4.34077838243, 15.0223197626, 0.00532250494758, 0.0
0.101952114421, 1.02064365187, 7.42625778805, 0.899154785202, 90.0110010964, 1.03877858593, 0.44727341692, 1.49123887473, 19.9621323372, 0.00517335810925, 0.214285714286
0.136884274391, 1.05081165616, 6.09778764631, 0.735360920841, 81.4757902622, 1.13213632454, 1.30161596674, 0.0635597913648, 15.6842071565, 0.0053627325351, 0.0333333333333
0.105919537832, 1.03437541015, 7.01899920886, 0.942370318159, 94.0710324685, 1.31520136027, 1.14095636018, 2.85603089019, 11.7372524151, 0.00539576890801, 0.0
0.138394308479, 1.02064365187, 4.58506223312, 0.759857719363, 90.5706885596, 1.38406944034, 0.260040950835, 1.49123887473, 18.4384003248, 0.00516996761759, 0.4
0.101952114421, 1.13402476232, 5.17400574237, 0.759857719363, 97.2106506345, 1.61612996216, 0.213106429961, 1.49123887473, 16.9671824783, 0.00543153161363, 0.0
0.144663974979, 0.867206074412, 7.53127311699, 0.907245101485, 80.4632451615, 1.16413565231, 1.46472978985, 2.5152395605, 15.3141212347, 0.0055000224646, 0.0
0.100331661951, 0.985698758251, 5.29413398676, 0.792068276545, 89.9805094781, 2.06058025704, 1.43917816162, 3.20384582355, 12.3374850608, 0.00554968270666, 0.0
0.100398596306, 1.05959905891, 4.03633051608, 0.849967164148, 93.4034709646, 1.08741101149, 1.54218605645, 1.64244522956, 16.4625801674, 0.00529024586584, 0.229166666667
0.101952114421, 1.13402476232, 5.17400574237, 0.608703748944, 90.5706885596, 1.13213632454, 0.0490574586601, 1.49123887473, 18.4384003248, 0.00534310439409, 0.142857142857
0.113008463795, 1.05081165616, 6.09778764631, 0.832266099068, 81.4757902622, 1.13213632454, 1.24174275704, 2.57981093925, 15.6842071565, 0.00555723411743, 0.0
0.114443019212, 1.01264079746, 5.24580880978, 0.892401414128, 86.2122607473, 1.49753109009, 1.98239434004, 3.48053291921, 19.5425648752, 0.00556795190963, 0.0
0.137404570488, 1.13402476232, 2.02243373952, 0.928208769345, 85.0720151712, 1.16470780772, 1.19886286426, 3.36614544908, 19.5425648752, 0.00556912943547, 0.0
0.133660782105, 0.840883081792, 2.13592410827, 0.917742246745, 90.5706885596, 1.16413565231, 1.96866156089, 3.36614544908, 14.2099649641, 0.00568807544304, 0.0
0.101952114421, 1.02064365187, 2.13592410827, 0.759857719363, 90.5706885596, 1.13213632454, 0.0256334458215, 1.49123887473, 18.4384003248, 0.0054475411321, 0.2
0.113008463795, 1.02560696962, 5.17400574237, 0.759857719363, 90.35008859, 1.13213632454, 1.50276413414, 1.49123887473, 11.2634708485, 0.00570899123668, 0.0
0.104385932387, 1.01264079746, 5.89801403125, 0.892401414128, 86.2122607473, 1.49753109009, 1.98239434004, 3.48053291921, 19.5425648752, 0.00572084220202, 0.0
0.101952114421, 1.03437541015, 7.01899920886, 0.942370318159, 94.0710324685, 1.10645667727, 1.14095636018, 2.85603089019, 11.7372524151, 0.00557748779662, 0.113636363636
0.114347992277, 1.23396882321, 4.87359469871, 0.927737638391, 87.6882650533, 2.15023500514, 0.861454597488, 0.323999864798, 17.66121259, 0.00573481297051, 0.0
0.114443019212, 0.853374085084, 5.02750809325, 0.625131899918, 86.2122607473, 1.49753109009, 1.99196508533, 1.844238544, 19.5425648752, 0.00574344983754, 0.0
0.115464448922, 1.05959905891, 7.65211617311, 0.892401414128, 86.2122607473, 1.13213632454, 1.98239434004, 1.43056257199, 10.6475031628, 0.00576343610011, 0.0
0.101952114421, 0.840883081792, 2.13592410827, 0.722660502841, 90.5706885596, 1.38406944034, 0.213106429961, 1.49123887473, 19.9621323372, 0.00579765115048, 0.0
0.101952114421, 1.13402476232, 5.17400574237, 0.624461179801, 99.3179382886, 1.38406944034, 0.0490574586601, 1.49123887473, 18.4384003248, 0.00579861245429, 0.0
0.136884274391, 1.05081165616, 6.09778764631, 0.703635594827, 81.4757902622, 1.13213632454, 1.24174275704, 2.57981093925, 16.8575398537, 0.00582500535457, 0.0
0.14017043067, 1.13657340442, 7.47724759828, 0.85807321538, 99.7203450273, 1.54458175103, 1.64880763118, 0.424701060911, 16.9425900323, 0.00584168634638, 0.0
0.101952114421, 1.13402476232, 5.17400574237, 0.608703748944, 90.5706885596, 1.13213632454, 0.0490574586601, 1.16502576485, 12.7795418782, 0.00558405045574, 0.409090909091
0.101620066801, 1.05959905891, 7.65211617311, 0.917742246745, 86.2122607473, 1.11288546384, 1.98239434004, 1.43056257199, 19.6210511981, 0.00589237189898, 0.0
0.100331661951, 0.985698758251, 5.29413398676, 0.792068276545, 89.9805094781, 2.06058025704, 1.43917816162, 3.20384582355, 12.3374850608, 0.00590490103273, 0.0
0.128944040909, 0.840550638485, 2.18140291683, 0.837939873368, 90.5706885596, 1.38406944034, 0.213106429961, 2.57981093925, 19.9621323372, 0.00579542036718, 0.142857142857
0.113008463795, 1.05081165616, 6.09778764631, 0.832266099068, 81.4757902622, 1.13213632454, 1.24174275704, 2.57981093925, 15.6842071565, 0.00592912988651, 0.0
0.114443019212, 0.853374085084, 5.02750809325, 0.892401414128, 86.2122607473, 1.49753109009, 1.49616776732, 1.15192063495, 19.5425648752, 0.00595005255752, 0.0
0.101952114421, 0.840883081792, 2.13592410827, 0.722660502841, 90.691177905, 1.38406944034, 0.213106429961, 0.000602589835589, 18.7556172161, 0.00596752197698, 0.0
0.133660782105, 1.03437541015, 7.53127311699, 0.907245101485, 90.5706885596, 1.16413565231, 1.46472978985, 2.5152395605, 15.3141212347, 0.00598668351909, 0.0
