5.06417397771, 1.15996637921, 1.2934453552, 0.979574464125, 2.0425499552, 0.792577387509, 3.25237896453, 0.862774581524, 1.09744013283, 1.33500739684, 5.41586748949, 0.894012559436, 4.88902411818, 1.24622057807, 0.839902733923, 1.12040895384, 1.08580177333, 0.829054984414, 9.69907263303, 0.925757514203, 0.825193910157, 123.42050217, 1.07314685007, 2.7650998741, 1.09202489717, 1.68069660154, 1.04843821406, 15.0651814694, 306.53198762
2.01681362569, 1.03074301938, 1.32150512991, 1.06236390055, 6.23916963956, 0.761403478902, 5.02218388066, 0.978051677275, 1.01560543102, 2.85522111373, 5.06805103067, 0.960933410726, 3.82599795053, 0.890592390152, 0.801498664905, 1.45993169082, 1.1268308999, 0.993829085332, 7.57433034039, 1.04722740647, 0.913415853079, 256.103608757, 0.963061049339, 5.93709237253, 1.11681071651, 3.99394712052, 0.998378064555, 19.540213354, 175.680482532
2.37942716881, 1.34230640452, 0.967904776423, 1.13871604439, 3.51485495421, 0.747871605721, 1.45014890732, 1.25705431166, 0.905412690855, 2.51502465514, 7.2783253265, 1.04444890651, 2.19030390364, 1.07913544363, 1.00680041443, 1.60674384222, 1.07023912505, 1.14164887906, 8.7092067166, 1.03548361849, 0.837682892014, 125.593673273, 1.14770670656, 5.26795152644, 1.0222923118, 4.05608680464, 1.27856316901, 11.8335590245, 374.455308614
4.78224023534, 1.03461344617, 0.772527677282, 1.11841493231, 4.94583392646, 0.717257022261, 4.30233685074, 0.857153666203, 1.12206150294, 2.59834167939, 1.71446954141, 1.05557866865, 2.39222884348, 1.01672964959, 0.862596995615, 1.41129800896, 1.10428756376, 0.872423107827, 9.33862939763, 1.00551323598, 0.809839043935, 124.472802326, 1.10131618938, 4.90942388544, 1.17196991554, 3.42469289618, 1.1536818112, 28.2352671588, 252.134334113
1.01413305669, 1.12550652158, 1.49699333953, 1.20308415521, 4.59907880765, 1.12391639299, 1.43975719132, 0.856234250644, 0.982705830712, 3.5129512673, 2.79815226102, 1.16920741898, 1.80702567023, 1.15377683019, 0.79801166114, 1.29248959568, 1.13420510439, 1.0810800534, 7.69443922836, 0.99233561134, 0.926575533414, 209.304894773, 1.05787468445, 1.97399064983, 1.07588357846, 4.3463764598, 1.19831005608, 12.3852348188, 526.079825892
5.71109081672, 1.42268972966, 1.15110452007, 1.02238164695, 4.65684832704, 0.885730876412, 4.3487691289, 0.887193485013, 1.01582312013, 4.633784081, 3.49022431715, 1.11416848136, 2.81431704633, 1.11997539532, 0.978065683916, 1.36385264905, 1.06843859306, 1.03859904845, 8.73035869518, 1.07322289412, 0.926391684056, 282.712065922, 1.18835777141, 1.03047861236, 0.996431834276, 5.09040366202, 0.930126545992, 14.9508943814, 386.486796331
1.70512616963, 1.19334294997, 0.906873582891, 1.17081141177, 5.42608504583, 1.11894186208, 4.16669256261, 1.06627966326, 0.944988166992, 3.51111742047, 3.83098498074, 1.12176101828, 1.86744225671, 0.814846323483, 0.930832319764, 1.42085376898, 1.09194172248, 1.20090033834, 8.31070053297, 0.98871736051, 0.971588802954, 288.553069124, 1.0079759845, 3.60195458291, 1.10278674495, 2.97825662315, 0.881315279703, 13.7396381382, 640.813915588
4.16806760443, 1.33285392248, 1.00364390947, 0.853735667379, 5.30213161446, 0.765236785416, 1.60442066651, 1.11659110934, 0.914009165904, 2.49714976856, 6.52653376366, 1.21859588315, 2.2893201283, 1.220044948, 0.859809390642, 1.17077611433, 1.14700296429, 0.931597997388, 3.39853113421, 0.973747016497, 0.906826127338, 155.940039511, 1.12493669232, 3.9228125579, 1.22462184216, 4.93682201969, 1.29458615639, 13.9103007882, 13598.8411292
1.76913314264, 1.27965067072, 1.58374008389, 0.980816640444, 6.92973263515, 1.05429733651, 1.67056386896, 1.04176565906, 1.003981296, 2.9288675259, 4.37946361226, 1.08937726856, 2.41565396942, 0.99224062201, 1.00642571084, 1.04868044364, 1.04499056023, 1.03011099063, 8.86996455057, 1.18390388783, 0.975361269621, 45.2900502481, 0.865734829338, 3.53793063314, 1.07849392395, 1.45438952621, 1.2930777794, 14.4400646493, 974.551309004
1.84424234835, 1.00122159372, 0.979347795439, 1.21031914115, 3.8950331265, 0.975219363597, 2.92461728232, 0.939632353084, 0.912190453139, 3.46053787135, 1.84006746273, 1.05714291016, 4.88476500316, 0.906402771343, 0.876331932188, 1.19946339636, 1.00804235102, 0.950119236386, 4.02552840545, 1.05167523036, 0.947226492788, 140.783145455, 0.904439544219, 1.41782049674, 1.08963870537, 2.92027447944, 1.14680557904, 14.9803219693, 558.44914432
3.10434117062, 1.25454555677, 0.88988535592, 1.1635563789, 5.5307111032, 0.835746605418, 2.15438238814, 1.15037312012, 1.06547832436, 3.3448769484, 1.76813392133, 0.910840108652, 3.95035164903, 0.859141512147, 1.01562826873, 1.02913154987, 1.04829165346, 0.960625687157, 6.39796561049, 0.991214429029, 0.836539400815, 253.313972388, 0.984954872631, 5.562733163, 1.22994134477, 1.21093843398, 1.0014151504, 15.5570112631, 485.077169431
5.65687731127, 1.35341659955, 0.834097858188, 0.976178185066, 2.40800401784, 1.15566367755, 1.08584483082, 1.20258105038, 0.930103534161, 5.52189112684, 6.71926566139, 0.852512370273, 1.45164076046, 1.01269205778, 0.836279112451, 1.52354731943, 1.00727392678, 1.14541238292, 4.52132136636, 1.03943240895, 0.79743131093, 363.02127789, 0.938989852276, 1.13630138228, 1.22184567058, 2.61591576764, 1.04620755951, 20.5035404435, 402.604393184
1.92405393614, 1.42364342557, 1.16070834969, 1.09458792399, 4.45166373929, 0.742339469897, 2.0660142809, 0.935503510171, 1.01991688121, 3.2189309365, 7.48038749189, 1.13537038649, 2.15809732193, 1.19049559611, 1.01780410974, 1.39693705378, 1.04555048278, 1.08331388104, 3.25078360783, 0.93648715478, 0.996052073327, 297.483927863, 0.991765012079, 3.52149209952, 1.18127064114, 3.23682753047, 1.20081775067, 21.8642355539, 430.350500306
1.01099857966, 1.20882519281, 1.07780440155, 1.11280581425, 5.16530195251, 1.11607180635, 3.68401203958, 1.25551521885, 1.03140037491, 2.7302134066, 3.36374084878, 1.10953318987, 4.19227915818, 0.826093872686, 0.793825039981, 1.09456469952, 1.02089927349, 0.851434107769, 9.99723019372, 0.93094202363, 0.772407410372, 199.631517091, 1.15237378591, 4.57033818594, 1.19835414784, 3.1052973369, 0.87775507172, 35.0859250451, 478.143066527
4.8811744423, 1.0853935438, 1.49060096, 0.803721359764, 2.79427218119, 0.781321365161, 2.46421464072, 1.18926323251, 0.916541910247, 2.79826110081, 1.63669542224, 1.19174371171, 1.86847751741, 0.93445168298, 0.797834075524, 1.0791401893, 1.16477630286, 0.959993647836, 7.18849190336, 1.09697785811, 0.850161542536, 93.6913008055, 1.10717302375, 5.10596503588, 1.20297357902, 4.54634587332, 0.892300135814, 18.7965853959, 661.373267739
5.1804684655, 1.29913633606, 1.00203202909, 1.19914503132, 1.9259234567, 0.715154804783, 4.74431006209, 1.00034684871, 1.02113364149, 5.90250933531, 3.4160232232, 0.876986539564, 3.91916546164, 1.02691915531, 0.808187437444, 1.4429135304, 1.16600652432, 1.22209299639, 7.19463521727, 1.1531389802, 0.990910122695, 204.979742926, 1.11048010546, 4.29838922054, 1.15055692348, 1.02356445337, 0.950588308821, 16.2586325452, 784.401838261
5.06417397771, 1.15996637921, 1.2934453552, 0.979574464125, 3.07848296478, 0.792577387509, 3.25237896453, 0.978051677275, 1.09744013283, 1.33500739684, 5.41586748949, 0.894012559436, 4.88902411818, 1.22324532374, 0.839902733923, 1.12040895384, 1.08580177333, 0.829054984414, 9.69907263303, 0.925757514203, 0.825193910157, 123.42050217, 1.07314685007, 2.7650998741, 1.09202489717, 1.68069660154, 1.04843821406, 16.9127418304, 2696.00020866
3.0131561605, 1.35659599042, 1.33754151433, 1.19030206859, 4.20372217606, 0.771781054625, 1.86349019713, 0.824807127308, 0.979489026767, 2.38643994197, 3.6182575383, 0.813623688097, 4.79942958124, 0.940101637348, 0.883787817567, 1.36979033145, 1.0099681751, 0.939245210817, 6.29890080377, 1.07390434984, 0.946148643473, 243.6488065, 1.09347956983, 4.34623433077, 1.23765785732, 4.67129564585, 1.06942781129, 16.279126002, 3281.03773763
5.66119050768, 1.41255099104, 0.860060746181, 0.921963529315, 4.59212858888, 0.904834555236, 1.27446262704, 1.10887169724, 1.12775267169, 1.52645488773, 2.94740095789, 1.10681192337, 3.65713649101, 1.07991192738, 0.781126463119, 1.10283655945, 1.1167397607, 1.14399090756, 5.25402342721, 1.06668088027, 0.861248417668, 368.564931968, 1.15082167769, 4.16175111593, 0.954149847335, 2.33829309993, 1.02272420726, 18.3166560165, 1704.71847172
4.07084712532, 1.05815651544, 1.17658751959, 1.08881869967, 3.21467811037, 0.78024234204, 1.74984481514, 1.20416273986, 1.1269384604, 1.45165753156, 3.43638865947, 0.934138807299, 2.37620646912, 1.04061258477, 0.955411416838, 1.41452050297, 1.09674775842, 1.06505394601, 4.48731894472, 0.957972520519, 0.83210967178, 404.554500188, 1.09574918984, 1.11746665532, 1.09185482541, 2.79198755602, 1.2449878805, 18.1940624569, 1916.25246525
5.2694154982, 1.24639002115, 0.968814736707, 1.13508960886, 6.42273022314, 1.16546939087, 5.29031186586, 1.15194918889, 0.991486086572, 2.41925163154, 4.1667243238, 0.920463295944, 3.76716560158, 0.987231936821, 0.996432250586, 1.3760296371, 1.13130813072, 0.892083960664, 4.91681858331, 1.03164762125, 0.864102744293, 198.185358997, 0.965801588357, 5.29472223742, 1.21606058652, 1.74156447888, 0.957538270787, 16.8922287952, 3878.4649585
2.18422172808, 1.33397318893, 1.16599063667, 1.18342840048, 5.7825044511, 0.769280032484, 1.49952198808, 1.01125746575, 0.95594043965, 3.48365771467, 3.95626812046, 0.830059387705, 1.83982558859, 1.06868564646, 1.01409414477, 1.54108363621, 1.15222340013, 1.13695248314, 4.83489576043, 0.950785366053, 0.882003373285, 408.904505963, 0.866320810519, 1.4030783131, 1.16039893411, 4.05462845078, 1.29346198324, 18.7207880824, 2647.03624851
4.82327341338, 1.30453528448, 1.71884463049, 1.2054176062, 4.30900123988, 1.11919681661, 1.85405578323, 1.18350371975, 1.06212083039, 6.19084515582, 2.51776356279, 1.16270579996, 4.47947349012, 1.09175755225, 1.08880648272, 1.05905663657, 1.03839376319, 0.813818527682, 6.82866247889, 1.02486579728, 0.92649871639, 58.2958911657, 0.91407013789, 5.29196822455, 1.18764199016, 3.49599548722, 1.14089209961, 32.1088548974, 703.619619717
5.07519561938, 1.19064141711, 1.61419666541, 0.815645188586, 4.31165726636, 0.904991215596, 2.64935460348, 0.870546268821, 0.921117815834, 2.19312752907, 4.33481307928, 1.02535830044, 2.8891814896, 0.996211079977, 1.01776992267, 1.18335156955, 1.02648006883, 1.08938409096, 3.85002206122, 1.00101773497, 0.993328846841, 364.176350342, 1.16761006526, 5.39164806762, 1.07059733992, 3.76382189085, 1.25706317831, 18.5941193077, 3092.05504717
4.75399836378, 1.30153914327, 1.09482445808, 0.889541565512, 2.40684719827, 1.0326030888, 4.1233085446, 1.21225367485, 0.951624307017, 2.8896531371, 6.51289272684, 1.0981699076, 3.79400681756, 0.822878104745, 0.913436827856, 1.42927056916, 1.04232110255, 1.01558764043, 8.92991244175, 1.10596419873, 0.780227402037, 133.039083823, 1.0541519799, 4.09009139948, 1.10232660058, 1.50357588152, 0.887014969434, 27.8959232677, 1639.29396469
1.38593893126, 1.23141044555, 1.66049871184, 0.914397899857, 2.15855838171, 0.896023248191, 4.57682768689, 1.24486665521, 1.09156929597, 3.9748867212, 6.84239393115, 1.06242289031, 2.4631780839, 1.26096488298, 1.08631422528, 1.40774689475, 1.16105293879, 1.0082969693, 7.24709415012, 0.979548837529, 0.997157077137, 406.741950715, 1.05010667102, 1.37736797498, 1.15121736408, 5.44734985968, 1.22816226437, 34.1120673605, 826.67892346
4.47399439694, 1.25366362568, 0.895800268782, 0.98085940345, 2.95954428277, 1.18269723478, 5.43321463599, 0.972749800517, 1.09971016142, 5.91046246899, 2.98712474935, 0.978861738715, 1.76979805787, 0.828382967652, 1.04165670874, 1.45746020366, 1.08371128441, 1.07075307296, 9.46749499381, 1.0688410385, 0.936309986575, 230.537526806, 1.04415574493, 4.46651406967, 1.06476783569, 1.67762238101, 1.15222202419, 29.7439133931, 1474.36617038
3.19329211931, 1.42633740449, 1.12843691152, 1.10797775379, 4.36683604839, 0.900489385929, 1.47214097193, 1.06644878701, 1.01834511655, 3.0047811304, 6.79373078463, 1.03805051204, 5.0677197787, 1.27426342281, 0.858822709532, 1.04181954233, 1.08021244245, 0.848771731578, 4.48172072458, 0.97740895225, 0.842778811966, 156.205695393, 0.929741766727, 2.51138568278, 0.994485993453, 4.05548419057, 1.02371609271, 20.8933466305, 2578.2416045
3.63615283986, 1.15643586899, 0.817268050351, 0.812596487219, 6.6373610778, 0.843604218416, 3.86625129689, 0.82333634236, 0.953183059614, 5.91381537963, 4.67641208359, 1.21607394536, 2.3054091564, 0.930545890848, 0.921763322599, 1.33553121975, 1.08053199154, 1.088324205, 5.00643657003, 0.914544573716, 0.92545781974, 145.474491722, 0.874776845883, 4.92026816466, 1.10346155066, 3.45501378057, 1.23445554248, 25.4206115182, 2206.97869623
3.87924790673, 1.28835708871, 1.21195513267, 1.11124798516, 3.02088703197, 0.785022218256, 5.22221570637, 1.11174136039, 1.01059839633, 3.59327869048, 2.93866713343, 0.947733039515, 1.65550927588, 0.861870137905, 0.861675605374, 1.49850907175, 1.0163095746, 1.17227486923, 8.13345049497, 0.940351310416, 0.853652802743, 402.430257468, 0.965704360968, 1.50338611728, 1.13471206871, 1.86148419344, 1.01994908062, 35.5545914582, 1625.22703795
1.76913314264, 1.27965067072, 1.66979817506, 0.980816640444, 6.92973263515, 1.05429733651, 1.67056386896, 1.04176565906, 1.003981296, 2.9288675259, 4.37946361226, 1.08937726856, 2.41565396942, 0.99224062201, 0.990931005279, 1.04868044364, 1.04499056023, 1.03011099063, 5.25263780802, 1.18390388783, 0.975361269621, 45.2900502481, 0.865734829338, 3.53793063314, 1.07849392395, 3.17634263022, 1.2930777794, 20.0469512689, 4842.95384061
3.24728375991, 1.03005668462, 1.68694683466, 1.1885339943, 6.66966706762, 1.16878437462, 3.13490130249, 0.939704078792, 1.00526997206, 4.14008761331, 4.40191661937, 0.836348267698, 3.16060855186, 0.911588569417, 0.880913871841, 1.079167556, 1.02839480545, 0.92161769496, 7.7258408519, 0.977722046893, 0.800539327706, 84.9483361172, 0.972140429135, 1.08885311124, 0.975026798293, 3.89663468978, 1.23301257061, 31.3863529031, 2358.74389478
2.54752392451, 1.15973908042, 1.55180304384, 1.02299696342, 2.26737260781, 0.866503613242, 5.11073824279, 1.11283182243, 1.10066909715, 4.7300710367, 3.88941308154, 1.02000992721, 4.85107168273, 1.19970260028, 1.08562768033, 1.04809190463, 1.07156095749, 0.825735601638, 4.42204870109, 0.933597978465, 0.850012480008, 85.6370366575, 0.931187795069, 2.56409224666, 1.02388892933, 3.758357085, 1.00294555053, 40.9449625477, 1804.81457623
4.14742589198, 1.32270415844, 1.66099839469, 1.02759949051, 2.3420332749, 1.03649685261, 1.20229490804, 1.15214949532, 0.964384017584, 4.53528475086, 2.92460678616, 0.822246808177, 2.08247371149, 1.13902331856, 0.947705862657, 1.49204292516, 1.04883078934, 1.11385746206, 7.50892741691, 1.06982145124, 0.990218510204, 371.00161969, 1.1796505505, 5.37086451499, 1.00588722799, 4.22057248786, 1.23333580306, 20.0655034702, 5103.01492608
5.01630704097, 1.20261551387, 1.38844926132, 0.986264824925, 6.44564375678, 1.0542980292, 4.55100568134, 0.881999410416, 1.04591492045, 3.35048251095, 4.57816429898, 1.21461284658, 2.83062856748, 1.12158837853, 0.878195974747, 1.50908784271, 1.0083356811, 0.939253269123, 7.89164841225, 0.991610372159, 0.800676156463, 319.509395319, 1.04181231867, 1.3204890554, 0.978831524735, 2.33171331793, 1.20357735989, 35.5199540147, 2098.87874076
5.16250672458, 1.07435551876, 1.38169026868, 0.863519503005, 4.57235776244, 0.770837983891, 4.21800797414, 1.19460468686, 1.08537656166, 3.07882179664, 7.78094133399, 1.02304216648, 3.17982710515, 0.901740400653, 1.06806875159, 1.62186315723, 1.00553606919, 0.918025532481, 8.20010663683, 1.1034623099, 0.76969993324, 11.9002772154, 1.0879996665, 4.78742263062, 1.03162346976, 5.22275383693, 0.904084131402, 20.1699354221, 5587.36595338
5.3206482711, 1.35045948665, 1.2863174337, 0.837320409266, 4.88710702761, 1.01924366451, 1.78071573722, 1.09600359594, 1.01139314997, 3.99269584956, 1.97122142972, 0.871274086243, 3.77206096613, 1.23802062595, 1.05501802028, 1.33095293353, 1.01843945117, 0.970024734866, 9.26443516141, 0.932910010336, 0.804499946542, 186.188058449, 0.983199053276, 5.48474236393, 1.09996855842, 5.30977168937, 1.04848410739, 23.5643614489, 3642.0878133
4.45926895145, 1.32960787812, 1.15523948959, 1.09752245847, 2.89351131328, 0.920490050848, 2.52492854319, 1.01837296223, 0.922201417635, 5.43172289026, 6.46920596109, 1.10330802759, 4.5531794527, 1.27348082804, 1.03520466039, 1.59449227009, 1.02572480044, 1.12551412768, 7.30991500061, 1.17831588718, 0.765280918976, 226.043767166, 1.14297139642, 2.70530061147, 1.17757374521, 3.56857974412, 1.20316642236, 36.1917815974, 2174.18429818
1.06419929448, 1.28641014875, 1.58063966243, 0.86106633722, 6.72718020337, 1.01803406342, 3.70166489186, 1.15574275038, 0.939991748254, 6.16765811606, 4.70756432998, 0.98292101221, 2.72204298531, 1.11734205183, 1.04569602136, 1.28391510999, 1.00335419211, 1.16585772731, 3.35476746667, 1.06239967813, 0.938788949099, 150.798813994, 1.17131916048, 4.52457510607, 1.0034557157, 3.52861745762, 1.08561982533, 26.4190465722, 3387.9749275
4.8811744423, 1.0853935438, 1.49060096, 0.803721359764, 2.79427218119, 0.781321365161, 2.46421464072, 1.18926323251, 0.916541910247, 2.79826110081, 1.63669542224, 1.19174371171, 1.86847751741, 0.93445168298, 0.858822709532, 1.0791401893, 1.16477630286, 0.848771731578, 7.18849190336, 1.09697785811, 0.850161542536, 93.6913008055, 1.10717302375, 5.10596503588, 1.20297357902, 4.54634587332, 0.892300135814, 20.8822448377, 11936.8480896
5.58296377516, 1.42377315494, 0.944943365296, 0.858600884412, 1.87374572848, 0.799776585826, 2.59260300243, 0.943853660118, 1.12786864045, 1.37766960793, 3.48733818577, 0.840000840978, 3.45772326942, 1.02322781054, 1.00756741762, 1.01720529385, 1.14075353501, 1.04008450619, 5.91349875651, 1.05001263927, 0.962254467526, 47.6963234787, 1.01932369451, 1.05300328043, 1.16342765841, 2.52912954313, 1.18178055773, 21.2567650204, 5354.50583068
1.23927059324, 1.04513366282, 1.12624743633, 0.873520399386, 6.32818288208, 1.16827819354, 3.88400233964, 0.929565631413, 0.964992774277, 3.89271332165, 2.38142521518, 1.06870425207, 2.48448790042, 1.20423020762, 1.0171577501, 1.1211940194, 1.14740973309, 0.813744486573, 6.6343108118, 0.997794686766, 0.826916849708, 192.638771265, 1.04379890662, 5.04519863638, 1.04255151692, 3.06589886951, 0.946232790937, 33.5192228203, 2705.81012329
1.72320252889, 1.12652174385, 1.66858656951, 0.950845555724, 1.94366116812, 0.761499707561, 3.88458646412, 1.21701218191, 0.962141824761, 5.19105707452, 2.84474928644, 1.04095415156, 4.48960161057, 1.2593118343, 1.04506267285, 1.39952351755, 1.03428928426, 0.826428814345, 8.50952955572, 1.10746993432, 0.861872115471, 393.11790439, 1.14416295599, 5.22396778382, 1.07807715447, 2.11704241238, 1.06987756366, 54.9869883944, 2531.57865222
1.7093238545, 1.13987738263, 1.20320033508, 0.872162306118, 5.28636003027, 1.16802710963, 1.80287181121, 1.24407848363, 1.12364302138, 3.80611401883, 6.73855883889, 1.09253708485, 2.03185969966, 0.844830621509, 0.891402875094, 1.56412472956, 1.10403164893, 0.869549522632, 7.85568462863, 1.15692439877, 0.958641424014, 10.1811866707, 0.864934727599, 5.16913706094, 1.06971217698, 4.53024558333, 0.930641127322, 25.1387187191, 4901.14952062
1.05568181282, 1.31360347815, 1.44959778542, 1.01681036336, 4.51246922599, 0.831430766044, 4.73091866324, 1.12433113813, 1.00978199869, 4.43053667457, 1.68169424714, 0.823524038096, 1.45360035301, 1.12353023169, 0.994766666395, 1.61141296005, 1.15894075193, 0.899523886592, 6.77166820397, 1.05362427792, 0.767904331029, 346.994819469, 1.09183437437, 3.54755276242, 1.14896876721, 2.11021965212, 0.9161158277, 21.2074009457, 12539.2526899
4.78145182501, 1.18939905677, 1.59706441929, 0.829714324231, 2.92943621166, 1.13062788335, 3.1303233627, 1.19874675619, 1.08569209871, 2.20469674779, 2.22259597328, 1.05175812286, 2.59700690847, 0.963531068117, 0.835495862113, 1.0353789575, 1.04663478123, 1.203517004, 7.74526962096, 1.14753349511, 0.772018797689, 390.001422301, 0.868188772579, 2.47921336984, 1.16633167713, 4.68286640189, 0.984572422175, 22.0819606917, 5376.33626725
5.71109081672, 1.42268972966, 1.15110452007, 1.02238164695, 4.65684832704, 0.885730876412, 4.3487691289, 0.887193485013, 1.01582312013, 4.633784081, 3.49022431715, 1.11416848136, 2.81431704633, 1.11997539532, 0.978065683916, 1.36385264905, 1.06843859306, 1.03859904845, 8.73035869518, 1.07322289412, 0.926391684056, 282.712065922, 1.18835777141, 1.03047861236, 0.996431834276, 5.09040366202, 0.930126545992, 23.790047707, 5201.15033571
1.31691953488, 1.36563288962, 1.16380703337, 1.12961899361, 2.85178462177, 1.140264212, 1.21170781024, 1.12225879815, 0.90982827761, 3.83350964803, 4.16361621105, 0.945706328085, 2.1566039819, 1.20227010182, 0.962406451807, 1.18972280896, 1.05764750581, 1.11105740903, 5.9372226715, 0.916312480537, 0.79256955606, 312.784497301, 1.05869089074, 2.95766230274, 1.08474221374, 3.08127526839, 0.958102855831, 21.2475248548, 12904.3025997
4.95038323963, 1.39256409428, 1.52780836501, 0.81385663853, 3.96972155878, 1.13318020377, 4.57995509302, 1.00323602474, 0.934183951276, 2.66290708757, 6.88266609942, 0.87255051467, 3.60027956071, 0.97772791409, 1.0270585887, 1.17237201176, 1.08445162173, 0.8149245151, 9.65036773558, 1.06239321639, 0.767095547701, 56.4548554568, 1.13103125992, 3.24363859845, 1.17349208999, 2.73628663506, 1.05308904824, 23.3507256563, 5491.93411741
1.33326751681, 1.12749385075, 1.07780440155, 1.11280581425, 5.16530195251, 1.08247032403, 3.68401203958, 1.25551521885, 1.03140037491, 2.7302134066, 5.24600829157, 1.10953318987, 4.19227915818, 0.826093872686, 0.793825039981, 1.09456469952, 1.02089927349, 0.851434107769, 9.99723019372, 0.93094202363, 0.772407410372, 233.261788711, 1.09753932104, 4.57033818594, 1.19835414784, 3.1052973369, 0.9701932666, 22.2319495264, 8967.86727444
2.79254254512, 1.16018332075, 0.85530188232, 0.919484545773, 2.28387135456, 0.808517409621, 2.66449409397, 0.846073611822, 1.09359881696, 4.46642645656, 1.81018293462, 0.976180037179, 1.07780998061, 1.09826820007, 0.904210298661, 1.61426435957, 1.108561973, 1.1590250093, 8.5818440552, 0.990139072804, 0.909000481588, 298.067188399, 1.01432800409, 4.18030220186, 1.00148130007, 1.70560944515, 1.08951737754, 34.0638625216, 3507.585826
1.38137092725, 1.3817168421, 1.2170244067, 1.06237499, 6.23687945067, 1.16067228673, 3.17675212981, 1.00227062348, 0.997807068044, 3.59793680911, 4.98788961511, 0.879727891504, 4.11102138359, 0.884317951428, 0.986910969928, 1.41285267671, 1.13606000184, 0.943905740725, 9.28933956481, 1.0574338897, 0.890764158828, 354.485884303, 1.17330524311, 1.06294299892, 1.23616599488, 3.05410336955, 1.07233191074, 53.0713173137, 2938.75641107
2.60030170962, 1.11093836764, 1.22100441493, 0.808852569411, 5.35157303625, 0.88149146592, 3.16226627605, 1.13018466369, 0.951730705169, 5.58673232366, 5.34511588748, 1.1506010573, 3.71912547065, 1.14460969791, 0.892680717646, 1.4867404894, 1.13179255362, 0.996783129172, 3.94638117173, 1.17101718953, 0.760822271743, 121.51756322, 1.19923888084, 2.68373328129, 1.0108734361, 1.21151305545, 1.1576491773, 24.4522065963, 5418.76220541
2.03402719017, 1.11732458856, 1.56001365403, 1.20451308672, 6.97002949467, 0.881733879429, 3.89287692096, 1.03154558332, 1.00129445617, 5.1544539088, 2.614698304, 1.04369452757, 3.06965760758, 0.924767098146, 0.844567472143, 1.44678348164, 1.01793357848, 0.961928615649, 5.56070455108, 1.13353046056, 0.877895316397, 363.005432667, 0.911881104576, 3.53199820215, 1.22250686507, 3.23707915907, 0.873725560225, 32.0173663987, 3894.10141946
1.26904132547, 1.4224188724, 1.16070834969, 1.09458792399, 4.45166373929, 0.742339469897, 2.0660142809, 0.935503510171, 1.01991688121, 3.2189309365, 7.48038749189, 1.13537038649, 2.15809732193, 1.19049559611, 1.01780410974, 1.39693705378, 1.04555048278, 1.08331388104, 3.25078360783, 0.93648715478, 0.996052073327, 53.9793698364, 0.991765012079, 3.52149209952, 1.18127064114, 3.23682753047, 1.20081775067, 28.6134193339, 5011.40949514
4.68638963866, 1.08207144333, 1.42992034293, 1.09518943044, 2.76139778275, 0.985918021425, 1.53973266259, 1.2026301717, 1.13557951702, 2.4549134628, 6.96514731447, 0.82270652443, 4.35519503832, 1.07850093325, 0.980636576936, 1.50118370919, 1.04937249965, 1.05262040696, 9.99397031097, 1.12790095967, 0.776046779012, 245.666198568, 1.17135222677, 1.29993305735, 1.09280766939, 4.73444556887, 1.22346956875, 23.7152068216, 5873.00656163
4.07084712532, 1.05815651544, 1.17658751959, 0.872162306118, 3.21467811037, 0.78024234204, 1.74984481514, 1.20416273986, 1.1269384604, 1.45165753156, 3.43638865947, 0.934138807299, 2.37620646912, 1.04061258477, 0.891402875094, 1.41452050297, 1.09674775842, 1.06505394601, 4.48731894472, 0.957972520519, 0.83210967178, 404.554500188, 1.1516483146, 1.11746665532, 1.09185482541, 2.79198755602, 1.2449878805, 23.0813737664, 13485.8486108
4.90426011957, 1.42684621794, 1.02383715071, 1.15323740138, 2.73857645273, 0.819114501629, 5.47863321359, 1.22733943282, 0.959542769329, 1.72121736424, 6.59278458393, 0.915018300036, 3.11469886087, 1.14677574384, 0.926458496787, 1.33207130405, 1.16594216802, 1.20235971073, 7.3385468307, 1.06296207387, 0.790417035379, 316.357026874, 0.856749110488, 2.46797773785, 1.11078430142, 4.3429685016, 1.28328907955, 22.8864738824, 14142.5049567
4.71482482127, 1.27241182614, 0.844980148541, 1.06506309766, 2.34340995556, 1.04372965314, 1.24573773086, 1.16746778447, 1.12629507234, 4.11360232896, 6.84291362159, 1.03706171296, 3.85740571297, 0.880378739241, 1.07595140114, 1.33781621093, 1.02048124315, 1.09470169682, 7.89528455708, 1.15549434833, 0.77851232772, 389.858451488, 0.92239781261, 5.17177086812, 1.22388897803, 2.39161509477, 1.27111709113, 24.118029128, 7342.79231044
3.55032033926, 1.34230640452, 0.967904776423, 1.13871604439, 3.51485495421, 0.747871605721, 1.45014890732, 1.25705431166, 0.905412690855, 2.51502465514, 6.71926566139, 1.04444890651, 2.19030390364, 1.07913544363, 0.980175589599, 1.60674384222, 1.07023912505, 1.14164887906, 8.7092067166, 1.03548361849, 0.837682892014, 125.593673273, 1.14770670656, 5.26795152644, 1.0222923118, 4.05608680464, 1.27856316901, 42.6505801299, 3572.64257733
1.90001739576, 1.03691609053, 0.74617344185, 1.11043611704, 4.42288936503, 0.724022109887, 5.89386883761, 1.20703903961, 0.908525746345, 3.45731240228, 3.2936711862, 1.1931727515, 4.19317962935, 1.13268705408, 0.834905934224, 1.33148649622, 1.08233359454, 0.99656538689, 8.90213819965, 0.96546416921, 0.882239876963, 104.304973128, 0.998138429488, 3.93794225361, 1.17208053829, 1.60622466766, 1.02109600117, 38.1468752366, 3829.56439352
3.47256185935, 1.00596360525, 1.5000903259, 1.13130246393, 6.88036766758, 0.936366699806, 3.84254787841, 1.04229382958, 0.952091319721, 1.38761086992, 2.0963213901, 1.02826254865, 2.1035882792, 0.8840582352, 0.819759391386, 1.56805187105, 1.00424846105, 0.829996490784, 4.58116248189, 1.09482985685, 0.796745615974, 207.03498355, 0.882046585847, 2.15107754476, 1.10474564369, 4.27794160264, 1.29659092063, 35.4640571945, 3931.93651996
1.38137092725, 1.3817168421, 1.2170244067, 1.06237499, 6.23687945067, 1.16067228673, 3.17675212981, 1.00227062348, 0.997807068044, 3.59793680911, 4.98788961511, 0.879727891504, 4.11102138359, 0.884317951428, 0.986910969928, 1.41285267671, 1.13606000184, 0.943905740725, 9.28933956481, 1.0574338897, 0.890764158828, 354.485884303, 1.17330524311, 1.06294299892, 1.23464511237, 3.05410336955, 1.07233191074, 38.1469295548, 3857.8226311
4.59677368073, 1.14384486431, 1.64888554299, 0.909776755929, 3.80899443353, 0.957416880416, 4.40069876407, 0.984222624464, 1.12307770548, 4.24894950204, 5.42058615965, 0.98551341633, 2.52407497762, 0.978815441918, 1.04579200073, 1.05242234859, 1.03645721629, 1.0640141885, 6.15306738366, 0.931181044434, 0.832512323061, 161.0242604, 0.897288307339, 2.50770181061, 1.17716305113, 2.56507212057, 1.02249264914, 23.4423362632, 14450.0065888
3.24097202106, 1.41106862286, 1.07320031129, 0.956608148874, 4.89463935875, 0.795636009209, 2.32447841893, 1.14755882208, 0.920291270118, 5.98825962377, 2.03197638784, 0.903821591484, 2.35349203121, 0.86207302811, 0.9226440356, 1.1673300472, 1.03133192454, 1.06726329328, 4.68140211664, 1.00008609503, 0.9764868129, 406.015330225, 0.864936172418, 4.82704271004, 1.07343054959, 3.80399296656, 1.005910346, 24.4837824774, 11802.4285865
2.01681362569, 1.03074301938, 1.34890534673, 1.06236390055, 6.23916963956, 0.761403478902, 5.02218388066, 0.862774581524, 1.12946969545, 2.85522111373, 2.82554894153, 0.960933410726, 3.82599795053, 0.890592390152, 0.801498664905, 1.45993169082, 1.1268308999, 0.993829085332, 7.57433034039, 1.04722740647, 0.913415853079, 256.103608757, 0.963061049339, 5.93709237253, 1.11681071651, 3.99394712052, 0.998378064555, 24.626164625, 11906.9613637
3.84972705466, 1.27638363271, 1.59356806161, 1.19178998481, 1.59837777708, 0.824444617446, 4.13704435695, 1.19253985061, 1.0682300021, 2.66815670725, 4.56240835805, 0.980647266908, 3.96758805915, 0.903667682354, 0.860536815661, 1.09395340387, 1.03630399037, 0.99580953176, 6.84495227757, 1.09684890078, 0.837539357842, 187.369850994, 1.08116287672, 3.69061181999, 1.22672627153, 4.5546228735, 0.892544722902, 26.1948365159, 8357.85577044
5.99519738941, 1.42384065201, 1.38981764026, 1.20331594913, 1.65846868843, 0.724638581995, 5.91429798812, 1.13181065319, 1.10109747258, 3.56055381386, 4.29251058752, 0.843065678149, 2.34350243829, 1.14764328696, 0.878829842324, 1.07192829114, 1.06299372574, 0.960702525977, 8.00066937587, 0.948069155015, 0.816324327653, 193.410779376, 1.04781223924, 4.40275142837, 0.972603163127, 2.84703481322, 1.26908656601, 23.6039455046, 19006.3067864
1.7093238545, 1.13987738263, 1.20320033508, 1.08881869967, 5.28636003027, 1.16802710963, 1.80287181121, 1.24407848363, 1.12364302138, 3.80611401883, 6.73855883889, 1.09253708485, 1.452372698, 0.844830621509, 0.948089064088, 1.56412472956, 1.10403164893, 0.869549522632, 7.85568462863, 1.15692439877, 0.958641424014, 10.1811866707, 0.864934727599, 5.16913706094, 1.06971217698, 4.53024558333, 0.930641127322, 26.9814532955, 7150.71548138
4.90426011957, 1.42684621794, 1.02383715071, 1.20464764147, 2.73857645273, 0.819114501629, 3.89287692096, 1.22733943282, 0.959542769329, 1.72121736424, 6.59278458393, 0.915018300036, 3.27487750795, 1.14677574384, 0.926458496787, 1.33207130405, 1.16594216802, 1.13695467941, 7.3385468307, 1.06296207387, 0.790417035379, 316.357026874, 0.914786215729, 3.53199820215, 1.10605403287, 4.3429685016, 1.28328907955, 27.0905872799, 7987.45520685
3.10434117062, 1.25454555677, 0.88988535592, 1.1635563789, 5.5307111032, 0.930138771143, 2.15438238814, 1.15037312012, 1.06547832436, 3.3448769484, 1.76813392133, 0.910840108652, 3.95035164903, 0.859141512147, 1.01562826873, 1.02913154987, 1.04829165346, 0.960625687157, 6.39796561049, 0.991214429029, 0.836539400815, 345.926487055, 1.10250021734, 4.82704271004, 1.22994134477, 1.21093843398, 1.06521973348, 60.5092518972, 4422.74670336
4.16762437662, 1.35509124725, 1.70628573951, 0.950491063871, 2.29870738822, 0.755052523179, 3.18540705818, 0.938786076805, 1.07219121406, 5.18784265495, 5.81588570738, 1.04853171981, 4.22001413931, 0.968427140498, 0.902002664318, 1.33723293546, 1.06802742883, 1.22436442836, 7.6227546523, 0.916004585089, 0.773011793893, 12.54887296, 1.01101626543, 1.82039419821, 0.992595864409, 5.35102724438, 0.958899819555, 26.6538003821, 11691.6236754
4.78224023534, 1.03461344617, 0.772527677282, 1.11841493231, 5.92345733166, 0.717257022261, 4.30233685074, 0.857153666203, 1.12206150294, 2.59834167939, 1.71446954141, 1.05557866865, 2.39222884348, 1.01672964959, 0.818637205821, 1.41129800896, 1.10428756376, 0.872423107827, 9.33862939763, 1.00551323598, 0.809839043935, 87.0805055875, 1.10131618938, 4.90942388544, 1.17196991554, 3.42469289618, 1.1536818112, 28.8453166784, 7028.87307997
4.78145182501, 1.18939905677, 1.59706441929, 0.829714324231, 2.92943621166, 1.13062788335, 3.1303233627, 1.19874675619, 1.08569209871, 2.20469674779, 2.22259597328, 1.05175812286, 2.59700690847, 0.963531068117, 0.835495862113, 1.0353789575, 1.04663478123, 1.203517004, 7.74526962096, 1.14753349511, 0.772018797689, 390.001422301, 0.868188772579, 2.47921336984, 1.22937584411, 4.68286640189, 0.984572422175, 27.5294848279, 11198.5515645
5.49960376683, 1.29475813383, 1.66115876294, 0.896332550524, 3.91402237688, 1.11955667646, 2.29210593198, 0.889854080488, 1.105405916, 2.09406445475, 6.80362739662, 1.04753446572, 1.4969988917, 1.15784052256, 0.951110512925, 1.38312633606, 1.16015240107, 0.931216107081, 9.80751537032, 0.967011914553, 0.867540932361, 311.898055992, 1.12750660308, 1.15524758312, 0.999425877191, 4.72236795735, 1.02316320663, 24.6091268159, 16956.8071467
2.79254254512, 1.30150163654, 0.85530188232, 0.919484545773, 2.28387135456, 0.808517409621, 2.66449409397, 0.846073611822, 1.09359881696, 4.46642645656, 1.81018293462, 0.976180037179, 1.07780998061, 1.09826820007, 0.898493330326, 1.61426435957, 1.108561973, 1.1590250093, 8.5818440552, 0.990139072804, 0.909000481588, 298.067188399, 1.01432800409, 4.18030220186, 1.00148130007, 1.70560944515, 1.08951737754, 29.8961181065, 7043.70941972
5.78710805586, 1.05004376339, 1.09331181014, 1.013416393, 5.811612847, 0.856564980471, 5.7883330576, 0.870817393168, 1.11980582192, 5.12484554587, 5.23680305057, 1.15234525945, 2.1870295417, 0.953314024995, 0.993997478841, 1.2430910212, 1.03898619168, 1.04643241795, 4.40236247472, 1.07931601483, 0.838222231903, 407.287881296, 0.986746518176, 1.03487179578, 1.10558756216, 3.29192125511, 0.93950443196, 31.5605339599, 6987.02624048
1.23927059324, 1.04513366282, 1.12624743633, 0.873520399386, 6.32818288208, 1.16827819354, 3.88400233964, 0.929565631413, 0.964992774277, 3.89271332165, 2.38142521518, 1.06870425207, 2.48448790042, 1.20423020762, 1.0171577501, 1.1211940194, 1.14740973309, 0.813744486573, 6.6343108118, 0.997794686766, 0.826916849708, 192.638771265, 1.04379890662, 5.04519863638, 1.04255151692, 3.06589886951, 0.946232790937, 36.2291051316, 5239.00903647
4.75399836378, 1.30153914327, 1.09482445808, 0.889541565512, 2.40684719827, 0.997330566929, 4.1233085446, 1.21225367485, 0.951624307017, 2.8896531371, 6.51289272684, 1.0981699076, 3.79400681756, 0.822878104745, 0.792870003927, 1.42927056916, 1.04232110255, 1.01558764043, 8.92991244175, 1.10596419873, 0.780227402037, 133.039083823, 1.0541519799, 4.09009139948, 1.10232660058, 1.50357588152, 0.887014969434, 33.0278657875, 6515.3293413
4.95038323963, 1.39256409428, 1.52780836501, 0.81385663853, 4.59141910501, 1.13318020377, 5.36763898182, 1.00323602474, 0.934183951276, 2.66290708757, 6.88266609942, 0.87255051467, 3.80770074043, 0.97772791409, 1.0270585887, 1.17237201176, 1.08445162173, 1.14550625415, 8.86213224026, 1.06239321639, 0.767095547701, 56.4548554568, 1.13103125992, 1.29993305735, 1.23175208828, 5.41115766342, 1.05308904824, 30.9723665945, 7475.73102977
4.34786595295, 1.12219572359, 0.941112996031, 1.10301465453, 2.02197117412, 0.989696740241, 4.67646168831, 0.98367112262, 0.980408187825, 4.07624916754, 4.07606245902, 1.1488901366, 1.62323900074, 1.26307357142, 0.816017754635, 1.20362833662, 1.13963333292, 0.905835238023, 5.75346011822, 0.977616181258, 0.925411864374, 68.8789335523, 0.892831398169, 1.20493346448, 0.976828090691, 3.31177652295, 1.06318179339, 25.586827569, 17298.2233675
1.51001150338, 1.28533621397, 1.33845480838, 1.2051313816, 2.48349902167, 0.969638676489, 5.38170000717, 1.16877696583, 0.937551749054, 5.29078664267, 6.59556372425, 0.886865492084, 4.49772445291, 0.898681007909, 0.837318973099, 1.42458250342, 1.15751689417, 1.22922594352, 4.0761434751, 1.11594487866, 0.823596716562, 222.978156016, 0.919802468855, 3.18300846617, 0.987131372587, 4.28202747904, 1.16200828817, 33.0950509815, 7039.03024208
4.28462948426, 1.05604853683, 1.18191660973, 0.806093507402, 2.80579186515, 0.85154112075, 3.48606094276, 1.13628004229, 1.02065730638, 4.96438116612, 4.59769165782, 0.85224993201, 2.54484346489, 0.899098511477, 0.987162735468, 1.57173285803, 1.09377645186, 1.06472161569, 5.36873991264, 1.03496241468, 0.790846701515, 162.832115097, 1.17837484211, 4.071500614, 1.03358225024, 3.56407262222, 1.28231434887, 26.2252768676, 14960.40833
5.01630704097, 1.20261551387, 1.38844926132, 0.986264824925, 5.51992258278, 1.0542980292, 4.55100568134, 0.881999410416, 1.04591492045, 4.15841663309, 4.57816429898, 1.21461284658, 2.83062856748, 1.12158837853, 0.878195974747, 1.50908784271, 1.0083356811, 0.939253269123, 7.89164841225, 0.991610372159, 0.800676156463, 396.40997928, 1.11920913543, 1.3204890554, 0.978831524735, 2.33171331793, 1.20357735989, 25.4982530911, 31856.069904
5.99519738941, 1.42384065201, 1.38981764026, 1.20331594913, 1.65846868843, 0.724638581995, 4.68479013998, 1.13181065319, 1.10109747258, 3.56055381386, 4.29251058752, 0.843065678149, 2.34350243829, 1.14764328696, 0.878829842324, 1.35212792479, 1.06299372574, 0.960702525977, 8.00066937587, 0.948069155015, 0.816324327653, 59.5874743985, 1.04781223924, 4.40275142837, 0.972603163127, 2.84703481322, 1.26908656601, 30.2598732694, 8782.07981702
3.77474233464, 1.25304713685, 0.812440664048, 1.08728710438, 7.06179543901, 0.843518946779, 1.70609887139, 0.846817327379, 0.980824982308, 4.56149866769, 4.51258655062, 1.02814216444, 3.93740630734, 0.8840582352, 0.819759391386, 1.17522986438, 1.08610494613, 0.829996490784, 6.72822407826, 0.920739169483, 0.857014778456, 165.550532788, 1.05613869657, 5.19685132619, 1.1348214094, 5.09680736964, 1.20962871411, 35.1691295252, 6582.03738201
2.54752392451, 1.15973908042, 1.55180304384, 1.02299696342, 3.49208581229, 0.866503613242, 5.11073824279, 1.11283182243, 1.10066909715, 4.82290198162, 3.88941308154, 1.12176101828, 4.85107168273, 1.19970260028, 1.08562768033, 1.04809190463, 1.07156095749, 0.825735601638, 4.42204870109, 0.933597978465, 0.850012480008, 85.6370366575, 0.950220552694, 2.56409224666, 1.02388892933, 3.758357085, 1.00294555053, 29.9094059024, 10272.2488525
1.72320252889, 1.11431248852, 1.21195513267, 1.11124798516, 3.02088703197, 0.785022218256, 5.22221570637, 1.11174136039, 1.01059839633, 3.59327869048, 2.93866713343, 0.947733039515, 1.65550927588, 0.861870137905, 0.861675605374, 1.49850907175, 1.0163095746, 1.17227486923, 8.13345049497, 0.940351310416, 0.853652802743, 402.430257468, 0.965704360968, 1.50338611728, 1.01339574058, 1.86148419344, 1.01994908062, 30.0508017048, 10217.0339018
4.49364621745, 1.25304713685, 0.812440664048, 1.08728710438, 7.06179543901, 0.989261497832, 1.70609887139, 0.846817327379, 0.980824982308, 4.56149866769, 4.51258655062, 1.02814216444, 3.93740630734, 1.06860676547, 0.954369233119, 1.17522986438, 1.08610494613, 1.18758480156, 6.72822407826, 0.920739169483, 0.857014778456, 165.550532788, 1.05613869657, 5.19685132619, 1.1348214094, 5.09680736964, 1.20962871411, 26.4775441537, 16872.2541403
1.39964944191, 1.42669623628, 1.37512333345, 0.987508584852, 6.53192586097, 1.07778536759, 2.15593789061, 1.24591916129, 1.08808579473, 5.89152372719, 5.32351062054, 0.920349098348, 3.3024106146, 0.85132450612, 1.05012842667, 1.618880374, 1.13313017739, 1.16057808715, 5.56346912661, 1.15215692056, 0.854374781055, 202.207587991, 1.12835548607, 5.12777258523, 1.17192665761, 4.98649560353, 1.2287732084, 30.999185759, 9156.88116912
5.51284148682, 1.23349040431, 1.55585481942, 1.14971876241, 1.66241553285, 0.826142327393, 5.66810251334, 1.14041002189, 0.997995751661, 4.00196520746, 6.61144498574, 0.862328202874, 2.05539369141, 1.12934172854, 0.991508520361, 1.49989673159, 1.09631598021, 1.154218032, 4.30469439107, 1.04361746377, 0.79691353153, 409.864353791, 0.848344746888, 4.07031087292, 1.05745488093, 4.98170981291, 1.10756112984, 29.6107583695, 12085.5452577
4.93648552796, 1.35659599042, 1.33754151433, 1.19030206859, 4.20372217606, 0.771781054625, 1.93911807219, 0.824807127308, 0.979489026767, 2.38643994197, 3.6182575383, 0.811026779885, 4.79942958124, 0.940101637348, 0.883787817567, 1.01720529385, 1.0099681751, 0.939245210817, 6.29890080377, 1.07390434984, 0.946148643473, 304.177673332, 1.09347956983, 4.34623433077, 1.16564506151, 4.67129564585, 1.06942781129, 26.4428458804, 54686.4738828
3.42979230023, 1.39113249163, 1.58118858665, 0.905244796369, 2.8578000838, 0.946811846913, 3.66155388261, 0.955734617037, 1.05840146006, 2.2417053608, 6.96311858644, 1.03853130735, 3.56528295175, 1.04609974595, 0.943444066573, 1.14814451131, 1.1052965156, 1.18848647143, 4.07770477802, 1.1043733172, 0.959350697499, 10.6485290298, 1.12232607199, 3.00957718729, 1.03946852991, 4.29721205418, 0.930029689677, 38.3929350254, 5765.72347011
2.55344655722, 1.02556331219, 0.768449020559, 0.949748373083, 1.43062119498, 0.810496952695, 4.58188398928, 1.23308651407, 0.934943984524, 4.00407002413, 6.33289265331, 1.04617513657, 2.99069000604, 1.21687948027, 1.01462907438, 1.4022288196, 1.15068067041, 1.17531667698, 3.68487004643, 0.926609063405, 0.949202878166, 156.570130876, 0.984698117497, 4.25746635574, 0.982537568997, 1.5406600973, 1.10016899414, 62.5800979149, 5580.97751767
3.25406712296, 1.42810547921, 1.25789581717, 1.19536633243, 6.47997165864, 0.821015012508, 2.01308181021, 0.900027927622, 1.09108322944, 5.49001942031, 6.48398270128, 1.0291968382, 4.81692642657, 0.92123204977, 1.03164254418, 1.55866516148, 1.14102877662, 1.00174937103, 3.4858750411, 1.08287951434, 0.975603074697, 368.102111808, 1.12199807359, 2.73294631751, 1.21882039626, 3.67474169725, 1.14549671549, 51.9696073744, 5588.30656937
4.86950808066, 1.33095989957, 1.4067177997, 0.811591548173, 1.63115399234, 0.973641821759, 4.20655704945, 1.09239664388, 1.13819243559, 4.21658610579, 7.32960190673, 0.974314364721, 1.35627019333, 1.13610298812, 0.96906814598, 1.21615386435, 1.09367284156, 1.14789711005, 5.39336737671, 1.18814107885, 0.957346883561, 276.488560988, 0.926951330473, 3.82533717749, 0.978840485037, 3.70550025915, 1.2178129622, 28.193558836, 15484.8646724
4.28344692202, 1.25398208918, 0.907911137615, 0.892222550998, 2.65518465887, 1.09770157825, 1.11512113726, 1.08900937129, 1.03172292355, 2.9631818724, 5.93564872645, 0.897188011717, 4.78465874924, 1.27924668623, 0.803434583158, 1.45257006617, 1.10769815655, 1.20776195444, 8.8707521912, 0.966956382295, 0.931056903639, 134.618638717, 0.874873437714, 5.62870139147, 0.96326927754, 1.35120532191, 0.973164420927, 41.6117401535, 6673.83062759
5.93038157171, 1.17831802158, 1.16581858015, 1.02767856259, 2.72716303013, 1.17891857743, 3.16826796143, 1.12544100869, 1.04323654252, 2.80779738442, 6.66077609511, 0.837298785365, 1.6467051733, 0.911790027694, 0.922876709696, 1.19289410182, 1.12267506142, 1.07759108226, 4.17918336216, 0.978950886546, 0.979244271621, 230.598785692, 1.00529547149, 4.24066896463, 0.974206840425, 4.41628781958, 1.22322783057, 27.8396220784, 22430.0982068
1.21331340037, 1.06950314578, 0.885694934895, 0.881035666659, 2.06545396255, 1.03906637813, 4.97029505903, 0.911093133444, 1.01159656248, 1.55696363853, 5.69288624954, 0.935103109838, 2.48575781625, 1.03489777067, 0.96148351861, 1.14814451131, 1.13458852627, 1.19492566338, 3.07335348063, 1.08121937501, 0.959350697499, 76.0352960034, 1.18607103163, 5.83156536698, 1.10101987242, 3.53288721973, 1.28700729082, 27.8853018949, 128957.771221
1.59885159132, 1.28731232781, 0.969384162561, 1.01473080337, 6.20547344921, 1.00936880859, 3.89899618905, 0.873456672182, 0.966932233049, 4.17225488139, 5.18268466218, 1.04325197841, 1.34666616694, 0.920868520379, 0.983545564251, 1.04713714904, 1.15555902677, 1.14316741942, 6.09851350809, 1.16568598731, 0.996885106838, 212.628600391, 1.18037197518, 4.4497525572, 1.15145447734, 4.27672814429, 0.946127211363, 28.6633412542, 15145.4139414
