0.0, 1.0, 1.0, -1.0, 0.0, 3.0, -1.0, 1.0, 0.0, 2.0, 3.0, 2.0, 1.0, 0.0, 1.0, 0.0, -1.0, 2.0, 1.0, -1.0, 0.0, 2.0, 3.0, 2.0, 0.0, 0.0, 0.0, 1.0, -1.0, 1.0, -1.0, -1.0, 1.0, -1.0, 1.0, 0.0, 2.0, 0.0, -1.0, -1.0, 0.0, -1.0, 0.0, -1.0, 1.0, 0.0, 1.0, -1.0, 1.0, 2.0, 96453.0, 505.0
0.0, -1.0, 0.0, 0.0, 1.0, 1.0, 0.0, 2.0, 2.0, -1.0, 1.0, 3.0, 1.0, 3.0, 2.0, -1.0, 0.0, -1.0, 1.0, 0.0, 2.0, -1.0, -1.0, -1.0, -1.0, -1.0, 1.0, 1.0, 1.0, 3.0, 0.0, -1.0, 1.0, 0.0, 0.0, 0.0, 1.0, -1.0, 1.0, 1.0, 0.0, -1.0, -1.0, 1.0, -1.0, 0.0, -1.0, 0.0, 3.0, 2.0, 96721.0, 466.0
0.0, 1.0, 1.0, -1.0, 0.0, 3.0, -1.0, 1.0, 0.0, 2.0, 3.0, 2.0, 1.0, 0.0, 1.0, 0.0, -1.0, 2.0, 1.0, -1.0, 0.0, 2.0, 3.0, 2.0, 0.0, -1.0, 0.0, 1.0, -1.0, 1.0, -1.0, -1.0, 1.0, -1.0, 1.0, 0.0, 2.0, 0.0, -1.0, -1.0, 0.0, -1.0, 0.0, -1.0, 1.0, 0.0, 1.0, -1.0, 1.0, 2.0, 96599.0, 490.0
0.0, 1.0, 1.0, -1.0, 0.0, 3.0, -1.0, 1.0, 0.0, 2.0, 3.0, 2.0, 1.0, 0.0, 1.0, 0.0, -1.0, 2.0, 1.0, -1.0, 0.0, 2.0, 3.0, 2.0, 0.0, -1.0, 0.0, 1.0, -1.0, 1.0, -1.0, -1.0, 1.0, -1.0, 1.0, 0.0, 2.0, 0.0, -1.0, -1.0, 0.0, -1.0, 0.0, -1.0, 1.0, 0.0, 1.0, -1.0, 1.0, 2.0, 96599.0, 490.0
0.0, -1.0, 0.0, 0.0, 1.0, 1.0, 0.0, 2.0, 2.0, -1.0, 1.0, 3.0, 1.0, 3.0, 2.0, -1.0, 0.0, -1.0, 1.0, 0.0, 2.0, 1.0, -1.0, -1.0, -1.0, -1.0, 1.0, 1.0, 1.0, 2.0, 0.0, 1.0, 1.0, 1.0, 0.0, 0.0, -1.0, 2.0, -1.0, 1.0, 0.0, -1.0, -1.0, 1.0, -1.0, 1.0, -1.0, 0.0, 3.0, 2.0, 96662.0, 487.0
2.0, -1.0, 0.0, 0.0, 1.0, 1.0, 0.0, 2.0, 2.0, -1.0, 1.0, 3.0, 1.0, 3.0, 2.0, -1.0, -1.0, -1.0, 1.0, 0.0, 2.0, -1.0, -1.0, -1.0, -1.0, -1.0, 1.0, 1.0, 1.0, 2.0, 0.0, -1.0, 1.0, 1.0, 0.0, 0.0, -1.0, 2.0, -1.0, 1.0, 0.0, -1.0, -1.0, 1.0, -1.0, 1.0, 1.0, 0.0, 3.0, 2.0, 96885.0, 452.0
0.0, 1.0, 1.0, -1.0, 0.0, 3.0, -1.0, 1.0, 0.0, 2.0, 3.0, 2.0, -1.0, 0.0, 1.0, 0.0, -1.0, 2.0, 1.0, -1.0, 0.0, 2.0, 3.0, 2.0, 0.0, -1.0, 0.0, 1.0, -1.0, 1.0, -1.0, -1.0, 1.0, -1.0, 3.0, -1.0, 2.0, 0.0, -1.0, -1.0, 0.0, -1.0, 0.0, -1.0, 1.0, 0.0, 1.0, -1.0, 1.0, 2.0, 96915.0, 464.0
0.0, 1.0, 1.0, -1.0, 0.0, 3.0, -1.0, 1.0, 0.0, 2.0, 3.0, 2.0, -1.0, 0.0, 1.0, 0.0, -1.0, 2.0, 1.0, -1.0, 0.0, 2.0, 3.0, 2.0, 0.0, -1.0, 0.0, 1.0, -1.0, 1.0, -1.0, -1.0, 1.0, -1.0, 3.0, -1.0, 2.0, 0.0, -1.0, -1.0, 0.0, -1.0, 0.0, -1.0, 1.0, 0.0, 1.0, -1.0, 1.0, 2.0, 96915.0, 464.0
2.0, -1.0, 0.0, 0.0, 1.0, 1.0, 0.0, 2.0, 2.0, -1.0, 1.0, 3.0, 1.0, 3.0, 2.0, -1.0, 0.0, -1.0, 1.0, 0.0, 2.0, 1.0, -1.0, -1.0, -1.0, -1.0, 1.0, 1.0, 1.0, 2.0, 0.0, -1.0, 1.0, 1.0, 0.0, 0.0, -1.0, 2.0, -1.0, 1.0, 0.0, -1.0, -1.0, 1.0, -1.0, 1.0, 1.0, -1.0, 3.0, 2.0, 96749.0, 470.0
0.0, -1.0, 0.0, 0.0, 1.0, 1.0, 0.0, 2.0, 0.0, -1.0, 1.0, 3.0, 1.0, 3.0, 2.0, -1.0, 0.0, -1.0, 1.0, 0.0, 2.0, 1.0, -1.0, -1.0, -1.0, -1.0, 1.0, 1.0, 1.0, 2.0, 0.0, -1.0, 1.0, 1.0, 0.0, 0.0, -1.0, 2.0, -1.0, 1.0, 0.0, -1.0, -1.0, 1.0, -1.0, 1.0, -1.0, 0.0, 3.0, 2.0, 96726.0, 477.0
2.0, -1.0, 0.0, 0.0, 1.0, 1.0, 0.0, 2.0, 2.0, -1.0, 1.0, 3.0, 1.0, 3.0, 2.0, -1.0, 0.0, -1.0, 1.0, 0.0, 2.0, 1.0, -1.0, -1.0, -1.0, -1.0, 1.0, 1.0, 1.0, 2.0, 0.0, -1.0, 1.0, 1.0, 0.0, 0.0, -1.0, 2.0, -1.0, 1.0, 0.0, -1.0, -1.0, 1.0, -1.0, 1.0, 1.0, 0.0, 3.0, 2.0, 96680.0, 487.0
2.0, -1.0, 0.0, 0.0, 1.0, 1.0, 0.0, 2.0, 2.0, -1.0, 1.0, 3.0, 1.0, 3.0, 2.0, -1.0, 0.0, -1.0, 1.0, 0.0, 2.0, 1.0, -1.0, -1.0, -1.0, -1.0, 1.0, 1.0, 1.0, 2.0, 0.0, -1.0, 1.0, 1.0, 0.0, 0.0, -1.0, 2.0, -1.0, 1.0, 0.0, -1.0, -1.0, 1.0, -1.0, 1.0, 1.0, 0.0, 3.0, 2.0, 96680.0, 487.0
0.0, -1.0, 0.0, 0.0, 1.0, 1.0, 0.0, 2.0, 2.0, -1.0, 1.0, 3.0, 1.0, 3.0, 2.0, -1.0, 0.0, -1.0, 1.0, 0.0, 2.0, 1.0, -1.0, -1.0, -1.0, -1.0, 1.0, 1.0, 1.0, 3.0, 0.0, -1.0, 1.0, 0.0, 0.0, 0.0, 1.0, -1.0, 1.0, 1.0, 0.0, -1.0, -1.0, 1.0, -1.0, 0.0, -1.0, 0.0, 3.0, 2.0, 96689.0, 485.0
