5.70300651208, 1.00000079394, 1.3715737672, 1.20179735143, 3.72963123887, 0.917147413373, 5.4176891777, 1.2236605454, 0.916836912846, 1.62906918664, 5.87054231972, 0.844432806841, 4.93285735073, 1.15403883387, 1.09000062725, 1.09114091534, 1.03574698024, 1.20415853767, 9.28561209208, 0.914423042196, 0.847806009444, 919.960087, 1.04376189897, 2.06949349555, 1.00991191385, 1.48367680008, 1.01013845989, 296.324608374, 26.9796426298
4.91594847083, 1.00000088864, 1.52711086946, 1.2084521151, 2.80536189332, 0.767288091508, 1.79922916172, 1.18123357011, 0.929652687241, 1.57358947667, 5.02636951198, 0.8152387049, 1.75628793387, 1.13523659056, 1.09000013264, 1.01142772439, 1.04180965986, 1.0606761792, 7.18824763128, 1.16989696997, 0.858356656705, 568.726869574, 0.995177700275, 5.03105927612, 1.01680070716, 1.48694911423, 1.13336252714, 1614.52216908, 24.2990171237
3.78362123259, 1.00000018395, 1.25977837138, 1.06690926112, 2.4813532618, 0.910122087258, 5.81180883994, 1.23590315281, 0.911380972701, 3.51094973775, 4.77494754711, 0.889915116245, 2.35621955557, 1.20798298712, 1.09000082465, 1.07318525233, 1.02888885359, 1.20968192646, 6.19082651664, 1.1450274301, 0.854546571127, 925.653842015, 1.14930808744, 4.76704476537, 1.21490504102, 3.40623493999, 1.16478939875, 594.033901234, 26.0205681625
4.88173271526, 1.00000051309, 1.22633214869, 1.215474501, 3.13966252076, 0.747047369067, 2.47653785289, 1.18869151765, 0.931554807872, 2.60299514414, 5.0908615577, 0.928235936104, 4.92983209053, 1.12077118097, 1.09000094527, 1.08312076937, 1.04361216248, 1.16688494119, 7.15229605788, 1.03164865769, 0.904968679855, 416.126052502, 0.944751899306, 5.56923044127, 1.22802434383, 3.37137262719, 1.02927605619, 3857.5356941, 35.7244181559
5.86559572563, 1.00000027338, 1.65135475822, 0.941852815027, 2.72359450705, 0.929583451945, 5.40122234212, 1.18120526144, 0.932002659677, 3.0108104641, 5.71182302646, 0.866765852556, 4.51872123675, 1.12187051397, 1.09000082583, 1.01341736683, 1.00327353747, 1.12996868484, 5.61816036597, 1.16694584682, 0.761451833154, 853.638619161, 1.07657950304, 4.98072683942, 0.976315718236, 1.50361338625, 1.27848718211, 448.647102203, 24.3248220089
5.37676038706, 1.00000048354, 1.57806717218, 1.13025166079, 1.45403336344, 0.875458105719, 4.34950422708, 1.23282990784, 0.952312813339, 5.1972369481, 5.25376339748, 1.06954415024, 4.9962428393, 1.15563711672, 1.09000069667, 1.02649194725, 1.04081278394, 1.17275244796, 9.87965952979, 0.911363913513, 0.976859340446, 913.964685979, 1.1305224711, 2.64079894874, 1.11178090355, 2.05975411329, 1.27107945648, 2502.42463877, 52.0017347402
2.35223273862, 1.00000087414, 1.51744393496, 1.17590221434, 1.92444539115, 0.903762788194, 3.69913775204, 1.04186143368, 0.903904399734, 1.27677800563, 5.54530270721, 0.835865314217, 1.74213016524, 1.16596241712, 1.09000077364, 1.03932155826, 1.04994771045, 0.861456132232, 9.98395398902, 1.16107534211, 0.922717861667, 485.280460058, 0.969859783799, 4.74739707339, 1.04080293976, 2.96180457811, 1.12155383197, 774.051763721, 21.5951626903
3.227379162, 1.00000098278, 1.00211230599, 1.03308733653, 2.35640506512, 0.718878530957, 4.75574584887, 1.00181673563, 0.926810290334, 1.27569428258, 4.87138219586, 0.858836696058, 4.63550994609, 0.98730827307, 1.09000042609, 1.01891481751, 1.03785956078, 0.995638678111, 8.56134755946, 1.17913141395, 0.888105302846, 453.653587189, 1.10016242367, 1.86112144166, 1.17994857668, 3.34475431189, 1.23822973088, 2089.0520208, 52.6412822593
5.96042599696, 1.0000000427, 1.05467091264, 1.1484893631, 3.86419993976, 0.784288624477, 5.94853582472, 1.18488449912, 0.930031222449, 2.75903457224, 5.95515073413, 0.845634766486, 3.2318131438, 1.05027333633, 1.09000055061, 1.05146170284, 1.03849714965, 0.91074380602, 3.83160949016, 1.10957378491, 0.908202460899, 227.686342681, 1.08686346018, 4.70756139825, 1.12513077535, 1.61968445541, 1.23888792732, 2663.03070107, 40.9314686703
5.92778860332, 1.00000018243, 1.20676879288, 1.11896415244, 5.04510496279, 0.798632979396, 5.93209752997, 1.09627038375, 0.916336451525, 2.16886438309, 5.62432741561, 1.0483743062, 4.6187287461, 1.23642302369, 1.0900006758, 1.01058089111, 1.04724195999, 1.05221681718, 6.00139877517, 1.02924702006, 0.968169342642, 506.037980012, 1.05645687686, 2.97373000077, 1.13056882385, 1.64158812573, 1.14349137231, 1011.0205497, 21.5720560093
5.77707728247, 1.00000079011, 1.23740249739, 0.913862053187, 2.53134725881, 0.891851321639, 2.54670810478, 1.1864250486, 0.922865678068, 1.90350615717, 5.7408971956, 0.924096686031, 3.43324489962, 0.927396530607, 1.0900001847, 1.07270201944, 1.04292213433, 1.19372151268, 9.43691896133, 1.11903416779, 0.939760941332, 18.3015321839, 0.912130381249, 5.00598571463, 1.08212417351, 2.27259741955, 1.25332226654, 1810.07684911, 50.3524031627
4.69317712563, 1.0000005366, 1.51300629793, 1.01791513309, 2.21823436519, 0.777171813239, 5.9158373608, 1.16833340438, 0.901694999198, 3.62314525185, 4.93480923878, 1.00698635081, 2.29068638591, 1.27002421742, 1.09000083467, 1.02577421524, 1.04363890138, 1.10375419222, 8.64843960553, 1.07252690534, 0.951845269498, 570.354518535, 1.08361940932, 4.90090882418, 0.967266606818, 4.98410845789, 1.11128690156, 9285.76935863, 44.8540030121
5.9036613999, 1.0000009907, 1.00153401414, 1.101641021, 3.03225085233, 0.794004881567, 3.43827562345, 1.14924855295, 0.905915821007, 2.90270459781, 5.06922077378, 1.06943885126, 4.24798874504, 1.15483857325, 1.09000067878, 1.09505919165, 1.01152438368, 0.91947843096, 7.61313538035, 0.94375477067, 0.999724125918, 901.041058121, 0.958864507383, 4.68788912015, 1.23525483011, 4.18636243217, 1.24452409956, 2790.25758157, 57.6893675603
3.08502905364, 1.0000001019, 1.28400175224, 1.04062483453, 1.76229292007, 0.719880050802, 4.81768066348, 1.21269943515, 0.922971376909, 4.54896089714, 4.91844454174, 0.999615590091, 3.81960963553, 0.913780826222, 1.09000054078, 1.10757514042, 1.01989999504, 1.08677551366, 6.80153971046, 1.03211974633, 0.881216125448, 497.276425294, 0.921427207595, 4.42883538668, 1.18762314042, 1.95168093917, 1.19499745765, 304.458057809, 21.7550842072
4.97990010968, 1.00000035677, 1.24506509506, 1.1168815886, 3.13170288698, 0.808598049954, 5.52851907518, 1.02391312538, 0.973381610656, 2.41135590812, 5.21466557393, 0.902321728096, 4.32070852042, 1.01294274346, 1.09000084571, 1.00888497936, 1.0333902102, 1.0481285387, 5.79029254131, 0.91679056965, 0.821683735525, 579.003582698, 1.08375074615, 1.96828399767, 1.15987903154, 4.24994908584, 1.12329744579, 6635.55343334, 45.9465611894
5.73461751837, 1.00000061112, 1.36664436409, 0.87472343235, 3.47601080764, 0.756769455416, 4.68595411408, 1.23020753398, 0.972999411778, 3.30517612309, 5.99444721408, 0.893464034291, 3.79038926201, 0.87828180146, 1.09000001358, 1.01577362696, 1.04873670237, 1.0540071774, 7.69384492964, 1.06884140655, 0.957647303812, 133.271664014, 0.979157667798, 2.28981261288, 1.13866447091, 1.09245024921, 1.23468482174, 1283.93984126, 27.7016373652
5.57557861866, 1.00000029294, 1.37856812805, 1.19083764357, 3.06290854726, 0.877733884436, 5.08842898901, 1.05845145832, 0.936418428267, 2.41075420021, 5.45108303083, 0.858749596069, 3.4195139841, 1.2839741977, 1.09000079803, 1.02373595653, 1.02833642668, 0.941854315355, 9.84148553407, 1.00811084063, 0.794160010027, 88.6932106121, 1.15942819112, 4.53493196571, 1.12661372625, 3.34130205885, 1.26349939184, 659.290318157, 26.1643203551
5.35633385061, 1.00000018091, 1.03496937198, 1.08230489088, 3.12394248072, 0.794124701309, 4.51195235609, 1.02585588572, 0.93655005796, 3.7821618071, 5.16176997412, 0.8928234412, 3.8128531245, 0.918608881871, 1.09000088872, 1.06288964111, 1.03947621104, 1.09136134783, 8.89046307507, 0.982817620764, 0.866461561885, 323.884934322, 1.07038331416, 4.81687225726, 1.10512682689, 5.04628160789, 1.14389939096, 2231.41962446, 34.6713492267
4.70042381, 1.00000069338, 1.51909968335, 1.15098384075, 4.62327708434, 0.752114435665, 2.59454099414, 1.01471201485, 0.977446150858, 1.85118970271, 5.69242348965, 0.884296447825, 3.82172033998, 0.960781380183, 1.09000006104, 1.03941776436, 1.04823857939, 1.11528910037, 4.72991118287, 0.976204559232, 0.809279549687, 930.658552143, 1.02076678811, 3.66882620426, 1.02222045899, 2.71893589538, 1.25730434153, 7708.65805034, 39.8050451933
5.89543308643, 1.00000052766, 1.24658062724, 1.09645777238, 4.12043113726, 0.757598285899, 3.37497785849, 1.08946356778, 0.901965346691, 1.83347442243, 5.06040202616, 0.861988416457, 1.46839335362, 1.00026656949, 1.090000593, 1.06128897692, 1.01606011555, 0.960990466751, 7.70186281167, 1.07661293781, 0.898351251323, 181.60218098, 0.917778527747, 2.76511004988, 1.17401559402, 2.78163567552, 1.22873190043, 1543.14221126, 33.0850230156
5.52496895398, 1.00000037744, 1.21494155838, 1.14307473361, 3.85841525558, 0.850663252222, 3.32750003736, 1.03141188791, 0.94780546442, 3.30949966168, 5.981177294, 0.815110531099, 2.5622546323, 1.03420489061, 1.09000031374, 1.00908996367, 1.04977211244, 1.22522409396, 7.01424644191, 0.931938869324, 0.771896185159, 653.70849581, 0.981324531088, 3.69167130699, 1.06238115158, 3.37029467615, 1.21517867398, 2852.4512012, 59.5518217855
3.82156432004, 1.00000063845, 1.09247482479, 1.1948469962, 2.28848471528, 0.855822239478, 5.56870565139, 1.05585677388, 0.918073964235, 4.27291131231, 5.93781213328, 0.84359526771, 2.35833059084, 1.06171116921, 1.09000073496, 1.02094733529, 1.04571725706, 1.18555269889, 9.44834725997, 1.09471108531, 0.789702170531, 671.296118537, 0.92185036407, 3.34294836926, 1.19044431073, 4.27114983353, 1.19596150652, 1131.63710902, 41.2197957199
3.73794992382, 1.00000065272, 1.33118835349, 1.10016048516, 2.10814018562, 0.722221977737, 1.25110751285, 1.0014791908, 0.980011363382, 4.23594378943, 5.61958044099, 0.814339582059, 3.45530742103, 0.978353880956, 1.09000016774, 1.08972227209, 1.04230100166, 1.12750943647, 7.95381020803, 0.937636386557, 0.976974189862, 974.065557486, 1.12030214108, 5.42150298304, 1.19223117915, 2.13213382881, 1.23983255232, 9918.99542021, 44.6986336966
5.87098654475, 1.00000024387, 1.59515143765, 1.17739515995, 2.04061491752, 0.813181786913, 1.13163462794, 1.01023121807, 0.921677940084, 5.3884312035, 5.0615363432, 0.837997264135, 4.65335337311, 0.813641918473, 1.09000042443, 1.04941292747, 1.01877473107, 0.957265257978, 9.6845442206, 1.01767839245, 0.762956069315, 425.30445132, 1.00050603883, 3.50372987846, 1.08150574341, 2.38315976121, 1.28020832387, 1318.70450124, 26.4099564948
5.41905847663, 1.00000083994, 1.34238210704, 1.12594701974, 2.20000162759, 0.813855153441, 3.79032552072, 1.08566056276, 0.989671813092, 2.17099244068, 5.97816609515, 0.91403077486, 1.28432279695, 1.08370478945, 1.09000027697, 1.01016580327, 1.03261912848, 1.06150323908, 9.36115819543, 0.913919173332, 0.810153095715, 166.186560367, 0.96595141577, 4.97997853701, 1.02846448279, 3.06643135427, 1.20649485279, 3249.51681564, 44.3561785464
5.87325137813, 1.0000001602, 1.47969098318, 1.01002585807, 4.42065523828, 0.731387158491, 2.77949248627, 1.04364504997, 0.946736823718, 4.71700250498, 4.75443922995, 0.813474445133, 3.75341645985, 1.12180122634, 1.09000037096, 1.0493676652, 1.04773853343, 1.17581250354, 3.39954079583, 1.07431775325, 0.907968306072, 941.880415759, 0.911173840079, 1.09778900006, 1.17834892078, 2.75667320284, 1.27428703329, 1469.91165114, 29.2486558902
5.54166731066, 1.00000019819, 1.2783922153, 0.811222608087, 4.42746235957, 0.808194267181, 5.62945176074, 1.06868116781, 0.909067562244, 2.05736034856, 5.39206139412, 0.863167483683, 2.79707182284, 1.07610287251, 1.09000066737, 1.00971948094, 1.0194868743, 1.04624202966, 7.30639131321, 1.0104923269, 0.829080855463, 197.910793931, 1.08881629768, 3.83495901649, 1.13064642381, 1.72951615713, 1.29256838416, 566.721364097, 18.4651044092
5.65459729416, 1.00000046729, 1.20167985673, 1.1552629423, 3.61894342288, 0.766948898422, 5.54015464933, 1.09610192389, 0.927607218106, 3.96949496516, 4.95574741443, 0.842749441243, 1.2521398902, 0.922253360436, 1.09000042735, 1.02151027145, 1.03067426528, 0.858274282021, 7.29292206487, 0.955563562057, 0.818470883294, 940.928851261, 0.99059679764, 2.14641207876, 1.1728888498, 5.16022192614, 1.26000597983, 2116.21778265, 31.8946174402
2.51776181528, 1.00000051244, 1.58715014642, 0.974110174587, 2.01865772846, 0.733593114861, 5.41836827297, 1.09329431757, 0.905612621291, 5.67139563768, 4.99876152439, 0.871301187536, 5.05694693591, 0.892489042679, 1.09000063677, 1.07710210729, 1.03879169681, 1.11652597005, 9.00505712194, 0.946239221096, 0.823253415332, 304.716107616, 0.94044141694, 4.9484667973, 1.14478470591, 3.12853159652, 1.27379962303, 1400.93491969, 27.5928901526
4.94034666683, 1.00000026968, 1.55274519292, 1.07498209874, 3.15345408884, 0.723862423518, 5.81018901394, 1.04473390185, 0.90291815664, 3.08086262639, 4.88503867155, 0.840584505492, 3.64027235575, 1.13384069275, 1.0900009432, 1.01101986241, 1.02959568704, 1.21411761279, 7.19513843605, 0.94626007065, 0.952477427683, 743.983362692, 0.919227038275, 5.59958072225, 1.18441359045, 2.22940897268, 1.2733451204, 9406.74684273, 42.6458920314
3.87011839035, 1.00000003417, 1.22040942163, 1.21910704932, 2.00069134621, 0.720216073242, 2.69138841866, 1.07294252648, 0.963960442035, 4.90336654332, 5.46460950165, 0.938870069375, 2.7166592651, 1.09312187732, 1.09000041989, 1.05855064734, 1.04452316612, 1.14875541542, 7.54443866353, 0.98528318307, 0.854521980371, 597.559767096, 1.05433567891, 5.77052604456, 1.12339843209, 2.77595069225, 1.21105521494, 955.112314804, 25.3030199075
1.17857764121, 1.000000217, 1.23787696756, 1.09246021424, 1.94715002751, 0.80417634001, 3.56127438979, 1.13016723315, 0.966410287298, 2.26269795349, 5.23307770873, 0.896427774157, 2.9648951725, 0.867324246809, 1.09000068032, 1.00554924953, 1.02937418712, 0.973139590703, 5.68194930724, 1.06835873376, 0.847297728396, 726.641707438, 0.968896188102, 3.69115266958, 1.1922636226, 2.94188413402, 1.2766768405, 1500.31613195, 47.0979253307
5.62693701632, 1.0000001911, 1.45036699869, 0.806101773858, 3.74352386675, 0.849778322572, 2.56544931827, 1.105656581, 0.905318527652, 1.58635295817, 5.94442326314, 0.858214862173, 1.97375295273, 0.916661004806, 1.09000059253, 1.02579881439, 1.02495986604, 0.950190436928, 6.93452796857, 0.988100768756, 0.846199729398, 205.812759731, 0.935744879741, 4.04222244171, 1.22497118751, 3.91988936218, 1.24260554797, 4334.36267634, 38.1654189171
5.06974614247, 1.00000006168, 1.70366435727, 1.012900881, 6.90680428739, 0.873632236817, 4.08378497567, 1.03002411568, 0.945806393073, 5.07461299476, 5.951136719, 1.0339111339, 2.43473107163, 1.03412404121, 1.09000095612, 1.01669743862, 1.04059383241, 1.13973187414, 7.36840531007, 0.945372817115, 0.83230280296, 476.019199346, 0.969584314063, 5.82977093027, 1.2302581131, 3.77876432987, 1.28892140158, 1660.43938133, 25.4864634958
