0.52014301296, 0.963610384096, 3.65836032815, 0.367543413588, 46.3907195454, 45.8998981144, 2.96465553155, 1.14025853419, 33.8278696427, 0.386590707161, 0.342465753425
0.509783688678, 1.15073599413, 3.35086780712, 0.385057168684, 45.4588795579, 40.7052074802, 3.72323727468, 1.65941524621, 38.6144552007, 0.468226033612, 0.0360110803324
0.501041672471, 1.20711758126, 3.88032551064, 0.249376799763, 4.9585362843, 40.5274583316, 2.76172898378, 2.66422717191, 38.7591431502, 0.428183200393, 0.0396825396825
0.536770172398, 1.00063125627, 7.47175335377, 0.398098324753, 8.41278427132, 45.6707544609, 3.09032953731, 1.71132839371, 35.4150952647, 0.423508474164, 0.26369168357
0.500759654527, 1.05329978241, 7.05031739299, 0.403741529355, 43.2460183414, 46.1637396807, 2.03321803294, 3.60617165722, 22.1408762651, 0.471084840134, 0.0
0.566352894405, 1.1407160133, 6.15495636635, 0.364298053263, 23.5298025776, 45.9288626776, 2.17067701272, 1.99565514756, 32.5100263018, 0.416344187101, 0.491150442478
0.567211317178, 0.954779394371, 4.67927463324, 0.2967274313, 8.9391729645, 45.6571160663, 2.38924104915, 1.68576998429, 28.4633734217, 0.40277594211, 0.573770491803
0.501041672471, 1.22187319333, 3.65836032815, 0.249376799763, 46.3907195454, 46.642622298, 2.96465553155, 1.14025853419, 33.8278696427, 0.396850510529, 0.606870229008
0.567211317178, 0.954779394371, 5.28645803851, 0.2967274313, 8.9391729645, 45.6571160663, 2.38924104915, 1.68576998429, 28.4633734217, 0.411424849605, 0.56106870229
0.501041672471, 1.22187319333, 3.65836032815, 0.249376799763, 46.3907195454, 46.642622298, 2.38924104915, 1.14025853419, 33.8278696427, 0.394993419645, 0.654285714286
0.563571804576, 1.1045178569, 5.28645803851, 0.218485954605, 38.9248804561, 44.6661750902, 2.90150202938, 3.48786747032, 40.5921366883, 0.465187507822, 0.0666666666667
0.515476503188, 1.16301060115, 7.40753415438, 0.39380053881, 38.5784883527, 41.9650884063, 2.38451404143, 2.21860401023, 23.723412192, 0.44221024151, 0.0760869565217
0.509783688678, 1.15073599413, 3.35086780712, 0.385057168684, 45.4588795579, 40.7052074802, 3.72323727468, 1.65941524621, 38.6144552007, 0.429202527663, 0.466353677621
0.762556889993, 1.08011886014, 5.24485859474, 0.423419828086, 11.5216908, 45.3029096807, 2.23248142283, 1.08508473282, 25.8554015367, 0.437438484082, 0.430894308943
0.597547556096, 1.07978967176, 5.66716102287, 0.213752854236, 39.2222504863, 42.2716518072, 2.19005735199, 1.48150569277, 41.1124374341, 0.441478635003, 0.291338582677
0.501041672471, 1.20711758126, 3.41892470249, 0.448040706914, 34.89672588, 42.4826365845, 3.98508898308, 2.66422717191, 38.7591431502, 0.492097425025, 0.0265780730897
0.520508934799, 0.828609352178, 2.88283619441, 0.34909361387, 6.96793845367, 49.557069888, 2.8027188373, 2.86473631391, 28.0114539953, 0.477140175696, 0.0352941176471
0.542522577251, 0.873705972132, 6.78739662423, 0.435557733913, 11.0458308913, 49.3131853377, 2.88161981294, 2.93136213635, 29.3556575534, 0.50546741692, 0.0
0.636229842993, 1.14901142588, 2.88283619441, 0.34909361387, 24.5986439976, 41.7709555747, 2.26182747144, 1.207146044, 41.0021263178, 0.422512836518, 0.513513513514
0.519717989566, 0.959372043636, 7.81787169068, 0.281126720593, 37.2347061801, 40.8327730068, 3.5958372363, 1.47181285144, 42.1728001085, 0.410120225565, 0.602682313495
0.636229842993, 1.14901142588, 2.88283619441, 0.34909361387, 24.5986439976, 41.7709555747, 2.26182747144, 1.207146044, 41.0021263178, 0.397370355187, 0.643097643098
0.636229842993, 1.14901142588, 2.84381298453, 0.34909361387, 24.5986439976, 42.2640093364, 2.09692103194, 1.13360972519, 24.5113091186, 0.418589472373, 0.563862928349
0.520508934799, 0.897258978234, 6.71367876161, 0.39380053881, 6.96793845367, 49.557069888, 2.52408521556, 2.86473631391, 28.0114539953, 0.462600343385, 0.0779220779221
0.636307567861, 0.903261057522, 6.77945850645, 0.492717562817, 40.2317778558, 40.4049841194, 3.92253512381, 1.38379503036, 23.0679427242, 0.446160909532, 0.448108632396
0.532847454841, 1.12482086813, 7.80520170019, 0.241951745094, 5.2146343461, 46.9763090835, 3.56840239392, 1.5869959166, 32.5088722614, 0.445570332174, 0.484284051222
0.529441229458, 0.943688742116, 7.80520170019, 0.241951745094, 5.2146343461, 46.9763090835, 3.56840239392, 1.5869959166, 32.5088722614, 0.448869764102, 0.356589147287
0.526928996168, 1.25861917991, 5.82236102262, 0.231556605254, 29.75507306, 46.0698664557, 2.64285232302, 1.69818667715, 21.1875494108, 0.447036319678, 0.397727272727
0.529441229458, 0.943688742116, 7.80520170019, 0.241951745094, 5.2146343461, 46.9763090835, 3.56840239392, 1.5869959166, 32.5088722614, 0.444101442064, 0.5
0.636229842993, 1.14901142588, 2.88283619441, 0.34909361387, 24.5986439976, 41.7709555747, 2.26182747144, 1.207146044, 41.1628736935, 0.452282033466, 0.295
0.500571030727, 1.25708306455, 2.675684901, 0.327820690361, 10.8686701837, 44.6359943989, 3.70939340424, 0.132819747488, 26.943068958, 0.505548260912, 0.0105540897098
0.542522577251, 0.873705972132, 6.78739662423, 0.396299064134, 33.8882822872, 49.7677854923, 2.88161981294, 2.93136213635, 27.1967867905, 0.510740123837, 0.0
0.529441229458, 1.07075259588, 7.80520170019, 0.241951745094, 5.2146343461, 46.9763090835, 3.56840239392, 1.5869959166, 32.5088722614, 0.443507949291, 0.555903866249
0.541354274479, 1.05610575477, 6.28924476518, 0.260609882781, 39.8640812453, 47.4845698108, 3.89968850004, 1.80088345648, 31.4208683726, 0.412802345526, 0.644549763033
0.502349388069, 1.00063125627, 3.35086780712, 0.409951428754, 46.7434296589, 40.7052074802, 3.72323727468, 1.65941524621, 38.6144552007, 0.403244642425, 0.657559198543
0.509783688678, 1.15073599413, 3.35086780712, 0.409951428754, 46.3907195454, 40.7052074802, 3.72323727468, 1.65941524621, 38.6144552007, 0.426878557057, 0.567030784508
0.527051216478, 0.930010923434, 6.28924476518, 0.260609882781, 46.5956236224, 47.4845698108, 3.17243272733, 1.80088345648, 21.1875494108, 0.424770246394, 0.603448275862
0.5580657082, 1.00063125627, 4.11186503734, 0.230703210205, 47.8081838563, 48.692168607, 3.09032953731, 1.71132839371, 30.8319734926, 0.420162922077, 0.638018200202
0.501041672471, 0.835819726511, 3.65836032815, 0.249376799763, 46.3907195454, 45.8998981144, 2.96465553155, 1.14025853419, 33.8278696427, 0.471526715029, 0.0810810810811
0.535940501291, 1.1407160133, 5.82236102262, 0.480509686186, 23.5298025776, 45.9288626776, 2.5496174097, 1.99565514756, 32.5100263018, 0.466013861139, 0.0826446280992
0.5580657082, 1.15073599413, 4.11186503734, 0.230703210205, 47.8081838563, 42.7130285548, 3.09032953731, 1.71132839371, 30.8319734926, 0.449296278058, 0.396551724138
0.566352894405, 0.950920634753, 3.50787876212, 0.419088837445, 33.0383185843, 42.4906021412, 3.93468950619, 1.58969124376, 36.4405587305, 0.448250076012, 0.485314685315
0.560414736342, 0.930010923434, 6.28924476518, 0.364298053263, 0.736036837256, 47.6534925133, 3.88495314809, 1.80088345648, 31.4208683726, 0.44469562905, 0.508120649652
0.652235876495, 1.22187319333, 7.59013184302, 0.384053457671, 12.9085452141, 46.642622298, 3.1685407036, 1.77293165821, 35.273880284, 0.464917034149, 0.303225806452
0.560414736342, 0.86376426664, 6.75376830561, 0.260609882781, 46.5956236224, 47.4845698108, 3.88495314809, 1.80088345648, 27.7756107207, 0.455303502268, 0.339920948617
0.647645017432, 0.903261057522, 6.77945850645, 0.492717562817, 6.8957480995, 40.1187793425, 3.92253512381, 1.38379503036, 20.2864222124, 0.508589893659, 0.0523076923077
0.501041672471, 1.22187319333, 7.59013184302, 0.307088896683, 12.9085452141, 40.8078873754, 3.1685407036, 0.208239983919, 35.1264672448, 0.509663832784, 0.0351437699681
0.535940501291, 1.1407160133, 6.15495636635, 0.480509686186, 13.3319654706, 45.9288626776, 2.5496174097, 1.99565514756, 32.5100263018, 0.523928230509, 0.0
0.600943390188, 1.04342676551, 7.97616530368, 0.384053457671, 5.7288051138, 41.0773418185, 2.03313824901, 4.11311420163, 20.1885917691, 0.512085267386, 0.0263157894737
0.581230506094, 1.0265344202, 7.64035848978, 0.319391951426, 41.6135201008, 43.1166475505, 3.96609266051, 0.33691979324, 41.1628736935, 0.513991201602, 0.00982800982801
0.541173405466, 0.959372043636, 5.31829429507, 0.320588228416, 37.2347061801, 40.8327730068, 3.5586052691, 1.47181285144, 30.8748027439, 0.405967043337, 0.66583747927
0.636229842993, 1.14901142588, 2.88283619441, 0.34909361387, 24.5986439976, 41.7709555747, 2.26182747144, 1.207146044, 41.0021263178, 0.430454685437, 0.581196581197
0.840453320073, 0.959372043636, 7.52333830038, 0.428891123478, 38.9094441352, 42.5168232407, 2.78316011487, 1.77293165821, 39.7354469294, 0.43571004199, 0.576271186441
0.519717989566, 1.22187319333, 7.81787169068, 0.320588228416, 37.2347061801, 40.8327730068, 3.5958372363, 1.47181285144, 23.4143731765, 0.428249503187, 0.627546862266
0.664671750152, 1.02382028729, 6.9242487059, 0.256149425039, 39.8640812453, 46.9092886127, 2.82226728826, 1.42163060689, 23.6000248388, 0.473294581019, 0.131313131313
0.541173405466, 0.959372043636, 5.31829429507, 0.320588228416, 37.2347061801, 40.8327730068, 3.5586052691, 1.47181285144, 30.8748027439, 0.503244988063, 0.118497109827
0.727982865353, 0.950920634753, 3.50787876212, 0.480509686186, 7.82874865986, 41.545305456, 3.78600839609, 1.58969124376, 35.7644319173, 0.467415864527, 0.253105590062
0.535940501291, 1.1407160133, 5.82236102262, 0.480509686186, 36.1879554834, 45.9288626776, 2.5496174097, 1.99565514756, 32.5100263018, 0.490846534327, 0.129032258065
0.560414736342, 0.930010923434, 6.28924476518, 0.260609882781, 0.736036837256, 47.4845698108, 3.88495314809, 1.80088345648, 31.4208683726, 0.448872616215, 0.487215909091
0.878555746771, 0.820890546144, 5.70278331132, 0.364298053263, 8.03556234094, 46.1644558339, 2.13953363816, 1.73050332261, 20.2864222124, 0.447288441255, 0.569105691057
0.647645017432, 0.903261057522, 6.77945850645, 0.492717562817, 6.8957480995, 40.1187793425, 3.92253512381, 1.38379503036, 23.0679427242, 0.447403797411, 0.559447983015
0.560414736342, 0.930010923434, 6.28924476518, 0.231556605254, 0.0351367730598, 47.6534925133, 3.88495314809, 1.80088345648, 31.4208683726, 0.458662713249, 0.418006430868
0.560414736342, 0.86376426664, 6.75376830561, 0.260609882781, 46.5956236224, 47.4845698108, 3.88495314809, 1.80088345648, 27.7756107207, 0.461321373755, 0.362654320988
0.628066516634, 0.877686582149, 3.23783918349, 0.478291362165, 2.51572287181, 40.924699662, 3.99734441992, 2.10192354454, 27.3554919824, 0.526018758918, 0.0
0.511662855009, 1.11277227187, 5.69289329003, 0.300874816122, 9.91347988772, 44.3586815058, 3.73875620242, 4.78976938647, 22.4955963765, 0.512658792249, 0.0376344086022
0.541173405466, 0.948112144641, 5.31829429507, 0.320588228416, 37.2347061801, 40.8327730068, 3.5586052691, 0.309433039992, 30.8748027439, 0.51776299869, 0.0245231607629
0.532847454841, 1.12482086813, 7.80520170019, 0.241951745094, 5.2146343461, 46.9763090835, 3.56840239392, 1.5869959166, 32.5088722614, 0.430953576242, 0.584299732382
0.501041672471, 1.25861917991, 5.82236102262, 0.231556605254, 29.75507306, 46.0698664557, 2.64285232302, 1.69818667715, 21.1875494108, 0.438089681451, 0.576923076923
0.527051216478, 0.930010923434, 6.28924476518, 0.260609882781, 46.5956236224, 47.4845698108, 3.17243272733, 1.80088345648, 27.7756107207, 0.429768267309, 0.6410041841
0.529441229458, 0.943688742116, 7.80520170019, 0.241951745094, 5.2146343461, 46.9763090835, 3.56840239392, 1.5869959166, 26.3921411119, 0.487496461899, 0.2096069869
0.607752477436, 1.08240110831, 5.53622849053, 0.311201394916, 0.736036837256, 40.3011424962, 2.08883663914, 2.37442936056, 31.4208683726, 0.485057705638, 0.20979020979
0.566352894405, 0.950920634753, 3.50787876212, 0.419088837445, 23.5298025776, 42.4906021412, 2.5496174097, 1.58969124376, 36.4405587305, 0.468955774829, 0.298780487805
0.536770172398, 1.05908678925, 7.07211076068, 0.398098324753, 8.41278427132, 45.6707544609, 2.25779772998, 4.39809349717, 41.0021263178, 0.509587983181, 0.151898734177
0.762556889993, 1.08011886014, 5.24485859474, 0.423419828086, 11.5216908, 45.3029096807, 2.23248142283, 1.08508473282, 25.8554015367, 0.504947618876, 0.192
0.500571030727, 1.06552247331, 2.34996063453, 0.334244905016, 10.8686701837, 44.6359943989, 3.70939340424, 0.497009119508, 26.943068958, 0.509618169861, 0.132075471698
0.5580657082, 1.00063125627, 4.11186503734, 0.230703210205, 47.8081838563, 48.692168607, 3.09032953731, 1.71132839371, 30.8319734926, 0.454797452158, 0.507262569832
0.560414736342, 0.930010923434, 6.28924476518, 0.260609882781, 0.736036837256, 47.4845698108, 3.89968850004, 1.80088345648, 31.4208683726, 0.453073182994, 0.52970795569
0.664671750152, 1.02382028729, 6.9242487059, 0.256149425039, 39.8640812453, 46.9092886127, 2.82226728826, 1.86709373109, 23.6000248388, 0.452731926134, 0.558704453441
0.5580657082, 0.894549885233, 4.11186503734, 0.230703210205, 47.8081838563, 48.692168607, 3.09032953731, 1.71132839371, 30.8319734926, 0.457591582319, 0.505275498242
0.616282869823, 0.873710037654, 2.00076577349, 0.253527269628, 21.0737231186, 45.0928963364, 3.43561161306, 1.93049644156, 31.1449098353, 0.458788897036, 0.495364238411
0.501041672471, 1.25861917991, 5.82236102262, 0.231556605254, 29.75507306, 46.0698664557, 2.64285232302, 1.69818667715, 21.1875494108, 0.460324885564, 0.479768786127
0.529441229458, 0.943688742116, 7.80520170019, 0.241951745094, 5.2146343461, 46.9763090835, 3.56840239392, 1.5869959166, 32.5088722614, 0.46771114358, 0.365354330709
0.501041672471, 1.20711758126, 3.88032551064, 0.249376799763, 34.89672588, 40.5274583316, 2.76172898378, 2.66422717191, 38.7591431502, 0.462555630819, 0.38418079096
0.882374074827, 1.14480808554, 3.47758176046, 0.327820690361, 30.3010313926, 48.3784421535, 2.34023191322, 1.9857317372, 22.1011891309, 0.467349359192, 0.38255033557
0.541173405466, 0.911455469525, 3.89066026743, 0.448040706914, 42.0522369195, 42.4826365845, 3.98508898308, 3.50983139689, 35.042039498, 0.53204935209, 0.0137457044674
0.536770172398, 1.00063125627, 7.47175335377, 0.398098324753, 8.41278427132, 45.6707544609, 3.60922629001, 1.71132839371, 35.4150952647, 0.532350596574, 0.0
0.566352894405, 0.950920634753, 3.50787876212, 0.471571902087, 33.0383185843, 42.4906021412, 3.93468950619, 1.58969124376, 36.4405587305, 0.513542813976, 0.0544217687075
0.628066516634, 0.877686582149, 3.23783918349, 0.478291362165, 2.51572287181, 40.924699662, 3.99734441992, 0.33691979324, 41.1628736935, 0.526374303235, 0.0292553191489
0.739629913956, 0.929386409088, 3.83575752579, 0.446892272179, 32.1264994225, 41.545305456, 2.02763200423, 1.67890543502, 35.7644319173, 0.522335148615, 0.0461538461538
0.828078591242, 0.891360473219, 7.73368917709, 0.422859341697, 45.651280548, 48.4171763914, 3.01893738257, 1.00582904478, 43.1824711879, 0.430361051996, 0.641597028784
0.636229842993, 1.14901142588, 2.67677123053, 0.34909361387, 22.3727106322, 42.2640093364, 2.09692103194, 1.13360972519, 41.0021263178, 0.55044858474, 0.0
0.616282869823, 0.930010923434, 2.28029908838, 0.253527269628, 31.3747672217, 45.4883583267, 3.43561161306, 1.58969124376, 31.1449098353, 0.444086136982, 0.587020648968
0.876385760921, 0.903261057522, 6.77945850645, 0.492717562817, 40.2317778558, 40.4049841194, 3.92253512381, 1.38379503036, 23.0679427242, 0.467999617244, 0.429975429975
0.5580657082, 0.894549885233, 4.11186503734, 0.230703210205, 47.8081838563, 48.692168607, 3.09032953731, 1.71132839371, 30.8319734926, 0.518741459538, 0.188340807175
0.652235876495, 0.835819726511, 3.65836032815, 0.249376799763, 46.3907195454, 46.642622298, 2.96465553155, 1.14025853419, 40.9753094171, 0.479005119499, 0.304964539007
0.566352894405, 0.975753520581, 3.50787876212, 0.419088837445, 49.9163198738, 42.4906021412, 3.78600839609, 1.38379503036, 28.3115753807, 0.492739406292, 0.212820512821
0.501041672471, 1.25861917991, 5.82236102262, 0.364298053263, 29.75507306, 46.0698664557, 2.64285232302, 1.69818667715, 21.1875494108, 0.471802706516, 0.411764705882
0.526928996168, 1.25861917991, 5.82236102262, 0.25355175714, 26.3768830007, 46.0698664557, 2.64285232302, 1.69818667715, 21.1875494108, 0.490536760078, 0.274647887324
0.557115792251, 0.939623423892, 4.90111266289, 0.421221790683, 35.8469178679, 41.8059213145, 2.88161981294, 0.0703686231783, 36.8057494681, 0.519162630383, 0.0826446280992
0.500571030727, 1.06552247331, 3.48400735949, 0.334244905016, 10.8686701837, 44.6359943989, 3.70939340424, 0.497009119508, 27.7170067984, 0.534194544401, 0.0115273775216
0.532847454841, 1.12482086813, 7.80520170019, 0.241951745094, 5.2146343461, 46.9763090835, 3.56840239392, 1.5869959166, 32.5088722614, 0.440251001895, 0.611884865367
