0.636229842993, 1.14901142588, 2.88283619441, 0.34909361387, 23.8168277128, 41.7709555747, 2.78316011487, 1.207146044, 41.0021263178, 0.385194924489, 0.274390243902
0.501041672471, 1.22187319333, 3.65836032815, 0.249376799763, 46.3907195454, 40.4928999948, 2.96465553155, 1.47943116382, 33.8278696427, 0.372201678636, 0.414893617021
0.501041672471, 1.20711758126, 3.88032551064, 0.249376799763, 4.9585362843, 40.5274583316, 2.76172898378, 2.66422717191, 38.7591431502, 0.428183200393, 0.0396825396825
0.501041672471, 1.22187319333, 3.65836032815, 0.249376799763, 46.3907195454, 40.4928999948, 2.96465553155, 1.47943116382, 33.8278696427, 0.417830752393, 0.221428571429
0.502349388069, 1.00063125627, 3.35086780712, 0.409951428754, 39.8640812453, 40.7052074802, 3.08414822623, 1.65941524621, 38.6144552007, 0.461879758408, 0.0
0.52014301296, 0.963610384096, 3.65836032815, 0.367543413588, 46.3907195454, 45.8998981144, 2.96465553155, 1.14025853419, 33.8278696427, 0.386590707161, 0.342465753425
0.515476503188, 1.16301060115, 7.40753415438, 0.39380053881, 38.5784883527, 41.9650884063, 2.38451404143, 2.21860401023, 23.723412192, 0.44221024151, 0.0760869565217
0.536770172398, 1.00063125627, 7.47175335377, 0.398098324753, 8.41278427132, 45.6707544609, 3.09032953731, 1.71132839371, 35.4150952647, 0.423508474164, 0.26369168357
0.509783688678, 1.15073599413, 3.35086780712, 0.385057168684, 45.4588795579, 40.7052074802, 3.72323727468, 1.65941524621, 38.6144552007, 0.468226033612, 0.0360110803324
0.563571804576, 1.1045178569, 5.28645803851, 0.218485954605, 38.9248804561, 44.6661750902, 2.90150202938, 3.48786747032, 40.5921366883, 0.465187507822, 0.0666666666667
0.500759654527, 1.05329978241, 7.05031739299, 0.403741529355, 43.2460183414, 46.1637396807, 2.03321803294, 3.60617165722, 22.1408762651, 0.471084840134, 0.0
0.566352894405, 1.1407160133, 6.15495636635, 0.364298053263, 23.5298025776, 45.9288626776, 2.17067701272, 1.99565514756, 32.5100263018, 0.416344187101, 0.491150442478
0.501041672471, 1.22187319333, 3.65836032815, 0.249376799763, 46.3907195454, 46.642622298, 2.96465553155, 1.14025853419, 33.8278696427, 0.396850510529, 0.606870229008
0.509783688678, 1.07978967176, 5.66716102287, 0.23317001657, 46.3907195454, 42.2716518072, 3.72323727468, 1.65941524621, 38.6144552007, 0.402286176451, 0.55175688509
0.500571030727, 1.14901142588, 2.78146465998, 0.34909361387, 37.2347061801, 41.7709555747, 2.26182747144, 1.47181285144, 41.1628736935, 0.418039105826, 0.484716157205
0.636229842993, 1.14901142588, 7.07211076068, 0.398098324753, 22.3727106322, 42.2640093364, 2.25779772998, 1.13360972519, 42.0739769651, 0.395871236815, 0.629179331307
0.502349388069, 1.00063125627, 3.35086780712, 0.409951428754, 34.89672588, 42.4826365845, 3.98508898308, 1.74565134896, 38.6144552007, 0.415376596885, 0.496886674969
0.636229842993, 1.14901142588, 2.88283619441, 0.34909361387, 24.5986439976, 41.7709555747, 2.26182747144, 1.71132839371, 37.8469563647, 0.418754679365, 0.375634517766
0.501041672471, 1.22187319333, 3.65836032815, 0.249376799763, 46.3907195454, 46.642622298, 2.38924104915, 1.14025853419, 33.8278696427, 0.394993419645, 0.654285714286
0.502349388069, 1.00063125627, 3.35086780712, 0.409951428754, 34.89672588, 42.4826365845, 3.98508898308, 1.74565134896, 38.6144552007, 0.449170511772, 0.161931818182
0.520508934799, 0.897258978234, 6.71367876161, 0.39380053881, 6.96793845367, 49.557069888, 2.52408521556, 2.86473631391, 28.0114539953, 0.462600343385, 0.0779220779221
0.513236672107, 0.930010923434, 6.05014745393, 0.260609882781, 46.5956236224, 40.7052074802, 3.04165939872, 1.69818667715, 21.1875494108, 0.458294558799, 0.153846153846
0.541173405466, 0.959372043636, 5.31829429507, 0.320588228416, 37.2347061801, 40.8327730068, 3.5586052691, 1.47181285144, 30.8748027439, 0.438029911934, 0.308687615527
0.541354274479, 1.05610575477, 6.28924476518, 0.260609882781, 39.8640812453, 45.8998981144, 2.77676396772, 1.20262938062, 31.4208683726, 0.449021402792, 0.27731092437
0.698037480709, 1.08011886014, 3.35086780712, 0.4307396739, 45.4588795579, 40.1689938472, 3.72323727468, 1.65941524621, 38.6144552007, 0.431141018448, 0.31106870229
0.597547556096, 1.07978967176, 5.66716102287, 0.213752854236, 39.2222504863, 42.2716518072, 2.19005735199, 1.48150569277, 41.1124374341, 0.441478635003, 0.291338582677
0.501041672471, 1.20711758126, 3.41892470249, 0.448040706914, 34.89672588, 41.2542822291, 3.98508898308, 2.66422717191, 38.7591431502, 0.488821951464, 0.003367003367
0.502349388069, 1.00063125627, 3.35086780712, 0.409951428754, 39.8640812453, 44.8701539555, 3.08414822623, 1.65941524621, 38.6144552007, 0.474180436389, 0.0193905817175
0.535940501291, 1.1407160133, 6.28924476518, 0.480509686186, 36.1879554834, 45.9288626776, 2.5496174097, 1.99565514756, 32.5100263018, 0.503456816995, 0.0
0.567211317178, 1.22187319333, 5.28645803851, 0.2967274313, 8.9391729645, 46.642622298, 2.38924104915, 1.68576998429, 33.8278696427, 0.417006421452, 0.496376811594
0.567211317178, 0.954779394371, 4.67927463324, 0.2967274313, 8.9391729645, 45.6571160663, 2.38924104915, 1.68576998429, 28.4633734217, 0.40277594211, 0.573770491803
0.567211317178, 0.954779394371, 5.28645803851, 0.2967274313, 8.9391729645, 45.6571160663, 2.38924104915, 1.68576998429, 28.4633734217, 0.411424849605, 0.56106870229
0.541173405466, 0.959372043636, 5.31829429507, 0.320588228416, 37.2347061801, 40.8327730068, 3.5586052691, 1.47181285144, 25.2293207525, 0.405988306868, 0.570093457944
0.636229842993, 1.14901142588, 2.88283619441, 0.34909361387, 24.5986439976, 41.7709555747, 2.26182747144, 1.207146044, 41.0021263178, 0.397370355187, 0.643097643098
0.501041672471, 1.25861917991, 5.82236102262, 0.231556605254, 29.75507306, 46.0698664557, 2.64285232302, 1.69818667715, 23.7163597646, 0.402532433422, 0.631578947368
0.519717989566, 0.996143227694, 2.11318918882, 0.281126720593, 37.2347061801, 40.8327730068, 3.5958372363, 1.47181285144, 42.1728001085, 0.40189974399, 0.632790028763
0.522699883477, 0.930010923434, 6.28924476518, 0.260609882781, 46.5956236224, 47.4845698108, 3.17243272733, 1.80088345648, 21.1875494108, 0.416770008232, 0.556872037915
0.500571030727, 1.14901142588, 2.78146465998, 0.34909361387, 37.2347061801, 41.7709555747, 2.26182747144, 1.47181285144, 41.1628736935, 0.425109461954, 0.416216216216
0.560414736342, 0.86376426664, 6.75376830561, 0.260609882781, 46.5956236224, 42.2640093364, 3.88495314809, 1.80088345648, 27.7756107207, 0.449524358418, 0.222727272727
0.509783688678, 1.1685751011, 3.35086780712, 0.380193043272, 46.3907195454, 40.7052074802, 3.54803732551, 1.65941524621, 38.6144552007, 0.463301169255, 0.123563218391
0.502349388069, 1.00063125627, 3.35086780712, 0.409951428754, 39.8640812453, 40.7052074802, 3.08414822623, 1.65941524621, 21.1875494108, 0.467050116731, 0.0808080808081
0.535940501291, 1.1407160133, 5.82236102262, 0.480509686186, 23.5298025776, 45.9288626776, 2.5496174097, 1.99565514756, 32.5100263018, 0.466013861139, 0.0826446280992
0.519717989566, 0.959372043636, 7.81787169068, 0.249825381512, 37.2347061801, 40.8327730068, 3.40032093541, 1.47181285144, 42.1728001085, 0.433099376821, 0.334488734835
0.509783688678, 0.944756202248, 3.35086780712, 0.385057168684, 12.9085452141, 40.7052074802, 3.72323727468, 1.65941524621, 38.6144552007, 0.442333106183, 0.302803738318
0.501826413954, 1.06073237642, 3.35086780712, 0.367543413588, 45.4588795579, 45.8998981144, 3.78148671061, 1.14025853419, 40.7966837494, 0.476823596516, 0.0607902735562
0.520508934799, 0.828609352178, 2.88283619441, 0.34909361387, 6.96793845367, 49.557069888, 2.8027188373, 2.86473631391, 28.0114539953, 0.477140175696, 0.0352941176471
0.502349388069, 1.00063125627, 3.35086780712, 0.409951428754, 39.8640812453, 40.7052074802, 3.08414822623, 1.65941524621, 38.6144552007, 0.489181704346, 0.0314960629921
0.501041672471, 1.20711758126, 3.41892470249, 0.448040706914, 34.89672588, 42.4826365845, 3.98508898308, 2.66422717191, 38.7591431502, 0.492097425025, 0.0265780730897
0.504262050942, 1.15073599413, 3.35086780712, 0.409951428754, 46.3907195454, 40.7052074802, 3.72323727468, 2.06494697472, 40.8253991287, 0.501890564932, 0.0203389830508
0.542522577251, 0.873705972132, 6.78739662423, 0.435557733913, 11.0458308913, 49.3131853377, 2.88161981294, 2.93136213635, 29.3556575534, 0.50546741692, 0.0
0.526928996168, 1.25861917991, 5.82236102262, 0.3430528891, 29.75507306, 46.0698664557, 2.64285232302, 1.69818667715, 21.1875494108, 0.423563493522, 0.509615384615
0.509783688678, 0.963610384096, 3.22095969118, 0.255665299649, 46.3907195454, 40.4298701402, 3.84304081943, 1.65941524621, 38.6144552007, 0.419719461584, 0.509960159363
0.503091163855, 1.15073599413, 3.65836032815, 0.385057168684, 46.3907195454, 45.9288626776, 3.72323727468, 1.65941524621, 32.5100263018, 0.419035904951, 0.522598870056
0.502349388069, 1.00063125627, 3.35086780712, 0.409951428754, 46.7434296589, 40.7052074802, 3.72323727468, 1.65941524621, 38.6144552007, 0.414645709528, 0.562980030722
0.501041672471, 0.954779394371, 3.65836032815, 0.249376799763, 46.3907195454, 43.3146402113, 2.38924104915, 1.14025853419, 28.4633734217, 0.4071204108, 0.606349206349
0.597547556096, 1.1664124045, 5.66716102287, 0.213752854236, 39.2222504863, 42.2716518072, 2.19005735199, 1.48150569277, 41.1124374341, 0.409057333645, 0.590769230769
0.636229842993, 1.14901142588, 2.88283619441, 0.34909361387, 11.2476493628, 41.7709555747, 2.26182747144, 1.207146044, 41.0021263178, 0.400516670557, 0.65664160401
0.500571030727, 1.14901142588, 2.88283619441, 0.34909361387, 24.5986439976, 41.7709555747, 2.26182747144, 1.207146044, 41.1628736935, 0.427357030674, 0.477876106195
0.502349388069, 1.00063125627, 3.35086780712, 0.231556605254, 29.75507306, 40.7052074802, 3.72323727468, 1.65941524621, 38.6144552007, 0.427397271383, 0.419590643275
0.502349388069, 1.00063125627, 3.35086780712, 0.409951428754, 46.7434296589, 40.7052074802, 3.72323727468, 1.65941524621, 38.6144552007, 0.461213917152, 0.259962049336
0.636229842993, 1.14901142588, 7.07211076068, 0.398098324753, 22.3727106322, 42.2640093364, 2.25779772998, 1.13360972519, 41.0021263178, 0.452963094612, 0.275167785235
0.636229842993, 1.14901142588, 2.88283619441, 0.34909361387, 24.5986439976, 41.7709555747, 2.26182747144, 1.207146044, 41.1628736935, 0.452282033466, 0.295
0.501041672471, 0.835819726511, 3.65836032815, 0.249376799763, 46.3907195454, 45.8998981144, 2.96465553155, 1.14025853419, 33.8278696427, 0.471526715029, 0.0810810810811
0.515476503188, 1.16301060115, 5.28645803851, 0.218485954605, 35.4034269209, 41.9650884063, 2.38451404143, 2.21860401023, 23.723412192, 0.4676937186, 0.103448275862
0.727982865353, 0.950920634753, 3.50787876212, 0.480509686186, 7.82874865986, 41.545305456, 3.78600839609, 1.58969124376, 35.7644319173, 0.467415864527, 0.253105590062
0.501041672471, 1.15073599413, 3.35086780712, 0.385057168684, 49.640651171, 40.7052074802, 2.38924104915, 1.65941524621, 33.8278696427, 0.439223969707, 0.376884422111
0.566352894405, 0.867247362833, 7.57949100705, 0.364298053263, 23.5298025776, 45.9288626776, 2.17067701272, 1.68576998429, 32.5100263018, 0.442398588362, 0.34554973822
0.636229842993, 1.14901142588, 2.88283619441, 0.34909361387, 11.2476493628, 41.7709555747, 2.1575282354, 1.207146044, 41.0021263178, 0.501336373241, 0.0744680851064
0.502349388069, 1.00063125627, 3.35086780712, 0.409951428754, 39.8640812453, 42.4826365845, 3.08414822623, 1.65941524621, 38.6144552007, 0.502057946237, 0.0737463126844
0.535940501291, 1.1407160133, 6.99219646129, 0.480509686186, 13.3319654706, 45.1583745506, 3.73875620242, 1.99565514756, 32.5100263018, 0.502990155267, 0.0290322580645
0.500571030727, 1.25708306455, 2.675684901, 0.327820690361, 10.8686701837, 44.6359943989, 3.70939340424, 0.132819747488, 26.943068958, 0.505548260912, 0.0105540897098
0.542522577251, 0.873705972132, 6.78739662423, 0.396299064134, 33.8882822872, 49.7677854923, 2.88161981294, 2.93136213635, 27.1967867905, 0.510740123837, 0.0
0.636229842993, 1.14901142588, 2.88283619441, 0.34909361387, 24.5986439976, 41.7709555747, 2.26182747144, 1.207146044, 41.0021263178, 0.422512836518, 0.513513513514
0.535940501291, 1.1407160133, 6.15495636635, 0.480509686186, 13.3319654706, 45.1583745506, 3.73875620242, 1.99565514756, 32.5100263018, 0.418262182527, 0.566912539515
0.509783688678, 1.17621536356, 3.35086780712, 0.34909361387, 24.5986439976, 40.7052074802, 3.72323727468, 1.71132839371, 38.6144552007, 0.416382599352, 0.571984435798
0.636229842993, 1.14901142588, 2.84381298453, 0.34909361387, 24.5986439976, 42.2640093364, 2.09692103194, 1.13360972519, 24.5113091186, 0.418589472373, 0.563862928349
0.541354274479, 1.05610575477, 6.28924476518, 0.260609882781, 39.8640812453, 45.8998981144, 2.77676396772, 1.20262938062, 31.4208683726, 0.408249595122, 0.64
0.502349388069, 1.00063125627, 3.35086780712, 0.409951428754, 39.8640812453, 40.7052074802, 3.08414822623, 1.65941524621, 38.7591431502, 0.413548080413, 0.601338432122
0.519717989566, 0.959372043636, 7.81787169068, 0.281126720593, 37.2347061801, 40.8327730068, 3.5958372363, 1.47181285144, 42.1728001085, 0.410120225565, 0.602682313495
0.541354274479, 1.05610575477, 6.28924476518, 0.260609882781, 40.1523723393, 40.7615813555, 3.89968850004, 1.80088345648, 31.4208683726, 0.401645546617, 0.65987460815
0.502349388069, 1.00063125627, 3.35086780712, 0.409951428754, 46.7434296589, 40.7052074802, 3.72323727468, 1.65941524621, 38.6144552007, 0.403244642425, 0.657559198543
0.519717989566, 0.959372043636, 7.81787169068, 0.249825381512, 37.2347061801, 40.8327730068, 3.40032093541, 1.47181285144, 42.1728001085, 0.436217766599, 0.423263327948
0.509783688678, 0.907944764699, 3.35086780712, 0.385057168684, 45.4588795579, 40.7052074802, 3.72323727468, 1.65941524621, 34.410534679, 0.428058640877, 0.474184782609
0.636229842993, 1.14901142588, 2.88283619441, 0.34909361387, 24.5986439976, 41.7709555747, 2.26182747144, 1.207146044, 41.0021263178, 0.428100212093, 0.453658536585
0.509783688678, 1.15073599413, 3.65836032815, 0.385057168684, 46.3907195454, 47.4845698108, 3.72323727468, 1.65941524621, 38.6144552007, 0.462986294839, 0.28007518797
0.612896640298, 1.15073599413, 4.11186503734, 0.327820690361, 47.8081838563, 42.7130285548, 3.09032953731, 1.9857317372, 21.350581004, 0.453995071284, 0.302250803859
0.5580657082, 0.894549885233, 4.11186503734, 0.230703210205, 47.8081838563, 48.692168607, 3.09032953731, 1.71132839371, 30.8319734926, 0.472496175247, 0.234592445328
0.664671750152, 1.02382028729, 6.9242487059, 0.256149425039, 39.8640812453, 46.9092886127, 2.82226728826, 1.42163060689, 23.6000248388, 0.473294581019, 0.131313131313
0.513236672107, 0.930010923434, 6.05014745393, 0.260609882781, 46.5956236224, 40.7052074802, 3.04165939872, 1.69818667715, 21.1875494108, 0.473092377945, 0.233766233766
0.535940501291, 1.1407160133, 5.82236102262, 0.480509686186, 36.1879554834, 45.9288626776, 2.5496174097, 1.99565514756, 32.5100263018, 0.490846534327, 0.129032258065
0.501041672471, 1.25861917991, 5.82236102262, 0.409951428754, 46.7434296589, 46.0698664557, 3.36986364259, 1.69818667715, 23.7163597646, 0.468767403526, 0.273422562141
0.572292060547, 0.959372043636, 5.31829429507, 0.320588228416, 37.2347061801, 40.8327730068, 3.5586052691, 1.58969124376, 35.7644319173, 0.442727879871, 0.362012987013
0.529441229458, 0.943688742116, 7.80520170019, 0.241951745094, 5.2146343461, 46.9763090835, 3.56840239392, 1.5869959166, 32.5088722614, 0.448869764102, 0.356589147287
0.52014301296, 1.20711758126, 3.88032551064, 0.367543413588, 46.3907195454, 45.8998981144, 2.96465553155, 2.66422717191, 33.8278696427, 0.504866680395, 0.0666666666667
0.541173405466, 0.959372043636, 5.31829429507, 0.320588228416, 37.2347061801, 40.8327730068, 3.5586052691, 1.47181285144, 25.2293207525, 0.503006705121, 0.113756613757
0.647645017432, 0.903261057522, 6.77945850645, 0.492717562817, 6.8957480995, 40.1187793425, 3.92253512381, 1.38379503036, 20.2864222124, 0.508589893659, 0.0523076923077
0.501041672471, 1.22187319333, 7.59013184302, 0.307088896683, 12.9085452141, 40.8078873754, 3.1685407036, 0.208239983919, 35.1264672448, 0.509663832784, 0.0351437699681
0.509783688678, 1.08011886014, 3.35086780712, 0.385057168684, 45.4588795579, 40.7052074802, 3.72323727468, 1.65941524621, 38.6144552007, 0.511027733873, 0.00711743772242
0.636229842993, 1.14901142588, 2.88283619441, 0.34909361387, 24.5986439976, 41.7709555747, 2.26182747144, 1.207146044, 37.8469563647, 0.51290408467, 0.0
0.596405121237, 1.25861917991, 5.82236102262, 0.231556605254, 29.75507306, 46.0698664557, 3.5586052691, 1.69818667715, 37.4366437217, 0.404906956707, 0.687692307692
