0.18759123191, 0.87303001411, 3.37866198595, 0.413827966934, 50.7569568784, 1.17321834835, 0.533731453408, 4.99379226677, 22.4062099798, 113.422693235, 0.0169004025629
0.18759123191, 0.836792316606, 2.57544665398, 0.679668180523, 50.7569568784, 1.11032518654, 0.533731453408, 2.10861152214, 22.4062099798, 171.399328124, 0.00536572725573
0.18759123191, 0.855723812672, 2.02482582852, 0.591449822987, 41.0749120752, 13.7212326313, 0.533731453408, 4.8416243514, 1.31367115071, 93.4777337943, 0.0321263408543
0.18759123191, 0.836792316606, 2.57544665398, 0.679668180523, 50.7569568784, 1.11032518654, 0.533731453408, 2.10861152214, 22.4062099798, 100.422029498, 0.0292173287287
0.156537959303, 0.87303001411, 3.37866198595, 0.413827966934, 32.1412609999, 1.17321834835, 0.533731453408, 2.10861152214, 22.4062099798, 123.353712459, 0.00788185379264
0.126249657133, 0.836979631452, 2.57544665398, 0.6807089701, 40.9745126201, 1.11032518654, 0.533731453408, 2.10861152214, 1.78163337389, 41.9187817275, 0.0413493697145
0.121664720094, 0.94880231034, 4.76568523007, 0.6807089701, 16.643327651, 1.17321834835, 1.30474155274, 4.8416243514, 31.1773819465, 425.006592007, 0.00616383466318
0.154743955879, 0.865782758737, 7.35856741325, 0.580616202944, 35.5951676413, 1.40770121163, 0.561715238413, 4.8416243514, 1.31367115071, 421.975533418, 0.00679460929365
0.126363652188, 0.99303584183, 7.35856741325, 0.679668180523, 35.5951676413, 1.40770121163, 0.561715238413, 4.05852440149, 3.11349828378, 341.363350772, 0.007642412723
0.18759123191, 0.87303001411, 3.07522168679, 0.413827966934, 50.7569568784, 1.17321834835, 0.533731453408, 3.55213540943, 22.4062099798, 175.251739784, 0.00882939012822
0.134383822839, 0.94880231034, 4.19437584216, 0.417929396582, 16.643327651, 1.09401815355, 1.30474155274, 2.27396294049, 1.31367115071, 321.442288089, 0.00788297838957
0.126363652188, 0.99303584183, 2.51185174685, 0.580616202944, 41.0749120752, 1.40770121163, 0.371223359436, 1.24378437774, 43.4557459511, 146.084855379, 0.0126411556276
0.18759123191, 0.87303001411, 3.37866198595, 0.413827966934, 50.7569568784, 1.17321834835, 0.533731453408, 4.99379226677, 22.4062099798, 248.340816237, 0.00831211862427
0.253844789878, 0.87303001411, 3.07522168679, 0.57330167405, 35.5951676413, 1.11032518654, 0.554685104446, 3.55213540943, 1.31367115071, 138.995099016, 0.0369918785418
0.145278804611, 0.94880231034, 4.76568523007, 0.417929396582, 16.643327651, 1.17321834835, 1.30474155274, 2.27396294049, 1.31367115071, 310.663089779, 0.00789591126832
0.253844789878, 0.87303001411, 3.07522168679, 0.57330167405, 35.5951676413, 1.11032518654, 0.554685104446, 4.05852440149, 1.31367115071, 141.70279575, 0.0255116841285
0.18759123191, 0.855723812672, 2.02482582852, 0.591449822987, 35.5951676413, 13.7212326313, 0.533731453408, 4.8416243514, 1.31367115071, 75.2155275232, 0.134560861008
0.892954768937, 0.865782758737, 2.02482582852, 0.549429214603, 82.7047114448, 13.7212326313, 0.533731453408, 4.8416243514, 1.31367115071, 61.307545082, 0.165816608285
0.892954768937, 0.828991934301, 3.37866198595, 0.57330167405, 35.5951676413, 1.11032518654, 0.554685104446, 2.10861152214, 1.31367115071, 107.960799455, 0.0641227162198
0.404740338741, 0.968538049803, 2.27245890998, 0.459172511161, 73.7409339418, 45.8169740849, 0.621828433059, 3.45857069393, 3.41995125013, 54.521808697, 0.716454675458
0.139538163398, 1.11589645206, 2.30744883086, 0.452449526155, 8.91430000844, 16.644522473, 0.340295070973, 1.71015453756, 10.546589301, 90.8873616997, 0.133138599666
0.892954768937, 0.828991934301, 2.61075064145, 0.57330167405, 79.6540686226, 1.11032518654, 0.554685104446, 2.10861152214, 1.31367115071, 110.654475829, 0.0521390239757
0.154743955879, 0.976554997901, 3.07522168679, 0.417929396582, 3.14543225445, 1.40770121163, 0.561715238413, 4.38648675193, 1.20680527492, 184.441898371, 0.00976255223049
0.18759123191, 0.85991398948, 2.57544665398, 0.413827966934, 50.7569568784, 1.11032518654, 0.533731453408, 2.10861152214, 22.4062099798, 159.666615228, 0.0164198899951
0.18759123191, 0.836792316606, 2.57544665398, 0.679668180523, 50.7569568784, 1.11032518654, 0.533731453408, 2.10861152214, 22.4062099798, 150.013155175, 0.0217170303508
0.18759123191, 0.85991398948, 2.57544665398, 0.413827966934, 50.7569568784, 1.11032518654, 0.533731453408, 2.10861152214, 22.4062099798, 150.796247715, 0.0213683552625
0.154743955879, 0.836792316606, 7.35856741325, 0.679668180523, 35.5951676413, 1.40770121163, 0.561715238413, 4.05852440149, 3.11349828378, 316.003662938, 0.00865908990907
0.139538163398, 0.864312493967, 2.57544665398, 0.413827966934, 50.7569568784, 1.11032518654, 0.533731453408, 2.10861152214, 22.4062099798, 148.164303133, 0.0291064135368
0.892954768937, 0.865782758737, 2.02482582852, 0.591449822987, 41.0749120752, 13.7212326313, 0.533731453408, 4.8416243514, 1.31367115071, 77.7066049067, 0.275883056839
0.892954768937, 0.865782758737, 2.02482582852, 0.591449822987, 35.5951676413, 13.7212326313, 0.533731453408, 4.8416243514, 1.31367115071, 71.5427877779, 0.352041033406
0.18759123191, 0.836979631452, 2.57544665398, 0.6807089701, 40.9745126201, 13.7212326313, 0.533731453408, 2.10861152214, 3.41995125013, 78.9352723996, 0.215107339409
0.717108457197, 1.10775938605, 2.43108051161, 0.579420224816, 38.9785827699, 27.8680082881, 0.621828433059, 3.55213540943, 11.9254930028, 62.5482632833, 0.385587559976
0.892954768937, 0.864312493967, 2.02482582852, 0.455443075052, 79.6540686226, 13.7212326313, 0.193086393406, 4.39695953269, 1.03575140193, 93.6539595498, 0.198702002909
0.18759123191, 0.855723812672, 2.02482582852, 0.591449822987, 35.5951676413, 13.7212326313, 0.533731453408, 4.8416243514, 1.31367115071, 112.226342654, 0.117496302132
0.18759123191, 0.864312493967, 2.75232456946, 0.491942747426, 13.9843790822, 1.94782634348, 0.533731453408, 4.39695953269, 22.4062099798, 139.483860604, 0.0742818263499
0.892954768937, 0.828991934301, 3.07522168679, 0.57330167405, 35.5951676413, 1.11032518654, 0.554685104446, 3.55213540943, 1.31367115071, 123.953831712, 0.102533751997
0.145278804611, 0.87303001411, 3.07522168679, 0.57330167405, 35.5951676413, 1.11032518654, 0.554685104446, 2.36953803737, 22.7123411181, 188.144511497, 0.0127821968916
0.145278804611, 0.87303001411, 4.76568523007, 0.417929396582, 16.643327651, 1.17321834835, 1.30474155274, 2.27396294049, 1.31367115071, 261.095173494, 0.0123038959746
0.18759123191, 0.87303001411, 3.37866198595, 0.413827966934, 50.7569568784, 1.17321834835, 0.621828433059, 4.99379226677, 22.4062099798, 167.306787969, 0.0182047912579
0.277001712214, 1.05395820411, 3.07522168679, 0.697998663798, 84.4217353963, 1.11032518654, 0.33664266983, 2.94658664762, 1.09885798567, 180.561859303, 0.0174161104181
0.154743955879, 0.836792316606, 7.35856741325, 0.679668180523, 41.0749120752, 1.40770121163, 0.561715238413, 4.05852440149, 3.11349828378, 346.984414207, 0.0111837064635
0.121664720094, 0.94880231034, 4.35328213024, 0.694786418277, 16.643327651, 1.17321834835, 1.30474155274, 4.8416243514, 31.1773819465, 420.863434055, 0.00868223987396
0.255171556019, 1.05395820411, 2.27245890998, 0.626571370361, 93.1738479303, 1.11032518654, 2.6517860993, 2.94658664762, 28.0722196072, 343.056726145, 0.0120218890244
0.139538163398, 0.85991398948, 2.57544665398, 0.413827966934, 50.7569568784, 1.11032518654, 0.533731453408, 2.10861152214, 22.4062099798, 151.113046555, 0.0321326473101
0.899865592558, 0.865782758737, 2.02482582852, 0.563353838908, 41.0749120752, 13.7212326313, 0.533731453408, 4.8416243514, 1.31367115071, 72.4779876182, 0.359109941283
0.892954768937, 0.865782758737, 2.02021274711, 0.6807089701, 41.0749120752, 13.7212326313, 0.694933355203, 4.8416243514, 1.31367115071, 81.2018759477, 0.333013944414
0.892954768937, 0.864312493967, 2.02482582852, 0.455443075052, 35.5951676413, 13.7212326313, 0.193086393406, 4.39695953269, 1.03575140193, 84.1821386408, 0.256950045714
0.166100759122, 0.968538049803, 2.27245890998, 0.459172511161, 73.7409339418, 40.2470334263, 0.976031906611, 4.39695953269, 3.41995125013, 72.1838030636, 0.424643159384
0.892954768937, 0.87303001411, 2.02482582852, 0.580616202944, 86.368134024, 5.6526138644, 0.533731453408, 4.8416243514, 1.31367115071, 97.9682211836, 0.207133031836
0.892954768937, 0.865782758737, 2.02021274711, 0.688986840002, 46.5224489273, 13.7212326313, 0.694933355203, 4.93050985655, 1.31367115071, 94.268844491, 0.248347480927
0.892954768937, 0.865782758737, 2.02482582852, 0.580616202944, 35.5951676413, 5.6526138644, 1.15443627133, 4.8416243514, 1.31367115071, 121.475192101, 0.193226381363
0.2275699323, 0.99303584183, 2.26991200451, 0.580616202944, 39.086431084, 14.0305878966, 0.318832064997, 3.49077083542, 41.8778905141, 123.862657716, 0.148509067131
0.603941492834, 1.14139670918, 3.38566796639, 0.660242238439, 92.2552488965, 1.19936382194, 0.206001964895, 0.483897757509, 40.6639546131, 143.788959167, 0.0793041086817
0.126363652188, 0.92949072623, 2.26991200451, 0.40437009466, 22.8707917731, 9.72760080372, 0.318832064997, 3.49077083542, 41.8778905141, 142.142112493, 0.0953253085649
0.18759123191, 0.87303001411, 2.30826843575, 0.498257284163, 31.8825130449, 18.4509551556, 0.739239846528, 2.19421957993, 18.2437944955, 134.374057872, 0.105324073986
0.121664720094, 0.94880231034, 2.27245890998, 0.694786418277, 16.643327651, 1.16338053423, 1.30474155274, 4.63752130452, 31.1773819465, 206.393383956, 0.0171396528959
0.154743955879, 0.976554997901, 4.76568523007, 0.417929396582, 41.0749120752, 1.40770121163, 0.561715238413, 4.38648675193, 1.20680527492, 244.051380416, 0.0130255216858
0.326997197987, 0.850844772458, 4.41102231153, 0.413827966934, 50.7569568784, 1.02758122372, 0.500322313904, 2.27396294049, 43.4222435353, 199.040436203, 0.0259640567798
0.145278804611, 0.87303001411, 3.07522168679, 0.57330167405, 35.5951676413, 1.11032518654, 0.554685104446, 3.55213540943, 22.7123411181, 200.76258652, 0.0209328946066
0.145278804611, 0.94880231034, 4.76568523007, 0.417929396582, 16.643327651, 1.17321834835, 1.30474155274, 2.27396294049, 1.31367115071, 362.993117213, 0.0117035952185
0.153552886559, 0.94880231034, 7.35856741325, 0.413827966934, 35.5951676413, 1.40770121163, 2.4728705707, 1.61236523748, 3.11349828378, 780.996941724, 0.00929427398602
0.145278804611, 1.1270957027, 4.76568523007, 0.417929396582, 16.643327651, 1.17321834835, 1.14326791355, 2.27396294049, 1.31367115071, 564.152256574, 0.00998068124176
0.18759123191, 0.864312493967, 2.52618679072, 0.491942747426, 13.9843790822, 1.94782634348, 0.217196249902, 4.39695953269, 22.4062099798, 154.158784687, 0.040768636641
0.138348959589, 0.859385221684, 3.50583514889, 0.691864931818, 35.5951676413, 13.7212326313, 0.694933355203, 4.8416243514, 1.31367115071, 153.322837053, 0.0568726533684
0.126363652188, 0.899210828539, 2.51185174685, 0.580616202944, 33.0336590857, 10.7704712728, 0.371223359436, 1.24378437774, 41.8778905141, 168.970282522, 0.0347635474563
0.892954768937, 0.865782758737, 2.02021274711, 0.6807089701, 35.5951676413, 13.7212326313, 0.694933355203, 4.8416243514, 1.31367115071, 74.201714228, 0.383858250655
0.892954768937, 0.865782758737, 2.02482582852, 0.597767560575, 35.5951676413, 13.7212326313, 0.674726306534, 4.8416243514, 1.31367115071, 75.2835871389, 0.378967041844
0.898591572643, 0.865782758737, 2.02021274711, 0.413827966934, 8.69541546866, 13.7212326313, 0.694933355203, 4.8416243514, 1.22547447324, 89.7175959763, 0.257203270936
0.684805943348, 0.864312493967, 2.06462069563, 0.570471103785, 7.70800717748, 24.7491219109, 0.739239846528, 4.39695953269, 19.7938722556, 88.2623352973, 0.37141218058
0.892954768937, 0.865782758737, 2.02021274711, 0.6807089701, 41.0749120752, 13.7212326313, 0.694933355203, 4.8416243514, 1.31367115071, 111.380350917, 0.230958799685
0.892954768937, 0.865782758737, 2.02482582852, 0.549429214603, 82.7047114448, 13.7212326313, 0.533731453408, 4.8416243514, 1.31367115071, 110.914701052, 0.237858365744
0.892954768937, 0.865782758737, 2.02482582852, 0.580616202944, 35.5951676413, 5.6526138644, 1.15443627133, 4.8416243514, 1.31367115071, 117.940904548, 0.21174217013
0.856889644822, 0.968538049803, 2.27245890998, 0.574301468098, 71.2717623733, 1.94782634348, 0.912216258673, 2.79105397222, 3.41995125013, 127.281546359, 0.203998609245
0.856889644822, 0.968538049803, 2.27245890998, 0.574301468098, 73.7409339418, 1.94782634348, 0.912216258673, 2.79105397222, 3.41995125013, 128.318228637, 0.170651763601
0.18759123191, 0.836979631452, 2.57544665398, 0.413827966934, 40.9745126201, 13.7212326313, 0.533731453408, 2.10861152214, 3.41995125013, 149.71868394, 0.0973185436717
0.18759123191, 0.836979631452, 2.57544665398, 0.413827966934, 50.7569568784, 13.7212326313, 0.533731453408, 2.10861152214, 22.4062099798, 141.731754854, 0.152487746028
0.126363652188, 0.99303584183, 2.51185174685, 0.580616202944, 33.0336590857, 14.0305878966, 0.371223359436, 4.68004330223, 41.8778905141, 142.247926996, 0.1225289778
0.153552886559, 0.849292791284, 7.35856741325, 0.413827966934, 35.5951676413, 1.40770121163, 0.561715238413, 4.05852440149, 3.11349828378, 229.637770375, 0.0202793341426
0.277001712214, 1.05395820411, 4.76568523007, 0.697998663798, 84.4217353963, 1.0856500659, 0.33664266983, 2.94658664762, 1.09885798567, 331.278412185, 0.0146541263712
0.153552886559, 0.849292791284, 7.35856741325, 0.480605629496, 35.5951676413, 1.40770121163, 0.561715238413, 0.282545979835, 3.11349828378, 285.421610273, 0.0156115629337
0.126363652188, 0.99303584183, 2.51185174685, 0.580616202944, 33.0336590857, 10.7704712728, 0.371223359436, 1.24378437774, 41.8778905141, 217.564787906, 0.0300853886196
0.126363652188, 0.944641846196, 4.78387619698, 0.554157950163, 95.6033728881, 1.88692933577, 1.56282047658, 3.71892351184, 31.5288357417, 395.591317168, 0.0144839333013
0.133589785939, 0.865990155833, 2.06170812851, 0.671779454791, 45.6501669277, 5.24885869891, 1.15443627133, 1.52806237772, 6.57184117232, 159.182082869, 0.0457072703982
0.892954768937, 0.828991934301, 3.07522168679, 0.57330167405, 35.5951676413, 1.11032518654, 0.554685104446, 3.55213540943, 1.31367115071, 153.331662928, 0.0629748493403
0.126363652188, 0.99303584183, 2.51185174685, 0.580616202944, 33.0336590857, 10.7704712728, 0.371223359436, 1.24378437774, 41.8778905141, 190.078015986, 0.0420745191165
0.899865592558, 0.865782758737, 2.02482582852, 0.563353838908, 41.0749120752, 13.7212326313, 0.533731453408, 4.8416243514, 1.31367115071, 77.3098534594, 0.415303246934
0.166100759122, 0.968538049803, 2.27245890998, 0.459172511161, 73.7409339418, 40.2470334263, 0.976031906611, 4.39695953269, 3.41995125013, 92.4786413109, 0.291659699834
0.892954768937, 0.865782758737, 2.02482582852, 0.6807089701, 35.5951676413, 19.3031756827, 1.15443627133, 4.8416243514, 1.31367115071, 105.020449728, 0.259691860109
0.892954768937, 0.865782758737, 2.02482582852, 0.597767560575, 35.5951676413, 16.9175958622, 0.533731453408, 4.91479140902, 1.31367115071, 99.1311830648, 0.266268095458
0.892954768937, 0.865782758737, 2.02482582852, 0.6807089701, 35.5951676413, 19.3031756827, 0.378434542712, 4.8416243514, 1.31367115071, 98.8639831105, 0.281378714987
0.198828734571, 0.836979631452, 2.05774568206, 0.413827966934, 87.1401258005, 13.7212326313, 0.533731453408, 2.10861152214, 22.4062099798, 125.190642328, 0.223179618296
0.126363652188, 0.99303584183, 2.51185174685, 0.601154258582, 33.0336590857, 29.356826389, 0.371223359436, 4.68004330223, 41.8778905141, 134.172717167, 0.172798307591
0.126363652188, 0.99303584183, 2.51185174685, 0.455443075052, 33.0336590857, 14.0305878966, 0.387854081407, 4.68004330223, 41.8778905141, 144.939663606, 0.124220142699
0.126363652188, 0.99303584183, 2.26991200451, 0.580616202944, 33.0336590857, 14.0305878966, 0.318832064997, 3.49077083542, 41.8778905141, 142.821227774, 0.155327515135
0.277001712214, 1.05395820411, 4.47062443798, 0.626571370361, 84.4217353963, 1.11032518654, 2.6517860993, 2.94658664762, 28.0722196072, 730.43677948, 0.0149106170637
0.892954768937, 0.865782758737, 2.02482582852, 0.597767560575, 35.5951676413, 13.7212326313, 0.533731453408, 4.8416243514, 1.31367115071, 89.9127846397, 0.486575283582
0.121664720094, 0.94880231034, 4.19437584216, 0.6807089701, 12.7736338207, 1.17321834835, 1.30474155274, 4.8416243514, 1.31367115071, 344.622480565, 0.0150329755322
0.898591572643, 0.865782758737, 2.02021274711, 0.413827966934, 8.69541546866, 44.3145584124, 0.694933355203, 4.8416243514, 1.22547447324, 92.4111958555, 0.434089340028
0.404740338741, 0.968538049803, 2.27245890998, 0.459172511161, 73.7409339418, 27.8680082881, 0.621828433059, 3.45857069393, 3.41995125013, 98.1968491144, 0.374640300421
0.18759123191, 0.94880231034, 3.37866198595, 0.413827966934, 50.7569568784, 1.17321834835, 0.533731453408, 4.99379226677, 22.4062099798, 231.715162753, 0.0258546708923
