4.58403056395, 1.12468117256, 0.817068363791, 1.19933802035, 1.93396372949, 0.75869984636, 2.07937112071, 0.945167655936, 0.988682048706, 2.38552774952, 5.75491612373, 0.96834978064, 1.20270028466, 0.810779457521, 1.09000074585, 1.01093632531, 1.02510165034, 1.11499600514, 3.13400786251, 0.963933786657, 0.913626858709, 86.7413647137, 1.10350375227, 5.33081177593, 1.01120508004, 2.94836922789, 1.27167183999, 16.747003026, 7.14095567318
1.82990633732, 1.41011533676, 0.91953007434, 0.939304069972, 4.57915742628, 0.953756428428, 2.67062572835, 1.07828082951, 0.970759943301, 2.49782386864, 6.1905575295, 1.06702910042, 2.35351830299, 1.28008754097, 1.09000085269, 1.05944544462, 1.03257423119, 1.04923656048, 7.01857759411, 1.15168153959, 0.849477009603, 83.5499219531, 1.19052143856, 5.54132052389, 0.987751123278, 1.27968272182, 1.05418132208, 30.5201142919, 10.6857393504
4.09619684668, 1.10811997484, 0.878555408437, 0.816190682782, 4.78893575294, 0.974523866404, 2.88151101904, 1.01733095255, 0.994911142936, 5.38132947446, 4.75682915109, 0.862440502728, 5.00640200042, 1.16413724396, 1.09000050365, 1.08096663958, 1.00263879826, 0.819191115119, 6.80649449113, 0.955006806807, 0.974193403129, 172.266549997, 0.956848126694, 3.36275586189, 0.973024766466, 1.64587027131, 1.01593154232, 81.2640397948, 10.2193279157
1.62708858462, 1.0693353039, 0.960178572582, 0.932809846983, 1.4383182331, 0.762046005122, 3.86666705901, 1.05523133061, 0.952935188755, 4.03929364758, 3.87760663746, 1.08980920472, 3.4018439749, 1.10280625685, 1.09000042398, 1.10004478778, 1.02325966371, 1.02478596657, 4.70192839147, 1.14523753483, 0.97717445497, 270.147256016, 1.0370517592, 1.76726651735, 1.0895127841, 3.16534186003, 1.15542402051, 67.9525154178, 17.735487683
2.1927303981, 1.08569377829, 1.04610155734, 1.18298288462, 5.14856597024, 0.749377811764, 2.51597214715, 0.936168427418, 0.962556632657, 4.73892256132, 5.99509972142, 1.07887405133, 1.28153598611, 1.09005062398, 1.09000094778, 1.02565836584, 1.02279707229, 1.1727831823, 3.22770946232, 1.05398904908, 0.992465347896, 29.3816587837, 0.927794110105, 5.42124775611, 0.993590198661, 4.54345417063, 0.958773938136, 98.6537334092, 11.9448123657
1.51105387669, 1.30980570771, 1.03202678786, 0.877958141862, 2.32690474278, 0.903739286764, 3.40551714415, 0.971489771279, 0.987516142807, 2.9097153782, 7.70254604207, 1.04632992945, 4.63541850727, 0.949301743101, 1.09000070343, 1.08893210959, 1.04256433181, 1.04478277144, 3.69702861955, 1.07959870409, 0.884949595446, 137.052187334, 0.931578508987, 3.61269194916, 0.953558384173, 1.68287759041, 1.16769375377, 143.832689554, 11.5995123553
3.59717435609, 1.41258266288, 1.15901063873, 0.833935767376, 6.96142590067, 0.782567232349, 1.29005084249, 0.95034571646, 0.979231975065, 5.81513993217, 7.08330315779, 0.953317208067, 4.13453900272, 1.19762149807, 1.09000016793, 1.02070139164, 1.01195609036, 0.98987907992, 9.10633551198, 1.03833815916, 0.929233383883, 221.935143023, 1.09039904254, 2.55870805111, 0.977684563301, 1.71786188397, 1.1451926005, 94.3782614339, 20.8491608173
1.22370901512, 1.25754141813, 0.927371449358, 0.800685653565, 1.92438406151, 0.96935155401, 4.79143074552, 0.89460064875, 0.904590197232, 4.38743929348, 1.92849440198, 0.960588098316, 4.09386889155, 1.27905195442, 1.09000073096, 1.07306959426, 1.00138145044, 1.18235458132, 8.91378063128, 1.05822719937, 0.818804793154, 147.57157767, 0.952262946846, 1.5781317026, 1.0814699866, 3.04706387545, 1.27477750742, 105.305307877, 15.4822530557
2.48023347603, 1.08180536469, 1.05096530013, 1.11265546852, 4.90859876481, 0.979577538308, 2.07948067937, 0.900248736387, 0.902207212843, 3.07373547124, 2.66644413899, 0.933905526326, 3.61191359265, 0.886367643416, 1.09000011646, 1.07957818171, 1.01475849439, 0.914406249069, 5.2282938953, 0.915269937252, 0.791346295168, 49.8847896381, 1.01704611744, 1.47389553465, 1.09545960575, 2.11963892196, 0.881057341234, 146.468810158, 12.1849412111
2.03233035267, 1.25793277438, 1.09020270143, 1.09067523151, 4.91167366342, 0.80232677702, 5.45834273001, 0.913119164902, 0.977488898306, 4.04780163992, 3.64626477463, 0.992259044422, 3.38882274046, 0.922650091555, 1.09000052021, 1.04763710127, 1.03268957051, 1.11921606351, 3.40034684699, 0.986213476934, 0.924712754496, 63.7349828651, 0.972708765691, 4.17579570262, 1.15725146332, 4.79813653276, 1.01137617793, 158.67493805, 12.4517678103
4.58403056395, 1.21079116482, 0.753582731104, 1.21894755208, 1.75968493187, 0.831722001391, 2.29194607146, 0.945167655936, 0.984626296532, 2.38552774952, 5.75491612373, 0.96834978064, 1.37879475393, 0.832135195518, 1.09000074585, 1.03578691522, 1.02510165034, 1.15485768107, 3.46016126121, 0.947049714227, 0.913626858709, 86.7413647137, 1.10350375227, 4.80030521546, 1.01120508004, 2.94836922789, 1.02459569496, 208.65997912, 12.8258937713
2.62912619805, 1.1860589254, 1.12642337239, 1.11265546852, 4.90859876481, 0.979577538308, 2.07948067937, 0.900248736387, 0.902207212843, 3.90302381565, 2.66644413899, 0.933905526326, 1.27715780462, 1.01671360727, 1.09000011646, 1.07957818171, 1.01475849439, 1.03222468457, 5.2282938953, 0.915269937252, 0.791346295168, 49.8847896381, 1.01704611744, 1.47389553465, 1.12649969186, 2.11963892196, 0.881057341234, 205.569068334, 13.5092472717
5.00150968938, 1.0434401662, 0.822396606977, 1.12747439574, 1.55288778969, 0.724626794602, 3.77442377432, 0.826443278229, 0.947391862009, 1.62716012621, 2.07754865852, 0.997024169601, 3.30433220405, 1.04806284777, 1.09000010936, 1.00084983272, 1.00883870371, 0.934382148869, 6.49032734343, 1.06188402112, 0.844775671202, 42.2185476347, 1.18944600352, 4.7209126033, 0.99188971167, 3.02761440603, 0.872587410147, 213.299620414, 13.220732652
4.58403056395, 1.10755835001, 0.753582731104, 1.19933802035, 1.93396372949, 0.75869984636, 2.07937112071, 0.945167655936, 0.984626296532, 2.38552774952, 5.75491612373, 0.96834978064, 1.37879475393, 0.832135195518, 1.09000074585, 1.01093632531, 1.02510165034, 1.15485768107, 3.46016126121, 0.947049714227, 0.913626858709, 86.7413647137, 1.10350375227, 5.33081177593, 1.01120508004, 2.94836922789, 1.27167183999, 147.541567619, 22.2263745763
5.1839097131, 1.40712119932, 1.08152024917, 1.08087819914, 5.22266775828, 0.831722001391, 3.19672385211, 1.08278298795, 0.973453632365, 4.26754375391, 7.15462542588, 1.01898652563, 4.95382597386, 1.04790636712, 1.09000093415, 1.03578691522, 1.00995595311, 0.967725766344, 3.28455429221, 1.06911488214, 0.761897428811, 306.418665242, 1.06105693523, 5.22657800562, 1.10858638458, 4.08603389724, 1.29955575084, 190.498017492, 18.4412690103
2.03989744324, 1.36930630141, 0.753661358868, 1.09881682656, 2.2516372627, 0.738657314148, 5.1012979563, 1.07716862131, 0.98707950051, 2.24750084579, 4.04386232576, 0.955755114217, 1.94910982308, 0.978803404724, 1.09000098217, 1.02692688682, 1.02291307781, 0.89867169493, 7.85708065088, 1.13177090238, 0.860014280253, 310.767000857, 1.05109102464, 1.3323943769, 1.23367975425, 4.3278902379, 1.1414188618, 228.673250984, 16.7326732347
2.11749789517, 1.0600395247, 0.736030381677, 1.17582081219, 3.04479008663, 0.873460492176, 1.79791930744, 0.942180050367, 0.928733459019, 2.7958011037, 3.98510723325, 1.00184299482, 1.06586802425, 0.877630550969, 1.09000025322, 1.09809402705, 1.01795788901, 0.876711742904, 8.26672933626, 0.976177652545, 0.796926561961, 328.698067482, 1.17214992513, 3.48750857641, 1.1349319458, 4.3409875898, 1.07797888513, 329.868395331, 15.4927528474
2.32352476777, 1.42810899614, 0.777975028901, 1.19709878366, 2.42156176404, 0.962937550341, 2.21600124806, 0.937792568935, 0.929300658057, 5.58610945818, 4.25633871632, 1.06569218796, 1.53751289301, 0.965688668085, 1.09000053966, 1.07747828641, 1.04732163696, 1.05586699972, 7.99988831118, 1.04980852223, 0.976941966555, 302.190837028, 1.12951472105, 4.9911190257, 1.04522788376, 1.72755373299, 1.22284953786, 310.247886038, 18.2892960751
2.89220354742, 1.41258266288, 1.08880431106, 0.833935767376, 6.96142590067, 0.782567232349, 1.29005084249, 0.95034571646, 0.979231975065, 5.81513993217, 7.08330315779, 0.953317208067, 4.13453900272, 1.19762149807, 1.09000016793, 1.02070139164, 1.04134784597, 0.980543962589, 9.10633551198, 0.955273335912, 0.99918007009, 221.935143023, 1.01091423439, 2.55870805111, 0.977684563301, 1.71786188397, 1.1451926005, 216.784191507, 28.1681664626
4.74805824172, 1.31131219934, 0.756313755332, 0.891961068615, 5.21101742168, 0.813791504515, 5.69782839867, 1.03543306154, 0.990085065372, 4.09689879897, 3.83333700465, 1.02088880371, 5.04688581842, 0.954314797365, 1.09000043077, 1.089560185, 1.00737262179, 1.21287693029, 9.36410675942, 1.09092595719, 0.953747516515, 258.084546551, 1.16367812924, 3.60216424023, 1.15235091109, 4.71631122668, 1.26693959909, 694.606796679, 18.3910440909
5.0834935562, 1.00064624581, 0.787390659499, 0.823090817735, 5.61463985525, 0.811239281842, 4.73173659361, 1.0626571888, 0.952099241422, 2.70809980107, 6.58356925803, 0.841753492486, 4.43826003441, 0.916530668936, 1.09000032427, 1.03403842524, 1.0224760412, 0.988036212515, 9.60404679552, 0.912929442501, 0.95358778994, 345.339421884, 1.12255332788, 3.72515795089, 1.2367581689, 2.12460663727, 0.881155122742, 296.392335391, 22.0774114455
3.69991204236, 1.18859385861, 1.11918391652, 1.01432889886, 5.14840484467, 0.879596428007, 3.15714249561, 1.08373456943, 0.993456505349, 2.96012468236, 4.23318388901, 0.867775174753, 5.04541032295, 1.28257156699, 1.09000094425, 1.10502351605, 1.02823770485, 0.966624921016, 7.0993404387, 0.959730480864, 0.981011611128, 113.898747475, 1.19945620034, 4.36971524484, 1.11436222768, 2.36455536556, 1.21741189237, 432.864685116, 19.6582469943
5.00150968938, 1.0434401662, 0.822396606977, 1.12747439574, 1.55288778969, 0.724626794602, 5.43950932226, 0.826443278229, 0.947391862009, 1.62716012621, 2.07754865852, 0.997024169601, 4.0396111291, 1.04806284777, 1.09000061884, 1.00084983272, 1.00883870371, 0.934382148869, 6.49032734343, 1.06188402112, 0.844775671202, 42.2185476347, 1.18944600352, 4.7209126033, 0.99188971167, 3.02761440603, 0.872587410147, 281.414225895, 28.3615214269
5.89282666806, 1.15360237396, 1.01182459579, 0.885608898628, 5.69355802022, 0.739963234885, 1.42199805457, 1.07265166501, 0.960037171871, 4.91585399508, 6.59898383942, 0.918526839649, 1.60164532812, 1.16174850267, 1.09000047729, 1.00382838508, 1.02793985102, 0.963504527274, 4.18221479809, 1.14839726688, 0.947315389228, 57.9534972607, 1.14976644038, 4.03303651698, 0.993565417433, 1.77668304722, 0.899512486516, 701.851022685, 19.1661822235
3.07185873029, 1.000842971, 1.02467570702, 0.884939228792, 3.64791071892, 0.817941632642, 3.76665607882, 0.975429688213, 0.995137780745, 5.11828337967, 5.70368998994, 0.94785511172, 5.06532369808, 0.897374271608, 1.09000088323, 1.08409542628, 1.03366256493, 1.10095972406, 3.7651780003, 1.09065017873, 0.821069702356, 189.078096441, 1.07521247817, 1.96876989586, 1.13463562921, 1.05145768584, 0.997362231455, 488.208260813, 20.0192607856
3.39752593545, 1.30613779764, 1.1410827695, 0.904156296656, 5.27147076579, 0.981725800274, 5.82408379655, 0.927794177503, 0.964138668068, 1.32573122721, 5.35124014679, 0.875755069049, 1.53054131238, 0.962006481421, 1.09000012294, 1.05711756822, 1.0143015664, 1.06809409428, 6.90820967484, 1.08569512993, 0.950089947687, 330.305549889, 1.09574066733, 5.78058440504, 1.08558446234, 3.21423548328, 0.92525869317, 342.607788407, 20.920639366
3.3676749874, 1.35082985218, 0.994857190133, 0.974649542396, 3.36972107664, 0.942584915535, 2.51090565214, 1.02535568495, 0.959259142644, 2.90671449156, 4.26075229326, 0.869330526665, 1.08022507132, 1.19395511136, 1.09000034439, 1.07537272763, 1.00920575624, 0.979892002502, 6.17679109911, 1.14365484466, 0.819216317708, 232.768940633, 1.02200778215, 2.90394574041, 0.969105987703, 3.40650818999, 1.27258641915, 304.992971916, 28.337285888
2.56027885663, 1.389057988, 1.02228984305, 0.887634928655, 1.71371647496, 0.892312360738, 4.65617608345, 0.978391206506, 0.989711099738, 1.52621954807, 6.6188988015, 0.942773635774, 1.81962711845, 1.28292642759, 1.0900006467, 1.0830513275, 1.01522304728, 0.927976129648, 8.30832103403, 1.08943073114, 0.761801787024, 387.292468166, 1.06916592586, 5.57210641553, 0.97517991282, 3.92386021992, 1.12744499168, 865.015177108, 19.1825792415
4.74640124608, 1.34737766139, 1.07662887424, 0.843806464895, 2.72871097115, 0.824958422289, 2.72296240104, 0.838615062625, 0.9923668444, 5.5229850137, 6.61838751827, 1.02823200511, 3.20181754246, 1.04387681675, 1.09000087715, 1.00431783524, 1.01652806253, 1.20737128754, 6.3082897567, 1.09530300729, 0.865660448932, 73.5280962008, 1.09039884465, 4.71078551599, 1.09732833275, 1.13679999357, 0.90402048014, 315.069264741, 27.9774668629
1.22370901512, 1.25754141813, 0.927371449358, 0.800685653565, 1.92438406151, 0.96935155401, 4.79143074552, 0.89460064875, 0.904590197232, 3.2303776771, 1.92849440198, 0.960588098316, 3.64407007417, 1.27905195442, 1.09000028879, 1.07306959426, 1.00138145044, 1.18235458132, 8.91378063128, 0.912929442501, 0.818804793154, 147.57157767, 0.952262946846, 1.5781317026, 1.0814699866, 3.04706387545, 1.27477750742, 348.170037179, 22.0743758216
2.32352476777, 1.05115364374, 0.777975028901, 1.19709878366, 3.27807933423, 0.962937550341, 2.21600124806, 0.944918478013, 0.936929887545, 5.58610945818, 4.25633871632, 0.963743947639, 1.53751289301, 1.01671360727, 1.09000053966, 1.09143007454, 1.04732163696, 1.05586699972, 7.99988831118, 1.11837892733, 0.976941966555, 302.190837028, 1.06808666367, 4.9911190257, 1.04522788376, 1.72755373299, 1.22284953786, 824.809562127, 19.6645394805
3.39752593545, 1.30613779764, 1.1410827695, 0.904156296656, 5.27147076579, 0.993485622221, 2.72309867414, 0.927794177503, 0.964138668068, 1.32573122721, 5.35124014679, 0.875755069049, 1.53054131238, 1.2049950532, 1.09000012294, 1.05711756822, 1.0143015664, 1.06809409428, 6.90820967484, 1.08569512993, 0.950089947687, 330.305549889, 1.09574066733, 5.78058440504, 1.1138330381, 3.21423548328, 0.92525869317, 705.591436757, 19.9661081985
4.92703495778, 1.3826111857, 0.946653986861, 0.955675198117, 5.82145375328, 0.760707503485, 3.74171220298, 1.0726494286, 0.920192365996, 1.73290155353, 6.75510717859, 1.0480703555, 4.6916373721, 1.05188281268, 1.09000063302, 1.04380702725, 1.0393859823, 0.855357848668, 8.64377466561, 0.915366206334, 0.939523856992, 36.9507485632, 1.02095561199, 1.51252065061, 1.05305834616, 3.93127715692, 1.00437108204, 306.698647899, 31.5288393846
3.47444153904, 1.12640121228, 1.02873731849, 0.81448465249, 4.42202263634, 0.913272512772, 3.6743096509, 1.03755624178, 0.960519743174, 4.90543545437, 6.68433435879, 0.907189364889, 2.47587626142, 0.83254004118, 1.09000094372, 1.04170088574, 1.03988571679, 1.05632137505, 3.21081322037, 1.17550706437, 0.987967634632, 164.05185217, 1.08705278948, 4.32710786037, 1.06162269173, 3.72621678528, 1.1526060632, 608.322920129, 21.6544633378
3.77834035365, 1.38472426504, 0.743143873449, 0.86131357613, 5.91982723793, 0.931880377496, 2.37874298787, 0.951158489119, 0.941789580955, 4.8108256998, 4.05406415148, 1.00184299482, 3.60495523954, 1.27528622621, 1.09000047961, 1.02407375408, 1.0136026352, 1.03679804919, 6.56166248751, 1.13287585864, 0.779940556732, 89.8264444824, 1.17905881876, 3.02177962641, 1.22302976104, 4.31492400814, 1.28677313604, 779.849516526, 20.3428055999
3.1088499463, 1.21420268709, 1.08125007809, 0.871360772056, 5.3826036315, 0.715098249183, 4.99215829994, 0.987663641448, 0.969196602815, 5.85237769053, 7.01322730651, 0.900073996849, 2.3449157573, 0.857578219016, 1.09000041277, 1.02032832091, 1.04440406675, 1.19658634272, 7.76713342084, 0.910206303722, 0.944139906237, 286.853517997, 0.932556405094, 5.13252408176, 0.962867115231, 3.47054191714, 1.27395157742, 372.414178288, 22.8291809745
2.48760431425, 1.42810899614, 0.789300672966, 1.05674580621, 4.23699026036, 0.866981292792, 2.0353892353, 0.930153410732, 0.940585675433, 4.38688170685, 4.62575500555, 0.820407742397, 1.54127943271, 1.21389862567, 1.09000070446, 1.00974643207, 1.02777328913, 0.88825347913, 4.94610308838, 1.05664211948, 0.954392729901, 275.864369723, 0.951778831402, 5.35575063356, 1.17522044446, 1.59886030684, 1.14966301475, 432.85743816, 22.4748915593
4.09496544409, 1.42117863192, 0.74287643864, 0.862251322889, 5.15317172741, 0.840736494371, 4.60515888257, 0.926627511341, 0.98775263281, 5.3456688354, 6.15493376896, 1.08726143037, 1.61084252501, 1.19142428266, 1.09000066844, 1.10927927417, 1.03762640368, 1.07223909045, 3.70747987897, 1.10934085209, 0.815918756753, 123.644219762, 1.14289689918, 1.16384206704, 1.02759945786, 3.77613478355, 1.20974205951, 419.163345726, 23.2701526284
5.98822952825, 1.21653550692, 0.783139215486, 1.02878116737, 5.90089859657, 0.804315285062, 2.74631619303, 0.908662033741, 0.920291555921, 5.88322950912, 4.41720399871, 0.994365250099, 3.17603938617, 1.17198773109, 1.09000016995, 1.03868365119, 1.02743491043, 0.817626682125, 9.45624747217, 0.926508380293, 0.776217250385, 387.057511243, 0.928731298892, 5.56046090967, 1.00372143966, 1.15212039985, 1.05538962081, 830.77941935, 20.6732556071
5.20128137639, 1.2228032289, 0.8363224951, 1.15783831223, 5.01265753125, 0.967866133218, 1.2630620485, 0.986883982047, 0.907081759167, 2.25704022738, 1.67151062848, 0.892142231052, 1.02419400086, 0.907099265332, 1.09000097568, 1.04675265664, 1.01095490452, 0.933434620823, 9.34702527118, 1.0798621752, 0.887735571555, 260.402810442, 0.959045722952, 4.68437245964, 1.18157898296, 3.47719057505, 1.05385698752, 348.679675918, 29.3075283138
5.72146397122, 1.0513269408, 0.864827772619, 1.21290302766, 4.90055538772, 0.869800562541, 2.96773363116, 1.08097161251, 0.977690155379, 3.69941533825, 7.42364667638, 1.05485837074, 1.25594543601, 1.22598177454, 1.09000029308, 1.04363814483, 1.02435035405, 0.93620864773, 5.35426111359, 1.01614459251, 0.895112571101, 52.4215216014, 0.919712647629, 4.14651611372, 1.13294628952, 2.82382694248, 1.22912804405, 355.855025204, 31.6434693589
1.40945823624, 1.29330607655, 0.959348104205, 1.18806094688, 3.33794485685, 0.84496008867, 5.82408379655, 1.08994453098, 0.994580889816, 2.58453756162, 1.7676453253, 0.859389601432, 3.37889524185, 0.962006481421, 1.09000015153, 1.04134942949, 1.01487462982, 0.986522397669, 5.61185881825, 1.08578067946, 0.822102181368, 359.407489971, 1.13953434519, 5.63203174351, 1.06027211573, 5.16063773392, 1.12756795815, 464.103476167, 23.5783352382
2.58977023064, 1.27474352501, 1.00912971836, 0.835178713908, 3.04837287469, 0.820770643525, 5.86807316059, 0.853026298989, 0.936803104827, 2.09387980221, 7.18114983537, 1.06998267269, 4.07974003603, 1.26673748941, 1.09000076559, 1.10043743162, 1.0258919194, 1.0337726066, 9.50855631892, 0.933196782486, 0.791461202128, 102.331084083, 0.958307737625, 3.94668188335, 1.04752344122, 5.32823957329, 1.25630453067, 509.028242808, 23.2894128223
2.84275068096, 1.3816085389, 1.02096002545, 1.11862688614, 5.67247744702, 0.848022684774, 2.54328538308, 1.08281231928, 0.964244860806, 5.51097568502, 5.80144015547, 0.858808092341, 2.6435888206, 0.909082059207, 1.0900007246, 1.10721145244, 1.00385525209, 1.07626238221, 7.33448879702, 0.972988846125, 0.985428709202, 153.438297313, 1.17469100903, 3.88002162198, 1.18725632993, 3.46700382793, 0.87024784684, 403.384526471, 32.1693268809
4.49050858568, 1.36219494569, 0.870403094242, 1.19111089263, 4.40403577008, 0.800076271249, 5.35195358293, 0.83628629219, 0.987054127795, 4.26581297096, 3.12108909896, 0.878034038189, 4.65200680254, 1.02957341007, 1.09000081153, 1.05458002766, 1.00323639871, 1.21046744277, 6.01570060546, 1.09964327639, 0.929233383883, 362.010004578, 1.09039904254, 1.44761150785, 1.0326514362, 3.95189980693, 1.11176387428, 730.33029491, 22.3253001531
2.56027885663, 1.389057988, 1.02228984305, 0.887634928655, 1.71371647496, 0.892312360738, 4.65617608345, 0.978391206506, 0.989711099738, 1.52621954807, 4.91808619328, 0.841430068403, 1.81962711845, 1.28292642759, 1.0900006467, 1.06862150708, 1.01522304728, 0.927976129648, 8.30832103403, 1.08943073114, 0.762102895171, 382.211655127, 1.06916592586, 5.57210641553, 0.97517991282, 3.92386021992, 1.27258641915, 505.601643117, 24.9020213079
1.6156683332, 1.38703830155, 0.777009129069, 1.14724804959, 5.47397745202, 0.934374256978, 4.14730996283, 1.09308675376, 0.913064433626, 1.39753147462, 2.69053683102, 1.03530003724, 3.03548402392, 1.07906081027, 1.09000065108, 1.10351428811, 1.00138689012, 1.20055048444, 4.7920822933, 1.02839054678, 0.858250463411, 25.1050759548, 0.945263463166, 5.2364664358, 1.22223505201, 1.75091874258, 1.07792605429, 503.334019727, 25.1132742608
2.56591878741, 1.28528855227, 0.755609544278, 1.15025091633, 3.70008901205, 0.720023785751, 3.19672385211, 0.899375869276, 0.951234700687, 3.37047729362, 1.73049420534, 0.950215975582, 3.50453026346, 0.969045854939, 1.09000020152, 1.02040727005, 1.00995595311, 1.05717357971, 8.02399071329, 0.938402766436, 0.988548897768, 306.418665242, 1.03053323546, 5.40310815448, 1.13173535023, 5.4336199444, 0.988930450185, 1106.32045275, 21.781729401
3.83779502238, 1.30156847619, 1.15597433837, 1.15102001402, 4.39227317058, 0.744200283126, 4.77564447132, 0.91103036965, 0.922401654518, 2.37066463237, 4.55804233803, 1.02917508292, 4.29967115499, 1.18966520159, 1.09000015742, 1.01006056622, 1.03217091507, 1.21224457103, 9.62936923308, 1.13994440892, 0.83241649539, 57.0583459112, 0.931499797536, 2.79767480424, 1.18741523278, 4.91093142548, 1.07679155435, 678.348815337, 23.3721608995
4.9468720227, 1.39110628933, 0.750580695848, 1.13084740698, 4.26367206824, 0.907948372413, 4.83424358561, 0.99953570805, 0.902131427449, 2.42615634997, 5.27367479618, 0.86434809138, 1.10537002161, 1.00143141455, 1.09000039942, 1.07440162822, 1.04777836295, 0.900167484698, 4.991800116, 1.006013399, 0.788132229938, 205.53578295, 1.14040956782, 3.89408708506, 0.98873277202, 5.09745968698, 1.27138556766, 460.816648968, 31.1385703917
3.47444153904, 1.12640121228, 1.02873731849, 0.81448465249, 4.42202263634, 0.913272512772, 3.6743096509, 1.03755624178, 0.960519743174, 4.90543545437, 6.43832895695, 0.907189364889, 2.47587626142, 0.83254004118, 1.09000068635, 1.04170088574, 1.03988571679, 1.05632137505, 3.21081322037, 1.17550706437, 0.987967634632, 164.05185217, 1.08705278948, 4.32710786037, 1.06162269173, 3.72621678528, 1.1526060632, 471.190545786, 31.0895592507
5.07450253179, 1.10811997484, 0.878555408437, 0.816190682782, 4.78893575294, 0.974523866404, 2.88151101904, 1.01733095255, 0.994911142936, 5.38132947446, 4.75682915109, 0.862440502728, 4.66670893524, 1.16413724396, 1.09000050365, 1.08096663958, 1.00263879826, 0.819191115119, 6.80649449113, 0.955006806807, 0.974193403129, 172.266549997, 0.956848126694, 3.36275586189, 0.973024766466, 1.64587027131, 1.01593154232, 939.745273824, 22.0927413506
4.98097612057, 1.01699372222, 0.746286095837, 1.05979725836, 4.32329894973, 0.742271686886, 5.1326500487, 0.848749723942, 0.966530803776, 3.54729971085, 5.99273428354, 0.972357926551, 4.69348974873, 1.24512469627, 1.09000086861, 1.09892131479, 1.02205066615, 0.812167553028, 5.86593059762, 0.97492201879, 0.770625426026, 67.2636771679, 0.958093019056, 2.97967681401, 1.08152334398, 3.98059926844, 1.23464457604, 534.822732081, 25.6053863585
2.32352476777, 1.42810899614, 0.777975028901, 1.19709878366, 3.27807933423, 0.962937550341, 2.21600124806, 0.944918478013, 0.929300658057, 5.58610945818, 4.25633871632, 1.07094460552, 1.53751289301, 1.01671360727, 1.09000053966, 1.07747828641, 1.04732163696, 1.05586699972, 7.99988831118, 1.04980852223, 0.976941966555, 302.190837028, 1.06808666367, 4.9911190257, 1.04522788376, 1.72755373299, 1.22284953786, 537.98705577, 25.1547224654
1.22370901512, 1.25754141813, 0.822021512915, 0.833935767376, 6.96142590067, 0.96935155401, 4.79143074552, 0.89460064875, 0.904590197232, 4.38743929348, 1.92849440198, 0.953317208067, 4.09386889155, 1.27905195442, 1.09000073096, 1.07306959426, 1.00138145044, 1.18235458132, 8.91378063128, 1.01205082157, 0.818804793154, 147.57157767, 0.952262946846, 1.5781317026, 1.0814699866, 3.04706387545, 1.28587126338, 549.371268281, 25.6270250125
4.01172836182, 1.3816085389, 1.04978635438, 1.11862688614, 5.67247744702, 0.954183007234, 2.54328538308, 1.08281231928, 0.964244860806, 3.54729971085, 5.80144015547, 0.858808092341, 2.6435888206, 0.909082059207, 1.0900007246, 1.10721145244, 1.00385525209, 1.07626238221, 7.33448879702, 0.972988846125, 0.985428709202, 153.438297313, 1.19805109391, 3.88002162198, 1.18725632993, 3.46700382793, 0.87024784684, 480.48412021, 32.683542547
3.59717435609, 1.41258266288, 1.15901063873, 0.800685653565, 1.92438406151, 0.749530768505, 1.29005084249, 0.95034571646, 0.979231975065, 5.81513993217, 7.08330315779, 0.960588098316, 4.13453900272, 1.19762149807, 1.09000016793, 1.02070139164, 1.01195609036, 0.98987907992, 9.10633551198, 1.03833815916, 0.929233383883, 105.071913978, 1.09039904254, 2.55870805111, 0.977684563301, 1.71786188397, 1.1451926005, 674.690806987, 27.0792348669
3.77834035365, 1.21653550692, 0.743143873449, 0.86131357613, 5.91982723793, 0.931880377496, 2.37874298787, 0.951158489119, 0.941789580955, 5.88322950912, 3.81638480149, 1.00184299482, 3.60495523954, 1.27528622621, 1.09000047961, 1.02407375408, 1.0136026352, 1.03679804919, 6.56166248751, 1.13287585864, 0.776217250385, 89.8264444824, 1.17905881876, 3.02177962641, 1.22302976104, 4.31492400814, 1.28677313604, 1032.97293075, 22.5149679191
4.09456483125, 1.07509642624, 1.10663008166, 0.984079880786, 5.31728115437, 0.889831543668, 1.50337219695, 0.828767867508, 0.948817324587, 5.87154100705, 3.15038084918, 0.874777563708, 2.79392911386, 0.975622575576, 1.09000030121, 1.03745519232, 1.00948104075, 0.864332870131, 7.14722539197, 1.01908177654, 0.905584050238, 185.908817501, 1.12323286517, 3.73266830028, 1.17059593375, 4.95035335971, 1.13125930522, 507.413146058, 33.1010579261
2.62912619805, 1.05115364374, 0.789300672966, 1.05674580621, 1.56120068687, 0.92323076415, 2.0353892353, 0.930153410732, 0.940585675433, 4.38688170685, 4.62575500555, 0.820407742397, 2.04993359447, 1.21389862567, 1.09000070446, 1.00974643207, 1.02777328913, 0.88825347913, 4.94610308838, 1.05664211948, 0.954392729901, 275.864369723, 0.951778831402, 5.35575063356, 1.17522044446, 1.59886030684, 1.14966301475, 825.448109045, 24.1173329791
3.46559237919, 1.01339516795, 0.7587913404, 1.0687458077, 6.40138306152, 0.794419942231, 5.90222713393, 1.07647943669, 0.987531982593, 2.128259433, 3.0581072486, 1.04666679757, 4.05963633858, 1.14853087675, 1.09000010803, 1.10752222055, 1.03982768978, 1.0571068945, 8.83217099111, 1.1715753755, 0.784694472334, 242.119639141, 0.999316919283, 3.7885789169, 1.22035446606, 1.106057153, 0.994142351016, 1416.5309859, 23.1274237465
4.47443678043, 1.30912290227, 0.736481485027, 0.934996307161, 6.44626961174, 0.823210271151, 1.85569222371, 1.03902134327, 0.901360910192, 1.82125814345, 6.72878835715, 0.938924068998, 3.2790950176, 1.20839635062, 1.09000053025, 1.06642384971, 1.01660409548, 0.940473896718, 5.72266233274, 1.10681021766, 0.893600062842, 207.643003312, 0.947304152708, 2.39477730247, 1.06921371839, 3.45639685081, 0.904187464094, 1445.29459169, 23.0806768382
5.21982811401, 1.08016537628, 1.02040223904, 0.929936163102, 3.32435665726, 0.780422814776, 5.95615724887, 0.94196410907, 0.922593752437, 1.63358601425, 4.60193181648, 1.0910204815, 4.18610376084, 1.09647291158, 1.09000036176, 1.10194341889, 1.0326384054, 0.923545603662, 8.47115176987, 1.03942986304, 0.852612699097, 163.346229066, 0.920250717953, 4.75568508906, 1.134348554, 4.77875861278, 1.13428994278, 703.635041558, 27.1068363931
5.38758166762, 1.18723112822, 0.946426622354, 1.1269577657, 6.27850368481, 0.925434012119, 1.67490985585, 0.871945497347, 0.940597430327, 1.89068759907, 3.20027599285, 0.94090362754, 3.27181320559, 1.11556916837, 1.09000085689, 1.03538923422, 1.04203959677, 1.15805765273, 7.5369373865, 0.922878923385, 0.891141224128, 248.84900074, 0.960223133949, 2.7103904607, 1.09935283199, 1.73649744998, 0.942739489036, 913.187522086, 23.6377038002
2.47438356587, 1.06208469621, 0.817959649999, 0.964076287518, 5.98910102724, 0.806575734148, 4.34054559956, 1.0809397872, 0.947528577454, 5.5879651553, 2.41132884959, 0.938898398056, 4.08665757509, 0.957859628331, 1.09000082549, 1.05363106488, 1.01807158159, 1.10572034202, 8.02399071329, 1.15615477638, 0.995095545522, 316.141613399, 0.966493820771, 3.39119059045, 0.97688352893, 4.41898176573, 1.26342457546, 898.280112326, 24.0762979553
2.03233035267, 1.25793277438, 1.09020270143, 1.09067523151, 5.90089859657, 0.80232677702, 5.45834273001, 0.913119164902, 0.977488898306, 4.04780163992, 3.52934629712, 0.992259044422, 3.38882274046, 0.922650091555, 1.09000052021, 1.04763710127, 1.03268957051, 1.11921606351, 3.40034684699, 0.986213476934, 0.924712754496, 227.466988617, 0.972708765691, 4.17579570262, 1.15725146332, 5.41453210377, 1.01137617793, 923.464764515, 23.6862443893
2.94437848033, 1.27948467524, 1.07315605986, 0.993674458373, 4.73326874997, 0.926885685744, 1.76550300119, 1.07588057647, 0.9487901208, 4.14035944606, 6.59898383942, 0.856049897012, 1.72602160571, 1.06929032588, 1.09000027699, 1.01406232312, 1.00975537567, 1.21658482225, 7.98187573291, 1.18059569017, 0.9148150858, 141.910028677, 1.03831289669, 4.75330860291, 1.09259102702, 5.24277148504, 1.27466281669, 1335.11732578, 23.586171215
1.40945823624, 1.29330607655, 0.959348104205, 1.18806094688, 3.33794485685, 0.84496008867, 2.72309867414, 1.08994453098, 0.994580889816, 2.58453756162, 2.37283826834, 0.859389601432, 3.37889524185, 1.2049950532, 1.09000015153, 1.04134942949, 1.01487462982, 0.986522397669, 5.61185881825, 1.08578067946, 0.89647202167, 359.407489971, 1.13953434519, 5.63203174351, 1.06027211573, 5.16063773392, 1.12756795815, 609.960783657, 36.0332044364
2.11749789517, 1.0600395247, 0.742644056514, 1.17582081219, 3.04479008663, 0.873460492176, 1.79791930744, 0.942180050367, 0.933314837717, 2.7958011037, 3.98510723325, 1.0443622977, 1.08545460263, 0.877630550969, 1.09000025322, 1.09809402705, 1.01795788901, 1.09551745943, 8.26672933626, 0.976177652545, 0.796926561961, 328.698067482, 1.17214992513, 3.48750857641, 1.1349319458, 4.3409875898, 1.07797888513, 622.634258014, 36.0427717797
3.10740127178, 1.3679842612, 0.758086222626, 1.00068681272, 2.91530078247, 0.86311801494, 5.28482705091, 0.871734600876, 0.903547889626, 2.48155457651, 2.6620308313, 1.05198054014, 3.72003781604, 1.10453933549, 1.09000023867, 1.06968585559, 1.04521107986, 0.83101482911, 9.03870705884, 0.992698393792, 0.760849290091, 369.946379874, 1.14746320958, 2.5914402583, 1.23276000825, 1.1710363948, 0.901041487895, 797.181998305, 27.8259000153
4.74640124608, 1.34737766139, 0.901718264252, 0.843806464895, 2.72871097115, 0.824958422289, 2.25263384775, 0.838615062625, 0.9923668444, 5.5229850137, 6.61838751827, 1.02823200511, 3.20181754246, 1.04387681675, 1.09000087715, 1.00431783524, 1.04699367114, 1.20737128754, 6.3082897567, 1.09530300729, 0.865660448932, 73.5280962008, 1.09039884465, 4.58803112014, 1.09732833275, 1.13679999357, 0.90402048014, 668.52146181, 36.6653673886
3.39752593545, 1.30613779764, 1.1410827695, 0.904156296656, 5.27147076579, 0.993485622221, 5.82408379655, 0.927794177503, 0.964138668068, 1.32573122721, 5.35124014679, 0.875755069049, 1.53054131238, 0.962006481421, 1.09000012294, 1.05711756822, 1.0143015664, 1.06809409428, 6.90820967484, 1.08569512993, 0.950089947687, 330.305549889, 1.09574066733, 5.78058440504, 1.1138330381, 3.21423548328, 0.92525869317, 1386.86780707, 23.9853330802
2.03989744324, 1.36930630141, 0.753661358868, 1.09881682656, 2.50342315816, 0.738657314148, 5.1012979563, 1.07716862131, 0.98707950051, 2.24750084579, 5.3712319517, 0.955755114217, 1.94910982308, 0.978803404724, 1.09000098217, 1.02692688682, 1.02291307781, 0.89867169493, 7.85708065088, 1.13177090238, 0.860014280253, 310.767000857, 1.05109102464, 1.3323943769, 1.23367975425, 4.3278902379, 1.1414188618, 1052.80256855, 24.3183784867
4.28034476723, 1.16620520129, 1.00754517515, 0.890219947305, 5.82275284956, 0.716618697869, 5.92253233525, 0.907926642772, 0.947792164228, 3.23204784519, 3.67494197744, 0.904812344744, 4.54397958598, 1.00694837364, 1.09000025937, 1.00167021216, 1.01652806253, 0.908147830659, 6.57732078442, 1.17404459158, 0.999671367374, 386.811097063, 1.13764276794, 1.23752302073, 1.20499314917, 3.4489984752, 1.07316146325, 778.632835419, 29.6143504189
4.81081497815, 1.27107866224, 0.813831208797, 0.979280944417, 3.90476462829, 0.840139757704, 2.56066690604, 0.916349110158, 0.990007033031, 2.05794352715, 6.4614574548, 0.903175674771, 1.14684646236, 0.856705250509, 1.09000041653, 1.10508705592, 1.02988055162, 1.05665030779, 7.32502432745, 0.99540659644, 0.949748105087, 268.620894326, 1.19208586337, 2.22013379823, 1.00296761735, 2.24356929541, 1.23291562429, 1103.82660499, 24.5757458613
2.11749789517, 1.0600395247, 0.742644056514, 1.17582081219, 3.04479008663, 0.873460492176, 1.79791930744, 0.942180050367, 0.933314837717, 4.44264096606, 6.4614574548, 1.0443622977, 1.08545460263, 0.858962838736, 1.09000025322, 1.09809402705, 1.01795788901, 1.09551745943, 8.26672933626, 0.976177652545, 0.796926561961, 328.698067482, 1.17214992513, 3.48750857641, 1.1349319458, 4.3409875898, 1.07797888513, 1340.91272636, 24.3610773994
5.52232861692, 1.27849711418, 0.903971674149, 0.844622001401, 5.98562153294, 0.872756390423, 2.21010759227, 0.964014598081, 0.988127082803, 5.09017326573, 1.68015946732, 0.905172301011, 2.07490524427, 0.8747703421, 1.09000071879, 1.10700099958, 1.02851885917, 1.21687752987, 5.0583554026, 1.09742048317, 0.791427270986, 126.872450533, 1.06211537268, 3.78887523657, 1.05268750165, 1.66052838851, 1.10577318364, 1048.05027292, 25.3811917306
1.08132068671, 1.19826834174, 0.769304076447, 0.877958141862, 2.32690474278, 0.903739286764, 3.40551714415, 0.971489771279, 0.987516142807, 2.9097153782, 7.70254604207, 1.04632992945, 4.63541850727, 0.949301743101, 1.09000070343, 1.09500070949, 1.04256433181, 1.04478277144, 3.69702861955, 1.0616311894, 0.884949595446, 137.052187334, 0.931578508987, 3.61269194916, 0.953558384173, 1.68287759041, 1.15086950773, 1487.91496376, 24.2322353439
2.47438356587, 1.06208469621, 0.960422441588, 0.964076287518, 5.98910102724, 0.806575734148, 4.34054559956, 1.00390319575, 0.947528577454, 5.5879651553, 2.10571316823, 0.938898398056, 4.08665757509, 0.957859628331, 1.09000082549, 1.05363106488, 1.01807158159, 1.10572034202, 7.90434402405, 1.15760505007, 0.991295325478, 316.141613399, 0.966493820771, 3.39119059045, 0.97688352893, 4.41898176573, 1.26342457546, 1505.45071631, 24.1239981773
2.94437848033, 1.25793277438, 1.09020270143, 1.09067523151, 5.90089859657, 0.80232677702, 5.45834273001, 0.973291148398, 0.977488898306, 4.04780163992, 3.52934629712, 0.992259044422, 3.38882274046, 0.922650091555, 1.09000052021, 1.04763710127, 1.03268957051, 1.11921606351, 3.40034684699, 0.986213476934, 0.9148150858, 227.466988617, 0.972708765691, 4.17579570262, 1.15725146332, 5.41453210377, 1.01137617793, 1025.98555545, 25.8884913825
2.5734164636, 1.28957020533, 0.895890457365, 1.10887164055, 5.5925328391, 0.973567599159, 4.69452314917, 0.846561322734, 0.958110570327, 3.14717173257, 4.55399780232, 1.01523949393, 3.80118993596, 0.971595241598, 1.09000028767, 1.06327173157, 1.04602703803, 0.954934593391, 9.81029613129, 0.917129315672, 0.97963285091, 172.908166587, 1.1679257371, 2.97331587064, 1.19591207577, 2.27768247852, 1.2913692033, 1555.07916546, 24.3411537477
5.40344682421, 1.11384435577, 0.963181724305, 0.889762429113, 3.01359762787, 0.838602081656, 3.23332519413, 0.86226643281, 0.939408903802, 3.2125858248, 7.68602072934, 1.08247124669, 4.47910574003, 0.950401239855, 1.09000084275, 1.03591998425, 1.01348007218, 0.834846034247, 7.87239059171, 1.08364863239, 0.987533320717, 340.176323285, 0.910462262918, 2.37536144353, 1.13040242026, 4.22855363376, 1.0374885753, 743.998053708, 38.9876961127
1.38122053704, 1.35499124401, 0.821268352526, 0.824664555525, 3.7962958449, 0.84468135142, 3.03307150499, 0.994189814829, 0.975672844134, 3.38120147492, 2.50459042793, 0.991645479498, 4.87351867582, 0.831965490073, 1.09000013165, 1.02629152755, 1.00902353421, 1.09220192925, 4.96269783264, 1.1714077621, 0.915297723409, 245.989836556, 0.987616856158, 1.97673863972, 1.17166082678, 4.30696508946, 0.984842583288, 754.491279835, 39.7142856993
4.92703495778, 1.3826111857, 0.946653986861, 0.955675198117, 5.82145375328, 0.760707503485, 3.74171220298, 1.0726494286, 0.920192365996, 1.73290155353, 6.75510717859, 1.0480703555, 4.6916373721, 1.05188281268, 1.09000063302, 1.03405847533, 1.0393859823, 0.855357848668, 8.64377466561, 0.915366206334, 0.939523856992, 102.403610871, 1.02095561199, 2.37536144353, 1.05305834616, 3.93127715692, 1.00437108204, 846.040521155, 30.9617404311
4.09456483125, 1.35014815333, 1.10663008166, 0.984079880786, 3.32435665726, 0.889831543668, 1.50337219695, 0.828767867508, 0.948817324587, 5.87154100705, 3.15038084918, 0.874777563708, 2.79392911386, 0.975622575576, 1.09000030121, 1.03745519232, 1.00948104075, 0.864332870131, 7.14722539197, 1.0168290253, 0.957218702537, 185.908817501, 1.12323286517, 3.73266830028, 1.17059593375, 4.77875861278, 1.13125930522, 854.18273787, 29.887507804
5.40344682421, 1.11384435577, 0.963181724305, 0.889762429113, 3.01359762787, 0.782279953288, 3.23332519413, 0.86226643281, 0.945026919491, 1.39627273108, 7.68602072934, 1.08247124669, 4.47910574003, 0.950401239855, 1.09000084275, 1.03591998425, 1.01348007218, 0.834846034247, 7.87239059171, 1.08364863239, 0.987533320717, 340.176323285, 0.910462262918, 1.51252065061, 1.13040242026, 4.22855363376, 1.0374885753, 1476.88956077, 25.060594767
3.46559237919, 1.01339516795, 0.7587913404, 1.0687458077, 6.40138306152, 0.794419942231, 5.90222713393, 1.07647943669, 0.987531982593, 2.128259433, 3.0581072486, 0.92779964569, 4.05963633858, 1.14853087675, 1.09000010803, 1.10752222055, 1.03982768978, 1.0571068945, 8.83217099111, 1.1715753755, 0.821968039353, 242.119639141, 0.999316919283, 3.7885789169, 1.22035446606, 1.1698894518, 0.994142351016, 796.987046, 36.8391003803
2.47438356587, 1.06208469621, 0.960422441588, 0.964076287518, 5.98910102724, 0.806575734148, 4.34054559956, 1.0809397872, 0.947528577454, 5.5879651553, 2.41132884959, 0.938898398056, 4.08665757509, 0.957859628331, 1.09000082549, 1.05363106488, 1.01807158159, 1.10572034202, 7.90434402405, 1.15615477638, 0.991295325478, 316.141613399, 0.966493820771, 3.39119059045, 0.97688352893, 4.41898176573, 1.26342457546, 796.766844273, 38.6013136127
2.96549132596, 1.00586216641, 0.773962778849, 1.17873115294, 2.1583992897, 0.874306320864, 5.50772928831, 0.985490106531, 0.965709789144, 5.35531195921, 2.29587705875, 0.981671153502, 4.48234743876, 0.882073334555, 1.09000029644, 1.02924508919, 1.0466714184, 1.01574352383, 8.4052227937, 1.13846714634, 0.866358233216, 205.644774634, 1.15402936417, 3.16063239144, 1.15909492732, 1.27872111697, 1.09788126107, 1098.67683095, 26.1576073682
1.51105387669, 1.30980570771, 0.769304076447, 0.877958141862, 2.32690474278, 0.903739286764, 3.40551714415, 0.971489771279, 0.987516142807, 2.9097153782, 7.70254604207, 1.04632992945, 4.63541850727, 0.949301743101, 1.09000070343, 1.08893210959, 1.04256433181, 1.04478277144, 3.69702861955, 1.0616311894, 0.884949595446, 137.052187334, 0.931578508987, 3.61269194916, 0.953558384173, 1.68287759041, 1.16769375377, 1907.12607199, 24.8997012538
5.52232861692, 1.28123934123, 0.903971674149, 0.844622001401, 5.98562153294, 0.872756390423, 2.21010759227, 0.964014598081, 0.988127082803, 5.09017326573, 1.56337800626, 0.905172301011, 2.07490524427, 0.8747703421, 1.09000028767, 1.10700099958, 1.02851885917, 1.21687752987, 5.0583554026, 1.09742048317, 0.791427270986, 126.872450533, 1.06211537268, 3.78887523657, 1.05268750165, 1.66052838851, 1.10577318364, 1100.92804791, 26.7723732522
2.08303867879, 1.02190195788, 1.10524895492, 0.801593629585, 1.55686299373, 0.799417285401, 5.5619050043, 1.01496832467, 0.966216137433, 4.86928900152, 3.26769027324, 0.943998688514, 2.69128667999, 1.05554392134, 1.09000069952, 1.0505947061, 1.04526902703, 0.940283206647, 6.85948739475, 1.028097928, 0.939275718954, 343.213749432, 1.02747713017, 3.46669597196, 1.0622490317, 3.38034032632, 1.01410911134, 1168.36931466, 25.6805454516
2.60477370198, 1.06396014833, 0.888859316406, 1.08890469729, 1.92925139161, 0.757510376684, 1.7754082303, 0.982035279959, 0.932780649447, 1.48744578273, 5.8146134921, 1.0515020293, 1.60987618954, 1.11764696953, 1.09000059841, 1.10237698383, 1.02340773244, 1.05351812229, 8.93532343437, 0.992425827352, 0.764981177312, 298.895287645, 0.98844548515, 5.07274261487, 1.01264467365, 1.63318433818, 1.26986042453, 1149.43962257, 25.8968605755
2.32352476777, 1.42810899614, 0.777975028901, 1.19709878366, 3.27807933423, 0.962937550341, 2.21600124806, 0.937792568935, 0.929300658057, 5.58610945818, 4.25633871632, 1.06569218796, 1.53751289301, 0.886367643416, 1.09000053966, 1.07747828641, 1.04732163696, 1.05586699972, 7.99988831118, 1.04980852223, 0.976941966555, 302.190837028, 1.06808666367, 4.9911190257, 1.04522788376, 1.72755373299, 1.22284953786, 866.145535647, 32.1524560639
5.5820795529, 1.36219494569, 0.870403094242, 1.19111089263, 4.40403577008, 0.800076271249, 5.35195358293, 0.83628629219, 0.987054127795, 5.5075139791, 3.12108909896, 0.878034038189, 4.65200680254, 1.02957341007, 1.09000081153, 1.04363814483, 1.00323639871, 1.21046744277, 6.01570060546, 1.09964327639, 0.929233383883, 362.010004578, 1.09039904254, 1.44761150785, 1.0326514362, 3.95189980693, 1.11176387428, 958.417266496, 29.6595755434
1.6156683332, 1.38703830155, 0.777009129069, 1.14724804959, 3.04837287469, 0.934374256978, 5.89663984538, 1.09308675376, 0.913064433626, 1.39753147462, 2.69053683102, 1.03530003724, 3.03548402392, 1.07906081027, 1.09000065108, 1.10351428811, 1.00138689012, 1.20055048444, 4.7920822933, 1.02301046078, 0.858250463411, 101.562265186, 0.945263463166, 5.2364664358, 1.14664449387, 1.75091874258, 1.07792605429, 1170.19836969, 26.2813532371
1.82990633732, 1.41011533676, 0.91953007434, 0.939304069972, 4.57915742628, 0.953756428428, 2.67062572835, 1.07828082951, 0.970759943301, 2.49782386864, 6.1905575295, 1.07167408598, 2.35351830299, 1.28008754097, 1.09000085269, 1.05944544462, 1.03257423119, 1.04923656048, 7.01857759411, 1.12835638629, 0.831718491273, 83.5499219531, 0.927794110105, 5.54132052389, 0.987751123278, 1.27968272182, 1.05418132208, 1681.6112909, 25.1691895618
2.56591878741, 1.28528855227, 0.755609544278, 1.15025091633, 3.70008901205, 0.720023785751, 3.67747080926, 0.899375869276, 0.924791910699, 3.37047729362, 1.73049420534, 1.04426405438, 3.50453026346, 0.969045854939, 1.09000020152, 1.02040727005, 1.01541312107, 1.05717357971, 8.02399071329, 0.938402766436, 0.988548897768, 201.46278232, 1.03053323546, 5.40310815448, 1.06953109267, 5.4336199444, 0.988930450185, 1818.51587162, 25.3573727712
4.58403056395, 1.02153464814, 0.753582731104, 1.19933802035, 1.93396372949, 0.75869984636, 2.07937112071, 0.945167655936, 0.988682048706, 2.38552774952, 5.75491612373, 0.96834978064, 1.20270028466, 0.810779457521, 1.09000074585, 1.01093632531, 1.02510165034, 1.15485768107, 3.13400786251, 0.963933786657, 0.913626858709, 86.7413647137, 1.10350375227, 5.33081177593, 1.01120508004, 2.94836922789, 1.27167183999, 1289.33465066, 26.572587728
2.8501362537, 1.12607400914, 0.968302250941, 1.19404230385, 3.35075704651, 0.784884304589, 1.42632315334, 0.837949203474, 0.964247671894, 4.39483016969, 3.26735351871, 1.08715629095, 4.55455781842, 0.948224739961, 1.09000057349, 1.02525543856, 1.00789171526, 0.88457835047, 4.1850888977, 0.937737150249, 0.904120656622, 175.182544102, 1.05782757114, 2.03851698175, 1.21796341975, 2.48292458864, 1.14488775805, 1170.61612556, 26.6702634854
