0.286487290115, 1.18628574075, 3.69189754444, 0.480664566016, 14.4422849827, 1.16791394174, 0.779472660765, 1.98940105043, 23.8525411717, 0.00275724606711, 0.0769230769231
0.101667654831, 0.967590768774, 5.14531610056, 0.415307491892, 12.7947877636, 1.66199319306, 0.536352122851, 1.43031118181, 24.1574392869, 0.00550397455604, 0.0
0.101667654831, 0.967590768774, 5.14531610056, 0.49890126405, 12.7947877636, 1.66199319306, 0.779472660765, 1.43031118181, 19.3085208141, 0.00596105724647, 0.416666666667
0.104845607442, 1.14676783895, 3.10214997764, 0.49890126405, 49.271810116, 1.3064353106, 0.779472660765, 1.98940105043, 33.6273502806, 0.00619712019632, 0.0
0.104845607442, 1.18628574075, 3.10214997764, 0.49890126405, 14.4422849827, 1.3064353106, 0.779472660765, 1.98940105043, 33.6273502806, 0.00576995702046, 0.571428571429
0.101667654831, 0.967590768774, 5.14531610056, 0.415307491892, 12.7947877636, 1.66199319306, 0.536352122851, 1.43031118181, 24.1574392869, 0.00556192721825, 0.727272727273
0.102964505641, 0.967590768774, 2.15631510596, 0.49890126405, 49.271810116, 1.66199319306, 0.779472660765, 1.80809545221, 35.7709905066, 0.00641655245915, 0.166666666667
0.101610275765, 1.19537250572, 3.69189754444, 0.49890126405, 49.271810116, 1.3064353106, 0.779472660765, 1.98940105043, 33.6273502806, 0.00848964697241, 0.0
0.101667654831, 1.18628574075, 5.14531610056, 0.415307491892, 12.7947877636, 1.66199319306, 0.536352122851, 1.98940105043, 33.3349596761, 0.00781075563188, 0.125
0.148028062843, 1.18628574075, 3.69189754444, 0.49890126405, 57.5196061758, 1.09794719422, 0.521091585424, 1.7118139417, 29.2215120839, 0.00723567459358, 0.25
0.148028062843, 1.18628574075, 3.69189754444, 0.49890126405, 49.271810116, 1.9612217937, 0.779472660765, 1.98940105043, 33.3349596761, 0.00949539791252, 0.0
0.101936845912, 1.18628574075, 3.47166463278, 0.415307491892, 49.271810116, 1.9612217937, 0.432422500369, 1.86477219512, 33.3349596761, 0.00949451299977, 0.307692307692
0.104845607442, 0.835428135597, 7.99888878327, 0.55830156126, 63.195463936, 2.4424594389, 0.06447447748, 1.80809545221, 2.40967128702, 0.00907185452613, 0.4
0.104845607442, 0.967590768774, 8.33643732411, 0.405841325546, 2.9298477887, 1.66199319306, 1.62794572088, 3.05867659728, 43.2347522351, 0.00968126785396, 0.0
0.101667654831, 1.0426558298, 5.14531610056, 0.415307491892, 12.7947877636, 1.66199319306, 0.536352122851, 1.98940105043, 40.7134849447, 0.00974196311787, 0.611111111111
0.104845607442, 1.0426558298, 5.14531610056, 0.415307491892, 12.7947877636, 1.66199319306, 0.536352122851, 1.98940105043, 40.7134849447, 0.00995195441726, 0.0
0.106831171839, 0.967590768774, 5.14531610056, 0.412624749466, 49.271810116, 1.66199319306, 0.536352122851, 1.43031118181, 24.1574392869, 0.0100984084272, 0.0
0.101667654831, 1.18628574075, 5.14531610056, 0.415307491892, 12.7947877636, 1.66199319306, 2.13140939866, 1.98940105043, 22.4050305531, 0.0104614639195, 0.353488372093
0.101512178241, 0.965259731525, 2.81756702466, 0.412624749466, 63.2596516799, 2.25224665403, 2.49782023869, 4.15268810208, 43.2347522351, 0.0110095009128, 0.0272727272727
0.148028062843, 1.18628574075, 3.69189754444, 0.49890126405, 49.271810116, 1.25887049931, 0.24175965453, 1.7118139417, 33.3349596761, 0.0114479974606, 0.0
0.101667654831, 0.967590768774, 5.14531610056, 0.49890126405, 94.0621599903, 1.25887049931, 0.779472660765, 1.43031118181, 16.0872023699, 0.0101938481428, 0.363636363636
0.104845607442, 0.824587484112, 2.52837599181, 0.519807470926, 46.4979450015, 3.12721920373, 0.0368054600333, 1.80809545221, 6.42507323377, 0.0115022702844, 0.0
0.1017982121, 1.18628574075, 3.69189754444, 0.49890126405, 49.271810116, 1.25887049931, 0.752033499731, 1.7118139417, 33.3349596761, 0.010770003027, 0.541666666667
0.148028062843, 1.18628574075, 3.69189754444, 0.49890126405, 49.271810116, 1.9612217937, 0.779472660765, 1.32415958573, 33.3349596761, 0.0116635074928, 0.0
0.104845607442, 1.08065368066, 7.99888878327, 0.520725303661, 96.0040676751, 3.38504837504, 0.06447447748, 1.80809545221, 16.2903170027, 0.0117694169891, 0.0
0.101667654831, 1.18628574075, 5.14531610056, 0.415307491892, 12.7947877636, 1.66199319306, 0.536352122851, 1.98940105043, 22.4050305531, 0.0124263082794, 0.0
0.104845607442, 1.0426558298, 2.81756702466, 0.412624749466, 63.2596516799, 2.25224665403, 2.49782023869, 3.45708684459, 43.2347522351, 0.0129402398795, 0.047619047619
0.101667654831, 0.967590768774, 5.14531610056, 0.415307491892, 49.271810116, 1.66199319306, 0.536352122851, 1.88110851904, 24.1574392869, 0.0135368323393, 0.0
0.101667654831, 0.967590768774, 3.69189754444, 0.415307491892, 12.7947877636, 1.66199319306, 0.536352122851, 4.74656129501, 24.1574392869, 0.0129404728736, 0.3
0.148028062843, 1.16330142634, 3.08759688542, 0.691866718604, 64.9990073911, 1.9612217937, 1.88190561119, 2.61560057075, 17.2527578186, 0.0138845005532, 0.0
0.104845607442, 0.835428135597, 7.99888878327, 0.519807470926, 12.7947877636, 1.66199319306, 0.06447447748, 1.80809545221, 6.42507323377, 0.013636059267, 0.4
0.101667654831, 0.967590768774, 5.14531610056, 0.415307491892, 63.195463936, 3.38504837504, 0.536352122851, 1.43031118181, 24.1574392869, 0.0151461014291, 0.0
0.148028062843, 1.16330142634, 3.08759688542, 0.691866718604, 64.9990073911, 1.9612217937, 1.88190561119, 2.61560057075, 17.2527578186, 0.0139830412179, 0.148936170213
0.148028062843, 1.18628574075, 3.53307182077, 0.49890126405, 49.271810116, 1.9612217937, 0.779472660765, 2.34956379675, 33.3349596761, 0.014597068389, 0.142857142857
0.107146517764, 0.913328900982, 6.93166752306, 0.484031659688, 57.6706624403, 2.78636470766, 1.45711709705, 1.83908030667, 28.7886700551, 0.0188231165316, 0.119047619048
0.107146517764, 0.913328900982, 6.93166752306, 0.669827846527, 57.6706624403, 2.78636470766, 1.45711709705, 1.80809545221, 28.7886700551, 0.0188684834014, 0.0
0.101667654831, 0.824587484112, 3.11880174534, 0.519807470926, 17.8520573887, 3.12721920373, 0.0368054600333, 1.80809545221, 6.42507323377, 0.0143119435246, 0.384615384615
0.148028062843, 1.18628574075, 3.69189754444, 0.49890126405, 63.2596516799, 1.13874691633, 0.521091585424, 1.7118139417, 29.2215120839, 0.0141735277639, 0.621621621622
0.101667654831, 0.967590768774, 5.14531610056, 0.49890126405, 12.7947877636, 1.66199319306, 0.779472660765, 1.43031118181, 19.3085208141, 0.0146726120377, 0.323529411765
0.104845607442, 0.824587484112, 7.99888878327, 0.405841325546, 46.4979450015, 3.38504837504, 0.06447447748, 1.80809545221, 6.42507323377, 0.017896121884, 0.142857142857
0.107146517764, 0.913328900982, 6.93166752306, 0.484031659688, 57.6706624403, 1.98154200235, 1.45711709705, 1.83908030667, 28.7886700551, 0.016269777472, 0.258620689655
0.130973402178, 1.1783509383, 6.91733268466, 0.49890126405, 79.4554906507, 3.03232711651, 1.3718269743, 1.59459429613, 20.3080411446, 0.0161556423424, 0.279069767442
0.104845607442, 1.1783509383, 7.99888878327, 0.519807470926, 87.1327602574, 3.38504837504, 0.06447447748, 0.778866040036, 33.3349596761, 0.0188968352984, 0.0
0.117889620183, 1.18628574075, 3.53307182077, 0.49890126405, 49.271810116, 1.9612217937, 0.350291077084, 2.61560057075, 33.3349596761, 0.0153743941929, 0.333333333333
0.148028062843, 1.18628574075, 3.69189754444, 0.49890126405, 63.2596516799, 1.25887049931, 0.521091585424, 1.7118139417, 43.2347522351, 0.0147715311439, 0.466666666667
0.148028062843, 1.18628574075, 3.69189754444, 0.403384040996, 49.271810116, 1.9612217937, 1.40329354256, 1.32415958573, 33.3349596761, 0.0175008180463, 0.311475409836
0.104845607442, 1.0426558298, 2.81756702466, 0.599574520433, 63.2596516799, 2.86020953578, 2.49782023869, 3.45708684459, 43.2347522351, 0.0207142674376, 0.172413793103
0.101936845912, 1.0426558298, 2.81756702466, 0.412624749466, 63.2596516799, 2.25224665403, 2.49782023869, 3.45708684459, 43.2347522351, 0.0193114432513, 0.263803680982
0.104845607442, 1.18628574075, 7.99888878327, 0.519807470926, 87.1327602574, 3.38504837504, 0.06447447748, 1.80809545221, 4.9240379485, 0.0203539717473, 0.2
0.148028062843, 1.18628574075, 3.69189754444, 0.49890126405, 49.271810116, 1.25887049931, 0.779472660765, 1.7118139417, 33.3349596761, 0.0195803031775, 0.260869565217
0.100145937302, 0.967590768774, 5.14531610056, 0.415307491892, 49.271810116, 1.66199319306, 0.536352122851, 1.43031118181, 24.1574392869, 0.0207892788746, 0.0
0.101936845912, 1.18628574075, 5.2875930102, 0.415307491892, 49.271810116, 1.9612217937, 0.432422500369, 1.86477219512, 33.6470233729, 0.0154172477139, 0.428571428571
0.101667654831, 0.967590768774, 5.14531610056, 0.49890126405, 94.0621599903, 1.66199319306, 0.779472660765, 1.43031118181, 19.3085208141, 0.0157682635229, 0.414634146341
0.104845607442, 1.0426558298, 5.14531610056, 0.415307491892, 12.7947877636, 1.66199319306, 0.536352122851, 1.98940105043, 40.7134849447, 0.0172012723864, 0.411764705882
0.148028062843, 1.18628574075, 3.69189754444, 0.49890126405, 49.271810116, 1.9612217937, 0.779472660765, 1.98940105043, 33.3349596761, 0.021282525573, 0.0
0.104845607442, 1.19537250572, 3.69189754444, 0.49890126405, 49.271810116, 1.3064353106, 0.779472660765, 1.98940105043, 33.6273502806, 0.0155046050808, 0.590909090909
0.101667654831, 0.967590768774, 5.14531610056, 0.519807470926, 12.7947877636, 1.9612217937, 0.536352122851, 0.24211182921, 24.1574392869, 0.0162629096694, 0.5
0.101667654831, 0.967590768774, 3.08759688542, 0.415307491892, 49.271810116, 1.66199319306, 0.536352122851, 2.61560057075, 24.1574392869, 0.018683131263, 0.45
0.104845607442, 1.08065368066, 7.99888878327, 0.519807470926, 87.1327602574, 2.86020953578, 2.49782023869, 1.80809545221, 43.2347522351, 0.02114007773, 0.445945945946
0.104845607442, 1.08065368066, 7.99888878327, 0.519807470926, 87.1327602574, 3.38504837504, 0.06447447748, 1.80809545221, 6.42507323377, 0.0213460760946, 0.1
0.258599877829, 0.881111839557, 3.70953527613, 0.576998291323, 35.3930716102, 2.78234689908, 0.362953093174, 3.4191943913, 25.8018636576, 0.0223796912956, 0.0
0.1017982121, 1.18628574075, 3.69189754444, 0.49890126405, 68.2538866336, 1.25887049931, 0.752033499731, 1.7118139417, 33.3349596761, 0.01708492272, 0.611111111111
0.101667654831, 0.967590768774, 5.14531610056, 0.415307491892, 12.7947877636, 1.66199319306, 0.536352122851, 1.43031118181, 24.1574392869, 0.0178799796106, 0.529411764706
0.183598626969, 1.11013183579, 8.14996478333, 0.400823172811, 66.1492056827, 1.16791394174, 3.84421056781, 1.80809545221, 21.3408670077, 0.0194771144545, 0.477737665463
0.101936845912, 1.00189329326, 2.81756702466, 0.408526079809, 49.271810116, 2.25224665403, 2.49782023869, 1.86477219512, 33.3349596761, 0.0190490459306, 0.520491803279
0.104845607442, 0.824587484112, 7.99888878327, 0.519807470926, 9.56299008906, 3.38504837504, 0.06447447748, 1.59459429613, 6.42507323377, 0.0216836353369, 0.1
0.148028062843, 0.889218335981, 3.69189754444, 0.49890126405, 92.7159113369, 1.9612217937, 0.779472660765, 2.49100516177, 33.3349596761, 0.0213460955027, 0.166666666667
0.104845607442, 0.835428135597, 7.99888878327, 0.559152449898, 63.195463936, 3.38504837504, 0.06447447748, 1.80809545221, 2.40967128702, 0.0226506416227, 0.0
0.102964505641, 0.967590768774, 3.69189754444, 0.49890126405, 49.271810116, 1.9612217937, 0.779472660765, 0.24211182921, 33.3349596761, 0.0193400816082, 0.526315789474
0.147593037816, 1.18628574075, 3.69189754444, 0.49890126405, 12.7947877636, 1.9612217937, 0.779472660765, 1.80809545221, 6.42507323377, 0.0191814240813, 0.55
0.104845607442, 1.09734819218, 6.33419075983, 0.599574520433, 63.2596516799, 3.38504837504, 1.42832796576, 3.45708684459, 22.4050305531, 0.0217924051405, 0.294117647059
0.148028062843, 1.19777735437, 2.02429526675, 0.49890126405, 12.7947877636, 1.9612217937, 0.779472660765, 1.98940105043, 23.8525411717, 0.0217504609798, 0.414634146341
0.221577520989, 1.1783509383, 6.93166752306, 0.458778241334, 68.935474648, 3.03232711651, 0.660533888025, 3.45708684459, 21.7315750127, 0.0235570463959, 0.0
0.286487290115, 0.962461590171, 3.08759688542, 0.578556582231, 36.3216174307, 1.61980973402, 2.12460775643, 1.98543878481, 12.2233873748, 0.0231568259652, 0.0365853658537
0.101667654831, 0.967590768774, 5.14531610056, 0.415307491892, 12.7947877636, 1.66199319306, 0.536352122851, 1.43031118181, 24.1574392869, 0.0203296116501, 0.62962962963
0.104845607442, 0.835428135597, 7.99888878327, 0.519807470926, 33.566796294, 2.86020953578, 0.0396017677057, 4.35026841761, 6.42507323377, 0.0224073402922, 0.388888888889
0.286487290115, 1.18628574075, 3.08759688542, 0.578556582231, 36.3216174307, 1.61980973402, 2.12460775643, 1.98543878481, 12.2233873748, 0.0239020117836, 0.010989010989
0.148028062843, 1.18628574075, 7.99888878327, 0.519807470926, 87.1327602574, 3.38504837504, 0.06447447748, 1.80809545221, 4.9240379485, 0.0240971435319, 0.0
0.221577520989, 1.1783509383, 6.93166752306, 0.403384040996, 79.4554906507, 2.84159959275, 1.26400219963, 1.59459429613, 20.3080411446, 0.0233579439628, 0.0857142857143
0.109232640835, 0.967590768774, 3.69189754444, 0.49890126405, 49.271810116, 1.9612217937, 0.779472660765, 0.24211182921, 33.3349596761, 0.0233331760888, 0.2
0.148028062843, 1.18628574075, 4.07684783268, 0.415307491892, 49.271810116, 1.9612217937, 0.432422500369, 1.86477219512, 33.3349596761, 0.0217633391265, 0.692307692308
0.147593037816, 1.18628574075, 3.69189754444, 0.49890126405, 8.10885045814, 1.9612217937, 0.779472660765, 1.82122334522, 2.21552168946, 0.0227152738396, 0.647058823529
0.183598626969, 1.11013183579, 8.14996478333, 0.400823172811, 66.1492056827, 1.16791394174, 3.84421056781, 1.47678502418, 21.3408670077, 0.0227290926197, 0.556324110672
0.107146517764, 0.913328900982, 9.5842154055, 0.669827846527, 57.6706624403, 2.78636470766, 1.45711709705, 1.8182306704, 28.7886700551, 0.0227593676092, 0.452054794521
0.101667654831, 0.967590768774, 5.14531610056, 0.415307491892, 49.271810116, 1.66199319306, 0.536352122851, 1.43031118181, 24.1574392869, 0.02328910846, 0.423728813559
0.104845607442, 0.882545722241, 7.99888878327, 0.519807470926, 87.1327602574, 3.38504837504, 0.06447447748, 1.80809545221, 6.42507323377, 0.0246615890547, 0.0
0.107146517764, 0.913328900982, 6.93166752306, 0.669827846527, 57.6706624403, 2.78636470766, 1.45711709705, 1.83908030667, 28.7886700551, 0.0245555943581, 0.157894736842
0.104845607442, 0.824587484112, 2.10808671667, 0.519807470926, 46.4979450015, 3.12721920373, 0.285926403021, 1.80809545221, 6.42507323377, 0.0234637281205, 0.352941176471
0.104845607442, 1.08065368066, 7.03956751694, 0.519807470926, 90.5229841176, 2.86020953578, 2.49782023869, 1.80809545221, 24.1574392869, 0.0238742151275, 0.216560509554
0.100596895355, 1.17445592133, 7.99888878327, 0.618900638972, 95.5359475719, 3.38504837504, 3.11865625128, 1.80809545221, 2.34759755214, 0.0236349154241, 0.221088435374
0.104845607442, 0.835428135597, 7.99888878327, 0.519807470926, 63.195463936, 3.38504837504, 0.06447447748, 1.80809545221, 6.42507323377, 0.0229826162534, 0.535714285714
0.104845607442, 0.882545722241, 7.99888878327, 0.519807470926, 87.1327602574, 3.38504837504, 0.06447447748, 1.80809545221, 6.42507323377, 0.0273634367478, 0.0625
0.148028062843, 1.00189329326, 2.81756702466, 0.412624749466, 49.271810116, 2.25224665403, 0.558651186878, 3.45708684459, 33.3349596761, 0.0287852450101, 0.0
0.109232640835, 0.967590768774, 3.69189754444, 0.49890126405, 59.9575620844, 1.9612217937, 0.779472660765, 0.24211182921, 33.3349596761, 0.0235390135031, 0.5
0.109232640835, 0.967590768774, 3.69189754444, 0.49890126405, 59.9575620844, 1.9612217937, 1.88190561119, 0.24211182921, 33.3349596761, 0.0248647033268, 0.47619047619
0.100016973926, 1.0145696754, 7.99888878327, 0.618900638972, 95.6340694648, 3.38504837504, 3.11865625128, 1.47678502418, 2.34759755214, 0.0251797437171, 0.276173285199
0.221577520989, 1.1783509383, 6.93166752306, 0.49890126405, 79.4554906507, 2.84159959275, 1.26400219963, 0.24211182921, 33.3349596761, 0.0302409965759, 0.0
0.104845607442, 1.05261051808, 7.99888878327, 0.519807470926, 87.1327602574, 2.86020953578, 2.49782023869, 1.80809545221, 43.2347522351, 0.0249518418149, 0.529680365297
0.104845607442, 0.967590768774, 3.69189754444, 0.49890126405, 65.9130559939, 1.9612217937, 3.21054220277, 0.24211182921, 33.3349596761, 0.026528228226, 0.341498559078
0.148028062843, 0.889218335981, 3.69189754444, 0.49890126405, 98.783200001, 1.9612217937, 0.779472660765, 2.49100516177, 33.3349596761, 0.0282492796754, 0.0769230769231
