5.33967729046, 1.24864164807, 1.00627775565, 0.875436463322, 2.05077003095, 0.733590886251, 5.90133098362, 0.833809716449, 0.981599873682, 2.6236715997, 5.81518662265, 0.839733380226, 2.06096065252, 1.1070308664, 1.09000043568, 1.00660791661, 1.04430885641, 1.20449707372, 5.17075267867, 1.18930769588, 0.806443394216, 390.753554481, 1.08288477889, 1.84515021326, 1.06832082703, 4.81897407639, 0.896282739783, 976.28977293, 40.183329032
4.96936872087, 1.36752827756, 1.08260967054, 0.994412952806, 2.70606928462, 0.869444223415, 5.2314467912, 0.826982871229, 0.948916538585, 3.13427962035, 4.60819099292, 0.818125760844, 3.59655797984, 1.22068854299, 1.09000025679, 1.01192854778, 1.03480878878, 1.17185216943, 4.5125998618, 1.16328539435, 0.880254872069, 365.558303831, 1.14875886945, 3.00598243012, 0.986541836905, 2.2430139802, 0.962937199927, 2626.30590549, 55.4478883315
5.98041093126, 1.27835071782, 0.86765510628, 0.9057715569, 4.25481756912, 0.752442882245, 5.52453915731, 1.07476048596, 0.999684141587, 1.62423981132, 4.78526235094, 1.04174283985, 2.96527842616, 0.949030858192, 1.09000044408, 1.02603146035, 1.04907239655, 1.21542894025, 5.06998676878, 1.17952849584, 0.86577124581, 354.094641156, 1.16892578492, 1.74151929652, 1.23962202842, 2.02511254969, 1.12144073663, 2106.22527357, 50.9347156274
5.9271936437, 1.32854398189, 1.08640673084, 1.21583064856, 3.62030458156, 0.863606159334, 5.05066539767, 1.03842573872, 0.917480749153, 4.15049717777, 1.6219401763, 0.88091521556, 1.32643254643, 1.20297437521, 1.0900009684, 1.00704125968, 1.03667290557, 1.16974310554, 5.80428981817, 1.09944124774, 0.858321839201, 326.513776848, 1.18425131407, 1.4083426764, 1.17421165588, 1.33052729384, 0.978014029372, 2186.5159649, 51.4652139859
5.64538865183, 1.35913105366, 1.08698958688, 1.08404940086, 1.67661646998, 0.884671302764, 2.01103187923, 1.09872641503, 0.97283995632, 4.11383181916, 2.32288592027, 0.855949268567, 2.35317701562, 1.20852896291, 1.09000090429, 1.10089158063, 1.03677840858, 1.21633893927, 4.54568969555, 1.18569056304, 0.851043525129, 192.757320408, 1.1761512143, 1.64860487275, 0.98697673607, 2.4175539993, 0.998120011096, 1264.92551454, 46.4104090789
5.5924568189, 1.21888337616, 1.10025816492, 1.17113204798, 2.74848229467, 0.838888650936, 4.64936261728, 1.09864032725, 0.967653022736, 1.72248003415, 2.55413454201, 0.838088167655, 4.91264627142, 1.17471302065, 1.0900002128, 1.00716493724, 1.03479642938, 1.21366669097, 9.24210633593, 1.02134109175, 0.849703833894, 172.187813829, 1.17314446989, 1.28873773888, 1.05740395196, 4.76270261943, 1.078742924, 128.704209763, 22.8322914278
3.31159093371, 1.22236915831, 0.936813883375, 0.895360460945, 6.0758000849, 0.985746069284, 5.81038487704, 0.926191050258, 0.923108848903, 5.38591129813, 2.46576647646, 0.832514301597, 4.39481880931, 1.1215191499, 1.09000098072, 1.00292651521, 1.02944046879, 1.1395313038, 3.51550949224, 1.17068346555, 0.849275381542, 357.433438206, 0.919561984341, 1.18291799458, 0.984408659706, 3.49829715059, 0.925343168572, 340.792008813, 30.440203776
5.08731641412, 1.01934424803, 0.929312877734, 0.879632992795, 5.28404343689, 0.917265069689, 5.99290017091, 1.05296671338, 0.950288383652, 1.82048716279, 3.34449461799, 0.944067217122, 4.951914837, 0.992547006768, 1.09000070269, 1.06602188378, 1.03876343478, 0.949915699316, 3.37977441083, 1.09437848864, 0.833081129668, 337.862550312, 1.19711984925, 1.05493105637, 0.978956696294, 3.722784967, 0.911444594875, 5074.77496173, 36.3645476017
5.44661796491, 1.12249256054, 0.887186107263, 0.822590120449, 4.69495245708, 0.757258554772, 4.0298732993, 1.0051123218, 0.999018555748, 1.24971577907, 7.31679844994, 0.914557763858, 3.27855190313, 1.00254635217, 1.09000007074, 1.02476267735, 1.04796259477, 1.16009180388, 9.71791285843, 1.15292661247, 0.926176334356, 249.261656959, 1.13913764313, 1.6138972509, 1.12143528301, 1.98882812043, 0.922319487887, 3262.77944304, 35.9540985708
5.42339221939, 1.30791054689, 1.02890771102, 0.919168109026, 4.76563540268, 0.810199965765, 4.56015273733, 0.87361846764, 0.988496716973, 2.09970680681, 3.53575184269, 1.09413203898, 2.74672495153, 1.2680710011, 1.09000025088, 1.02871282376, 1.00493335145, 1.11207047111, 9.67080939898, 1.07604936147, 0.777603545901, 345.307390046, 1.13230641998, 1.09228987339, 1.04667511296, 1.5957907264, 1.08731793697, 10433.858447, 86.291367815
2.56255032786, 1.23992218002, 1.16216133127, 0.883409454652, 3.97256731482, 0.952273721028, 5.83636945783, 0.960249437262, 0.968643527424, 5.56794316704, 5.68948923948, 1.08569255351, 3.38740621297, 1.16923286876, 1.09000033756, 1.06074221613, 1.03129284364, 1.02563005735, 6.76081381558, 0.937157861766, 0.79700708128, 313.557082817, 1.195207498, 1.00202081139, 1.01929796509, 1.88242473602, 1.02331575234, 3102.35062241, 60.2372563101
5.36099392917, 1.31439611887, 1.06496870991, 0.846111397286, 6.85158251665, 0.841676988913, 1.4231812209, 1.03516937921, 0.988752701622, 2.0215585644, 3.68197418894, 1.08086924805, 4.99629657653, 1.24883020393, 1.09000034972, 1.02319092154, 1.02337536762, 1.16566660471, 5.0290428539, 1.0714015537, 0.784014566997, 278.11769824, 1.14635852947, 1.51161055126, 1.02310986094, 3.65634547484, 1.15105658818, 3859.69243704, 36.2123317235
4.77011615214, 1.34311083706, 1.04761643151, 0.922839502506, 6.81352990302, 0.858372198001, 5.12611806888, 0.880862973661, 0.94109337753, 1.97485044379, 5.89185379725, 1.00999309317, 3.31765600319, 1.1044557672, 1.0900003935, 1.09863132915, 1.02970236909, 1.22874315627, 7.50741100208, 1.10100892172, 0.825109127982, 350.241504127, 0.976706801881, 1.49194802626, 1.05000575557, 3.1733597239, 0.892664211512, 1437.6219787, 47.0328140966
2.29798955405, 1.36504645207, 1.00682601667, 1.16174784249, 2.14216957834, 0.734675691622, 5.47003400164, 0.934335267162, 0.984323995647, 1.5570518415, 4.35995938973, 0.884988355407, 4.26783282143, 1.18045610962, 1.09000084772, 1.04357575425, 1.01927525688, 1.16613838999, 9.7698918365, 1.01031560502, 0.861445845905, 335.196582009, 1.14308193725, 1.20961241036, 1.0038509286, 1.51905216993, 0.964332715216, 5066.22917894, 40.5161244891
4.35234181, 1.40955005912, 0.873376536844, 1.0843950688, 2.45407488882, 0.786510357182, 5.55743008165, 1.00427107797, 0.948869755907, 3.85790302671, 2.44280310636, 1.02725818695, 3.1690672642, 1.27914401206, 1.09000068224, 1.01669468136, 1.03957231472, 1.05900260352, 6.07259462385, 1.05143864712, 0.826087200214, 352.783709011, 1.08190116502, 1.45749205075, 1.04456911345, 3.88543708461, 1.21228473776, 2605.46791127, 35.5277796272
5.84715947753, 1.30975532208, 1.03653890119, 1.21783678539, 3.49928081527, 0.91939452249, 3.66026984838, 1.02118899787, 0.996499591298, 3.34246032053, 3.95335420255, 0.920606255492, 3.61898673547, 1.21298038624, 1.09000085112, 1.00903634371, 1.02096798641, 1.17462103807, 9.52791311624, 1.01908782281, 0.932777786987, 336.90355389, 1.00064783079, 1.37984300725, 1.12312437021, 1.30615376591, 0.906378386771, 3075.70106325, 42.5775028501
2.17720128057, 1.38138881863, 1.07940731942, 0.82709251591, 3.85639619402, 0.791434388261, 5.62394977505, 1.00659818489, 0.975928517305, 1.31684709533, 4.86967507854, 0.897426755487, 3.46173671068, 1.25301364667, 1.09000034676, 1.05972863452, 1.04055772874, 1.18251342063, 4.86008113522, 1.11878122322, 0.904599310803, 228.2072873, 1.06700757173, 1.61736251253, 1.09767243448, 4.89687341766, 0.97597814599, 2818.47003535, 36.5194120132
1.40957170636, 1.41353678248, 0.993349150632, 1.03410132958, 3.21017784915, 0.843710203735, 3.30551605123, 0.892295689986, 0.924370229856, 4.12445350841, 2.17373161257, 0.952031763014, 4.93526523119, 1.07536157869, 1.09000062903, 1.01486601918, 1.02679551291, 1.20587070332, 8.5258466052, 1.11958738719, 0.766737328211, 53.5508585666, 1.1861819509, 1.58656536908, 1.11086526885, 4.03740211697, 0.976927964812, 5353.64257538, 49.035469926
4.23486771859, 1.37341697595, 0.813095060504, 0.945099510027, 4.48940805021, 0.763511485882, 5.59840961974, 1.02788347217, 0.997720941761, 1.49800511117, 5.36099589493, 0.919267122488, 4.24653258374, 1.26013840503, 1.09000099737, 1.10334114143, 1.04981007448, 1.22039754586, 5.2885921391, 1.18939412686, 0.77401218524, 181.586198629, 1.15148068883, 1.21881124312, 0.950110613661, 1.70408969596, 0.934366389009, 204.814906786, 15.2403229096
1.15098783431, 1.26747713659, 1.1047881525, 1.08592928519, 2.55054429377, 0.956291107893, 4.23270370677, 1.01379790118, 0.947917082372, 3.21051689197, 1.67765802403, 0.942292430568, 3.8173618386, 1.21606562091, 1.09000062683, 1.10979344488, 1.0200770657, 1.0367726171, 3.24770139711, 1.06247237677, 0.84582795109, 337.988262613, 1.12468807491, 1.55597149871, 0.956062387206, 4.88617641496, 1.09716038581, 498.061691832, 33.1277545536
1.49820046684, 1.08127430665, 1.12972235497, 0.98989662851, 4.70211828727, 0.858819840401, 2.82566438154, 0.947040481916, 0.985843055404, 4.2125564195, 2.75475916649, 1.06591564074, 4.77734262288, 1.07492809958, 1.09000086281, 1.04034612703, 1.04134202497, 1.04291566631, 6.98405725167, 1.17842604762, 0.81876006541, 222.079846375, 1.1730333263, 1.49600633814, 1.02140224004, 3.72959329174, 1.1211392172, 509.453520002, 36.3001218544
5.94556950822, 1.38693008645, 0.818188243571, 0.972451728729, 5.80625736169, 0.939316980492, 5.22310041583, 1.0888668831, 0.989968150968, 3.54429496455, 4.47743177183, 0.977864429048, 4.21278211496, 1.16182489182, 1.09000078381, 1.03818846414, 1.01589977088, 1.22850059994, 8.15079823001, 1.07098836967, 0.81168833576, 297.110827207, 1.06692284536, 1.83722591569, 0.95991544177, 2.33552855291, 0.916641114519, 3684.91288081, 46.1157349611
5.29580649893, 1.20153773555, 1.11353529629, 0.836883996114, 6.76527599656, 0.72749104912, 5.42613329917, 0.928607930107, 0.940789434183, 1.34596142486, 4.00915294306, 1.05713515422, 4.96707895513, 0.997755506201, 1.09000015461, 1.01828658705, 1.03250817688, 1.22525811878, 8.28844173219, 1.04894969357, 0.919011942364, 372.021920323, 0.992700492266, 1.01224975123, 1.05008691101, 1.84827822001, 1.08898195357, 3530.68056211, 28.9801348753
3.30953345008, 1.26194706724, 0.88581228855, 0.826523330301, 3.4212424684, 0.73862903121, 1.72384039961, 0.844449224914, 0.954546203492, 3.61857766181, 2.07250036938, 0.970918042964, 1.88715725714, 1.21204170635, 1.09000071465, 1.00995171814, 1.04223065519, 1.17348698303, 8.24855689501, 1.14104925618, 0.894220381056, 283.018709288, 0.923471774339, 1.00127845139, 0.972570134181, 2.97544358452, 0.969474749573, 6664.26207859, 47.7772033136
4.55764982567, 1.42225606454, 0.792166102566, 0.817586124038, 2.52830146081, 0.936901150323, 2.55082754382, 1.0473335409, 0.996821670122, 2.98659093582, 3.23192831926, 1.03696876065, 4.78875989304, 1.15736007529, 1.09000072206, 1.05806804852, 1.04439803336, 1.09383916145, 4.00159888656, 0.952372432873, 0.896239386969, 304.119132005, 0.952819441098, 1.56355681199, 1.07339413282, 2.49871740508, 0.883427093653, 2627.24498539, 40.5945667286
2.98037919016, 1.32836554428, 1.15122465911, 1.0662031392, 5.0091923363, 0.973311599863, 5.64387102904, 1.05954883927, 0.983166414361, 4.07774873062, 5.46412166743, 1.07820391022, 4.86419261512, 1.27110448191, 1.09000004958, 1.02074446523, 1.02712509303, 1.00347647454, 6.48801340683, 1.09163967345, 0.858574454746, 360.808370524, 1.07571658924, 1.71400748451, 1.05651847915, 2.39344342233, 1.11172490177, 1122.03627111, 41.2613927727
1.66645948091, 1.19894574382, 0.741557186731, 0.961702745501, 4.02602630694, 0.958407032667, 3.45045445066, 1.07909156345, 0.998893541109, 3.66708945321, 3.51755655574, 1.01041742064, 3.51727937872, 1.07374599682, 1.09000084125, 1.08545384205, 1.04590249818, 1.09646633853, 4.4413651021, 1.08948301687, 0.939928169239, 297.02031468, 1.19879108951, 1.03293696122, 1.06365124521, 3.8778756938, 0.925055742837, 9.26224646187, 5.25359982041
5.51183466797, 1.29916022149, 0.942443172704, 0.981289449916, 2.05299718694, 0.86078219328, 5.1589815595, 0.990372019529, 0.943653033823, 2.32499645872, 3.45005780364, 1.09444174607, 2.88381812944, 1.23453118145, 1.09000024192, 1.08920217416, 1.04844825742, 0.815819282003, 7.22859383215, 1.15557825355, 0.825144153852, 175.803227325, 1.16392360798, 1.04861981547, 0.967416736766, 4.15221396946, 0.981723036907, 4622.11066729, 39.4963750112
1.33278424052, 1.3332289445, 1.08540920218, 0.919947744204, 5.44576948593, 0.98770362964, 5.96892548672, 0.907674625187, 0.944279907121, 3.46495923984, 3.30420320735, 1.08119785618, 4.59999495582, 1.00707690596, 1.09000092534, 1.04764470732, 1.04659758182, 0.855719292848, 5.82143267075, 1.17551019696, 0.776730902109, 386.572596143, 1.07471016531, 2.0622125893, 0.955897352742, 2.41363416578, 1.07694033139, 925.214499919, 42.3104483835
2.45355785297, 1.28291750695, 0.835356472138, 1.15716305656, 6.5568155452, 0.933204750753, 2.59296617259, 1.09831271252, 0.963714988841, 3.718899656, 4.39519716708, 0.93628108783, 2.83013185302, 1.21232157623, 1.0900000211, 1.04681641623, 1.02885209113, 1.17127396082, 9.77623058295, 1.15352086856, 0.823510920628, 237.252828621, 1.19616203493, 1.27807943937, 0.95788349804, 4.32713612343, 0.947302099447, 1888.84927525, 37.5274156294
3.77930396065, 1.21279893292, 0.789325467307, 1.15796917664, 6.37353311208, 0.838020039194, 4.10989505367, 1.09129002694, 0.96246134352, 2.59107674887, 6.06757813179, 1.0808332167, 5.03265248624, 1.25448455748, 1.09000065566, 1.02680851932, 1.03480821629, 1.20712467294, 9.55812386749, 1.15221266133, 0.910447565239, 100.359770521, 1.1684396423, 1.57607546964, 1.14603679347, 5.18008168028, 0.923780055065, 5385.87113404, 72.195388197
1.75398079236, 1.4251753052, 0.939264796556, 0.925157439513, 6.33997526059, 0.995970211366, 3.86894532662, 0.993776291131, 0.975774330602, 2.61173301693, 4.07270596653, 0.852134036891, 3.49765420982, 1.16353273036, 1.09000036714, 1.02423071913, 1.04846378139, 0.837727781, 8.59828314528, 1.03642831916, 0.909110852311, 62.6557302678, 1.08469496103, 1.17153827304, 0.979930934573, 5.32309657321, 0.87035076313, 584.618410652, 33.6296052978
5.81354980187, 1.23512172986, 0.749461709512, 0.921820697201, 6.13076304348, 0.853497163188, 3.71219717304, 1.08585135402, 0.980056284078, 3.68291218345, 2.8623870278, 1.01341282498, 2.50786679085, 1.23169558422, 1.09000081543, 1.05422307578, 1.04005852658, 1.0053866648, 9.00690715828, 1.0366960573, 0.878635445929, 267.667985939, 1.183930263, 2.74659100611, 1.00922029141, 1.98933281848, 0.949891723383, 3746.11952908, 61.9969704265
2.68444908858, 1.39367060809, 1.08734485761, 1.11268739664, 6.19633516785, 0.858025136663, 1.32828714519, 1.03356404284, 0.975279433975, 2.01372260671, 2.0212594114, 1.04336362728, 3.25751126023, 1.01866988205, 1.09000097892, 1.01643908179, 1.0189856039, 1.13070782066, 8.94382440431, 1.07192434807, 0.833223568236, 252.925058155, 0.957144390626, 1.82219080036, 0.973661910591, 1.39651600827, 0.899629641205, 1847.830666, 31.4353137489
2.02925310895, 1.22247679236, 0.956987670027, 0.880519100044, 5.6836763041, 0.803831094935, 5.32356732561, 1.09949790801, 0.928683679413, 1.53045948347, 2.68507805834, 1.092577003, 4.68218470667, 1.11708967144, 1.09000015142, 1.03896100088, 1.04320493524, 1.08393355073, 7.17297010053, 1.15236601284, 0.775878233768, 97.9791906193, 1.036611688, 1.23272791961, 1.07602492014, 2.45265104448, 0.90338479335, 5010.47129136, 41.7187513932
3.09650462674, 1.40731671163, 1.13206652742, 1.15847791843, 5.66212077393, 0.743603702601, 4.2623937207, 1.09749150089, 0.937228716853, 1.58326414161, 2.75152925803, 1.09117374654, 3.94898598822, 1.09288490522, 1.09000044625, 1.03424182318, 1.04328256834, 1.09290297936, 7.05154586042, 1.15600830384, 0.876921087389, 163.675504075, 1.02990968391, 1.30997975241, 1.06853171194, 1.43647752722, 1.03946519045, 5712.66387702, 55.3265161964
1.33485735591, 1.28848062015, 1.1079227725, 0.821451426878, 6.85133532217, 0.991623830313, 2.78060328708, 1.05960316797, 0.935267781191, 2.56613612529, 1.67210187411, 0.926205417919, 1.57447778254, 1.26964380745, 1.09000061307, 1.02440684046, 1.03878313949, 1.10872602779, 3.74530798613, 1.14928883404, 0.957436553433, 134.572797657, 1.12296684164, 2.04392006476, 0.982845199787, 2.48602342914, 0.874071658552, 946.861004984, 41.6280879112
1.49695656485, 1.06353665731, 1.06412144276, 0.806817415333, 6.25251897738, 0.888257063865, 5.59417576163, 1.04825500425, 0.97716173542, 2.22116250781, 3.56861424081, 0.978028316043, 4.25929199035, 1.24207850354, 1.09000010684, 1.00939124806, 1.03509203566, 1.01565517084, 9.66547632274, 1.18545701642, 0.918114692575, 255.269379323, 1.00452752313, 5.49920286941, 1.00506868405, 1.05107919583, 1.06108220268, 1274.69532312, 22.4897909244
1.42365928904, 1.31814592554, 0.849157828034, 0.89139160723, 6.16919244674, 0.713479181712, 5.86297243311, 1.04911062105, 0.945310567697, 1.51369261332, 2.43047515636, 1.03228848884, 2.42653941347, 1.24520047317, 1.09000068649, 1.04394884104, 1.04817957946, 0.935301612992, 9.66701173587, 1.17194770046, 0.979842620433, 148.634691299, 0.961186364205, 5.69649690396, 0.960269329278, 2.51708319334, 0.872853218367, 3857.5515599, 59.6532009958
