0.569776127342, 0.957823721622, 2.26388296966, 0.230932437501, 44.5337113961, 40.4950721413, 2.10003089673, 1.72650839388, 39.6676673867, 325.911622341, 0.390390712211
0.5002273619, 0.936290703882, 2.12557024292, 0.471162454013, 47.9999079634, 43.5588404643, 2.77761487366, 1.03513560254, 31.5780800455, 269.696086453, 0.441497554207
0.5002273619, 0.936290703882, 2.12557024292, 0.471162454013, 23.8366993915, 43.5588404643, 2.77761487366, 1.03513560254, 31.5780800455, 286.912968173, 0.435784589962
0.506161512388, 1.08317888053, 5.04142959584, 0.407669000686, 18.7447676837, 46.4515641559, 2.92835885099, 1.56960063799, 26.6871195687, 735.87002695, 0.371776994298
0.598020001602, 0.890171898837, 2.28565392999, 0.451558168572, 37.730318204, 47.9155408624, 2.0218618509, 1.32871943224, 28.4423019691, 237.064441571, 0.49458921273
0.506161512388, 1.08317888053, 5.04142959584, 0.268948475007, 22.2696198463, 46.7681317845, 2.92835885099, 1.56960063799, 26.6871195687, 1026.14924584, 0.383811659267
0.625672872587, 0.876664400312, 2.05592062647, 0.220741749726, 22.1532120507, 45.6082575079, 2.32916321072, 0.745792140075, 24.1176472299, 249.369631839, 0.589014200654
0.617039446632, 0.935284789392, 2.49612823903, 0.495255369158, 1.82333095449, 42.7989753369, 2.15115838217, 4.71308171919, 20.340124076, 255.993195293, 0.560580909846
0.642249192639, 0.876664400312, 2.05592062647, 0.220741749726, 22.1532120507, 45.6082575079, 2.32916321072, 0.745792140075, 25.5144897518, 237.09094783, 0.627911591845
0.625672872587, 0.876664400312, 2.27201479191, 0.271803908899, 37.5258222489, 48.9345272132, 2.46675557793, 4.34075333085, 30.4755855104, 240.787299097, 0.65269238024
0.625672872587, 0.876664400312, 2.05592062647, 0.220741749726, 22.1532120507, 45.6082575079, 2.32916321072, 0.745792140075, 25.5144897518, 252.079711061, 0.622108282919
0.839420553308, 0.935284789392, 2.26388296966, 0.495255369158, 44.5337113961, 42.7989753369, 2.15115838217, 4.71308171919, 20.340124076, 254.067468388, 0.602377004811
0.598020001602, 0.890171898837, 2.29054400056, 0.451558168572, 26.2901350726, 47.9155408624, 2.58341623246, 4.37000112618, 28.4423019691, 264.993420577, 0.578935327383
0.794467031742, 0.957823721622, 2.05592062647, 0.27563363994, 0.112111550279, 46.6262997246, 2.59738260527, 0.615565158704, 30.8656089719, 258.76747327, 0.585968104274
0.5002273619, 0.825881144064, 7.1685773715, 0.434028855708, 27.5816114564, 48.7423666081, 2.06175170314, 1.92815602216, 23.2026680322, 569.444645346, 0.393588561141
0.506161512388, 1.08317888053, 2.31061651445, 0.222284144772, 22.2696198463, 41.1460397174, 2.92835885099, 1.56960063799, 30.6145314798, 350.793912803, 0.420458594689
0.516315554611, 1.00883106135, 2.72310669646, 0.20541927003, 30.8010208498, 43.0407551128, 2.27973230882, 1.97783511132, 35.4990505323, 416.51876495, 0.395245561329
0.569776127342, 0.920089216615, 2.49612823903, 0.40077375221, 44.5337113961, 41.0105032493, 2.23829606369, 1.72650839388, 24.1176472299, 281.075186574, 0.453323302196
0.5002273619, 0.876664400312, 2.05592062647, 0.471162454013, 23.8366993915, 43.5588404643, 2.77761487366, 1.03513560254, 31.5780800455, 277.541196839, 0.491019116067
0.853030904557, 0.963477682905, 2.28565392999, 0.302667325944, 37.730318204, 45.5338509978, 2.75615322583, 1.8762834175, 28.4423019691, 278.890358851, 0.470225208564
0.592222429475, 1.00883106135, 2.72310669646, 0.20541927003, 30.8010208498, 43.0407551128, 2.27973230882, 1.97783511132, 35.4990505323, 468.956995805, 0.404148084447
0.592222429475, 1.00883106135, 2.72310669646, 0.20541927003, 30.8010208498, 44.1096686133, 2.27973230882, 1.97783511132, 35.4990505323, 373.53147303, 0.421194272417
0.617039446632, 0.935284789392, 2.49612823903, 0.495255369158, 1.82333095449, 44.8050984977, 2.46675557793, 4.71308171919, 20.340124076, 272.746045644, 0.578271864146
0.738123910819, 0.822183148282, 2.53687370924, 0.230932437501, 21.4207597691, 45.1376539145, 2.00742987698, 1.92815602216, 39.445116652, 283.837767523, 0.460070706912
0.572686170476, 1.19959210602, 3.43528038103, 0.206317834808, 47.5670494234, 44.4839398832, 2.53085945006, 1.12882686045, 31.0469739678, 557.458223883, 0.41948197892
0.569776127342, 0.957823721622, 2.26388296966, 0.230932437501, 44.5337113961, 40.4950721413, 2.10003089673, 1.72650839388, 35.0516014853, 307.676040171, 0.442786390401
0.506161512388, 1.08317888053, 5.04142959584, 0.27834954273, 18.7447676837, 46.4515641559, 2.92835885099, 1.56960063799, 26.6871195687, 1009.51736516, 0.397629168916
0.625672872587, 0.876664400312, 2.12557024292, 0.471162454013, 47.9999079634, 43.5588404643, 2.77761487366, 1.03513560254, 30.4755855104, 277.877160386, 0.51717650038
0.647476068145, 1.09483082025, 2.05592062647, 0.27563363994, 26.1803308393, 46.6262997246, 2.59738260527, 2.12713028005, 30.8656089719, 271.874000004, 0.604987559987
0.853030904557, 0.901719152992, 2.28565392999, 0.302667325944, 45.8301857323, 45.5338509978, 3.34806949864, 1.32871943224, 33.8151689063, 378.780526928, 0.432341297073
0.592222429475, 1.00883106135, 2.72310669646, 0.20541927003, 30.8010208498, 43.0407551128, 2.27973230882, 1.97783511132, 35.4990505323, 389.769042063, 0.431815264072
0.592222429475, 1.08317888053, 2.72310669646, 0.220471019512, 22.2696198463, 40.6941258167, 2.92835885099, 1.97783511132, 26.6871195687, 392.657986608, 0.427031853229
0.538773546521, 1.08317888053, 5.04142959584, 0.268948475007, 22.2696198463, 41.1460397174, 2.92835885099, 1.92815602216, 26.6871195687, 929.707157443, 0.417791194536
0.52840901416, 0.90880315268, 2.26388296966, 0.359022140728, 5.42147807383, 41.0309893539, 2.10003089673, 4.32973964619, 26.7510299655, 282.250230189, 0.472028540702
0.569776127342, 1.02611522026, 6.90379918662, 0.40077375221, 44.5337113961, 41.0105032493, 3.76933928309, 1.72650839388, 39.6676673867, 1427.6079885, 0.411453268446
0.710366253368, 1.22190815795, 2.31061651445, 0.222284144772, 37.730318204, 44.8050984977, 2.46675557793, 1.64788868888, 21.094007363, 365.344851969, 0.438894366574
0.5002273619, 1.00883106135, 2.72310669646, 0.304769328125, 37.8130218127, 41.7740473279, 2.93527523763, 1.97783511132, 35.4990505323, 359.644210961, 0.43979349465
0.543848173974, 0.963167373163, 2.45200555594, 0.372847728982, 30.0554717819, 44.7185459789, 2.29653816011, 1.81390233519, 35.4990505323, 322.247538318, 0.451240296138
0.592222429475, 1.00883106135, 2.72310669646, 0.304769328125, 37.8130218127, 43.0407551128, 2.27973230882, 1.97783511132, 35.4990505323, 406.946614383, 0.430684042538
0.592222429475, 1.00883106135, 2.72310669646, 0.304769328125, 37.8130218127, 44.4059969724, 2.263028668, 1.97783511132, 35.4990505323, 422.633106198, 0.425472569767
0.592222429475, 1.00883106135, 2.72310669646, 0.20541927003, 30.8010208498, 43.0407551128, 2.27973230882, 1.97783511132, 35.4990505323, 412.873973608, 0.431573163007
0.572686170476, 1.09055531343, 3.43528038103, 0.217012118936, 47.5670494234, 42.1187700613, 2.53085945006, 1.12882686045, 31.0469739678, 577.510196734, 0.421132017188
0.710366253368, 1.19187031685, 2.31061651445, 0.222284144772, 37.730318204, 44.8050984977, 2.46675557793, 1.64788868888, 21.094007363, 320.863648034, 0.457610142317
0.592222429475, 0.859448744456, 2.49612823903, 0.20541927003, 30.8010208498, 43.0407551128, 2.23829606369, 1.97783511132, 35.4990505323, 326.885670069, 0.449283049243
0.566278758765, 0.947575200729, 6.97207647179, 0.336976316427, 31.6939630887, 43.538940077, 3.74442562768, 1.26807382342, 24.6958804751, 899.145739952, 0.421364700599
0.569776127342, 0.920089216615, 6.90379918662, 0.40077375221, 26.1803308393, 41.0105032493, 2.13117177398, 1.72650839388, 24.1176472299, 785.085112111, 0.423014611413
0.738123910819, 1.05224749799, 2.50704755135, 0.360271205819, 30.5673228269, 45.1376539145, 2.77771312197, 1.08206631639, 20.3618048857, 282.308411095, 0.540168376314
0.569776127342, 1.02611522026, 6.90379918662, 0.40077375221, 44.5337113961, 41.0105032493, 3.76933928309, 1.72650839388, 39.6676673867, 1340.69438645, 0.422932970137
0.566278758765, 0.947575200729, 6.97207647179, 0.302667325944, 31.6939630887, 43.538940077, 3.74442562768, 1.26807382342, 33.8151689063, 1038.85267082, 0.423614575449
0.592222429475, 1.00883106135, 2.72310669646, 0.304769328125, 37.8130218127, 43.0407551128, 2.27973230882, 1.97783511132, 35.4990505323, 395.605702313, 0.435789722347
0.527209769763, 0.899045373854, 2.29054400056, 0.451558168572, 26.2901350726, 47.9155408624, 2.62691655237, 4.37000112618, 28.4423019691, 291.155172907, 0.48046157053
0.506161512388, 1.08317888053, 5.04142959584, 0.27834954273, 22.2696198463, 41.1460397174, 2.92835885099, 1.56960063799, 26.6871195687, 715.674067757, 0.427743968407
0.724881041702, 0.957823721622, 2.26388296966, 0.230932437501, 44.5337113961, 40.4950721413, 2.10003089673, 1.72650839388, 35.0516014853, 438.532463791, 0.432142089063
0.617039446632, 1.13420663621, 2.49612823903, 0.495255369158, 1.82333095449, 42.7989753369, 2.15115838217, 4.71308171919, 20.340124076, 306.948197601, 0.487087921492
0.652585743004, 0.959634059611, 5.11162339723, 0.266314792937, 17.766215696, 44.4059969724, 2.263028668, 1.57063693201, 40.8771920165, 758.133780483, 0.428917273426
0.853030904557, 0.901719152992, 2.26984236778, 0.302667325944, 30.8010208498, 45.4479631733, 2.2930882133, 1.8762834175, 33.8151689063, 323.610949075, 0.469762138957
0.592222429475, 0.963167373163, 2.50704755135, 0.20541927003, 16.6245820466, 43.0407551128, 2.29653816011, 4.34075333085, 35.4990505323, 290.855149835, 0.508085729891
0.598020001602, 1.08317888053, 2.23452373717, 0.451558168572, 37.730318204, 43.2130427244, 2.0218618509, 1.64788868888, 22.2506498222, 314.173986316, 0.48171495437
0.569776127342, 1.09483082025, 2.26388296966, 0.230932437501, 44.5337113961, 40.4950721413, 2.10003089673, 1.72650839388, 35.0516014853, 400.731013389, 0.441006733147
0.575323038153, 1.09483082025, 2.05592062647, 0.27563363994, 0.112111550279, 46.6262997246, 3.47125959376, 1.72650839388, 24.0684319946, 362.60050995, 0.452566858519
0.5002273619, 0.935284789392, 2.12557024292, 0.471162454013, 47.9999079634, 43.5588404643, 2.77761487366, 2.32951843006, 31.5780800455, 287.554440462, 0.521248782227
0.680234584907, 0.885357378709, 4.6405216912, 0.360271205819, 13.642976427, 47.3745259281, 2.5932820844, 1.08206631639, 24.9035702599, 525.60594534, 0.433541307877
0.592222429475, 1.00883106135, 2.72310669646, 0.20541927003, 30.8010208498, 43.0407551128, 2.27973230882, 1.97783511132, 35.4990505323, 435.669720524, 0.435859850942
0.543848173974, 0.963167373163, 2.45200555594, 0.372847728982, 30.0554717819, 44.1245948542, 2.29653816011, 1.81390233519, 35.4990505323, 327.059050364, 0.461914899796
0.572686170476, 1.09055531343, 2.12557024292, 0.217012118936, 47.5670494234, 42.1187700613, 2.53085945006, 1.12882686045, 31.0469739678, 319.690255444, 0.492110220766
0.617039446632, 0.935284789392, 2.49612823903, 0.471162454013, 16.5279153528, 43.5588404643, 2.14506869127, 3.27666449365, 31.5780800455, 303.348175525, 0.521289907869
0.507795836065, 0.876664400312, 2.27201479191, 0.271803908899, 37.5258222489, 48.9345272132, 3.31292527079, 1.64788868888, 30.4755855104, 341.294701186, 0.464302330708
0.506161512388, 1.08317888053, 3.93446887238, 0.27834954273, 22.2696198463, 41.1460397174, 2.92835885099, 1.56960063799, 20.9104474064, 682.209448386, 0.43390602501
0.620732468032, 0.824897876014, 4.6405216912, 0.360271205819, 13.642976427, 47.3745259281, 3.34806949864, 1.08206631639, 32.1927187368, 615.091911407, 0.434209564339
0.647476068145, 1.09483082025, 2.05592062647, 0.27563363994, 26.1803308393, 46.6262997246, 2.59738260527, 2.12713028005, 30.8656089719, 294.757930034, 0.559759330948
0.543848173974, 0.963167373163, 2.45200555594, 0.372847728982, 30.0554717819, 44.7185459789, 2.29653816011, 1.81390233519, 35.4990505323, 302.768564129, 0.555051204143
0.569776127342, 0.957823721622, 2.26388296966, 0.230932437501, 44.5337113961, 40.4950721413, 2.10003089673, 1.72650839388, 35.0516014853, 320.019573631, 0.492133024934
0.625672872587, 0.936290703882, 2.12557024292, 0.220741749726, 22.1532120507, 45.6082575079, 2.32916321072, 0.745792140075, 24.1176472299, 289.029545332, 0.636261950505
0.710366253368, 1.19187031685, 2.31061651445, 0.222284144772, 37.730318204, 44.8050984977, 2.46675557793, 1.64788868888, 21.094007363, 306.925908121, 0.529758191697
0.692633415628, 1.02400536085, 4.12548117057, 0.238150867734, 11.6709380758, 45.5338509978, 3.42571127951, 1.8762834175, 27.2299823514, 776.789593836, 0.433604305323
0.5002273619, 0.935284789392, 2.12557024292, 0.471162454013, 47.9999079634, 43.5588404643, 2.77761487366, 2.32951843006, 31.5780800455, 309.322886456, 0.519343198529
0.620732468032, 0.824897876014, 4.6405216912, 0.360271205819, 13.642976427, 41.1460397174, 3.34806949864, 1.08206631639, 32.1927187368, 540.1449223, 0.437331410924
0.569776127342, 1.08317888053, 5.04142959584, 0.220471019512, 22.2696198463, 40.6941258167, 2.92835885099, 1.56960063799, 26.6871195687, 777.526710182, 0.434275777354
0.569776127342, 0.957823721622, 2.26388296966, 0.230932437501, 44.5337113961, 42.2988908126, 2.10003089673, 1.72650839388, 39.6676673867, 325.013812289, 0.48713832514
0.738123910819, 0.90880315268, 2.50704755135, 0.20541927003, 30.5673228269, 45.1376539145, 2.77771312197, 4.32973964619, 20.537525085, 293.944815338, 0.613266924531
0.644800720539, 1.19187031685, 2.31061651445, 0.222284144772, 37.730318204, 42.7989753369, 2.15115838217, 1.64788868888, 21.094007363, 353.684593224, 0.46769674681
0.625672872587, 0.876664400312, 2.32666242613, 0.271803908899, 37.5258222489, 48.9345272132, 2.87577189346, 2.18564018153, 30.4755855104, 303.855303123, 0.563378043627
0.5002273619, 0.936290703882, 2.27201479191, 0.271803908899, 37.5258222489, 48.9345272132, 2.46675557793, 4.34075333085, 31.5780800455, 304.221874273, 0.577414841489
0.647476068145, 1.09483082025, 2.05592062647, 0.27563363994, 0.112111550279, 46.6262997246, 2.59738260527, 0.615565158704, 30.8656089719, 296.822803119, 0.637015777785
0.592222429475, 0.963167373163, 2.72310669646, 0.20541927003, 16.6245820466, 43.0407551128, 2.29653816011, 1.97783511132, 35.4990505323, 414.791592265, 0.446540826352
0.569776127342, 0.957823721622, 2.26388296966, 0.230932437501, 44.5337113961, 43.1855084618, 2.10003089673, 1.72650839388, 39.6676673867, 329.628562875, 0.478352806857
0.559756215629, 0.846129563922, 4.08571320553, 0.278941856865, 26.2901350726, 40.4786348875, 2.58341623246, 0.825032472889, 21.201126476, 544.440374706, 0.439871218039
0.592222429475, 1.00883106135, 2.72310669646, 0.304769328125, 37.8130218127, 41.7740473279, 2.27973230882, 1.97783511132, 35.4990505323, 344.581945731, 0.473631455645
0.625672872587, 0.876664400312, 2.27201479191, 0.271803908899, 47.9999079634, 48.9345272132, 2.37753948409, 4.34075333085, 30.4755855104, 310.445657813, 0.54371472708
0.543848173974, 1.00883106135, 2.45200555594, 0.372847728982, 30.0554717819, 44.1245948542, 2.29653816011, 1.81390233519, 35.4990505323, 366.1378899, 0.46494353385
0.506161512388, 1.08317888053, 5.04142959584, 0.27834954273, 28.3718925015, 41.1460397174, 2.92835885099, 1.26807382342, 26.6871195687, 716.250976509, 0.437984824418
0.583591659217, 0.84625337962, 2.13920636771, 0.436924538178, 16.1256653986, 41.1067551083, 3.12191110717, 3.55438485298, 40.5047538046, 314.052123588, 0.552308147126
0.592222429475, 1.10841985383, 2.23245768237, 0.220471019512, 22.2696198463, 49.0830435577, 2.92835885099, 1.56960063799, 26.6871195687, 387.948045511, 0.461221089511
0.853030904557, 0.901719152992, 2.28565392999, 0.302667325944, 37.8130218127, 45.5338509978, 3.34806949864, 1.8762834175, 33.8151689063, 360.043080736, 0.471069359926
0.625672872587, 0.876664400312, 2.32666242613, 0.271803908899, 37.5258222489, 48.9345272132, 2.87577189346, 2.18564018153, 30.4755855104, 310.659972426, 0.561947555139
0.70311448969, 1.19187031685, 2.31061651445, 0.222284144772, 37.730318204, 40.7096414621, 3.31292527079, 1.64788868888, 21.094007363, 446.712236112, 0.443046787449
0.853030904557, 0.901719152992, 2.28565392999, 0.302667325944, 45.8301857323, 45.5338509978, 3.34806949864, 1.32871943224, 33.8151689063, 411.575763699, 0.455734335858
0.629379520345, 1.23600450307, 2.12557024292, 0.363793989906, 31.5641487359, 43.0210978177, 2.5932820844, 2.32951843006, 32.1927187368, 350.587161494, 0.483220712747
0.514633023656, 1.19187031685, 3.93446887238, 0.27834954273, 37.730318204, 44.8050984977, 2.46494537035, 1.64788868888, 28.2596788042, 659.760181155, 0.441190171994
0.583263185675, 1.00883106135, 2.72310669646, 0.40077375221, 44.5337113961, 41.0105032493, 2.27973230882, 1.72650839388, 24.1176472299, 340.25228668, 0.487168149963
