0.748812761523, 0.868728935727, 80.5182899213, 0.471379103831, 10.0737983304, 4.49370137505, 0.555483866454, 2.32930727809, 6.63782730639, 2460.81607352, 0.121944997303
0.206304100633, 0.901683765811, 85.133293966, 0.684756029204, 52.5823745807, 1.25170532937, 1.64517738259, 0.625879240781, 4.70768856222, 4568.61692097, 0.0117081763217
0.198386333676, 0.959848142956, 86.0660581218, 0.612193254736, 0.452380006388, 13.6652641793, 0.247203322568, 0.0350691659885, 13.1177777178, 4546.21326158, 0.0423940892486
0.405811655095, 0.952753417086, 80.6862628927, 0.423382756174, 0.301861879146, 4.02068231266, 0.587073253332, 2.29880673484, 1.84134806719, 3330.50922745, 0.0621732626088
0.322102529485, 1.01325275875, 89.9307633936, 0.659219747006, 55.8295989117, 49.5782121431, 0.955342989387, 3.18479959635, 9.92738492042, 533.094976459, 0.264040168211
0.261503136777, 0.862316760164, 87.23068988, 0.472724855321, 78.5295915013, 12.5189818295, 0.765839423353, 4.01156946568, 6.38187684801, 2575.71240327, 0.160682676505
0.206304100633, 0.904100458396, 85.133293966, 0.684756029204, 52.5823745807, 1.25170532937, 1.64517738259, 0.625879240781, 4.70768856222, 4978.57067956, 0.0225295082208
0.169073582673, 0.895369127939, 81.6608248337, 0.642750984394, 50.0414818641, 5.00167378559, 1.32260811622, 1.13684163007, 8.42289639631, 4603.2289227, 0.0442812348213
0.172856572891, 1.02733173019, 92.2441045601, 0.67028087119, 37.2353636033, 27.3891047019, 0.475095609657, 0.17883086542, 5.28535136806, 4324.5389711, 0.0870478093036
0.261503136777, 0.862316760164, 87.23068988, 0.628153585312, 40.8640439101, 12.5189818295, 0.765839423353, 4.01156946568, 6.38187684801, 1397.69211012, 0.346975563402
0.863445615772, 0.822270617055, 81.4861781403, 0.664286516992, 21.0185247165, 45.0330295277, 0.842335119688, 4.43215274035, 4.34535872701, 1684.9117646, 0.305734762768
0.891539468338, 0.84778623602, 87.2380264844, 0.676065179491, 94.6523136386, 16.6799998663, 0.598244876053, 3.89790274512, 9.34467737559, 2042.11864563, 0.277182361661
0.251140354454, 0.94016384764, 80.2347769858, 0.680477532834, 27.1013542109, 14.0624417003, 0.201828141321, 1.85893660903, 19.6640279642, 3547.35191957, 0.173274896068
0.198386333676, 0.851163520842, 86.0264063987, 0.46641312185, 45.4167427693, 16.2966788946, 0.906105149976, 3.39388986565, 13.1177777178, 2908.67621519, 0.198867552044
0.88688305619, 0.868728935727, 80.5182899213, 0.471379103831, 10.0737983304, 4.49370137505, 0.196471998307, 2.32930727809, 6.63782730639, 2590.73296641, 0.257676864113
0.214539770805, 0.874467189828, 90.6614407959, 0.686709651242, 60.6140358697, 11.5181161022, 0.728828953518, 1.05684963849, 14.0002131565, 3778.67414444, 0.170092496124
0.172856572891, 1.02733173019, 92.2441045601, 0.67028087119, 18.4877903419, 27.3891047019, 0.475095609657, 0.17883086542, 15.4836339001, 7705.31830168, 0.0354841201082
0.169073582673, 0.895369127939, 81.6608248337, 0.642750984394, 50.0414818641, 5.00167378559, 1.32260811622, 1.13684163007, 8.42289639631, 4603.97450562, 0.078220003492
0.285126491395, 0.858579432969, 80.6663656811, 0.66621623887, 59.7182509017, 5.13251041553, 1.30388617493, 1.65338682236, 14.023833949, 4374.79641651, 0.101070174993
0.863445615772, 0.822270617055, 81.4861781403, 0.664286516992, 21.0185247165, 45.0330295277, 0.842335119688, 2.40190148759, 4.34535872701, 1835.11707694, 0.508226696239
0.218175332166, 0.859295253487, 90.2912372164, 0.663330421494, 66.6074061171, 36.8896961665, 0.241089458422, 1.50884189246, 11.0892706607, 1917.79141262, 0.469816027007
0.871530823842, 0.82652655774, 84.066192802, 0.619120690818, 28.4839835754, 16.7210151561, 0.548139149499, 3.93233193904, 17.6357764703, 2078.06074681, 0.364027771118
0.113587405, 0.837781170723, 80.3246266459, 0.60956508701, 44.6322914819, 45.4180819037, 0.30187538399, 0.852890469136, 16.8376226228, 2365.2733381, 0.28103271823
0.261742186154, 0.884180361312, 81.7810368382, 0.451448930219, 45.4598230245, 12.2895940067, 1.56029882156, 4.84931003345, 7.99212498659, 3438.68581779, 0.222116701095
0.478048436637, 0.858727277572, 88.1405383666, 0.586024865861, 47.6059072669, 11.8646716526, 0.378284712422, 2.23892701478, 10.6962943905, 3110.04548015, 0.280978339432
0.403723930932, 0.858579432969, 87.6316858221, 0.66621623887, 3.4139994798, 5.13251041553, 1.30388617493, 1.65338682236, 14.023833949, 3927.22803487, 0.19199727322
0.882893493414, 1.14278776359, 84.5768090513, 0.475284468387, 43.2241153973, 2.68592916695, 0.37123237562, 1.8745993206, 10.1671114283, 9509.95067781, 0.0366025657124
0.212349416977, 0.918547729273, 91.094905622, 0.630493629824, 91.1489806412, 8.81812862012, 1.55662789702, 2.23263471748, 5.91059142361, 4632.28650071, 0.0870029341703
0.670855790228, 0.843546995551, 83.7540239156, 0.602408553121, 84.6609836883, 46.3989645864, 0.905387909008, 1.6362763603, 7.45878677299, 1982.48417904, 0.693634280673
0.476762819295, 0.84778623602, 89.8906084646, 0.412152909392, 94.3635881285, 26.5605855142, 0.479146962558, 3.89790274512, 3.50496496775, 2406.98482706, 0.342553715817
0.862316671436, 0.822385534326, 87.3755504864, 0.625094782643, 50.4548349933, 24.8476450699, 0.534118888601, 4.4094948157, 8.15007553508, 2398.24990518, 0.416031763892
0.346191078346, 0.984267201741, 85.9803874832, 0.47879076379, 31.2203136733, 24.5571886086, 0.382035662515, 2.3447909136, 2.31921886204, 3870.52299425, 0.269622465309
0.667599412879, 0.851163520842, 86.0264063987, 0.46641312185, 45.4167427693, 16.2966788946, 0.906105149976, 3.39388986565, 17.229352063, 3609.76677408, 0.305757404056
0.318521865236, 0.951001982813, 94.4992449337, 0.690534769076, 72.3169449687, 15.4622089087, 0.158441416366, 1.96446131412, 15.8860230667, 3540.9767898, 0.310552575394
0.251140354454, 0.94016384764, 80.2347769858, 0.680477532834, 27.1013542109, 14.0624417003, 0.201828141321, 1.85893660903, 19.6640279642, 3207.81966441, 0.322324421008
0.197804155162, 1.22529934411, 94.3014261688, 0.638262510282, 46.03282074, 8.42344627982, 1.1119476525, 2.22821736719, 8.99620116623, 22389.6339056, 0.0654167295736
0.802535352899, 1.05428745977, 91.9504882697, 0.402366112447, 61.7498770914, 9.75932449398, 0.338974656417, 2.32492848384, 1.33984765729, 5319.28644047, 0.171146686603
0.802535352899, 1.05428745977, 91.9504882697, 0.402366112447, 61.7498770914, 9.75932449398, 0.338974656417, 2.54709146678, 1.33984765729, 5425.40686821, 0.141381937746
0.186328394382, 1.08668775779, 85.1403415551, 0.401421873744, 28.8069515634, 9.66014857249, 0.0498209530807, 3.53597032871, 14.4567839308, 6884.14326076, 0.113698537104
0.62563917478, 0.880370703004, 84.955688498, 0.462374424788, 80.9703248674, 5.78065686489, 1.88871908489, 0.677182070074, 16.4669507243, 4786.26294153, 0.18578019729
0.48207393567, 1.24615275853, 91.2956659958, 0.555144652219, 51.4510436755, 1.89205972272, 0.0481474164514, 2.1247033422, 14.0202833242, 12784.6627002, 0.0890675659185
0.48207393567, 1.24615275853, 91.2956659958, 0.555144652219, 54.9753090633, 1.89205972272, 0.0481474164514, 0.422211812786, 14.0202833242, 14434.0794256, 0.0874359536389
0.478048436637, 0.858727277572, 88.1405383666, 0.586024865861, 47.6059072669, 11.8646716526, 0.378284712422, 2.23892701478, 10.6962943905, 2558.31989779, 0.410068392999
0.346191078346, 0.855391401134, 85.9803874832, 0.47879076379, 31.2203136733, 24.5571886086, 0.382035662515, 2.3447909136, 8.71751979233, 2605.56183213, 0.405867067296
0.862316671436, 0.822385534326, 87.3755504864, 0.625094782643, 58.5464951273, 24.8476450699, 0.534118888601, 3.97979263114, 8.15007553508, 2461.74147909, 0.418434297919
0.894195418795, 0.959848142956, 94.2476464821, 0.612193254736, 0.452380006388, 13.6652641793, 0.247203322568, 0.0350691659885, 17.229352063, 4269.62906377, 0.29106131368
0.515310954492, 0.898740522569, 85.7288423941, 0.519511167196, 69.9558152469, 14.8407124865, 1.90941812895, 4.02565487569, 9.91438628458, 3914.9747178, 0.294365894671
0.672176892928, 0.920245590452, 92.6404632138, 0.438900898404, 96.5335932579, 21.4160642937, 0.719618292579, 2.89874415568, 19.2985823067, 3712.61080738, 0.318412051179
0.499814795817, 0.940848885362, 83.8496597183, 0.619120690818, 28.4839835754, 15.4274776095, 0.894952325822, 0.451069259199, 2.50027257341, 3496.36327141, 0.352108689843
0.499814795817, 0.940848885362, 83.8496597183, 0.566066767956, 66.8883419059, 15.4274776095, 0.894952325822, 0.451069259199, 2.50027257341, 3235.83978067, 0.356670978761
0.281919247235, 0.880370703004, 93.5428494208, 0.462374424788, 95.7836853293, 6.37115656433, 1.45736567918, 3.38387355206, 15.7903477657, 5950.4699634, 0.158699308899
0.102654321367, 0.972675428451, 88.6487844005, 0.663007058207, 98.8945588937, 33.0196470293, 1.2151198951, 4.41499317843, 10.7601298199, 8716.17756787, 0.124070152961
0.212349416977, 0.918547729273, 91.094905622, 0.630493629824, 91.1489806412, 8.81812862012, 1.55662789702, 2.23263471748, 5.91059142361, 5289.80817514, 0.201952880056
0.413455937074, 0.936883928802, 92.9311389182, 0.613442578328, 2.87764289216, 11.5019321405, 1.15738575856, 0.018196386716, 10.2317208205, 5878.49982172, 0.192052172643
0.218175332166, 0.859295253487, 93.6963964187, 0.663330421494, 74.5383427719, 36.8896961665, 0.241089458422, 1.50884189246, 11.0892706607, 3126.25968005, 0.405938488214
0.189035133116, 0.837781170723, 80.3246266459, 0.60956508701, 44.6322914819, 45.4180819037, 0.30187538399, 0.852890469136, 16.8376226228, 2745.92221049, 0.485817861561
0.587495647618, 0.894714608087, 90.9413494929, 0.606166916035, 87.2060051425, 26.7447213553, 0.301580154259, 4.47072285608, 14.5642273285, 2835.2946689, 0.435426279652
0.629278164518, 0.877800056277, 89.7882138989, 0.550063198816, 82.5749482846, 20.0095836124, 1.87426113937, 3.5932881086, 3.57268225158, 4864.09789385, 0.341689616294
0.248094058769, 1.02175849009, 83.6318511991, 0.633725298035, 58.0655092493, 25.1481416053, 0.816431057319, 3.75333180855, 7.25212396677, 4834.15300316, 0.354207373996
0.522660490637, 0.953609584693, 93.7791114192, 0.425182001606, 51.9463675475, 24.8573741133, 0.181426444342, 1.95319543669, 8.81878859141, 4156.94892224, 0.386158278737
0.261742186154, 0.884180361312, 92.7369214408, 0.451448930219, 45.4598230245, 43.319298689, 1.75701181532, 2.91382113543, 7.99212498659, 4558.05245257, 0.374257825772
0.787817787848, 0.988867818509, 91.6890993156, 0.422114582952, 29.2310802495, 9.72981234282, 0.595703967886, 4.9526729994, 8.06609323358, 3858.35454862, 0.390854232787
0.775730057747, 1.03899140956, 88.2581689033, 0.659219747006, 75.2829735985, 31.1004687102, 0.990190433246, 3.18479959635, 1.33062954939, 7018.96506597, 0.177395059488
0.214539770805, 1.16765657336, 90.6614407959, 0.686709651242, 60.6140358697, 11.5181161022, 0.728828953518, 1.05684963849, 9.57774774249, 12780.3151559, 0.136782498344
0.432363756265, 1.18345518287, 89.5298561348, 0.646942315652, 29.0671281381, 12.7367306687, 0.56714677805, 0.023758882611, 4.79410736201, 8783.59668326, 0.157768154219
0.116119328808, 1.25021484873, 82.2611412418, 0.650701980494, 20.5922249772, 34.5204234568, 1.1603014371, 2.48412745575, 18.5579424206, 30732.8635388, 0.126272418338
0.548726888555, 1.20751464474, 89.5333231751, 0.422114582952, 27.7075923619, 9.72981234282, 0.85435437477, 4.27953428405, 15.730775977, 9499.44611092, 0.154002978557
0.102654321367, 0.939059616345, 88.6487844005, 0.663007058207, 98.8945588937, 33.0196470293, 1.2151198951, 4.41499317843, 10.7601298199, 5581.16805953, 0.255205636082
0.248094058769, 1.02175849009, 83.6318511991, 0.633725298035, 58.0655092493, 25.1481416053, 0.816431057319, 3.75333180855, 7.25212396677, 5383.25255212, 0.330797759003
0.413455937074, 0.936883928802, 94.8226776641, 0.613442578328, 2.87764289216, 11.5019321405, 1.15738575856, 3.52617765026, 10.2317208205, 6706.41607572, 0.252829824668
0.871530823842, 0.82652655774, 84.066192802, 0.566066767956, 66.8883419059, 16.7210151561, 0.548139149499, 3.93233193904, 17.6357764703, 2841.74218773, 0.489869429002
0.587495647618, 0.894714608087, 90.9413494929, 0.606166916035, 87.2060051425, 26.7447213553, 0.301580154259, 4.47072285608, 14.5642273285, 3188.19445054, 0.441863440356
0.653591458918, 0.901920224628, 93.3190197554, 0.48874646002, 20.6643059311, 12.1877568054, 1.99441877207, 1.6886131968, 3.31835612266, 4719.92252856, 0.374874551328
0.432363756265, 1.18345518287, 84.0751845876, 0.639731022941, 26.152135557, 10.9762315725, 0.56714677805, 0.023758882611, 4.09140301516, 7227.76326777, 0.186248437811
0.281919247235, 1.17786694715, 93.5428494208, 0.537038940662, 95.7836853293, 6.37115656433, 1.45736567918, 3.38387355206, 15.7903477657, 18899.7221239, 0.140479345604
0.708348478968, 1.15168628073, 92.4777642992, 0.401036305456, 78.6835713461, 4.02068231266, 1.84835130844, 3.83169171636, 1.84134806719, 12893.9621425, 0.183076102995
0.749932071226, 1.12240101442, 90.2548770078, 0.698019927131, 67.5958052963, 7.58372233396, 0.936195151705, 4.67567449343, 11.3112732813, 6059.63737388, 0.281724840089
0.773765741388, 0.961299874257, 87.55636241, 0.628153585312, 40.8640439101, 21.415559048, 1.90974478615, 2.94548168747, 15.4216439282, 5709.35043164, 0.307970262724
0.540904206665, 0.966416049399, 88.0287592475, 0.678700801658, 52.0805523062, 12.4974977593, 1.77008553648, 0.181873110003, 6.64741901555, 6747.22765167, 0.276460908868
0.745418363273, 0.884092188938, 81.8996716961, 0.564671914769, 56.6373522546, 15.184250874, 1.02423852569, 0.873225840155, 16.63671673, 3038.76329208, 0.503953089205
0.41280724613, 0.877799872192, 82.6044542763, 0.596176874462, 36.3034192803, 44.1080767553, 1.16849430254, 0.270375004883, 4.35377712657, 3912.77241679, 0.461957733329
0.672176892928, 0.920245590452, 92.6404632138, 0.638092368819, 99.9932633265, 21.4160642937, 0.719618292579, 4.43500397045, 19.2985823067, 4545.96742534, 0.44383372648
0.745418363273, 0.884092188938, 81.8996716961, 0.564671914769, 56.6373522546, 23.5194625092, 1.02423852569, 4.84112285226, 16.63671673, 3697.09145246, 0.472384138623
0.775730057747, 1.03899140956, 92.7983450559, 0.657045238474, 75.2829735985, 31.1004687102, 0.990190433246, 4.21051625439, 1.33062954939, 4086.17841686, 0.461374757257
0.610005762312, 0.854493972728, 82.0152881322, 0.422779002989, 10.2127535984, 47.947848911, 1.6415965232, 3.01161631677, 4.21093390267, 3272.89692861, 0.476086734687
0.208179514676, 1.02283261812, 84.6062650166, 0.614193995161, 11.73955827, 46.8307012225, 0.956690827994, 3.8763148717, 7.32928887573, 4797.45306509, 0.388058227286
0.551047927539, 0.874467189828, 89.3508671174, 0.499901936002, 59.1804484376, 31.0229985343, 1.21383263456, 0.332967510676, 14.0002131565, 4849.93674576, 0.384997240655
0.335463364266, 1.11002138755, 85.1403415551, 0.549732899146, 28.8069515634, 9.66014857249, 0.0498209530807, 3.53597032871, 14.7058607746, 8277.4336751, 0.216945176342
0.749932071226, 1.12240101442, 90.2548770078, 0.698019927131, 67.5958052963, 7.58372233396, 0.936195151705, 4.67567449343, 11.3112732813, 11343.8608997, 0.199542326966
0.197804155162, 1.22529934411, 94.4619029283, 0.638262510282, 46.03282074, 8.42344627982, 1.1119476525, 2.22821736719, 8.99620116623, 26587.2679096, 0.156150239227
0.793360973374, 1.17057168077, 84.8176994321, 0.669121643824, 71.0657354745, 7.61498638176, 1.34025613443, 0.873225840155, 19.5696114252, 20600.7159823, 0.195657461402
0.679678155213, 0.907693717665, 84.0751845876, 0.569993802028, 26.152135557, 10.9762315725, 1.51992164798, 3.99433244596, 17.0321935966, 6098.62191268, 0.300444158046
0.287641046093, 0.951001982813, 94.4992449337, 0.690534769076, 55.5029153087, 26.8501496623, 0.158441416366, 2.05988016722, 15.8860230667, 5885.00367882, 0.31166927048
0.581295109386, 1.13396185388, 91.7365570518, 0.470578369936, 65.9079301644, 9.28888651417, 0.95484605349, 0.397636041385, 10.2025536122, 6965.30528574, 0.296726664417
0.803522944373, 1.06708906959, 93.1882503835, 0.674159932412, 33.5648541477, 14.6010703365, 0.343715993337, 2.9782821664, 16.9935261869, 7820.61500328, 0.276858213895
0.75498436772, 0.909983373322, 84.0475204392, 0.646605322433, 34.1140637967, 19.5173782925, 1.17594017793, 2.08995317033, 12.5663891661, 4721.35776324, 0.473134068623
0.867767775057, 0.900814023427, 89.2058297881, 0.444307580292, 98.7914285784, 41.0246670047, 0.467031688731, 1.05772676307, 2.31921886204, 3279.93341252, 0.526375907789
0.308361772238, 0.965664261957, 80.6663656811, 0.699511586119, 48.1209132077, 40.014853473, 0.920517892499, 2.45508575191, 12.2966205431, 4130.2688171, 0.48588421509
0.867767775057, 0.900814023427, 89.2058297881, 0.444307580292, 98.7914285784, 41.0246670047, 0.467031688731, 1.05772676307, 8.71751979233, 3395.43314111, 0.497280422604
0.304593981909, 1.23849908818, 86.6592668895, 0.585841954996, 44.6503176159, 13.8277073446, 1.6270456846, 1.45820260965, 16.5995169484, 28787.1474172, 0.163030974592
