0.520793900284, 0.855566473321, 2.55235460859, 0.26488697361, 4.96732556724, 49.3293942748, 3.98460568411, 4.22474637637, 38.9507519423, 399.615856111, 0.565280813421
0.561634025167, 0.846397961811, 3.97560345528, 0.29292339256, 12.0125585255, 47.5798178927, 3.94775330478, 4.6444439553, 29.4047247213, 597.422656919, 0.555670804396
0.505491063099, 0.835269702277, 4.45938668896, 0.306619443565, 23.4844821779, 47.1311049861, 3.54208278799, 4.64501192037, 32.531752402, 659.380749892, 0.514115994982
0.88195529984, 0.847250661421, 2.08347357532, 0.351174846487, 12.5416471864, 47.4496421803, 3.86714547706, 4.38964564854, 27.2308469425, 304.457720427, 0.64064128942
0.578728494034, 0.827472092584, 2.24948207372, 0.35534518221, 12.8859452768, 44.4310976708, 3.66185401764, 4.23655994428, 30.3097072635, 369.227991116, 0.605744442945
0.602203555467, 0.839009907388, 2.07327532873, 0.376217680861, 40.7750823153, 41.6386361541, 3.82848466099, 4.8558925469, 33.1080588544, 298.364476924, 0.561615371871
0.608321839599, 0.827969332878, 3.50237508516, 0.326142978323, 4.27472147475, 45.1146940518, 2.95481982133, 4.47831344076, 36.2668806691, 459.436822972, 0.603645244206
0.504393013564, 0.875387412471, 5.54632209211, 0.362162150946, 4.71533020586, 45.1842076371, 3.31251508525, 4.86298364866, 37.3265255903, 860.896677666, 0.537153784843
0.531429232227, 0.850481233472, 5.85656205004, 0.423070274563, 6.10194018066, 44.513623696, 3.68444431884, 3.9253677236, 38.4963989181, 863.675291437, 0.539443736271
0.504637437235, 0.831148381348, 2.48955889977, 0.268445694843, 15.5046225883, 41.7041163017, 3.23081509371, 4.86542194359, 28.4675824919, 321.757438422, 0.614437488645
0.509046972422, 0.827916259804, 5.47303121039, 0.304529112038, 11.5105743013, 45.7541852455, 3.60344504397, 4.79700294779, 26.1247239836, 681.3267523, 0.525928525926
0.565032977659, 0.850870289369, 5.67826152183, 0.440501068566, 12.2171395994, 44.1995335761, 3.47866557453, 4.59930029494, 36.9620200561, 951.101876091, 0.533117852114
0.656194088635, 0.828799391712, 2.26377656213, 0.377009571619, 22.3278368407, 44.3262639704, 3.25128545004, 3.11179692921, 23.4731943919, 350.369966838, 0.53160658308
0.574397180334, 0.94763570692, 2.45972281296, 0.278690387228, 22.9235352501, 41.7119636979, 2.93842074026, 4.91721727526, 30.9886878947, 372.532432886, 0.534127755608
0.690112177493, 0.836733866119, 3.16226801065, 0.406506926907, 22.3512151148, 43.8895678804, 3.42095285716, 4.63659534701, 28.1059461636, 490.361142783, 0.619569731346
0.517135138378, 0.846801120346, 2.94641496194, 0.341117287315, 7.83827173129, 43.011757564, 3.49999633199, 1.67929679405, 21.7972232011, 424.391958901, 0.44460900078
0.53034420486, 0.89395763299, 2.22927847484, 0.366651661148, 3.35972132709, 40.4146732295, 3.93982068656, 1.4823352957, 24.5543419399, 356.88197368, 0.449561774941
0.747970744126, 0.849693382759, 2.60036682436, 0.370022365307, 24.6933636653, 42.376736627, 3.49729819906, 3.03367664006, 26.0566764389, 384.414536626, 0.580380226137
0.741583139428, 0.879124703211, 2.7845268244, 0.381926880632, 16.4046463787, 45.1444759933, 3.6173422017, 2.51973210666, 21.4697923188, 448.506487625, 0.57076547363
0.602241778599, 0.993797234108, 2.24127025803, 0.415203654057, 4.41726719218, 43.3503283254, 3.97768144148, 2.5828152451, 26.0480926554, 357.535395942, 0.540267219336
0.647742039831, 0.93035008428, 2.25021694593, 0.35788180952, 37.8882179642, 42.5335496363, 3.71901291577, 4.50376789344, 23.7879943239, 405.674236898, 0.564479962526
0.736804904328, 0.874452932845, 2.48895394853, 0.408943615111, 3.97431609808, 43.5083679751, 3.92090567672, 4.7468571012, 24.5181521758, 402.209756286, 0.616461942051
0.510327918099, 0.900068132121, 5.15738796257, 0.403714451097, 38.4845863904, 40.5539965986, 3.93298933411, 4.68627831401, 33.9061548285, 866.464696816, 0.533333281865
0.523402283155, 1.08489340867, 2.6042433776, 0.375414503636, 3.44479731803, 45.4376203871, 3.84366171755, 3.59604558594, 23.7592654689, 478.457216256, 0.545476688827
0.569177494108, 0.951227620595, 4.34031976266, 0.423495564576, 3.12709481383, 43.1309803385, 3.91913016708, 4.31012555966, 31.4054322164, 814.285438282, 0.55100406428
0.573790056594, 0.825104928113, 4.18352118066, 0.480207538257, 2.30732925806, 40.9541845196, 3.9986059443, 4.19481304163, 33.4381287089, 596.112072281, 0.534627912971
0.59269749787, 0.839669478518, 2.82046405264, 0.395540680187, 19.9397391349, 41.7617095189, 3.86155479626, 2.25242601734, 21.6960904508, 362.555581131, 0.542813428347
0.708939428938, 0.862013983645, 2.27160695734, 0.387837787464, 22.7301877498, 40.2241175981, 3.81754023272, 2.42122165366, 25.0917819159, 373.841783106, 0.57861523032
0.502414808432, 0.926988360499, 2.89642042984, 0.415256012833, 10.1223421981, 43.5929129548, 3.24426857306, 4.91578787293, 29.2036532262, 509.483676008, 0.560457914431
0.660831879225, 0.903837621378, 4.01287270258, 0.42756228521, 26.6537152937, 42.0396542587, 3.84552163895, 4.37254530292, 29.550921922, 616.889273793, 0.557508925994
0.579651095062, 0.854194161187, 3.16152064602, 0.426492184111, 2.65224972589, 41.3537318437, 3.86355173075, 1.34330080771, 24.8229088645, 441.944047416, 0.496434505887
0.711934400095, 0.911895149786, 2.63861607956, 0.469844479092, 13.2399401108, 42.1626919111, 3.8983642275, 3.69409285978, 27.9890096632, 397.72274587, 0.54134674654
0.545475466459, 0.87872872523, 3.76066578216, 0.40557631219, 14.6144610956, 40.4383640745, 3.68967390583, 3.51787945043, 29.0927357048, 543.404079865, 0.559922398313
0.658185218263, 0.829453353673, 4.24742706395, 0.434330390513, 0.431844817982, 43.2976584489, 3.8245357918, 4.50816825901, 24.9787428063, 557.245664587, 0.580064780856
0.677266581755, 0.912635809787, 3.70733277657, 0.395856325656, 5.24045497394, 45.1685306322, 3.28526513537, 2.87902011647, 23.814577969, 574.681042716, 0.560449717865
0.596466895714, 0.821802888617, 4.98716447124, 0.395191525616, 11.0392330649, 41.8829135427, 3.60128070203, 2.81535299733, 26.46626168, 573.458486872, 0.562656748572
0.582893204019, 0.883949017971, 2.67003065745, 0.401914311353, 19.9942223555, 41.2474041875, 3.61227693769, 3.82377049596, 22.8032943839, 406.796296738, 0.557895572767
0.558407343656, 0.927437946649, 2.5306508719, 0.249094383024, 2.11679858905, 41.6565215516, 2.56374416962, 4.51285075352, 24.8563510737, 342.04264326, 0.514521383931
0.514105459586, 0.85782520366, 2.1943929783, 0.494656227264, 18.8934262452, 45.2982469003, 3.27003007274, 4.10585153197, 20.0002829676, 328.417835504, 0.52606476467
0.569115538947, 0.922615969986, 2.19799325793, 0.39237157961, 2.68918621737, 42.8516961433, 3.49277621737, 3.11118029737, 20.0668689156, 341.251737097, 0.538338023139
0.576033405324, 0.968217934661, 2.7824965243, 0.459623647846, 14.9651141683, 41.8339705757, 3.92535195397, 2.40115704322, 24.1058083886, 448.223794474, 0.510611097779
0.541792955549, 0.941807728843, 2.3775241882, 0.434659929607, 19.2410696605, 41.3763108568, 3.71668862098, 2.52910343914, 22.6731745038, 409.739178504, 0.519809229049
0.731910438477, 0.917166028345, 3.58740802431, 0.446936489931, 30.2502844642, 43.5370488367, 3.79461326481, 4.82350223174, 23.3963039836, 528.799716493, 0.626963612304
0.651396865157, 0.91428764457, 4.35222381329, 0.439906373334, 28.429066962, 40.3999597047, 3.956859757, 3.25601406607, 26.1560943721, 657.95005695, 0.565672391653
0.663942884679, 1.1016728807, 2.19529232471, 0.344353659494, 22.042091497, 42.7855390226, 3.4858487971, 4.6652720797, 22.1517574088, 377.037856038, 0.62035777384
0.682419600257, 0.837163936753, 3.61078068833, 0.431939527725, 17.4694838047, 41.3823324083, 3.41349198713, 4.45666070296, 25.0293184023, 530.471693443, 0.612093447794
0.504091800038, 1.02492568561, 4.84659069882, 0.400756542964, 32.420796306, 41.5077218715, 3.59426643912, 4.52382693977, 26.8955787089, 877.20361053, 0.489405808855
0.546973855166, 0.970106075791, 2.17402740584, 0.346499181878, 6.53249342502, 40.435365696, 2.42664444144, 4.46312494718, 28.9481283682, 302.798272633, 0.549954215332
0.5953389628, 0.943437883203, 5.03445738782, 0.496938008905, 15.8716165242, 40.4524780988, 3.86940513844, 4.47450543662, 31.2945036241, 886.50658658, 0.537950655752
0.617820467927, 0.982096490275, 2.68719597624, 0.451340273706, 13.3180083403, 41.6474983918, 3.28977563396, 4.98881361822, 26.9096343224, 413.885719996, 0.551035196385
0.657024598823, 0.847524534499, 2.34040068341, 0.48823735906, 6.85287048316, 40.6599108753, 3.11730570869, 3.55749433827, 26.3099055117, 364.54434998, 0.543024306142
0.733193705624, 0.829599814538, 2.62876020126, 0.400022142248, 9.99342913813, 43.1729516179, 2.2463754194, 4.38553985085, 24.17843245, 262.576192031, 0.551437592378
0.644822023829, 0.929545227334, 3.56134569283, 0.490218495675, 17.9562483588, 42.933776762, 3.53511270747, 3.1944607461, 21.5666651054, 515.40878086, 0.574099005001
0.581885574403, 0.935316038507, 3.48547868259, 0.40007439397, 6.09937369481, 40.2897814434, 3.11999836635, 4.99096555391, 26.1540774414, 564.859771583, 0.554616690155
0.669026701936, 0.918771833674, 2.00705704281, 0.470163423718, 5.14467884724, 40.878679867, 3.19554113623, 3.25981781283, 22.2536791853, 301.001906799, 0.550560712995
0.51023592985, 0.862928110993, 5.64998391015, 0.412620625794, 14.0970157644, 42.2479216915, 2.47697357061, 4.47926977988, 27.4848711453, 538.474138356, 0.463423013868
0.587209038287, 0.842345035405, 3.5723037454, 0.450478223808, 5.26693573669, 41.2151663282, 2.61451186032, 3.07148804338, 23.4149252523, 402.150088899, 0.528302381868
0.527670170847, 0.909925650298, 5.50313040021, 0.422597285885, 3.86503287499, 40.6372023474, 3.56528845102, 3.31955710602, 20.8718685895, 775.461723846, 0.536991102286
0.594527935196, 1.00287971625, 4.56835832412, 0.449080081678, 0.266547445673, 40.8273719129, 2.58148605227, 4.63972035602, 21.6177542479, 676.08474552, 0.522239828161
