3.57055244083, 1.40472060411, 1.52210671224, 1.00262865266, 4.63374820257, 0.780032351011, 3.83430716662, 1.01236598059, 0.958002957085, 4.23543238621, 3.8615933663, 0.955699835899, 3.74784269738, 1.0814021154, 0.863679845502, 1.07236489436, 1.02155265408, 1.1358887488, 3.15873363882, 1.16331647126, 0.926415018627, 203.497237082, 0.903051266417, 5.81753350876, 0.987388340795, 3.78464971557, 1.06285908196, 17.4273288182, 8.87127795469
4.83378081492, 1.38273776365, 1.53541024557, 1.17500965992, 3.51170231588, 1.13058682513, 5.73749764889, 0.992421063531, 1.02293089629, 6.14342005948, 3.56087707132, 0.840437406851, 1.5802656153, 1.19977053686, 0.790809386985, 1.54142827792, 1.11088145297, 0.988310937792, 7.12730913857, 0.912153916117, 0.797568472461, 184.364380585, 0.892185915457, 5.48984234374, 1.13307594571, 1.19954559337, 0.960824564945, 19.3566154118, 6.73279015182
1.11743526417, 1.40844848804, 1.51234660102, 0.859861182412, 2.6900064483, 0.852961070006, 1.2893934727, 0.848352446423, 1.09549360217, 1.67028335253, 7.78397085557, 0.89275537668, 3.34585913137, 1.01947686318, 0.933269724276, 1.34592490141, 1.0405767115, 1.1346439005, 5.83013157462, 1.03366072185, 0.834310353128, 102.11241705, 1.16521762024, 5.13261189276, 1.1598057971, 1.53589936008, 1.29204396739, 23.1895187774, 8.16701694911
4.89739114276, 1.2990394445, 0.731377576773, 1.01312308346, 6.86571035969, 1.1038586886, 5.98137695588, 1.15154125685, 0.961522802199, 1.26905771033, 6.77632697807, 1.00448933191, 3.70490265135, 1.15731735682, 0.963934137492, 1.141693307, 1.05406180635, 1.2118156574, 8.53366083144, 1.11671716717, 0.772999548753, 205.828358189, 0.898841197291, 5.80225271609, 1.0740118525, 3.16425182038, 0.949136863617, 24.7739311826, 8.00331694945
3.4918718888, 1.08726589194, 1.20944960716, 0.899296545027, 2.30912639841, 0.79199623748, 3.18923955125, 0.838714205438, 1.05275054178, 5.2321408666, 4.28969284827, 1.04768845775, 1.54738944514, 0.847388428416, 0.866517168288, 1.14899355322, 1.0070189106, 1.08533113301, 3.45107719514, 1.01541261502, 0.919134078517, 223.670131753, 1.05789990822, 3.56561817977, 1.1289321672, 2.45411075315, 1.09899668443, 38.2020810429, 8.05695790391
3.24745779503, 1.32579217569, 1.04344807489, 1.05007565036, 3.80442862704, 0.919753401566, 1.80169096787, 1.16785093345, 0.908178232253, 1.27507141201, 3.09180225484, 1.19550452188, 1.44083398795, 0.877416060661, 0.785888208053, 1.58750329838, 1.16901594728, 0.964987819432, 5.85529352455, 1.04029082725, 0.786463912415, 265.430152405, 0.976034837541, 5.38682407451, 1.07748548013, 3.56645720815, 1.04797208719, 38.8569952082, 8.08736058103
5.98496056201, 1.38356892466, 1.72361443645, 1.04216664141, 3.12395931444, 0.727337754505, 1.35663193046, 1.05667378633, 0.92010647557, 2.06718455189, 6.50084639135, 0.824780615951, 4.43499217328, 1.15597187933, 1.05102975256, 1.36057830107, 1.08413809704, 0.841587888155, 8.09171810444, 1.07315197458, 0.880335903612, 58.0614757178, 0.86305726848, 2.13040245629, 1.17731210726, 4.40686270292, 1.08408075741, 27.964297193, 14.1101936764
5.07237010778, 1.3070623505, 1.20944960716, 0.839662895574, 2.30912639841, 0.79199623748, 3.18923955125, 0.931151865114, 0.986831441036, 4.98074344932, 4.70271212699, 1.04768845775, 4.35069177703, 0.847388428416, 0.866517168288, 1.17897694713, 1.13198752137, 1.08533113301, 3.44884381796, 1.01541261502, 0.883321515619, 223.670131753, 1.05789990822, 3.56561817977, 1.1289321672, 1.13799898629, 1.15409969712, 54.2388602701, 8.77058689465
2.42768493769, 1.01775955808, 0.814959274673, 1.11703727635, 1.66500238053, 0.748937508395, 2.33689512331, 0.895020500494, 1.0619171716, 3.6232392881, 7.17347942092, 0.929497970628, 2.01463998599, 1.24206172715, 0.915975380348, 1.62141762526, 1.10719883606, 0.989013926691, 5.68401775804, 0.933794982817, 0.977872042218, 392.983034889, 0.921662780054, 5.73290976443, 1.08644647773, 1.60363626208, 1.21036277766, 42.6587215641, 11.3947827707
2.66865580732, 1.24399780941, 1.39097373313, 0.811620170383, 6.75992131835, 0.871945167188, 1.20950613626, 1.19568041066, 0.908503008886, 3.4476625337, 6.19763828812, 1.13299177289, 1.32448580304, 0.979159136959, 0.993701475638, 1.06221833025, 1.07486769679, 1.13490150318, 8.34051316585, 0.983564854022, 0.787871066158, 149.958488691, 1.10354660788, 3.71519645682, 1.17913399239, 1.99078487988, 1.24169936793, 41.7073211363, 15.4693684894
4.83378081492, 1.38273776365, 1.53541024557, 1.17500965992, 1.92409381196, 1.13058682513, 2.1691139553, 0.83625772192, 1.02293089629, 6.14342005948, 3.56087707132, 0.840437406851, 1.5802656153, 1.19977053686, 0.790809386985, 1.54142827792, 1.09462027923, 0.988310937792, 7.12730913857, 0.912153916117, 0.797568472461, 184.364380585, 0.892185915457, 5.48984234374, 1.13307594571, 1.19954559337, 0.960824564945, 60.6869754914, 9.22703711379
3.91078928264, 1.36440342436, 0.837153498518, 1.06769524391, 1.83167983174, 0.89229658176, 5.73749764889, 0.927270499662, 1.1345695149, 6.01104851231, 2.11678867648, 1.16205762279, 2.34541838864, 1.2812313615, 1.08226070341, 1.17786692557, 1.07319307528, 1.09610595709, 8.4364543943, 1.07446895547, 0.977362281648, 199.16523464, 0.992538515, 3.39704357827, 1.12146514493, 4.78120371404, 1.16600502004, 42.2804827986, 15.7860844336
4.32341036564, 1.39982831367, 1.22041999597, 0.995649719626, 1.58200202232, 0.717593741887, 3.12531276393, 1.00360168616, 1.07596222421, 5.79060450179, 5.37504619578, 0.852059575786, 3.92204680736, 0.893844127594, 0.808315655284, 1.36947731638, 1.01808355516, 1.20263376773, 3.62707750499, 1.14579861267, 0.894948434236, 413.729497977, 0.89465670555, 1.92794910756, 1.02492133845, 1.80725468344, 1.00939785919, 78.4999100176, 9.52520085238
1.0885679879, 1.42083929815, 1.61694635377, 1.05887711115, 2.22236237518, 1.13134872975, 3.14707635397, 1.1400787161, 0.926964555414, 4.89773249057, 6.07682792908, 1.10233658348, 4.76809011537, 1.16037102737, 1.04555285318, 1.45105337395, 1.03541000271, 1.09893471008, 3.76391745375, 1.18114410715, 0.79245672573, 401.718373031, 0.974698468456, 2.18587072419, 1.09400833924, 3.99834606933, 1.09077279659, 73.5294940887, 9.84231983286
2.77123497716, 1.30355421676, 1.29703855539, 1.06336849747, 2.28552185433, 0.769367953994, 5.88939064797, 1.06663089065, 0.940734451456, 1.95838793691, 7.63577902615, 0.810207880611, 3.48315537275, 1.02704996851, 1.00209484056, 1.42397001332, 1.08085774221, 0.998020591703, 9.57233919358, 1.0771377049, 0.793063636191, 52.3346680764, 1.00008091485, 2.46088129446, 1.061742378, 5.12444763607, 1.19536963343, 77.6044552459, 11.0930174687
3.82973205053, 1.24399780941, 1.68613816123, 0.90988336788, 4.95532805012, 1.18976233779, 2.72140117635, 1.20546827986, 1.04664340581, 2.28657016898, 5.55934738648, 0.969409391273, 1.49522566497, 0.968124323303, 0.780720095199, 1.56882654175, 1.15178841469, 0.928628536938, 9.99305380358, 1.00351781888, 0.838552290577, 338.046250811, 1.0738270273, 4.8122388297, 1.20604801076, 4.6992849738, 1.09899668443, 48.0201845658, 16.4929357441
2.66865580732, 1.16613468096, 1.39097373313, 0.875265511493, 6.75992131835, 0.871945167188, 2.09704464194, 1.22262672458, 0.954504065201, 3.4476625337, 6.19763828812, 1.13299177289, 1.32448580304, 0.979159136959, 0.993701475638, 1.06221833025, 1.07486769679, 1.13490150318, 8.34051316585, 0.983564854022, 0.787871066158, 149.958488691, 1.10354660788, 3.71519645682, 1.17913399239, 1.99078487988, 1.24169936793, 117.049660106, 10.5244280623
3.64483208611, 1.42499988568, 1.10222744418, 1.15561955422, 1.86684091014, 0.777173342564, 5.672042629, 1.22754334282, 0.94769125298, 5.50400076972, 2.53316842724, 0.932860101225, 5.05822000573, 0.92941476523, 1.02167366904, 1.32164650742, 1.01790352993, 0.939995799126, 4.39069969094, 1.18400038536, 0.849410099532, 67.9697149506, 0.842478914322, 4.53828387556, 1.16745252998, 3.478655073, 1.03794009359, 126.871526278, 11.1858715716
3.82973205053, 1.40180848686, 1.68613816123, 0.90988336788, 4.95532805012, 1.18976233779, 2.72140117635, 1.20546827986, 1.04664340581, 2.28657016898, 5.51433879668, 0.969409391273, 1.49522566497, 0.968124323303, 0.780720095199, 1.56882654175, 1.1486645765, 0.928628536938, 9.42199870021, 1.00351781888, 0.852915604657, 338.046250811, 1.0738270273, 4.91999445271, 1.20604801076, 4.12791271574, 1.09899668443, 102.722464929, 12.519221233
4.85745479596, 1.24399780941, 1.72586801115, 0.805354540889, 4.81942352973, 1.17563978835, 1.20950613626, 1.19568041066, 0.908503008886, 5.94455884981, 2.87870954076, 0.943980603781, 2.81329010868, 1.21491642333, 1.08862456082, 1.49340086514, 1.07972633905, 1.0629116456, 7.21146564851, 1.05315075198, 0.971878149061, 390.390203104, 1.06174442933, 4.57712176049, 1.20576855191, 3.59586369398, 1.08400000316, 67.5258927792, 19.1132731198
4.3436359093, 1.09793530351, 0.731377576773, 1.01312308346, 6.16376670663, 1.1038586886, 2.53230903173, 1.19769618963, 0.961522802199, 1.26905771033, 6.85594859062, 1.01758011014, 4.82461835809, 1.05305549947, 0.963934137492, 1.00660196501, 1.05406180635, 1.2118156574, 8.09171810444, 0.939304819039, 0.770842985991, 205.828358189, 0.898841197291, 5.80225271609, 1.17273185974, 3.16425182038, 0.949136863617, 73.684414274, 17.9208920341
3.4918718888, 1.08726589194, 1.20944960716, 0.899296545027, 2.30912639841, 0.79199623748, 3.18923955125, 0.838714205438, 1.05275054178, 5.2321408666, 4.28969284827, 1.04768845775, 1.54738944514, 0.847388428416, 0.866517168288, 1.17897694713, 1.0070189106, 1.08533113301, 3.45107719514, 1.01541261502, 0.919134078517, 223.670131753, 1.05789990822, 3.56561817977, 1.1289321672, 2.45411075315, 1.22333536607, 117.114270548, 12.9447128047
5.23339783084, 1.28137910276, 1.30396051195, 1.16630395114, 2.13226156475, 1.09889766463, 1.07416816199, 1.19061361872, 0.938995769804, 3.94918711547, 6.94341016104, 1.01224872838, 1.99927185894, 1.23956578313, 1.06409748515, 1.25085600859, 1.04352018075, 1.12585154987, 7.4732277016, 0.993867980735, 0.993941569564, 411.926440817, 1.00197116125, 2.13387177146, 1.230739403, 1.01999204044, 1.21078864071, 113.055498804, 15.8322982346
2.96557721387, 1.22878310592, 1.06908791538, 1.14774944309, 3.77302534177, 0.93242243541, 2.53618851475, 1.16256960203, 0.941957301628, 5.98688426406, 3.66103241665, 0.932862421146, 3.58689113822, 1.20020805816, 0.896275104225, 1.14762851371, 1.1626538254, 0.881569460368, 8.12237922328, 1.08206857835, 0.782096461411, 148.879947018, 0.874009744677, 4.82289223764, 1.13622779973, 5.18472219667, 1.29157760117, 186.681659247, 12.9635121694
5.07237010778, 1.34006672255, 1.20944960716, 0.839662895574, 2.30912639841, 0.79199623748, 3.18923955125, 0.982137010346, 0.986831441036, 4.98074344932, 4.70271212699, 1.04768845775, 4.35069177703, 0.847388428416, 0.866517168288, 1.0162855226, 1.13198752137, 1.08533113301, 3.44884381796, 1.01541261502, 0.883321515619, 223.670131753, 1.05789990822, 3.56561817977, 1.1289321672, 1.13799898629, 1.15409969712, 133.998720772, 13.7391463583
1.65379244687, 1.40025508082, 1.66877788687, 0.818753142329, 4.27645409946, 0.825257876671, 3.37317251796, 1.19150653414, 1.05619616041, 2.01639094379, 7.33590294646, 0.936345333458, 4.00595063668, 1.21834195715, 0.883455833945, 1.53019303922, 1.1667186195, 0.834966969481, 7.30778304515, 0.971103037383, 0.960067527548, 355.77623935, 1.15997932551, 4.04520798114, 1.09176362746, 1.13799898629, 0.970965083668, 214.651856562, 13.1473862035
1.65379244687, 1.40025508082, 1.57452505416, 0.818753142329, 3.97029120534, 0.825257876671, 4.06034926616, 1.19150653414, 1.04487837101, 2.01639094379, 5.04458240314, 0.936345333458, 4.00595063668, 1.21834195715, 0.883455833945, 1.25413637169, 1.1397008281, 0.834966969481, 7.30778304515, 0.971103037383, 0.960067527548, 130.365863814, 1.15997932551, 4.04520798114, 0.966409201475, 1.13799898629, 0.970965083668, 204.328995181, 13.4351744657
1.21266171684, 1.18161193635, 1.68670944612, 1.18131750494, 6.71105792193, 0.977655452648, 3.26892023851, 1.09189655579, 1.00230842454, 5.75458717906, 1.58951681805, 0.844816786016, 2.75100883306, 0.811481739035, 1.03711604505, 1.47193644585, 1.04575596609, 0.817381168634, 3.76936131284, 0.98837201031, 0.930373305443, 117.355184535, 0.963938149123, 5.56999938082, 1.03906675575, 3.55120269738, 1.0315963568, 166.982282981, 14.6075740279
1.65379244687, 1.40025508082, 1.65678517118, 0.818753142329, 4.27645409946, 0.825257876671, 3.37317251796, 1.19150653414, 1.05619616041, 1.6232538451, 5.04458240314, 0.936345333458, 4.00595063668, 1.21834195715, 0.883455833945, 1.53019303922, 1.1397008281, 0.834966969481, 7.30778304515, 0.971103037383, 0.960067527548, 130.365863814, 1.15997932551, 4.04520798114, 1.09176362746, 1.05105218353, 0.970965083668, 108.599130518, 20.5786522605
3.24745779503, 1.32579217569, 1.04344807489, 1.05007565036, 5.69358150517, 0.919753401566, 1.80169096787, 1.16785093345, 0.908178232253, 1.27507141201, 7.62149819645, 1.05317931104, 1.44083398795, 0.877416060661, 0.785888208053, 1.58750329838, 1.16901594728, 0.964987819432, 5.85529352455, 1.04029082725, 0.786463912415, 265.430152405, 0.976034837541, 5.38682407451, 1.07748548013, 3.56645720815, 1.04797208719, 243.356752998, 13.8357608884
3.38455263782, 1.40180848686, 1.68613816123, 0.90988336788, 4.95532805012, 1.18976233779, 3.12531276393, 1.20546827986, 1.04664340581, 2.28657016898, 5.51433879668, 0.969409391273, 1.49522566497, 0.968124323303, 0.780160246426, 1.56882654175, 1.1486645765, 0.928628536938, 9.42199870021, 1.00351781888, 0.852915604657, 338.046250811, 1.0738270273, 4.91999445271, 1.20604801076, 1.80725468344, 1.09899668443, 198.506822821, 15.2740718881
5.77641385003, 1.24086686077, 1.04970133976, 1.14946387643, 4.81537399075, 1.18611873754, 5.38951548848, 0.906974398749, 1.12480400487, 4.06507500664, 3.33711296359, 1.17224490003, 2.42027465093, 0.900205785181, 1.01918911499, 1.35008747329, 1.14400098075, 0.840863472833, 9.10043066265, 1.12208587882, 0.77653126396, 101.358825298, 0.855484574898, 3.26521931852, 1.06782528712, 1.84907788029, 1.09995523221, 261.371365679, 13.8408441641
1.40555320254, 1.03405641737, 1.41723745081, 0.928764341592, 2.82935544535, 0.91620252287, 2.32045365304, 0.996162698056, 1.11311458722, 3.16639335417, 4.58122535312, 1.00167437004, 2.38993986677, 0.947607690595, 0.783446337195, 1.24939119212, 1.01168980018, 1.1590635105, 9.09254337404, 1.00582069336, 0.861668118061, 231.166118884, 1.17830315587, 5.41986543516, 1.06782528712, 5.12661371365, 1.02503798116, 212.701362568, 15.2455714406
5.40125294597, 1.10993821029, 1.14911257469, 1.19911850597, 5.64893763063, 0.938549526415, 2.70753038221, 1.05911546142, 1.13831420113, 4.72538918563, 2.70967948173, 1.02056684978, 4.19342013926, 1.16725488186, 0.916748499514, 1.37814880059, 1.07871981985, 0.956370961569, 8.16809579633, 1.12970855249, 0.975896931137, 100.810860862, 1.07986591243, 5.58826905322, 0.999104243951, 4.88175975498, 1.07715243474, 245.036556173, 14.3636673312
5.30822612644, 1.24431818936, 1.5685247154, 0.830347653998, 3.12395931444, 0.89640713938, 5.46974998397, 1.19769618963, 0.926267950051, 5.57702795932, 3.22491573645, 0.882289869399, 1.62140621494, 0.988819540361, 0.92148392583, 1.141693307, 1.14633290603, 0.918941468676, 9.90617917185, 1.01387403328, 0.950248152995, 251.764252752, 0.932623819204, 5.7951836345, 0.979912031674, 5.07027599701, 1.09267437325, 169.822576254, 17.6533273983
1.01400417189, 1.27025715527, 1.43152710109, 1.07785220109, 4.6054686854, 1.03669382431, 3.56839184227, 0.939848175646, 0.952526296213, 6.04370785498, 5.73828539775, 0.836667921993, 1.7390437561, 0.912000365057, 0.935453412196, 1.32023075625, 1.0381474842, 0.831346177484, 9.88989493172, 1.09709835386, 0.785078187467, 158.38760569, 0.86305726848, 1.41638206217, 1.02600804235, 1.7475726104, 1.0542318821, 216.734439523, 15.3790699911
5.80471530295, 1.22596113114, 1.07092769242, 0.945201140119, 6.42918414744, 0.998585839306, 2.53618851475, 0.957194470804, 1.09210926644, 4.89048864708, 6.08349469225, 1.1051203636, 1.09562008292, 1.20725676765, 1.02542131125, 1.61051273682, 1.08161829666, 0.858082329331, 4.47322433563, 1.10537241873, 0.822318771673, 164.429007111, 0.874009744677, 4.97245129913, 1.06044686596, 4.45782638473, 1.09888489138, 171.695132796, 17.7785573459
5.80471530295, 1.22596113114, 1.07092769242, 0.945201140119, 6.42918414744, 0.998585839306, 5.20468919471, 0.957194470804, 1.09210926644, 4.89048864708, 1.66976641392, 1.1051203636, 1.09562008292, 1.20725676765, 1.02542131125, 1.61051273682, 1.08161829666, 1.19519980705, 4.47322433563, 1.10537241873, 0.822318771673, 267.206352453, 0.910359321397, 4.97245129913, 1.06044686596, 4.45782638473, 1.09888489138, 141.386888313, 22.6445421032
3.83236110854, 1.36062260328, 1.52210671224, 1.00262865266, 2.30912639841, 0.780032351011, 3.18923955125, 1.01236598059, 0.958002957085, 3.74585965184, 6.23184659534, 1.13161628112, 3.74784269738, 1.0814021154, 0.863679845502, 1.07236489436, 1.06403377201, 1.1791677964, 4.22084921686, 0.973303547915, 0.926415018627, 223.670131753, 0.889654878775, 5.55748398284, 0.987388340795, 2.34281581374, 1.2181608266, 317.653812079, 14.8650328207
3.4918718888, 1.08726589194, 1.20944960716, 0.899296545027, 5.48844280555, 0.79199623748, 3.83430716662, 1.07066606041, 1.05275054178, 5.2321408666, 4.28969284827, 1.04768845775, 1.54738944514, 0.959484748619, 0.866517168288, 1.17897694713, 1.00255133638, 1.08533113301, 3.45107719514, 1.01541261502, 0.919134078517, 223.636605328, 1.05789990822, 3.56561817977, 1.1289321672, 2.35587987674, 1.22333536607, 175.111076407, 17.9000135192
5.07237010778, 1.34006672255, 1.20944960716, 0.839662895574, 2.30912639841, 0.851758455321, 3.18923955125, 1.14533686326, 0.986831441036, 4.98074344932, 4.70271212699, 0.981388085714, 4.35069177703, 0.917779357073, 0.866517168288, 1.0162855226, 1.08241770602, 1.08533113301, 3.44884381796, 1.01541261502, 0.797166584896, 223.670131753, 1.05789990822, 3.56561817977, 1.21441140937, 1.13799898629, 1.15409969712, 144.488894718, 23.1496369792
5.53033325215, 1.32822096378, 1.06621555875, 0.971943333971, 2.00484762205, 0.937296000063, 3.147328139, 0.862583144998, 0.90938320918, 5.25797326723, 5.24951656517, 1.19387770134, 4.5499352828, 0.848749037041, 1.00856651174, 1.33799696625, 1.0116684179, 1.09242541841, 9.18932455224, 1.12623700499, 0.901035239357, 299.16528923, 1.02152154256, 3.19912982363, 1.13709697465, 3.27081198858, 1.12432382894, 153.059433799, 23.8208262936
2.96557721387, 1.22878310592, 1.06908791538, 1.14774944309, 3.77302534177, 0.93242243541, 5.20468919471, 1.16256960203, 0.962059970368, 5.98688426406, 3.66103241665, 0.932862421146, 3.82566770691, 1.20020805816, 0.896275104225, 1.14762851371, 1.1626538254, 0.881569460368, 8.12237922328, 1.08206857835, 0.782096461411, 148.879947018, 0.910359321397, 4.82289223764, 1.13622779973, 5.18308555699, 1.29157760117, 235.390284884, 15.7522954624
3.55529778397, 1.39905676368, 1.64496572409, 0.876472539286, 6.66602683268, 0.831884917867, 5.26201099638, 0.988731062728, 0.968693432587, 4.96183065228, 7.41250949025, 1.0759123285, 1.83662793413, 1.04740543526, 0.980257534247, 1.0222789227, 1.00403176053, 0.890974517099, 5.1554818181, 0.940811161642, 0.960291670143, 376.557861212, 0.941134289424, 5.45844498948, 1.22861647374, 4.32775466894, 1.1308176733, 160.095092619, 23.8926795114
1.06193917982, 1.09526707246, 0.884071013653, 1.18388629749, 4.43907352128, 0.810520806387, 1.49876949097, 0.954388704786, 1.07456698779, 5.7980316304, 1.84753229934, 1.16902035188, 2.01463998599, 0.831126775774, 0.98666416527, 1.23281387778, 1.1473822622, 1.06462581574, 6.82554526306, 0.946990258023, 0.811924576237, 136.10091692, 0.860626445322, 4.88732005029, 0.989159428143, 1.58664744825, 1.26168620057, 183.586970572, 18.8759346627
2.77123497716, 1.30355421676, 1.29703855539, 1.06336849747, 2.28552185433, 0.769367953994, 5.88939064797, 1.06663089065, 0.940734451456, 1.95838793691, 7.63577902615, 0.810462309158, 3.48315537275, 1.02704996851, 1.00209484056, 1.42397001332, 1.08085774221, 0.998020591703, 9.57233919358, 1.0771377049, 0.793063636191, 101.157120372, 1.00008091485, 2.46088129446, 1.061742378, 5.12444763607, 1.05316244235, 229.593577442, 16.6432430099
4.89739114276, 1.2990394445, 0.731377576773, 1.01604152316, 6.86571035969, 1.1038586886, 5.98137695588, 1.15154125685, 0.961522802199, 1.26905771033, 6.77632697807, 1.00448933191, 3.70490265135, 1.15731735682, 0.963934137492, 1.141693307, 1.05406180635, 1.22785260727, 8.53366083144, 1.11671716717, 0.772999548753, 205.828358189, 0.898841197291, 5.13261189276, 1.0740118525, 3.16425182038, 0.949136863617, 341.293327525, 15.7306142427
5.98496056201, 1.38356892466, 1.72361443645, 1.04216664141, 3.12395931444, 0.727337754505, 1.35663193046, 1.05667378633, 1.00429597287, 2.06718455189, 6.50084639135, 0.824780615951, 4.43499217328, 1.15597187933, 1.05102975256, 1.36057830107, 1.08413809704, 0.81183690264, 8.09171810444, 1.07315197458, 0.880335903612, 58.0614757178, 0.86305726848, 2.13040245629, 1.17731210726, 5.45482278406, 1.08408075741, 209.497979175, 18.2046300326
3.87466832717, 1.40981217486, 0.963902965998, 0.959486019902, 5.43120759811, 1.09985851402, 3.25221467328, 0.8431926783, 0.942383760982, 2.65344535986, 3.2593782349, 1.13801926396, 4.03016684502, 1.24269479105, 0.972638888209, 1.19136697944, 1.06720320261, 1.06698641128, 4.13571741285, 1.09903521224, 0.873387476882, 406.273918926, 1.18389810105, 3.59989319314, 1.1657555849, 5.05217328376, 1.03691125109, 243.65204872, 16.2350300071
2.16943510883, 1.28058886376, 1.02250158289, 0.999689624082, 4.48094687892, 0.999030829152, 4.35337832689, 0.900956048232, 1.02676163859, 4.51007875168, 1.84470145503, 1.10849934617, 2.19832407508, 0.953866041103, 0.99231849147, 1.05117757993, 1.06454411187, 1.17528683977, 9.70785810012, 0.945297446421, 0.827486938228, 330.65230759, 1.01464660304, 1.21162835235, 1.04211488662, 3.9551645311, 0.997182256978, 346.169721931, 15.7387777155
5.77057116677, 1.12564555953, 0.994724083414, 1.18139445792, 2.13226156475, 0.95889671331, 3.24455334889, 0.968058172347, 0.941876526621, 2.96151579686, 2.79039952017, 0.921582194206, 3.28678963284, 0.950828731058, 0.822831549696, 1.36302247341, 1.11242857277, 1.20705244908, 6.81877770193, 1.17775289756, 0.872169854461, 163.440646179, 1.051574639, 2.37343742399, 1.16601994912, 1.87393803322, 0.93580674507, 187.462799932, 23.5415246573
4.89739114276, 1.40472060411, 0.944658792365, 0.82909801703, 5.36248437388, 0.919169273534, 3.44060195089, 0.893564288511, 1.09594365558, 3.20829619077, 2.19960173387, 0.986632212736, 1.94773715284, 0.8785364839, 0.792533311231, 1.62850586488, 1.16919077085, 1.18719138869, 3.15873363882, 1.00416357787, 0.882644041329, 225.067167483, 1.0986414754, 5.47876748249, 1.11141715811, 2.76779348065, 1.05585973162, 243.817200996, 16.6391687976
2.95571781528, 1.40025508082, 1.66877788687, 0.818753142329, 4.27645409946, 0.825257876671, 3.37317251796, 1.19150653414, 1.05619616041, 2.01639094379, 7.33590294646, 0.936345333458, 4.00595063668, 1.21834195715, 0.883455833945, 1.53019303922, 1.16777619959, 0.834966969481, 6.54849007698, 0.957077547848, 0.960067527548, 365.565489037, 1.15997932551, 4.04520798114, 1.09176362746, 1.13799898629, 0.970965083668, 265.087045892, 16.5216290353
5.40125294597, 1.10993821029, 1.14911257469, 1.19911850597, 5.64893763063, 0.938549526415, 2.70753038221, 1.05911546142, 1.13831420113, 5.15692252032, 2.3415959442, 0.995540384899, 4.19342013926, 1.16725488186, 0.987063047333, 1.37814880059, 1.05749268811, 0.956370961569, 8.16809579633, 1.12970855249, 0.975896931137, 100.810860862, 1.07986591243, 2.0049170139, 0.999104243951, 4.88175975498, 1.02138421208, 199.859477268, 25.9651322884
5.79941806249, 1.29681022523, 0.944658792365, 0.955405368555, 5.36248437388, 0.972787384018, 2.26189262156, 0.893564288511, 1.09594365558, 3.99359714286, 2.19960173387, 0.986632212736, 1.90867725391, 0.864818504016, 0.799263063389, 1.38138958441, 1.16919077085, 0.898135485406, 3.15873363882, 1.00416357787, 0.908067923977, 225.067167483, 1.19709668087, 5.47876748249, 1.20972720421, 2.76779348065, 1.12674296212, 357.243754081, 15.8645179394
4.89739114276, 1.2990394445, 0.731377576773, 1.01312308346, 6.86571035969, 1.1038586886, 3.83430716662, 1.15154125685, 0.961522802199, 1.26905771033, 6.77632697807, 1.00448933191, 3.70490265135, 1.21678318422, 0.880296922033, 1.141693307, 1.05406180635, 1.2118156574, 8.53366083144, 1.11671716717, 0.772999548753, 205.828358189, 0.898841197291, 5.80225271609, 1.0740118525, 3.16425182038, 0.949136863617, 257.766378178, 16.9872037137
3.4918718888, 1.08726589194, 1.20944960716, 0.899296545027, 2.30912639841, 0.79199623748, 3.18923955125, 1.07066606041, 1.05275054178, 5.2321408666, 4.28969284827, 1.04768845775, 1.54738944514, 1.15226544988, 0.866517168288, 1.17897694713, 1.01451413014, 1.08533113301, 3.45107719514, 1.01541261502, 0.919134078517, 223.670131753, 1.05789990822, 3.56561817977, 1.1289321672, 2.35587987674, 1.22333536607, 377.429032199, 16.1413587681
1.21266171684, 1.18161193635, 1.68670944612, 1.18131750494, 6.74407568254, 0.977655452648, 3.26892023851, 1.24326491316, 1.00230842454, 5.75458717906, 1.56822810241, 0.844816786016, 2.75100883306, 0.811481739035, 1.03711604505, 1.47193644585, 1.04575596609, 0.817381168634, 3.76936131284, 0.98837201031, 0.930373305443, 117.355184535, 0.963938149123, 5.56999938082, 1.03906675575, 3.55120269738, 1.0315963568, 412.067211024, 16.1248116306
4.85745479596, 1.24399780941, 1.72586801115, 0.805354540889, 4.81942352973, 1.17563978835, 1.20950613626, 1.19568041066, 0.908503008886, 5.94455884981, 2.87870954076, 0.943980603781, 2.81329010868, 1.21491642333, 1.08862456082, 1.49340086514, 1.07972633905, 1.0629116456, 7.21146564851, 1.05315075198, 0.971878149061, 390.390203104, 1.06174442933, 4.57712176049, 1.20576855191, 3.59586369398, 1.08400000316, 205.596906194, 25.0252142722
5.86880888871, 1.32822096378, 1.06621555875, 0.971943333971, 2.00484762205, 0.937296000063, 3.147328139, 0.862583144998, 0.90938320918, 5.25797326723, 5.24951656517, 1.19387770134, 4.5499352828, 0.848749037041, 1.00856651174, 1.32023075625, 1.0116684179, 1.09242541841, 9.18932455224, 1.12623700499, 0.901035239357, 176.260204584, 1.02152154256, 3.19912982363, 1.02075541856, 3.27081198858, 1.12432382894, 206.00186592, 25.378266141
5.33283376886, 1.04715370107, 1.41290665478, 1.05214547331, 4.83182589777, 0.841319656579, 4.13716996136, 0.945021538414, 1.09495809593, 3.31293811822, 5.67362853592, 0.840069771516, 2.53165121294, 1.12364203182, 0.932129915577, 1.48472679699, 1.08778168925, 1.09683376218, 9.25948677163, 0.981983698378, 0.881218094061, 208.459464165, 0.916042856823, 1.75431117039, 1.08308657774, 1.33654633825, 1.16106724822, 390.520842154, 16.1555469177
3.64483208611, 1.42499988568, 1.10222744418, 1.15561955422, 1.86684091014, 0.777173342564, 5.672042629, 1.22754334282, 0.94769125298, 5.50400076972, 2.53316842724, 0.932860101225, 5.05822000573, 0.92941476523, 1.02167366904, 1.32164650742, 1.01790352993, 0.939995799126, 4.39069969094, 1.18400038536, 0.849410099532, 67.9697149506, 0.842478914322, 4.53828387556, 1.16745252998, 3.478655073, 1.03794009359, 234.862787916, 19.6489620939
1.01400417189, 1.27025715527, 1.43152710109, 1.07785220109, 4.6054686854, 1.03669382431, 3.56839184227, 0.939848175646, 0.952526296213, 6.04370785498, 5.73828539775, 0.836667921993, 2.36809256837, 1.00747584061, 0.935453412196, 1.32023075625, 1.0381474842, 0.831346177484, 9.88989493172, 1.09709835386, 0.785078187467, 158.38760569, 0.86305726848, 1.44488922129, 1.02075541856, 1.7475726104, 1.0542318821, 281.348341591, 16.796408638
1.11743526417, 1.40844848804, 1.44509999437, 0.859861182412, 2.6900064483, 0.852961070006, 1.2893934727, 0.848352446423, 1.09549360217, 1.67028335253, 7.78397085557, 1.04768845775, 3.34585913137, 1.01947686318, 0.933269724276, 1.34592490141, 1.0405767115, 1.1346439005, 5.83013157462, 1.03366072185, 0.834310353128, 257.77449643, 1.10745729622, 5.13261189276, 1.1598057971, 1.53589936008, 1.29204396739, 206.032839644, 27.8915451412
3.48002397412, 1.42083929815, 1.67265862279, 0.884886286606, 2.22236237518, 1.13134872975, 2.21405045878, 1.1400787161, 1.1345695149, 4.89773249057, 7.19602864233, 1.10233658348, 4.76809011537, 1.16037102737, 1.04555285318, 1.50880163163, 1.03541000271, 1.16908986233, 3.76391745375, 1.18114410715, 0.79245672573, 175.859825657, 0.974698468456, 2.18587072419, 1.12146514493, 3.99834606933, 1.16600502004, 429.528391288, 16.2011906358
1.40555320254, 1.03405641737, 1.01480907893, 0.928764341592, 2.82935544535, 0.91620252287, 2.32045365304, 0.996162698056, 1.11311458722, 3.16639335417, 4.58122535312, 1.00167437004, 2.38993986677, 1.04298493616, 0.783446337195, 1.24939119212, 1.01168980018, 1.1590635105, 9.09254337404, 1.00582069336, 0.861668118061, 231.166118884, 1.17830315587, 5.41986543516, 1.10127083012, 5.12661371365, 1.02503798116, 211.638812597, 26.1679619192
5.77641385003, 1.24086686077, 0.885839939855, 1.14946387643, 4.81537399075, 1.18611873754, 3.9061518236, 0.906974398749, 1.12480400487, 4.06507500664, 3.33711296359, 1.1159633458, 2.42027465093, 0.900205785181, 1.01918911499, 1.35008747329, 1.14400098075, 0.840863472833, 9.10043066265, 1.12208587882, 0.77653126396, 101.358825298, 0.855484574898, 5.46840682866, 1.06782528712, 1.84907788029, 1.09995523221, 240.427911355, 19.8173795081
1.85047880019, 1.30355421676, 1.29703855539, 1.06336849747, 3.81907979723, 0.769367953994, 5.77780443981, 1.06663089065, 0.927060793005, 1.97726704588, 7.63577902615, 0.810462309158, 3.48315537275, 1.02704996851, 1.00209484056, 1.42397001332, 1.07184396075, 0.94726008188, 9.57233919358, 1.07022897463, 0.793063636191, 101.157120372, 0.997277197259, 5.73290976443, 1.061742378, 4.24179106668, 1.05316244235, 237.290340454, 20.245218343
5.00009607582, 1.33657156484, 1.66997761892, 1.10435586566, 6.68337423322, 0.735657205472, 4.95967376842, 1.15650931993, 0.968524184803, 1.65699804735, 4.07129484978, 1.08247543901, 2.08526596369, 1.09083983374, 1.05511862999, 1.42359279711, 1.01609776902, 0.812082375561, 4.9123067926, 0.997421695878, 0.765496849164, 221.567205969, 1.12816969668, 3.47639095316, 1.18073654506, 1.60385587368, 1.20429501547, 282.788200443, 17.0986954674
3.57055244083, 1.3765417323, 1.67058737462, 0.959284458341, 5.48844280555, 0.780032351011, 3.83430716662, 0.941630116665, 0.958002957085, 1.3113965604, 3.8615933663, 1.03263982806, 2.9020424498, 1.0814021154, 0.863679845502, 1.07236489436, 1.04144914071, 1.1791677964, 4.22084921686, 0.973303547915, 0.926415018627, 203.497237082, 0.903051266417, 5.81753350876, 0.987388340795, 4.03099239354, 1.06285908196, 241.129665255, 20.2184098408
5.79941806249, 1.29681022523, 0.944658792365, 0.82909801703, 5.36248437388, 0.919169273534, 2.26189262156, 0.893564288511, 1.09594365558, 3.44022292958, 2.19960173387, 0.986632212736, 1.90867725391, 0.864818504016, 0.799263063389, 1.38138958441, 1.16919077085, 0.898135485406, 3.15873363882, 1.00416357787, 0.908067923977, 225.067167483, 1.19709668087, 5.47876748249, 1.20972720421, 2.76779348065, 1.12674296212, 378.892018283, 16.604266002
2.77123497716, 1.30355421676, 1.29703855539, 1.06336849747, 2.28552185433, 0.769367953994, 5.77780443981, 1.06663089065, 0.940734451456, 2.09063212202, 7.63577902615, 0.810462309158, 3.48315537275, 1.02704996851, 1.00209484056, 1.42397001332, 1.08085774221, 0.94726008188, 9.57233919358, 1.0771377049, 0.793063636191, 101.157120372, 1.00008091485, 2.36675123792, 1.061742378, 4.24179106668, 1.05316244235, 478.086699128, 16.3974127513
1.9771623072, 1.01243058404, 0.883478793749, 1.20613133753, 3.43701082633, 1.04032032166, 3.89508106883, 1.06631892889, 1.12686162876, 1.27680883026, 7.64771073815, 0.962350527066, 1.32448580304, 0.990066873961, 1.07702209842, 1.22861968968, 1.12170871581, 0.889521716123, 3.76855163478, 1.07932046931, 0.883549811688, 42.8171187734, 1.08747367846, 3.73412537262, 1.23104252259, 4.47079945537, 1.26189656868, 246.384679505, 18.7849960178
2.66865580732, 1.39905676368, 1.64496572409, 0.875265511493, 6.76808153017, 0.780032351011, 5.26201099638, 0.988731062728, 0.968693432587, 4.96183065228, 7.41250949025, 1.0759123285, 1.83662793413, 1.10608487348, 0.980257534247, 1.0222789227, 1.00403176053, 0.890974517099, 5.1554818181, 0.940811161642, 0.960291670143, 376.557861212, 0.941134289424, 4.41548535361, 1.03926688623, 4.32775466894, 1.1308176733, 217.084231421, 27.2215755873
3.82973205053, 1.24399780941, 1.68613816123, 0.90988336788, 4.95532805012, 1.18976233779, 2.72140117635, 1.20546827986, 1.04664340581, 2.28657016898, 5.51433879668, 0.969409391273, 1.49522566497, 0.968124323303, 0.780720095199, 1.56882654175, 1.1486645765, 0.928628536938, 9.99305380358, 1.00351781888, 0.852915604657, 338.046250811, 1.0738270273, 4.91999445271, 1.20604801076, 4.6992849738, 1.09899668443, 346.73944975, 17.6570556637
2.42768493769, 1.2219336369, 0.814959274673, 1.11703727635, 1.66500238053, 0.748937508395, 2.33689512331, 0.895020500494, 1.0619171716, 3.6232392881, 7.31242442111, 0.929497970628, 2.01463998599, 1.24206172715, 0.915975380348, 1.62141762526, 1.09745790677, 0.989013926691, 5.68401775804, 0.933794982817, 0.977872042218, 392.983034889, 0.921662780054, 5.73290976443, 1.08644647773, 1.60363626208, 1.21036277766, 423.275480529, 16.6878390116
1.31663116519, 1.40025508082, 1.57452505416, 0.818753142329, 4.27645409946, 0.825257876671, 3.37317251796, 1.19150653414, 1.05619616041, 2.01639094379, 5.04458240314, 0.936345333458, 2.19022971253, 1.21834195715, 0.948481815646, 1.48340259464, 1.1397008281, 0.852093660975, 7.30778304515, 0.971103037383, 0.960067527548, 130.365863814, 1.15997932551, 4.04520798114, 1.09176362746, 1.13799898629, 0.970965083668, 403.149259998, 16.9087764664
3.64483208611, 1.42499988568, 1.10222744418, 1.15561955422, 1.86684091014, 0.777173342564, 5.672042629, 1.22754334282, 0.94769125298, 5.50400076972, 2.53316842724, 0.932860101225, 5.05822000573, 0.92941476523, 1.02167366904, 1.32164650742, 1.01790352993, 0.939995799126, 4.39069969094, 1.18400038536, 0.849410099532, 67.9697149506, 0.842478914322, 4.53828387556, 1.16745252998, 3.478655073, 1.03794009359, 251.716079662, 20.4674073633
2.42768493769, 1.2219336369, 0.814959274673, 1.11703727635, 1.66500238053, 0.748937508395, 2.33689512331, 0.895020500494, 1.0619171716, 3.6232392881, 7.17347942092, 0.929497970628, 2.01463998599, 1.24206172715, 0.915975380348, 1.62141762526, 1.10719883606, 0.989013926691, 5.68401775804, 0.933794982817, 0.977872042218, 392.983034889, 0.921662780054, 5.73290976443, 1.08644647773, 1.60363626208, 1.21036277766, 247.337535476, 21.3172066958
1.02761138379, 1.09673536012, 1.68835756768, 1.19712971977, 2.2575089438, 1.13581716276, 4.96270246763, 0.864092963982, 1.13998433777, 1.3113965604, 2.23207748557, 1.17414255123, 1.86257058516, 1.11943159877, 0.985028755259, 1.53022772078, 1.07814911773, 0.817341108593, 4.9682687677, 1.17745320017, 0.897066059524, 10.0792073282, 1.01157022565, 4.34879205685, 1.01639470862, 4.09003910389, 1.04227804286, 527.727063129, 16.873962166
1.0885679879, 1.42083929815, 1.61694635377, 1.05887711115, 2.22236237518, 1.13134872975, 3.14707635397, 1.1400787161, 0.926964555414, 5.07872957611, 2.90130843112, 1.10233658348, 4.76809011537, 1.16037102737, 0.785454461804, 1.09602197679, 1.03541000271, 0.851115156014, 3.76391745375, 1.18275390532, 0.79245672573, 401.718373031, 0.974698468456, 2.18587072419, 1.1431226696, 3.56645720815, 1.09077279659, 450.829352114, 16.9849372893
1.06193917982, 1.09526707246, 1.53648642229, 1.18388629749, 4.43907352128, 0.810520806387, 1.49876949097, 0.954388704786, 1.07456698779, 2.52481324822, 1.84753229934, 1.16902035188, 5.06562774468, 0.831126775774, 0.98666416527, 1.23281387778, 1.1473822622, 1.06462581574, 6.82554526306, 0.946990258023, 0.951366448389, 136.10091692, 0.860626445322, 4.88732005029, 0.989159428143, 1.58664744825, 1.26168620057, 357.150085441, 18.1795218052
1.85047880019, 1.30355421676, 1.29703855539, 1.06336849747, 2.28552185433, 0.769367953994, 5.77780443981, 1.06663089065, 0.940734451456, 2.09063212202, 7.63577902615, 0.810462309158, 3.48315537275, 1.02704996851, 1.00209484056, 1.42397001332, 1.08085774221, 0.94726008188, 9.57233919358, 1.0771377049, 0.793063636191, 101.157120372, 1.00008091485, 2.96197510917, 1.061742378, 4.24179106668, 1.05316244235, 270.299646528, 20.6631409513
1.85047880019, 1.30355421676, 1.53648642229, 1.06336849747, 2.28552185433, 0.769367953994, 5.77780443981, 1.06663089065, 0.940734451456, 2.09063212202, 7.63577902615, 0.810462309158, 3.48315537275, 1.02704996851, 1.00209484056, 1.42397001332, 1.14139978963, 0.94726008188, 9.57233919358, 1.0771377049, 0.793063636191, 101.157120372, 0.860626445322, 2.96197510917, 1.061742378, 4.24179106668, 1.26168620057, 522.453231762, 17.4627890713
2.77123497716, 1.29681022523, 1.08755276171, 1.1589315456, 6.13367080794, 0.949802203862, 5.17569479323, 0.887865499471, 1.05916987469, 3.13297523246, 4.03014842008, 0.950629921017, 4.383490895, 1.06796698077, 0.991740470011, 1.34592490141, 1.07184396075, 0.898135485406, 8.1654593739, 1.16011223024, 0.817911270133, 108.077007756, 1.13654604759, 2.55045686515, 1.22203267252, 4.46952335184, 0.899155998094, 278.214991747, 20.9051424802
5.98496056201, 1.38356892466, 1.72361443645, 1.04216664141, 3.12395931444, 0.727337754505, 1.35663193046, 1.05667378633, 1.00429597287, 2.06718455189, 6.50084639135, 0.824780615951, 4.43499217328, 1.15597187933, 1.05102975256, 1.36057830107, 1.08413809704, 0.81183690264, 8.09171810444, 1.07315197458, 0.880335903612, 58.0614757178, 0.86305726848, 2.13040245629, 1.21555570877, 5.45482278406, 1.08408075741, 561.675425378, 17.6481386115
3.24745779503, 1.32579217569, 1.04344807489, 1.05007565036, 3.80442862704, 0.919753401566, 2.95406163202, 0.897752907383, 0.908178232253, 1.27507141201, 3.09180225484, 1.19550452188, 1.44083398795, 0.877416060661, 0.785454461804, 1.58750329838, 1.16901594728, 0.964987819432, 5.85529352455, 1.14239896659, 0.786463912415, 265.430152405, 0.976034837541, 5.53991670806, 1.07748548013, 3.56645720815, 1.04797208719, 386.756347664, 18.8175037159
4.36066345546, 1.03276471667, 1.39212207123, 1.21176856146, 1.91852268571, 0.74833576994, 4.19322534395, 0.859021721215, 1.11598707405, 5.62252633025, 6.47704741898, 1.10436478114, 2.19071448053, 1.06922548801, 0.870645357262, 1.52152974589, 1.13252274998, 0.908756835352, 9.36794837545, 1.03769419136, 0.919697397667, 164.404858355, 1.13492259688, 5.3260616773, 1.17886156801, 3.47641336753, 1.0477864086, 247.982476018, 27.1382908971
5.79941806249, 1.40472060411, 0.944658792365, 0.82909801703, 5.36248437388, 0.919169273534, 3.44060195089, 0.893564288511, 0.969825166723, 3.44022292958, 2.19960173387, 0.986632212736, 1.15004485457, 0.8785364839, 0.799263063389, 1.38138958441, 1.16919077085, 1.18719138869, 3.15873363882, 1.00416357787, 0.882644041329, 225.067167483, 1.0986414754, 5.47876748249, 1.20972720421, 2.76779348065, 1.05585973162, 508.815276505, 17.7984704477
1.65379244687, 1.40025508082, 1.65678517118, 0.818753142329, 5.64893763063, 0.825257876671, 3.37317251796, 1.19150653414, 1.05619616041, 1.38402406565, 5.04458240314, 0.936345333458, 4.00595063668, 1.21834195715, 0.883455833945, 1.53019303922, 1.1397008281, 0.834966969481, 7.30778304515, 0.971103037383, 0.960067527548, 130.365863814, 1.15997932551, 4.78471458507, 1.09176362746, 1.05105218353, 0.970965083668, 385.432330675, 18.9142367074
1.0885679879, 1.42083929815, 1.61694635377, 1.05887711115, 2.22236237518, 1.13134872975, 3.14707635397, 1.1400787161, 0.926964555414, 4.89773249057, 6.07682792908, 1.10233658348, 4.76809011537, 1.16037102737, 1.04555285318, 1.09602197679, 1.03541000271, 0.851115156014, 3.76391745375, 1.18275390532, 0.79245672573, 401.718373031, 0.974698468456, 2.18587072419, 1.1431226696, 3.99834606933, 1.09077279659, 251.229542492, 28.4076706915
4.09540980643, 1.01243058404, 0.883478793749, 1.20613133753, 3.43701082633, 1.04032032166, 3.89508106883, 1.06631892889, 1.05507930038, 1.27680883026, 7.51731619091, 0.962350527066, 4.51439985892, 1.25389695635, 1.07702209842, 1.34112037307, 1.12170871581, 0.889521716123, 3.76855163478, 1.09956768181, 0.883549811688, 17.3915113904, 1.08747367846, 3.73412537262, 1.23104252259, 4.47079945537, 1.26189656868, 328.197634831, 21.44278833
4.3436359093, 1.09793530351, 0.731377576773, 1.01312308346, 3.12395931444, 1.1038586886, 5.98137695588, 1.19769618963, 0.961522802199, 1.26905771033, 6.85594859062, 1.01758011014, 4.82461835809, 1.0219316499, 0.963934137492, 1.08792493323, 1.05406180635, 1.2118156574, 8.09171810444, 0.987527596476, 0.772999548753, 205.828358189, 0.898841197291, 5.80225271609, 1.0740118525, 3.16425182038, 0.949136863617, 324.21033318, 22.7257316284
3.01106788088, 1.41265860853, 1.65223758118, 0.858607300281, 4.32921751413, 0.804807661982, 3.10033113828, 1.10956618612, 1.11027281742, 1.49443980204, 6.77182703683, 1.01667370152, 4.73624922928, 1.23194681528, 0.925885225642, 1.21817877288, 1.10921802935, 1.18557429193, 4.99078369808, 1.10987523995, 0.778903153156, 402.994604298, 0.962327152578, 3.16463866939, 1.06401781484, 2.27239360778, 0.887215611205, 259.670909237, 27.398193095
4.32341036564, 1.39982831367, 1.22041999597, 0.995649719626, 2.03473267062, 0.717593741887, 3.12531276393, 1.00360168616, 1.07596222421, 5.79060450179, 5.37504619578, 0.852059575786, 3.92204680736, 0.893844127594, 0.808315655284, 1.36947731638, 1.01808355516, 1.20263376773, 3.62707750499, 1.14579861267, 0.894948434236, 413.729497977, 0.89465670555, 1.92794910756, 1.02492133845, 1.80725468344, 1.00939785919, 654.083190219, 17.8458810862
2.66865580732, 1.16613468096, 1.39097373313, 0.875265511493, 6.75992131835, 0.871945167188, 2.09704464194, 1.22262672458, 0.954504065201, 3.61216754496, 6.19763828812, 1.13299177289, 1.32448580304, 0.979159136959, 0.993701475638, 1.06221833025, 1.05605704526, 1.13490150318, 8.34051316585, 0.983564854022, 0.787871066158, 149.958488691, 1.10354660788, 3.71519645682, 1.13535190559, 1.99078487988, 1.24169936793, 400.649300822, 19.180580746
1.04552132224, 1.42449751059, 1.0858963791, 1.18015981017, 6.16376670663, 0.91620252287, 2.53230903173, 0.996162698056, 1.11311458722, 2.50312568803, 3.41572731089, 1.03742729456, 1.90036683926, 1.23747279463, 0.856406169106, 1.16610185281, 1.00645399509, 0.978089552789, 3.07848426905, 0.941530767196, 0.956292914154, 61.6483657006, 1.09864371459, 5.73862543774, 1.1185640635, 3.02921648202, 1.18790864517, 619.829921277, 18.2785421607
3.55529778397, 1.39905676368, 1.64496572409, 0.876472539286, 6.66602683268, 0.780032351011, 5.26201099638, 0.988731062728, 0.968693432587, 4.96183065228, 7.41250949025, 1.0759123285, 1.83662793413, 1.04740543526, 0.980257534247, 1.0222789227, 1.00403176053, 0.890974517099, 5.1554818181, 0.940811161642, 0.960291670143, 376.557861212, 0.941134289424, 4.41548535361, 0.987388340795, 4.32775466894, 1.1308176733, 608.240824403, 18.2832238109
5.89089486586, 1.28784386842, 1.38172901861, 1.19299775972, 1.6750361781, 0.8738914606, 1.6925310265, 1.09862979649, 0.975382817925, 3.3217635884, 2.75079216886, 1.09861456962, 3.01883929751, 0.83985235563, 0.912026357849, 1.170021443, 1.14595767678, 0.811430213235, 5.70734820428, 1.11019391577, 0.800207247331, 242.09183525, 1.17047049417, 1.29512004224, 1.13535190559, 4.22386539729, 1.26256903971, 370.7426434, 22.2158446847
2.42768493769, 1.2219336369, 0.814959274673, 1.11703727635, 4.82650678213, 0.748937508395, 2.33689512331, 0.895020500494, 1.0619171716, 3.6232392881, 5.89277094455, 0.929497970628, 2.01463998599, 1.24206172715, 0.915975380348, 1.42397001332, 1.09745790677, 0.989013926691, 5.68401775804, 0.933794982817, 0.977872042218, 392.983034889, 0.885046237457, 5.73290976443, 1.08644647773, 1.60363626208, 1.21036277766, 476.731411689, 19.3949649208
