0.104845607442, 1.1783509383, 6.93166752306, 0.403384040996, 79.4554906507, 3.38504837504, 1.26400219963, 1.59459429613, 33.0393832343, 0.013167396183, 0.0
0.104845607442, 0.824587484112, 7.99888878327, 0.519807470926, 87.1327602574, 1.5859945668, 0.400313086321, 1.80809545221, 6.42507323377, 0.00304507322203, 0.0769230769231
0.120114977161, 1.1978558247, 3.15725054505, 0.545793803926, 91.2957862873, 1.4378801487, 0.702785031376, 4.47863704072, 3.60202765795, 0.00587623795959, 0.142857142857
0.164056668801, 1.19050292759, 4.73917104846, 0.618900638972, 1.26269464109, 1.52158017331, 2.50036050756, 2.84558947445, 33.3349596761, 0.0138884157055, 0.0
0.104845607442, 0.824587484112, 7.99888878327, 0.519807470926, 1.26269464109, 3.38504837504, 0.06447447748, 1.80809545221, 6.42507323377, 0.0120728031311, 0.25
0.104845607442, 1.1783509383, 3.69189754444, 0.403384040996, 79.4554906507, 1.9612217937, 1.26400219963, 1.59459429613, 33.0393832343, 0.0118024526944, 0.371428571429
0.104845607442, 0.824587484112, 2.90998864469, 0.656882235393, 1.7160940821, 1.12789023442, 3.95621136392, 3.05256284481, 19.7962929069, 0.011804893613, 0.290322580645
0.148028062843, 0.883955165468, 7.02786397379, 0.555437720542, 79.4554906507, 4.55960881845, 0.226708802393, 1.29801230282, 33.3349596761, 0.0168280956297, 0.0
0.164056668801, 1.09725995315, 2.25004935748, 0.545793803926, 6.96809807241, 1.15700957603, 2.70744227004, 3.69289448672, 28.9800455745, 0.0138013316953, 0.145038167939
0.180107398439, 1.15041772889, 3.15725054505, 0.503494031843, 38.6234382137, 2.78234689908, 0.702785031376, 2.32137126227, 3.60202765795, 0.0194354134491, 0.0
0.164056668801, 0.945508888369, 6.11145279104, 0.555437720542, 49.271810116, 1.9612217937, 2.50036050756, 2.6524885293, 29.6639502473, 0.0206497427756, 0.0
0.164056668801, 1.09725995315, 2.25004935748, 0.545793803926, 6.96809807241, 1.15700957603, 2.70744227004, 4.69725041197, 28.9800455745, 0.0178447055779, 0.229437229437
0.171808363458, 0.841133503015, 2.26828447699, 0.689132582758, 79.4554906507, 3.03232711651, 1.26400219963, 2.65378833883, 24.2560781503, 0.0224609167346, 0.0
0.13340451209, 1.04503830474, 5.47509863076, 0.486239844071, 35.6389266325, 3.03232711651, 1.7144715672, 2.6307350915, 24.4288221395, 0.0208424773269, 0.027027027027
0.13340451209, 1.04503830474, 4.59543476726, 0.486239844071, 35.6389266325, 2.0585630614, 1.7144715672, 4.21664053367, 4.85846384668, 0.0178874102536, 0.276595744681
0.148028062843, 0.883955165468, 7.02786397379, 0.555437720542, 79.4554906507, 4.55960881845, 1.95574494939, 1.29801230282, 33.3349596761, 0.0246792194458, 0.0
0.104845607442, 0.824587484112, 7.99888878327, 0.519807470926, 51.860428296, 3.38504837504, 0.06447447748, 1.80809545221, 6.59277439534, 0.0213649762482, 0.0952380952381
0.13340451209, 1.04503830474, 5.47509863076, 0.486239844071, 35.6389266325, 2.0585630614, 1.7144715672, 2.6307350915, 4.85846384668, 0.0187567873538, 0.364864864865
0.104845607442, 0.824587484112, 9.76416226276, 0.555437720542, 87.1327602574, 3.38504837504, 0.173587941445, 1.80809545221, 6.42507323377, 0.0208899880323, 0.142857142857
0.237911118898, 0.970882552625, 4.86215022876, 0.489195241066, 91.2957862873, 2.78636470766, 1.88190561119, 2.04228495981, 6.59277439534, 0.0270365663396, 0.0
0.104845607442, 0.824587484112, 7.99888878327, 0.519807470926, 95.7157453418, 3.38504837504, 0.06447447748, 1.80809545221, 6.59277439534, 0.0194231691322, 0.481481481481
0.180107398439, 1.15041772889, 2.25004935748, 0.503494031843, 38.6234382137, 2.78234689908, 2.08130139365, 2.6307350915, 15.1177237262, 0.0273462014997, 0.0
0.180107398439, 1.15041772889, 3.15725054505, 0.503494031843, 38.6234382137, 2.12615553525, 0.702785031376, 3.84738525995, 1.53368129447, 0.0219013533022, 0.15625
0.143790729562, 0.970882552625, 2.08253613935, 0.656882235393, 6.96809807241, 5.98785738062, 1.88190561119, 2.04228495981, 6.59277439534, 0.0280834629825, 0.0
0.221577520989, 0.824587484112, 7.99888878327, 0.519807470926, 87.1327602574, 3.03232711651, 0.06447447748, 1.80809545221, 6.42507323377, 0.0273578527306, 0.047619047619
0.104845607442, 0.824587484112, 7.99888878327, 0.519807470926, 87.1327602574, 7.55723578531, 0.06447447748, 3.84738525995, 6.59277439534, 0.0306683351434, 0.0
0.221577520989, 0.824587484112, 2.08253613935, 0.519807470926, 50.9764509812, 3.03232711651, 0.06447447748, 1.80809545221, 28.7886700551, 0.0338543417053, 0.0
0.279171052964, 1.1978558247, 3.15725054505, 0.545793803926, 91.2957862873, 1.4378801487, 0.702785031376, 4.47863704072, 2.51911787399, 0.0217320769821, 0.6
0.221577520989, 1.1783509383, 6.93166752306, 0.403384040996, 79.4554906507, 3.03232711651, 1.26400219963, 1.59459429613, 20.3080411446, 0.0349007254272, 0.0
0.221577520989, 0.841133503015, 8.81338686585, 0.54258742369, 93.625267552, 3.03232711651, 1.26400219963, 4.80652049579, 4.06627808059, 0.0312059467669, 0.05
0.164056668801, 0.967590768774, 8.28699073327, 0.559836473637, 49.271810116, 1.66199319306, 0.328719067513, 1.26218336521, 24.1574392869, 0.0243698805567, 0.294117647059
0.458082117353, 1.18628574075, 9.95945851094, 0.486855958209, 49.271810116, 1.9612217937, 2.50036050756, 1.26218336521, 35.2712530523, 0.0356519863465, 0.0
0.104845607442, 0.824587484112, 7.99888878327, 0.519807470926, 1.26269464109, 3.38504837504, 0.06447447748, 1.80809545221, 6.42507323377, 0.0234961741193, 0.461538461538
0.104845607442, 0.824587484112, 7.99888878327, 0.519807470926, 87.1327602574, 3.38504837504, 0.06447447748, 1.80809545221, 1.01825711563, 0.0233712414649, 0.55
0.110410056333, 0.970882552625, 2.1196467173, 0.489195241066, 6.96809807241, 5.98785738062, 1.88190561119, 2.04228495981, 6.59277439534, 0.0277072708191, 0.148148148148
0.120114977161, 1.1978558247, 3.15725054505, 0.545793803926, 91.2957862873, 1.4378801487, 0.702785031376, 1.29801230282, 3.60202765795, 0.0237177100775, 0.636363636364
0.221577520989, 1.1783509383, 6.93166752306, 0.403384040996, 79.4554906507, 3.03232711651, 1.26400219963, 1.59459429613, 20.3080411446, 0.0361184164457, 0.0
0.101936845912, 1.07623366055, 7.00227286487, 0.415307491892, 63.9384717464, 20.2850916193, 0.387403908754, 4.32426477081, 13.1337081683, 0.0266894259622, 0.357142857143
0.110410056333, 0.970882552625, 2.1196467173, 0.489195241066, 6.96809807241, 3.38504837504, 1.88190561119, 2.04228495981, 6.59277439534, 0.0265361400218, 0.368421052632
0.458082117353, 1.19163861708, 3.69189754444, 0.555437720542, 42.5128469803, 1.9612217937, 2.50036050756, 1.26218336521, 33.3349596761, 0.0377502645886, 0.0
0.422256487598, 0.967590768774, 5.14531610056, 0.618900638972, 1.26269464109, 1.66199319306, 0.00224345839785, 1.43031118181, 24.1574392869, 0.0397449979711, 0.0
0.120114977161, 1.1978558247, 3.15725054505, 0.545793803926, 91.2957862873, 3.03232711651, 0.702785031376, 1.29801230282, 3.60202765795, 0.0297329770443, 0.238095238095
0.458082117353, 1.18628574075, 3.69189754444, 0.555437720542, 49.271810116, 1.9612217937, 1.89398654796, 1.26218336521, 33.3349596761, 0.0401443366631, 0.0
0.105654727751, 1.13959552205, 7.43184930562, 0.58063035152, 35.6389266325, 7.55723578531, 3.20523988584, 0.446237371083, 2.34759755214, 0.0377426689886, 0.0545454545455
0.458082117353, 1.07899155267, 3.69189754444, 0.652976862924, 4.26325560357, 1.9612217937, 3.77778294195, 1.86696325865, 33.3349596761, 0.0409888684276, 0.0
0.221577520989, 0.841133503015, 8.81338686585, 0.54258742369, 93.625267552, 3.03232711651, 1.26400219963, 4.80652049579, 4.06627808059, 0.04068825342, 0.0384615384615
0.221577520989, 0.824587484112, 2.08253613935, 0.519807470926, 50.9764509812, 3.03232711651, 0.06447447748, 1.80809545221, 6.42507323377, 0.0438741361802, 0.0
0.13340451209, 1.04503830474, 4.59543476726, 0.486239844071, 35.6389266325, 2.0585630614, 1.7144715672, 4.21664053367, 4.85846384668, 0.0280344944794, 0.42
0.104845607442, 0.824587484112, 7.99888878327, 0.519807470926, 87.1327602574, 3.38504837504, 0.06447447748, 1.80809545221, 6.42507323377, 0.0275083318004, 0.65
0.102878008881, 0.921850159179, 8.84335161083, 0.669827846527, 57.6706624403, 34.1581766933, 0.589967337865, 1.8182306704, 28.7886700551, 0.0441288425723, 0.0
0.221577520989, 1.1783509383, 6.93166752306, 0.403384040996, 79.4554906507, 1.23022705906, 0.328719067513, 1.59459429613, 20.3080411446, 0.0354639221108, 0.230769230769
0.880675055278, 1.19050292759, 5.14531610056, 0.618900638972, 1.26269464109, 1.66199319306, 0.536352122851, 2.84558947445, 24.1574392869, 0.0451093821227, 0.0
0.104845607442, 1.1783509383, 6.93166752306, 0.403384040996, 79.4554906507, 3.38504837504, 1.26400219963, 1.59459429613, 33.0393832343, 0.02901012284, 0.428571428571
0.104845607442, 0.824587484112, 7.99888878327, 0.403384040996, 87.1327602574, 3.03232711651, 0.06447447748, 1.80809545221, 6.59277439534, 0.0301502092459, 0.4
0.221577520989, 1.1783509383, 6.93166752306, 0.403384040996, 79.4554906507, 1.4378801487, 1.26400219963, 1.59459429613, 20.3080411446, 0.0281014105977, 0.46875
0.221577520989, 1.1783509383, 6.93166752306, 0.403384040996, 79.4554906507, 3.03232711651, 1.26400219963, 1.59459429613, 20.3080411446, 0.040086621284, 0.109090909091
0.805263376144, 1.17083915211, 2.90998864469, 0.656882235393, 1.93610261436, 1.12789023442, 2.62665428335, 3.05256284481, 19.7962929069, 0.0454357866995, 0.0
0.104845607442, 0.824587484112, 3.69189754444, 0.486855958209, 87.1327602574, 3.38504837504, 0.06447447748, 1.80809545221, 28.9800455745, 0.0480286639973, 0.0
0.104845607442, 0.824587484112, 9.76416226276, 0.555437720542, 87.1327602574, 3.38504837504, 0.173587941445, 1.80809545221, 1.25896705398, 0.0301584866572, 0.571428571429
0.445197899224, 0.967590768774, 2.17018056256, 0.652976862924, 1.26269464109, 1.66199319306, 0.328719067513, 1.43031118181, 24.1574392869, 0.0397744577613, 0.142857142857
0.445197899224, 0.967590768774, 5.14531610056, 0.618900638972, 1.26269464109, 1.66199319306, 0.328719067513, 1.43031118181, 24.1574392869, 0.0501348347845, 0.0
0.110410056333, 0.970882552625, 2.1196467173, 0.489195241066, 69.7666632955, 3.38504837504, 1.88190561119, 2.04228495981, 6.59277439534, 0.0365977139406, 0.24358974359
0.164056668801, 1.19050292759, 4.73917104846, 0.618900638972, 1.26269464109, 1.52158017331, 2.50036050756, 2.84558947445, 33.0799374019, 0.0336684325919, 0.463087248322
0.180107398439, 0.95526916358, 3.15725054505, 0.503494031843, 20.7831490879, 7.55723578531, 0.702785031376, 4.23028154122, 3.60202765795, 0.0526057782929, 0.0
0.104845607442, 0.824587484112, 7.99888878327, 0.519807470926, 87.1327602574, 3.38504837504, 0.06447447748, 1.80809545221, 6.59277439534, 0.0315120840778, 0.642857142857
0.180107398439, 0.95526916358, 3.15725054505, 0.503494031843, 20.7831490879, 7.55723578531, 0.702785031376, 4.23028154122, 3.60202765795, 0.0540156834427, 0.0
0.164056668801, 1.1940268467, 5.14531610056, 0.545793803926, 6.96809807241, 5.98785738062, 3.3679905248, 4.55971697168, 15.1177237262, 0.0527368573742, 0.00771208226221
0.180107398439, 0.95526916358, 3.15725054505, 0.503494031843, 15.7645254934, 3.38504837504, 0.702785031376, 1.80809545221, 21.3408670077, 0.0376082113106, 0.285714285714
0.164056668801, 1.09725995315, 2.25004935748, 0.545793803926, 6.96809807241, 5.98785738062, 3.3679905248, 3.69289448672, 15.1177237262, 0.0544048050281, 0.0028328611898
0.180107398439, 0.824587484112, 3.15725054505, 0.415307491892, 87.1327602574, 7.55723578531, 0.224191950483, 0.446237371083, 21.3408670077, 0.0544825576957, 0.0
0.180107398439, 0.824587484112, 3.15725054505, 0.503494031843, 87.1327602574, 7.55723578531, 0.06447447748, 1.80809545221, 21.3408670077, 0.0582507170992, 0.0
0.221577520989, 1.1783509383, 6.93166752306, 0.403384040996, 79.4554906507, 3.03232711651, 1.26400219963, 1.59459429613, 20.3080411446, 0.0402647484465, 0.225352112676
0.353720556925, 0.851781915158, 8.36922708777, 0.570505924638, 40.1398668468, 3.33106318903, 1.5517618239, 1.26218336521, 18.3726219363, 0.0589386791563, 0.0
0.237911118898, 0.970882552625, 2.1196467173, 0.489195241066, 91.2957862873, 2.78636470766, 1.88190561119, 2.04228495981, 6.59277439534, 0.0456243534951, 0.105263157895
0.393431878467, 1.04503830474, 4.59543476726, 0.486239844071, 35.6389266325, 2.0585630614, 2.94005678774, 4.21664053367, 2.42115319886, 0.0499927160655, 0.0916666666667
0.445197899224, 0.967590768774, 8.28699073327, 0.559836473637, 49.271810116, 1.66199319306, 0.328719067513, 1.26218336521, 24.1574392869, 0.0595657583922, 0.0
0.164056668801, 0.945508888369, 6.11145279104, 0.555437720542, 49.271810116, 1.9612217937, 2.50036050756, 2.6524885293, 29.6639502473, 0.0363378860274, 0.416342412451
0.104845607442, 0.824587484112, 7.99888878327, 0.519807470926, 87.1327602574, 3.38504837504, 0.06447447748, 1.80809545221, 6.42507323377, 0.0358646007878, 0.526315789474
0.110410056333, 0.970882552625, 7.71365027024, 0.489195241066, 6.96809807241, 7.55723578531, 0.702785031376, 2.04228495981, 6.59277439534, 0.0613788372116, 0.0
0.458082117353, 1.18628574075, 9.95945851094, 0.415307491892, 25.3764193359, 1.9612217937, 2.50036050756, 1.26218336521, 35.2712530523, 0.0478002945526, 0.114285714286
0.264625454548, 1.13959552205, 2.03673743176, 0.415307491892, 84.4312783751, 2.78234689908, 3.99191989158, 0.446237371083, 24.2560781503, 0.0505500639311, 0.0919765166341
0.180107398439, 0.95526916358, 2.1196467173, 0.489195241066, 20.7831490879, 7.55723578531, 0.702785031376, 2.04228495981, 3.60202765795, 0.0630018548842, 0.0
0.880675055278, 1.1940268467, 5.14531610056, 0.61262337681, 1.26269464109, 1.66199319306, 0.536352122851, 4.52820445501, 24.1574392869, 0.0631632174335, 0.0
0.394787974119, 0.976298555669, 9.16339840337, 0.573828989305, 60.1205552332, 22.6334113186, 0.402635099222, 4.80652049579, 25.8008151283, 0.0655731394323, 0.0
0.293400785756, 0.856180127239, 3.69189754444, 0.619935878051, 56.7020180479, 4.88527905956, 3.24905145767, 2.86502265038, 20.4879287152, 0.0644352207726, 0.00310559006211
0.571891013276, 0.880468557699, 2.02429526675, 0.447119373495, 81.9247136953, 3.12721920373, 0.526158812722, 4.41606528961, 7.25992781601, 0.0683492745607, 0.0
0.104845607442, 1.1816757092, 7.99888878327, 0.403384040996, 87.1327602574, 4.20363325638, 0.06447447748, 1.32325536604, 42.5360845528, 0.0382429974245, 0.4375
0.102878008881, 0.921850159179, 8.84335161083, 0.669827846527, 57.6706624403, 34.1581766933, 0.589967337865, 1.42317041279, 6.42507323377, 0.0698187659809, 0.0
0.101936845912, 1.17223028053, 3.69189754444, 0.446686233915, 49.271810116, 18.9306042722, 2.88713037162, 1.86696325865, 28.9800455745, 0.0824858388701, 0.0
0.644194815291, 1.08065368066, 4.04052808144, 0.480664566016, 46.852025287, 5.32961271989, 0.0444302485724, 4.47708674854, 37.3386753071, 0.082736740029, 0.0
0.119076001282, 0.970882552625, 2.08253613935, 0.656882235393, 6.96809807241, 5.98785738062, 1.88190561119, 2.04228495981, 6.59277439534, 0.04611041216, 0.156862745098
0.110410056333, 0.970882552625, 7.71365027024, 0.489195241066, 6.96809807241, 3.38504837504, 1.88190561119, 2.04228495981, 6.59277439534, 0.0398011895729, 0.425925925926
0.180107398439, 0.95526916358, 3.15725054505, 0.503494031843, 20.7831490879, 7.55723578531, 0.702785031376, 3.84738525995, 21.3408670077, 0.0872069663757, 0.0
0.385839979683, 1.13959552205, 9.62169044524, 0.58063035152, 55.9647089435, 2.58154318477, 0.526158812722, 0.446237371083, 2.34759755214, 0.0402292892149, 0.375
0.292862514807, 0.970882552625, 2.1196467173, 0.489195241066, 6.96809807241, 5.98785738062, 1.88190561119, 2.04228495981, 6.59277439534, 0.0578534222679, 0.0967741935484
0.104845607442, 0.824587484112, 7.99888878327, 0.519807470926, 87.1327602574, 3.38504837504, 0.06447447748, 1.80809545221, 6.59277439534, 0.089674821577, 0.0
0.164056668801, 1.09725995315, 2.25004935748, 0.545793803926, 6.96809807241, 5.98785738062, 2.70744227004, 3.69289448672, 15.1177237262, 0.0555205069297, 0.105633802817
0.104845607442, 1.1885927329, 2.81756702466, 0.618900638972, 34.5091851698, 24.0808427088, 0.536352122851, 1.80809545221, 26.7540519315, 0.0927603015298, 0.0
0.101936845912, 1.17223028053, 7.00227286487, 0.613459581062, 63.9384717464, 25.1701096455, 0.917332588719, 4.32426477081, 14.8639093343, 0.0931190345865, 0.0
0.143004836801, 1.0643131362, 8.97584552165, 0.403384040996, 34.7197506292, 4.20363325638, 2.46640653534, 1.22516261306, 42.5360845528, 0.0400254770128, 0.582608695652
