1.0, -1.0, -1.0, -1.0, 0.0, 0.0, -1.0, 3.0, 1.0, -1.0, -1.0, -1.0, 0.0, 1.0, 1.0, 3.0, 2.0, -1.0, 0.0, -1.0, 0.0, 2.0, 0.0, 1.0, 1.0, 3.0, 2.0, -1.0, 2.0, 2.0, 0.0, -1.0, 2.0, -1.0, -1.0, 0.0, 1.0, 2.0, 1.0, 2.0, 0.0, -1.0, -1.0, -1.0, 3.0, 2.0, 0.0, 1.0, 1.0, 0.0, 96457.0, 476.0
1.0, -1.0, -1.0, -1.0, 0.0, 0.0, -1.0, 3.0, 1.0, -1.0, -1.0, -1.0, 0.0, 1.0, 1.0, 3.0, 2.0, -1.0, 0.0, -1.0, 0.0, 2.0, 0.0, 1.0, 1.0, 3.0, 2.0, -1.0, 2.0, 2.0, 0.0, -1.0, 2.0, -1.0, -1.0, 0.0, 1.0, 2.0, 1.0, 2.0, 0.0, -1.0, -1.0, -1.0, 3.0, 2.0, 0.0, 1.0, 1.0, 0.0, 96457.0, 476.0
1.0, -1.0, -1.0, -1.0, 0.0, 0.0, -1.0, 3.0, 1.0, -1.0, -1.0, -1.0, 0.0, 1.0, 1.0, 3.0, 2.0, -1.0, 0.0, -1.0, 0.0, 2.0, 0.0, 1.0, 1.0, 3.0, 2.0, -1.0, 2.0, 2.0, 0.0, -1.0, 2.0, -1.0, -1.0, 0.0, 1.0, 2.0, 1.0, 2.0, 0.0, -1.0, -1.0, -1.0, 3.0, 2.0, 0.0, 1.0, 1.0, 0.0, 96457.0, 476.0
1.0, -1.0, -1.0, -1.0, 0.0, 0.0, -1.0, 3.0, 1.0, -1.0, -1.0, -1.0, 0.0, 1.0, 1.0, 3.0, 2.0, -1.0, 0.0, -1.0, 0.0, 2.0, 0.0, 1.0, 1.0, 3.0, 2.0, -1.0, 2.0, 2.0, 0.0, -1.0, 2.0, -1.0, -1.0, 0.0, 1.0, 2.0, 1.0, 2.0, 0.0, -1.0, -1.0, -1.0, 3.0, 2.0, 0.0, 1.0, 1.0, 0.0, 96457.0, 476.0
1.0, 2.0, 0.0, -1.0, 0.0, -1.0, 1.0, 2.0, 0.0, -1.0, -1.0, -1.0, -1.0, 0.0, 1.0, 3.0, 2.0, 2.0, 0.0, 0.0, 1.0, 0.0, 2.0, 1.0, 3.0, -1.0, 2.0, 3.0, 2.0, -1.0, 0.0, 1.0, 2.0, -1.0, 2.0, 0.0, 1.0, 2.0, 1.0, -1.0, -1.0, 2.0, -1.0, -1.0, -1.0, 0.0, 2.0, 0.0, 0.0, 2.0, 96254.0, 494.0
1.0, 2.0, 0.0, -1.0, 0.0, -1.0, 1.0, 2.0, 0.0, -1.0, -1.0, -1.0, -1.0, 0.0, 1.0, 3.0, 2.0, 2.0, 0.0, 0.0, 1.0, 0.0, 2.0, 1.0, 3.0, -1.0, 2.0, 3.0, 2.0, -1.0, 0.0, 1.0, 2.0, -1.0, 2.0, 0.0, 1.0, 2.0, 1.0, -1.0, -1.0, 2.0, -1.0, -1.0, -1.0, 0.0, 2.0, 0.0, 0.0, 2.0, 96254.0, 494.0
1.0, 2.0, 0.0, -1.0, 0.0, -1.0, 1.0, 2.0, 0.0, -1.0, -1.0, -1.0, -1.0, 0.0, 1.0, 3.0, 2.0, 2.0, 0.0, 0.0, 1.0, 0.0, 2.0, 1.0, 3.0, -1.0, 2.0, 3.0, 2.0, -1.0, 0.0, 1.0, 2.0, -1.0, 2.0, 0.0, 1.0, 2.0, 1.0, -1.0, -1.0, 2.0, -1.0, -1.0, -1.0, 0.0, 2.0, 0.0, 0.0, 2.0, 96254.0, 494.0
1.0, 2.0, 0.0, -1.0, 0.0, -1.0, 1.0, 2.0, 0.0, -1.0, -1.0, -1.0, -1.0, 0.0, 1.0, 3.0, 2.0, 2.0, 0.0, 0.0, 1.0, 0.0, 2.0, 1.0, 3.0, -1.0, 2.0, 3.0, 2.0, -1.0, 0.0, 1.0, 2.0, -1.0, 2.0, 0.0, 1.0, 2.0, 1.0, -1.0, -1.0, 2.0, -1.0, -1.0, -1.0, 0.0, 2.0, 0.0, 0.0, 2.0, 96254.0, 494.0
1.0, 2.0, 0.0, -1.0, 0.0, -1.0, 1.0, 2.0, 0.0, -1.0, -1.0, 2.0, 0.0, 0.0, 1.0, 3.0, 2.0, 2.0, 0.0, 1.0, 1.0, 0.0, 2.0, 1.0, 0.0, -1.0, 2.0, 3.0, 2.0, -1.0, 0.0, 1.0, 2.0, -1.0, 2.0, 0.0, 1.0, 3.0, 1.0, 0.0, -1.0, 2.0, 2.0, -1.0, -1.0, 0.0, 2.0, 0.0, 0.0, 2.0, 95865.0, 552.0
0.0, 3.0, -1.0, -1.0, -1.0, 2.0, 2.0, 2.0, 1.0, -1.0, 2.0, -1.0, 1.0, 0.0, 1.0, 2.0, 0.0, -1.0, 1.0, -1.0, -1.0, 2.0, 0.0, 0.0, -1.0, -1.0, 2.0, 0.0, 1.0, -1.0, 0.0, 3.0, 2.0, 1.0, 0.0, 0.0, 1.0, 1.0, 2.0, 0.0, 0.0, 0.0, 3.0, 2.0, -1.0, 1.0, 0.0, 0.0, -1.0, 3.0, 96200.0, 513.0
0.0, 3.0, -1.0, -1.0, -1.0, 2.0, 2.0, 2.0, 1.0, -1.0, 2.0, -1.0, 1.0, 0.0, 1.0, 2.0, 0.0, -1.0, 1.0, -1.0, -1.0, 2.0, 0.0, 0.0, -1.0, -1.0, 2.0, 0.0, 1.0, -1.0, 0.0, 3.0, 2.0, 1.0, 0.0, 0.0, 1.0, 1.0, 2.0, 0.0, 0.0, 0.0, 3.0, 2.0, -1.0, 1.0, 0.0, 0.0, -1.0, 3.0, 96200.0, 513.0
0.0, 3.0, -1.0, -1.0, -1.0, 2.0, 2.0, 2.0, 1.0, -1.0, 2.0, -1.0, 1.0, 0.0, 1.0, 2.0, 0.0, -1.0, 1.0, -1.0, -1.0, 2.0, 0.0, 0.0, -1.0, -1.0, 2.0, 0.0, 1.0, -1.0, 0.0, 3.0, 2.0, 1.0, 0.0, 0.0, 1.0, 1.0, 2.0, 0.0, 0.0, 0.0, 3.0, 2.0, -1.0, 1.0, 0.0, 0.0, -1.0, 3.0, 96200.0, 513.0
0.0, 3.0, -1.0, -1.0, -1.0, 2.0, 2.0, 2.0, 1.0, -1.0, 2.0, -1.0, 1.0, 0.0, 1.0, 2.0, 0.0, -1.0, 1.0, -1.0, -1.0, 2.0, 0.0, 0.0, -1.0, -1.0, 2.0, 0.0, 1.0, -1.0, 0.0, 3.0, 2.0, 1.0, 0.0, 0.0, 1.0, 1.0, 2.0, 0.0, 0.0, 0.0, 3.0, 2.0, -1.0, 1.0, 0.0, 0.0, -1.0, 3.0, 96200.0, 513.0
0.0, 3.0, -1.0, -1.0, -1.0, 2.0, 2.0, 2.0, 1.0, -1.0, 2.0, -1.0, 1.0, 0.0, 1.0, 2.0, 0.0, -1.0, 1.0, -1.0, -1.0, 2.0, 0.0, 0.0, -1.0, -1.0, 2.0, 0.0, 1.0, -1.0, 0.0, 3.0, 2.0, 1.0, 0.0, 0.0, 1.0, 1.0, 2.0, 0.0, 0.0, 0.0, 3.0, 2.0, -1.0, 1.0, 0.0, 0.0, -1.0, 3.0, 96200.0, 513.0
0.0, 3.0, -1.0, -1.0, -1.0, 2.0, 2.0, 2.0, 1.0, -1.0, 2.0, -1.0, 1.0, 0.0, 1.0, 2.0, 0.0, -1.0, 1.0, -1.0, -1.0, 2.0, 0.0, 0.0, -1.0, -1.0, 2.0, 0.0, 1.0, -1.0, 0.0, 3.0, 2.0, 1.0, 0.0, 0.0, 1.0, 1.0, 2.0, 0.0, 0.0, 0.0, 3.0, 2.0, -1.0, 1.0, 0.0, 0.0, -1.0, 3.0, 96200.0, 513.0
0.0, 3.0, -1.0, -1.0, -1.0, 2.0, 2.0, 2.0, 1.0, -1.0, 2.0, -1.0, 1.0, 0.0, 1.0, 2.0, 0.0, -1.0, 1.0, -1.0, -1.0, 2.0, 0.0, 0.0, -1.0, -1.0, 2.0, 0.0, 1.0, -1.0, 0.0, 3.0, 2.0, 1.0, 0.0, 0.0, 1.0, 1.0, 2.0, 0.0, 0.0, 0.0, 3.0, 2.0, -1.0, 1.0, 0.0, 0.0, -1.0, 3.0, 96200.0, 513.0
0.0, 3.0, -1.0, -1.0, -1.0, 2.0, 2.0, 2.0, 1.0, -1.0, 2.0, -1.0, 1.0, 0.0, 1.0, 2.0, 0.0, -1.0, 1.0, -1.0, -1.0, 2.0, 0.0, 0.0, -1.0, -1.0, 2.0, 0.0, 1.0, -1.0, 0.0, 3.0, 2.0, 1.0, 0.0, 0.0, 1.0, 1.0, 2.0, 0.0, 0.0, 0.0, 3.0, 2.0, -1.0, 1.0, 0.0, 0.0, -1.0, 3.0, 96200.0, 513.0
0.0, 3.0, -1.0, -1.0, -1.0, 2.0, 2.0, 2.0, 1.0, -1.0, 2.0, -1.0, 1.0, 0.0, 1.0, 2.0, 0.0, -1.0, 1.0, -1.0, -1.0, 2.0, 0.0, 0.0, -1.0, -1.0, 2.0, 0.0, 1.0, -1.0, 0.0, 3.0, 2.0, 1.0, 0.0, 0.0, 1.0, 1.0, 2.0, 0.0, 0.0, 0.0, 3.0, 2.0, -1.0, 1.0, 0.0, 0.0, -1.0, 3.0, 96200.0, 513.0
0.0, 3.0, -1.0, -1.0, -1.0, 2.0, 2.0, 2.0, 1.0, -1.0, 2.0, -1.0, 1.0, 0.0, 1.0, 2.0, 0.0, -1.0, 1.0, -1.0, -1.0, 2.0, 0.0, 0.0, -1.0, -1.0, 2.0, 0.0, 1.0, -1.0, 0.0, 3.0, 2.0, 1.0, 0.0, 0.0, 1.0, 1.0, 2.0, 0.0, 0.0, 0.0, 3.0, 2.0, -1.0, 1.0, 0.0, 0.0, -1.0, 3.0, 96200.0, 513.0
0.0, 3.0, -1.0, -1.0, -1.0, 2.0, 2.0, 2.0, 1.0, -1.0, 2.0, -1.0, 1.0, 0.0, 1.0, 2.0, 0.0, -1.0, 1.0, -1.0, -1.0, 2.0, 0.0, 0.0, -1.0, -1.0, 2.0, 0.0, 1.0, -1.0, 0.0, 3.0, 2.0, 1.0, 0.0, 0.0, 1.0, 1.0, 2.0, 0.0, 0.0, 0.0, 3.0, 2.0, -1.0, 1.0, 0.0, 0.0, -1.0, 3.0, 96200.0, 513.0
0.0, 3.0, -1.0, -1.0, -1.0, 2.0, 2.0, 2.0, 1.0, -1.0, 2.0, -1.0, 1.0, 0.0, 1.0, 2.0, 0.0, -1.0, 1.0, -1.0, -1.0, 2.0, 0.0, 0.0, -1.0, -1.0, 2.0, 0.0, 1.0, -1.0, 0.0, 3.0, 2.0, 1.0, 0.0, 0.0, 1.0, 1.0, 2.0, 0.0, 0.0, 0.0, 3.0, 2.0, -1.0, 1.0, 0.0, 0.0, -1.0, 3.0, 96200.0, 513.0
0.0, 3.0, -1.0, -1.0, -1.0, 2.0, 2.0, 2.0, 1.0, -1.0, -1.0, -1.0, 1.0, 0.0, 1.0, 2.0, 0.0, -1.0, 1.0, -1.0, -1.0, 2.0, 0.0, -1.0, -1.0, -1.0, 2.0, 0.0, 1.0, -1.0, 0.0, 3.0, 2.0, 1.0, 0.0, 0.0, 1.0, 1.0, 2.0, 0.0, 0.0, 0.0, 3.0, 2.0, -1.0, 1.0, 0.0, 0.0, -1.0, 3.0, 96427.0, 485.0
0.0, 3.0, -1.0, -1.0, -1.0, 2.0, 2.0, 2.0, 1.0, -1.0, -1.0, -1.0, 1.0, 0.0, 1.0, 2.0, 0.0, -1.0, 1.0, -1.0, -1.0, 2.0, 0.0, -1.0, -1.0, -1.0, 2.0, 0.0, 1.0, -1.0, 0.0, 3.0, 2.0, 1.0, 0.0, 0.0, 1.0, 1.0, 2.0, 0.0, 0.0, 0.0, 3.0, 2.0, -1.0, 1.0, 0.0, 0.0, -1.0, 3.0, 96427.0, 485.0
0.0, 3.0, -1.0, -1.0, -1.0, 2.0, 2.0, 2.0, 1.0, -1.0, -1.0, -1.0, 1.0, 0.0, 1.0, 2.0, 0.0, -1.0, 1.0, -1.0, -1.0, 2.0, 0.0, -1.0, -1.0, -1.0, 2.0, 0.0, 1.0, -1.0, 0.0, 3.0, 2.0, 1.0, 0.0, 0.0, 1.0, 1.0, 2.0, 0.0, 0.0, 0.0, 3.0, 2.0, -1.0, 1.0, 0.0, 0.0, -1.0, 3.0, 96427.0, 485.0
0.0, 3.0, -1.0, -1.0, -1.0, 2.0, 2.0, 2.0, 1.0, -1.0, -1.0, -1.0, 1.0, 0.0, 1.0, 2.0, 0.0, -1.0, 1.0, -1.0, -1.0, 2.0, 0.0, -1.0, -1.0, -1.0, 2.0, 0.0, 1.0, -1.0, 0.0, 3.0, 2.0, 1.0, 0.0, 0.0, 1.0, 1.0, 2.0, 0.0, 0.0, 0.0, 3.0, 2.0, -1.0, 1.0, 0.0, 0.0, -1.0, 3.0, 96427.0, 485.0
1.0, -1.0, -1.0, -1.0, 0.0, 0.0, -1.0, 3.0, 1.0, -1.0, -1.0, -1.0, 2.0, 1.0, 1.0, 3.0, 2.0, -1.0, 0.0, -1.0, 0.0, 0.0, 0.0, 1.0, 1.0, 3.0, 2.0, -1.0, 2.0, 2.0, 0.0, -1.0, 2.0, -1.0, -1.0, 0.0, 1.0, 2.0, 1.0, 2.0, 0.0, -1.0, -1.0, -1.0, 3.0, 2.0, 0.0, 1.0, 1.0, 3.0, 96547.0, 476.0
1.0, -1.0, -1.0, 0.0, 0.0, 0.0, -1.0, 3.0, 1.0, -1.0, -1.0, -1.0, 1.0, 1.0, 2.0, 3.0, 2.0, -1.0, 0.0, -1.0, 0.0, 2.0, 0.0, 1.0, 1.0, 3.0, 2.0, -1.0, 2.0, 2.0, 0.0, -1.0, 2.0, -1.0, 0.0, 0.0, 1.0, 2.0, 1.0, 2.0, 0.0, -1.0, -1.0, -1.0, 3.0, 2.0, 0.0, 1.0, 1.0, 3.0, 96317.0, 498.0
1.0, 0.0, 0.0, -1.0, 1.0, 0.0, 1.0, 2.0, 0.0, -1.0, -1.0, 2.0, 0.0, 0.0, 1.0, 3.0, 2.0, 2.0, 0.0, -1.0, 1.0, 0.0, 2.0, 1.0, 3.0, -1.0, 2.0, 3.0, 2.0, -1.0, 0.0, 1.0, 2.0, -1.0, 2.0, 1.0, 1.0, 2.0, 1.0, 0.0, -1.0, 2.0, -1.0, 0.0, -1.0, 0.0, 2.0, 2.0, 0.0, -1.0, 95955.0, 545.0
1.0, -1.0, -1.0, -1.0, 0.0, 0.0, -1.0, 3.0, 1.0, -1.0, -1.0, 0.0, 2.0, 1.0, 2.0, 0.0, 2.0, -1.0, 0.0, -1.0, 0.0, 2.0, 0.0, 1.0, 1.0, 3.0, 2.0, -1.0, 2.0, 2.0, 0.0, -1.0, 2.0, -1.0, -1.0, 0.0, 1.0, 2.0, 1.0, 2.0, 0.0, -1.0, -1.0, -1.0, 3.0, 2.0, 0.0, 1.0, 0.0, 3.0, 96392.0, 495.0
1.0, -1.0, -1.0, -1.0, 0.0, 0.0, -1.0, 3.0, 1.0, -1.0, -1.0, 0.0, 2.0, 1.0, 2.0, 0.0, 2.0, -1.0, 0.0, -1.0, 0.0, 2.0, 0.0, 1.0, 1.0, -1.0, 2.0, -1.0, 2.0, 2.0, 0.0, -1.0, 2.0, -1.0, -1.0, 0.0, 1.0, 2.0, 1.0, 2.0, 0.0, -1.0, -1.0, -1.0, 3.0, 2.0, 0.0, 1.0, 1.0, 3.0, 96459.0, 480.0
0.0, -1.0, -1.0, -1.0, -1.0, -1.0, 2.0, 2.0, -1.0, -1.0, -1.0, 0.0, 1.0, 3.0, 1.0, 0.0, 0.0, 0.0, 1.0, -1.0, 0.0, 1.0, 2.0, 2.0, 2.0, -1.0, 3.0, 1.0, 0.0, 0.0, -1.0, -1.0, 0.0, 1.0, 2.0, -1.0, -1.0, 0.0, 0.0, 0.0, 1.0, 1.0, 1.0, 2.0, 3.0, 1.0, 2.0, 1.0, 0.0, 1.0, 96276.0, 507.0
