0.114443019212, 0.953787174484, 5.29413398676, 0.780580366548, 89.9805094781, 3.08592433342, 0.965094958572, 3.20384582355, 11.1976252199, 0.00173772328901, 0.0
0.100331661951, 0.953787174484, 6.25735524742, 0.792068276545, 89.9805094781, 2.06058025704, 0.965094958572, 3.20384582355, 19.5928679427, 0.00221863678354, 0.0
0.101952114421, 0.840883081792, 2.13592410827, 0.800759371221, 89.6643039965, 1.38406944034, 0.213106429961, 1.49123887473, 19.970871945, 0.00231608733274, 0.0
0.100331661951, 0.985698758251, 5.29413398676, 0.792068276545, 89.9805094781, 1.18709473864, 1.43917816162, 3.20384582355, 12.3374850608, 0.00286596307328, 0.04
0.101952114421, 0.840883081792, 2.13592410827, 0.722660502841, 90.5706885596, 1.38406944034, 0.213106429961, 1.49123887473, 19.9621323372, 0.00321772963194, 0.0
0.124894348027, 0.946038415521, 6.18490708771, 0.858334309608, 81.6532398005, 2.51620431744, 0.213106429961, 0.573664036593, 15.8389406439, 0.00324642394432, 0.0
0.11385368184, 0.995492874393, 6.24633935614, 0.942830192804, 91.7193312005, 1.43454822821, 0.177204723495, 4.68911896211, 19.5928679427, 0.00397173255392, 0.0
0.100331661951, 0.985698758251, 5.24580880978, 0.775787549874, 86.2122607473, 1.01423790427, 1.34257433233, 3.20384582355, 11.8805400157, 0.00435103687049, 0.0
0.101952114421, 0.840883081792, 5.29413398676, 0.717924003586, 81.7135890962, 1.38406944034, 0.213106429961, 3.78258119965, 19.8921511495, 0.00426455922637, 0.3
0.100398596306, 1.01264079746, 6.17079449416, 0.716138349129, 90.35008859, 1.13213632454, 1.81192577467, 1.43056257199, 14.1938685802, 0.0044535482979, 0.0
0.114417451388, 1.01264079746, 7.88275231316, 0.882106446195, 97.2153971045, 1.13213632454, 1.93867638789, 1.43056257199, 15.5789971992, 0.00457676289523, 0.0
0.101952114421, 0.840883081792, 2.13592410827, 0.722660502841, 90.5706885596, 1.38406944034, 1.43917816162, 1.25746487417, 12.3374850608, 0.00473029071691, 0.0
0.111049231299, 1.23813377143, 4.71850922146, 0.626355876017, 91.0052571767, 2.23351570865, 0.0579224326486, 3.48053291921, 19.7783786633, 0.00473864054008, 0.0
0.114443019212, 1.01264079746, 2.06606205314, 0.892401414128, 86.2122607473, 1.69569960681, 1.98239434004, 0.0569428073164, 19.5425648752, 0.00488348711073, 0.0
0.114443019212, 0.953787174484, 5.29413398676, 0.792068276545, 89.9805094781, 1.69569960681, 0.965094958572, 3.20384582355, 11.1976252199, 0.0048841880512, 0.0
0.122504355295, 1.11796597181, 2.35141380769, 0.922435281493, 88.2046070505, 2.00337215137, 0.357482831006, 1.25993967755, 18.5191997341, 0.00494436879347, 0.0
0.11385368184, 0.840883081792, 2.97543226723, 0.929745333141, 90.5706885596, 1.38406944034, 0.213106429961, 4.9332536156, 19.5928679427, 0.0050011635146, 0.0
0.114443019212, 1.01264079746, 5.24580880978, 0.878622497109, 86.2122607473, 1.54834287798, 1.98239434004, 3.48053291921, 19.7783786633, 0.00534623433691, 0.0
0.100331661951, 0.985698758251, 5.29413398676, 0.775787549874, 89.9805094781, 1.18709473864, 1.43917816162, 3.20384582355, 12.3374850608, 0.00535550248724, 0.0
0.100398596306, 1.12859873803, 6.18490708771, 0.941075715114, 93.805197343, 1.13213632454, 0.577441598319, 1.43056257199, 15.0532420808, 0.00554836105583, 0.0
0.100331661951, 0.995492874393, 6.25735524742, 0.775787549874, 94.3889484712, 1.18709473864, 0.177204723495, 3.20384582355, 12.3374850608, 0.0054168355167, 0.2
0.114443019212, 1.01264079746, 5.24580880978, 0.892401414128, 86.2122607473, 1.49753109009, 1.98239434004, 3.48053291921, 19.5425648752, 0.00583188752388, 0.0
0.127930135666, 1.1294593973, 2.99133897428, 0.625007683335, 90.2653762829, 1.20362934819, 0.213106429961, 2.25280174488, 18.8518415788, 0.00548390492485, 0.222222222222
0.100398596306, 0.893091785302, 7.69560900536, 0.878622497109, 93.4034709646, 1.81826082852, 1.26076235977, 2.0863746747, 11.1015893728, 0.00593058282212, 0.0
0.120227055068, 0.904759723663, 6.2419094762, 0.775787549874, 81.7135890962, 3.09493907196, 0.595128829888, 3.28397033976, 12.8452671521, 0.00616643092715, 0.0
0.100331661951, 0.985698758251, 5.29413398676, 0.775787549874, 89.9805094781, 1.18709473864, 1.43917816162, 3.20384582355, 12.3374850608, 0.00594293507465, 0.163636363636
0.127930135666, 1.23813377143, 2.80370965148, 0.775815667845, 91.455050687, 1.68723808492, 0.0900945405407, 2.91259733887, 17.94418131, 0.00619816325594, 0.0
0.193496161603, 1.09757762227, 5.64489097851, 0.922435281493, 98.9349965103, 1.29329749844, 1.77506470898, 2.13650566401, 13.8060695764, 0.00631585193234, 0.0
0.100331661951, 0.985698758251, 7.41148378234, 0.825824955923, 94.3889484712, 2.32420620781, 0.965094958572, 1.13184071694, 15.2791680948, 0.00595770346475, 0.416666666667
0.127930135666, 0.917048416981, 2.99133897428, 0.625007683335, 82.2292072266, 1.20362934819, 1.22076434923, 2.25280174488, 19.4246687473, 0.00660315334726, 0.0
0.127971477651, 1.11796597181, 2.43353796112, 0.941075715114, 97.6567232213, 1.13213632454, 0.577441598319, 1.43056257199, 15.0532420808, 0.00617791805373, 0.307692307692
0.101952114421, 0.840883081792, 2.13592410827, 0.722660502841, 94.4093992175, 1.38406944034, 0.213106429961, 1.49123887473, 19.9919202079, 0.00663967993541, 0.0
0.114443019212, 1.01264079746, 5.9600812422, 0.892401414128, 86.2122607473, 1.49753109009, 1.34257433233, 3.48053291921, 19.7783786633, 0.00665355777541, 0.0
0.114443019212, 0.859352717889, 5.24580880978, 0.892401414128, 86.2122607473, 1.49753109009, 1.98239434004, 4.25281866896, 15.254762193, 0.00673681859669, 0.0
0.114417451388, 1.229339454, 6.17079449416, 0.716138349129, 90.35008859, 1.13213632454, 1.81192577467, 3.95119742218, 14.1938685802, 0.00672632834587, 0.132075471698
0.114443019212, 1.01264079746, 5.26773338515, 0.892401414128, 89.4394044682, 1.69569960681, 1.98239434004, 0.0569428073164, 19.5425648752, 0.00694332462873, 0.0
0.199696760003, 0.976143997562, 2.48924576721, 0.716138349129, 90.35008859, 1.13213632454, 1.97917574603, 1.43056257199, 12.4402308209, 0.00694340315397, 0.0
0.101952114421, 0.840883081792, 2.13592410827, 0.722660502841, 90.5706885596, 1.38406944034, 0.213106429961, 1.49123887473, 19.9621323372, 0.0067207918789, 0.590909090909
0.169063792832, 1.03587631157, 7.52946850166, 0.750571216483, 93.2308943183, 1.20362934819, 1.4424040469, 4.1999775042, 19.4246687473, 0.00695833983399, 0.0
0.127930135666, 0.917048416981, 2.99133897428, 0.625007683335, 87.650098829, 1.38406944034, 1.22076434923, 2.25280174488, 15.4096351571, 0.00699863895453, 0.0
0.127930135666, 1.18255224409, 2.92573542557, 0.625007683335, 89.0037182689, 1.54475475177, 1.22076434923, 2.25280174488, 18.166281151, 0.00700763139512, 0.0
0.197079756355, 0.89925242159, 2.80370965148, 0.775815667845, 91.455050687, 1.68723808492, 0.0900945405407, 2.91259733887, 17.94418131, 0.00704288367353, 0.0
0.127930135666, 0.994667645732, 6.28866482147, 0.922435281493, 86.9472134309, 2.67093093189, 1.03040851709, 3.78258119965, 18.5191997341, 0.00745335113702, 0.0
0.127930135666, 1.23813377143, 2.99133897428, 0.625007683335, 82.2292072266, 1.54475475177, 1.22076434923, 2.25280174488, 16.350400203, 0.00746699950144, 0.0
0.136848360084, 0.994667645732, 6.2538315564, 0.922435281493, 97.830569743, 1.46248679595, 1.03040851709, 3.78258119965, 18.5191997341, 0.00760115069783, 0.0
0.101952114421, 0.840883081792, 2.13592410827, 0.722660502841, 90.5706885596, 1.38406944034, 0.213106429961, 1.49123887473, 19.9621323372, 0.0075947851795, 0.0833333333333
0.114443019212, 1.01264079746, 5.24580880978, 0.892401414128, 80.4765458576, 1.49753109009, 1.98239434004, 3.48053291921, 19.5425648752, 0.00761059349792, 0.0
0.141635449612, 1.02064365187, 2.58444366744, 0.924890256737, 84.1936729973, 1.68723808492, 1.66767557139, 4.6476125582, 11.0770680427, 0.00761848562858, 0.0
0.100398596306, 0.893091785302, 4.55462141058, 0.948251328047, 96.0024204083, 3.46159813328, 1.7515854819, 2.0863746747, 11.1015893728, 0.00773706822631, 0.0
0.101952114421, 0.840883081792, 2.13592410827, 0.722660502841, 90.5706885596, 1.38406944034, 0.213106429961, 1.49123887473, 19.970871945, 0.00759427843727, 0.363636363636
0.127971477651, 1.11796597181, 2.43353796112, 0.941075715114, 93.805197343, 1.13213632454, 0.577441598319, 1.43056257199, 15.0532420808, 0.00801735543041, 0.0
0.114443019212, 1.01264079746, 5.24580880978, 0.64000833668, 86.2122607473, 1.49753109009, 1.98239434004, 3.48053291921, 19.7783786633, 0.00808736950116, 0.0
0.114417451388, 1.229339454, 2.92573542557, 0.716138349129, 90.35008859, 1.13213632454, 1.81192577467, 3.95119742218, 14.1938685802, 0.0079432006913, 0.111111111111
0.121004882219, 0.995401982281, 3.84071586251, 0.64000833668, 94.3889484712, 1.49753109009, 1.26076235977, 4.43279534614, 17.6725232137, 0.00818819060947, 0.0
0.100331661951, 0.953787174484, 5.29413398676, 0.792068276545, 89.9805094781, 2.06058025704, 0.965094958572, 3.20384582355, 11.1976252199, 0.00786064482211, 0.2
0.136815433416, 0.981550043963, 6.18490708771, 0.858334309608, 90.2653762829, 2.51620431744, 1.12052903884, 0.573664036593, 10.0340871102, 0.00832119796295, 0.0
0.100331661951, 0.985698758251, 5.29413398676, 0.775787549874, 94.3889484712, 1.18709473864, 1.43917816162, 3.20384582355, 12.3374850608, 0.00825585457071, 0.0597014925373
0.11385368184, 0.995492874393, 6.25735524742, 0.929745333141, 91.7193312005, 2.01356824057, 0.177204723495, 4.9332536156, 19.5928679427, 0.00840493061425, 0.0
0.120227055068, 1.12090125146, 2.92573542557, 0.921950240177, 98.6390840436, 2.50631747279, 0.283601660723, 2.48305218072, 19.5184894654, 0.00805194106399, 0.2
0.122504355295, 1.11796597181, 2.35141380769, 0.624461179801, 88.9620063964, 2.00337215137, 1.99336234124, 2.25280174488, 10.3203218621, 0.00858371676884, 0.0
0.101952114421, 0.840883081792, 2.13592410827, 0.722660502841, 90.5706885596, 1.38406944034, 0.213106429961, 3.78258119965, 19.8921511495, 0.008329304185, 0.0666666666667
0.100221333552, 0.985698758251, 5.29413398676, 0.775787549874, 81.7135890962, 1.18709473864, 1.43917816162, 3.20384582355, 12.3374850608, 0.00856136362353, 0.05
0.127930135666, 0.994667645732, 6.28866482147, 0.922435281493, 86.9472134309, 1.46248679595, 1.03040851709, 3.78258119965, 18.5191997341, 0.00869764988429, 0.0
0.127930135666, 1.23813377143, 2.80370965148, 0.775815667845, 91.455050687, 1.68723808492, 0.0900945405407, 2.91259733887, 17.94418131, 0.00881441466591, 0.0
0.100390647594, 0.840883081792, 2.92573542557, 0.774536818921, 89.0037182689, 1.54475475177, 1.22076434923, 2.25280174488, 18.166281151, 0.00836879122648, 0.142857142857
0.114443019212, 1.25918899051, 5.24580880978, 0.892401414128, 85.2799403472, 1.49753109009, 1.99944181279, 3.48053291921, 14.9842618024, 0.00902894051345, 0.0
0.100398596306, 1.01264079746, 6.17079449416, 0.716138349129, 90.35008859, 1.13213632454, 1.81192577467, 1.43056257199, 14.1938685802, 0.00811557480316, 0.5875
0.100331661951, 1.01750080039, 2.92573542557, 0.892401414128, 97.8139428789, 1.54475475177, 1.22076434923, 2.25280174488, 17.8006773597, 0.00882148605524, 0.0454545454545
0.114443019212, 1.01264079746, 5.24580880978, 0.892401414128, 97.8139428789, 1.49753109009, 0.882103160127, 1.4394101546, 19.5425648752, 0.00820430395139, 0.357142857143
0.122044709176, 1.03562242163, 3.8153972062, 0.654581359144, 84.4832312694, 1.35920717084, 1.86420391137, 2.25280174488, 15.2791680948, 0.00905350356277, 0.0
0.114417451388, 1.01264079746, 7.88275231316, 0.882106446195, 97.2153971045, 1.13213632454, 1.93867638789, 1.43056257199, 14.1938685802, 0.00852558294514, 0.142857142857
0.114443019212, 0.907462681691, 5.24580880978, 0.759221222682, 86.2122607473, 1.49753109009, 1.99944181279, 1.54866557788, 14.9842618024, 0.0090937200077, 0.0
0.127930135666, 1.01750080039, 4.89978256075, 0.625007683335, 98.4241497726, 1.54475475177, 0.965094958572, 2.48804649859, 17.8006773597, 0.00841614248928, 0.176470588235
0.136848360084, 0.994667645732, 6.2538315564, 0.907602235457, 97.830569743, 1.69569960681, 0.357482831006, 3.56882288307, 18.5191997341, 0.0091004230384, 0.0
0.127930135666, 0.917048416981, 2.99133897428, 0.625007683335, 87.650098829, 1.38406944034, 1.22076434923, 2.25280174488, 15.4096351571, 0.00910451430874, 0.0
0.100398596306, 1.11796597181, 2.43353796112, 0.941075715114, 93.805197343, 1.13213632454, 0.577441598319, 1.43056257199, 15.0532420808, 0.00873676916652, 0.142857142857
0.114443019212, 1.01264079746, 5.26773338515, 0.892401414128, 86.2122607473, 1.69569960681, 1.98239434004, 0.0569428073164, 19.5425648752, 0.00916824983541, 0.0
0.136815433416, 0.917048416981, 6.18490708771, 0.858334309608, 87.0266882317, 2.51620431744, 1.12052903884, 0.573664036593, 15.8389406439, 0.00920452706562, 0.0
0.101414175198, 0.840883081792, 2.13592410827, 0.722660502841, 90.5706885596, 1.38406944034, 0.213106429961, 1.49123887473, 17.9181458822, 0.00846342053579, 0.647058823529
0.114443019212, 0.976143997562, 2.48924576721, 0.716138349129, 90.35008859, 1.49753109009, 1.97917574603, 1.43056257199, 12.4402308209, 0.00922044555846, 0.0
0.193496161603, 1.09757762227, 2.43353796112, 0.922435281493, 98.9349965103, 1.29329749844, 1.77506470898, 2.13650566401, 13.8060695764, 0.00926687397932, 0.0
0.114443019212, 0.953787174484, 5.29413398676, 0.792068276545, 89.9805094781, 1.69569960681, 0.965094958572, 3.20384582355, 11.1976252199, 0.0088017511144, 0.214285714286
0.169063792832, 1.03587631157, 7.52946850166, 0.750571216483, 93.2308943183, 1.20362934819, 1.4424040469, 4.1999775042, 19.4246687473, 0.00928138822252, 0.0
0.162865281505, 0.977949376463, 6.09778764631, 0.712281617852, 98.6390840436, 2.74935088701, 0.283601660723, 3.28397033976, 17.6988007935, 0.00929204297169, 0.0
0.114443019212, 1.01264079746, 5.24580880978, 0.892401414128, 86.2122607473, 2.01314087218, 1.98239434004, 4.1999775042, 19.5425648752, 0.00936221537612, 0.0
0.155755646154, 1.14670870601, 2.53030818742, 0.830014034046, 99.2421615135, 1.61612996216, 1.428812887, 1.70057494604, 11.8308917983, 0.00936523973415, 0.0
0.100331661951, 0.985698758251, 5.9600812422, 0.775787549874, 89.9805094781, 1.18709473864, 1.34257433233, 3.20384582355, 11.8805400157, 0.0093410205294, 0.0483870967742
0.114443019212, 0.907462681691, 5.24580880978, 0.892401414128, 86.2122607473, 1.49753109009, 1.99944181279, 2.48804649859, 14.9842618024, 0.00942325126553, 0.0
0.11385368184, 0.995492874393, 5.29413398676, 0.929745333141, 91.7193312005, 2.01356824057, 0.177204723495, 4.9332536156, 11.1976252199, 0.00943571537481, 0.0
0.105780497258, 0.9523011045, 4.58506223312, 0.89041132296, 95.6606619137, 3.92882150383, 0.914104898038, 2.57149225152, 17.8307292561, 0.00955036860396, 0.0
0.114443019212, 0.953787174484, 5.52707366762, 0.662132754845, 89.9805094781, 1.69569960681, 0.914104898038, 3.20384582355, 11.1976252199, 0.00984854206106, 0.0
0.127971477651, 1.11796597181, 2.43353796112, 0.941075715114, 93.805197343, 1.13213632454, 0.577441598319, 1.43056257199, 15.0532420808, 0.00934555784204, 0.1
0.114443019212, 1.01264079746, 5.26773338515, 0.892401414128, 86.2122607473, 1.69569960681, 1.98239434004, 0.0569428073164, 19.5425648752, 0.00985063731702, 0.0
0.141635449612, 1.08508340443, 2.09277192651, 0.785446995213, 84.1936729973, 2.26265533495, 1.80520975228, 3.20384582355, 11.0770680427, 0.00974992350945, 0.04
0.127018526633, 0.917048416981, 3.33705761527, 0.625007683335, 87.650098829, 1.54475475177, 1.22076434923, 2.25280174488, 19.423462933, 0.00992753304979, 0.0
0.122504355295, 1.11796597181, 2.35141380769, 0.624461179801, 88.9620063964, 2.00337215137, 1.99336234124, 2.25280174488, 10.3203218621, 0.00999898867726, 0.0
0.127971477651, 1.25512026093, 3.71987900891, 0.949472180223, 93.805197343, 3.06741365818, 0.167719144088, 3.44613185022, 18.9741843958, 0.0100428976814, 0.0
0.100331661951, 0.9523011045, 4.58506223312, 0.775787549874, 89.9805094781, 1.18709473864, 0.914104898038, 3.20384582355, 11.8805400157, 0.00982289102214, 0.0588235294118
0.14017043067, 1.13657340442, 7.47724759828, 0.85807321538, 88.5157341837, 1.54458175103, 1.64880763118, 0.424701060911, 16.9425900323, 0.0101279426108, 0.0243902439024
0.152373238838, 1.12638706102, 5.29413398676, 0.792068276545, 89.9805094781, 2.06058025704, 1.43917816162, 3.20384582355, 12.3374850608, 0.0101535033801, 0.0
