0.345624232021, 1.20901796111, 86.9251224621, 0.692961297525, 0.251381023499, 2.66267487386, 1.97359291372, 1.46245795463, 4.33328828688, 22611.1586553, 0.11139156326
0.111235745583, 1.23334456924, 80.2722823263, 0.661506574398, 12.505999042, 9.24468305534, 1.6854860205, 1.34427638808, 9.55327458922, 18990.1980133, 0.119192591417
0.339815449506, 1.24364794651, 81.8097770283, 0.664663827427, 31.0893394396, 14.7432763454, 1.2973005016, 2.4542167504, 8.51613835519, 14596.412333, 0.191856849044
0.157690753596, 1.25456957406, 81.8804627732, 0.67791196319, 38.9550968391, 4.38997196448, 0.955198186967, 0.430106823527, 18.7884032954, 14903.5182733, 0.0431405744737
0.127679912739, 1.24756464721, 86.7386314091, 0.695397094585, 7.11875772518, 13.4965883277, 0.664492950354, 0.734369767899, 8.25295088257, 20254.811846, 0.0463346666914
0.386604623584, 1.23461346128, 80.6875680286, 0.660809007682, 69.6908073848, 2.69598569688, 0.316800072186, 3.58108956134, 1.78397472528, 15904.7046525, 0.0689868062952
0.391358351401, 1.15865031488, 89.5866081512, 0.687673592486, 24.4907062462, 12.7270852645, 0.919854150612, 0.277864017617, 4.83529853693, 10847.2603181, 0.214411391529
0.109832379932, 1.22959037462, 81.2526993142, 0.68659038739, 82.3212310332, 9.66445376864, 0.116498123284, 2.22404318485, 11.1418217835, 11054.303192, 0.0650549023016
0.379715677959, 1.136892076, 83.8199011884, 0.642766851547, 33.8512529502, 26.511609238, 0.969081297057, 1.6601691203, 2.08690366485, 6224.03343782, 0.181531088212
0.176828564264, 1.0776038388, 80.4649783709, 0.681798987492, 26.7384047606, 11.4992540483, 0.687976563232, 1.16312053604, 8.80757111759, 7594.56484179, 0.182439436364
0.216343949844, 1.033581664, 80.8032948504, 0.674471865914, 71.1644844493, 3.25654757481, 0.946892998223, 0.0578359442221, 1.62527731354, 4294.69701926, 0.0437954069883
0.258370965415, 1.13137974179, 88.1040362534, 0.69204470952, 36.4661384186, 10.7695085481, 0.170018002614, 2.12096167743, 4.67744826507, 9221.30283363, 0.0210980108242
0.102798108773, 1.1767932759, 84.4379801228, 0.622852383535, 50.833771177, 26.5310698956, 0.555778094222, 1.60110398053, 1.56499831546, 7959.7071625, 0.204850075988
0.114659567907, 1.22348276689, 86.8783837701, 0.578753219271, 19.0827211105, 10.1596290884, 0.658969324476, 0.358586895779, 5.45672922168, 11253.4468636, 0.111044136678
0.133735521906, 1.22969614638, 93.7012658141, 0.676983872092, 47.328630802, 16.3497820863, 0.0386996039536, 0.327699832591, 5.23261298301, 10380.3171521, 0.238058967946
0.609320110851, 1.1716205625, 83.4483097401, 0.642318961121, 42.210562799, 7.49408268383, 0.0609114921697, 4.55140659757, 5.19705916635, 6485.25341029, 0.208185605335
0.313172821439, 1.1722979179, 82.7613579355, 0.590817455777, 33.9058415213, 11.532015434, 0.686072272326, 1.10386243064, 11.3844213622, 10356.079648, 0.155330203538
0.233355197395, 1.06313117815, 80.1474181922, 0.624244299906, 50.1812870563, 7.7083443405, 0.664134310439, 2.04572496294, 6.10918709566, 6005.39112248, 0.0663391989413
0.378921745361, 1.18867472226, 87.7830335205, 0.668521368801, 49.3352993931, 27.5629989587, 0.364126074693, 0.148325075455, 11.4228629094, 11882.4889969, 0.422524044687
0.441616572248, 1.19015725418, 81.3352581987, 0.584301674513, 54.7027227982, 4.37017665094, 0.223929117796, 4.13031119343, 1.55361216156, 9123.78944092, 0.192412747784
0.556517092086, 1.09664779836, 86.0808399695, 0.668043155615, 34.2767867171, 4.93609576853, 0.524080903502, 0.547131588078, 8.59380034008, 7058.97845156, 0.176908261848
0.106650589984, 1.0276333254, 81.1361707358, 0.671993113962, 67.7661041656, 8.19161488171, 0.491304988356, 0.523512397791, 1.05399827716, 4328.50851897, 0.0493335370383
0.622734424258, 0.961906327506, 85.5497348035, 0.677136794151, 0.242898813354, 3.00405309088, 0.553363593387, 3.51724244179, 2.17301465618, 2918.01014381, 0.120210962305
0.249600300313, 1.0952600916, 81.6746551286, 0.688783224516, 35.1822405142, 20.2168925155, 0.0455401770997, 1.82895535825, 2.52940671039, 6104.25576885, 0.231671317682
0.102084110334, 1.21624095898, 80.0667592869, 0.572100430648, 51.7055256588, 28.5472951444, 0.347989704168, 1.79684635799, 10.3485125202, 14310.3356775, 0.188775649774
0.239348169865, 1.09845823037, 86.8493266623, 0.615044605333, 22.0580466514, 5.53848163008, 0.595402623565, 0.230477623627, 4.64128211035, 8245.18355426, 0.0937684361154
0.271892450659, 1.08025495822, 84.8049567374, 0.675765168307, 31.2359336681, 12.2292453792, 0.0502712938464, 2.22505117402, 11.6048510956, 7886.43560279, 0.131212760795
0.161578461766, 1.11365729367, 89.6734337361, 0.664926067217, 46.537482341, 19.8088185905, 0.277346735543, 0.0978004443556, 3.85214215048, 5270.51387341, 0.117146755963
0.194975359112, 0.919155895184, 83.7089801684, 0.676608424842, 15.8942662952, 14.7672490641, 0.888643585964, 0.165972031634, 2.24491544897, 3157.05119518, 0.229732417818
0.415906077011, 1.15060692927, 84.8346790203, 0.628873245549, 62.7724920049, 6.48639992808, 0.220190245423, 1.63109218177, 5.30989817155, 11084.6022094, 0.235574901631
0.374169247476, 0.975839557608, 86.3500531273, 0.695245266671, 39.4846276477, 4.55271136306, 0.596983791617, 0.0440921497268, 1.47250707306, 3829.1198387, 0.221406735081
0.154189504306, 1.10915106309, 81.2923266051, 0.683383053958, 79.8329657956, 20.0296712765, 0.081637249545, 0.551708450526, 7.82665912194, 5924.26790772, 0.188444553754
0.227144938609, 1.06675869357, 85.7119395638, 0.64542416735, 4.76019927151, 9.23822882188, 0.393696180142, 0.57609243188, 1.17633884484, 6550.18375338, 0.152982271652
0.459528863351, 1.12026823243, 88.0534498552, 0.642882051137, 35.2620905532, 4.25223354818, 0.272581506896, 0.893562520217, 3.40260605499, 8613.70307372, 0.144415766739
0.479965744692, 1.07813343631, 89.7898703142, 0.660556296978, 36.0526842022, 15.6971754862, 0.373759937117, 1.11663622294, 3.12312141702, 6991.07639927, 0.351383036187
0.299183153317, 1.00158380426, 85.7043147592, 0.61477273916, 16.7998870972, 4.06789209841, 0.805508564936, 0.527947623914, 4.01970714097, 5099.93141966, 0.124763606063
0.28438744721, 1.06879796726, 84.7560701382, 0.584790092874, 9.28263212422, 31.5393602629, 0.979581730505, 0.108028332968, 1.31800837815, 6341.64178691, 0.243620584258
0.17485181642, 0.948163471757, 81.6127946952, 0.683524257248, 34.6476257404, 29.7211441487, 0.455357036952, 1.65033559748, 2.75552389889, 4714.10951101, 0.205194210071
0.364705898163, 1.07030069861, 83.7495541783, 0.660415375705, 14.8494050353, 19.1929051918, 0.16031428232, 0.313398235411, 2.83671134499, 6163.65013282, 0.219263484371
0.235102715515, 0.934582861737, 82.1301646621, 0.660354069925, 85.4009638989, 4.54099059386, 0.525085988021, 0.153939327314, 2.89429081351, 2928.05728653, 0.102583145935
0.592030763095, 1.11929504973, 85.860747879, 0.619508381198, 34.1662336182, 20.4714640025, 0.16989737351, 1.73427313171, 5.68797013591, 6570.86029476, 0.528802025103
0.101040069332, 0.910457181529, 80.2648473464, 0.655569203109, 70.651350084, 2.82996400125, 0.32161858402, 0.550082523815, 8.21037529848, 3744.76372963, 0.0235106196964
0.118199473995, 0.982304364465, 88.2364922185, 0.615772686942, 2.46936681573, 20.6490955195, 0.405358142271, 0.710512928343, 2.93796621495, 5363.54862089, 0.115769797784
0.276316858002, 0.983985349385, 83.804606611, 0.634712926386, 11.3703824884, 33.0888931014, 0.470503917962, 0.539034266551, 9.66166800558, 3579.52977158, 0.428777170076
0.26426771875, 1.15889972939, 85.3589276405, 0.528317593725, 22.562787911, 11.7603610801, 0.261134865629, 0.931786979135, 4.4617802702, 9768.54721525, 0.0917082657613
0.667866229026, 0.983479851984, 85.7652977034, 0.623589503766, 24.8296140744, 22.2262425157, 0.677814966275, 1.00264182289, 2.747762301, 3335.41580847, 0.233484450688
0.406752281105, 0.933549537538, 82.0741709592, 0.610696845108, 25.7030841205, 7.63593442382, 0.689785885372, 0.544458816849, 5.13174808097, 3871.9166658, 0.194358295283
0.315333783088, 1.03956541333, 88.7049796477, 0.631870761234, 9.61623461104, 17.8946967408, 0.0884504545587, 0.580350860356, 3.9122560324, 4709.51131241, 0.33073319677
0.405963956568, 0.868389816094, 84.3556301231, 0.681447566947, 35.7496585184, 1.32439312908, 0.283659260734, 1.15136804338, 1.97195139675, 2232.61194227, 0.022544227129
0.297278688649, 0.961477063296, 81.3636145537, 0.622816336989, 31.9538501005, 25.9890544614, 0.2903040724, 2.3224800531, 1.64909928254, 2536.69514336, 0.246662056537
0.181669197601, 0.834325722295, 84.9466594203, 0.696860463778, 9.53792363013, 10.5617615461, 0.16642840213, 1.17335857148, 7.14515840959, 2406.98142567, 0.0766695062167
0.157446797406, 1.12786433426, 88.0072197525, 0.592112848193, 12.0708991229, 42.0203751036, 0.0465427270022, 0.271115103226, 1.37172755146, 9828.9284991, 0.17785637788
0.426733698656, 0.920777673319, 82.5753401414, 0.66631667662, 25.6182666036, 16.922274175, 0.0253515422863, 2.43556555074, 8.71345436085, 2519.23219961, 0.315950477537
0.691943554032, 0.840276232105, 86.8734380116, 0.687936483681, 6.44175665938, 1.14313341557, 0.393888838114, 1.24363826767, 4.34629305221, 1739.22836924, 0.0296571300794
0.126431263911, 0.971254464978, 82.7671794161, 0.646363153205, 17.9917274359, 46.514538655, 0.106742333151, 0.749066507798, 10.4258497677, 4727.03779967, 0.378826845251
0.308116519265, 1.00620754379, 84.1155736363, 0.495483698487, 3.48039573711, 10.1750540995, 0.69367629533, 0.296320001002, 1.82746147784, 5896.87832444, 0.198345987084
0.245245772579, 1.0061793886, 84.8410234902, 0.593981610256, 32.6265851761, 31.4348087904, 0.0721063968783, 0.462416189254, 6.51211434119, 4158.02404677, 0.433315718254
0.406402308925, 1.06889526032, 80.2277825803, 0.496838925606, 49.2288510513, 17.2848019521, 0.3134919829, 1.62773801531, 1.92070926153, 6436.77822118, 0.397647921818
0.645011387031, 0.858494173343, 87.0313920566, 0.616662732504, 16.5171187447, 7.2870143841, 0.336349348347, 0.364829169312, 6.29815617796, 3152.65254563, 0.236062416302
0.199202504585, 1.0109770967, 82.3669540219, 0.477823213895, 5.85859335485, 34.7830985385, 0.565681911557, 0.541508789853, 1.22214434748, 4976.868594, 0.233799531897
0.587261110483, 0.933677155145, 83.8120485399, 0.551504428526, 5.26865777846, 14.3849573696, 0.433358438612, 0.10306237863, 6.24202670283, 3467.27142953, 0.41681191254
0.622606112268, 0.980261001063, 82.2300294306, 0.54792679517, 22.0680594803, 9.2033957061, 0.0328084569356, 0.276325779815, 4.78553592071, 2952.7451936, 0.304637981933
0.899847857005, 0.852323355998, 86.512633876, 0.582720620475, 16.6586489504, 3.45630050344, 0.0208813369214, 0.666951862288, 5.74156900118, 2045.90271658, 0.224973859973
0.582804778573, 0.843482033617, 87.2129145998, 0.520059866622, 4.13063872676, 12.1316978432, 0.00861065232025, 0.110365115609, 4.41174902659, 1481.60325159, 0.160426204709
