3.19966013535, 1.00000028714, 1.18278930383, 0.981295500079, 2.78233491559, 0.972125903591, 3.63233631706, 1.11236880838, 0.996727801143, 1.42947512664, 5.69378586001, 1.1877052998, 4.84956219965, 0.955066578864, 1.09000055319, 1.09967039327, 1.00186307006, 1.10168857053, 3.35660702615, 1.14458690723, 0.855953948587, 74.9013032587, 1.14773147172, 5.72674877277, 1.18023856581, 1.01752134612, 0.893923151977, 4530.65112603, 47.8177503842
1.37847847138, 1.00000037103, 1.66803073605, 1.11315109991, 4.96952085187, 0.876348026457, 3.63887566044, 1.14866612564, 0.912430184402, 5.39755494935, 5.75243942013, 1.13998295907, 4.39079680508, 0.97279431553, 1.09000011421, 1.10284569459, 1.0027556629, 1.21537922969, 6.08412898116, 1.17005218757, 0.872496343403, 137.157892565, 1.19167813709, 4.49950455856, 0.98813040243, 2.66415264823, 0.911950253436, 1653.03562182, 35.1117401221
1.50783098878, 1.00000018466, 1.68406047299, 0.976368250885, 3.90978641986, 0.936337424147, 2.23760919273, 1.04603199711, 0.923363351287, 3.35245623669, 5.17259638588, 0.992453418379, 4.23413181204, 0.968006763649, 1.09000016948, 1.0560355915, 1.02505461801, 1.16848550379, 7.11829235168, 1.14007477272, 0.767044193624, 233.973208684, 0.989595396517, 5.56970210151, 0.971044624034, 1.46115786669, 0.933537048297, 3113.62287081, 44.1427323819
3.29442575994, 1.00000032498, 1.36938192397, 0.851320519993, 2.31026045483, 0.951762645287, 4.25104623453, 1.15936472693, 0.93286634738, 1.34210803995, 5.70692041154, 1.12330765164, 3.33598832807, 1.12649721324, 1.09000057626, 1.00661418759, 1.036427705, 1.17366932418, 7.18621900917, 1.11173641329, 0.795990166912, 144.97568516, 1.1230413058, 5.36875401241, 0.997560957766, 1.59913552904, 1.04301067102, 1697.02323918, 35.9197439217
4.00185238046, 1.00000003598, 1.47514068953, 0.914394738951, 1.52496158403, 0.936242135324, 5.97132274092, 1.0678961209, 0.987907357304, 4.25889314882, 5.13842793307, 1.19188751051, 3.79477057522, 1.2885749185, 1.090000333, 1.05101441421, 1.04701180621, 1.02961846789, 5.38925682719, 1.13186525868, 0.798475169537, 103.706438544, 1.02766478574, 4.99034196269, 1.12916348561, 3.2588419566, 0.892764048214, 1867.17063302, 32.2420280638
1.52951700058, 1.0000005324, 1.49236275971, 0.912660803449, 2.17626319092, 0.781488711356, 3.78027203988, 1.2243900481, 0.996695660491, 2.30507470902, 5.48172631815, 0.921326028867, 1.96124990201, 1.20508467548, 1.09000065557, 1.103210038, 1.03253720024, 1.19059481201, 9.86086098593, 1.09080980987, 0.856679992025, 136.397636271, 1.13805514057, 5.08645134737, 0.983643823966, 1.52073950224, 0.933700704433, 4668.46248516, 41.4845814746
1.75492303957, 1.00000091752, 1.48536656162, 1.10477860056, 1.69341417614, 0.851656332378, 2.2454556923, 1.1077187845, 0.996413610156, 2.76907555337, 6.09832567747, 0.89108352856, 4.11602690679, 0.911068447239, 1.09000099572, 1.04646032098, 1.04015431927, 1.14158744423, 6.08129236624, 1.12976475442, 0.925593114453, 143.826287835, 0.930403837929, 5.52757535412, 0.969278794035, 2.65509207749, 1.04954886585, 4678.91303285, 40.3355044172
1.45351743951, 1.0000009928, 1.22187892388, 1.10828644471, 4.84150898837, 0.853248393974, 1.30301559075, 1.08450791801, 0.965125040115, 2.73544943984, 5.54446183617, 1.04479154791, 3.64762393793, 1.01202997175, 1.09000053783, 1.10583567905, 1.04864986301, 1.05122820149, 7.68097374709, 1.11918316696, 0.785572663316, 418.760601167, 1.07873106803, 5.83290596645, 1.06795312599, 1.65298095078, 0.894427983189, 2416.82742563, 55.7574852417
2.53901823015, 1.00000011554, 1.12176904573, 1.03611088825, 5.10130460162, 0.929727686369, 4.43113330067, 1.06723104438, 0.952863609739, 1.56862833113, 5.17710610552, 1.11820378366, 1.80470740553, 1.24679846705, 1.09000029859, 1.03249028966, 1.03267112547, 0.970908930479, 7.9186164693, 1.14260379963, 0.773382429222, 321.847740588, 1.18267287434, 5.72632564962, 1.01403184744, 3.41109760943, 0.946710017014, 447.409832183, 32.3582994992
3.51131162024, 1.00000072688, 1.5168999155, 1.13641407465, 1.64827303493, 0.955678602564, 3.73546139173, 1.17506934016, 0.971952812321, 2.91633587649, 5.97264930161, 1.01374339668, 4.65238721543, 0.929391610344, 1.09000042973, 1.04061290382, 1.03197992144, 1.02622345302, 7.03814314222, 0.949035658339, 0.943313563143, 365.906762362, 1.10115653922, 5.39907771773, 1.06259531525, 1.27748829262, 1.04529832224, 7551.77615837, 57.2036113684
2.58384436584, 1.00000048685, 1.45412308559, 1.1213742993, 5.44565095365, 0.852245345988, 2.60402013963, 1.17862129525, 0.992469636838, 3.88791376187, 5.10520460381, 0.858434611452, 3.53844020342, 0.838486854779, 1.09000073682, 1.05186597221, 1.04991555515, 1.06162485126, 4.60251089307, 1.1540696417, 0.783536814396, 407.815867774, 1.0726038636, 4.40696734864, 1.05748370909, 3.10789223705, 0.892365080696, 2047.91312369, 35.4880891364
2.85529244609, 1.00000059582, 1.36129932284, 0.891650426262, 1.71831679049, 0.756245113943, 2.96994457672, 1.23328642337, 0.986097728332, 4.30956267462, 5.19884777417, 0.938915398951, 3.09423013924, 1.0256331194, 1.09000027587, 1.04909644315, 1.0464840921, 1.18777030759, 7.99280895, 1.18775403564, 0.800267634293, 317.242785522, 1.03888767016, 4.99376351286, 1.18471628695, 1.98145456315, 1.00073908079, 2245.27044508, 27.4811155414
4.1345975083, 1.00000059361, 1.3837625076, 1.04101226509, 2.78213787849, 0.929638604212, 1.84695835154, 1.17381448426, 0.929960170868, 2.12277044068, 5.29742161925, 1.1248703867, 3.90689323797, 0.927426087579, 1.09000017584, 1.0363440339, 1.01430734686, 1.21966376364, 9.04504684508, 1.11888286332, 0.775986331676, 830.4142959, 1.12773832503, 3.51685809429, 1.0145339913, 1.85283000917, 0.951937584513, 8953.43005517, 41.0846644383
2.73428966277, 1.00000094672, 1.63081500173, 0.857846676996, 2.17597653591, 0.881237395733, 4.87720873185, 1.16592918688, 0.920367959724, 2.05576889615, 4.88333351126, 1.06626309773, 4.21226115046, 1.12610866818, 1.09000095999, 1.00056120269, 1.01532627171, 1.1105064776, 9.01256990124, 1.08367606452, 0.792726122533, 43.5180540625, 1.18872304067, 4.23061054186, 0.978441994075, 4.3398912881, 1.09123336381, 2424.43045421, 29.1202861118
3.15430374167, 1.00000060286, 1.68977632079, 0.944251464091, 2.31562354255, 0.924394414338, 1.98214836674, 1.20654135488, 0.951304735677, 2.298140925, 5.39974775885, 1.13977649838, 3.67837357258, 0.847733504042, 1.09000036423, 1.10433778487, 1.04178990963, 1.08214524405, 9.04435006644, 1.13220277491, 0.864685112635, 152.644144292, 1.04732752613, 3.0612642151, 1.12778226842, 1.5136878194, 0.96088848404, 1794.83206637, 36.1875351205
4.43358951196, 1.0000008819, 1.49094092787, 0.990710280863, 1.75908653232, 0.783881247703, 3.44827905943, 1.24522377343, 0.948832712397, 3.53252421284, 5.3941698401, 1.07423973343, 4.20175430591, 1.20357958572, 1.09000090536, 1.10796718877, 1.03237550237, 1.12404230917, 5.00697005714, 1.15396237029, 0.864757432027, 423.699461803, 1.05070834462, 3.718280104, 1.00723051076, 2.18792063067, 1.01909917994, 1349.81133178, 45.5924707073
2.34369479062, 1.00000021335, 1.1723825648, 0.814608642474, 3.36271760519, 0.85421247446, 1.6261964479, 1.20383089854, 0.924768124154, 3.99637243526, 4.98671165905, 0.999229778804, 3.97845963026, 1.21753869229, 1.09000018735, 1.0702698877, 1.01819578686, 1.04771680629, 9.45518807787, 1.02885207602, 0.827244919844, 54.4969814502, 1.15623581505, 3.65538493656, 1.07545537401, 1.77837738312, 1.25528322485, 1212.24328634, 29.8459771901
4.7377844502, 1.00000084443, 1.47802008287, 1.06750105452, 3.58520011314, 0.721298977833, 2.84902731131, 1.12085848749, 0.954876965426, 3.33930720848, 5.59079535703, 1.13115662129, 3.7510865398, 1.02992839665, 1.09000083636, 1.10699236494, 1.04696391806, 0.94291157825, 4.58473797986, 1.06212459453, 0.784322534651, 172.790017609, 1.11092420003, 5.63643196601, 1.01654120334, 1.25691153244, 1.28461473326, 453.692356169, 25.8889009983
5.35093495009, 1.00000025524, 1.66689016644, 1.0944094798, 2.5913330626, 0.887934875486, 1.57390843137, 1.16361404719, 0.9339046871, 3.64056284389, 4.80976902383, 1.09373201415, 3.24887971953, 1.18485624926, 1.09000078669, 1.08417599453, 1.03301893634, 1.03618093448, 4.35457919705, 1.12851518738, 0.796338700203, 392.083831663, 1.18440541281, 5.62153623664, 0.996761820831, 2.01335427058, 1.21899977504, 1590.4507628, 27.9364857632
3.40274652048, 1.00000001721, 1.44757448356, 0.937585159244, 2.25019570889, 0.988673248413, 2.38513314599, 1.20603098565, 0.925275366362, 3.82332933389, 4.81267690395, 0.875415409276, 3.5417321408, 1.00181514266, 1.09000062792, 1.05821637895, 1.0158251266, 0.884279175045, 9.08598500803, 1.06791535997, 0.772139225343, 207.024108456, 0.975966942215, 4.56885825909, 1.02018935444, 1.19017280865, 0.958249496976, 1722.59216834, 45.3164586932
2.36098550341, 1.0000001794, 1.25675102608, 1.10871975875, 4.18353770224, 0.998604906054, 5.5000297658, 1.2531479417, 0.988217018731, 3.40325213043, 4.83923737668, 0.944415197041, 2.18067986142, 1.09407304369, 1.09000044773, 1.10222754539, 1.03664117852, 0.996205022208, 8.87047519982, 0.982692115799, 0.813121856883, 678.252744338, 1.13665207395, 4.72088572826, 1.23131645446, 1.32145822859, 0.908544578535, 1410.83051788, 23.6438121707
1.75412983469, 1.0000005669, 1.12707465852, 1.0137596108, 4.0573109339, 0.871435564679, 1.05223899704, 1.25720608708, 0.920878093217, 5.52956311365, 6.05454400496, 0.871119342691, 3.39625382223, 0.905516212586, 1.0900001165, 1.10077743906, 1.00515444779, 0.91844290207, 7.92174301524, 1.08558477221, 0.766086621056, 23.2178129615, 1.05241011546, 3.49841061835, 1.14601325072, 1.64954453979, 1.02579939116, 2585.82078602, 58.9215658598
3.17533370863, 1.00000063617, 1.1338913658, 0.940104227533, 2.22804921806, 0.935292318994, 2.65201300506, 1.17980225423, 0.917459874872, 5.00902925065, 5.4169142542, 1.20561131073, 4.89931315438, 1.07825137605, 1.0900004819, 1.07000432595, 1.02005798223, 0.830467236765, 6.26092539622, 1.02620835575, 0.781148123037, 431.449167562, 1.10950621226, 4.25200100192, 1.07721222364, 3.05257275938, 0.880805887925, 1838.23140498, 49.5056688245
1.08449154749, 1.0000008514, 1.70497391303, 1.17843852105, 2.1108887136, 0.902559397077, 4.67680045113, 1.17851514599, 0.913210776317, 2.76750403849, 5.16931771156, 0.965926879929, 2.87912487956, 1.09951741167, 1.09000044712, 1.09636185235, 1.01767157742, 1.21087810898, 8.48040514893, 1.09399049598, 0.870214126392, 504.941665176, 1.02632119303, 4.22579393647, 0.957236279453, 1.40890372028, 1.26073218721, 1817.11474827, 31.4967859277
1.55400882154, 1.00000093886, 1.71144552494, 0.892172913521, 2.67496866645, 0.876031780436, 2.39221015441, 1.21271615873, 0.945779717495, 5.63877138865, 5.02783715239, 0.975534009846, 3.39586755063, 0.901406522848, 1.0900008732, 1.04001624624, 1.04744908282, 1.15117328709, 8.8518660503, 1.13482488781, 0.806366223453, 56.3558223817, 1.062742587, 5.59698739484, 1.02562869987, 1.13531204818, 1.29457732718, 1427.0475484, 23.5476024235
1.30253106998, 1.00000085595, 1.0537356161, 0.882571638543, 3.68568975247, 0.911680325149, 1.75751657851, 1.15789068334, 0.963120822708, 5.96520751819, 5.35785962475, 1.03323841844, 3.95153651803, 1.2232370679, 1.09000014356, 1.09441866009, 1.04580736405, 0.876917921219, 5.70134498429, 1.02242281047, 0.772815819364, 152.662200226, 0.994897567852, 4.52619107818, 1.04170087884, 2.20320821485, 0.969299439595, 2549.13311095, 54.1624332791
2.73708048164, 1.0000001891, 1.21235490899, 1.13900743352, 4.70243433097, 0.905069626504, 2.82786552575, 1.18289251688, 0.924713148344, 5.48987454201, 5.39993251145, 0.89329809321, 3.94009443444, 0.918658038834, 1.09000000692, 1.07927921273, 1.04734511597, 1.17161996339, 4.8947786227, 1.09751787462, 0.802337463532, 206.013870616, 1.03024432058, 4.8003392365, 1.07978062187, 2.45180621181, 0.946827927371, 1741.57989046, 36.2221599862
3.35797391168, 1.00000000813, 1.02373815892, 1.06640008785, 1.9133996926, 0.813609089157, 1.13482311657, 1.06904874869, 0.94525637553, 3.99520841583, 4.77101893138, 1.14323620309, 3.33834360469, 1.12468422954, 1.09000075676, 1.0573128743, 1.04055440669, 1.06385304412, 9.51439152185, 1.13753198566, 0.858506142447, 232.680098327, 0.992139100158, 2.56162691292, 0.95833545177, 2.19030139623, 0.981788523312, 1235.74127705, 22.9209538193
2.7912461746, 1.00000061407, 1.621427962, 0.810566873245, 4.94859691684, 0.945161522598, 4.38962776478, 1.25903571787, 0.933848620693, 1.64360976149, 6.03613566423, 1.05952607949, 1.50094568622, 1.24152331832, 1.09000078251, 1.00269247209, 1.02675920381, 0.998942190313, 9.12877830327, 1.07835535096, 0.793822583812, 536.26152287, 1.17412639129, 4.44182780304, 1.18719757884, 1.94019230936, 0.979091723695, 8348.43683373, 58.2437129562
1.80220762559, 1.00000043165, 1.57762029398, 1.07851372448, 2.11681537455, 0.747114133265, 3.41848671446, 1.14349430994, 0.904052853218, 4.56051644051, 4.81386546182, 0.995760820935, 4.12809946672, 1.12506370455, 1.09000068305, 1.09016557111, 1.02554178146, 0.919577270514, 8.64993765726, 1.09406706771, 0.768123383718, 142.468752555, 1.10850087742, 2.11641982961, 1.0874255295, 1.60148263393, 1.13292349738, 7001.33926656, 73.6018067361
3.08374443505, 1.00000070179, 1.72087836453, 1.00248386532, 1.66362603426, 0.802462780976, 1.89533684176, 1.06295341563, 0.939587225734, 1.4336064535, 5.85707250725, 0.919183989013, 3.81483559118, 1.2865340102, 1.09000005902, 1.01295393961, 1.02556407307, 1.02878669609, 9.61649408941, 1.04415102487, 0.833412165008, 305.213731871, 0.958674294614, 4.25793480136, 0.979361419249, 2.17965128096, 1.09044723625, 1591.45033201, 48.3018321737
4.64046431547, 1.00000085567, 1.5419992673, 1.18836124922, 7.06006946816, 0.98337268734, 2.68111156692, 1.07255601628, 0.903278790924, 1.81185759196, 5.21845626376, 1.15939879751, 3.51832318793, 1.05384150933, 1.09000084359, 1.05966232348, 1.03504509315, 0.993289671936, 7.42542633545, 1.14142022028, 0.76609077244, 378.250696309, 1.15867322878, 4.96559274584, 1.16038392396, 1.90046925202, 1.23939773056, 1961.63696235, 57.026074977
3.43487621278, 1.00000043807, 1.73111632875, 0.985730162546, 4.38072002124, 0.908297925055, 3.83594376885, 1.14138447821, 0.965631677419, 4.83484752325, 5.98033842603, 1.07659336551, 3.82410679672, 1.2824362601, 1.09000068965, 1.1049198497, 1.04861255962, 1.18229156821, 4.49701855975, 1.07862569569, 0.852894491889, 734.959976366, 1.02447803678, 2.57464189825, 0.95100431364, 2.60165460401, 0.963320285215, 3893.53910701, 33.3511163502
3.44977560323, 1.00000026058, 1.11271823876, 0.982258152316, 1.44547687389, 0.727016349305, 4.87927815777, 1.14784916979, 0.912455894193, 4.25140368433, 5.15829763488, 1.21546892997, 4.32966968654, 1.07081510537, 1.09000019125, 1.10817481147, 1.03527129908, 0.951569641451, 7.39817916796, 1.07760518073, 0.921308604276, 246.871653002, 1.06157717866, 5.78216448955, 1.00950704802, 3.78264421342, 1.06410998156, 3210.43838043, 29.815151889
3.64844305263, 1.00000095902, 1.71540281989, 1.12598228011, 2.53676262642, 0.97541018056, 3.75480905683, 1.18295444826, 0.920627977803, 1.64863171181, 5.4297285489, 0.937596093583, 2.73500432955, 0.878683712208, 1.09000029737, 1.02841565698, 1.03227341602, 1.07832184895, 9.99228354984, 1.11367507445, 0.785460081839, 547.998371389, 1.18358763761, 4.76231186218, 1.063643207, 1.88539337953, 1.19720713836, 1314.63852189, 23.3485141065
4.29349035315, 1.0000007619, 1.73167675575, 1.21475188632, 1.96520691128, 0.981368701824, 4.62147902746, 1.14263827832, 0.921728583486, 2.82381007286, 5.10384349673, 0.92229917219, 4.79750713091, 0.890434742835, 1.09000063344, 1.0510426479, 1.03413936598, 0.906050759263, 9.11503560613, 1.07166448892, 0.8966544686, 674.245413096, 1.05382489421, 5.25570018005, 1.0175332747, 1.15928472486, 1.24673881428, 1849.68085277, 51.3937279703
1.52888119211, 1.00000099574, 1.47273501706, 1.04354122007, 1.65900867972, 0.941432417134, 1.82915158577, 1.24015004831, 0.947437886146, 2.15627121555, 5.47467380942, 0.825397171857, 2.57829823429, 0.935896801799, 1.09000087358, 1.02148389809, 1.03208386672, 0.943875619286, 9.68208052178, 1.09167052628, 0.940943594796, 408.348707003, 0.927441595618, 5.92782203671, 1.02109468604, 2.21951753223, 1.0192450506, 5548.47860485, 71.8450166748
5.20730611641, 1.00000056102, 1.3095215588, 0.815171367193, 2.88433492495, 0.891621395551, 1.80557014515, 1.22168553389, 0.927229431275, 6.19667585435, 5.46702476355, 1.07398059658, 1.55512314737, 1.10032402358, 1.09000049458, 1.06090648822, 1.04929324974, 1.211542844, 4.99066715674, 1.12960697737, 0.782005374322, 38.0245459139, 1.01355696626, 5.77517662172, 0.987251185697, 1.85851421587, 1.1640716526, 3001.54766447, 36.185085758
2.55591312669, 1.00000063001, 1.4149091003, 1.08713602601, 3.2159395976, 0.748412786741, 2.89032737799, 1.19649417519, 0.900853434954, 5.18032758941, 5.05007336062, 1.18096963517, 1.68536570178, 1.19399032778, 1.0900001811, 1.10356402951, 1.02927487062, 1.05838614238, 8.40050328919, 1.10870814635, 0.827306829929, 96.4344817235, 1.1419573148, 3.66420066065, 1.10156319976, 1.35944249742, 1.28616333607, 3975.50884839, 61.7921517428
3.36857831888, 1.00000081455, 1.70566065285, 0.95354857159, 2.54924546122, 0.786123311325, 1.78899826617, 1.24840666566, 0.947091029847, 4.73500661978, 4.96645691742, 0.91368371668, 3.05602249022, 1.06417475551, 1.09000041992, 1.05504706416, 1.04712098484, 1.07676358381, 9.11317304813, 1.10959128958, 0.830527905094, 48.4001331357, 1.03087477124, 5.76912269029, 0.998148414901, 2.12963167751, 1.16425630952, 3652.07359982, 62.1758170829
2.53529047287, 1.00000077304, 1.41276063449, 1.08767416461, 2.43867450218, 0.858988778452, 4.94944039057, 1.24572067224, 0.939488898539, 4.56193558275, 4.95302274772, 0.988433154586, 2.82299037978, 1.01643549986, 1.09000050906, 1.09600698781, 1.04086424417, 0.815736472546, 7.51417542243, 1.06576447637, 0.93951888152, 508.666153907, 1.10510781453, 5.66523512715, 1.17903714518, 2.91737924056, 1.15618488652, 396.463978558, 19.7587040283
5.16418079332, 1.00000081084, 1.30413233677, 1.17698346687, 2.72505703367, 0.977836930921, 2.31770336865, 1.20775604298, 0.909354161087, 5.03111695806, 5.98784245934, 1.13854799712, 2.52261796967, 1.03773546309, 1.09000058426, 1.10972984183, 1.04928284365, 0.917474513125, 9.35305527237, 1.01992386551, 0.846642679525, 463.10375403, 1.03332975176, 5.24767683879, 1.15463762012, 4.66009203374, 1.04207509801, 8447.08947808, 61.5186034608
