1.0, 0.0, -1.0, 0.0, -1.0, 2.0, -1.0, -1.0, 3.0, 1.0, 2.0, 0.0, 2.0, 1.0, 3.0, 0.0, -1.0, 0.0, 0.0, 1.0, 2.0, 2.0, -1.0, -1.0, 1.0, -1.0, 2.0, -1.0, 0.0, -1.0, 2.0, 1.0, 2.0, -1.0, 1.0, -1.0, 3.0, -1.0, 0.0, 1.0, 1.0, -1.0, -1.0, 0.0, -1.0, 3.0, 0.0, 3.0, 0.0, -1.0, 96629.0, 478.0
1.0, 2.0, 2.0, 1.0, 0.0, 2.0, 0.0, -1.0, -1.0, 0.0, -1.0, -1.0, 2.0, -1.0, 0.0, 3.0, -1.0, 0.0, 1.0, 1.0, -1.0, 0.0, -1.0, -1.0, -1.0, -1.0, 1.0, 1.0, 0.0, 3.0, 3.0, 0.0, 1.0, 2.0, -1.0, -1.0, -1.0, -1.0, 1.0, 3.0, 3.0, -1.0, 1.0, 2.0, 1.0, -1.0, 0.0, 0.0, -1.0, 0.0, 96744.0, 476.0
1.0, 0.0, -1.0, 0.0, -1.0, 2.0, -1.0, -1.0, 3.0, 1.0, 2.0, 0.0, 2.0, 1.0, 3.0, 0.0, -1.0, 0.0, 0.0, 1.0, 2.0, 2.0, -1.0, -1.0, 1.0, -1.0, 2.0, -1.0, 0.0, -1.0, 2.0, 1.0, 2.0, -1.0, 1.0, -1.0, 3.0, -1.0, 0.0, 1.0, 1.0, -1.0, -1.0, 0.0, -1.0, 3.0, 0.0, 3.0, 0.0, -1.0, 96629.0, 478.0
1.0, 2.0, 2.0, 1.0, 0.0, 2.0, 0.0, -1.0, -1.0, 0.0, -1.0, -1.0, 2.0, -1.0, 0.0, 3.0, -1.0, 0.0, 1.0, 1.0, -1.0, 0.0, -1.0, -1.0, -1.0, -1.0, 1.0, 1.0, 0.0, 3.0, 3.0, 0.0, 1.0, 2.0, -1.0, -1.0, -1.0, -1.0, 1.0, 3.0, 3.0, -1.0, 1.0, 2.0, 1.0, -1.0, 0.0, 0.0, -1.0, 0.0, 96744.0, 476.0
1.0, 2.0, 2.0, 1.0, 0.0, 2.0, -1.0, -1.0, -1.0, 0.0, -1.0, -1.0, 2.0, -1.0, 0.0, -1.0, -1.0, 0.0, 1.0, 1.0, -1.0, 0.0, -1.0, -1.0, -1.0, -1.0, 0.0, 1.0, -1.0, -1.0, 3.0, 0.0, 1.0, 2.0, -1.0, -1.0, -1.0, 2.0, 1.0, 3.0, 3.0, -1.0, 1.0, 2.0, 1.0, -1.0, 3.0, 0.0, -1.0, 0.0, 97062.0, 434.0
1.0, 0.0, -1.0, 0.0, -1.0, 2.0, -1.0, -1.0, 3.0, 1.0, 2.0, 0.0, 2.0, 1.0, 3.0, 0.0, -1.0, 0.0, 0.0, 1.0, 2.0, 2.0, -1.0, -1.0, 1.0, -1.0, 2.0, -1.0, 0.0, -1.0, 2.0, 1.0, 2.0, -1.0, 1.0, -1.0, 3.0, -1.0, 0.0, 1.0, 1.0, -1.0, -1.0, 0.0, -1.0, 3.0, 0.0, 3.0, 0.0, -1.0, 96629.0, 478.0
1.0, 2.0, 2.0, 1.0, 0.0, 2.0, 0.0, -1.0, -1.0, 0.0, -1.0, -1.0, 2.0, -1.0, 0.0, 3.0, -1.0, 0.0, 1.0, 1.0, -1.0, 0.0, -1.0, -1.0, -1.0, -1.0, 1.0, 1.0, 0.0, 3.0, 3.0, 0.0, 1.0, 2.0, -1.0, -1.0, -1.0, -1.0, 1.0, 3.0, 3.0, -1.0, 1.0, 2.0, 1.0, -1.0, 0.0, 0.0, -1.0, 0.0, 96744.0, 476.0
1.0, 0.0, -1.0, 0.0, -1.0, 2.0, -1.0, -1.0, 3.0, 1.0, 2.0, 0.0, 2.0, 1.0, 3.0, 0.0, -1.0, 0.0, 0.0, 1.0, 2.0, 2.0, -1.0, -1.0, 1.0, -1.0, 2.0, -1.0, 0.0, -1.0, 2.0, 1.0, 2.0, -1.0, 1.0, -1.0, 3.0, -1.0, 0.0, 1.0, 1.0, -1.0, -1.0, 0.0, -1.0, 3.0, 0.0, 3.0, 0.0, -1.0, 96629.0, 478.0
1.0, 2.0, 2.0, 1.0, 0.0, 2.0, -1.0, -1.0, -1.0, 0.0, -1.0, -1.0, 2.0, -1.0, 0.0, 3.0, -1.0, 0.0, 1.0, 1.0, -1.0, 0.0, -1.0, -1.0, -1.0, -1.0, 0.0, 1.0, -1.0, -1.0, 3.0, 0.0, 1.0, 2.0, -1.0, -1.0, -1.0, 2.0, 1.0, 3.0, 0.0, -1.0, 1.0, 1.0, 1.0, -1.0, 3.0, 0.0, -1.0, 0.0, 96910.0, 446.0
1.0, 2.0, 2.0, 1.0, 0.0, 2.0, -1.0, -1.0, -1.0, 0.0, -1.0, -1.0, 2.0, -1.0, 0.0, -1.0, -1.0, 0.0, 1.0, 1.0, -1.0, 0.0, -1.0, -1.0, -1.0, -1.0, 0.0, 1.0, -1.0, -1.0, 3.0, 0.0, 1.0, 2.0, -1.0, -1.0, -1.0, 2.0, 1.0, 3.0, 3.0, -1.0, 1.0, 2.0, 1.0, -1.0, 3.0, 0.0, -1.0, 0.0, 97062.0, 434.0
1.0, 0.0, -1.0, 0.0, -1.0, 2.0, -1.0, -1.0, 3.0, 1.0, 2.0, 0.0, 0.0, 1.0, 1.0, 0.0, -1.0, 0.0, -1.0, 2.0, 2.0, 2.0, -1.0, -1.0, 1.0, -1.0, 2.0, -1.0, -1.0, -1.0, 2.0, 1.0, 2.0, -1.0, 1.0, 2.0, 3.0, -1.0, 0.0, 1.0, 1.0, -1.0, -1.0, 0.0, -1.0, 3.0, 0.0, 3.0, 0.0, 1.0, 96484.0, 482.0
1.0, 0.0, -1.0, 0.0, -1.0, 2.0, -1.0, -1.0, -1.0, 1.0, 2.0, 0.0, 2.0, 1.0, 3.0, -1.0, -1.0, 1.0, 0.0, 2.0, 2.0, 2.0, -1.0, -1.0, -1.0, -1.0, 2.0, -1.0, 0.0, -1.0, 2.0, 1.0, 2.0, -1.0, 1.0, -1.0, 3.0, -1.0, 0.0, 1.0, 1.0, -1.0, 0.0, 1.0, -1.0, 3.0, 0.0, 3.0, 0.0, -1.0, 96928.0, 458.0
1.0, 0.0, -1.0, 0.0, -1.0, 2.0, -1.0, -1.0, -1.0, 1.0, 2.0, 0.0, 2.0, 1.0, 3.0, -1.0, -1.0, 1.0, 0.0, 2.0, 2.0, 2.0, -1.0, -1.0, -1.0, -1.0, 2.0, -1.0, 0.0, -1.0, 2.0, 1.0, 2.0, -1.0, 1.0, -1.0, 3.0, -1.0, 0.0, 1.0, 1.0, -1.0, 0.0, 1.0, -1.0, 3.0, 0.0, 3.0, 0.0, -1.0, 96928.0, 458.0
1.0, 2.0, 2.0, 1.0, 0.0, 2.0, -1.0, -1.0, -1.0, 0.0, -1.0, -1.0, 2.0, -1.0, 0.0, 3.0, -1.0, 0.0, 1.0, 1.0, -1.0, 0.0, -1.0, -1.0, -1.0, -1.0, 0.0, 1.0, -1.0, -1.0, 3.0, 0.0, 1.0, 2.0, -1.0, -1.0, -1.0, 2.0, 1.0, 3.0, 0.0, -1.0, 1.0, 2.0, 1.0, -1.0, 3.0, 0.0, -1.0, 0.0, 96946.0, 446.0
1.0, 0.0, -1.0, 0.0, -1.0, 2.0, -1.0, -1.0, -1.0, 1.0, 2.0, 0.0, 2.0, 1.0, 3.0, -1.0, -1.0, 1.0, 0.0, 2.0, 2.0, 2.0, -1.0, -1.0, -1.0, -1.0, 2.0, -1.0, 0.0, -1.0, 2.0, 1.0, 2.0, -1.0, 1.0, -1.0, 3.0, -1.0, 0.0, 1.0, 1.0, -1.0, 0.0, 1.0, -1.0, 3.0, 0.0, 3.0, 0.0, -1.0, 96928.0, 458.0
1.0, 0.0, -1.0, 0.0, -1.0, 2.0, -1.0, -1.0, -1.0, 1.0, 2.0, 0.0, 2.0, 1.0, 3.0, -1.0, -1.0, 1.0, 0.0, 2.0, 2.0, 2.0, -1.0, -1.0, -1.0, -1.0, 2.0, -1.0, 0.0, -1.0, 2.0, 1.0, 2.0, -1.0, 1.0, -1.0, 3.0, -1.0, 0.0, 1.0, 1.0, -1.0, 0.0, 1.0, -1.0, 3.0, 0.0, 3.0, 0.0, -1.0, 96928.0, 458.0
0.0, 0.0, -1.0, 2.0, -1.0, -1.0, 3.0, -1.0, -1.0, 0.0, 2.0, 3.0, 1.0, 1.0, 1.0, 2.0, -1.0, 1.0, 0.0, 0.0, -1.0, 3.0, 2.0, 1.0, 0.0, 1.0, 1.0, 1.0, -1.0, -1.0, 2.0, 2.0, 2.0, 0.0, 0.0, 2.0, 0.0, -1.0, 3.0, -1.0, -1.0, 1.0, -1.0, 1.0, -1.0, 1.0, 0.0, 0.0, -1.0, 2.0, 96222.0, 507.0
1.0, 2.0, 2.0, 1.0, 0.0, 2.0, 0.0, -1.0, -1.0, 0.0, -1.0, -1.0, 2.0, -1.0, 0.0, 3.0, -1.0, 0.0, 1.0, 1.0, -1.0, 0.0, -1.0, -1.0, -1.0, -1.0, 1.0, 1.0, 0.0, 3.0, 3.0, 0.0, 1.0, 2.0, -1.0, -1.0, -1.0, -1.0, 1.0, 3.0, 3.0, -1.0, 1.0, 2.0, 1.0, -1.0, 3.0, 0.0, -1.0, 0.0, 96816.0, 476.0
1.0, 2.0, 2.0, 1.0, 0.0, 2.0, 0.0, -1.0, -1.0, 0.0, -1.0, -1.0, 2.0, -1.0, 0.0, 3.0, -1.0, 0.0, 1.0, 1.0, -1.0, 0.0, -1.0, -1.0, -1.0, -1.0, 1.0, 1.0, 0.0, 3.0, 3.0, 0.0, 1.0, 2.0, -1.0, -1.0, -1.0, -1.0, 1.0, 3.0, 3.0, -1.0, 1.0, 2.0, 1.0, -1.0, 3.0, 0.0, -1.0, 0.0, 96816.0, 476.0
1.0, 2.0, 2.0, 1.0, 0.0, 1.0, -1.0, -1.0, -1.0, 0.0, -1.0, -1.0, 2.0, -1.0, 0.0, 3.0, -1.0, 0.0, 1.0, 1.0, -1.0, 0.0, -1.0, -1.0, -1.0, -1.0, 0.0, 1.0, -1.0, -1.0, 1.0, 0.0, 1.0, 2.0, -1.0, -1.0, -1.0, 2.0, 1.0, 3.0, 3.0, -1.0, 1.0, 2.0, 1.0, -1.0, 3.0, 0.0, -1.0, 0.0, 96971.0, 446.0
0.0, 2.0, 2.0, 1.0, 0.0, 2.0, -1.0, -1.0, -1.0, 0.0, -1.0, -1.0, 2.0, -1.0, 0.0, 3.0, -1.0, 0.0, 1.0, 3.0, -1.0, 0.0, -1.0, -1.0, -1.0, -1.0, 0.0, 1.0, -1.0, 1.0, 1.0, 0.0, 1.0, 2.0, -1.0, -1.0, -1.0, 2.0, 1.0, 3.0, 3.0, -1.0, 1.0, 2.0, 1.0, -1.0, 3.0, 0.0, -1.0, 0.0, 96929.0, 464.0
1.0, 2.0, 2.0, 1.0, 0.0, 2.0, -1.0, -1.0, -1.0, 0.0, -1.0, -1.0, 2.0, -1.0, 0.0, 3.0, -1.0, 0.0, 1.0, 1.0, -1.0, 0.0, -1.0, -1.0, -1.0, -1.0, 0.0, 1.0, -1.0, -1.0, 1.0, 0.0, 1.0, 2.0, -1.0, -1.0, -1.0, 2.0, 1.0, 3.0, 3.0, -1.0, 1.0, 2.0, 1.0, -1.0, 3.0, 0.0, -1.0, 0.0, 96997.0, 446.0
1.0, 2.0, 2.0, 1.0, 0.0, 2.0, -1.0, -1.0, -1.0, 0.0, -1.0, -1.0, 2.0, -1.0, 0.0, 3.0, -1.0, 0.0, 1.0, 1.0, -1.0, 0.0, -1.0, -1.0, -1.0, -1.0, 0.0, 1.0, -1.0, -1.0, 1.0, 0.0, 1.0, 2.0, -1.0, -1.0, -1.0, 2.0, 1.0, 3.0, 3.0, -1.0, 1.0, 2.0, 1.0, -1.0, 3.0, 0.0, -1.0, 0.0, 96997.0, 446.0
1.0, 2.0, 2.0, 1.0, 0.0, 2.0, 0.0, -1.0, -1.0, 0.0, -1.0, -1.0, 2.0, -1.0, 0.0, 3.0, -1.0, 0.0, 1.0, 1.0, -1.0, 0.0, -1.0, -1.0, -1.0, -1.0, 1.0, 1.0, 0.0, 3.0, 2.0, 0.0, 1.0, 2.0, -1.0, -1.0, -1.0, -1.0, 3.0, 3.0, 3.0, -1.0, 1.0, 2.0, 3.0, -1.0, 3.0, 0.0, -1.0, 0.0, 96876.0, 476.0
1.0, 2.0, 2.0, 1.0, 0.0, 2.0, 0.0, -1.0, -1.0, 0.0, -1.0, -1.0, 2.0, -1.0, 0.0, 3.0, -1.0, 0.0, 1.0, 1.0, -1.0, 0.0, -1.0, -1.0, -1.0, -1.0, 1.0, 1.0, 0.0, 3.0, 2.0, 0.0, 1.0, 2.0, -1.0, -1.0, -1.0, -1.0, 3.0, 3.0, 3.0, -1.0, 1.0, 2.0, 3.0, -1.0, 3.0, 0.0, -1.0, 0.0, 96876.0, 476.0
