2.0, -1.0, -1.0, 1.0, 1.0, -1.0, -1.0, -1.0, 0.0, 3.0, 0.0, 1.0, 2.0, 0.0, 2.0, 2.0, 2.0, 1.0, -1.0, 2.0, -1.0, -1.0, -1.0, -1.0, -1.0, 0.0, 1.0, 2.0, 1.0, 1.0, 2.0, 3.0, -1.0, 0.0, -1.0, 2.0, -1.0, 0.0, 2.0, 0.0, 0.0, -1.0, 3.0, 2.0, 0.0, 1.0, 1.0, 3.0, 0.0, 2.0, 96940.0, 486.0
2.0, 1.0, -1.0, -1.0, -1.0, 1.0, 1.0, 2.0, -1.0, -1.0, 0.0, 0.0, 1.0, 2.0, 1.0, -1.0, 0.0, 0.0, 1.0, -1.0, 1.0, 0.0, -1.0, 0.0, -1.0, 1.0, 0.0, -1.0, -1.0, 3.0, 0.0, 2.0, 1.0, 1.0, 2.0, 0.0, 1.0, 2.0, 1.0, 2.0, 0.0, -1.0, -1.0, 0.0, 1.0, 0.0, 3.0, 3.0, 2.0, 0.0, 96559.0, 509.0
2.0, -1.0, -1.0, -1.0, 1.0, 2.0, -1.0, -1.0, 0.0, 3.0, 0.0, 1.0, 1.0, 0.0, 2.0, 2.0, 2.0, 1.0, 1.0, 3.0, -1.0, -1.0, -1.0, -1.0, -1.0, 0.0, 1.0, 2.0, 1.0, 1.0, 2.0, 3.0, -1.0, 0.0, -1.0, 1.0, -1.0, 0.0, 2.0, 0.0, 0.0, -1.0, 3.0, 2.0, 0.0, 0.0, 1.0, 3.0, 0.0, 2.0, 96874.0, 490.0
2.0, -1.0, -1.0, 1.0, 1.0, -1.0, -1.0, -1.0, 0.0, 3.0, 0.0, 1.0, 2.0, 0.0, 2.0, 2.0, 2.0, 1.0, -1.0, 2.0, -1.0, -1.0, -1.0, -1.0, -1.0, 0.0, 1.0, 2.0, 1.0, 1.0, 2.0, 3.0, -1.0, 0.0, -1.0, 2.0, -1.0, 0.0, 2.0, 0.0, 0.0, -1.0, 3.0, 2.0, 0.0, 1.0, 1.0, 3.0, 0.0, 2.0, 96940.0, 486.0
2.0, 1.0, -1.0, -1.0, -1.0, 1.0, 1.0, 2.0, -1.0, -1.0, 0.0, 0.0, 1.0, 2.0, 1.0, -1.0, 0.0, 0.0, 1.0, -1.0, 1.0, 0.0, -1.0, 0.0, -1.0, 1.0, 0.0, -1.0, -1.0, 3.0, 0.0, 2.0, 1.0, 1.0, 2.0, 0.0, 1.0, 2.0, 1.0, 2.0, 0.0, -1.0, -1.0, 0.0, 1.0, 0.0, 3.0, 3.0, 2.0, 0.0, 96559.0, 509.0
2.0, 1.0, -1.0, -1.0, -1.0, 1.0, 1.0, -1.0, -1.0, -1.0, 0.0, 0.0, 1.0, 2.0, 1.0, -1.0, 2.0, 0.0, 1.0, -1.0, 1.0, 0.0, -1.0, 0.0, -1.0, 1.0, 1.0, -1.0, -1.0, 3.0, 0.0, 2.0, 1.0, 1.0, 2.0, 0.0, 1.0, 2.0, 1.0, 2.0, 0.0, -1.0, -1.0, 0.0, 1.0, 0.0, 3.0, 3.0, 2.0, 0.0, 96769.0, 492.0
2.0, -1.0, -1.0, -1.0, 1.0, 2.0, -1.0, 2.0, 0.0, 3.0, 0.0, 1.0, 1.0, 0.0, 2.0, 2.0, 0.0, 1.0, 1.0, 3.0, -1.0, -1.0, -1.0, -1.0, -1.0, 0.0, 0.0, 2.0, 1.0, 1.0, 2.0, 3.0, -1.0, 0.0, -1.0, 1.0, -1.0, 0.0, 2.0, 0.0, 0.0, -1.0, 3.0, 2.0, 0.0, 0.0, 1.0, 3.0, 0.0, 2.0, 96664.0, 507.0
2.0, 1.0, -1.0, -1.0, -1.0, -1.0, 1.0, 2.0, -1.0, -1.0, 0.0, 0.0, 1.0, 2.0, 2.0, -1.0, 0.0, 0.0, 1.0, 0.0, 1.0, 0.0, -1.0, -1.0, -1.0, 1.0, 0.0, -1.0, -1.0, 3.0, 0.0, 2.0, 1.0, 1.0, 2.0, 2.0, 1.0, 2.0, 1.0, 2.0, 0.0, -1.0, -1.0, 0.0, 1.0, 0.0, 3.0, 3.0, 2.0, 0.0, 96746.0, 500.0
2.0, -1.0, -1.0, -1.0, 1.0, 2.0, -1.0, -1.0, 0.0, 3.0, 0.0, 1.0, 1.0, 0.0, 2.0, 2.0, 2.0, 1.0, 1.0, 3.0, -1.0, -1.0, -1.0, -1.0, -1.0, 0.0, 1.0, 2.0, 1.0, 1.0, 2.0, 3.0, -1.0, 0.0, -1.0, 1.0, -1.0, 0.0, 2.0, 0.0, 0.0, -1.0, 3.0, 2.0, 0.0, 0.0, 1.0, 3.0, 0.0, 2.0, 96874.0, 490.0
2.0, 1.0, -1.0, -1.0, -1.0, 1.0, 1.0, 2.0, -1.0, -1.0, 0.0, 0.0, 1.0, 2.0, 1.0, -1.0, 0.0, 0.0, 1.0, -1.0, 1.0, 0.0, -1.0, 0.0, -1.0, 1.0, 0.0, -1.0, -1.0, 3.0, 0.0, 2.0, 1.0, 1.0, 2.0, 0.0, 1.0, 2.0, 1.0, 2.0, 0.0, -1.0, -1.0, 0.0, 1.0, 0.0, 3.0, 3.0, 2.0, 0.0, 96559.0, 509.0
2.0, -1.0, -1.0, -1.0, 1.0, 2.0, -1.0, 2.0, 0.0, 3.0, 0.0, 1.0, 1.0, 0.0, 2.0, 2.0, 0.0, 1.0, 1.0, 3.0, -1.0, -1.0, -1.0, -1.0, -1.0, 0.0, 0.0, 2.0, 1.0, 1.0, 2.0, 3.0, -1.0, 0.0, -1.0, 1.0, -1.0, 0.0, 2.0, 0.0, 0.0, -1.0, 3.0, 2.0, 0.0, 0.0, 1.0, 3.0, 0.0, 2.0, 96664.0, 507.0
0.0, -1.0, -1.0, -1.0, 1.0, 2.0, -1.0, -1.0, 0.0, 3.0, 0.0, 1.0, 1.0, 0.0, 2.0, 2.0, 2.0, -1.0, 1.0, 3.0, -1.0, -1.0, -1.0, -1.0, -1.0, 0.0, 1.0, 2.0, 1.0, 1.0, 2.0, 3.0, -1.0, 0.0, -1.0, 1.0, -1.0, 0.0, 2.0, 0.0, 0.0, -1.0, 3.0, 2.0, 0.0, 1.0, 1.0, 3.0, 0.0, 2.0, 96967.0, 474.0
0.0, 0.0, 2.0, 0.0, 3.0, 1.0, 1.0, -1.0, 0.0, 1.0, 0.0, 0.0, 2.0, 2.0, -1.0, 0.0, -1.0, -1.0, -1.0, 0.0, 2.0, -1.0, 0.0, -1.0, 1.0, -1.0, 2.0, 1.0, 1.0, 2.0, 1.0, -1.0, -1.0, -1.0, 2.0, -1.0, -1.0, 2.0, 1.0, 0.0, -1.0, -1.0, -1.0, -1.0, 1.0, 1.0, -1.0, 0.0, 0.0, 3.0, 97295.0, 440.0
2.0, -1.0, -1.0, -1.0, 1.0, 2.0, -1.0, -1.0, 0.0, 3.0, 0.0, 1.0, 1.0, 2.0, 2.0, 2.0, 2.0, -1.0, 1.0, 3.0, -1.0, -1.0, -1.0, -1.0, -1.0, 0.0, 1.0, -1.0, -1.0, 1.0, 2.0, 3.0, -1.0, 0.0, -1.0, 1.0, -1.0, 0.0, 2.0, 0.0, 0.0, -1.0, 1.0, 2.0, 0.0, 1.0, 1.0, 3.0, 0.0, 2.0, 97193.0, 453.0
-1.0, -1.0, 0.0, -1.0, 0.0, 1.0, 2.0, 3.0, -1.0, 1.0, -1.0, -1.0, 2.0, 0.0, 1.0, 3.0, -1.0, 3.0, -1.0, 2.0, -1.0, 3.0, -1.0, 1.0, 2.0, -1.0, 3.0, 1.0, 1.0, 0.0, 0.0, 2.0, 3.0, 2.0, 1.0, 3.0, 1.0, -1.0, 1.0, 2.0, -1.0, -1.0, -1.0, -1.0, 1.0, -1.0, 2.0, 1.0, 2.0, 2.0, 97500.0, 446.0
-1.0, -1.0, 0.0, -1.0, 0.0, 1.0, 2.0, 3.0, -1.0, 1.0, -1.0, -1.0, 2.0, 0.0, 1.0, 3.0, -1.0, 3.0, -1.0, 2.0, -1.0, 3.0, -1.0, 1.0, 2.0, -1.0, 3.0, 1.0, 1.0, 0.0, 0.0, 2.0, 3.0, 2.0, 1.0, 3.0, 1.0, -1.0, 1.0, 2.0, -1.0, -1.0, -1.0, -1.0, 1.0, -1.0, 2.0, 1.0, 2.0, 2.0, 97500.0, 446.0
2.0, -1.0, -1.0, 1.0, 1.0, -1.0, 0.0, -1.0, 0.0, 3.0, 0.0, 1.0, 2.0, 0.0, 2.0, 2.0, 2.0, 1.0, 1.0, 2.0, -1.0, -1.0, -1.0, -1.0, -1.0, 0.0, 1.0, 2.0, 1.0, 1.0, 2.0, 3.0, -1.0, 2.0, -1.0, 2.0, -1.0, 0.0, 2.0, 0.0, 0.0, -1.0, 3.0, 2.0, 0.0, 1.0, 1.0, 3.0, 0.0, 2.0, 96757.0, 506.0
2.0, -1.0, -1.0, 1.0, 1.0, -1.0, 0.0, -1.0, 0.0, 3.0, 0.0, 1.0, 2.0, 0.0, 2.0, 2.0, 2.0, 1.0, 1.0, 2.0, -1.0, -1.0, -1.0, -1.0, -1.0, 0.0, 1.0, 2.0, 1.0, 1.0, 2.0, 3.0, -1.0, 2.0, -1.0, 2.0, -1.0, 0.0, 2.0, 0.0, 0.0, -1.0, 3.0, 2.0, 0.0, 1.0, 1.0, 3.0, 0.0, 2.0, 96757.0, 506.0
2.0, -1.0, -1.0, 1.0, 1.0, 2.0, -1.0, -1.0, 0.0, 3.0, 0.0, 1.0, 2.0, 0.0, 2.0, 2.0, 2.0, 1.0, 1.0, 3.0, -1.0, -1.0, -1.0, -1.0, -1.0, 0.0, 1.0, 2.0, 1.0, 1.0, 2.0, 3.0, -1.0, 0.0, -1.0, 1.0, -1.0, 0.0, 1.0, 0.0, 0.0, -1.0, -1.0, 2.0, 0.0, 1.0, 1.0, 3.0, 0.0, 2.0, 96783.0, 492.0
2.0, -1.0, -1.0, 1.0, 1.0, 2.0, -1.0, -1.0, 0.0, 3.0, 0.0, 1.0, 2.0, 0.0, 2.0, 2.0, 2.0, 1.0, 1.0, 3.0, -1.0, -1.0, -1.0, -1.0, -1.0, 0.0, 1.0, 2.0, 1.0, 1.0, 2.0, 3.0, -1.0, 0.0, -1.0, 1.0, -1.0, 0.0, 1.0, 0.0, 0.0, -1.0, -1.0, 2.0, 0.0, 1.0, 1.0, 3.0, 0.0, 2.0, 96783.0, 492.0
2.0, -1.0, -1.0, -1.0, 1.0, 2.0, -1.0, -1.0, 0.0, 3.0, 0.0, 1.0, 1.0, 0.0, 2.0, 2.0, 2.0, -1.0, 1.0, 3.0, -1.0, -1.0, -1.0, -1.0, -1.0, 0.0, 1.0, 2.0, 1.0, 1.0, 2.0, 3.0, -1.0, 0.0, -1.0, 1.0, -1.0, 0.0, 2.0, 0.0, 0.0, -1.0, 3.0, 2.0, 0.0, 0.0, 1.0, 3.0, 0.0, 2.0, 96999.0, 474.0
2.0, -1.0, -1.0, -1.0, 1.0, 1.0, -1.0, -1.0, 0.0, 3.0, 0.0, 1.0, 1.0, 0.0, 2.0, 2.0, 2.0, 1.0, 1.0, 3.0, -1.0, -1.0, -1.0, -1.0, -1.0, 0.0, 1.0, 2.0, 1.0, 1.0, 2.0, 3.0, -1.0, 0.0, -1.0, 1.0, -1.0, 0.0, 2.0, 0.0, 0.0, -1.0, 3.0, 2.0, 0.0, 1.0, 1.0, 3.0, 0.0, 2.0, 96889.0, 490.0
0.0, 1.0, 2.0, -1.0, 1.0, 2.0, 1.0, 1.0, 1.0, 1.0, 2.0, 1.0, 3.0, -1.0, -1.0, 0.0, 1.0, -1.0, 2.0, -1.0, 2.0, -1.0, 0.0, -1.0, 1.0, 2.0, 2.0, 3.0, 0.0, 2.0, 3.0, 3.0, 3.0, -1.0, 2.0, 0.0, 1.0, 0.0, 1.0, 2.0, 1.0, 2.0, 3.0, 0.0, -1.0, 0.0, 1.0, -1.0, 0.0, 1.0, 96487.0, 533.0
0.0, 1.0, 2.0, -1.0, 1.0, 2.0, 1.0, 1.0, 1.0, 1.0, 2.0, 1.0, 3.0, -1.0, -1.0, 0.0, 1.0, -1.0, 2.0, -1.0, 2.0, -1.0, 0.0, -1.0, 1.0, 2.0, 2.0, 3.0, 0.0, 2.0, 3.0, 3.0, 3.0, -1.0, 2.0, 0.0, 1.0, 0.0, 1.0, 2.0, 1.0, 2.0, 3.0, 0.0, -1.0, 0.0, 1.0, -1.0, 0.0, 1.0, 96487.0, 533.0
2.0, -1.0, -1.0, -1.0, 1.0, 2.0, -1.0, -1.0, 0.0, 3.0, 0.0, 1.0, 1.0, 0.0, 2.0, 2.0, 2.0, 1.0, 1.0, 3.0, -1.0, -1.0, -1.0, -1.0, -1.0, 0.0, 1.0, 2.0, 1.0, 1.0, 2.0, 3.0, -1.0, 0.0, -1.0, 1.0, -1.0, 0.0, 2.0, 0.0, 0.0, -1.0, 3.0, 2.0, 0.0, 1.0, 1.0, 3.0, 0.0, 2.0, 96900.0, 490.0
2.0, -1.0, -1.0, -1.0, 1.0, 2.0, -1.0, -1.0, 0.0, 3.0, 0.0, 1.0, 1.0, 0.0, 2.0, 2.0, 2.0, 1.0, 1.0, 3.0, -1.0, -1.0, -1.0, -1.0, -1.0, 0.0, 1.0, 2.0, 1.0, 1.0, 2.0, 3.0, -1.0, 0.0, -1.0, 1.0, -1.0, 0.0, 2.0, 0.0, 0.0, -1.0, 3.0, 2.0, 0.0, 1.0, 1.0, 3.0, 0.0, 2.0, 96900.0, 490.0
2.0, -1.0, -1.0, -1.0, 1.0, 2.0, -1.0, -1.0, 0.0, 3.0, 0.0, 1.0, 1.0, 0.0, 2.0, 2.0, 2.0, 1.0, 1.0, 3.0, -1.0, -1.0, -1.0, -1.0, -1.0, 0.0, 1.0, 2.0, 1.0, 1.0, 2.0, 3.0, -1.0, 0.0, -1.0, 1.0, -1.0, 0.0, 2.0, 0.0, 0.0, -1.0, 3.0, 2.0, 0.0, 1.0, 1.0, 3.0, 0.0, 2.0, 96900.0, 490.0
2.0, -1.0, -1.0, -1.0, 1.0, 2.0, -1.0, -1.0, 0.0, 3.0, 0.0, 1.0, 1.0, 0.0, 2.0, 2.0, 2.0, 1.0, 1.0, 3.0, -1.0, -1.0, -1.0, -1.0, -1.0, 0.0, 1.0, 2.0, 1.0, 1.0, 2.0, 3.0, -1.0, 0.0, -1.0, 1.0, -1.0, 0.0, 2.0, 0.0, 0.0, -1.0, 3.0, 2.0, 0.0, 1.0, 1.0, 3.0, 0.0, 2.0, 96900.0, 490.0
2.0, -1.0, -1.0, -1.0, 1.0, 2.0, -1.0, -1.0, 0.0, 3.0, 0.0, 1.0, 1.0, 0.0, 2.0, 2.0, 2.0, 1.0, 1.0, 3.0, -1.0, -1.0, -1.0, -1.0, -1.0, 0.0, 1.0, 2.0, 1.0, 1.0, 2.0, 3.0, -1.0, 0.0, -1.0, 1.0, -1.0, 0.0, 2.0, 0.0, 0.0, -1.0, 3.0, 2.0, 0.0, 1.0, 1.0, 3.0, 0.0, 2.0, 96900.0, 490.0
2.0, -1.0, -1.0, -1.0, 1.0, 2.0, -1.0, -1.0, 0.0, 3.0, 0.0, 1.0, 1.0, 0.0, 2.0, 2.0, 2.0, 1.0, 1.0, 3.0, -1.0, -1.0, -1.0, -1.0, -1.0, 0.0, 1.0, 2.0, 1.0, 1.0, 2.0, 3.0, -1.0, 0.0, -1.0, 1.0, -1.0, 0.0, 2.0, 0.0, 0.0, -1.0, 3.0, 2.0, 0.0, 1.0, 1.0, 3.0, 0.0, 2.0, 96900.0, 490.0
2.0, -1.0, -1.0, -1.0, 1.0, 2.0, -1.0, -1.0, 0.0, 3.0, 0.0, 1.0, 1.0, 0.0, 2.0, 2.0, 2.0, 1.0, 1.0, 3.0, -1.0, -1.0, -1.0, -1.0, -1.0, 0.0, 1.0, 2.0, 1.0, 1.0, 2.0, 3.0, -1.0, 0.0, -1.0, 1.0, -1.0, 0.0, 2.0, 0.0, 0.0, -1.0, 3.0, 2.0, 0.0, 1.0, 1.0, 3.0, 0.0, 2.0, 96900.0, 490.0
2.0, -1.0, -1.0, -1.0, 1.0, 2.0, -1.0, -1.0, 0.0, 3.0, 0.0, 1.0, 1.0, 0.0, 2.0, 2.0, 2.0, 1.0, 1.0, 3.0, -1.0, -1.0, -1.0, -1.0, -1.0, 0.0, 1.0, 2.0, 1.0, 1.0, 2.0, 3.0, -1.0, 0.0, -1.0, 1.0, -1.0, 0.0, 2.0, 0.0, 0.0, -1.0, 3.0, 2.0, 0.0, 1.0, 1.0, 3.0, 0.0, 2.0, 96900.0, 490.0
2.0, -1.0, -1.0, -1.0, 1.0, 2.0, -1.0, -1.0, 0.0, 3.0, 0.0, 1.0, 1.0, 0.0, 2.0, 2.0, 2.0, 1.0, 1.0, 3.0, -1.0, -1.0, -1.0, -1.0, -1.0, 0.0, 1.0, 2.0, 1.0, 1.0, 2.0, 3.0, -1.0, 0.0, -1.0, 1.0, -1.0, 0.0, 2.0, 0.0, 0.0, -1.0, 3.0, 2.0, 0.0, 1.0, 1.0, 3.0, 0.0, 2.0, 96900.0, 490.0
2.0, -1.0, -1.0, -1.0, 1.0, 2.0, -1.0, -1.0, 0.0, 3.0, 0.0, 1.0, 1.0, 0.0, 2.0, 2.0, 2.0, 1.0, 1.0, 3.0, -1.0, -1.0, -1.0, -1.0, -1.0, 0.0, 1.0, 2.0, 1.0, 1.0, 2.0, 3.0, -1.0, 0.0, -1.0, 1.0, -1.0, 0.0, 2.0, 0.0, 0.0, -1.0, 3.0, 2.0, 0.0, 1.0, 1.0, 3.0, 0.0, 2.0, 96900.0, 490.0
2.0, -1.0, -1.0, -1.0, 1.0, 2.0, -1.0, -1.0, 0.0, 3.0, 0.0, 1.0, 1.0, 0.0, 2.0, 2.0, 2.0, -1.0, 1.0, 3.0, -1.0, -1.0, -1.0, -1.0, -1.0, 0.0, 1.0, 2.0, 1.0, 1.0, 2.0, 3.0, -1.0, 0.0, -1.0, 1.0, -1.0, 0.0, 2.0, 0.0, 0.0, -1.0, 1.0, 2.0, 0.0, 1.0, 1.0, 3.0, 0.0, 2.0, 97009.0, 474.0
2.0, -1.0, -1.0, -1.0, 1.0, 2.0, -1.0, -1.0, 0.0, 3.0, 0.0, 1.0, 1.0, 0.0, 2.0, 2.0, 2.0, -1.0, 1.0, 3.0, -1.0, -1.0, -1.0, -1.0, -1.0, 0.0, 1.0, 2.0, 1.0, 1.0, 2.0, 3.0, -1.0, 0.0, -1.0, 1.0, -1.0, 0.0, 2.0, 0.0, 0.0, -1.0, 1.0, 2.0, 0.0, 1.0, 1.0, 3.0, 0.0, 2.0, 97009.0, 474.0
2.0, -1.0, -1.0, 1.0, 1.0, -1.0, -1.0, -1.0, 0.0, 3.0, 0.0, 1.0, 2.0, 0.0, 2.0, 2.0, 2.0, 1.0, -1.0, 2.0, -1.0, -1.0, -1.0, -1.0, -1.0, 2.0, 1.0, 2.0, 1.0, 1.0, 2.0, 3.0, -1.0, 0.0, -1.0, 2.0, -1.0, 0.0, 2.0, 0.0, 0.0, -1.0, 3.0, 2.0, 0.0, 1.0, 1.0, 3.0, 0.0, 2.0, 97000.0, 486.0
2.0, -1.0, -1.0, 1.0, 1.0, -1.0, -1.0, -1.0, 0.0, 3.0, 0.0, 1.0, 2.0, 0.0, 2.0, 2.0, 2.0, 1.0, -1.0, 2.0, -1.0, -1.0, -1.0, -1.0, -1.0, 2.0, 1.0, 2.0, 1.0, 1.0, 2.0, 3.0, -1.0, 0.0, -1.0, 2.0, -1.0, 0.0, 2.0, 0.0, 0.0, -1.0, 3.0, 2.0, 0.0, 1.0, 1.0, 3.0, 0.0, 2.0, 97000.0, 486.0
0.0, 0.0, 2.0, 0.0, 3.0, 1.0, 1.0, -1.0, 3.0, 1.0, 0.0, 0.0, 2.0, 2.0, -1.0, 0.0, -1.0, -1.0, -1.0, 0.0, 2.0, -1.0, 0.0, 0.0, 1.0, -1.0, 2.0, 1.0, 1.0, 2.0, 1.0, -1.0, -1.0, -1.0, 2.0, -1.0, -1.0, 2.0, 1.0, 0.0, -1.0, -1.0, -1.0, -1.0, 1.0, 1.0, -1.0, 0.0, 0.0, 3.0, 97284.0, 456.0
0.0, 0.0, 2.0, 0.0, 3.0, 1.0, 1.0, -1.0, 3.0, 1.0, 0.0, 0.0, 2.0, 2.0, -1.0, 0.0, -1.0, -1.0, -1.0, 0.0, 2.0, -1.0, 0.0, 0.0, 1.0, -1.0, 2.0, 1.0, 1.0, 2.0, 1.0, -1.0, -1.0, -1.0, 2.0, -1.0, -1.0, 2.0, 1.0, 0.0, -1.0, -1.0, -1.0, -1.0, 1.0, 1.0, -1.0, 0.0, 0.0, 3.0, 97284.0, 456.0
0.0, 0.0, 2.0, 0.0, 3.0, 1.0, 1.0, -1.0, 3.0, 1.0, 0.0, 0.0, 2.0, 2.0, -1.0, 0.0, -1.0, -1.0, -1.0, 0.0, 2.0, -1.0, 0.0, 0.0, 1.0, -1.0, 2.0, 1.0, 1.0, 2.0, 1.0, -1.0, -1.0, -1.0, 2.0, -1.0, -1.0, 2.0, 1.0, 0.0, -1.0, -1.0, -1.0, -1.0, 1.0, 1.0, -1.0, 0.0, 0.0, 3.0, 97284.0, 456.0
0.0, 0.0, 2.0, 0.0, 3.0, 1.0, 1.0, -1.0, 3.0, 1.0, 0.0, 0.0, 2.0, 2.0, -1.0, 0.0, -1.0, -1.0, -1.0, 0.0, 2.0, -1.0, 0.0, 0.0, 1.0, -1.0, 2.0, 1.0, 1.0, 2.0, 1.0, -1.0, -1.0, -1.0, 2.0, -1.0, -1.0, 2.0, 1.0, 0.0, -1.0, -1.0, -1.0, -1.0, 1.0, 1.0, -1.0, 0.0, 0.0, 3.0, 97284.0, 456.0
0.0, 0.0, 2.0, 0.0, 3.0, 1.0, 1.0, -1.0, 3.0, 1.0, 0.0, 0.0, 2.0, 2.0, -1.0, 0.0, -1.0, -1.0, -1.0, 0.0, 2.0, -1.0, 0.0, 0.0, 1.0, -1.0, 2.0, 1.0, 1.0, 2.0, 1.0, -1.0, -1.0, -1.0, 2.0, -1.0, -1.0, 2.0, 1.0, 0.0, -1.0, -1.0, -1.0, -1.0, 1.0, 1.0, -1.0, 0.0, 0.0, 3.0, 97284.0, 456.0
