-1.0, 0.0, 0.0, 1.0, -1.0, 1.0, 2.0, 0.0, 0.0, -1.0, 0.0, 2.0, -1.0, 1.0, 1.0, 2.0, 0.0, 2.0, 1.0, 0.0, 3.0, 1.0, -1.0, 1.0, 1.0, 1.0, 1.0, -1.0, 2.0, 2.0, -1.0, -1.0, 3.0, 2.0, -1.0, -1.0, 0.0, 2.0, 3.0, 1.0, -1.0, 1.0, -1.0, 1.0, 2.0, -1.0, 3.0, 2.0, 2.0, 2.0, 504.0, 99458.0
-1.0, 0.0, 0.0, 1.0, -1.0, 1.0, 2.0, 0.0, 0.0, -1.0, 0.0, 2.0, -1.0, 2.0, 1.0, 2.0, 0.0, 2.0, 1.0, 0.0, 3.0, 1.0, -1.0, 1.0, 1.0, 1.0, 1.0, -1.0, 2.0, 2.0, -1.0, -1.0, 3.0, 2.0, -1.0, -1.0, 0.0, 2.0, 3.0, 1.0, -1.0, 1.0, -1.0, 1.0, 2.0, -1.0, 3.0, 2.0, 2.0, 2.0, 504.0, 99458.0
-1.0, 0.0, 0.0, 1.0, -1.0, 1.0, 2.0, 0.0, 0.0, -1.0, 0.0, 2.0, -1.0, 2.0, 1.0, 2.0, 0.0, 2.0, 1.0, 0.0, 3.0, 1.0, -1.0, 1.0, 1.0, 1.0, 2.0, -1.0, 2.0, 2.0, -1.0, -1.0, 3.0, 2.0, 0.0, -1.0, 0.0, 2.0, 3.0, 1.0, -1.0, 1.0, -1.0, 1.0, 2.0, 1.0, 3.0, 2.0, 2.0, 2.0, 535.0, 99436.0
0.0, 0.0, 0.0, 1.0, -1.0, 1.0, 2.0, 0.0, 0.0, 3.0, 0.0, 2.0, -1.0, 2.0, 1.0, 2.0, 0.0, 2.0, 1.0, 0.0, 3.0, 1.0, -1.0, 1.0, 2.0, 1.0, 1.0, -1.0, 2.0, 2.0, -1.0, -1.0, 3.0, 2.0, -1.0, -1.0, 0.0, 2.0, 1.0, 1.0, -1.0, 1.0, -1.0, 1.0, 2.0, 1.0, 3.0, 2.0, 2.0, 2.0, 548.0, 99428.0
-1.0, 0.0, 0.0, 1.0, -1.0, 1.0, 2.0, 0.0, 0.0, -1.0, 0.0, 2.0, -1.0, 2.0, 1.0, 2.0, 0.0, 2.0, 1.0, 0.0, 3.0, 1.0, -1.0, 1.0, 1.0, 1.0, 2.0, -1.0, 2.0, 2.0, -1.0, -1.0, 3.0, 2.0, -1.0, -1.0, 0.0, 2.0, 3.0, 1.0, -1.0, 1.0, -1.0, 1.0, 2.0, 1.0, 3.0, 2.0, 2.0, 2.0, 520.0, 99453.0
1.0, -1.0, 1.0, 0.0, -1.0, -1.0, 3.0, 2.0, 3.0, 3.0, 2.0, 1.0, 1.0, 2.0, 2.0, -1.0, -1.0, 0.0, 1.0, 2.0, -1.0, -1.0, -1.0, 1.0, 0.0, 3.0, 0.0, 1.0, 3.0, 0.0, 3.0, -1.0, 2.0, 1.0, 0.0, 2.0, 1.0, 3.0, 0.0, 2.0, 0.0, 1.0, -1.0, 0.0, 1.0, 1.0, 1.0, 2.0, 2.0, 2.0, 557.0, 99415.0
0.0, 1.0, 0.0, 0.0, -1.0, 1.0, 2.0, 0.0, 3.0, 0.0, 0.0, 2.0, 2.0, 2.0, 1.0, 2.0, 0.0, 2.0, 1.0, 0.0, 3.0, 1.0, -1.0, 1.0, 1.0, 1.0, 1.0, -1.0, 2.0, 2.0, 0.0, -1.0, 3.0, 2.0, -1.0, -1.0, 0.0, 2.0, 3.0, 1.0, -1.0, 1.0, -1.0, 1.0, 2.0, 1.0, 3.0, 2.0, 0.0, -1.0, 571.0, 99413.0
0.0, -1.0, 2.0, 1.0, -1.0, -1.0, -1.0, 1.0, 3.0, 1.0, 2.0, 3.0, 0.0, 2.0, 3.0, 3.0, -1.0, 2.0, 0.0, 1.0, 2.0, 0.0, 2.0, 3.0, 2.0, 0.0, 2.0, 1.0, 0.0, 0.0, 0.0, 3.0, 2.0, 1.0, 2.0, -1.0, 3.0, 3.0, 1.0, 1.0, 1.0, 1.0, 0.0, 0.0, 3.0, -1.0, 1.0, 1.0, 3.0, 0.0, 603.0, 99381.0
0.0, -1.0, 2.0, 1.0, -1.0, -1.0, -1.0, 1.0, 3.0, -1.0, 2.0, 3.0, 0.0, 2.0, 3.0, 0.0, 0.0, 2.0, 0.0, 1.0, 2.0, -1.0, 1.0, 3.0, 2.0, 0.0, 2.0, 1.0, 0.0, 0.0, 0.0, 3.0, 3.0, 2.0, 2.0, 2.0, 3.0, 2.0, 3.0, 1.0, -1.0, 1.0, 1.0, 0.0, 3.0, -1.0, 1.0, 1.0, 3.0, 0.0, 592.0, 99385.0
0.0, 1.0, 0.0, 0.0, -1.0, 1.0, 2.0, 0.0, 3.0, 0.0, 0.0, 2.0, 2.0, 2.0, 1.0, 2.0, 0.0, 2.0, 1.0, 0.0, 3.0, 1.0, -1.0, 1.0, 1.0, 1.0, 1.0, -1.0, 2.0, 2.0, 0.0, -1.0, 3.0, 2.0, -1.0, -1.0, 0.0, 2.0, 3.0, 1.0, -1.0, 1.0, -1.0, 1.0, 2.0, 1.0, 3.0, 2.0, -1.0, -1.0, 553.0, 99425.0
0.0, -1.0, 2.0, 1.0, 2.0, -1.0, -1.0, 1.0, 3.0, 1.0, 2.0, 3.0, 0.0, 2.0, 3.0, 3.0, 1.0, 2.0, 0.0, 1.0, 2.0, 0.0, 2.0, 3.0, 2.0, 0.0, 2.0, 1.0, 0.0, 0.0, 0.0, 3.0, 2.0, 1.0, 2.0, -1.0, 2.0, 3.0, 1.0, 1.0, 1.0, 1.0, 0.0, 0.0, 3.0, -1.0, 1.0, 1.0, 3.0, 2.0, 631.0, 99358.0
-1.0, 0.0, 0.0, 1.0, -1.0, 1.0, 2.0, 0.0, 0.0, -1.0, 0.0, 2.0, -1.0, 1.0, 1.0, 2.0, 0.0, 2.0, 1.0, 0.0, 3.0, 1.0, -1.0, 1.0, 1.0, 1.0, 2.0, -1.0, 2.0, 2.0, -1.0, -1.0, 3.0, 2.0, -1.0, -1.0, 0.0, 2.0, 3.0, 1.0, -1.0, 1.0, -1.0, 1.0, 2.0, 1.0, 3.0, 2.0, 2.0, 2.0, 520.0, 99453.0
-1.0, -1.0, 2.0, 1.0, -1.0, -1.0, -1.0, 1.0, 3.0, -1.0, 2.0, 2.0, 0.0, 1.0, 3.0, 0.0, 0.0, 2.0, 0.0, 1.0, 2.0, -1.0, 1.0, 3.0, 1.0, 0.0, 2.0, 1.0, 0.0, 0.0, 0.0, 3.0, 3.0, 2.0, 2.0, 2.0, 3.0, 2.0, 3.0, 1.0, -1.0, 1.0, 1.0, 0.0, 3.0, -1.0, 1.0, 1.0, 3.0, 0.0, 574.0, 99401.0
0.0, -1.0, 2.0, 1.0, 2.0, -1.0, -1.0, 1.0, 3.0, 1.0, 2.0, 3.0, 0.0, 2.0, 3.0, 3.0, -1.0, 2.0, 0.0, 1.0, 2.0, 0.0, 2.0, 1.0, 2.0, 0.0, 2.0, 1.0, 0.0, 0.0, 0.0, 3.0, 2.0, 1.0, 2.0, -1.0, 3.0, 3.0, 1.0, 1.0, 1.0, 1.0, 0.0, 0.0, 3.0, -1.0, 1.0, 1.0, 3.0, 0.0, 619.0, 99373.0
0.0, -1.0, 2.0, 1.0, 2.0, -1.0, -1.0, 1.0, 3.0, 1.0, 2.0, 3.0, 0.0, 2.0, 3.0, 3.0, 1.0, 2.0, 0.0, 1.0, 2.0, 0.0, 2.0, 3.0, 2.0, 0.0, 2.0, 1.0, 0.0, 0.0, 0.0, 3.0, 2.0, 1.0, 2.0, -1.0, 2.0, 3.0, 1.0, 1.0, 1.0, 1.0, 0.0, 0.0, 3.0, -1.0, 1.0, 1.0, 3.0, 0.0, 631.0, 99358.0
0.0, -1.0, 2.0, 1.0, -1.0, -1.0, -1.0, 1.0, 3.0, -1.0, 2.0, 2.0, 0.0, 2.0, 3.0, 1.0, -1.0, 2.0, 0.0, 1.0, 2.0, -1.0, 1.0, 3.0, 2.0, 0.0, 2.0, 1.0, 0.0, 0.0, 0.0, 3.0, 3.0, 0.0, 2.0, 2.0, 3.0, 2.0, 3.0, 1.0, -1.0, 1.0, 1.0, 0.0, 3.0, -1.0, 1.0, 1.0, 3.0, 0.0, 580.0, 99400.0
0.0, -1.0, 2.0, 1.0, -1.0, -1.0, -1.0, 1.0, 3.0, 1.0, 2.0, 2.0, 0.0, 2.0, 3.0, 0.0, -1.0, 2.0, 0.0, 1.0, 2.0, -1.0, -1.0, 3.0, 2.0, 0.0, 2.0, 1.0, 0.0, 0.0, 0.0, 3.0, 3.0, 0.0, 2.0, 2.0, 3.0, 3.0, 3.0, 1.0, 1.0, 1.0, 1.0, 3.0, 3.0, -1.0, 1.0, 1.0, 3.0, 0.0, 589.0, 99394.0
0.0, -1.0, 2.0, 1.0, -1.0, -1.0, -1.0, 1.0, 3.0, -1.0, 2.0, 2.0, 0.0, 2.0, 3.0, 0.0, -1.0, 2.0, 0.0, 1.0, 2.0, -1.0, 1.0, 3.0, 2.0, 0.0, 2.0, 1.0, 0.0, 0.0, 0.0, 3.0, 3.0, 0.0, 2.0, 2.0, 3.0, 2.0, 3.0, 1.0, -1.0, 1.0, 1.0, 0.0, 3.0, -1.0, 1.0, 1.0, 3.0, 0.0, 580.0, 99400.0
2.0, 0.0, 2.0, 0.0, -1.0, 0.0, 3.0, 1.0, 1.0, 2.0, 3.0, 1.0, 0.0, -1.0, 2.0, 0.0, 1.0, -1.0, 1.0, 2.0, 2.0, 1.0, 2.0, 1.0, 2.0, 3.0, 0.0, 0.0, 1.0, 3.0, -1.0, 0.0, 1.0, 3.0, 0.0, 3.0, 1.0, 0.0, 1.0, 2.0, 2.0, 1.0, 0.0, 0.0, 2.0, -1.0, 2.0, 2.0, 2.0, 3.0, 644.0, 99350.0
0.0, -1.0, 2.0, 1.0, -1.0, -1.0, -1.0, 1.0, 3.0, 1.0, 2.0, 2.0, 0.0, 2.0, 3.0, 1.0, -1.0, 2.0, 0.0, 1.0, 2.0, -1.0, 2.0, 3.0, 2.0, 0.0, 2.0, 1.0, 0.0, 0.0, 0.0, 3.0, 2.0, 0.0, 2.0, 2.0, 3.0, 3.0, 3.0, 1.0, 1.0, 1.0, 1.0, 0.0, 3.0, -1.0, 1.0, 1.0, 3.0, 0.0, 605.0, 99380.0
3.0, 1.0, 0.0, -1.0, -1.0, 3.0, 3.0, 2.0, 2.0, 1.0, 0.0, 1.0, 0.0, 1.0, 2.0, 1.0, 1.0, 1.0, 0.0, 3.0, -1.0, 1.0, 3.0, 2.0, 3.0, 0.0, 1.0, 3.0, 0.0, 2.0, 0.0, 2.0, 3.0, 3.0, 2.0, 2.0, 2.0, 3.0, 1.0, 0.0, 0.0, 0.0, 0.0, 0.0, 1.0, -1.0, 1.0, 2.0, -1.0, 0.0, 642.0, 99352.0
1.0, -1.0, 1.0, 0.0, 2.0, -1.0, 3.0, 2.0, 3.0, 3.0, 2.0, 1.0, 0.0, 1.0, 2.0, -1.0, -1.0, 0.0, 1.0, 2.0, -1.0, -1.0, -1.0, 1.0, 0.0, 3.0, 0.0, 1.0, 3.0, 0.0, 3.0, -1.0, 2.0, 1.0, 0.0, 2.0, 1.0, 3.0, 0.0, 2.0, 0.0, 1.0, -1.0, 0.0, 1.0, 1.0, 1.0, 0.0, 2.0, 2.0, 573.0, 99407.0
0.0, -1.0, 2.0, 1.0, -1.0, -1.0, -1.0, 1.0, 3.0, 1.0, 2.0, 2.0, 0.0, 2.0, 3.0, 0.0, -1.0, 2.0, 0.0, 1.0, 2.0, -1.0, -1.0, 3.0, 2.0, 0.0, 2.0, 1.0, 0.0, 0.0, 0.0, 3.0, 3.0, 0.0, 2.0, 2.0, 3.0, 3.0, 3.0, 1.0, 1.0, 1.0, 1.0, 3.0, 3.0, -1.0, 1.0, 1.0, 3.0, 0.0, 589.0, 99394.0
0.0, -1.0, 2.0, 1.0, -1.0, -1.0, -1.0, 1.0, 3.0, 1.0, 2.0, 2.0, 0.0, 2.0, 3.0, 0.0, -1.0, 2.0, 0.0, 1.0, 2.0, -1.0, 1.0, 3.0, 2.0, 0.0, 1.0, 1.0, 0.0, 0.0, 0.0, 3.0, 3.0, 0.0, 2.0, 2.0, 3.0, 2.0, 3.0, 1.0, -1.0, 1.0, 1.0, 0.0, 3.0, -1.0, 1.0, 1.0, 3.0, 0.0, 590.0, 99391.0
2.0, 0.0, 2.0, 0.0, -1.0, 0.0, 3.0, 1.0, 1.0, 2.0, 3.0, 1.0, 0.0, -1.0, 2.0, 0.0, 1.0, -1.0, 1.0, 2.0, 2.0, 1.0, 2.0, 1.0, 2.0, 3.0, 0.0, 0.0, 1.0, 3.0, -1.0, 0.0, 1.0, 3.0, 0.0, 3.0, 1.0, 0.0, 1.0, 2.0, 2.0, 1.0, 0.0, 0.0, 2.0, -1.0, 2.0, 2.0, 2.0, 3.0, 644.0, 99350.0
0.0, 1.0, 0.0, 0.0, -1.0, 1.0, 2.0, 0.0, 3.0, 0.0, 0.0, 2.0, 2.0, 2.0, 1.0, 2.0, 0.0, 2.0, 1.0, 0.0, 3.0, 1.0, -1.0, 1.0, 3.0, 1.0, 1.0, -1.0, 2.0, 2.0, 0.0, -1.0, 3.0, 2.0, -1.0, -1.0, 0.0, 2.0, 3.0, 1.0, -1.0, 1.0, -1.0, 1.0, 2.0, 1.0, 3.0, 2.0, -1.0, -1.0, 553.0, 99425.0
0.0, -1.0, 2.0, 1.0, -1.0, -1.0, -1.0, 1.0, 3.0, -1.0, 2.0, 2.0, 0.0, 1.0, 3.0, 0.0, 0.0, 2.0, 0.0, 1.0, 2.0, -1.0, 1.0, 3.0, 2.0, 0.0, 2.0, 1.0, 0.0, 0.0, 0.0, 3.0, 3.0, 2.0, 2.0, 2.0, 3.0, 2.0, 3.0, 1.0, -1.0, 1.0, 1.0, 0.0, 3.0, -1.0, 1.0, 1.0, 3.0, 0.0, 592.0, 99385.0
2.0, 0.0, 2.0, 0.0, -1.0, 0.0, 3.0, 1.0, 1.0, 2.0, 3.0, 1.0, 0.0, -1.0, 2.0, 0.0, 1.0, -1.0, 1.0, 2.0, 2.0, 1.0, 2.0, 1.0, 2.0, 3.0, 0.0, 0.0, 1.0, 3.0, 1.0, 0.0, 1.0, 3.0, 0.0, 3.0, 1.0, 0.0, 0.0, 2.0, 2.0, 1.0, 0.0, 3.0, 2.0, -1.0, 2.0, 2.0, 2.0, 3.0, 663.0, 99339.0
1.0, -1.0, 1.0, 0.0, -1.0, -1.0, 3.0, 2.0, 3.0, 3.0, 2.0, 1.0, 1.0, 1.0, 2.0, -1.0, -1.0, 0.0, 1.0, 2.0, -1.0, -1.0, -1.0, 1.0, 0.0, 3.0, 0.0, 1.0, 3.0, 0.0, 3.0, -1.0, 2.0, 1.0, 0.0, 2.0, 1.0, 3.0, 0.0, 2.0, 0.0, 1.0, -1.0, 0.0, 1.0, 1.0, 1.0, 0.0, 2.0, 2.0, 557.0, 99415.0
0.0, -1.0, 2.0, 1.0, -1.0, -1.0, -1.0, 1.0, 3.0, 1.0, 2.0, 2.0, 1.0, 2.0, 3.0, 0.0, -1.0, 2.0, 0.0, 1.0, 2.0, -1.0, 1.0, 3.0, 2.0, 0.0, 2.0, 1.0, 0.0, 0.0, 0.0, 3.0, 3.0, 0.0, 2.0, 2.0, 3.0, 2.0, 3.0, 2.0, -1.0, 1.0, 1.0, 0.0, 3.0, -1.0, 1.0, 1.0, 3.0, 0.0, 590.0, 99391.0
0.0, -1.0, 2.0, 1.0, -1.0, -1.0, -1.0, 1.0, 3.0, 1.0, 2.0, 2.0, 0.0, 2.0, 3.0, 0.0, -1.0, 2.0, 0.0, 1.0, 2.0, -1.0, 2.0, 3.0, 2.0, 0.0, 2.0, 1.0, 0.0, 0.0, 0.0, 3.0, 2.0, 0.0, 2.0, 2.0, 3.0, 3.0, 3.0, 1.0, 1.0, 1.0, 1.0, 0.0, 3.0, -1.0, 1.0, 2.0, 3.0, 0.0, 605.0, 99380.0
0.0, -1.0, 2.0, 1.0, 2.0, -1.0, -1.0, 1.0, 3.0, 1.0, 2.0, 2.0, 0.0, 2.0, 3.0, 3.0, -1.0, 2.0, 0.0, 1.0, 2.0, 0.0, 2.0, 1.0, 2.0, 0.0, 2.0, 1.0, 0.0, 0.0, 0.0, 3.0, 2.0, 1.0, 2.0, -1.0, 3.0, 3.0, 1.0, 1.0, 1.0, 1.0, 0.0, 0.0, 3.0, -1.0, 1.0, 1.0, 3.0, 0.0, 619.0, 99373.0
