0.506695606191, 0.943688742116, 7.80520170019, 0.497566736449, 5.2146343461, 46.9763090835, 2.5496174097, 1.5869959166, 34.092486877, 0.39201265106, 0.201388888889
0.50502546259, 0.950536099756, 5.66716102287, 0.292603883115, 42.4740920622, 46.3017085385, 2.3403697902, 1.80088345648, 20.1978255629, 0.378773813379, 0.695290858726
0.50502546259, 0.901069429098, 7.99062890181, 0.497566736449, 3.54843274212, 46.3017085385, 2.23978434574, 1.00582904478, 20.1978255629, 0.436482100128, 0.0617283950617
0.506695606191, 0.943688742116, 7.80520170019, 0.497566736449, 5.2146343461, 41.4538509684, 2.23978434574, 1.66128723138, 34.092486877, 0.47144724358, 0.0
0.637660837678, 0.845866087288, 7.58384368174, 0.274147417564, 28.3906230808, 40.4067405278, 2.52759029531, 1.55931835975, 43.2574164099, 0.386350470707, 0.426229508197
0.597547556096, 0.950536099756, 5.66716102287, 0.202436553444, 39.2222504863, 46.3017085385, 2.19005735199, 1.48150569277, 41.1124374341, 0.390828738802, 0.670353982301
0.566352894405, 0.897951839336, 2.88945576304, 0.432476293887, 5.2146343461, 40.8327730068, 3.5586052691, 1.31089488339, 36.4405587305, 0.482251156602, 0.0401337792642
0.506695606191, 0.950536099756, 6.96361787237, 0.497566736449, 39.2222504863, 46.9763090835, 2.5496174097, 1.5869959166, 40.3829098624, 0.489202217876, 0.0
0.50502546259, 0.943688742116, 7.99062890181, 0.497566736449, 5.2146343461, 46.3017085385, 2.23978434574, 1.00582904478, 20.1978255629, 0.449880337071, 0.133333333333
0.535353303192, 1.12357238419, 6.15495636635, 0.200689508831, 19.5558699624, 45.9288626776, 3.56840239392, 1.99565514756, 32.5100263018, 0.419565490961, 0.258064516129
0.716711420433, 1.13706088404, 6.15495636635, 0.270317896499, 30.6304488935, 41.994102843, 2.28836559182, 1.77692590563, 40.556254161, 0.421540949486, 0.255813953488
0.50502546259, 0.950536099756, 5.66716102287, 0.292603883115, 42.4740920622, 46.3017085385, 2.3403697902, 1.80088345648, 20.1978255629, 0.429790680382, 0.209523809524
0.511682213583, 0.897951839336, 7.96584305571, 0.334171892041, 10.7304391622, 42.4906021412, 3.96771443649, 1.18936109502, 25.3367762153, 0.417878678321, 0.371727748691
0.500571030727, 1.18036517376, 2.23705540745, 0.300835315385, 10.8686701837, 44.6359943989, 3.70939340424, 0.0585139370124, 30.3502472274, 0.490949101716, 0.0360110803324
0.530916238904, 0.930010923434, 3.47758176046, 0.432546192258, 10.7304391622, 42.4906021412, 3.7959088884, 1.80088345648, 36.3983756842, 0.498277189236, 0.00845070422535
0.526928996168, 1.03633739358, 7.61960504617, 0.460446819653, 30.8827231458, 43.5772495894, 2.29460712771, 0.180623905184, 24.4070938366, 0.491921897336, 0.0121951219512
0.530916238904, 0.865552357921, 7.96584305571, 0.432546192258, 12.9070841957, 42.4906021412, 3.7959088884, 1.18936109502, 36.3983756842, 0.506506188418, 0.00340136054422
0.550120004945, 0.950920634753, 3.88032551064, 0.419088837445, 8.09109590619, 46.2184785479, 3.7959088884, 2.62820458354, 36.3983756842, 0.508487213061, 0.0
0.50502546259, 0.950536099756, 5.66716102287, 0.292603883115, 42.4740920622, 49.3827575657, 2.3403697902, 1.04262942708, 36.3983756842, 0.467595461832, 0.135135135135
0.506695606191, 1.09550602284, 7.64035848978, 0.272623118234, 12.0858439555, 43.2752438896, 3.56840239392, 1.99565514756, 41.5834454517, 0.451006936224, 0.197183098592
0.526928996168, 1.25861917991, 6.28924476518, 0.220313979538, 29.75507306, 46.0698664557, 2.28836559182, 1.69818667715, 21.6255487932, 0.474571016755, 0.0884955752212
0.541173405466, 1.10511934726, 7.36991090941, 0.41604171981, 33.7268383379, 45.5252223785, 3.01662659922, 4.6566066969, 30.4743838053, 0.502311332113, 0.00967741935484
0.529441229458, 0.822198316642, 6.15495636635, 0.200689508831, 19.5558699624, 45.9288626776, 3.56840239392, 1.18936109502, 38.8197263968, 0.405954422332, 0.429752066116
0.539905125416, 0.950536099756, 7.36991090941, 0.213752854236, 39.2222504863, 46.3017085385, 3.01662659922, 1.48150569277, 41.9164951585, 0.400340545112, 0.594174757282
0.526928996168, 1.25861917991, 6.28924476518, 0.220313979538, 29.75507306, 46.0698664557, 3.13312622458, 1.69818667715, 21.6255487932, 0.402957440022, 0.545554335895
0.616282869823, 0.873710037654, 2.00121638915, 0.253527269628, 21.0737231186, 46.9763090835, 3.43561161306, 1.31089488339, 36.4405587305, 0.398386842036, 0.596071733561
0.50502546259, 0.943688742116, 6.96361787237, 0.497566736449, 5.2146343461, 46.9763090835, 2.23978434574, 1.00582904478, 20.1978255629, 0.516208819007, 0.0
0.506695606191, 1.0610151787, 7.82230804319, 0.272623118234, 12.0858439555, 46.9763090835, 3.56840239392, 1.99565514756, 41.5834454517, 0.399956389486, 0.645207439199
0.529441229458, 0.943688742116, 7.80520170019, 0.272623118234, 5.2146343461, 46.9763090835, 3.56840239392, 1.5869959166, 32.5088722614, 0.401726685458, 0.595704948646
0.566352894405, 1.04744517421, 3.50787876212, 0.380025226538, 33.0383185843, 40.0186343836, 3.78600839609, 1.58969124376, 41.1124374341, 0.485904508411, 0.0646900269542
0.50502546259, 0.950536099756, 7.99062890181, 0.432546192258, 12.9070841957, 46.3017085385, 2.3403697902, 1.80088345648, 20.1978255629, 0.40339185199, 0.581395348837
0.503797852032, 1.07978967176, 3.33462746079, 0.373935234844, 42.0202434891, 47.5809963739, 3.07516774567, 3.25555897591, 30.3502472274, 0.500306638799, 0.0352941176471
0.530916238904, 0.930010923434, 3.47758176046, 0.432546192258, 10.7304391622, 45.6812097495, 3.7959088884, 1.80088345648, 36.3983756842, 0.521364051267, 0.0
0.530916238904, 0.84549097226, 7.96584305571, 0.419088837445, 35.4780096562, 42.310344795, 3.7959088884, 2.8233785082, 35.498342535, 0.521004416276, 0.00334448160535
0.716711420433, 1.13706088404, 6.15495636635, 0.270317896499, 30.6304488935, 41.994102843, 2.28836559182, 1.89584618891, 40.556254161, 0.407817091287, 0.542857142857
0.539905125416, 0.950536099756, 5.66716102287, 0.213752854236, 39.2222504863, 46.3017085385, 2.19005735199, 1.48150569277, 43.7995113512, 0.412464511241, 0.458333333333
0.526928996168, 1.25861917991, 6.28924476518, 0.220313979538, 29.75507306, 46.0698664557, 3.13312622458, 1.69818667715, 20.9063948914, 0.412194509171, 0.529842931937
0.506695606191, 1.09550602284, 5.66716102287, 0.292603883115, 12.0858439555, 43.2752438896, 3.56840239392, 1.99565514756, 41.5834454517, 0.410976755918, 0.540189125296
0.526928996168, 1.00245382601, 6.15495636635, 0.407047581284, 29.75507306, 45.9288626776, 2.5496174097, 1.69818667715, 32.5100263018, 0.403807263891, 0.583025830258
0.506695606191, 0.943688742116, 7.80520170019, 0.200689508831, 5.2146343461, 46.9763090835, 3.56840239392, 1.5869959166, 34.092486877, 0.40170264185, 0.667812929849
0.503797852032, 0.840400487019, 7.96584305571, 0.419088837445, 1.89865758456, 42.4906021412, 3.7959088884, 2.8233785082, 35.498342535, 0.507763796377, 0.0103806228374
0.535353303192, 1.2492997228, 6.15495636635, 0.200689508831, 19.5558699624, 45.9288626776, 3.56840239392, 1.99565514756, 32.5100263018, 0.402193697963, 0.614835948645
0.500759654527, 1.2435449215, 7.05031739299, 0.205492252304, 43.2460183414, 48.4531401619, 2.01589116847, 2.19571941899, 22.1408762651, 0.483089910546, 0.102803738318
0.716711420433, 1.13706088404, 6.15495636635, 0.270317896499, 30.6304488935, 41.994102843, 2.28836559182, 0.901706304932, 40.556254161, 0.492491594967, 0.05
0.530916238904, 0.84549097226, 7.96584305571, 0.419088837445, 10.7304391622, 42.4906021412, 3.7959088884, 2.8233785082, 35.498342535, 0.5202117988, 0.00783289817232
0.529441229458, 0.943688742116, 7.80520170019, 0.241951745094, 5.2146343461, 46.9763090835, 3.56840239392, 1.5869959166, 32.5088722614, 0.443804462842, 0.255445544554
0.530916238904, 0.84549097226, 7.64035848978, 0.319391951426, 10.7304391622, 42.4906021412, 3.7959088884, 1.2201563238, 36.3983756842, 0.447412482856, 0.231343283582
0.799445020793, 1.01316678642, 7.81354417505, 0.478309845864, 14.5516129625, 40.4149257224, 2.52759029531, 1.00582904478, 43.6761887372, 0.52640421377, 0.0
0.535353303192, 1.17895827821, 6.15495636635, 0.200689508831, 19.7153472, 40.8327730068, 3.56840239392, 1.71132839371, 36.7549610302, 0.401809153998, 0.691187739464
0.560414736342, 0.930010923434, 3.47758176046, 0.260609882781, 0.736036837256, 47.4801849757, 3.88495314809, 1.80088345648, 31.4208683726, 0.428764382065, 0.390625
0.530916238904, 0.865552357921, 7.96584305571, 0.432546192258, 10.7304391622, 42.4906021412, 3.7959088884, 1.18936109502, 36.3983756842, 0.426000865042, 0.404285714286
0.637660837678, 0.845866087288, 7.58384368174, 0.478309845864, 28.3906230808, 40.4067405278, 2.52759029531, 1.55931835975, 43.2574164099, 0.425607503591, 0.410480349345
0.535353303192, 1.12357238419, 6.15495636635, 0.200689508831, 19.5558699624, 45.9288626776, 3.83724214816, 1.99565514756, 32.5100263018, 0.4032999559, 0.629005059022
0.673756101393, 1.25152761502, 3.97251068749, 0.311201394916, 0.736036837256, 40.4049841194, 2.53390631028, 0.164579795929, 42.2359220027, 0.529592320295, 0.0
0.526928996168, 1.25861917991, 5.28652713238, 0.274147417564, 29.75507306, 42.915516435, 3.2674558711, 1.69818667715, 34.092486877, 0.403631699344, 0.59943977591
0.5580657082, 1.00063125627, 4.11186503734, 0.212744764475, 8.35323195906, 40.8327730068, 3.09032953731, 1.71132839371, 41.5834454517, 0.435643716986, 0.268691588785
0.530916238904, 0.84549097226, 7.96584305571, 0.419088837445, 35.4780096562, 42.310344795, 3.7959088884, 2.8233785082, 35.498342535, 0.508312393947, 0.0141342756184
0.539905125416, 0.950536099756, 3.47758176046, 0.213752854236, 39.2222504863, 47.4801849757, 2.60946873702, 1.99565514756, 41.9164951585, 0.471952371064, 0.198198198198
0.727982865353, 1.10511934726, 7.1255736331, 0.366500039195, 49.1137603901, 43.4967556126, 2.71534059058, 3.56415831975, 35.1332883105, 0.536527097609, 0.0
0.566352894405, 0.872363234061, 3.50787876212, 0.380025226538, 33.0383185843, 40.0186343836, 3.78600839609, 1.58969124376, 30.0528451631, 0.488653522275, 0.121468926554
0.539905125416, 0.950536099756, 5.66716102287, 0.213752854236, 39.2222504863, 46.3017085385, 2.19005735199, 1.48150569277, 41.9164951585, 0.408551708018, 0.58361774744
0.500759654527, 0.831321669195, 7.05031739299, 0.403741529355, 44.8151821614, 48.4531401619, 2.01589116847, 0.428458433345, 34.092486877, 0.503775808928, 0.0428571428571
0.637660837678, 1.01316678642, 7.58384368174, 0.478309845864, 28.3906230808, 40.7052074802, 2.17631634805, 1.00582904478, 43.1824711879, 0.547650798208, 0.0
0.503797852032, 1.07978967176, 3.11350121921, 0.373935234844, 42.0202434891, 47.5809963739, 3.07516774567, 1.24043580042, 32.822195753, 0.427561485543, 0.418727915194
0.636229842993, 0.962193030524, 2.987992769, 0.437242550415, 24.5986439976, 42.2640093364, 3.91094970478, 1.93127988591, 42.3786128636, 0.413850607835, 0.547150259067
0.506695606191, 1.0610151787, 5.66716102287, 0.272623118234, 46.6330749522, 46.9763090835, 3.56840239392, 1.99565514756, 43.7995113512, 0.466287271503, 0.213963963964
0.506695606191, 0.849418783869, 7.80520170019, 0.497566736449, 5.2146343461, 49.9904754743, 2.23978434574, 1.00582904478, 34.092486877, 0.551084690435, 0.0
0.500759654527, 1.2435449215, 7.05031739299, 0.403741529355, 43.2460183414, 48.4531401619, 2.01589116847, 0.428458433345, 22.1408762651, 0.505246259418, 0.0430107526882
0.531851959226, 1.14045623761, 3.46261667413, 0.42897199696, 26.7220345102, 42.4117805215, 3.24145408561, 4.21700151222, 34.7450695317, 0.515144826707, 0.0178041543027
0.500772918318, 1.07978967176, 5.28652713238, 0.373935234844, 42.0202434891, 47.5809963739, 3.07516774567, 1.24043580042, 32.822195753, 0.405546346368, 0.646116893515
0.535353303192, 1.12357238419, 6.15495636635, 0.200689508831, 19.5558699624, 45.9288626776, 3.56840239392, 1.18936109502, 41.9164951585, 0.427963641555, 0.41935483871
0.529441229458, 1.2455331321, 6.42418834484, 0.241951745094, 5.2146343461, 46.9763090835, 3.56840239392, 1.99565514756, 32.5088722614, 0.430905262153, 0.4
0.712550203911, 0.930010923434, 3.47758176046, 0.260609882781, 35.8691509873, 47.4801849757, 3.88495314809, 1.80088345648, 31.4208683726, 0.416674642719, 0.566548881037
0.616282869823, 0.873710037654, 2.00121638915, 0.253527269628, 21.0737231186, 46.9763090835, 2.61761073768, 1.31089488339, 36.4405587305, 0.416586556377, 0.580555555556
0.5580657082, 1.00063125627, 7.96584305571, 0.432546192258, 8.35323195906, 40.8327730068, 3.09032953731, 1.71132839371, 41.5834454517, 0.417813763318, 0.558760683761
0.637660837678, 0.845866087288, 7.58384368174, 0.478309845864, 28.3906230808, 42.8536210678, 2.52759029531, 1.55931835975, 43.2574164099, 0.553815876844, 0.0
0.526928996168, 1.25861917991, 5.28652713238, 0.274147417564, 29.75507306, 42.915516435, 3.2674558711, 1.69818667715, 34.092486877, 0.484185192276, 0.163771712159
0.539905125416, 0.950536099756, 7.04510855346, 0.213752854236, 39.2222504863, 46.3017085385, 2.60946873702, 1.99565514756, 41.9164951585, 0.484074161934, 0.176470588235
0.526928996168, 1.25861917991, 5.28652713238, 0.274147417564, 29.75507306, 42.915516435, 3.2674558711, 1.69818667715, 34.092486877, 0.47866471491, 0.198529411765
0.535940501291, 0.950536099756, 4.37254278678, 0.200689508831, 23.5298025776, 45.2492073813, 3.75343277049, 1.99565514756, 32.5100263018, 0.425605562096, 0.432791728213
0.535940501291, 1.1407160133, 6.15495636635, 0.200689508831, 23.5298025776, 45.9288626776, 3.56840239392, 1.99565514756, 32.5100263018, 0.407782059152, 0.625
0.506695606191, 0.943688742116, 7.80520170019, 0.497566736449, 5.2146343461, 49.9904754743, 2.23978434574, 1.00582904478, 34.092486877, 0.557218252691, 0.0
0.501845537602, 1.0045305752, 3.11350121921, 0.373935234844, 42.0202434891, 47.5809963739, 3.07516774567, 1.9857317372, 30.3502472274, 0.459255286635, 0.242489270386
0.526928996168, 1.00245382601, 6.15495636635, 0.413996708644, 29.75507306, 45.9288626776, 2.5496174097, 1.69818667715, 32.5100263018, 0.453163967645, 0.24347826087
0.73733620228, 0.843267630668, 5.32509832374, 0.482196976334, 42.0751347831, 42.4906021412, 3.65074445564, 0.428458433345, 40.4304031282, 0.564482127416, 0.0
0.535353303192, 1.12357238419, 5.5172591531, 0.200689508831, 39.2222504863, 45.9288626776, 3.56840239392, 1.87149933301, 41.9164951585, 0.439989887684, 0.285433070866
0.531851959226, 1.14045623761, 3.46261667413, 0.42897199696, 25.672965806, 42.4117805215, 3.24145408561, 1.99565514756, 34.7450695317, 0.43672189161, 0.329317269076
0.884933899543, 1.03633739358, 7.61960504617, 0.460446819653, 47.8081838563, 43.6903144858, 2.29460712771, 0.180623905184, 22.9945314625, 0.549199837887, 0.00729927007299
0.616282869823, 0.873710037654, 2.00121638915, 0.253527269628, 21.0737231186, 45.0928963364, 3.43561161306, 1.31089488339, 36.4405587305, 0.407670950159, 0.662141779789
0.506695606191, 0.987929175571, 7.88386039301, 0.497566736449, 5.2146343461, 46.3017085385, 2.52735469376, 1.5869959166, 34.092486877, 0.565811850932, 0.0
0.541173405466, 1.19783056855, 6.42418834484, 0.41604171981, 33.7268383379, 45.5252223785, 3.01662659922, 4.6566066969, 30.4743838053, 0.535338282181, 0.00862068965517
0.506695606191, 1.09550602284, 7.64035848978, 0.272623118234, 12.0858439555, 46.9763090835, 3.56840239392, 1.99565514756, 41.5834454517, 0.424924382947, 0.519607843137
0.535940501291, 1.1407160133, 3.83575752579, 0.480509686186, 39.2222504863, 46.3017085385, 2.3403697902, 1.99565514756, 32.5100263018, 0.423495390431, 0.524429967427
0.500571030727, 1.06552247331, 2.23705540745, 0.300835315385, 10.8686701837, 44.6359943989, 3.70939340424, 0.0585139370124, 26.943068958, 0.519284561831, 0.0241935483871
0.597547556096, 0.950536099756, 5.66716102287, 0.200034117192, 39.2222504863, 46.3017085385, 2.19005735199, 1.48150569277, 41.1124374341, 0.465611335687, 0.243055555556
0.73733620228, 0.838029197577, 5.32509832374, 0.482196976334, 42.0751347831, 42.4906021412, 2.19005735199, 0.428458433345, 40.4304031282, 0.569980531892, 0.0
0.581230506094, 1.0265344202, 7.64035848978, 0.230703210205, 41.6135201008, 45.6648424843, 3.96609266051, 1.71132839371, 29.6012505125, 0.410811994153, 0.61670235546
0.530916238904, 0.950920634753, 3.88032551064, 0.419088837445, 8.09109590619, 42.4906021412, 3.7959088884, 2.62820458354, 36.3983756842, 0.491744829989, 0.1220657277
0.529441229458, 0.822198316642, 7.80520170019, 0.241951745094, 5.2146343461, 46.9763090835, 3.56840239392, 1.5869959166, 33.49624976, 0.458774863691, 0.2475
0.799445020793, 1.10768407989, 7.81354417505, 0.478309845864, 42.2626685048, 40.4149257224, 2.52759029531, 1.00582904478, 43.6761887372, 0.414108024158, 0.588785046729
