0.892954768937, 0.865782758737, 2.02482582852, 0.6807089701, 35.5951676413, 13.7212326313, 0.153178653128, 1.35809723377, 1.31367115071, 50.767991327, 0.033007566723
0.326997197987, 0.94880231034, 2.59586785224, 0.689535028311, 60.3692931248, 1.17321834835, 0.590104553794, 2.27396294049, 43.4222435353, 141.705927974, 0.00566783472668
0.282523155817, 1.01022780704, 2.46950866009, 0.584953644578, 60.3692931248, 1.17321834835, 0.590104553794, 2.27396294049, 43.4222435353, 187.830306755, 0.00468109529269
0.406593893086, 1.04005116475, 2.02482582852, 0.579420224816, 73.7409339418, 1.11032518654, 0.590104553794, 3.55213540943, 5.10137565413, 84.2202520896, 0.0161508786963
0.406593893086, 0.937659676147, 2.02482582852, 0.579420224816, 73.7409339418, 1.05834981467, 0.590104553794, 3.55213540943, 5.10137565413, 84.6309160792, 0.015751657864
0.543324931055, 0.865782758737, 2.00000866305, 0.6807089701, 35.5951676413, 1.61803627791, 0.590104553794, 4.99609528863, 1.31367115071, 99.6645647976, 0.0088886285311
0.409669802101, 0.865782758737, 2.00037285568, 0.6807089701, 88.3804303626, 1.17321834835, 0.19572773415, 2.58986122964, 1.9287142026, 67.1051773697, 0.0219373521965
0.543324931055, 0.865782758737, 2.00037285568, 0.6807089701, 2.44463161599, 1.61803627791, 0.328106149731, 4.99609528863, 1.31367115071, 53.9383993549, 0.0873246696896
0.144190195999, 1.16488518074, 2.02482582852, 0.603512428864, 58.2941775889, 1.11032518654, 0.304545604075, 4.86396314734, 28.2450879906, 154.939810939, 0.00867017956174
0.864329142534, 0.865782758737, 2.02482582852, 0.699073033269, 42.1852565854, 13.7212326313, 0.915101740013, 2.81433991524, 1.31367115071, 62.3466560156, 0.22021307803
0.18759123191, 1.05395820411, 2.52402545153, 0.626571370361, 73.7409339418, 1.08586806564, 0.815411406145, 3.08479658946, 28.0722196072, 211.340682403, 0.00804481014184
0.132463513169, 1.05395820411, 4.47062443798, 0.626571370361, 50.7569568784, 1.11032518654, 2.6517860993, 2.67057982136, 17.9827685207, 602.662364348, 0.00677341928513
0.556570130987, 0.896949626714, 2.00037285568, 0.6807089701, 77.9138502049, 18.2392774167, 0.19572773415, 2.58986122964, 1.31367115071, 64.6179570028, 0.317484637563
0.500440339978, 0.899686807546, 2.44851793187, 0.427202328314, 73.7409339418, 1.11032518654, 0.225181638233, 2.81433991524, 1.31716634932, 83.1227586536, 0.038621478718
0.183456533616, 1.0173821375, 2.00011382879, 0.579420224816, 17.6419948039, 1.76355902384, 1.15443627133, 2.27396294049, 1.31367115071, 145.211429685, 0.0120633283303
0.181132125902, 1.0173821375, 2.02482582852, 0.579420224816, 17.6419948039, 1.76355902384, 1.15443627133, 2.27396294049, 1.31367115071, 154.106961174, 0.0115925316234
0.18759123191, 0.87303001411, 2.11499891065, 0.491942747426, 73.7409339418, 18.4509551556, 0.533731453408, 2.19421957993, 13.2031488545, 68.8889562592, 0.147691021917
0.892954768937, 0.99303584183, 2.02482582852, 0.689535028311, 35.5951676413, 13.7212326313, 0.0990157236354, 2.81433991524, 1.31367115071, 70.5898551267, 0.205139206432
0.864329142534, 0.874047687479, 2.02482582852, 0.562083120242, 35.5951676413, 13.7212326313, 0.915101740013, 3.55213540943, 1.31367115071, 80.4271743637, 0.177444033792
0.753949858722, 0.868217545968, 2.02482582852, 0.689535028311, 60.8411420019, 13.7212326313, 0.0990157236354, 2.81433991524, 1.31367115071, 69.0895616758, 0.277952945007
0.556570130987, 0.868217545968, 2.00037285568, 0.6807089701, 77.9138502049, 36.5235145958, 0.19572773415, 2.58986122964, 1.31367115071, 82.6863700714, 0.20170989003
0.540196084009, 0.865782758737, 2.00037285568, 0.6807089701, 35.5951676413, 13.7212326313, 0.19572773415, 2.58986122964, 1.31367115071, 82.8759393138, 0.178100263583
0.144190195999, 1.08741528645, 2.02482582852, 0.603512428864, 35.5843070578, 1.55085411562, 0.304545604075, 4.86396314734, 28.2450879906, 86.3451274233, 0.0243540990482
0.406593893086, 1.04005116475, 3.07522168679, 0.579420224816, 73.7409339418, 1.11032518654, 0.590104553794, 3.55213540943, 5.10137565413, 122.193503786, 0.0185804636375
0.144190195999, 1.16488518074, 2.00011382879, 0.603512428864, 58.2941775889, 1.55085411562, 0.304545604075, 4.86396314734, 28.2450879906, 131.488596725, 0.0167464659957
0.864329142534, 0.865782758737, 2.02482582852, 0.699073033269, 35.5951676413, 13.7212326313, 0.915101740013, 2.81433991524, 1.31367115071, 78.3867502451, 0.31437749271
0.277001712214, 1.05395820411, 4.47062443798, 0.688987771627, 73.7409339418, 1.02648204779, 2.6517860993, 3.43962651021, 13.2031488545, 536.76489956, 0.0110517185784
0.29136599477, 0.898156005448, 2.1555098237, 0.411584727239, 84.4217353963, 19.5321062731, 0.0886852762418, 3.82556671454, 5.10137565413, 76.9176107677, 0.326683872453
0.864329142534, 1.04005116475, 2.02482582852, 0.699073033269, 35.5951676413, 13.7212326313, 0.915101740013, 3.55213540943, 1.31367115071, 82.0653519627, 0.236050982199
0.18759123191, 1.05395820411, 4.47062443798, 0.626571370361, 73.7409339418, 1.08586806564, 2.6517860993, 2.19421957993, 28.0722196072, 865.556147073, 0.00958003171437
0.16863127097, 1.05395820411, 4.47062443798, 0.626571370361, 84.4217353963, 1.02648204779, 2.6517860993, 3.43962651021, 13.2031488545, 608.898685184, 0.00999300501038
0.18759123191, 1.05395820411, 4.47062443798, 0.626571370361, 73.7409339418, 1.08586806564, 1.52618217164, 3.08479658946, 36.2527476218, 647.666030326, 0.0103181901736
0.406498921489, 0.928685136033, 2.02482582852, 0.6807089701, 35.5951676413, 13.7212326313, 0.0990157236354, 0.738799806007, 7.81420546191, 79.3775497882, 0.338767520567
0.406593893086, 1.04005116475, 2.02482582852, 0.579420224816, 73.7409339418, 1.11032518654, 0.590104553794, 3.55213540943, 5.10137565413, 96.8769472773, 0.0319724173539
0.251147015353, 0.909545693952, 2.59586785224, 0.6807089701, 35.5951676413, 1.17321834835, 2.27707403402, 2.27396294049, 9.20924450456, 294.981810779, 0.0119264837464
0.326997197987, 1.11041946185, 2.59586785224, 0.417929396582, 60.3692931248, 1.17321834835, 0.0990157236354, 0.980328632236, 42.4463633224, 197.282607389, 0.0124017546218
0.834683129482, 1.03895475189, 2.38634288835, 0.565142897184, 25.7312972495, 29.4661128704, 0.298177485031, 1.06659790128, 37.0798712679, 82.4644714171, 0.758786017505
0.326997197987, 0.94880231034, 2.59586785224, 0.689535028311, 58.2941775889, 1.17321834835, 0.590104553794, 2.27396294049, 28.2450879906, 144.495341361, 0.0168588451073
0.543324931055, 0.865782758737, 2.00000866305, 0.6807089701, 35.5951676413, 1.61803627791, 0.590104553794, 4.99609528863, 1.31367115071, 88.8257129231, 0.0339032218396
0.181132125902, 1.0173821375, 2.00011382879, 0.579420224816, 17.6419948039, 1.76355902384, 1.15443627133, 2.27396294049, 1.31367115071, 168.172581234, 0.0161116003134
0.29136599477, 0.835172994436, 2.23972531184, 0.565142897184, 25.7312972495, 29.4661128704, 0.298177485031, 0.194957409597, 37.0798712679, 82.9161200228, 0.333263649668
0.406593893086, 1.04005116475, 2.02482582852, 0.579420224816, 73.7409339418, 1.11032518654, 0.590104553794, 3.55213540943, 5.10137565413, 115.763417666, 0.0255741684109
0.447140478988, 1.01194100561, 3.06727060781, 0.601543558311, 88.3804303626, 1.11032518654, 0.590104553794, 4.40857044193, 5.10137565413, 110.066543904, 0.031416539545
0.35725764809, 1.12936576686, 3.4412997776, 0.616204499371, 8.14012611369, 23.0114346795, 0.153178653128, 2.81433991524, 7.72461416225, 251.104225561, 0.012604839908
0.500440339978, 1.04005116475, 2.44851793187, 0.579420224816, 73.7409339418, 1.11032518654, 0.225181638233, 3.55213540943, 2.49001834969, 86.6436610335, 0.0598353649775
0.326997197987, 1.11041946185, 2.59586785224, 0.405213339872, 60.3692931248, 1.17321834835, 0.0990157236354, 2.27396294049, 43.4222435353, 280.099771144, 0.0154950565466
0.18759123191, 1.17300526198, 3.07522168679, 0.67113389081, 84.7576441564, 1.11032518654, 1.15443627133, 2.67057982136, 31.9276773859, 363.977549091, 0.0141823322127
0.277001712214, 1.05395820411, 2.02482582852, 0.626571370361, 84.4217353963, 1.11032518654, 1.15443627133, 4.8416243514, 28.0722196072, 197.695760351, 0.01596668855
0.18759123191, 1.05395820411, 4.47062443798, 0.626571370361, 73.7409339418, 1.08586806564, 1.52618217164, 3.08479658946, 36.2527476218, 592.248961625, 0.0139179936207
0.277001712214, 1.05395820411, 4.47062443798, 0.626571370361, 84.4217353963, 1.11032518654, 1.15443627133, 4.8416243514, 28.0722196072, 451.835614238, 0.0147511267395
0.189576114647, 1.01022780704, 2.46950866009, 0.584953644578, 60.3692931248, 1.17321834835, 0.590104553794, 2.27396294049, 43.4222435353, 124.323211635, 0.0283753998021
0.141511381771, 1.16488518074, 2.02482582852, 0.603512428864, 60.3692931248, 1.24630891475, 0.304545604075, 4.86396314734, 34.2101020611, 130.841778697, 0.0260914768138
0.61493149908, 0.865782758737, 2.02482582852, 0.68877884852, 89.2908436893, 13.7212326313, 0.590104553794, 4.97761794859, 1.31367115071, 85.2367854385, 0.199800376908
0.277001712214, 1.16283325132, 4.47062443798, 0.626571370361, 84.4217353963, 1.11032518654, 2.6517860993, 2.19421957993, 28.0722196072, 589.176094892, 0.0145830421484
0.144190195999, 1.16488518074, 2.02482582852, 0.603512428864, 58.2941775889, 1.55085411562, 0.304545604075, 4.86396314734, 28.2450879906, 144.094024173, 0.023422759605
0.152614314578, 1.05395820411, 4.47062443798, 0.626571370361, 91.1383297312, 1.11032518654, 2.6517860993, 2.2133735395, 28.0722196072, 723.411993935, 0.0126233324692
0.528936477253, 1.0173821375, 2.00011382879, 0.579420224816, 35.5951676413, 1.76355902384, 0.19572773415, 2.27396294049, 1.31367115071, 89.9362965662, 0.070984327013
0.18759123191, 1.05395820411, 4.47062443798, 0.626571370361, 50.7569568784, 1.11032518654, 2.6517860993, 2.67057982136, 23.1607071209, 631.307404929, 0.0143885234424
0.277001712214, 1.05395820411, 4.47062443798, 0.68877884852, 73.7409339418, 1.0199812126, 2.6517860993, 3.43962651021, 13.2031488545, 670.017018127, 0.0145481385948
0.277001712214, 1.05395820411, 4.47062443798, 0.626571370361, 84.4217353963, 1.11032518654, 2.6517860993, 2.19421957993, 28.0722196072, 601.75085896, 0.0157119978079
0.18759123191, 1.05395820411, 4.47062443798, 0.626571370361, 50.7569568784, 1.11032518654, 2.6517860993, 1.02867716154, 28.0722196072, 659.552848117, 0.0151224730515
0.222187436555, 0.99303584183, 2.46950866009, 0.689535028311, 51.5997231321, 7.07450368625, 0.0990157236354, 2.81433991524, 1.31367115071, 95.9414630053, 0.110019272914
0.326997197987, 1.01022780704, 2.46372475662, 0.584953644578, 60.3692931248, 1.17321834835, 0.590104553794, 2.27396294049, 43.4222435353, 136.244039053, 0.0301590383052
0.500440339978, 1.04005116475, 3.06727060781, 0.601543558311, 88.3804303626, 1.11032518654, 0.153178653128, 3.55213540943, 1.31367115071, 144.154967329, 0.0250164351601
0.326997197987, 0.915290019259, 2.59586785224, 0.405213339872, 27.147070535, 1.17004491243, 0.590104553794, 2.79376615626, 43.9023888017, 152.571103626, 0.0229753544414
0.543324931055, 0.865782758737, 2.00037285568, 0.6807089701, 35.5951676413, 1.61803627791, 0.328106149731, 4.99609528863, 1.31367115071, 106.763519053, 0.0436930212992
0.51422706565, 1.04005116475, 3.06727060781, 0.579420224816, 88.3804303626, 1.11032518654, 0.590104553794, 3.55213540943, 1.9287142026, 107.616231906, 0.039729806339
0.409669802101, 0.865782758737, 2.00037285568, 0.6807089701, 35.5951676413, 1.17321834835, 0.19572773415, 2.58986122964, 18.4534068337, 100.401874567, 0.0567225025959
0.500440339978, 1.04005116475, 3.06727060781, 0.579420224816, 88.3804303626, 1.11032518654, 0.590104553794, 2.19421957993, 28.0722196072, 138.436954133, 0.0313589479063
0.500440339978, 1.04005116475, 3.07522168679, 0.579420224816, 73.7409339418, 1.11032518654, 0.590104553794, 3.55213540943, 5.10137565413, 155.157332715, 0.0204490870487
0.386044977764, 0.865782758737, 2.02482582852, 0.6807089701, 90.8812427552, 1.11032518654, 1.59179180252, 1.35809723377, 1.31367115071, 166.869818735, 0.0186086768866
0.144190195999, 1.16488518074, 2.00011382879, 0.579420224816, 58.2941775889, 1.55085411562, 0.304545604075, 2.27396294049, 28.2450879906, 149.086818004, 0.0239146165416
0.609866592498, 1.01194100561, 3.06727060781, 0.601543558311, 88.3804303626, 1.11032518654, 0.590104553794, 4.40857044193, 5.10137565413, 143.350139516, 0.0263226105509
0.892954768937, 0.865782758737, 2.02482582852, 0.6807089701, 73.7409339418, 13.7212326313, 0.153178653128, 3.1273782118, 1.31367115071, 89.7791846625, 0.188702693218
0.556570130987, 0.865782758737, 2.00037285568, 0.6807089701, 77.9138502049, 13.7212326313, 0.19572773415, 2.58986122964, 1.31367115071, 96.2430262999, 0.165586017519
0.556570130987, 0.865782758737, 2.00037285568, 0.6807089701, 77.9138502049, 13.7212326313, 0.19572773415, 2.58986122964, 1.31367115071, 99.0192674431, 0.137437049313
0.154743955879, 0.865782758737, 2.51185174685, 0.580616202944, 33.0336590857, 10.7704712728, 0.371223359436, 1.24378437774, 41.8778905141, 154.849909772, 0.0220548618921
0.144190195999, 1.16488518074, 2.02482582852, 0.603512428864, 58.2941775889, 1.55085411562, 0.304545604075, 4.86396314734, 28.2450879906, 132.776681461, 0.032544235869
0.277001712214, 1.05395820411, 4.47062443798, 0.626571370361, 95.8946515934, 1.11032518654, 2.6517860993, 2.94658664762, 28.0722196072, 632.145539293, 0.0157543691382
0.222187436555, 0.99303584183, 2.46950866009, 0.689535028311, 51.5997231321, 7.07450368625, 0.685189378937, 2.81433991524, 1.31367115071, 114.631358396, 0.0410499317809
0.61493149908, 0.865782758737, 2.00037285568, 0.6807089701, 35.5951676413, 13.7212326313, 0.19572773415, 2.58986122964, 1.31367115071, 96.9370865857, 0.157908177882
0.384454764714, 0.896949626714, 2.68767906983, 0.44416720501, 62.9432965926, 1.11032518654, 0.977082312303, 3.55213540943, 2.7142459559, 148.865436897, 0.024459828237
0.144190195999, 1.16488518074, 2.02482582852, 0.603512428864, 58.2941775889, 1.55085411562, 0.304545604075, 4.86396314734, 28.2450879906, 113.678665634, 0.0458772556456
0.528936477253, 1.0173821375, 2.02482582852, 0.603512428864, 35.5951676413, 1.76355902384, 0.19572773415, 4.86396314734, 1.31367115071, 105.377438255, 0.0800602833118
0.540196084009, 0.99303584183, 2.00037285568, 0.492722478729, 18.3399755205, 13.7212326313, 0.788011625036, 2.58986122964, 5.10137565413, 88.0325415492, 0.254673653443
0.500440339978, 0.899686807546, 2.44851793187, 0.427202328314, 73.7409339418, 1.11032518654, 0.225181638233, 2.81433991524, 1.31716634932, 117.685086253, 0.0410335157307
0.409669802101, 0.865782758737, 2.02482582852, 0.46589654158, 54.2885486246, 13.7212326313, 0.590104553794, 4.8416243514, 1.31367115071, 96.4591835213, 0.178397391498
0.326997197987, 0.94880231034, 2.59586785224, 0.405213339872, 27.147070535, 1.17321834835, 0.436155803491, 2.79376615626, 43.9023888017, 146.119078576, 0.0252455761242
0.326997197987, 0.94880231034, 2.59586785224, 0.689535028311, 60.3692931248, 1.17321834835, 0.590104553794, 2.27396294049, 28.2450879906, 182.305740132, 0.0216346330963
0.144190195999, 1.16488518074, 2.02482582852, 0.603512428864, 58.2941775889, 1.24630891475, 0.304545604075, 4.86396314734, 34.2101020611, 180.990195619, 0.0217887764156
0.836434357663, 1.01194100561, 3.07522168679, 0.579420224816, 73.7409339418, 1.11032518654, 0.321471100506, 3.55213540943, 5.10137565413, 113.839544459, 0.0538594704967
0.500440339978, 1.04005116475, 2.1555098237, 0.651020534692, 73.7409339418, 1.11032518654, 0.225181638233, 3.82556671454, 2.49001834969, 109.317746094, 0.0667663855991
0.29136599477, 0.898156005448, 2.1555098237, 0.411584727239, 84.4217353963, 21.3765493426, 0.0886852762418, 3.82556671454, 11.5646344304, 88.8968530071, 0.241227236071
0.556570130987, 0.865782758737, 2.00037285568, 0.6807089701, 77.9138502049, 13.7212326313, 0.19572773415, 2.58986122964, 1.31367115071, 88.8397165845, 0.249242477444
0.540196084009, 0.99303584183, 2.00037285568, 0.492722478729, 18.3399755205, 13.7212326313, 0.26192654158, 2.19421957993, 5.10137565413, 94.4976406813, 0.212395396388
0.61493149908, 1.04005116475, 2.00037285568, 0.6807089701, 35.5951676413, 13.7212326313, 0.19572773415, 3.55213540943, 1.31367115071, 89.3889470964, 0.245405464354
0.154743955879, 0.846031403929, 2.51185174685, 0.580616202944, 33.0336590857, 10.7704712728, 0.590104553794, 1.24378437774, 5.10137565413, 106.10168998, 0.101329173836
0.733901393436, 1.19036981078, 2.81300120126, 0.492722478729, 31.7010936456, 36.5235145958, 0.788011625036, 3.55213540943, 5.10137565413, 102.185895813, 0.120955216918
0.883233060435, 0.928614966994, 2.38634288835, 0.659191397708, 11.6526082019, 15.8472757216, 0.225181638233, 0.0339678563229, 9.84362176441, 87.8235102368, 0.357046116957
0.834683129482, 0.898156005448, 2.1555098237, 0.411584727239, 27.147070535, 21.3765493426, 0.0886852762418, 4.23292396737, 11.5646344304, 86.9150760292, 0.523730378412
