-1.0, 1.0, 3.0, 1.0, -1.0, 2.0, 3.0, 1.0, 0.0, 2.0, 0.0, 2.0, 2.0, 0.0, 1.0, -1.0, 1.0, 3.0, -1.0, 0.0, 3.0, 2.0, 1.0, 2.0, 2.0, 1.0, 0.0, 0.0, 3.0, 1.0, 3.0, 0.0, 0.0, 2.0, 1.0, -1.0, 2.0, 3.0, 2.0, 0.0, -1.0, 1.0, 1.0, -1.0, 3.0, -1.0, 1.0, 1.0, 0.0, 3.0, 590.0, 99399.0
1.0, 1.0, 0.0, 2.0, -1.0, 3.0, -1.0, -1.0, 3.0, -1.0, 0.0, 2.0, -1.0, 1.0, -1.0, -1.0, -1.0, 2.0, 0.0, 0.0, 1.0, -1.0, 2.0, 0.0, -1.0, 0.0, 0.0, 0.0, 1.0, -1.0, 1.0, 1.0, 1.0, 3.0, 2.0, 0.0, 1.0, 2.0, 3.0, 2.0, -1.0, -1.0, 2.0, 2.0, 2.0, 0.0, 0.0, 1.0, 3.0, -1.0, 518.0, 99483.0
-1.0, 3.0, 2.0, 3.0, 3.0, 3.0, 1.0, -1.0, 0.0, 2.0, 2.0, 1.0, 0.0, 0.0, -1.0, 2.0, 2.0, 1.0, 1.0, 1.0, 0.0, -1.0, 2.0, 2.0, 1.0, 3.0, 1.0, -1.0, 0.0, 0.0, 2.0, 3.0, 0.0, -1.0, 2.0, -1.0, 2.0, 2.0, 3.0, 0.0, -1.0, -1.0, -1.0, 2.0, 0.0, 0.0, -1.0, 3.0, 2.0, 0.0, 548.0, 99450.0
1.0, 3.0, 0.0, 2.0, 0.0, 2.0, 0.0, 0.0, 3.0, -1.0, 0.0, -1.0, 1.0, 3.0, 0.0, 0.0, 3.0, 0.0, 3.0, 1.0, 1.0, -1.0, 1.0, 3.0, 2.0, 1.0, 2.0, 1.0, 3.0, 2.0, 0.0, 0.0, 2.0, 1.0, 0.0, 1.0, 2.0, 3.0, 3.0, 1.0, 1.0, 2.0, 3.0, 3.0, 3.0, 2.0, 2.0, 2.0, 2.0, 0.0, 676.0, 99337.0
-1.0, 0.0, 0.0, 0.0, -1.0, 1.0, 2.0, 0.0, -1.0, -1.0, 0.0, 2.0, 2.0, 2.0, 1.0, 2.0, 0.0, 2.0, 1.0, 0.0, 3.0, 1.0, -1.0, 1.0, 1.0, 1.0, 1.0, -1.0, 2.0, 2.0, 0.0, -1.0, 3.0, 2.0, -1.0, -1.0, 0.0, 2.0, 3.0, 1.0, -1.0, 1.0, -1.0, 1.0, 2.0, 1.0, 3.0, 2.0, 0.0, -1.0, 531.0, 99462.0
-1.0, 1.0, 3.0, 1.0, -1.0, 2.0, 3.0, 1.0, 0.0, 2.0, 0.0, 2.0, 2.0, 0.0, 1.0, -1.0, 1.0, 3.0, -1.0, 0.0, 3.0, 2.0, 1.0, 2.0, 2.0, 1.0, 0.0, 0.0, 3.0, 1.0, 3.0, 0.0, 0.0, 2.0, 1.0, -1.0, 2.0, 3.0, 2.0, 0.0, -1.0, 1.0, 1.0, -1.0, 3.0, -1.0, 1.0, 1.0, 0.0, 3.0, 590.0, 99399.0
2.0, 2.0, 2.0, 1.0, 2.0, -1.0, -1.0, -1.0, 1.0, -1.0, -1.0, 3.0, 3.0, 1.0, 3.0, 2.0, -1.0, 1.0, 1.0, 2.0, -1.0, 0.0, 2.0, -1.0, 0.0, -1.0, 2.0, 2.0, 1.0, 0.0, -1.0, 0.0, 0.0, 3.0, 2.0, -1.0, 2.0, 1.0, -1.0, 0.0, 1.0, 1.0, -1.0, -1.0, 0.0, 1.0, -1.0, 0.0, 0.0, 2.0, 504.0, 99513.0
1.0, -1.0, 1.0, 0.0, 0.0, 2.0, 2.0, 1.0, 3.0, 3.0, 2.0, 3.0, 0.0, 1.0, 2.0, 0.0, 1.0, 0.0, 0.0, 1.0, 2.0, 1.0, 0.0, 3.0, 2.0, 2.0, 2.0, 0.0, 0.0, 3.0, 2.0, 1.0, 1.0, 3.0, 2.0, 1.0, 1.0, -1.0, 3.0, 3.0, 2.0, 0.0, 1.0, 0.0, 2.0, 0.0, 2.0, 1.0, 2.0, 0.0, 688.0, 99329.0
1.0, -1.0, 0.0, 3.0, 0.0, 0.0, 1.0, 1.0, 3.0, 0.0, 1.0, 2.0, 2.0, 0.0, 3.0, 2.0, 2.0, 3.0, 3.0, 0.0, 0.0, 0.0, 1.0, 0.0, 1.0, 0.0, -1.0, 2.0, 2.0, 1.0, -1.0, -1.0, 2.0, 2.0, 2.0, 2.0, -1.0, 2.0, -1.0, 1.0, 0.0, 3.0, 1.0, 1.0, 2.0, 0.0, 0.0, 0.0, -1.0, 1.0, 600.0, 99397.0
1.0, 1.0, 0.0, 2.0, -1.0, 3.0, -1.0, -1.0, 3.0, -1.0, 0.0, 2.0, -1.0, 1.0, -1.0, -1.0, -1.0, 2.0, 0.0, 0.0, 1.0, -1.0, 2.0, 0.0, -1.0, 0.0, 0.0, 0.0, 1.0, -1.0, 1.0, 1.0, 1.0, 3.0, 2.0, 0.0, 1.0, 2.0, 3.0, 2.0, -1.0, -1.0, 2.0, 2.0, 2.0, 0.0, 0.0, 1.0, 3.0, -1.0, 518.0, 99483.0
-1.0, 3.0, 2.0, 3.0, 3.0, 3.0, 1.0, -1.0, 0.0, 2.0, 2.0, 1.0, 0.0, 0.0, -1.0, 2.0, 2.0, 1.0, 1.0, 1.0, 0.0, -1.0, 2.0, 2.0, 1.0, 3.0, 1.0, -1.0, 0.0, 0.0, 2.0, 3.0, 0.0, -1.0, 2.0, -1.0, 2.0, 2.0, 3.0, 0.0, -1.0, -1.0, -1.0, 2.0, 0.0, 0.0, -1.0, 3.0, 2.0, 0.0, 548.0, 99450.0
1.0, 3.0, 0.0, 2.0, 0.0, 2.0, 0.0, 1.0, 3.0, -1.0, 1.0, -1.0, 1.0, 3.0, 0.0, 0.0, 3.0, 0.0, 3.0, 2.0, 1.0, -1.0, 1.0, 3.0, 2.0, 1.0, 2.0, 1.0, 3.0, 2.0, 0.0, 0.0, 2.0, 1.0, 0.0, 1.0, 2.0, 3.0, 3.0, 1.0, 1.0, 2.0, 3.0, 3.0, 3.0, 2.0, 2.0, 2.0, 2.0, 0.0, 676.0, 99337.0
-1.0, 0.0, 0.0, 0.0, -1.0, 1.0, 2.0, 0.0, -1.0, -1.0, 0.0, 2.0, 2.0, 2.0, 1.0, 2.0, 0.0, 2.0, 1.0, 0.0, 3.0, 1.0, -1.0, 1.0, 1.0, 1.0, 1.0, -1.0, 2.0, 2.0, 0.0, -1.0, 3.0, 2.0, -1.0, -1.0, 0.0, 2.0, 3.0, 1.0, -1.0, 1.0, -1.0, 1.0, 2.0, 1.0, 3.0, 2.0, 0.0, -1.0, 531.0, 99462.0
3.0, 2.0, 1.0, 3.0, -1.0, 3.0, 0.0, 2.0, 2.0, 0.0, 0.0, 3.0, -1.0, 2.0, 3.0, 1.0, 0.0, 2.0, 3.0, 1.0, 2.0, 1.0, 0.0, 1.0, 2.0, 2.0, 1.0, 2.0, 1.0, 1.0, 1.0, 0.0, 2.0, -1.0, -1.0, -1.0, 2.0, 1.0, 1.0, 0.0, 3.0, 1.0, 1.0, 2.0, 2.0, -1.0, 0.0, 3.0, 2.0, 3.0, 622.0, 99368.0
0.0, 1.0, 1.0, 0.0, 2.0, 2.0, 0.0, 0.0, 1.0, 2.0, 3.0, 2.0, 0.0, 2.0, 3.0, 2.0, 1.0, -1.0, 3.0, 1.0, -1.0, -1.0, 1.0, 0.0, 3.0, 0.0, 2.0, 0.0, 1.0, 1.0, 1.0, 3.0, 0.0, 1.0, 2.0, 0.0, 1.0, 3.0, 2.0, -1.0, 3.0, 2.0, 1.0, 2.0, 1.0, 2.0, 0.0, 3.0, -1.0, 3.0, 644.0, 99358.0
1.0, 1.0, 0.0, 2.0, -1.0, 3.0, -1.0, -1.0, 3.0, -1.0, 0.0, 2.0, -1.0, 1.0, -1.0, -1.0, -1.0, 2.0, 0.0, 0.0, 1.0, -1.0, 2.0, 0.0, -1.0, 0.0, 0.0, 0.0, 1.0, -1.0, 1.0, 1.0, 1.0, 3.0, 2.0, 0.0, 1.0, 2.0, 3.0, 2.0, -1.0, -1.0, 2.0, 2.0, 2.0, 0.0, 0.0, 1.0, 3.0, -1.0, 518.0, 99483.0
1.0, 3.0, 0.0, 2.0, 0.0, 2.0, 0.0, 0.0, 3.0, -1.0, 0.0, -1.0, 1.0, 3.0, 0.0, 0.0, 3.0, 0.0, 3.0, 1.0, 1.0, -1.0, 1.0, 3.0, 2.0, 1.0, 2.0, 1.0, 3.0, 2.0, 0.0, 0.0, 2.0, 1.0, 0.0, 1.0, 2.0, 3.0, 3.0, 1.0, 1.0, 2.0, 3.0, 3.0, 3.0, 2.0, 2.0, 2.0, 2.0, 0.0, 676.0, 99337.0
-1.0, 0.0, 0.0, 0.0, -1.0, 1.0, 2.0, 0.0, -1.0, -1.0, 0.0, 2.0, 2.0, 2.0, 1.0, 2.0, 0.0, 2.0, 1.0, 0.0, 3.0, 1.0, -1.0, 1.0, 1.0, 1.0, 1.0, -1.0, 2.0, 2.0, 0.0, -1.0, 3.0, 2.0, -1.0, -1.0, 0.0, 2.0, 3.0, 1.0, -1.0, 1.0, -1.0, 1.0, 2.0, 1.0, 3.0, 2.0, 0.0, -1.0, 531.0, 99462.0
-1.0, 1.0, 3.0, 1.0, -1.0, 2.0, 3.0, 1.0, 0.0, 2.0, 0.0, 2.0, 2.0, 0.0, 3.0, -1.0, 1.0, 3.0, -1.0, 0.0, 3.0, 2.0, 1.0, 2.0, 2.0, 1.0, 0.0, 0.0, 3.0, 1.0, 3.0, 0.0, 0.0, 2.0, 1.0, -1.0, 2.0, 3.0, 2.0, 0.0, -1.0, 1.0, 1.0, -1.0, 3.0, -1.0, 1.0, 1.0, 0.0, 3.0, 590.0, 99399.0
2.0, 2.0, 2.0, 1.0, 2.0, -1.0, -1.0, -1.0, 1.0, -1.0, -1.0, 3.0, 3.0, 1.0, 3.0, 2.0, -1.0, 1.0, 1.0, 2.0, -1.0, 0.0, 2.0, -1.0, 0.0, -1.0, 2.0, 2.0, 1.0, 0.0, -1.0, 1.0, 0.0, 3.0, 2.0, -1.0, 2.0, 1.0, -1.0, 0.0, 1.0, 1.0, -1.0, -1.0, 0.0, 1.0, -1.0, 0.0, 0.0, 2.0, 504.0, 99513.0
1.0, -1.0, 0.0, 3.0, 0.0, 0.0, 1.0, 1.0, 3.0, 0.0, 1.0, 2.0, 2.0, 0.0, 3.0, 2.0, 2.0, 3.0, 3.0, 0.0, 0.0, 0.0, 1.0, 0.0, 1.0, 0.0, -1.0, 2.0, 2.0, 1.0, -1.0, -1.0, 2.0, 2.0, 2.0, -1.0, -1.0, 2.0, -1.0, 1.0, 0.0, 3.0, 1.0, 1.0, 2.0, 0.0, 0.0, 0.0, -1.0, 1.0, 581.0, 99408.0
1.0, 1.0, 0.0, 2.0, -1.0, 3.0, -1.0, -1.0, 3.0, -1.0, 0.0, 2.0, -1.0, 1.0, -1.0, -1.0, -1.0, 2.0, 0.0, 0.0, 1.0, -1.0, 2.0, 0.0, -1.0, 0.0, 0.0, 0.0, 1.0, -1.0, 1.0, 1.0, 1.0, 3.0, 2.0, 0.0, 1.0, 2.0, 3.0, 2.0, -1.0, -1.0, 2.0, 2.0, 2.0, 0.0, 0.0, 1.0, 3.0, -1.0, 518.0, 99483.0
-1.0, 3.0, 2.0, 3.0, 3.0, 3.0, 1.0, -1.0, 0.0, 2.0, 2.0, 1.0, 0.0, 0.0, -1.0, 2.0, 2.0, 1.0, 1.0, 1.0, 0.0, -1.0, 2.0, 2.0, 1.0, 3.0, 1.0, -1.0, 0.0, 0.0, 2.0, 3.0, 0.0, -1.0, 2.0, -1.0, 2.0, 2.0, 3.0, 0.0, -1.0, -1.0, -1.0, 2.0, 0.0, 0.0, -1.0, 3.0, 2.0, 3.0, 548.0, 99450.0
1.0, 3.0, 0.0, 2.0, 0.0, 2.0, 0.0, 1.0, 3.0, -1.0, 1.0, -1.0, 1.0, 3.0, 0.0, 0.0, 3.0, 0.0, 3.0, 2.0, 1.0, -1.0, 1.0, 3.0, 2.0, 1.0, 2.0, 1.0, 3.0, 2.0, 0.0, 0.0, 2.0, 1.0, 0.0, 1.0, 2.0, 3.0, 3.0, 1.0, 1.0, 2.0, 3.0, 1.0, 3.0, 2.0, 2.0, 2.0, 2.0, 0.0, 676.0, 99337.0
3.0, 2.0, 0.0, -1.0, -1.0, 3.0, 3.0, 2.0, 2.0, 1.0, 0.0, 1.0, -1.0, 1.0, 2.0, 1.0, 1.0, 2.0, 1.0, 3.0, 0.0, 1.0, 3.0, 2.0, 3.0, 0.0, 1.0, 3.0, 3.0, 2.0, 0.0, 0.0, 1.0, 3.0, 2.0, 2.0, 2.0, 3.0, 0.0, 0.0, 0.0, 0.0, 0.0, 0.0, 1.0, -1.0, 1.0, 1.0, -1.0, 2.0, 636.0, 99359.0
-1.0, 0.0, 0.0, 0.0, -1.0, 1.0, 2.0, 0.0, -1.0, -1.0, 0.0, 2.0, 2.0, 2.0, 1.0, 2.0, 0.0, 2.0, 1.0, 0.0, 3.0, 1.0, -1.0, 1.0, 1.0, 1.0, 1.0, -1.0, 2.0, 2.0, 0.0, -1.0, 3.0, 2.0, -1.0, -1.0, 0.0, 2.0, 3.0, 1.0, 1.0, 1.0, -1.0, 1.0, 2.0, 1.0, 3.0, 2.0, 0.0, -1.0, 546.0, 99451.0
-1.0, -1.0, 2.0, 1.0, 2.0, 3.0, 3.0, 0.0, 3.0, 2.0, 0.0, 0.0, 2.0, 2.0, 2.0, 1.0, 1.0, 1.0, 3.0, 2.0, 1.0, 3.0, 1.0, 0.0, 2.0, 0.0, 0.0, 0.0, 1.0, 0.0, -1.0, 2.0, 3.0, -1.0, 2.0, -1.0, 0.0, 1.0, 1.0, 1.0, 3.0, 1.0, 0.0, 0.0, -1.0, 1.0, 2.0, -1.0, 1.0, 3.0, 609.0, 99388.0
-1.0, 1.0, 3.0, 1.0, -1.0, 2.0, 3.0, 1.0, 0.0, 2.0, 0.0, 2.0, 2.0, 0.0, 1.0, -1.0, 1.0, 3.0, -1.0, 0.0, 3.0, 2.0, 1.0, 2.0, 2.0, 1.0, 0.0, 0.0, 3.0, 1.0, 3.0, 0.0, 0.0, 2.0, 1.0, -1.0, 2.0, 3.0, 2.0, 0.0, -1.0, 1.0, 1.0, -1.0, 3.0, -1.0, 1.0, 1.0, 0.0, 3.0, 590.0, 99399.0
-1.0, 2.0, 0.0, 3.0, -1.0, 2.0, 0.0, 0.0, 0.0, 0.0, 3.0, -1.0, -1.0, 2.0, 0.0, -1.0, 1.0, 2.0, 1.0, 0.0, 1.0, 3.0, 3.0, 2.0, 2.0, 0.0, 0.0, 1.0, 0.0, 1.0, 0.0, -1.0, 2.0, -1.0, 1.0, 0.0, 1.0, 2.0, 2.0, 1.0, -1.0, 0.0, 2.0, 1.0, 2.0, -1.0, 2.0, 3.0, 2.0, -1.0, 560.0, 99421.0
-1.0, 3.0, 2.0, 3.0, 3.0, 3.0, 1.0, -1.0, 0.0, 2.0, 2.0, 1.0, 0.0, 0.0, -1.0, 2.0, 2.0, 1.0, 1.0, 1.0, 0.0, -1.0, 2.0, 2.0, 1.0, 3.0, 1.0, -1.0, 0.0, 0.0, 2.0, 3.0, 0.0, -1.0, 2.0, -1.0, 2.0, 2.0, 3.0, 0.0, -1.0, -1.0, -1.0, 2.0, 0.0, 0.0, -1.0, 3.0, 2.0, 0.0, 548.0, 99450.0
1.0, 3.0, 0.0, 2.0, 0.0, 2.0, 0.0, 0.0, 3.0, -1.0, 0.0, -1.0, 1.0, 3.0, 0.0, 0.0, 3.0, 0.0, 3.0, 1.0, 1.0, -1.0, 1.0, 3.0, 2.0, 1.0, 2.0, 1.0, 3.0, 2.0, 0.0, 0.0, 2.0, 1.0, 0.0, 1.0, 2.0, 3.0, 3.0, 1.0, 1.0, 2.0, 3.0, 3.0, 3.0, 2.0, 2.0, 2.0, 2.0, 0.0, 676.0, 99337.0
-1.0, 0.0, 0.0, 0.0, -1.0, 1.0, 2.0, 0.0, -1.0, -1.0, 0.0, 2.0, 2.0, 2.0, 1.0, 2.0, 0.0, 2.0, 1.0, 0.0, 3.0, 1.0, -1.0, 1.0, 1.0, 1.0, 1.0, -1.0, 2.0, 2.0, 0.0, -1.0, 3.0, 2.0, -1.0, -1.0, 0.0, 2.0, 3.0, 1.0, -1.0, 1.0, -1.0, 1.0, 2.0, 1.0, 3.0, 2.0, 0.0, -1.0, 531.0, 99462.0
-1.0, 1.0, 3.0, 1.0, -1.0, 2.0, 3.0, 1.0, 0.0, 2.0, 0.0, 2.0, 2.0, 0.0, 1.0, -1.0, 1.0, 3.0, -1.0, 0.0, 3.0, 2.0, 1.0, 2.0, 2.0, 1.0, 0.0, 0.0, 3.0, 1.0, 3.0, 0.0, 0.0, 2.0, 1.0, -1.0, 2.0, 3.0, 2.0, 0.0, -1.0, 1.0, 1.0, -1.0, 3.0, -1.0, 1.0, 1.0, 0.0, 3.0, 590.0, 99399.0
2.0, 2.0, 2.0, 1.0, 2.0, -1.0, -1.0, -1.0, 1.0, -1.0, -1.0, 3.0, 3.0, 1.0, 3.0, 2.0, -1.0, 1.0, 1.0, 2.0, -1.0, 0.0, 2.0, -1.0, 0.0, -1.0, 2.0, 2.0, 1.0, 0.0, -1.0, 0.0, 0.0, 3.0, 2.0, -1.0, 2.0, 1.0, -1.0, 0.0, 1.0, 1.0, -1.0, -1.0, 0.0, 1.0, -1.0, 0.0, 0.0, 2.0, 504.0, 99513.0
1.0, -1.0, 1.0, 0.0, 0.0, 2.0, 2.0, 1.0, 3.0, 3.0, 2.0, 3.0, 0.0, 1.0, 2.0, 0.0, 1.0, 0.0, 0.0, 1.0, 2.0, 1.0, 0.0, 3.0, 2.0, 2.0, 2.0, 0.0, 0.0, 3.0, 2.0, 1.0, 1.0, 3.0, 2.0, 1.0, 1.0, -1.0, 3.0, 3.0, 2.0, 0.0, 1.0, 0.0, 2.0, 0.0, 2.0, 1.0, 2.0, 0.0, 688.0, 99329.0
1.0, -1.0, 0.0, 3.0, 0.0, 0.0, 1.0, 1.0, 3.0, 0.0, 1.0, 2.0, 2.0, 0.0, 3.0, 2.0, 2.0, 3.0, 3.0, 0.0, 0.0, 0.0, 1.0, 0.0, 1.0, 0.0, -1.0, 2.0, 2.0, 1.0, -1.0, -1.0, 2.0, 2.0, 2.0, 2.0, -1.0, 2.0, -1.0, 1.0, 0.0, 3.0, 1.0, 1.0, 2.0, 0.0, 0.0, 0.0, -1.0, 1.0, 600.0, 99397.0
1.0, 1.0, 0.0, 2.0, -1.0, 3.0, -1.0, -1.0, 3.0, -1.0, 0.0, 2.0, -1.0, 1.0, -1.0, -1.0, -1.0, 2.0, 0.0, 0.0, 1.0, -1.0, 2.0, 0.0, -1.0, 0.0, 0.0, 0.0, 1.0, -1.0, 1.0, 1.0, 1.0, 3.0, 2.0, 0.0, 1.0, 2.0, 3.0, 2.0, -1.0, -1.0, 2.0, 2.0, 2.0, 0.0, 0.0, 1.0, 3.0, -1.0, 518.0, 99483.0
-1.0, 3.0, 2.0, 3.0, 3.0, 3.0, 1.0, -1.0, 0.0, 2.0, 2.0, 1.0, 0.0, 0.0, -1.0, 2.0, 2.0, 1.0, 1.0, 1.0, 0.0, -1.0, 2.0, 2.0, 1.0, 3.0, 1.0, -1.0, 0.0, 0.0, 2.0, 3.0, 0.0, -1.0, 2.0, -1.0, 2.0, 2.0, 3.0, 0.0, -1.0, -1.0, -1.0, 2.0, 0.0, 0.0, -1.0, 3.0, 2.0, 0.0, 548.0, 99450.0
1.0, 3.0, 0.0, 2.0, 0.0, 2.0, 0.0, 1.0, 3.0, -1.0, 1.0, -1.0, 1.0, 3.0, 0.0, 0.0, 3.0, 0.0, 3.0, 2.0, 1.0, -1.0, 1.0, 3.0, 2.0, 1.0, 2.0, 1.0, 3.0, 2.0, 0.0, 0.0, 2.0, 1.0, 0.0, 1.0, 2.0, 3.0, 3.0, 1.0, 1.0, 2.0, 3.0, 3.0, 3.0, 2.0, 2.0, 2.0, 2.0, 0.0, 676.0, 99337.0
-1.0, 0.0, 0.0, 0.0, -1.0, 1.0, 2.0, 0.0, -1.0, 0.0, 0.0, 2.0, 2.0, 2.0, 1.0, 2.0, 0.0, 2.0, 1.0, 0.0, 3.0, 1.0, -1.0, 1.0, 1.0, 1.0, 1.0, -1.0, 2.0, 2.0, 0.0, -1.0, 3.0, 2.0, -1.0, -1.0, 0.0, 1.0, 3.0, 1.0, -1.0, 1.0, -1.0, 1.0, 2.0, 1.0, 3.0, 0.0, 0.0, -1.0, 541.0, 99453.0
0.0, 2.0, 1.0, 3.0, -1.0, 3.0, 0.0, 2.0, 2.0, 0.0, 0.0, 3.0, -1.0, 2.0, 3.0, 1.0, 0.0, 2.0, 3.0, 1.0, 2.0, 1.0, 0.0, 1.0, 2.0, 2.0, 1.0, 2.0, 1.0, 1.0, 1.0, 3.0, 2.0, -1.0, -1.0, -1.0, 2.0, 1.0, 1.0, 0.0, 3.0, 1.0, 1.0, 2.0, 2.0, -1.0, 0.0, 3.0, 2.0, 3.0, 622.0, 99368.0
3.0, 1.0, 1.0, 0.0, 2.0, 2.0, 0.0, 0.0, 1.0, 2.0, 3.0, 2.0, 0.0, 2.0, 3.0, 2.0, 1.0, -1.0, 3.0, 1.0, -1.0, -1.0, 1.0, 0.0, 3.0, 0.0, 2.0, 0.0, 1.0, 1.0, 1.0, 0.0, 0.0, 1.0, 2.0, 0.0, 1.0, 3.0, 2.0, -1.0, 3.0, 2.0, 1.0, 2.0, 1.0, 2.0, 0.0, 3.0, -1.0, 3.0, 644.0, 99358.0
1.0, 1.0, 0.0, 2.0, -1.0, 3.0, -1.0, -1.0, 3.0, 0.0, 0.0, 2.0, -1.0, 1.0, 0.0, -1.0, -1.0, 2.0, 0.0, 0.0, 1.0, -1.0, 2.0, 0.0, -1.0, 0.0, 0.0, 0.0, 1.0, -1.0, 1.0, 1.0, 1.0, 3.0, 2.0, 0.0, 1.0, 2.0, 3.0, 2.0, -1.0, -1.0, 2.0, 2.0, 2.0, 0.0, 0.0, 1.0, 3.0, -1.0, 538.0, 99461.0
1.0, 3.0, 0.0, 2.0, 0.0, 2.0, 0.0, 0.0, 3.0, -1.0, 0.0, -1.0, 1.0, 3.0, 0.0, 0.0, 3.0, 0.0, 3.0, 1.0, 0.0, -1.0, 1.0, 3.0, 2.0, 1.0, 2.0, 0.0, 3.0, 2.0, -1.0, 0.0, 2.0, 1.0, 0.0, 1.0, 2.0, 3.0, 3.0, 1.0, 1.0, 2.0, 3.0, 3.0, 3.0, 2.0, 2.0, 2.0, 2.0, 0.0, 657.0, 99348.0
-1.0, 0.0, 0.0, 0.0, -1.0, 1.0, 2.0, 0.0, -1.0, -1.0, 0.0, 2.0, 2.0, 2.0, 1.0, 2.0, 0.0, 2.0, 1.0, 0.0, 3.0, 1.0, -1.0, 1.0, 1.0, 1.0, 1.0, -1.0, 1.0, 2.0, 0.0, -1.0, 3.0, 2.0, -1.0, -1.0, 0.0, 2.0, 3.0, 1.0, -1.0, 1.0, -1.0, 1.0, 2.0, 1.0, 3.0, 0.0, 0.0, -1.0, 531.0, 99462.0
-1.0, 1.0, 3.0, 1.0, -1.0, 2.0, 3.0, 1.0, 0.0, 2.0, 0.0, 2.0, 2.0, 0.0, 3.0, -1.0, 1.0, 3.0, -1.0, 0.0, 3.0, 2.0, 1.0, 2.0, 2.0, 1.0, 0.0, 0.0, 3.0, 1.0, 3.0, 0.0, 0.0, 2.0, 1.0, -1.0, 2.0, 3.0, 2.0, 0.0, -1.0, 1.0, 1.0, -1.0, 3.0, -1.0, 1.0, 1.0, 0.0, 3.0, 590.0, 99399.0
2.0, 2.0, 2.0, 1.0, 2.0, -1.0, -1.0, -1.0, 1.0, -1.0, -1.0, 3.0, 3.0, 1.0, 3.0, 2.0, -1.0, 1.0, 1.0, 2.0, -1.0, 0.0, 2.0, -1.0, 0.0, -1.0, 2.0, 2.0, 1.0, 0.0, -1.0, 1.0, 0.0, 3.0, 2.0, -1.0, 2.0, 1.0, -1.0, 0.0, 1.0, 1.0, -1.0, -1.0, 0.0, 1.0, -1.0, 0.0, 0.0, 2.0, 504.0, 99513.0
1.0, -1.0, 0.0, 3.0, 0.0, 0.0, 1.0, 1.0, 3.0, 0.0, 1.0, 2.0, 2.0, 0.0, 3.0, 2.0, 2.0, 3.0, 3.0, 0.0, 0.0, 0.0, 1.0, 0.0, 1.0, 0.0, -1.0, 2.0, 2.0, 1.0, -1.0, -1.0, 2.0, 2.0, 2.0, -1.0, -1.0, 2.0, -1.0, 1.0, 0.0, 3.0, 1.0, 1.0, 2.0, 0.0, 0.0, 0.0, -1.0, 1.0, 581.0, 99408.0
1.0, 1.0, 0.0, 2.0, -1.0, 3.0, -1.0, -1.0, 3.0, -1.0, 0.0, 2.0, -1.0, 1.0, -1.0, -1.0, -1.0, 2.0, 0.0, 0.0, 1.0, -1.0, 2.0, 0.0, -1.0, 0.0, 0.0, 0.0, 1.0, -1.0, 1.0, 1.0, 1.0, 3.0, 2.0, 0.0, 1.0, 2.0, 3.0, 2.0, -1.0, -1.0, 2.0, 2.0, 2.0, 0.0, 0.0, 1.0, 3.0, 3.0, 530.0, 99474.0
-1.0, 3.0, 2.0, 3.0, 3.0, 3.0, 1.0, -1.0, 0.0, 2.0, 2.0, 1.0, 0.0, 0.0, -1.0, 2.0, 2.0, 1.0, 1.0, 1.0, 0.0, -1.0, 2.0, 2.0, 1.0, 3.0, 1.0, -1.0, 0.0, 0.0, 2.0, 3.0, 0.0, -1.0, 2.0, -1.0, 2.0, 2.0, 3.0, 0.0, -1.0, -1.0, -1.0, 2.0, 0.0, 0.0, -1.0, 3.0, 2.0, 3.0, 548.0, 99450.0
1.0, 3.0, 0.0, 2.0, 0.0, 2.0, 0.0, 1.0, 3.0, -1.0, 1.0, -1.0, 1.0, 3.0, 0.0, 0.0, 3.0, 0.0, 3.0, 2.0, 1.0, -1.0, 1.0, 3.0, 2.0, 1.0, 2.0, 1.0, 3.0, 2.0, 0.0, 0.0, 2.0, 1.0, 0.0, 1.0, 2.0, 3.0, 3.0, 1.0, 1.0, 2.0, 3.0, 1.0, 3.0, 2.0, 2.0, 2.0, 2.0, 0.0, 676.0, 99337.0
3.0, 2.0, 0.0, -1.0, -1.0, 3.0, 3.0, 2.0, 2.0, 1.0, 0.0, 1.0, -1.0, 1.0, 2.0, 1.0, 1.0, 2.0, 1.0, 3.0, 0.0, 1.0, 3.0, 2.0, 3.0, 0.0, 1.0, 3.0, 3.0, 2.0, 0.0, 0.0, 1.0, 3.0, 2.0, 2.0, 2.0, 3.0, 0.0, 0.0, 0.0, 0.0, 0.0, 0.0, 1.0, -1.0, 1.0, 1.0, -1.0, 2.0, 636.0, 99359.0
-1.0, -1.0, 2.0, 0.0, 2.0, 3.0, 3.0, 0.0, 3.0, 2.0, 0.0, 0.0, 2.0, 2.0, 2.0, 1.0, 1.0, 1.0, 3.0, 2.0, 1.0, 3.0, 1.0, 0.0, 2.0, 0.0, 0.0, 0.0, 1.0, 0.0, -1.0, 2.0, 3.0, -1.0, 2.0, -1.0, 0.0, 1.0, 1.0, 1.0, 3.0, 1.0, 0.0, 0.0, -1.0, 1.0, 2.0, -1.0, 1.0, 3.0, 609.0, 99388.0
0.0, -1.0, 2.0, 1.0, 0.0, 3.0, 0.0, 1.0, 0.0, 3.0, 2.0, 0.0, -1.0, -1.0, 3.0, -1.0, 3.0, -1.0, 2.0, 2.0, 3.0, 2.0, 2.0, 3.0, 2.0, 3.0, 1.0, 1.0, 1.0, 3.0, 1.0, 0.0, 1.0, 0.0, 1.0, 1.0, -1.0, 1.0, 3.0, -1.0, 1.0, 2.0, -1.0, 3.0, 2.0, -1.0, 1.0, 0.0, 0.0, 0.0, 580.0, 99410.0
1.0, -1.0, 2.0, 1.0, 0.0, 3.0, 0.0, 1.0, 0.0, -1.0, 2.0, 0.0, -1.0, -1.0, 3.0, -1.0, 3.0, -1.0, 2.0, 2.0, 3.0, 2.0, 2.0, 3.0, 2.0, 3.0, 1.0, 1.0, 1.0, 3.0, 1.0, 0.0, 1.0, 0.0, 1.0, 1.0, -1.0, 2.0, 3.0, -1.0, 1.0, 2.0, -1.0, -1.0, 2.0, -1.0, 1.0, 2.0, 0.0, 0.0, 555.0, 99437.0
0.0, -1.0, 2.0, 1.0, 0.0, 3.0, 0.0, 1.0, 0.0, 0.0, 2.0, 0.0, -1.0, -1.0, 3.0, -1.0, 3.0, -1.0, 2.0, 2.0, 3.0, 2.0, 2.0, 3.0, 2.0, 3.0, 1.0, 1.0, 1.0, 3.0, 1.0, 0.0, 1.0, 0.0, 1.0, 1.0, -1.0, 1.0, 3.0, -1.0, 1.0, 2.0, -1.0, -1.0, 2.0, -1.0, 1.0, 0.0, 0.0, 0.0, 565.0, 99428.0
0.0, -1.0, 2.0, 1.0, 0.0, 3.0, 0.0, 1.0, 0.0, 0.0, 2.0, 0.0, -1.0, -1.0, 3.0, -1.0, 3.0, -1.0, 2.0, 2.0, 3.0, 2.0, 2.0, 3.0, 2.0, 3.0, 1.0, 1.0, 1.0, 3.0, 1.0, 0.0, 1.0, 0.0, 1.0, 1.0, -1.0, 1.0, 3.0, -1.0, 1.0, 2.0, -1.0, -1.0, 2.0, -1.0, 1.0, 0.0, 0.0, 0.0, 565.0, 99428.0
0.0, -1.0, 2.0, 1.0, 0.0, 3.0, 0.0, 1.0, 0.0, 0.0, 2.0, 0.0, -1.0, -1.0, 3.0, -1.0, 3.0, -1.0, 2.0, 2.0, 3.0, 2.0, 2.0, 3.0, 2.0, 3.0, 1.0, 1.0, 2.0, 3.0, 1.0, 0.0, 1.0, 0.0, 1.0, 1.0, -1.0, 1.0, 3.0, -1.0, 1.0, 2.0, -1.0, -1.0, 2.0, -1.0, 1.0, 2.0, 0.0, 0.0, 565.0, 99428.0
1.0, 1.0, 0.0, 2.0, -1.0, 3.0, -1.0, -1.0, 3.0, -1.0, 0.0, 2.0, -1.0, 1.0, -1.0, -1.0, -1.0, 2.0, 0.0, 0.0, 3.0, -1.0, 2.0, 0.0, -1.0, 0.0, 0.0, 0.0, 1.0, -1.0, 1.0, 1.0, 1.0, 3.0, 2.0, 0.0, 1.0, 2.0, 3.0, 2.0, 2.0, -1.0, 2.0, 2.0, 2.0, 0.0, 0.0, 1.0, 3.0, -1.0, 533.0, 99472.0
2.0, 2.0, 2.0, 1.0, 2.0, -1.0, -1.0, 1.0, 1.0, -1.0, -1.0, 0.0, 3.0, 1.0, 3.0, 2.0, -1.0, 1.0, 1.0, 2.0, -1.0, 0.0, 2.0, -1.0, 0.0, -1.0, 2.0, 2.0, 1.0, 0.0, -1.0, 0.0, 1.0, 3.0, 2.0, -1.0, 2.0, 1.0, 3.0, 0.0, 1.0, 1.0, -1.0, -1.0, 0.0, 1.0, -1.0, 0.0, 0.0, 2.0, 534.0, 99471.0
3.0, 1.0, 0.0, -1.0, -1.0, 3.0, 3.0, 2.0, 2.0, 1.0, 0.0, 1.0, -1.0, 1.0, 2.0, 1.0, 1.0, 0.0, -1.0, 3.0, -1.0, 1.0, 3.0, 2.0, 3.0, 0.0, 1.0, 3.0, 0.0, 2.0, 0.0, 0.0, 1.0, 3.0, 2.0, 2.0, 2.0, 3.0, 0.0, 0.0, 0.0, 0.0, 0.0, 0.0, 1.0, -1.0, 1.0, 1.0, -1.0, 2.0, 616.0, 99381.0
3.0, 2.0, 0.0, -1.0, -1.0, 3.0, 3.0, 2.0, 2.0, 1.0, 0.0, 1.0, -1.0, 1.0, 2.0, 1.0, 1.0, 2.0, -1.0, 3.0, -1.0, 1.0, 3.0, 2.0, 3.0, 0.0, 1.0, 3.0, 0.0, 2.0, 0.0, 0.0, 1.0, 3.0, 2.0, 2.0, 2.0, 3.0, 0.0, 0.0, 0.0, 0.0, 0.0, 0.0, 1.0, -1.0, 1.0, 1.0, -1.0, 2.0, 616.0, 99381.0
3.0, 1.0, 0.0, -1.0, -1.0, 3.0, 3.0, 2.0, 2.0, 1.0, 0.0, 1.0, -1.0, 1.0, 2.0, 1.0, 1.0, 0.0, -1.0, 3.0, -1.0, 1.0, 3.0, 2.0, 3.0, 0.0, 1.0, 3.0, 0.0, 2.0, 0.0, 0.0, 1.0, 3.0, 2.0, 2.0, 2.0, 3.0, 0.0, 0.0, 0.0, 0.0, 0.0, 0.0, 1.0, -1.0, 1.0, 1.0, -1.0, 2.0, 616.0, 99381.0
3.0, 2.0, 0.0, -1.0, -1.0, 3.0, 3.0, 2.0, 2.0, 1.0, 0.0, 1.0, -1.0, 1.0, 2.0, 1.0, 1.0, 2.0, -1.0, 3.0, -1.0, 1.0, 3.0, 2.0, 3.0, 0.0, 1.0, 3.0, 0.0, 2.0, 0.0, 0.0, 1.0, 3.0, 2.0, 2.0, 2.0, 3.0, 0.0, 0.0, 0.0, 0.0, 0.0, 0.0, 1.0, -1.0, 1.0, 1.0, -1.0, 2.0, 616.0, 99381.0
3.0, 1.0, 0.0, -1.0, -1.0, 3.0, 3.0, 2.0, 2.0, 1.0, 0.0, 1.0, -1.0, 1.0, 2.0, 1.0, 1.0, 2.0, -1.0, 0.0, -1.0, 1.0, 3.0, 2.0, 3.0, 0.0, 1.0, 3.0, 0.0, 2.0, 0.0, 0.0, 1.0, 3.0, 1.0, 2.0, 2.0, 3.0, 0.0, 0.0, 0.0, 0.0, 0.0, 0.0, 1.0, -1.0, 1.0, 1.0, -1.0, 2.0, 616.0, 99381.0
