3.0, 2.0, 3.0, -1.0, 0.0, 2.0, 1.0, 3.0, 1.0, 0.0, 0.0, 0.0, 0.0, -1.0, -1.0, 0.0, 1.0, 1.0, -1.0, 2.0, 0.0, 2.0, -1.0, 0.0, 1.0, 0.0, -1.0, 2.0, 1.0, 0.0, 2.0, 1.0, 1.0, 2.0, 2.0, 1.0, 1.0, 2.0, 0.0, 2.0, 1.0, 2.0, 2.0, 2.0, -1.0, 1.0, 3.0, 0.0, 0.0, 1.0, 95650.0, 617.0
1.0, -1.0, -1.0, -1.0, 0.0, 0.0, -1.0, 3.0, 1.0, -1.0, 2.0, 0.0, 2.0, 1.0, -1.0, 3.0, 2.0, -1.0, 0.0, -1.0, 1.0, 2.0, 1.0, -1.0, 1.0, 3.0, 2.0, -1.0, 2.0, 2.0, 0.0, -1.0, 0.0, -1.0, -1.0, 0.0, 1.0, 2.0, 1.0, 2.0, 0.0, -1.0, -1.0, 0.0, -1.0, 2.0, 0.0, 1.0, 1.0, 3.0, 96529.0, 490.0
3.0, 2.0, 3.0, -1.0, 0.0, 2.0, 1.0, 3.0, 1.0, 0.0, 0.0, 0.0, 0.0, -1.0, -1.0, 0.0, 1.0, 1.0, -1.0, 2.0, 0.0, 2.0, -1.0, 0.0, 1.0, 0.0, -1.0, 2.0, 1.0, 0.0, 2.0, 1.0, 1.0, 2.0, 2.0, 1.0, 1.0, 2.0, 0.0, 2.0, 1.0, 2.0, 2.0, 2.0, -1.0, 1.0, 3.0, 0.0, 0.0, 1.0, 95650.0, 617.0
3.0, 2.0, 3.0, -1.0, 0.0, 2.0, 1.0, 3.0, 1.0, 0.0, 0.0, 0.0, 0.0, -1.0, -1.0, 0.0, 1.0, 1.0, -1.0, 2.0, 0.0, 2.0, -1.0, 0.0, 1.0, 0.0, -1.0, 2.0, 1.0, 0.0, 2.0, 1.0, 1.0, 2.0, 2.0, 1.0, 1.0, 2.0, 0.0, 2.0, 1.0, 2.0, 2.0, 2.0, -1.0, 1.0, 3.0, 0.0, 0.0, 1.0, 95650.0, 617.0
1.0, -1.0, -1.0, -1.0, 0.0, 0.0, -1.0, 3.0, 1.0, -1.0, 2.0, 0.0, 2.0, 1.0, -1.0, 3.0, 2.0, -1.0, 0.0, -1.0, 1.0, 2.0, 1.0, -1.0, 1.0, 3.0, 2.0, -1.0, 2.0, 2.0, 0.0, -1.0, 0.0, -1.0, -1.0, 0.0, 1.0, 2.0, 1.0, 2.0, 0.0, -1.0, -1.0, 0.0, -1.0, 2.0, 0.0, 1.0, 1.0, 3.0, 96529.0, 490.0
0.0, 3.0, -1.0, -1.0, -1.0, 2.0, -1.0, 2.0, 1.0, -1.0, 2.0, -1.0, 1.0, 0.0, 1.0, 3.0, 0.0, -1.0, 1.0, -1.0, -1.0, 2.0, 0.0, 0.0, -1.0, 1.0, 2.0, 0.0, 1.0, -1.0, 0.0, 3.0, 2.0, 1.0, 0.0, 2.0, 1.0, 1.0, 2.0, 0.0, 0.0, 0.0, 3.0, 2.0, -1.0, 1.0, 0.0, 0.0, -1.0, 3.0, 96258.0, 512.0
0.0, 1.0, 2.0, 1.0, 2.0, 0.0, 1.0, 0.0, 2.0, 1.0, -1.0, 1.0, -1.0, 3.0, 1.0, 1.0, 2.0, 0.0, 0.0, 1.0, 1.0, 2.0, -1.0, 0.0, 0.0, 0.0, 0.0, 2.0, 2.0, -1.0, -1.0, 0.0, 0.0, 0.0, 3.0, 0.0, 2.0, 1.0, 1.0, -1.0, -1.0, -1.0, 2.0, -1.0, 2.0, 2.0, -1.0, 3.0, 2.0, -1.0, 96126.0, 543.0
3.0, 2.0, 3.0, -1.0, 0.0, 2.0, 1.0, 3.0, 1.0, 0.0, 0.0, 0.0, 0.0, -1.0, -1.0, 0.0, 1.0, 1.0, -1.0, 2.0, 0.0, 2.0, -1.0, 0.0, 1.0, -1.0, -1.0, 2.0, 1.0, 0.0, 2.0, 1.0, 1.0, 2.0, 2.0, 1.0, 1.0, 2.0, 0.0, 2.0, 1.0, 2.0, 2.0, 2.0, -1.0, 1.0, 3.0, 0.0, 0.0, 1.0, 95742.0, 602.0
1.0, -1.0, -1.0, -1.0, 0.0, 0.0, -1.0, 3.0, 1.0, -1.0, 2.0, 0.0, 2.0, 1.0, -1.0, 3.0, 2.0, -1.0, 0.0, -1.0, 1.0, 2.0, 1.0, 1.0, 1.0, 3.0, 2.0, -1.0, 2.0, 2.0, 0.0, -1.0, 0.0, -1.0, -1.0, 0.0, 1.0, 2.0, 1.0, 2.0, 0.0, -1.0, -1.0, 0.0, -1.0, 2.0, 0.0, 1.0, 1.0, 3.0, 96366.0, 501.0
1.0, 0.0, 0.0, -1.0, 1.0, -1.0, 1.0, 2.0, 0.0, -1.0, -1.0, 2.0, 0.0, 0.0, 1.0, 3.0, 2.0, 1.0, 0.0, 1.0, 2.0, 0.0, 2.0, -1.0, 3.0, -1.0, 2.0, 3.0, 2.0, -1.0, 0.0, 1.0, 2.0, -1.0, 2.0, 0.0, 1.0, 2.0, 1.0, 0.0, -1.0, 2.0, 2.0, 0.0, -1.0, 0.0, 2.0, 2.0, 0.0, -1.0, 96121.0, 545.0
3.0, 2.0, 3.0, -1.0, 0.0, 2.0, 1.0, 3.0, 1.0, 0.0, 0.0, 0.0, 0.0, -1.0, -1.0, 0.0, 1.0, 1.0, -1.0, 2.0, 0.0, 2.0, -1.0, 0.0, 1.0, 0.0, -1.0, 2.0, 1.0, 0.0, 2.0, 1.0, 1.0, 2.0, 2.0, 1.0, 1.0, 2.0, 0.0, 2.0, 1.0, 2.0, 2.0, 2.0, -1.0, 1.0, 3.0, 0.0, 0.0, 1.0, 95650.0, 617.0
0.0, 3.0, -1.0, -1.0, -1.0, 2.0, -1.0, 2.0, 1.0, -1.0, 2.0, -1.0, 1.0, 0.0, 1.0, 3.0, 0.0, -1.0, 1.0, -1.0, -1.0, 2.0, -1.0, 0.0, -1.0, 1.0, 2.0, 2.0, 1.0, -1.0, 0.0, 3.0, 2.0, 1.0, 0.0, 2.0, 1.0, 1.0, 2.0, 0.0, 0.0, -1.0, 3.0, 2.0, -1.0, 1.0, 0.0, 0.0, -1.0, 3.0, 96625.0, 485.0
1.0, -1.0, -1.0, -1.0, 0.0, 0.0, -1.0, 3.0, 1.0, -1.0, 2.0, 0.0, 2.0, 1.0, -1.0, 3.0, 2.0, -1.0, 0.0, -1.0, 1.0, 2.0, 1.0, -1.0, 1.0, 3.0, 2.0, -1.0, 2.0, -1.0, 0.0, -1.0, 0.0, -1.0, -1.0, 0.0, 1.0, 2.0, 1.0, 2.0, 2.0, -1.0, -1.0, 0.0, 3.0, 1.0, 0.0, 1.0, 1.0, 3.0, 96600.0, 489.0
1.0, -1.0, -1.0, -1.0, 0.0, 0.0, -1.0, 3.0, 1.0, -1.0, 2.0, 0.0, 2.0, 1.0, -1.0, 3.0, 2.0, -1.0, 0.0, -1.0, 1.0, 2.0, 2.0, -1.0, 1.0, 3.0, 2.0, -1.0, 2.0, 2.0, 0.0, -1.0, 0.0, -1.0, -1.0, 0.0, 1.0, 2.0, 1.0, 2.0, 0.0, -1.0, -1.0, 0.0, -1.0, 2.0, 0.0, 1.0, 1.0, 3.0, 96561.0, 490.0
1.0, 0.0, 0.0, -1.0, 1.0, -1.0, 1.0, 2.0, 0.0, -1.0, -1.0, 2.0, 0.0, 0.0, 1.0, 3.0, 2.0, 1.0, 0.0, 1.0, 2.0, 0.0, 1.0, 1.0, 3.0, -1.0, 2.0, 3.0, 2.0, -1.0, 0.0, 1.0, 2.0, -1.0, 2.0, 0.0, 1.0, 2.0, 1.0, 0.0, -1.0, 2.0, 2.0, 0.0, -1.0, 0.0, 2.0, 2.0, 0.0, -1.0, 95926.0, 556.0
0.0, 1.0, 0.0, 3.0, 3.0, 0.0, -1.0, 1.0, 2.0, 1.0, 2.0, 0.0, 2.0, 0.0, -1.0, 2.0, 0.0, 3.0, 2.0, 1.0, 1.0, 3.0, 0.0, 0.0, 0.0, 1.0, 2.0, 3.0, 3.0, 0.0, -1.0, 3.0, 1.0, 1.0, 0.0, 3.0, 1.0, 1.0, 2.0, 1.0, 1.0, 3.0, 2.0, 3.0, -1.0, 2.0, 2.0, 0.0, 1.0, 0.0, 95580.0, 655.0
0.0, 1.0, 0.0, 3.0, 3.0, 0.0, -1.0, 1.0, 2.0, 1.0, 2.0, 0.0, 2.0, 0.0, -1.0, 2.0, 0.0, 3.0, 2.0, 1.0, 1.0, 3.0, 0.0, 0.0, 0.0, 1.0, 2.0, 3.0, 3.0, 0.0, -1.0, 3.0, 1.0, 1.0, 0.0, 3.0, 1.0, 1.0, 2.0, 1.0, 1.0, 3.0, 2.0, 3.0, -1.0, 2.0, 2.0, 0.0, 1.0, 0.0, 95580.0, 655.0
0.0, 1.0, 0.0, 3.0, 3.0, 0.0, -1.0, 1.0, 2.0, 1.0, 2.0, 0.0, 2.0, 0.0, -1.0, 2.0, 0.0, 3.0, 2.0, 1.0, 1.0, 3.0, 0.0, 0.0, 0.0, 1.0, 2.0, 3.0, 3.0, 0.0, -1.0, 3.0, 1.0, 1.0, 0.0, 3.0, 1.0, 1.0, 2.0, 1.0, 1.0, 3.0, 2.0, 3.0, -1.0, 2.0, 2.0, 0.0, 1.0, 0.0, 95580.0, 655.0
1.0, 0.0, 0.0, -1.0, 1.0, -1.0, 1.0, 2.0, 0.0, -1.0, -1.0, 2.0, 0.0, 0.0, 1.0, 3.0, 2.0, 1.0, 0.0, 1.0, 2.0, 0.0, 2.0, 1.0, 3.0, -1.0, 2.0, 3.0, 2.0, -1.0, 0.0, 1.0, 2.0, -1.0, 2.0, 0.0, 1.0, 2.0, 1.0, 0.0, -1.0, 2.0, 2.0, 0.0, -1.0, 0.0, 2.0, 2.0, 0.0, -1.0, 95958.0, 556.0
1.0, 0.0, 0.0, -1.0, 1.0, -1.0, 1.0, 2.0, 0.0, -1.0, -1.0, 2.0, 0.0, 0.0, 1.0, 3.0, 2.0, 1.0, 0.0, 1.0, 2.0, 0.0, 2.0, 1.0, 3.0, -1.0, 2.0, 3.0, 2.0, -1.0, 0.0, 1.0, 2.0, -1.0, 2.0, 0.0, 1.0, 2.0, 1.0, 0.0, -1.0, 2.0, 2.0, 0.0, -1.0, 0.0, 2.0, 2.0, 0.0, -1.0, 95958.0, 556.0
0.0, -1.0, -1.0, 2.0, 0.0, 1.0, 0.0, 0.0, 1.0, 3.0, -1.0, 1.0, 0.0, 2.0, 1.0, 1.0, -1.0, 0.0, 3.0, 3.0, 0.0, 2.0, -1.0, -1.0, 0.0, 1.0, -1.0, 0.0, 2.0, -1.0, 3.0, 1.0, 2.0, 1.0, 3.0, -1.0, 2.0, 0.0, 0.0, -1.0, 2.0, 0.0, 3.0, 2.0, -1.0, 1.0, 1.0, 2.0, 1.0, 3.0, 96125.0, 546.0
-1.0, -1.0, -1.0, 1.0, 2.0, 0.0, -1.0, 0.0, 1.0, 0.0, 2.0, 3.0, 2.0, 2.0, 0.0, 0.0, -1.0, 1.0, -1.0, 1.0, 0.0, 1.0, 0.0, 2.0, -1.0, 1.0, 0.0, 0.0, 0.0, 2.0, 2.0, 2.0, -1.0, -1.0, 1.0, 0.0, 0.0, 1.0, 2.0, 0.0, 1.0, 1.0, 2.0, 1.0, 2.0, -1.0, -1.0, 3.0, 3.0, -1.0, 96281.0, 533.0
0.0, 3.0, -1.0, -1.0, -1.0, 2.0, 2.0, 2.0, 1.0, -1.0, 2.0, -1.0, 1.0, 0.0, 1.0, 2.0, 0.0, -1.0, 1.0, -1.0, -1.0, 2.0, 0.0, -1.0, 2.0, 1.0, 2.0, 0.0, 1.0, -1.0, 0.0, 3.0, 2.0, 1.0, 0.0, 2.0, 1.0, 1.0, 2.0, 0.0, 0.0, 0.0, 3.0, 2.0, -1.0, 1.0, 0.0, 0.0, -1.0, 3.0, 96292.0, 530.0
0.0, 3.0, -1.0, -1.0, -1.0, 2.0, 2.0, 2.0, 1.0, -1.0, 2.0, -1.0, 1.0, 0.0, 1.0, 0.0, 0.0, -1.0, 1.0, -1.0, -1.0, 2.0, 0.0, -1.0, -1.0, 1.0, 2.0, 0.0, 1.0, -1.0, 0.0, 3.0, 2.0, 1.0, 0.0, 2.0, 1.0, 1.0, 2.0, 0.0, 0.0, 0.0, 3.0, 2.0, -1.0, 1.0, 0.0, 0.0, -1.0, 3.0, 96351.0, 517.0
0.0, 3.0, -1.0, -1.0, -1.0, 2.0, 2.0, 2.0, 1.0, -1.0, 2.0, -1.0, 1.0, 0.0, 1.0, 2.0, 0.0, -1.0, 1.0, -1.0, -1.0, 2.0, 0.0, -1.0, 2.0, 1.0, 2.0, 0.0, 1.0, -1.0, 0.0, 3.0, 2.0, 1.0, 0.0, 2.0, 1.0, 1.0, 2.0, 0.0, 0.0, 0.0, 3.0, 2.0, -1.0, 1.0, 0.0, 0.0, -1.0, 3.0, 96292.0, 530.0
-1.0, -1.0, -1.0, 1.0, 2.0, 0.0, -1.0, 0.0, 1.0, 0.0, 2.0, 3.0, -1.0, 2.0, 0.0, 0.0, -1.0, 1.0, -1.0, 1.0, 0.0, 1.0, 0.0, 2.0, 2.0, 1.0, 0.0, 0.0, 2.0, 2.0, 2.0, 2.0, -1.0, -1.0, 1.0, 0.0, 0.0, 1.0, 2.0, 0.0, 1.0, 1.0, 2.0, 1.0, 2.0, -1.0, -1.0, 3.0, 2.0, -1.0, 96263.0, 535.0
0.0, -1.0, -1.0, 2.0, 0.0, 1.0, 0.0, 0.0, 1.0, 3.0, -1.0, 1.0, 0.0, 2.0, 1.0, 1.0, -1.0, 0.0, 3.0, 3.0, 0.0, 2.0, -1.0, -1.0, 0.0, 1.0, -1.0, 0.0, 2.0, 2.0, 3.0, 1.0, 2.0, 1.0, 3.0, -1.0, 2.0, 0.0, 0.0, -1.0, 0.0, 0.0, 3.0, 2.0, -1.0, 2.0, 1.0, 2.0, 1.0, 3.0, 96044.0, 563.0
0.0, -1.0, 3.0, 2.0, 0.0, 1.0, 0.0, 0.0, 1.0, 3.0, -1.0, 1.0, 0.0, 2.0, 1.0, 1.0, -1.0, 0.0, 3.0, 3.0, 0.0, 2.0, -1.0, -1.0, 0.0, 1.0, -1.0, 1.0, 2.0, -1.0, 3.0, -1.0, 2.0, 1.0, 3.0, -1.0, 2.0, 0.0, 0.0, -1.0, 2.0, 0.0, -1.0, 2.0, -1.0, 1.0, 1.0, 2.0, 1.0, 3.0, 96276.0, 538.0
0.0, -1.0, 3.0, 2.0, 0.0, 1.0, 0.0, 0.0, 1.0, 3.0, -1.0, 1.0, 0.0, 2.0, 1.0, 1.0, -1.0, 0.0, 3.0, 3.0, 0.0, 2.0, -1.0, -1.0, 0.0, 1.0, -1.0, 1.0, 2.0, -1.0, 3.0, -1.0, 2.0, 1.0, 3.0, -1.0, 2.0, 0.0, 0.0, -1.0, 2.0, 0.0, -1.0, 2.0, -1.0, 1.0, 1.0, 2.0, 1.0, 3.0, 96276.0, 538.0
0.0, -1.0, 3.0, 2.0, 0.0, 1.0, 0.0, 0.0, 1.0, 3.0, -1.0, 1.0, 0.0, 0.0, 1.0, 1.0, -1.0, 0.0, 3.0, 3.0, 0.0, 2.0, -1.0, -1.0, 0.0, 1.0, -1.0, 1.0, 2.0, -1.0, 3.0, -1.0, 2.0, 1.0, 3.0, -1.0, 2.0, 0.0, 0.0, -1.0, 2.0, 0.0, 3.0, 2.0, -1.0, 1.0, 1.0, 2.0, 1.0, -1.0, 96278.0, 535.0
0.0, -1.0, 3.0, 2.0, 0.0, 1.0, 0.0, 0.0, 1.0, 3.0, -1.0, 1.0, 0.0, 2.0, 1.0, 1.0, -1.0, 0.0, 3.0, 3.0, 0.0, 2.0, -1.0, -1.0, 0.0, 1.0, -1.0, 1.0, 2.0, -1.0, 3.0, -1.0, 2.0, 1.0, 3.0, -1.0, 2.0, 0.0, 0.0, -1.0, 2.0, 0.0, -1.0, 2.0, -1.0, 1.0, 1.0, 2.0, 1.0, 3.0, 96276.0, 538.0
0.0, -1.0, 3.0, 2.0, 0.0, 1.0, 0.0, 0.0, 1.0, 3.0, -1.0, 1.0, 0.0, 0.0, 1.0, 1.0, -1.0, 0.0, 3.0, 3.0, 0.0, 2.0, -1.0, -1.0, 0.0, 1.0, -1.0, 1.0, 2.0, -1.0, 3.0, -1.0, 2.0, 1.0, 3.0, -1.0, 2.0, 0.0, 0.0, -1.0, 2.0, 0.0, 3.0, 2.0, -1.0, 1.0, 1.0, 2.0, 1.0, -1.0, 96278.0, 535.0
0.0, 3.0, 2.0, 1.0, 0.0, 1.0, 2.0, 3.0, 3.0, 2.0, 3.0, -1.0, 1.0, 2.0, -1.0, 2.0, -1.0, 1.0, 1.0, 0.0, -1.0, 1.0, 1.0, 0.0, 0.0, 2.0, 0.0, 2.0, 3.0, -1.0, 0.0, 1.0, 1.0, 2.0, -1.0, 1.0, 0.0, 0.0, 1.0, 2.0, 0.0, 1.0, 2.0, 2.0, -1.0, 1.0, 2.0, 2.0, 0.0, -1.0, 95802.0, 594.0
0.0, 3.0, 2.0, 1.0, 0.0, 1.0, 2.0, 3.0, 3.0, 2.0, 3.0, -1.0, 1.0, 2.0, -1.0, 2.0, -1.0, 1.0, 1.0, 0.0, -1.0, 1.0, 1.0, 0.0, 0.0, 2.0, 0.0, 2.0, 3.0, -1.0, 0.0, 1.0, 1.0, 2.0, -1.0, 1.0, 0.0, 0.0, 1.0, 2.0, 0.0, 1.0, 2.0, 2.0, -1.0, 1.0, 2.0, 2.0, 0.0, -1.0, 95802.0, 594.0
0.0, 3.0, 2.0, 1.0, 0.0, 1.0, 2.0, 3.0, 3.0, 2.0, 3.0, -1.0, 1.0, 2.0, -1.0, 2.0, -1.0, 1.0, 1.0, 0.0, -1.0, 1.0, 1.0, 0.0, 0.0, 2.0, 0.0, 2.0, 3.0, -1.0, 0.0, 1.0, 1.0, 2.0, -1.0, 1.0, 0.0, 0.0, 1.0, 2.0, 0.0, 1.0, 2.0, 2.0, -1.0, 1.0, 2.0, 2.0, 0.0, -1.0, 95802.0, 594.0
0.0, 3.0, 2.0, 1.0, 0.0, 1.0, 2.0, 3.0, 3.0, 2.0, 3.0, -1.0, 1.0, 2.0, -1.0, 2.0, -1.0, 1.0, 1.0, 0.0, -1.0, 1.0, 1.0, 0.0, 0.0, 2.0, 0.0, 2.0, 3.0, -1.0, 0.0, 1.0, 1.0, 2.0, -1.0, 1.0, 0.0, 0.0, 1.0, 2.0, 0.0, 1.0, 2.0, 2.0, -1.0, 1.0, 2.0, 2.0, 0.0, -1.0, 95802.0, 594.0
2.0, 1.0, 0.0, 0.0, 1.0, 0.0, 1.0, 3.0, 3.0, 1.0, -1.0, -1.0, 2.0, 0.0, 0.0, 2.0, 0.0, 3.0, -1.0, 0.0, 2.0, -1.0, 3.0, 0.0, 1.0, 2.0, -1.0, 2.0, 0.0, 1.0, 3.0, 0.0, 2.0, 2.0, -1.0, 1.0, 1.0, 1.0, 2.0, -1.0, -1.0, 2.0, 0.0, 1.0, 1.0, 0.0, 2.0, 0.0, 1.0, 2.0, 95811.0, 590.0
0.0, 3.0, -1.0, -1.0, -1.0, 2.0, 2.0, 2.0, 1.0, -1.0, 2.0, 1.0, 1.0, 0.0, 1.0, 2.0, 0.0, -1.0, 1.0, -1.0, -1.0, 2.0, 0.0, -1.0, -1.0, 1.0, 2.0, 0.0, 2.0, -1.0, 0.0, 3.0, 2.0, 1.0, 0.0, 2.0, 1.0, 1.0, 2.0, 0.0, 0.0, 0.0, 3.0, 2.0, -1.0, 1.0, 0.0, 0.0, -1.0, 3.0, 96278.0, 536.0
0.0, 3.0, -1.0, -1.0, -1.0, 2.0, -1.0, 2.0, 1.0, -1.0, 0.0, -1.0, 1.0, 0.0, 1.0, 3.0, 0.0, -1.0, 1.0, -1.0, -1.0, 2.0, 0.0, -1.0, -1.0, 1.0, 2.0, 0.0, 1.0, -1.0, 0.0, 3.0, 2.0, 1.0, 0.0, 2.0, 1.0, 1.0, 2.0, 0.0, 0.0, 0.0, 3.0, 2.0, -1.0, 1.0, 0.0, 0.0, -1.0, 3.0, 96444.0, 501.0
0.0, 1.0, 2.0, 1.0, 2.0, 0.0, 1.0, 0.0, 2.0, 1.0, -1.0, 1.0, -1.0, 0.0, 1.0, 1.0, 2.0, 0.0, 0.0, 1.0, 1.0, 2.0, -1.0, -1.0, 0.0, 0.0, 0.0, 2.0, 2.0, -1.0, -1.0, 0.0, 0.0, 0.0, 3.0, 0.0, 2.0, 2.0, 1.0, -1.0, -1.0, -1.0, 2.0, -1.0, 2.0, 2.0, -1.0, 3.0, 2.0, -1.0, 96303.0, 532.0
0.0, 1.0, 2.0, 1.0, 2.0, 0.0, 1.0, 0.0, 2.0, 1.0, -1.0, 1.0, -1.0, 0.0, 1.0, 1.0, 2.0, 0.0, 0.0, 1.0, 1.0, 2.0, -1.0, -1.0, 0.0, 0.0, 0.0, 2.0, 2.0, -1.0, -1.0, 0.0, 0.0, 0.0, 3.0, 0.0, 2.0, 2.0, 1.0, -1.0, -1.0, -1.0, 2.0, -1.0, 2.0, 2.0, -1.0, 3.0, 2.0, -1.0, 96303.0, 532.0
0.0, 1.0, 2.0, 1.0, 2.0, 0.0, 1.0, 0.0, 2.0, 1.0, -1.0, 1.0, 2.0, 3.0, 1.0, 1.0, 2.0, 0.0, 0.0, 1.0, 1.0, 2.0, -1.0, -1.0, 0.0, 0.0, 0.0, 2.0, 0.0, -1.0, -1.0, 0.0, 0.0, 0.0, 3.0, 0.0, 2.0, 2.0, 1.0, -1.0, -1.0, -1.0, 2.0, -1.0, 2.0, 2.0, -1.0, 3.0, 2.0, -1.0, 96260.0, 543.0
-1.0, -1.0, -1.0, 1.0, 2.0, 0.0, -1.0, 0.0, 1.0, 0.0, 2.0, 3.0, 2.0, 2.0, 0.0, 2.0, -1.0, 1.0, -1.0, 1.0, 0.0, 1.0, 0.0, 2.0, -1.0, 1.0, 0.0, 0.0, 0.0, 2.0, 2.0, 2.0, -1.0, -1.0, 1.0, 0.0, 0.0, 1.0, 2.0, 0.0, 1.0, 1.0, 2.0, 1.0, 2.0, -1.0, -1.0, 3.0, 3.0, -1.0, 96311.0, 533.0
0.0, 3.0, -1.0, -1.0, -1.0, 2.0, -1.0, 2.0, 1.0, -1.0, 2.0, -1.0, 1.0, 0.0, 1.0, 3.0, 0.0, -1.0, 1.0, -1.0, -1.0, 2.0, 0.0, -1.0, -1.0, 1.0, 2.0, 0.0, 1.0, -1.0, 0.0, 3.0, 2.0, 1.0, 0.0, 2.0, 1.0, 1.0, 2.0, 0.0, 0.0, 0.0, 3.0, 2.0, -1.0, 1.0, 0.0, 0.0, -1.0, 3.0, 96462.0, 501.0
2.0, 1.0, 0.0, 0.0, 1.0, 0.0, 2.0, 0.0, 3.0, 1.0, -1.0, 0.0, 2.0, 0.0, 0.0, 2.0, 1.0, -1.0, -1.0, 0.0, 2.0, -1.0, 3.0, 0.0, 1.0, 2.0, -1.0, 0.0, 0.0, 1.0, 3.0, 1.0, 2.0, 2.0, -1.0, 1.0, 1.0, 1.0, 2.0, -1.0, -1.0, 2.0, 0.0, 1.0, 0.0, -1.0, 2.0, 0.0, 1.0, 2.0, 95883.0, 572.0
-1.0, 2.0, 1.0, 1.0, 2.0, 2.0, 1.0, 3.0, 2.0, 2.0, 3.0, 0.0, 0.0, 1.0, -1.0, 3.0, 2.0, 1.0, 3.0, 3.0, 0.0, 1.0, 2.0, 0.0, 3.0, 1.0, 0.0, -1.0, 1.0, 0.0, 0.0, 2.0, 2.0, 3.0, 0.0, 2.0, 1.0, 1.0, 0.0, 0.0, 2.0, 1.0, -1.0, 0.0, 1.0, 0.0, 0.0, 2.0, 1.0, 3.0, 95602.0, 664.0
-1.0, 2.0, 1.0, 1.0, 2.0, 2.0, 1.0, 3.0, 2.0, 2.0, 3.0, 0.0, 0.0, 1.0, -1.0, 3.0, 2.0, 1.0, 3.0, 3.0, 0.0, 1.0, 2.0, 0.0, 3.0, 1.0, 0.0, -1.0, 1.0, 0.0, 0.0, 2.0, 2.0, 3.0, 0.0, 2.0, 1.0, 1.0, 0.0, 0.0, 2.0, 1.0, -1.0, 0.0, 1.0, 0.0, 0.0, 2.0, 1.0, 3.0, 95602.0, 664.0
0.0, 1.0, 0.0, 3.0, 3.0, 0.0, -1.0, 1.0, 2.0, 1.0, 2.0, 0.0, 2.0, 3.0, -1.0, 2.0, 0.0, 3.0, 2.0, 1.0, 1.0, 3.0, 0.0, 0.0, 0.0, 1.0, 2.0, 3.0, 3.0, 0.0, -1.0, 3.0, 1.0, 1.0, 0.0, 3.0, 1.0, 1.0, 2.0, 1.0, 1.0, 3.0, 2.0, 3.0, -1.0, 2.0, 2.0, 0.0, 1.0, 0.0, 95640.0, 655.0
-1.0, -1.0, -1.0, 1.0, 2.0, 0.0, -1.0, 0.0, 1.0, 0.0, 2.0, 3.0, 2.0, 2.0, 0.0, 0.0, -1.0, 1.0, -1.0, 1.0, 0.0, 1.0, 0.0, 2.0, 2.0, 1.0, 0.0, 0.0, 0.0, 2.0, 2.0, 2.0, -1.0, -1.0, 1.0, 0.0, 0.0, 1.0, 2.0, 0.0, 1.0, 1.0, 2.0, 1.0, 2.0, -1.0, -1.0, 3.0, 2.0, -1.0, 96160.0, 546.0
-1.0, 2.0, 1.0, 1.0, 2.0, 2.0, 1.0, 3.0, 2.0, 2.0, 3.0, 0.0, 0.0, 1.0, -1.0, 3.0, 2.0, 1.0, 3.0, 3.0, 0.0, 1.0, 2.0, 0.0, 3.0, 1.0, 0.0, -1.0, 1.0, 0.0, 0.0, 2.0, 2.0, 3.0, 0.0, 2.0, 1.0, 1.0, 0.0, 0.0, 2.0, 1.0, -1.0, 0.0, 1.0, 0.0, 0.0, 2.0, 1.0, 3.0, 95602.0, 664.0
0.0, 1.0, 0.0, 3.0, 3.0, 0.0, -1.0, 1.0, 2.0, 1.0, 2.0, 0.0, 2.0, 3.0, -1.0, 2.0, 0.0, 3.0, 2.0, 1.0, 1.0, 3.0, 0.0, 0.0, 0.0, 1.0, 2.0, 3.0, 3.0, 0.0, -1.0, 3.0, 1.0, 1.0, 0.0, 3.0, 1.0, 1.0, 2.0, 1.0, 1.0, 3.0, 2.0, 3.0, -1.0, 2.0, 2.0, 0.0, 1.0, 0.0, 95640.0, 655.0
0.0, 1.0, 2.0, 1.0, 2.0, 0.0, 1.0, 0.0, 2.0, 1.0, -1.0, 1.0, -1.0, 3.0, 1.0, 1.0, 2.0, 0.0, 0.0, 1.0, 1.0, 2.0, -1.0, -1.0, 0.0, 0.0, 0.0, 2.0, 2.0, -1.0, -1.0, 0.0, 0.0, 0.0, 3.0, 0.0, 2.0, 2.0, 1.0, -1.0, -1.0, -1.0, 2.0, -1.0, 2.0, 2.0, -1.0, 3.0, 2.0, -1.0, 96363.0, 532.0
0.0, 1.0, 2.0, 1.0, 2.0, 0.0, 1.0, 0.0, 2.0, 1.0, -1.0, 1.0, -1.0, 3.0, 1.0, 1.0, 2.0, 0.0, 0.0, 1.0, 1.0, 2.0, -1.0, -1.0, 0.0, 0.0, 0.0, 2.0, 2.0, -1.0, -1.0, 0.0, 0.0, 0.0, 3.0, 0.0, 2.0, 2.0, 1.0, -1.0, -1.0, -1.0, 2.0, -1.0, 2.0, 2.0, -1.0, 3.0, 2.0, -1.0, 96363.0, 532.0
0.0, 1.0, 2.0, 1.0, 2.0, 0.0, 1.0, 0.0, 2.0, 1.0, -1.0, 1.0, -1.0, 3.0, 1.0, 1.0, 2.0, 0.0, 0.0, 1.0, 1.0, 2.0, -1.0, -1.0, 0.0, 0.0, 0.0, 2.0, 2.0, -1.0, -1.0, 0.0, 0.0, 0.0, 3.0, 0.0, 2.0, 2.0, 1.0, -1.0, -1.0, -1.0, 2.0, -1.0, 2.0, 2.0, -1.0, 3.0, 2.0, -1.0, 96363.0, 532.0
