1.0, -1.0, -1.0, -1.0, 0.0, 0.0, -1.0, 3.0, 1.0, -1.0, 2.0, 0.0, 2.0, 1.0, -1.0, 3.0, 2.0, -1.0, -1.0, -1.0, 1.0, 2.0, 1.0, -1.0, 1.0, 3.0, 2.0, -1.0, 2.0, 2.0, 0.0, -1.0, -1.0, -1.0, -1.0, 0.0, 1.0, 2.0, 1.0, 2.0, 0.0, -1.0, -1.0, 0.0, 3.0, 2.0, 0.0, 1.0, 1.0, 3.0, 96805.0, 475.0
1.0, -1.0, -1.0, -1.0, 0.0, 0.0, -1.0, 3.0, 1.0, -1.0, 2.0, 0.0, 2.0, 1.0, -1.0, 3.0, 2.0, -1.0, -1.0, -1.0, 1.0, 2.0, 1.0, -1.0, 1.0, 3.0, 2.0, -1.0, 2.0, 2.0, 0.0, -1.0, -1.0, -1.0, -1.0, 0.0, 1.0, 2.0, 1.0, 2.0, 0.0, -1.0, -1.0, 0.0, 3.0, 2.0, 0.0, 1.0, 1.0, 3.0, 96805.0, 475.0
1.0, -1.0, -1.0, -1.0, 0.0, 0.0, -1.0, 3.0, 1.0, -1.0, 2.0, 0.0, 2.0, 1.0, -1.0, 3.0, 2.0, -1.0, 0.0, -1.0, 1.0, 2.0, 1.0, -1.0, 1.0, 3.0, 2.0, -1.0, 2.0, -1.0, 0.0, -1.0, 0.0, -1.0, -1.0, 0.0, 1.0, 2.0, 1.0, 2.0, 0.0, -1.0, -1.0, 0.0, 3.0, 2.0, 0.0, 1.0, 1.0, 3.0, 96588.0, 489.0
1.0, -1.0, -1.0, -1.0, 0.0, 0.0, -1.0, 3.0, 1.0, 0.0, 2.0, 0.0, 2.0, 1.0, -1.0, 0.0, 2.0, -1.0, -1.0, -1.0, 1.0, 2.0, 1.0, -1.0, 1.0, 3.0, 2.0, -1.0, 1.0, 2.0, 0.0, -1.0, 0.0, -1.0, -1.0, 0.0, 1.0, 2.0, 2.0, 2.0, 0.0, -1.0, -1.0, 0.0, 3.0, 2.0, 0.0, 1.0, 1.0, 3.0, 96429.0, 505.0
1.0, -1.0, -1.0, -1.0, 0.0, 0.0, -1.0, 3.0, 1.0, -1.0, 2.0, 0.0, 2.0, 1.0, -1.0, 3.0, 2.0, -1.0, 0.0, -1.0, 1.0, 2.0, 1.0, -1.0, 1.0, 3.0, 2.0, -1.0, 2.0, -1.0, 0.0, -1.0, 0.0, -1.0, -1.0, 0.0, 1.0, 2.0, 1.0, 2.0, 0.0, -1.0, -1.0, 0.0, 3.0, 2.0, 0.0, 1.0, 1.0, 3.0, 96588.0, 489.0
-1.0, -1.0, -1.0, 1.0, 2.0, 0.0, -1.0, 0.0, 1.0, 0.0, 2.0, 3.0, 2.0, 2.0, 0.0, 0.0, -1.0, 1.0, -1.0, 0.0, 0.0, 1.0, 0.0, 2.0, 2.0, 1.0, 0.0, 0.0, 0.0, 2.0, 2.0, 2.0, -1.0, -1.0, 1.0, 0.0, 0.0, 1.0, 2.0, 0.0, 1.0, 1.0, 2.0, 1.0, 2.0, -1.0, -1.0, 3.0, 3.0, -1.0, 96169.0, 546.0
0.0, 3.0, -1.0, -1.0, -1.0, 2.0, -1.0, 2.0, 1.0, -1.0, 2.0, -1.0, 1.0, 0.0, 1.0, 2.0, 2.0, 1.0, 1.0, -1.0, -1.0, 2.0, 0.0, -1.0, -1.0, 1.0, 2.0, 0.0, 1.0, -1.0, 0.0, 3.0, 2.0, 1.0, 0.0, 2.0, 1.0, 1.0, 2.0, 0.0, 0.0, 0.0, 3.0, 1.0, -1.0, 1.0, 0.0, 0.0, 0.0, 3.0, 96220.0, 530.0
0.0, 3.0, -1.0, -1.0, -1.0, 2.0, 2.0, 2.0, 1.0, -1.0, 2.0, -1.0, 1.0, 0.0, 1.0, 2.0, 0.0, -1.0, 1.0, -1.0, -1.0, 2.0, 0.0, -1.0, -1.0, 1.0, 2.0, 0.0, 1.0, -1.0, 0.0, 3.0, 0.0, 1.0, 0.0, 2.0, 1.0, 1.0, 2.0, 0.0, 0.0, 2.0, -1.0, 2.0, -1.0, 1.0, 0.0, 0.0, -1.0, 3.0, 96399.0, 506.0
0.0, 3.0, -1.0, -1.0, -1.0, 0.0, 2.0, 2.0, 1.0, -1.0, 2.0, -1.0, 1.0, 0.0, 1.0, 2.0, 0.0, -1.0, 1.0, -1.0, -1.0, 2.0, 0.0, -1.0, -1.0, 1.0, 2.0, 0.0, 1.0, -1.0, 0.0, 3.0, 2.0, 1.0, 0.0, 2.0, 1.0, 1.0, 2.0, 0.0, 0.0, 0.0, 3.0, 2.0, -1.0, 1.0, 0.0, 0.0, -1.0, 3.0, 96319.0, 517.0
0.0, 3.0, -1.0, -1.0, -1.0, 0.0, 2.0, 2.0, 1.0, -1.0, 2.0, -1.0, 1.0, 0.0, 1.0, 2.0, 0.0, -1.0, 1.0, -1.0, -1.0, 2.0, 0.0, -1.0, -1.0, 1.0, 2.0, 0.0, 1.0, -1.0, 0.0, 3.0, 2.0, 1.0, 0.0, 2.0, 1.0, 1.0, 2.0, 0.0, 0.0, 0.0, 3.0, 2.0, -1.0, 1.0, 0.0, 0.0, -1.0, 3.0, 96319.0, 517.0
0.0, 3.0, -1.0, -1.0, -1.0, 2.0, -1.0, 2.0, 1.0, -1.0, 2.0, -1.0, 1.0, 0.0, 1.0, 2.0, 2.0, 1.0, 1.0, -1.0, -1.0, 2.0, 0.0, -1.0, -1.0, 1.0, 2.0, 0.0, 1.0, -1.0, 0.0, 3.0, 2.0, 1.0, 0.0, 2.0, 1.0, 1.0, 2.0, 0.0, 0.0, 0.0, 3.0, 1.0, -1.0, 1.0, 0.0, 0.0, 0.0, 3.0, 96220.0, 530.0
-1.0, -1.0, -1.0, 1.0, 2.0, 0.0, -1.0, 0.0, 1.0, 0.0, 2.0, 3.0, 2.0, 2.0, 0.0, 0.0, -1.0, 1.0, -1.0, 0.0, 0.0, 1.0, 0.0, 2.0, 2.0, 1.0, 0.0, 0.0, 0.0, 2.0, 2.0, 2.0, -1.0, -1.0, 1.0, 0.0, 0.0, 1.0, 2.0, 0.0, 1.0, 1.0, 2.0, 1.0, 2.0, -1.0, -1.0, 3.0, 3.0, -1.0, 96169.0, 546.0
1.0, -1.0, -1.0, -1.0, 0.0, 0.0, -1.0, 3.0, 1.0, -1.0, 2.0, 0.0, 2.0, 1.0, -1.0, 3.0, 2.0, -1.0, 0.0, -1.0, 1.0, 2.0, 1.0, -1.0, 1.0, 3.0, 2.0, -1.0, 2.0, -1.0, 0.0, -1.0, 0.0, -1.0, -1.0, 0.0, 1.0, 2.0, 1.0, 2.0, 0.0, -1.0, -1.0, 0.0, 3.0, 2.0, 0.0, 1.0, 1.0, 3.0, 96588.0, 489.0
1.0, -1.0, -1.0, -1.0, 0.0, 0.0, -1.0, 3.0, 1.0, -1.0, 2.0, 0.0, 2.0, 1.0, -1.0, 3.0, 2.0, -1.0, 0.0, -1.0, 1.0, 2.0, 1.0, -1.0, 1.0, 3.0, 2.0, -1.0, 2.0, -1.0, 0.0, -1.0, 0.0, -1.0, -1.0, 0.0, 1.0, 2.0, 1.0, 2.0, 0.0, -1.0, -1.0, 0.0, 3.0, 2.0, 0.0, 1.0, 1.0, 3.0, 96588.0, 489.0
1.0, -1.0, -1.0, -1.0, 0.0, 0.0, -1.0, 3.0, 1.0, -1.0, 2.0, 0.0, 2.0, 1.0, -1.0, 3.0, 2.0, -1.0, 0.0, -1.0, 1.0, 2.0, 1.0, -1.0, 1.0, 3.0, 2.0, -1.0, 2.0, -1.0, 0.0, -1.0, 0.0, -1.0, -1.0, 0.0, 1.0, 2.0, 1.0, 2.0, 0.0, -1.0, -1.0, 0.0, 3.0, 2.0, 0.0, 1.0, 1.0, 3.0, 96588.0, 489.0
1.0, -1.0, -1.0, -1.0, 0.0, 0.0, -1.0, 3.0, 1.0, -1.0, 2.0, 0.0, 2.0, 1.0, -1.0, 3.0, 2.0, -1.0, 0.0, -1.0, 1.0, 2.0, 1.0, -1.0, 1.0, 3.0, 2.0, -1.0, 2.0, -1.0, 0.0, -1.0, 0.0, -1.0, -1.0, 0.0, 1.0, 2.0, 1.0, 2.0, 0.0, -1.0, -1.0, 0.0, 3.0, 2.0, 0.0, 1.0, 1.0, 3.0, 96588.0, 489.0
1.0, -1.0, -1.0, -1.0, 0.0, 0.0, -1.0, 3.0, 1.0, -1.0, 2.0, 0.0, 2.0, 1.0, -1.0, 3.0, 2.0, -1.0, 0.0, -1.0, 1.0, 2.0, 1.0, -1.0, 1.0, 3.0, 2.0, -1.0, 2.0, -1.0, 0.0, -1.0, 0.0, -1.0, -1.0, 0.0, 1.0, 2.0, 1.0, 2.0, 0.0, -1.0, -1.0, 0.0, 3.0, 2.0, 0.0, 1.0, 1.0, 3.0, 96588.0, 489.0
1.0, -1.0, -1.0, -1.0, 0.0, 0.0, -1.0, 3.0, 1.0, -1.0, 2.0, 0.0, 2.0, 1.0, -1.0, 3.0, 2.0, -1.0, 0.0, -1.0, 1.0, 2.0, 1.0, -1.0, 1.0, 3.0, 2.0, -1.0, 2.0, -1.0, 0.0, -1.0, 0.0, -1.0, -1.0, 0.0, 1.0, 2.0, 1.0, 2.0, 0.0, -1.0, -1.0, 0.0, 3.0, 2.0, 0.0, 1.0, 1.0, 3.0, 96588.0, 489.0
1.0, -1.0, -1.0, -1.0, 0.0, 0.0, -1.0, 3.0, 1.0, -1.0, 2.0, 0.0, 2.0, 1.0, -1.0, 3.0, 2.0, -1.0, 0.0, -1.0, 1.0, 2.0, 1.0, -1.0, 1.0, 3.0, 2.0, -1.0, 2.0, -1.0, 0.0, -1.0, 0.0, -1.0, -1.0, 0.0, 1.0, 2.0, 1.0, 2.0, 0.0, -1.0, -1.0, 0.0, 3.0, 2.0, 0.0, 1.0, 1.0, 3.0, 96588.0, 489.0
1.0, -1.0, -1.0, -1.0, 0.0, 0.0, -1.0, 3.0, 1.0, -1.0, 2.0, 0.0, 2.0, 1.0, -1.0, 3.0, 2.0, -1.0, 0.0, -1.0, 1.0, 2.0, 1.0, -1.0, 1.0, 3.0, 2.0, -1.0, 2.0, -1.0, 0.0, -1.0, 0.0, -1.0, -1.0, 0.0, 1.0, 2.0, 1.0, 2.0, 0.0, -1.0, -1.0, 0.0, 3.0, 2.0, 0.0, 1.0, 1.0, 3.0, 96588.0, 489.0
1.0, -1.0, -1.0, -1.0, 0.0, 0.0, -1.0, 3.0, 1.0, -1.0, 2.0, 0.0, 2.0, 1.0, -1.0, 3.0, 2.0, -1.0, 0.0, -1.0, 1.0, 2.0, 1.0, -1.0, 1.0, 3.0, 2.0, -1.0, 2.0, -1.0, 0.0, -1.0, 0.0, -1.0, -1.0, 0.0, 1.0, 2.0, 1.0, 2.0, 0.0, -1.0, -1.0, 0.0, 3.0, 2.0, 0.0, 1.0, 1.0, 3.0, 96588.0, 489.0
1.0, -1.0, -1.0, -1.0, 0.0, 0.0, -1.0, 3.0, 1.0, -1.0, 2.0, 0.0, 2.0, 1.0, -1.0, 3.0, 2.0, -1.0, 0.0, -1.0, 1.0, 2.0, 1.0, -1.0, 1.0, 3.0, 2.0, -1.0, 2.0, -1.0, 0.0, -1.0, 0.0, -1.0, -1.0, 0.0, 1.0, 2.0, 1.0, 2.0, 0.0, -1.0, -1.0, 0.0, 3.0, 2.0, 0.0, 1.0, 1.0, 3.0, 96588.0, 489.0
1.0, -1.0, -1.0, -1.0, 0.0, 0.0, -1.0, 3.0, 1.0, -1.0, 2.0, 0.0, 2.0, 1.0, -1.0, 3.0, 2.0, -1.0, 0.0, -1.0, 1.0, 2.0, 1.0, -1.0, 1.0, 3.0, 2.0, -1.0, 2.0, -1.0, 0.0, -1.0, 0.0, -1.0, -1.0, 0.0, 1.0, 2.0, 1.0, 2.0, 0.0, -1.0, -1.0, 0.0, 3.0, 2.0, 0.0, 1.0, 1.0, 3.0, 96588.0, 489.0
1.0, -1.0, -1.0, -1.0, 0.0, 0.0, -1.0, 3.0, 1.0, -1.0, 2.0, 0.0, 2.0, 1.0, -1.0, 3.0, 2.0, -1.0, 0.0, -1.0, 1.0, 2.0, 1.0, -1.0, 1.0, 3.0, 2.0, -1.0, 2.0, -1.0, 0.0, -1.0, 0.0, -1.0, -1.0, 0.0, 1.0, 2.0, 1.0, 2.0, 0.0, -1.0, -1.0, 0.0, 3.0, 2.0, 0.0, 1.0, 1.0, 3.0, 96588.0, 489.0
1.0, -1.0, -1.0, -1.0, 0.0, 0.0, -1.0, 3.0, 1.0, -1.0, 2.0, 0.0, 2.0, 1.0, -1.0, 3.0, 2.0, -1.0, 0.0, -1.0, 1.0, 2.0, 1.0, -1.0, 1.0, 3.0, 2.0, -1.0, 2.0, -1.0, 0.0, -1.0, 0.0, -1.0, -1.0, 0.0, 1.0, 2.0, 1.0, 2.0, 0.0, -1.0, -1.0, 0.0, 3.0, 2.0, 0.0, 1.0, 1.0, 3.0, 96588.0, 489.0
1.0, -1.0, -1.0, -1.0, 0.0, 0.0, -1.0, 3.0, 1.0, -1.0, 2.0, 0.0, 2.0, 1.0, -1.0, 3.0, 2.0, -1.0, 0.0, -1.0, 1.0, 2.0, 1.0, -1.0, 1.0, 3.0, 2.0, -1.0, 2.0, -1.0, 0.0, -1.0, 0.0, -1.0, -1.0, 0.0, 1.0, 2.0, 1.0, 2.0, 0.0, -1.0, -1.0, 0.0, 3.0, 2.0, 0.0, 1.0, 1.0, 3.0, 96588.0, 489.0
1.0, -1.0, -1.0, -1.0, 0.0, 0.0, -1.0, 3.0, 1.0, -1.0, 2.0, 0.0, 2.0, 1.0, -1.0, 3.0, 2.0, -1.0, 0.0, -1.0, 1.0, 2.0, 1.0, -1.0, 1.0, 3.0, 2.0, -1.0, 2.0, -1.0, 0.0, -1.0, 0.0, -1.0, -1.0, 0.0, 1.0, 2.0, 1.0, 2.0, 0.0, -1.0, -1.0, 0.0, 3.0, 2.0, 0.0, 1.0, 1.0, 3.0, 96588.0, 489.0
1.0, -1.0, -1.0, -1.0, 0.0, 0.0, -1.0, 3.0, 1.0, -1.0, 2.0, 0.0, 2.0, 1.0, -1.0, 3.0, 2.0, -1.0, 0.0, -1.0, 1.0, 2.0, 1.0, -1.0, 1.0, 3.0, 2.0, -1.0, 2.0, -1.0, 0.0, -1.0, 0.0, -1.0, -1.0, 0.0, 1.0, 2.0, 1.0, 2.0, 0.0, -1.0, -1.0, 0.0, 3.0, 2.0, 0.0, 1.0, 1.0, 3.0, 96588.0, 489.0
1.0, -1.0, -1.0, -1.0, 0.0, 0.0, -1.0, 3.0, 1.0, -1.0, 2.0, 0.0, 2.0, 1.0, -1.0, 3.0, 2.0, -1.0, 0.0, -1.0, 1.0, 2.0, 1.0, -1.0, 1.0, 3.0, 2.0, -1.0, 2.0, -1.0, 0.0, -1.0, 0.0, -1.0, -1.0, 0.0, 1.0, 2.0, 1.0, 2.0, 0.0, -1.0, -1.0, 0.0, 3.0, 2.0, 0.0, 1.0, 1.0, 3.0, 96588.0, 489.0
1.0, -1.0, -1.0, -1.0, 0.0, 0.0, -1.0, 3.0, 1.0, -1.0, 2.0, 0.0, 2.0, 1.0, -1.0, 3.0, 2.0, -1.0, 0.0, -1.0, 1.0, 2.0, 1.0, -1.0, 1.0, 3.0, 2.0, -1.0, 2.0, -1.0, 0.0, -1.0, 0.0, -1.0, -1.0, 0.0, 1.0, 2.0, 1.0, 2.0, 0.0, -1.0, -1.0, 0.0, 3.0, 2.0, 0.0, 1.0, 1.0, 3.0, 96588.0, 489.0
1.0, -1.0, -1.0, -1.0, 0.0, 0.0, -1.0, 3.0, 1.0, -1.0, 2.0, 0.0, 2.0, 1.0, -1.0, 3.0, 2.0, -1.0, 0.0, -1.0, 1.0, 2.0, 1.0, -1.0, 1.0, 3.0, 2.0, -1.0, 2.0, -1.0, 0.0, -1.0, 0.0, -1.0, -1.0, 0.0, 1.0, 2.0, 1.0, 2.0, 0.0, -1.0, -1.0, 0.0, 3.0, 2.0, 0.0, 1.0, 1.0, 3.0, 96588.0, 489.0
1.0, -1.0, -1.0, -1.0, 0.0, 0.0, -1.0, 3.0, 1.0, -1.0, 2.0, 0.0, 2.0, 1.0, -1.0, 3.0, 2.0, -1.0, 0.0, -1.0, 1.0, 2.0, 1.0, -1.0, 1.0, 3.0, 2.0, -1.0, 2.0, -1.0, 0.0, -1.0, 0.0, -1.0, -1.0, 0.0, 1.0, 2.0, 1.0, 2.0, 0.0, -1.0, -1.0, 0.0, 3.0, 2.0, 0.0, 1.0, 1.0, 3.0, 96588.0, 489.0
1.0, -1.0, -1.0, -1.0, 0.0, 0.0, -1.0, 3.0, 1.0, -1.0, 2.0, 0.0, 2.0, 1.0, -1.0, 3.0, 2.0, -1.0, 0.0, -1.0, 1.0, 2.0, 1.0, -1.0, 1.0, 3.0, 2.0, -1.0, 2.0, -1.0, 0.0, -1.0, 0.0, -1.0, -1.0, 0.0, 1.0, 2.0, 1.0, 2.0, 0.0, -1.0, -1.0, 0.0, 3.0, 2.0, 0.0, 1.0, 1.0, 3.0, 96588.0, 489.0
1.0, -1.0, -1.0, -1.0, 0.0, 0.0, -1.0, 3.0, 1.0, -1.0, 2.0, 0.0, 2.0, 1.0, -1.0, 3.0, 2.0, -1.0, 0.0, -1.0, 1.0, 2.0, 1.0, -1.0, 1.0, 3.0, 2.0, -1.0, 2.0, -1.0, 0.0, -1.0, 0.0, -1.0, -1.0, 0.0, 1.0, 2.0, 1.0, 2.0, 0.0, -1.0, -1.0, 0.0, 3.0, 2.0, 0.0, 1.0, 1.0, 3.0, 96588.0, 489.0
1.0, -1.0, -1.0, -1.0, 0.0, 0.0, -1.0, 3.0, 1.0, -1.0, 2.0, 0.0, 2.0, 1.0, -1.0, 3.0, 2.0, -1.0, 0.0, -1.0, 1.0, 2.0, 1.0, -1.0, 1.0, 3.0, 2.0, -1.0, 2.0, -1.0, 0.0, -1.0, 0.0, -1.0, -1.0, 0.0, 1.0, 2.0, 1.0, 2.0, 0.0, -1.0, -1.0, 0.0, 3.0, 2.0, 0.0, 1.0, 1.0, 3.0, 96588.0, 489.0
1.0, -1.0, -1.0, -1.0, 0.0, 0.0, -1.0, 3.0, 1.0, -1.0, 2.0, 0.0, 2.0, 1.0, -1.0, 3.0, 2.0, -1.0, 0.0, -1.0, 1.0, 2.0, 1.0, -1.0, 1.0, 3.0, 2.0, -1.0, 2.0, -1.0, 0.0, -1.0, 0.0, -1.0, -1.0, 0.0, 1.0, 2.0, 1.0, 2.0, 0.0, -1.0, -1.0, 0.0, 3.0, 2.0, 0.0, 1.0, 1.0, 3.0, 96588.0, 489.0
1.0, -1.0, -1.0, -1.0, 0.0, 0.0, -1.0, 3.0, 1.0, -1.0, 2.0, 0.0, 2.0, 1.0, -1.0, 3.0, 2.0, -1.0, 0.0, -1.0, 1.0, 2.0, 1.0, -1.0, 1.0, 3.0, 2.0, -1.0, 2.0, -1.0, 0.0, -1.0, 0.0, -1.0, -1.0, 0.0, 1.0, 2.0, 1.0, 2.0, 0.0, -1.0, -1.0, 0.0, 3.0, 2.0, 0.0, 1.0, 1.0, 3.0, 96588.0, 489.0
1.0, -1.0, -1.0, -1.0, 0.0, 0.0, -1.0, 3.0, 1.0, -1.0, 2.0, 0.0, 2.0, 1.0, -1.0, 3.0, 2.0, -1.0, 0.0, -1.0, 1.0, 2.0, 1.0, -1.0, 1.0, 3.0, 2.0, -1.0, 2.0, -1.0, 0.0, -1.0, 0.0, -1.0, -1.0, 0.0, 1.0, 2.0, 1.0, 2.0, 0.0, -1.0, -1.0, 0.0, 3.0, 2.0, 0.0, 1.0, 1.0, 3.0, 96588.0, 489.0
1.0, -1.0, -1.0, -1.0, 0.0, 0.0, -1.0, 3.0, 1.0, -1.0, 2.0, 0.0, 2.0, 1.0, -1.0, 3.0, 2.0, -1.0, 0.0, -1.0, 1.0, 2.0, 1.0, -1.0, 1.0, 3.0, 2.0, -1.0, 2.0, -1.0, 0.0, -1.0, 0.0, -1.0, -1.0, 0.0, 1.0, 2.0, 1.0, 2.0, 0.0, -1.0, -1.0, 0.0, 3.0, 2.0, 0.0, 1.0, 1.0, 3.0, 96588.0, 489.0
1.0, -1.0, -1.0, -1.0, 0.0, 0.0, -1.0, 3.0, 1.0, -1.0, 2.0, 0.0, 2.0, 1.0, -1.0, 3.0, 2.0, -1.0, 0.0, -1.0, 1.0, 2.0, 1.0, -1.0, 1.0, 3.0, 2.0, -1.0, 2.0, -1.0, 0.0, -1.0, 0.0, -1.0, -1.0, 0.0, 1.0, 2.0, 1.0, 2.0, 0.0, -1.0, -1.0, 0.0, 3.0, 2.0, 0.0, 1.0, 1.0, 3.0, 96588.0, 489.0
1.0, -1.0, -1.0, -1.0, 0.0, 0.0, -1.0, 3.0, 1.0, -1.0, 2.0, 0.0, 2.0, 1.0, -1.0, 3.0, 2.0, -1.0, 0.0, -1.0, 1.0, 2.0, 1.0, -1.0, 1.0, 3.0, 2.0, -1.0, 2.0, -1.0, 0.0, -1.0, 0.0, -1.0, -1.0, 0.0, 1.0, 2.0, 1.0, 2.0, 0.0, -1.0, -1.0, 0.0, 3.0, 2.0, 0.0, 1.0, 1.0, 3.0, 96588.0, 489.0
1.0, -1.0, -1.0, -1.0, 0.0, 0.0, -1.0, 3.0, 1.0, -1.0, 2.0, 0.0, 2.0, 1.0, -1.0, 3.0, 2.0, -1.0, 0.0, -1.0, 1.0, 2.0, 1.0, -1.0, 1.0, 3.0, 2.0, -1.0, 2.0, -1.0, 0.0, -1.0, 0.0, -1.0, -1.0, 0.0, 1.0, 2.0, 1.0, 2.0, 0.0, -1.0, -1.0, 0.0, 3.0, 2.0, 0.0, 1.0, 1.0, 3.0, 96588.0, 489.0
1.0, -1.0, -1.0, -1.0, 0.0, 0.0, -1.0, 3.0, 1.0, -1.0, 2.0, 0.0, 2.0, 1.0, -1.0, 3.0, 2.0, -1.0, 0.0, -1.0, 1.0, 2.0, 1.0, -1.0, 1.0, 3.0, 2.0, -1.0, 2.0, -1.0, 0.0, -1.0, 0.0, -1.0, -1.0, 0.0, 1.0, 2.0, 1.0, 2.0, 0.0, -1.0, -1.0, 0.0, 3.0, 2.0, 0.0, 1.0, 1.0, 3.0, 96588.0, 489.0
1.0, -1.0, -1.0, -1.0, 0.0, 0.0, -1.0, 3.0, 1.0, -1.0, 2.0, 0.0, 2.0, 1.0, -1.0, 3.0, 2.0, -1.0, 0.0, -1.0, 1.0, 2.0, 1.0, -1.0, 1.0, 3.0, 2.0, -1.0, 2.0, -1.0, 0.0, -1.0, 0.0, -1.0, -1.0, 0.0, 1.0, 2.0, 1.0, 2.0, 0.0, -1.0, -1.0, 0.0, 3.0, 2.0, 0.0, 1.0, 1.0, 3.0, 96588.0, 489.0
1.0, -1.0, -1.0, -1.0, 0.0, 0.0, -1.0, 3.0, 1.0, -1.0, 2.0, 0.0, 2.0, 1.0, -1.0, 3.0, 2.0, -1.0, 0.0, -1.0, 1.0, 2.0, 1.0, -1.0, 1.0, 3.0, 2.0, -1.0, 2.0, -1.0, 0.0, -1.0, 0.0, -1.0, -1.0, 0.0, 1.0, 2.0, 1.0, 2.0, 0.0, -1.0, -1.0, 0.0, 3.0, 2.0, 0.0, 1.0, 1.0, 3.0, 96588.0, 489.0
1.0, -1.0, -1.0, -1.0, 0.0, 0.0, -1.0, 3.0, 1.0, -1.0, 2.0, 0.0, 2.0, 1.0, -1.0, 3.0, 2.0, -1.0, 0.0, -1.0, 1.0, 2.0, 1.0, -1.0, 1.0, 3.0, 2.0, -1.0, 2.0, -1.0, 0.0, -1.0, 0.0, -1.0, -1.0, 0.0, 1.0, 2.0, 1.0, 2.0, 0.0, -1.0, -1.0, 0.0, 3.0, 2.0, 0.0, 1.0, 1.0, 3.0, 96588.0, 489.0
1.0, -1.0, -1.0, -1.0, 0.0, 0.0, -1.0, 3.0, 1.0, -1.0, 2.0, 0.0, 2.0, 1.0, -1.0, 3.0, 2.0, -1.0, 0.0, -1.0, 1.0, 2.0, 1.0, -1.0, 1.0, 3.0, 2.0, -1.0, 2.0, -1.0, 0.0, -1.0, 0.0, -1.0, -1.0, 0.0, 1.0, 2.0, 1.0, 2.0, 0.0, -1.0, -1.0, 0.0, 3.0, 2.0, 0.0, 1.0, 1.0, 3.0, 96588.0, 489.0
1.0, -1.0, -1.0, -1.0, 0.0, 0.0, -1.0, 3.0, 1.0, -1.0, 2.0, 0.0, 2.0, 1.0, -1.0, 3.0, 2.0, -1.0, 0.0, -1.0, 1.0, 2.0, 1.0, -1.0, 1.0, 3.0, 2.0, -1.0, 2.0, -1.0, 0.0, -1.0, 0.0, -1.0, -1.0, 0.0, 1.0, 2.0, 1.0, 2.0, 0.0, -1.0, -1.0, 0.0, 3.0, 2.0, 0.0, 1.0, 1.0, 3.0, 96588.0, 489.0
1.0, -1.0, -1.0, -1.0, 0.0, 0.0, -1.0, 3.0, 1.0, -1.0, 2.0, 0.0, 2.0, 1.0, -1.0, 3.0, 2.0, -1.0, 0.0, -1.0, 1.0, 2.0, 1.0, -1.0, 1.0, 3.0, 2.0, -1.0, 2.0, -1.0, 0.0, -1.0, 0.0, -1.0, -1.0, 0.0, 1.0, 2.0, 1.0, 2.0, 0.0, -1.0, -1.0, 0.0, 3.0, 2.0, 0.0, 1.0, 1.0, 3.0, 96588.0, 489.0
1.0, -1.0, -1.0, -1.0, 0.0, 0.0, -1.0, 3.0, 1.0, -1.0, 2.0, 0.0, 2.0, 1.0, -1.0, 3.0, 2.0, -1.0, 0.0, -1.0, 1.0, 2.0, 1.0, -1.0, 1.0, 3.0, 2.0, -1.0, 2.0, -1.0, 0.0, -1.0, 0.0, -1.0, -1.0, 0.0, 1.0, 2.0, 1.0, 2.0, 0.0, -1.0, -1.0, 0.0, 3.0, 2.0, 0.0, 1.0, 1.0, 3.0, 96588.0, 489.0
1.0, -1.0, -1.0, -1.0, 0.0, 0.0, -1.0, 3.0, 1.0, -1.0, 2.0, 0.0, 2.0, 1.0, -1.0, 3.0, 2.0, -1.0, 0.0, -1.0, 1.0, 2.0, 1.0, -1.0, 1.0, 3.0, 2.0, -1.0, 2.0, -1.0, 0.0, -1.0, 0.0, -1.0, -1.0, 0.0, 1.0, 2.0, 1.0, 2.0, 0.0, -1.0, -1.0, 0.0, 3.0, 2.0, 0.0, 1.0, 1.0, 3.0, 96588.0, 489.0
1.0, -1.0, -1.0, -1.0, 0.0, 0.0, -1.0, 3.0, 1.0, -1.0, 2.0, 0.0, 2.0, 1.0, -1.0, 3.0, 2.0, -1.0, 0.0, -1.0, 1.0, 2.0, 1.0, -1.0, 1.0, 3.0, 2.0, -1.0, 2.0, -1.0, 0.0, -1.0, 0.0, -1.0, -1.0, 0.0, 1.0, 2.0, 1.0, 2.0, 0.0, -1.0, -1.0, 0.0, 3.0, 2.0, 0.0, 1.0, 1.0, 3.0, 96588.0, 489.0
1.0, -1.0, -1.0, -1.0, 0.0, 0.0, -1.0, 3.0, 1.0, -1.0, 2.0, 0.0, 2.0, 1.0, -1.0, 3.0, 2.0, -1.0, 0.0, -1.0, 1.0, 2.0, 1.0, -1.0, 1.0, 3.0, 2.0, -1.0, 2.0, -1.0, 0.0, -1.0, 0.0, -1.0, -1.0, 0.0, 1.0, 2.0, 1.0, 2.0, 0.0, -1.0, -1.0, 0.0, 3.0, 2.0, 0.0, 1.0, 1.0, 3.0, 96588.0, 489.0
1.0, -1.0, -1.0, -1.0, 0.0, 0.0, -1.0, 3.0, 1.0, -1.0, 2.0, 0.0, 2.0, 1.0, -1.0, 3.0, 2.0, -1.0, 0.0, -1.0, 1.0, 2.0, 1.0, -1.0, 1.0, 3.0, 2.0, -1.0, 2.0, -1.0, 0.0, -1.0, 0.0, -1.0, -1.0, 0.0, 1.0, 2.0, 1.0, 2.0, 0.0, -1.0, -1.0, 0.0, 3.0, 2.0, 0.0, 1.0, 1.0, 3.0, 96588.0, 489.0
1.0, -1.0, -1.0, -1.0, 0.0, 0.0, -1.0, 3.0, 1.0, -1.0, 2.0, 0.0, 2.0, 1.0, -1.0, 3.0, 2.0, -1.0, 0.0, -1.0, 1.0, 2.0, 1.0, -1.0, 1.0, 3.0, 2.0, -1.0, 2.0, -1.0, 0.0, -1.0, 0.0, -1.0, -1.0, 0.0, 1.0, 2.0, 1.0, 2.0, 0.0, -1.0, -1.0, 0.0, 3.0, 2.0, 0.0, 1.0, 1.0, 3.0, 96588.0, 489.0
1.0, -1.0, -1.0, -1.0, 0.0, 0.0, -1.0, 3.0, 1.0, -1.0, 2.0, 0.0, 2.0, 1.0, -1.0, 3.0, 2.0, -1.0, 0.0, -1.0, 1.0, 2.0, 1.0, -1.0, 1.0, 3.0, 2.0, -1.0, 2.0, -1.0, 0.0, -1.0, 0.0, -1.0, -1.0, 0.0, 1.0, 2.0, 1.0, 2.0, 0.0, -1.0, -1.0, 0.0, 3.0, 2.0, 0.0, 1.0, 1.0, 3.0, 96588.0, 489.0
1.0, -1.0, -1.0, -1.0, 0.0, 0.0, -1.0, 3.0, 1.0, -1.0, 2.0, 0.0, 2.0, 1.0, -1.0, 3.0, 2.0, -1.0, 0.0, -1.0, 1.0, 2.0, 1.0, -1.0, 1.0, 3.0, 2.0, -1.0, 2.0, -1.0, 0.0, -1.0, 0.0, -1.0, -1.0, 0.0, 1.0, 2.0, 1.0, 2.0, 0.0, -1.0, -1.0, 0.0, 3.0, 2.0, 0.0, 1.0, 1.0, 3.0, 96588.0, 489.0
1.0, -1.0, -1.0, -1.0, 0.0, 0.0, -1.0, 3.0, 1.0, -1.0, 2.0, 0.0, 2.0, 1.0, -1.0, 3.0, 2.0, -1.0, 0.0, -1.0, 1.0, 2.0, 1.0, -1.0, 1.0, 3.0, 2.0, -1.0, 2.0, -1.0, 0.0, -1.0, 0.0, -1.0, -1.0, 0.0, 1.0, 2.0, 1.0, 2.0, 0.0, -1.0, -1.0, 0.0, 3.0, 2.0, 0.0, 1.0, 1.0, 3.0, 96588.0, 489.0
1.0, -1.0, -1.0, -1.0, 0.0, 0.0, -1.0, 3.0, 1.0, -1.0, 2.0, 0.0, 2.0, 1.0, -1.0, 3.0, 2.0, -1.0, 0.0, -1.0, 1.0, 2.0, 1.0, -1.0, 1.0, 3.0, 2.0, -1.0, 2.0, -1.0, 0.0, -1.0, 0.0, -1.0, -1.0, 0.0, 1.0, 2.0, 1.0, 2.0, 0.0, -1.0, -1.0, 0.0, 3.0, 2.0, 0.0, 1.0, 1.0, 3.0, 96588.0, 489.0
1.0, -1.0, -1.0, -1.0, 0.0, 0.0, -1.0, 3.0, 1.0, -1.0, 2.0, 0.0, 2.0, 1.0, -1.0, 3.0, 2.0, -1.0, 0.0, -1.0, 1.0, 2.0, 1.0, -1.0, 1.0, 3.0, 2.0, -1.0, 2.0, -1.0, 0.0, -1.0, 0.0, -1.0, -1.0, 0.0, 1.0, 2.0, 1.0, 2.0, 0.0, -1.0, -1.0, 0.0, 3.0, 2.0, 0.0, 1.0, 1.0, 3.0, 96588.0, 489.0
1.0, -1.0, -1.0, -1.0, 0.0, 0.0, -1.0, 3.0, 1.0, -1.0, 2.0, 0.0, 2.0, 1.0, -1.0, 3.0, 2.0, -1.0, 0.0, -1.0, 1.0, 2.0, 1.0, -1.0, 1.0, 3.0, 2.0, -1.0, 2.0, -1.0, 0.0, -1.0, 0.0, -1.0, -1.0, 0.0, 1.0, 2.0, 1.0, 2.0, 0.0, -1.0, -1.0, 0.0, 3.0, 2.0, 0.0, 1.0, 1.0, 3.0, 96588.0, 489.0
1.0, -1.0, -1.0, -1.0, 0.0, 0.0, -1.0, 3.0, 1.0, -1.0, 2.0, 0.0, 2.0, 1.0, -1.0, 3.0, 2.0, -1.0, 0.0, -1.0, 1.0, 2.0, 1.0, -1.0, 1.0, 3.0, 2.0, -1.0, 2.0, -1.0, 0.0, -1.0, 0.0, -1.0, -1.0, 0.0, 1.0, 2.0, 1.0, 2.0, 0.0, -1.0, -1.0, 0.0, 3.0, 2.0, 0.0, 1.0, 1.0, 3.0, 96588.0, 489.0
1.0, -1.0, -1.0, -1.0, 0.0, 0.0, -1.0, 3.0, 1.0, -1.0, 2.0, 0.0, 2.0, 1.0, -1.0, 3.0, 2.0, -1.0, 0.0, -1.0, 1.0, 2.0, 1.0, -1.0, 1.0, 3.0, 2.0, -1.0, 2.0, -1.0, 0.0, -1.0, 0.0, -1.0, -1.0, 0.0, 1.0, 2.0, 1.0, 2.0, 0.0, -1.0, -1.0, 0.0, 3.0, 2.0, 0.0, 1.0, 1.0, 3.0, 96588.0, 489.0
1.0, -1.0, -1.0, -1.0, 0.0, 0.0, -1.0, 3.0, 1.0, -1.0, 2.0, 0.0, 2.0, 1.0, -1.0, 3.0, 2.0, -1.0, 0.0, -1.0, 1.0, 2.0, 1.0, -1.0, 1.0, 3.0, 2.0, -1.0, 2.0, -1.0, 0.0, -1.0, 0.0, -1.0, -1.0, 0.0, 1.0, 2.0, 1.0, 2.0, 0.0, -1.0, -1.0, 0.0, 3.0, 2.0, 0.0, 1.0, 1.0, 3.0, 96588.0, 489.0
1.0, -1.0, -1.0, -1.0, 0.0, 0.0, -1.0, 3.0, 1.0, -1.0, 2.0, 0.0, 2.0, 1.0, -1.0, 3.0, 2.0, -1.0, 0.0, -1.0, 1.0, 2.0, 1.0, -1.0, 1.0, 3.0, 2.0, -1.0, 2.0, -1.0, 0.0, -1.0, 0.0, -1.0, -1.0, 0.0, 1.0, 2.0, 1.0, 2.0, 0.0, -1.0, -1.0, 0.0, 3.0, 2.0, 0.0, 1.0, 1.0, 3.0, 96588.0, 489.0
1.0, -1.0, -1.0, -1.0, 0.0, 0.0, -1.0, 3.0, 1.0, -1.0, 2.0, 0.0, 2.0, 1.0, -1.0, 3.0, 2.0, -1.0, 0.0, -1.0, 1.0, 2.0, 1.0, -1.0, 1.0, 3.0, 2.0, -1.0, 2.0, -1.0, 0.0, -1.0, 0.0, -1.0, -1.0, 0.0, 1.0, 2.0, 1.0, 2.0, 0.0, -1.0, -1.0, 0.0, 3.0, 2.0, 0.0, 1.0, 1.0, 3.0, 96588.0, 489.0
1.0, -1.0, -1.0, -1.0, 0.0, 0.0, -1.0, 3.0, 1.0, -1.0, 2.0, 0.0, 2.0, 1.0, -1.0, 3.0, 2.0, -1.0, 0.0, -1.0, 1.0, 2.0, 1.0, -1.0, 1.0, 3.0, 2.0, -1.0, 2.0, -1.0, 0.0, -1.0, 0.0, -1.0, -1.0, 0.0, 1.0, 2.0, 1.0, 2.0, 0.0, -1.0, -1.0, 0.0, 3.0, 2.0, 0.0, 1.0, 1.0, 3.0, 96588.0, 489.0
1.0, -1.0, -1.0, -1.0, 0.0, 0.0, -1.0, 3.0, 1.0, -1.0, 2.0, 0.0, 2.0, 1.0, -1.0, 3.0, 2.0, -1.0, 0.0, -1.0, 1.0, 2.0, 1.0, -1.0, 1.0, 3.0, 2.0, -1.0, 2.0, -1.0, 0.0, -1.0, 0.0, -1.0, -1.0, 0.0, 1.0, 2.0, 1.0, 2.0, 0.0, -1.0, -1.0, 0.0, 3.0, 2.0, 0.0, 1.0, 1.0, 3.0, 96588.0, 489.0
1.0, -1.0, -1.0, -1.0, 0.0, 0.0, -1.0, 3.0, 1.0, -1.0, 2.0, 0.0, 2.0, 1.0, -1.0, 3.0, 2.0, -1.0, 0.0, -1.0, 1.0, 2.0, 1.0, -1.0, 1.0, 3.0, 2.0, -1.0, 2.0, -1.0, 0.0, -1.0, 0.0, -1.0, -1.0, 0.0, 1.0, 2.0, 1.0, 2.0, 0.0, -1.0, -1.0, 0.0, 3.0, 2.0, 0.0, 1.0, 1.0, 3.0, 96588.0, 489.0
1.0, -1.0, -1.0, -1.0, 0.0, 0.0, -1.0, 3.0, 1.0, -1.0, 2.0, 0.0, 2.0, 1.0, -1.0, 3.0, 2.0, -1.0, 0.0, -1.0, 1.0, 2.0, 1.0, -1.0, 1.0, 3.0, 2.0, -1.0, 2.0, -1.0, 0.0, -1.0, 0.0, -1.0, -1.0, 0.0, 1.0, 2.0, 1.0, 2.0, 0.0, -1.0, -1.0, 0.0, 3.0, 2.0, 0.0, 1.0, 1.0, 3.0, 96588.0, 489.0
1.0, -1.0, -1.0, -1.0, 0.0, 0.0, -1.0, 3.0, 1.0, -1.0, 2.0, 0.0, 2.0, 1.0, -1.0, 3.0, 2.0, -1.0, 0.0, -1.0, 1.0, 2.0, 1.0, -1.0, 1.0, 3.0, 2.0, -1.0, 2.0, -1.0, 0.0, -1.0, 0.0, -1.0, -1.0, 0.0, 1.0, 2.0, 1.0, 2.0, 0.0, -1.0, -1.0, 0.0, 3.0, 2.0, 0.0, 1.0, 1.0, 3.0, 96588.0, 489.0
1.0, -1.0, -1.0, -1.0, 0.0, 0.0, -1.0, 3.0, 1.0, -1.0, 2.0, 0.0, 2.0, 1.0, -1.0, 3.0, 2.0, -1.0, 0.0, -1.0, 1.0, 2.0, 1.0, -1.0, 1.0, 3.0, 2.0, -1.0, 2.0, -1.0, 0.0, -1.0, 0.0, -1.0, -1.0, 0.0, 1.0, 2.0, 1.0, 2.0, 0.0, -1.0, -1.0, 0.0, 3.0, 2.0, 0.0, 1.0, 1.0, 3.0, 96588.0, 489.0
1.0, -1.0, -1.0, -1.0, 0.0, 0.0, -1.0, 3.0, 1.0, -1.0, 2.0, 0.0, 2.0, 1.0, -1.0, 3.0, 2.0, -1.0, 0.0, -1.0, 1.0, 2.0, 1.0, -1.0, 1.0, 3.0, 2.0, -1.0, 2.0, -1.0, 0.0, -1.0, 0.0, -1.0, -1.0, 0.0, 1.0, 2.0, 1.0, 2.0, 0.0, -1.0, -1.0, 0.0, 3.0, 2.0, 0.0, 1.0, 1.0, 3.0, 96588.0, 489.0
1.0, -1.0, -1.0, -1.0, 0.0, 0.0, -1.0, 3.0, 1.0, -1.0, 2.0, 0.0, 2.0, 1.0, -1.0, 3.0, 2.0, -1.0, 0.0, -1.0, 1.0, 2.0, 1.0, -1.0, 1.0, 3.0, 2.0, -1.0, 2.0, -1.0, 0.0, -1.0, 0.0, -1.0, -1.0, 0.0, 1.0, 2.0, 1.0, 2.0, 0.0, -1.0, -1.0, 0.0, 3.0, 2.0, 0.0, 1.0, 1.0, 3.0, 96588.0, 489.0
1.0, -1.0, -1.0, -1.0, 0.0, 0.0, -1.0, 3.0, 1.0, -1.0, 2.0, 0.0, 2.0, 1.0, -1.0, 3.0, 2.0, -1.0, -1.0, -1.0, 1.0, 2.0, 1.0, -1.0, 1.0, 3.0, 2.0, -1.0, 2.0, 2.0, 0.0, -1.0, -1.0, -1.0, -1.0, 0.0, 1.0, 2.0, 1.0, 2.0, 0.0, -1.0, -1.0, 0.0, 3.0, 2.0, 0.0, 1.0, 1.0, 3.0, 96805.0, 475.0
