-1.0, -1.0, 0.0, 0.0, -1.0, 1.0, 2.0, 0.0, -1.0, -1.0, 0.0, 2.0, 2.0, 2.0, 1.0, 2.0, 0.0, 2.0, 1.0, 0.0, 3.0, 0.0, -1.0, 1.0, 1.0, 1.0, 1.0, -1.0, 2.0, 2.0, 0.0, -1.0, 3.0, 2.0, -1.0, -1.0, 0.0, 2.0, 3.0, 1.0, -1.0, 1.0, -1.0, 1.0, 2.0, 1.0, 3.0, 2.0, 0.0, -1.0, 512.0, 99473.0
-1.0, -1.0, 0.0, 0.0, -1.0, 1.0, 2.0, 0.0, -1.0, -1.0, 0.0, 2.0, 2.0, 2.0, 1.0, 2.0, 0.0, 2.0, 1.0, 0.0, 3.0, 0.0, -1.0, 1.0, 1.0, 1.0, 1.0, -1.0, 2.0, 2.0, 0.0, -1.0, 3.0, 2.0, -1.0, -1.0, 0.0, 2.0, 3.0, 1.0, -1.0, 1.0, -1.0, 1.0, 2.0, 1.0, 3.0, 2.0, 0.0, -1.0, 512.0, 99473.0
-1.0, -1.0, 0.0, 0.0, -1.0, 1.0, 2.0, 0.0, 0.0, -1.0, 0.0, 2.0, 2.0, 2.0, 1.0, 2.0, 0.0, 1.0, 1.0, 0.0, 3.0, 0.0, -1.0, 1.0, 2.0, 1.0, 1.0, -1.0, 2.0, 2.0, 0.0, -1.0, 3.0, 2.0, 1.0, -1.0, 0.0, 2.0, 3.0, 1.0, -1.0, 1.0, -1.0, 1.0, 2.0, 1.0, 3.0, 1.0, 0.0, -1.0, 539.0, 99432.0
-1.0, -1.0, 0.0, 0.0, -1.0, 1.0, 2.0, 0.0, -1.0, -1.0, 0.0, 2.0, 2.0, 2.0, 1.0, 2.0, 0.0, 2.0, 1.0, 0.0, 3.0, 0.0, -1.0, 1.0, 2.0, 1.0, 1.0, -1.0, 2.0, 2.0, 0.0, -1.0, 3.0, 2.0, 1.0, -1.0, 0.0, 2.0, 3.0, 1.0, -1.0, 1.0, -1.0, 1.0, 2.0, 1.0, 3.0, 2.0, 0.0, -1.0, 527.0, 99456.0
-1.0, -1.0, 0.0, 0.0, -1.0, 1.0, 2.0, 0.0, -1.0, -1.0, 0.0, 2.0, 2.0, 2.0, 2.0, 2.0, 0.0, 2.0, 1.0, 0.0, 2.0, 1.0, -1.0, 1.0, 2.0, 1.0, 1.0, -1.0, 2.0, 2.0, 0.0, -1.0, 3.0, 2.0, 1.0, -1.0, 0.0, 2.0, 3.0, 1.0, -1.0, 1.0, -1.0, 1.0, 2.0, 1.0, 3.0, 2.0, 0.0, -1.0, 527.0, 99456.0
-1.0, 1.0, 3.0, 1.0, -1.0, 2.0, 3.0, 1.0, 2.0, 2.0, 0.0, 2.0, 2.0, 0.0, 1.0, -1.0, 1.0, 3.0, -1.0, 0.0, 3.0, 2.0, 1.0, 2.0, 2.0, 1.0, 0.0, 0.0, 3.0, 1.0, 3.0, -1.0, 0.0, 2.0, 1.0, -1.0, 2.0, 3.0, 3.0, 0.0, -1.0, 1.0, -1.0, -1.0, 3.0, -1.0, 1.0, 1.0, 0.0, 3.0, 555.0, 99426.0
-1.0, -1.0, 0.0, 0.0, -1.0, 1.0, 2.0, 0.0, 1.0, -1.0, 0.0, 2.0, 2.0, 2.0, 1.0, 2.0, 0.0, 1.0, 1.0, 0.0, 3.0, 0.0, -1.0, 1.0, 2.0, 1.0, 1.0, -1.0, 2.0, 2.0, 0.0, -1.0, 3.0, 2.0, 1.0, -1.0, 0.0, 2.0, 3.0, 1.0, -1.0, 1.0, -1.0, 1.0, 2.0, 1.0, 3.0, 2.0, 0.0, -1.0, 539.0, 99432.0
-1.0, 2.0, 0.0, 0.0, -1.0, 1.0, 2.0, 0.0, 1.0, -1.0, 0.0, 2.0, 2.0, 2.0, 1.0, 2.0, 0.0, 1.0, 1.0, 0.0, 3.0, 0.0, -1.0, 1.0, 2.0, 1.0, 1.0, -1.0, 2.0, 2.0, 0.0, -1.0, 3.0, 2.0, 1.0, -1.0, 0.0, 2.0, 3.0, 1.0, -1.0, 1.0, -1.0, 1.0, 2.0, 1.0, 2.0, 1.0, 0.0, -1.0, 558.0, 99421.0
-1.0, 1.0, 3.0, 1.0, -1.0, 2.0, 3.0, 1.0, 0.0, 2.0, 0.0, 2.0, 2.0, 0.0, 1.0, -1.0, 1.0, 3.0, -1.0, 0.0, 3.0, 2.0, 1.0, 2.0, 2.0, 1.0, 0.0, 0.0, 3.0, 1.0, 3.0, -1.0, 0.0, 3.0, 1.0, -1.0, 2.0, 3.0, 2.0, 0.0, -1.0, 1.0, 1.0, -1.0, 3.0, -1.0, 1.0, 1.0, 0.0, 3.0, 571.0, 99414.0
3.0, 1.0, 3.0, 1.0, -1.0, 2.0, 3.0, 1.0, 0.0, 2.0, 0.0, 2.0, 2.0, 0.0, 1.0, -1.0, 1.0, 3.0, 1.0, 0.0, 3.0, 2.0, 1.0, 2.0, 2.0, 1.0, 0.0, 0.0, 3.0, 1.0, 3.0, 0.0, 0.0, 2.0, 1.0, -1.0, 2.0, 3.0, 2.0, 0.0, -1.0, 1.0, 1.0, -1.0, 3.0, -1.0, 1.0, 1.0, 0.0, 3.0, 618.0, 99367.0
-1.0, 1.0, 3.0, 1.0, -1.0, 2.0, 3.0, 1.0, 0.0, 2.0, 0.0, 2.0, 2.0, 0.0, 1.0, -1.0, 1.0, 3.0, 1.0, 0.0, 3.0, 2.0, 1.0, 2.0, 2.0, 1.0, 0.0, 0.0, 3.0, 1.0, 3.0, 0.0, 0.0, 2.0, 1.0, -1.0, 2.0, 3.0, 2.0, 0.0, -1.0, 1.0, 1.0, -1.0, 3.0, -1.0, 1.0, 1.0, 0.0, 3.0, 600.0, 99383.0
1.0, 1.0, 3.0, 1.0, -1.0, 2.0, 3.0, 1.0, 2.0, 2.0, 2.0, 2.0, 2.0, 0.0, 1.0, -1.0, 1.0, 3.0, -1.0, 0.0, 3.0, -1.0, 1.0, 2.0, 2.0, 1.0, 0.0, 0.0, 3.0, 1.0, 3.0, 0.0, 0.0, 2.0, 1.0, 0.0, 2.0, 2.0, 2.0, 0.0, -1.0, 1.0, 1.0, -1.0, 3.0, -1.0, 1.0, 1.0, 0.0, -1.0, 598.0, 99391.0
-1.0, 2.0, 0.0, 0.0, -1.0, 1.0, 2.0, 0.0, 1.0, -1.0, 0.0, 2.0, 2.0, 2.0, 1.0, 2.0, 0.0, 1.0, 1.0, 0.0, 3.0, 0.0, -1.0, 1.0, 2.0, 1.0, 1.0, -1.0, 2.0, 2.0, 0.0, -1.0, 3.0, 2.0, 1.0, -1.0, 0.0, 2.0, 3.0, 1.0, -1.0, 1.0, -1.0, 1.0, 2.0, 1.0, 3.0, 1.0, 0.0, -1.0, 558.0, 99421.0
-1.0, 1.0, 3.0, 1.0, -1.0, 2.0, 3.0, 1.0, 2.0, 2.0, 0.0, 2.0, 2.0, 0.0, 1.0, -1.0, 1.0, 3.0, -1.0, 0.0, 3.0, 2.0, 1.0, 2.0, 2.0, 1.0, 0.0, 0.0, 3.0, 1.0, 3.0, -1.0, 0.0, -1.0, 1.0, -1.0, 2.0, 3.0, 2.0, 0.0, -1.0, 1.0, 1.0, 3.0, 3.0, -1.0, 0.0, 1.0, 0.0, 3.0, 573.0, 99409.0
-1.0, 1.0, 3.0, 1.0, -1.0, 2.0, 3.0, 1.0, 0.0, 2.0, 0.0, 2.0, 2.0, 0.0, 1.0, -1.0, 1.0, 3.0, -1.0, 0.0, 3.0, 2.0, 1.0, 2.0, 2.0, 1.0, 0.0, 0.0, 3.0, 1.0, 3.0, -1.0, 0.0, 3.0, 1.0, -1.0, 2.0, 3.0, 2.0, 0.0, -1.0, 1.0, 1.0, -1.0, 3.0, -1.0, 1.0, 1.0, 0.0, 3.0, 571.0, 99414.0
-1.0, 1.0, 3.0, 1.0, -1.0, 2.0, 3.0, 1.0, 2.0, 2.0, 0.0, 2.0, 2.0, 0.0, 1.0, -1.0, 1.0, 3.0, -1.0, 0.0, 3.0, 2.0, 1.0, 2.0, 2.0, 1.0, 0.0, 0.0, 3.0, 1.0, 3.0, -1.0, 0.0, 2.0, 1.0, -1.0, 2.0, 3.0, 3.0, 0.0, -1.0, 1.0, -1.0, -1.0, 3.0, -1.0, 3.0, 2.0, 0.0, 3.0, 555.0, 99426.0
2.0, 0.0, 0.0, 0.0, -1.0, 0.0, 2.0, 1.0, 1.0, 2.0, 3.0, 2.0, 0.0, -1.0, 2.0, 0.0, 1.0, 1.0, 3.0, 2.0, 2.0, 1.0, 2.0, 1.0, 1.0, 3.0, 0.0, 0.0, 3.0, 3.0, 1.0, 0.0, 1.0, 3.0, -1.0, 3.0, 1.0, 0.0, 0.0, 2.0, 2.0, 1.0, 0.0, 1.0, 2.0, -1.0, 2.0, 2.0, 2.0, 3.0, 660.0, 99343.0
-1.0, 1.0, 3.0, 1.0, -1.0, 2.0, 3.0, 1.0, 0.0, 2.0, 0.0, 2.0, 2.0, 0.0, 3.0, -1.0, 1.0, 3.0, -1.0, 0.0, 3.0, 2.0, 1.0, 2.0, 2.0, 1.0, 0.0, 0.0, 3.0, 1.0, 3.0, -1.0, 0.0, 2.0, 1.0, -1.0, 2.0, 3.0, 2.0, 0.0, 2.0, 1.0, 1.0, -1.0, 3.0, -1.0, 1.0, 1.0, 0.0, 3.0, 586.0, 99403.0
-1.0, 1.0, 3.0, 1.0, -1.0, 2.0, 3.0, 1.0, 0.0, 2.0, 0.0, 2.0, 2.0, 0.0, 1.0, -1.0, 1.0, 3.0, 1.0, 0.0, 3.0, 2.0, 1.0, 2.0, 2.0, 1.0, 0.0, 0.0, 3.0, 1.0, 3.0, 0.0, 0.0, 2.0, 1.0, -1.0, 2.0, 2.0, 2.0, 0.0, 2.0, 1.0, 1.0, -1.0, 3.0, -1.0, 1.0, 1.0, 0.0, 3.0, 615.0, 99372.0
-1.0, 1.0, 3.0, 1.0, -1.0, 2.0, 3.0, 1.0, 0.0, 2.0, 0.0, 2.0, 2.0, 0.0, 1.0, -1.0, 1.0, 3.0, 1.0, 0.0, 3.0, 2.0, 1.0, 2.0, 2.0, 1.0, 0.0, 0.0, 3.0, 1.0, 3.0, 0.0, 0.0, 2.0, 1.0, -1.0, 2.0, 3.0, 2.0, 0.0, 2.0, 1.0, 1.0, -1.0, 3.0, -1.0, 1.0, 1.0, 0.0, 3.0, 615.0, 99372.0
-1.0, 1.0, 3.0, 1.0, -1.0, 2.0, 0.0, 1.0, 0.0, 2.0, 0.0, 2.0, 2.0, 0.0, 1.0, -1.0, 1.0, 3.0, 1.0, 0.0, 3.0, 2.0, 1.0, 2.0, 2.0, 1.0, 0.0, 0.0, 3.0, 1.0, 3.0, 0.0, 0.0, 2.0, 1.0, -1.0, 2.0, 3.0, 2.0, 0.0, -1.0, 1.0, 1.0, -1.0, 3.0, -1.0, 1.0, 1.0, 0.0, 3.0, 600.0, 99383.0
-1.0, 1.0, 3.0, 1.0, -1.0, 2.0, 3.0, 1.0, 0.0, 2.0, 0.0, 2.0, 2.0, 0.0, 3.0, -1.0, 1.0, 3.0, -1.0, 0.0, 3.0, 2.0, 1.0, 2.0, 2.0, 1.0, 0.0, 0.0, 3.0, 1.0, 3.0, -1.0, 0.0, 2.0, 1.0, -1.0, 2.0, 3.0, 2.0, 0.0, 2.0, 1.0, 1.0, -1.0, 3.0, -1.0, 1.0, 1.0, 0.0, 3.0, 586.0, 99403.0
-1.0, 1.0, 3.0, 1.0, -1.0, 2.0, 3.0, 1.0, 0.0, 2.0, 2.0, 2.0, 2.0, 0.0, 1.0, -1.0, 1.0, 3.0, -1.0, 0.0, 3.0, -1.0, 1.0, 2.0, 2.0, 1.0, 0.0, 0.0, 3.0, 1.0, 3.0, 0.0, 0.0, 2.0, 1.0, 0.0, 2.0, 3.0, 2.0, 0.0, 3.0, 1.0, 1.0, -1.0, 3.0, -1.0, 1.0, 1.0, 0.0, -1.0, 595.0, 99396.0
-1.0, 1.0, 3.0, 1.0, -1.0, 2.0, 3.0, 1.0, 2.0, 2.0, 2.0, 2.0, 2.0, 0.0, 1.0, -1.0, 1.0, 3.0, -1.0, 0.0, 3.0, -1.0, 1.0, 2.0, 2.0, 1.0, 0.0, 0.0, 3.0, 1.0, 3.0, 0.0, 0.0, 2.0, 1.0, 0.0, 2.0, 2.0, 2.0, 0.0, -1.0, 1.0, 1.0, -1.0, 3.0, -1.0, 1.0, 1.0, 0.0, -1.0, 580.0, 99407.0
-1.0, 1.0, 3.0, 1.0, -1.0, 2.0, 3.0, 1.0, 2.0, 2.0, 2.0, 2.0, 2.0, 0.0, 1.0, -1.0, 1.0, 3.0, -1.0, 0.0, 3.0, -1.0, 0.0, 2.0, 2.0, 2.0, 0.0, 0.0, 3.0, 1.0, 3.0, 0.0, 0.0, 2.0, 1.0, 0.0, 2.0, 2.0, 2.0, 0.0, -1.0, 1.0, 1.0, -1.0, 3.0, -1.0, 1.0, 1.0, 0.0, -1.0, 580.0, 99407.0
0.0, 1.0, 3.0, 1.0, -1.0, 2.0, 2.0, 1.0, 0.0, 2.0, 0.0, 2.0, 2.0, 0.0, 1.0, -1.0, 1.0, 3.0, -1.0, 0.0, 3.0, 2.0, 1.0, 2.0, 2.0, 1.0, 0.0, 0.0, 3.0, 1.0, 3.0, 0.0, 0.0, 2.0, 1.0, -1.0, 2.0, 3.0, 2.0, 0.0, -1.0, 1.0, 1.0, -1.0, 3.0, -1.0, 1.0, 1.0, 0.0, -1.0, 596.0, 99392.0
-1.0, 1.0, 3.0, 1.0, -1.0, 2.0, 3.0, 1.0, 0.0, 2.0, 0.0, 2.0, 2.0, 0.0, 1.0, -1.0, 1.0, 3.0, -1.0, 0.0, 3.0, 2.0, 1.0, 2.0, 2.0, 1.0, 0.0, 0.0, 3.0, 1.0, 3.0, 0.0, 0.0, 2.0, 1.0, -1.0, 2.0, 3.0, 2.0, 0.0, -1.0, 1.0, 1.0, -1.0, 3.0, -1.0, 1.0, 1.0, 0.0, -1.0, 578.0, 99408.0
3.0, 1.0, 3.0, 1.0, -1.0, 2.0, 3.0, 1.0, 0.0, 2.0, 0.0, 2.0, 2.0, 0.0, 1.0, -1.0, 1.0, 3.0, 1.0, 0.0, 3.0, 2.0, 1.0, 2.0, 2.0, 1.0, 0.0, 0.0, 3.0, 1.0, 3.0, 0.0, 0.0, 2.0, 1.0, -1.0, 2.0, 3.0, 2.0, 0.0, -1.0, 1.0, 1.0, -1.0, 3.0, -1.0, 1.0, 1.0, 0.0, 3.0, 618.0, 99367.0
-1.0, 1.0, 3.0, 1.0, -1.0, 2.0, 3.0, 1.0, 0.0, 2.0, 0.0, 2.0, 2.0, 0.0, 1.0, 0.0, 1.0, 3.0, -1.0, 0.0, 3.0, 2.0, 1.0, 2.0, 2.0, 1.0, 0.0, 0.0, 3.0, 1.0, 3.0, -1.0, 0.0, 3.0, 1.0, -1.0, 2.0, 3.0, 2.0, 0.0, -1.0, 1.0, 0.0, -1.0, 3.0, -1.0, 1.0, 1.0, 0.0, 3.0, 589.0, 99401.0
-1.0, 1.0, 3.0, 1.0, -1.0, 2.0, 3.0, 1.0, 0.0, 2.0, 0.0, 2.0, 2.0, 0.0, 1.0, -1.0, 1.0, 3.0, -1.0, 0.0, 3.0, 2.0, 1.0, 2.0, 2.0, 1.0, 0.0, 0.0, 3.0, 1.0, 3.0, 0.0, 0.0, 2.0, 1.0, -1.0, 2.0, 3.0, 0.0, 0.0, -1.0, 1.0, 1.0, -1.0, 3.0, -1.0, 1.0, 1.0, 0.0, 3.0, 590.0, 99399.0
-1.0, 1.0, 3.0, 1.0, -1.0, 2.0, 3.0, 1.0, 2.0, 2.0, 2.0, 2.0, 2.0, 0.0, 1.0, -1.0, 1.0, 3.0, -1.0, 0.0, 3.0, -1.0, 1.0, 2.0, 2.0, 1.0, 0.0, 0.0, 3.0, 1.0, 3.0, 0.0, 0.0, 2.0, 1.0, 0.0, 2.0, 2.0, 2.0, 0.0, -1.0, 1.0, 1.0, -1.0, 3.0, -1.0, 1.0, 1.0, 0.0, 3.0, 592.0, 99398.0
-1.0, 1.0, 3.0, 1.0, -1.0, 2.0, 3.0, 1.0, 2.0, 2.0, 2.0, 2.0, 2.0, 0.0, 1.0, -1.0, 1.0, 3.0, -1.0, 0.0, 3.0, 2.0, 1.0, 2.0, 2.0, 1.0, 0.0, 0.0, 3.0, 1.0, 2.0, -1.0, 0.0, -1.0, 1.0, 1.0, 2.0, 3.0, 2.0, 0.0, -1.0, 1.0, 1.0, 3.0, 3.0, -1.0, 3.0, 1.0, 0.0, 3.0, 592.0, 99398.0
-1.0, 1.0, 3.0, 1.0, -1.0, 2.0, 3.0, 1.0, 0.0, 2.0, 2.0, 2.0, 2.0, 0.0, 1.0, -1.0, 1.0, 3.0, -1.0, 0.0, 3.0, -1.0, 1.0, 2.0, 2.0, 0.0, 0.0, 0.0, 3.0, 1.0, 3.0, 0.0, 0.0, 2.0, 1.0, 0.0, 2.0, 0.0, 2.0, 0.0, 3.0, 1.0, 1.0, -1.0, 3.0, -1.0, 1.0, 1.0, 0.0, -1.0, 595.0, 99396.0
-1.0, 1.0, 3.0, 1.0, -1.0, 2.0, 3.0, 1.0, 0.0, 2.0, 0.0, 2.0, 2.0, 0.0, 1.0, 0.0, 1.0, 3.0, -1.0, 0.0, 3.0, 2.0, 1.0, 2.0, 2.0, 1.0, 0.0, 0.0, 3.0, 1.0, 3.0, -1.0, 0.0, 3.0, 1.0, -1.0, 2.0, 3.0, 2.0, 0.0, -1.0, 1.0, 0.0, -1.0, 3.0, -1.0, 1.0, 1.0, 0.0, 3.0, 589.0, 99401.0
-1.0, 1.0, 3.0, 1.0, -1.0, 2.0, 3.0, 1.0, 2.0, 2.0, 0.0, 2.0, 2.0, 0.0, 1.0, -1.0, 1.0, 3.0, -1.0, 0.0, 3.0, 2.0, 1.0, 2.0, 2.0, 1.0, 0.0, 0.0, 3.0, 1.0, 3.0, -1.0, 0.0, -1.0, 2.0, -1.0, 2.0, 3.0, 2.0, 0.0, -1.0, 1.0, 1.0, 3.0, 3.0, -1.0, 0.0, 1.0, 0.0, 3.0, 573.0, 99409.0
1.0, 1.0, 3.0, 1.0, -1.0, 2.0, 3.0, 1.0, 2.0, 2.0, 2.0, 2.0, 2.0, 0.0, 1.0, -1.0, 1.0, 3.0, -1.0, 0.0, 3.0, -1.0, 1.0, 2.0, 2.0, 1.0, 0.0, 0.0, 3.0, 1.0, 3.0, 0.0, 0.0, 2.0, 1.0, 0.0, 2.0, 2.0, 2.0, 0.0, -1.0, 1.0, 1.0, -1.0, 3.0, -1.0, 1.0, 1.0, 0.0, -1.0, 598.0, 99391.0
-1.0, 1.0, 3.0, 1.0, -1.0, 2.0, 3.0, 1.0, 0.0, 2.0, 0.0, 2.0, 2.0, 0.0, 1.0, -1.0, 1.0, 3.0, -1.0, 0.0, 3.0, 2.0, 1.0, 2.0, 2.0, 1.0, 0.0, 0.0, 3.0, 1.0, 3.0, 0.0, 0.0, 2.0, 1.0, -1.0, 2.0, 3.0, 2.0, 0.0, -1.0, 1.0, 1.0, -1.0, 3.0, -1.0, 1.0, 1.0, 0.0, -1.0, 578.0, 99408.0
-1.0, 1.0, 3.0, 1.0, -1.0, 2.0, 3.0, 1.0, 0.0, 2.0, 0.0, 2.0, 2.0, 0.0, 1.0, -1.0, 1.0, 3.0, -1.0, 0.0, 3.0, 2.0, 1.0, 2.0, 2.0, 1.0, 0.0, 0.0, 3.0, 1.0, 3.0, 0.0, 0.0, 2.0, 1.0, -1.0, 2.0, 3.0, 2.0, 0.0, -1.0, 1.0, 1.0, -1.0, 3.0, -1.0, 1.0, 1.0, 0.0, 3.0, 590.0, 99399.0
0.0, 1.0, 3.0, 1.0, -1.0, 2.0, 3.0, 1.0, 0.0, 2.0, 0.0, 2.0, 2.0, 0.0, 1.0, -1.0, 1.0, 3.0, -1.0, 0.0, 3.0, 2.0, 1.0, 2.0, 2.0, 1.0, 0.0, 0.0, 3.0, 1.0, 3.0, 0.0, 0.0, 2.0, 1.0, -1.0, 2.0, 3.0, 0.0, 0.0, -1.0, 1.0, 1.0, -1.0, 3.0, -1.0, 1.0, 1.0, 0.0, -1.0, 596.0, 99392.0
-1.0, 1.0, 3.0, 1.0, -1.0, 2.0, 3.0, 1.0, 2.0, 2.0, 0.0, 2.0, 2.0, 0.0, 1.0, -1.0, 1.0, 3.0, -1.0, 0.0, 3.0, 2.0, 1.0, 2.0, 2.0, 1.0, 0.0, 0.0, 3.0, 1.0, 3.0, -1.0, 0.0, 2.0, 1.0, -1.0, 2.0, 3.0, 3.0, 0.0, -1.0, 1.0, -1.0, -1.0, 3.0, -1.0, 3.0, 2.0, 0.0, 3.0, 555.0, 99426.0
-1.0, 1.0, 3.0, 1.0, -1.0, 2.0, 3.0, 1.0, 2.0, 1.0, 0.0, 2.0, 2.0, 0.0, 1.0, -1.0, 1.0, 3.0, -1.0, 0.0, 3.0, 2.0, 1.0, 2.0, 0.0, 1.0, 0.0, 0.0, 3.0, 1.0, 3.0, -1.0, 0.0, 2.0, 1.0, -1.0, 2.0, 3.0, 3.0, 0.0, -1.0, 1.0, -1.0, -1.0, 3.0, -1.0, 1.0, 1.0, 0.0, 3.0, 555.0, 99426.0
-1.0, 1.0, 3.0, 1.0, -1.0, 2.0, 3.0, 1.0, 0.0, 2.0, 0.0, 2.0, 2.0, 0.0, 1.0, -1.0, 1.0, 3.0, -1.0, 0.0, 3.0, 2.0, 1.0, 2.0, 2.0, 1.0, 0.0, 0.0, 3.0, 1.0, 3.0, -1.0, 0.0, 3.0, 1.0, -1.0, 2.0, 3.0, 2.0, 0.0, -1.0, 1.0, 1.0, -1.0, 3.0, -1.0, 1.0, 1.0, 0.0, 3.0, 571.0, 99414.0
-1.0, 1.0, 3.0, 1.0, -1.0, 2.0, 3.0, 1.0, 0.0, 2.0, 0.0, 2.0, 2.0, 0.0, 1.0, -1.0, 1.0, 3.0, -1.0, 0.0, 3.0, 2.0, 1.0, 2.0, 2.0, 1.0, 0.0, 0.0, 3.0, 1.0, 3.0, -1.0, 0.0, 2.0, 1.0, -1.0, 2.0, 3.0, 2.0, 0.0, -1.0, 1.0, 1.0, -1.0, 3.0, -1.0, 1.0, 1.0, 0.0, 3.0, 571.0, 99414.0
-1.0, 1.0, 3.0, 1.0, -1.0, 2.0, 3.0, 1.0, 0.0, 2.0, 0.0, 2.0, 2.0, 0.0, 1.0, -1.0, 1.0, 3.0, -1.0, 0.0, 3.0, 2.0, 1.0, 2.0, 2.0, 1.0, 0.0, 0.0, 3.0, 1.0, 3.0, -1.0, 0.0, 3.0, 1.0, -1.0, 2.0, 3.0, 2.0, 0.0, -1.0, 1.0, 1.0, -1.0, 3.0, -1.0, 1.0, 1.0, 0.0, 3.0, 571.0, 99414.0
-1.0, 1.0, 3.0, 1.0, -1.0, 2.0, 3.0, 1.0, 0.0, 2.0, 0.0, 2.0, 2.0, 0.0, 1.0, -1.0, 1.0, 3.0, -1.0, 0.0, 3.0, 2.0, 1.0, 2.0, 2.0, 1.0, 0.0, 0.0, 3.0, 1.0, 3.0, -1.0, 0.0, 2.0, 1.0, -1.0, 2.0, 3.0, 2.0, 0.0, -1.0, 1.0, 1.0, -1.0, 3.0, -1.0, 1.0, 1.0, 0.0, 3.0, 571.0, 99414.0
-1.0, 1.0, 3.0, 1.0, -1.0, 2.0, 3.0, 1.0, 2.0, 2.0, 0.0, 2.0, 2.0, 0.0, 1.0, -1.0, 1.0, 3.0, -1.0, 0.0, 3.0, 2.0, 1.0, 2.0, 2.0, 1.0, 0.0, 0.0, 3.0, 1.0, 3.0, -1.0, 0.0, 2.0, 1.0, -1.0, 2.0, 3.0, 2.0, 0.0, -1.0, 1.0, 1.0, -1.0, 3.0, -1.0, 1.0, 1.0, 0.0, 3.0, 571.0, 99414.0
-1.0, 1.0, 3.0, 1.0, -1.0, 2.0, 3.0, 1.0, 0.0, 2.0, 0.0, 2.0, 2.0, 0.0, 1.0, -1.0, 1.0, 3.0, -1.0, 0.0, 3.0, 2.0, 2.0, 2.0, 2.0, 1.0, 0.0, 0.0, 3.0, 1.0, 3.0, -1.0, 0.0, 2.0, 1.0, -1.0, 2.0, 3.0, 2.0, 0.0, -1.0, 1.0, 1.0, -1.0, 3.0, -1.0, 1.0, 1.0, 0.0, 3.0, 571.0, 99414.0
-1.0, 1.0, 3.0, 1.0, -1.0, 2.0, 3.0, 1.0, 0.0, 2.0, 0.0, 2.0, 2.0, 0.0, 1.0, -1.0, 1.0, 3.0, -1.0, 0.0, 3.0, 2.0, 1.0, 2.0, 2.0, 1.0, 0.0, 0.0, 3.0, 1.0, 3.0, -1.0, 0.0, 2.0, 1.0, -1.0, 2.0, 3.0, 2.0, 0.0, -1.0, 1.0, 1.0, -1.0, 3.0, -1.0, 1.0, 1.0, 0.0, 3.0, 571.0, 99414.0
-1.0, 1.0, 3.0, 1.0, -1.0, 2.0, 3.0, 1.0, 0.0, 2.0, 0.0, 2.0, 2.0, 0.0, 1.0, -1.0, 1.0, 3.0, -1.0, 0.0, 3.0, 2.0, 1.0, 2.0, 2.0, 1.0, 0.0, 0.0, 3.0, 1.0, 3.0, -1.0, 0.0, 3.0, 1.0, -1.0, 2.0, 3.0, 2.0, 0.0, -1.0, 1.0, 1.0, -1.0, 3.0, -1.0, 1.0, 1.0, 0.0, 3.0, 571.0, 99414.0
-1.0, 1.0, 3.0, 1.0, -1.0, 2.0, 3.0, 1.0, 0.0, 2.0, 0.0, 2.0, 2.0, 0.0, 3.0, -1.0, 1.0, 3.0, -1.0, 0.0, 3.0, 2.0, 1.0, 2.0, 2.0, 1.0, 0.0, 0.0, 3.0, 1.0, 3.0, -1.0, 0.0, 2.0, 1.0, -1.0, 2.0, 3.0, 2.0, 0.0, -1.0, 1.0, 1.0, -1.0, 3.0, -1.0, 1.0, 1.0, 0.0, 3.0, 571.0, 99414.0
-1.0, 1.0, 3.0, 1.0, -1.0, 2.0, 3.0, 1.0, 0.0, 2.0, 0.0, 2.0, 2.0, 0.0, 1.0, -1.0, 1.0, 3.0, -1.0, 0.0, 3.0, 2.0, 1.0, 2.0, 2.0, 0.0, 0.0, 0.0, 3.0, 1.0, 3.0, -1.0, 0.0, 2.0, 1.0, -1.0, 2.0, 3.0, 2.0, 0.0, -1.0, 1.0, 1.0, -1.0, 3.0, -1.0, 1.0, 1.0, 0.0, 3.0, 571.0, 99414.0
-1.0, 1.0, 3.0, 1.0, -1.0, 2.0, 3.0, 1.0, 2.0, 2.0, 0.0, 2.0, 2.0, 0.0, 1.0, -1.0, 1.0, 3.0, -1.0, 0.0, 3.0, 2.0, 1.0, 2.0, 2.0, 1.0, 0.0, 0.0, 3.0, 1.0, 3.0, -1.0, 0.0, 2.0, 1.0, -1.0, 2.0, 3.0, 2.0, 0.0, -1.0, 1.0, 1.0, -1.0, 3.0, -1.0, 1.0, 1.0, 0.0, 3.0, 571.0, 99414.0
-1.0, 1.0, 3.0, 1.0, -1.0, 2.0, 3.0, 1.0, 0.0, 2.0, 0.0, 2.0, 2.0, 0.0, 1.0, -1.0, 1.0, 3.0, -1.0, 0.0, 3.0, 2.0, 1.0, 2.0, 2.0, 1.0, 0.0, 0.0, 3.0, 1.0, 3.0, -1.0, 0.0, 2.0, 1.0, -1.0, 2.0, 3.0, 2.0, 0.0, -1.0, 1.0, 1.0, -1.0, 3.0, -1.0, 1.0, 1.0, 0.0, 3.0, 571.0, 99414.0
-1.0, 1.0, 3.0, 1.0, -1.0, 2.0, 3.0, 1.0, 0.0, 2.0, 0.0, 2.0, 2.0, 0.0, 1.0, -1.0, 1.0, 3.0, -1.0, 0.0, 3.0, 2.0, 1.0, 2.0, 2.0, 1.0, 0.0, 0.0, 3.0, 1.0, 3.0, -1.0, 0.0, 2.0, 1.0, -1.0, 2.0, 3.0, 2.0, 0.0, -1.0, 1.0, 1.0, -1.0, 3.0, -1.0, 1.0, 1.0, 0.0, 3.0, 571.0, 99414.0
-1.0, 1.0, 3.0, 1.0, -1.0, 2.0, 3.0, 1.0, 0.0, 2.0, 0.0, 2.0, 2.0, 0.0, 1.0, -1.0, 1.0, 3.0, -1.0, 0.0, 3.0, 2.0, 1.0, 2.0, 2.0, 1.0, 0.0, 0.0, 3.0, 1.0, 3.0, -1.0, 0.0, 2.0, 1.0, -1.0, 2.0, 3.0, 2.0, 0.0, -1.0, 1.0, 1.0, -1.0, 3.0, -1.0, 1.0, 1.0, 0.0, 3.0, 571.0, 99414.0
-1.0, 1.0, 3.0, 1.0, -1.0, 2.0, 3.0, 1.0, 2.0, 2.0, 0.0, 2.0, 2.0, 0.0, 1.0, -1.0, 1.0, 3.0, -1.0, 0.0, 3.0, 2.0, 1.0, 2.0, 2.0, 1.0, 0.0, 0.0, 3.0, 1.0, 3.0, -1.0, 0.0, 2.0, 1.0, -1.0, 2.0, 3.0, 2.0, 0.0, -1.0, 1.0, 1.0, -1.0, 3.0, -1.0, 1.0, 1.0, 0.0, 3.0, 571.0, 99414.0
-1.0, 1.0, 3.0, 1.0, -1.0, 2.0, 3.0, 1.0, 0.0, 2.0, 0.0, 2.0, 2.0, 0.0, 1.0, -1.0, 1.0, 3.0, -1.0, 0.0, 3.0, 2.0, 1.0, 2.0, 2.0, 1.0, 0.0, 0.0, 3.0, 1.0, 3.0, -1.0, 0.0, 3.0, 1.0, -1.0, 2.0, 3.0, 2.0, 0.0, -1.0, 1.0, 1.0, -1.0, 3.0, -1.0, 1.0, 1.0, 0.0, 3.0, 571.0, 99414.0
-1.0, 1.0, 3.0, 1.0, -1.0, 2.0, 3.0, 1.0, 0.0, 2.0, 0.0, 2.0, 2.0, 0.0, 3.0, -1.0, 1.0, 3.0, -1.0, 0.0, 3.0, 2.0, 1.0, 2.0, 2.0, 1.0, 0.0, 0.0, 3.0, 1.0, 3.0, -1.0, 0.0, 2.0, 1.0, -1.0, 2.0, 3.0, 2.0, 0.0, -1.0, 1.0, 1.0, -1.0, 3.0, -1.0, 1.0, 1.0, 0.0, 3.0, 571.0, 99414.0
-1.0, 1.0, 3.0, 1.0, -1.0, 2.0, 3.0, 1.0, 0.0, 2.0, 0.0, 2.0, 2.0, 0.0, 1.0, -1.0, 1.0, 3.0, -1.0, 0.0, 3.0, 2.0, 1.0, 2.0, 2.0, 0.0, 0.0, 0.0, 3.0, 1.0, 3.0, -1.0, 0.0, 2.0, 1.0, -1.0, 2.0, 3.0, 2.0, 0.0, -1.0, 1.0, 1.0, -1.0, 3.0, -1.0, 1.0, 1.0, 0.0, 3.0, 571.0, 99414.0
-1.0, 1.0, 3.0, 1.0, -1.0, 2.0, 3.0, 1.0, 2.0, 0.0, 0.0, 2.0, 2.0, 0.0, 1.0, -1.0, 1.0, 3.0, -1.0, 0.0, 3.0, 2.0, 1.0, 2.0, 2.0, 2.0, 0.0, 0.0, 3.0, 1.0, 3.0, -1.0, 0.0, 2.0, 1.0, -1.0, 2.0, 1.0, 2.0, 0.0, -1.0, 1.0, 1.0, -1.0, 3.0, -1.0, 1.0, 1.0, 0.0, 3.0, 571.0, 99414.0
-1.0, 1.0, 3.0, 1.0, -1.0, 2.0, 3.0, 1.0, 0.0, 2.0, 0.0, 2.0, 2.0, 0.0, 1.0, -1.0, 1.0, 3.0, -1.0, 0.0, 3.0, 2.0, 2.0, 2.0, 2.0, 1.0, 0.0, 0.0, 3.0, 1.0, 3.0, -1.0, 0.0, 2.0, 1.0, -1.0, 2.0, 3.0, 2.0, 0.0, -1.0, 1.0, 1.0, -1.0, 3.0, -1.0, 1.0, 1.0, 0.0, 3.0, 571.0, 99414.0
-1.0, 1.0, 3.0, 1.0, -1.0, 2.0, 3.0, 1.0, 0.0, 2.0, 0.0, 2.0, 2.0, 0.0, 1.0, -1.0, 1.0, 3.0, -1.0, 0.0, 3.0, 2.0, 1.0, 2.0, 2.0, 1.0, 0.0, 0.0, 3.0, 1.0, 3.0, -1.0, 0.0, 2.0, 1.0, -1.0, 2.0, 3.0, 2.0, 0.0, -1.0, 1.0, 1.0, -1.0, 3.0, -1.0, 1.0, 1.0, 0.0, 3.0, 571.0, 99414.0
-1.0, 1.0, 3.0, 1.0, -1.0, 2.0, 3.0, 1.0, 0.0, 2.0, 0.0, 2.0, 2.0, 0.0, 1.0, -1.0, 1.0, 3.0, -1.0, 0.0, 3.0, 2.0, 1.0, 2.0, 2.0, 1.0, 0.0, 0.0, 3.0, 1.0, 3.0, -1.0, 0.0, 2.0, 1.0, -1.0, 2.0, 3.0, 2.0, 0.0, -1.0, 1.0, 1.0, -1.0, 3.0, -1.0, 1.0, 1.0, 0.0, 3.0, 571.0, 99414.0
-1.0, 1.0, 3.0, 1.0, -1.0, 2.0, 3.0, 1.0, 2.0, 2.0, 0.0, 2.0, 2.0, 0.0, 1.0, -1.0, 1.0, 3.0, -1.0, 0.0, 3.0, 2.0, 1.0, 2.0, 2.0, 1.0, 0.0, 0.0, 3.0, 1.0, 3.0, -1.0, 0.0, 2.0, 1.0, -1.0, 2.0, 3.0, 2.0, 0.0, -1.0, 1.0, 1.0, -1.0, 3.0, -1.0, 1.0, 1.0, 0.0, 3.0, 571.0, 99414.0
-1.0, 1.0, 3.0, 1.0, -1.0, 2.0, 3.0, 1.0, 0.0, 2.0, 0.0, 2.0, 2.0, 0.0, 1.0, -1.0, 1.0, 3.0, -1.0, 0.0, 3.0, 2.0, 1.0, 2.0, 2.0, 1.0, 0.0, 0.0, 3.0, 1.0, 3.0, -1.0, 0.0, 3.0, 1.0, -1.0, 2.0, 3.0, 2.0, 0.0, -1.0, 1.0, 1.0, -1.0, 3.0, -1.0, 1.0, 1.0, 0.0, 3.0, 571.0, 99414.0
-1.0, 1.0, 3.0, 1.0, -1.0, 2.0, 3.0, 1.0, 0.0, 2.0, 0.0, 2.0, 2.0, 0.0, 1.0, -1.0, 1.0, 3.0, -1.0, 0.0, 3.0, 2.0, 1.0, 2.0, 2.0, 0.0, 0.0, 0.0, 3.0, 1.0, 3.0, -1.0, 0.0, 2.0, 1.0, -1.0, 2.0, 3.0, 2.0, 0.0, -1.0, 1.0, 1.0, -1.0, 3.0, -1.0, 1.0, 1.0, 0.0, 3.0, 571.0, 99414.0
-1.0, 1.0, 3.0, 1.0, -1.0, 2.0, 3.0, 1.0, 2.0, 2.0, 0.0, 2.0, 2.0, 0.0, 1.0, -1.0, 1.0, 0.0, -1.0, 0.0, 3.0, 2.0, 1.0, 2.0, 2.0, 1.0, 0.0, 0.0, 3.0, 1.0, 3.0, -1.0, 0.0, 2.0, 1.0, -1.0, 2.0, 3.0, 2.0, 0.0, -1.0, 1.0, 1.0, -1.0, 3.0, -1.0, 1.0, 1.0, 0.0, 3.0, 571.0, 99414.0
-1.0, 1.0, 3.0, 1.0, -1.0, 2.0, 3.0, 1.0, 0.0, 2.0, 0.0, 2.0, 2.0, 0.0, 1.0, -1.0, 1.0, 3.0, -1.0, 0.0, 3.0, 2.0, 1.0, 2.0, 2.0, 1.0, 0.0, 0.0, 3.0, 1.0, 3.0, -1.0, 0.0, 2.0, 1.0, -1.0, 2.0, 3.0, 2.0, 0.0, -1.0, 1.0, 1.0, -1.0, 3.0, -1.0, 1.0, 1.0, 0.0, 3.0, 571.0, 99414.0
-1.0, 1.0, 3.0, 1.0, -1.0, 2.0, 3.0, 1.0, 0.0, 2.0, 0.0, 2.0, 2.0, 0.0, 1.0, -1.0, 1.0, 3.0, -1.0, 0.0, 3.0, 2.0, 1.0, 2.0, 2.0, 1.0, 0.0, 0.0, 3.0, 1.0, 3.0, -1.0, 0.0, 2.0, 1.0, -1.0, 2.0, 3.0, 2.0, 0.0, -1.0, 1.0, 1.0, -1.0, 3.0, -1.0, 1.0, 1.0, 0.0, 3.0, 571.0, 99414.0
-1.0, 1.0, 3.0, 1.0, -1.0, 2.0, 3.0, 1.0, 0.0, 2.0, 0.0, 2.0, 2.0, 0.0, 1.0, -1.0, 1.0, 3.0, -1.0, 0.0, 3.0, 2.0, 1.0, 2.0, 2.0, 1.0, 0.0, 0.0, 3.0, 1.0, 3.0, -1.0, 0.0, 2.0, 1.0, -1.0, 2.0, 3.0, 2.0, 0.0, -1.0, 1.0, 1.0, -1.0, 3.0, -1.0, 1.0, 1.0, 0.0, 3.0, 571.0, 99414.0
-1.0, 1.0, 3.0, 1.0, -1.0, 2.0, 3.0, 1.0, 2.0, 2.0, 0.0, 2.0, 2.0, 0.0, 1.0, -1.0, 1.0, 3.0, -1.0, 0.0, 3.0, 2.0, 1.0, 2.0, 2.0, 1.0, 0.0, 0.0, 3.0, 1.0, 3.0, -1.0, 0.0, 2.0, 1.0, -1.0, 2.0, 3.0, 2.0, 0.0, -1.0, 1.0, 1.0, -1.0, 3.0, -1.0, 1.0, 1.0, 0.0, 3.0, 571.0, 99414.0
-1.0, 1.0, 3.0, 1.0, -1.0, 2.0, 3.0, 1.0, 0.0, 2.0, 0.0, 2.0, 2.0, 0.0, 1.0, -1.0, 1.0, 3.0, -1.0, 0.0, 3.0, 2.0, 1.0, 2.0, 2.0, 1.0, 0.0, 0.0, 3.0, 1.0, 3.0, -1.0, 0.0, 3.0, 1.0, -1.0, 2.0, 3.0, 2.0, 0.0, -1.0, 1.0, 1.0, -1.0, 3.0, -1.0, 1.0, 1.0, 0.0, 3.0, 571.0, 99414.0
-1.0, 1.0, 3.0, 1.0, -1.0, 2.0, 3.0, 1.0, 0.0, 2.0, 0.0, 2.0, 2.0, 0.0, 3.0, -1.0, 1.0, 3.0, -1.0, 0.0, 3.0, 2.0, 1.0, 2.0, 2.0, 1.0, 0.0, 0.0, 3.0, 1.0, 3.0, -1.0, 0.0, 2.0, 1.0, -1.0, 2.0, 3.0, 2.0, 0.0, -1.0, 1.0, 1.0, -1.0, 3.0, -1.0, 1.0, 1.0, 0.0, 3.0, 571.0, 99414.0
-1.0, 1.0, 3.0, 1.0, -1.0, 2.0, 3.0, 1.0, 0.0, 2.0, 0.0, 2.0, 2.0, 0.0, 1.0, -1.0, 1.0, 3.0, -1.0, 0.0, 3.0, 2.0, 1.0, 2.0, 2.0, 0.0, 0.0, 0.0, 3.0, 1.0, 3.0, -1.0, 0.0, 2.0, 1.0, -1.0, 2.0, 3.0, 2.0, 0.0, -1.0, 1.0, 1.0, -1.0, 3.0, -1.0, 1.0, 1.0, 0.0, 3.0, 571.0, 99414.0
-1.0, 1.0, 3.0, 1.0, -1.0, 2.0, 3.0, 1.0, 2.0, 0.0, 0.0, 2.0, 2.0, 0.0, 1.0, -1.0, 1.0, 3.0, -1.0, 0.0, 3.0, 2.0, 1.0, 2.0, 2.0, 2.0, 0.0, 0.0, 3.0, 1.0, 3.0, -1.0, 0.0, 2.0, 1.0, -1.0, 2.0, 1.0, 2.0, 0.0, -1.0, 1.0, 1.0, -1.0, 3.0, -1.0, 1.0, 1.0, 0.0, 3.0, 571.0, 99414.0
-1.0, 1.0, 3.0, 1.0, -1.0, 2.0, 3.0, 1.0, 0.0, 2.0, 0.0, 2.0, 2.0, 0.0, 1.0, -1.0, 1.0, 3.0, -1.0, 0.0, 3.0, 2.0, 2.0, 2.0, 2.0, 1.0, 0.0, 0.0, 3.0, 1.0, 3.0, -1.0, 0.0, 2.0, 1.0, -1.0, 2.0, 3.0, 2.0, 0.0, -1.0, 1.0, 1.0, -1.0, 3.0, -1.0, 1.0, 1.0, 0.0, 3.0, 571.0, 99414.0
-1.0, 1.0, 3.0, 1.0, -1.0, 2.0, 3.0, 1.0, 0.0, 2.0, 0.0, 2.0, 2.0, 0.0, 1.0, -1.0, 1.0, 3.0, -1.0, 0.0, 3.0, 2.0, 1.0, 2.0, 2.0, 1.0, 0.0, 0.0, 3.0, 1.0, 3.0, -1.0, 0.0, 2.0, 1.0, -1.0, 2.0, 3.0, 2.0, 0.0, -1.0, 1.0, 1.0, -1.0, 3.0, -1.0, 1.0, 1.0, 0.0, 3.0, 571.0, 99414.0
-1.0, 1.0, 3.0, 1.0, -1.0, 2.0, 3.0, 1.0, 0.0, 2.0, 0.0, 2.0, 2.0, 0.0, 1.0, -1.0, 1.0, 3.0, -1.0, 0.0, 3.0, 2.0, 1.0, 2.0, 2.0, 1.0, 0.0, 0.0, 3.0, 1.0, 3.0, -1.0, 0.0, 2.0, 1.0, -1.0, 2.0, 3.0, 2.0, 0.0, -1.0, 1.0, 1.0, -1.0, 3.0, -1.0, 1.0, 1.0, 0.0, 3.0, 571.0, 99414.0
-1.0, 1.0, 3.0, 1.0, -1.0, 2.0, 3.0, 1.0, 2.0, 2.0, 0.0, 2.0, 2.0, 0.0, 1.0, -1.0, 1.0, 3.0, -1.0, 0.0, 3.0, 2.0, 1.0, 2.0, 2.0, 1.0, 0.0, 0.0, 3.0, 1.0, 3.0, -1.0, 0.0, 2.0, 1.0, -1.0, 2.0, 3.0, 2.0, 0.0, -1.0, 1.0, 1.0, -1.0, 3.0, -1.0, 1.0, 1.0, 0.0, 3.0, 571.0, 99414.0
