0.174203028822, 1.0345418546, 2.26593004526, 0.919230945859, 83.9496809524, 7.00601126002, 0.223373967753, 4.82653924721, 13.0295623465, 73.489135988, 0.0
0.136140315555, 0.835108372226, 2.01744623922, 0.817050734134, 81.7304304047, 3.05896283705, 0.918059054147, 1.73869728139, 14.1539993946, 60.5017452736, 0.0118084060487
0.194099259795, 1.03907051703, 2.18054281343, 0.786855515447, 98.7657735489, 4.95223641512, 0.235010054561, 4.65856889631, 14.4822997066, 68.7946452244, 0.0938185341041
0.136140315555, 0.835108372226, 2.01744623922, 0.817050734134, 81.7304304047, 3.05896283705, 0.918059054147, 1.73869728139, 14.1539993946, 69.3782389546, 0.0476997976304
0.194099259795, 1.03907051703, 2.18054281343, 0.703270952608, 98.7657735489, 1.84682285118, 0.109058545991, 4.65856889631, 14.4822997066, 70.3923350725, 0.0208328575434
0.125984543123, 1.13922964886, 2.26593004526, 0.919230945859, 90.9909578534, 7.12064707523, 0.404009553077, 1.53823118359, 13.0996362592, 64.484283675, 0.104713830162
0.131025769231, 0.870150557846, 2.85346461449, 0.625541238959, 90.5993637941, 1.04983459144, 0.420897394264, 0.341076010683, 14.7748854331, 71.1426669006, 0.0147021577085
0.100125950329, 1.1116122054, 7.19496020094, 0.85184254931, 82.0267744948, 3.74506318874, 0.309112988387, 0.391608439148, 16.0804239076, 618.655894764, 0.0
0.166411271938, 0.93124937552, 2.97613069511, 0.817050734134, 92.9481234948, 1.02329003144, 0.109058545991, 1.73869728139, 14.2023494259, 160.693891668, 0.00372392851166
0.166411271938, 0.93124937552, 2.97613069511, 0.817050734134, 86.2218181279, 1.61126411103, 0.0446125585981, 1.73869728139, 14.2023494259, 174.046679228, 0.00279317467749
0.103895814344, 1.03907051703, 2.18054281343, 0.855179994531, 80.2942686215, 1.45884439061, 0.109058545991, 4.65856889631, 17.5927834266, 128.606740338, 0.00414993046723
0.107124042468, 1.03907051703, 2.18054281343, 0.703270952608, 80.2942686215, 1.16363916384, 0.0446125585981, 4.65856889631, 13.5767783622, 109.841352934, 0.0102627899078
0.107124042468, 1.03907051703, 2.18054281343, 0.703270952608, 80.2942686215, 1.16363916384, 0.109058545991, 4.65856889631, 13.5767783622, 120.597331114, 0.0055694877717
0.166411271938, 1.03907051703, 2.18054281343, 0.703270952608, 80.2942686215, 1.16363916384, 0.109058545991, 4.65856889631, 13.5767783622, 119.945453649, 0.00583527151543
0.18446278902, 1.04795904419, 7.58520296209, 0.688970545923, 96.3373485694, 6.74991360556, 0.126300498311, 4.72221980392, 17.3186219697, 769.949667331, 0.0018916819383
0.122795560593, 1.1865087837, 2.66231533282, 0.610232268558, 83.2307524019, 1.25992172471, 0.602045838356, 3.10586836508, 11.2250930341, 225.24167593, 0.0032374045897
0.122511127961, 1.16657432731, 3.66743870009, 0.738842528436, 97.8931990218, 1.72978403049, 0.000376994904933, 1.82483152234, 14.5177010142, 190.448238167, 0.00446736933453
0.107124042468, 1.03907051703, 2.18054281343, 0.703270952608, 80.2942686215, 1.16363916384, 0.109058545991, 4.65856889631, 13.5767783622, 126.277977599, 0.0060533893828
0.179507359969, 0.844496363863, 2.62973537297, 0.626947173813, 84.3987322135, 2.21934523524, 0.0448203097636, 0.244494043044, 14.4822997066, 123.874951529, 0.00949620628563
0.149804404978, 1.01547213492, 2.97330344347, 0.930158561674, 90.3429849896, 3.51549535339, 0.759009663273, 1.23114662853, 19.3965201888, 127.788472707, 0.00630038473681
0.166411271938, 0.93124937552, 2.97613069511, 0.817050734134, 92.9481234948, 1.02329003144, 0.109058545991, 1.73869728139, 14.2023494259, 114.649796634, 0.0200288030371
0.122795560593, 0.844496363863, 2.66231533282, 0.610232268558, 83.2307524019, 5.5468136829, 0.602045838356, 3.10586836508, 11.2250930341, 79.9231021267, 0.0245056523886
0.107124042468, 1.03907051703, 2.18054281343, 0.919230945859, 80.2942686215, 5.29025557614, 0.0446125585981, 4.65856889631, 19.2995223579, 79.5527536464, 0.0307910211752
0.19373959501, 0.904172458981, 2.01744623922, 0.654856342948, 81.7304304047, 8.95685605733, 0.148035532026, 4.11458036604, 18.4779326145, 76.9427983198, 0.0500157423013
0.11780946023, 0.938946224225, 2.01744623922, 0.839704641296, 96.6655865774, 8.99162165027, 0.846045116312, 1.44972595194, 17.35584494, 118.727761504, 0.0202032569358
0.184230203057, 0.949703331639, 2.05827667584, 0.949346225011, 91.8385615937, 3.90017340799, 0.178093518474, 3.10586836508, 14.2330442945, 74.1658360586, 0.120785511788
0.194099259795, 1.03907051703, 2.18054281343, 0.786855515447, 98.7657735489, 4.95223641512, 0.235010054561, 4.65856889631, 14.4822997066, 95.7204182528, 0.0284221325347
0.11780946023, 0.845807161245, 2.01744623922, 0.786676745566, 96.6655865774, 4.90969550134, 0.439413982724, 1.44972595194, 17.35584494, 99.2212125978, 0.0251517133735
0.19373959501, 0.904172458981, 2.01744623922, 0.68885961357, 81.7304304047, 1.84682285118, 0.472470663511, 0.244494043044, 18.4779326145, 121.730397342, 0.0123776297269
0.107124042468, 0.830396136027, 2.05827667584, 0.84273502525, 82.7620287333, 2.52807791623, 0.178093518474, 3.00346428909, 16.580736091, 112.467573074, 0.0221811623059
0.132866895548, 1.20236326464, 2.38862902162, 0.740458704034, 94.1494964566, 5.55230021065, 0.477551321756, 4.72221980392, 10.0354560432, 158.928686508, 0.0063724481237
0.194099259795, 0.830396136027, 2.05827667584, 0.769000395804, 86.8818505036, 3.90017340799, 0.178093518474, 3.00346428909, 14.2330442945, 112.936949275, 0.0228256608153
0.194099259795, 0.830396136027, 2.18054281343, 0.786855515447, 98.7657735489, 2.52807791623, 0.235010054561, 4.65856889631, 14.4822997066, 98.0293948302, 0.0300376039627
0.194099259795, 0.830396136027, 2.05827667584, 0.782705212613, 90.5993637941, 3.90017340799, 0.178093518474, 3.00346428909, 14.2330442945, 103.283641596, 0.0263410971077
0.19373959501, 0.904172458981, 2.01744623922, 0.68885961357, 81.7304304047, 1.84682285118, 0.472470663511, 4.11458036604, 18.4779326145, 92.2001122723, 0.0332342676712
0.199784453843, 0.904172458981, 2.01744623922, 0.68885961357, 81.7304304047, 1.61126411103, 0.472470663511, 4.11458036604, 14.2023494259, 86.4991927101, 0.0381898537955
0.194099259795, 0.830396136027, 2.045986001, 0.82681118406, 99.4724738685, 3.90017340799, 0.369593787221, 4.78034628847, 14.2330442945, 79.6099286073, 0.0888669452525
0.124708253332, 1.17617969113, 2.84984547379, 0.907168040084, 90.5993637941, 1.75693635139, 0.420897394264, 2.61309062135, 11.9451819694, 159.640576967, 0.00698248657792
0.124708253332, 0.870150557846, 2.85346461449, 0.764959548954, 90.5993637941, 1.04983459144, 0.420897394264, 0.341076010683, 14.7748854331, 139.166751143, 0.00970758198773
0.124708253332, 0.870150557846, 2.85346461449, 0.605771587623, 90.5993637941, 1.04983459144, 0.420897394264, 0.341076010683, 14.7748854331, 129.05920199, 0.0100029717649
0.107124042468, 0.830396136027, 2.05827667584, 0.84273502525, 82.7620287333, 2.52807791623, 0.0904752402419, 1.94865839595, 14.2330442945, 91.4364003545, 0.0438438234104
0.194099259795, 1.03907051703, 2.18054281343, 0.703270952608, 98.7657735489, 4.95223641512, 0.109058545991, 4.65856889631, 14.4822997066, 86.1812700421, 0.0817810989046
0.124708253332, 0.870150557846, 2.85346461449, 0.605771587623, 90.5993637941, 1.04983459144, 0.420897394264, 0.341076010683, 14.7748854331, 116.047258548, 0.0240503203501
0.136140315555, 0.845807161245, 2.84984547379, 0.605771587623, 80.7248224415, 3.05896283705, 0.918059054147, 0.552952218814, 14.1539993946, 90.5342685264, 0.0486475182391
0.107124042468, 1.03907051703, 2.18054281343, 0.703270952608, 80.2942686215, 1.16363916384, 0.0446125585981, 4.65856889631, 13.5767783622, 169.962233727, 0.00894360319298
0.107124042468, 0.93124937552, 2.97613069511, 0.817050734134, 86.2218181279, 1.61126411103, 0.0446125585981, 1.73869728139, 14.2023494259, 152.972651116, 0.0100792590445
0.107124042468, 1.03907051703, 2.05827667584, 0.84273502525, 82.7620287333, 4.95223641512, 0.178093518474, 3.00346428909, 16.580736091, 143.405150097, 0.010207292282
0.171135470015, 1.03907051703, 2.18054281343, 0.703270952608, 80.2942686215, 1.61126411103, 0.0446125585981, 4.65856889631, 14.2023494259, 126.283644978, 0.013249789424
0.166328693073, 0.865083268308, 2.01744623922, 0.897392564511, 92.4322897876, 6.47672182865, 0.624809476831, 3.04127486724, 13.0952785527, 82.4203985857, 0.176580100373
0.107124042468, 0.830396136027, 2.05827667584, 0.866055290354, 82.7620287333, 3.90017340799, 0.178093518474, 3.00346428909, 14.2330442945, 90.2402846522, 0.0508560844286
0.194099259795, 0.830396136027, 2.01744623922, 0.82681118406, 99.4724738685, 3.90017340799, 0.0978590345349, 3.00346428909, 14.2330442945, 86.9400103591, 0.0640490069908
0.166411271938, 1.03907051703, 2.18054281343, 0.703270952608, 80.2942686215, 1.16363916384, 0.109058545991, 4.65856889631, 13.5767783622, 125.486412105, 0.0191362136486
0.132866895548, 1.20236326464, 2.38862902162, 0.740458704034, 94.1494964566, 1.02329003144, 0.477551321756, 4.91675053095, 15.8740408425, 176.363123409, 0.00771585685303
0.122511127961, 0.946616170765, 3.42939450694, 0.738842528436, 97.8931990218, 1.4346268619, 0.000376994904933, 2.68088578168, 14.5177010142, 138.58968889, 0.0117398820108
0.122511127961, 1.16657432731, 3.66743870009, 0.738842528436, 96.9905545884, 1.72978403049, 0.369593787221, 4.78034628847, 14.5177010142, 273.737600991, 0.00654306716427
0.118591558961, 1.1116122054, 7.00704913697, 0.885075867843, 83.9796917989, 1.61533682098, 0.177315410466, 2.13841161898, 16.0804239076, 545.975896282, 0.00638654501542
0.17398421792, 1.18773326867, 5.67024091021, 0.84087834238, 86.3794865465, 2.08144211141, 0.158441595737, 2.13841161898, 17.4840497989, 529.041772956, 0.00663104052457
0.132866895548, 1.20236326464, 2.38862902162, 0.740458704034, 94.1494964566, 1.02329003144, 0.477551321756, 4.72221980392, 15.8740408425, 177.533675113, 0.00884196266122
0.174203028822, 1.0345418546, 2.26593004526, 0.703270952608, 83.9496809524, 5.15732098498, 0.378595085717, 4.82653924721, 13.0295623465, 88.0077213905, 0.0889745239606
0.107124042468, 1.03907051703, 2.18054281343, 0.703270952608, 80.2942686215, 1.16363916384, 0.230711097084, 4.65856889631, 13.5767783622, 141.178033953, 0.0115260954546
0.166328693073, 0.865083268308, 2.01744623922, 0.897392564511, 92.4322897876, 6.47672182865, 0.624809476831, 3.04127486724, 12.8228963227, 88.0163663686, 0.0933638917504
0.166328693073, 0.865083268308, 2.01744623922, 0.795034917012, 92.4322897876, 6.47672182865, 0.624809476831, 1.93576039392, 13.0952785527, 90.480871478, 0.0818849126496
0.173086327457, 0.901842818126, 2.05827667584, 0.84273502525, 82.7620287333, 3.90017340799, 0.178093518474, 3.00346428909, 14.2330442945, 107.151001584, 0.032715580682
0.119614814035, 0.845807161245, 7.39270667185, 0.764959548954, 87.7725884027, 1.78270651037, 0.557408943854, 3.87405133164, 14.8644534017, 193.569251008, 0.00805270461239
0.122795560593, 0.949703331639, 4.96740429465, 0.693573475866, 82.5299544953, 1.84682285118, 0.602045838356, 3.10586836508, 13.7835375012, 176.543152606, 0.00943466524973
0.130278011663, 0.946616170765, 3.34233520729, 0.841000609253, 99.2040565952, 5.99324656758, 0.0448203097636, 1.82739366218, 10.45531603, 148.887282841, 0.0105352068046
0.132866895548, 1.20236326464, 2.38862902162, 0.740458704034, 94.1494964566, 5.55230021065, 0.477551321756, 4.72221980392, 10.0354560432, 110.701440324, 0.0301104614469
0.122511127961, 0.946616170765, 3.66743870009, 0.738842528436, 97.8931990218, 1.72978403049, 0.000376994904933, 1.82483152234, 14.5177010142, 216.732008746, 0.00824392287217
0.174203028822, 1.0345418546, 2.26593004526, 0.919230945859, 83.9496809524, 5.15732098498, 0.378595085717, 4.82653924721, 13.0295623465, 127.133644662, 0.0166498353471
0.122511127961, 1.24141965532, 3.66743870009, 0.738842528436, 97.3264097828, 1.72978403049, 0.369593787221, 4.78034628847, 14.5177010142, 320.310677932, 0.00775265301657
0.184164691477, 1.04186659488, 2.3197666642, 0.623140645353, 80.3265149225, 2.52807791623, 0.815206475491, 1.63219195214, 14.649978991, 100.871509066, 0.0382901784665
0.107124042468, 1.0242813889, 2.18054281343, 0.703270952608, 80.2942686215, 1.16363916384, 0.109058545991, 4.65856889631, 17.8359845129, 149.918215583, 0.0105827655591
0.11780946023, 1.06214601176, 4.75546429005, 0.786676745566, 96.6655865774, 4.90969550134, 0.846045116312, 1.44972595194, 17.35584494, 391.254096766, 0.0080304370754
0.107993952022, 0.949703331639, 6.8638974654, 0.752573413429, 82.5299544953, 1.84682285118, 1.93093159218, 1.63219195214, 13.7835375012, 499.976378461, 0.00778954021247
0.171135470015, 0.93124937552, 2.97613069511, 0.605771587623, 86.2218181279, 1.61126411103, 0.898137240606, 0.552952218814, 14.2023494259, 144.716590692, 0.0116356105383
0.166328693073, 0.865083268308, 2.01744623922, 0.897392564511, 92.4322897876, 6.47672182865, 0.624809476831, 3.04127486724, 13.0952785527, 92.8192339212, 0.0631981712838
0.100125950329, 1.1116122054, 7.19496020094, 0.85184254931, 83.9796917989, 1.61533682098, 0.177315410466, 0.391608439148, 16.0804239076, 367.993592575, 0.00815292663869
0.107124042468, 0.830396136027, 2.05827667584, 0.84273502525, 82.7620287333, 3.90017340799, 0.178093518474, 3.00346428909, 14.2330442945, 108.84652891, 0.0346461856329
0.184164691477, 1.04186659488, 2.3197666642, 0.623140645353, 80.2135336418, 3.90017340799, 0.815206475491, 1.63219195214, 14.649978991, 132.429076149, 0.0125041554531
0.122795560593, 0.949703331639, 4.96740429465, 0.752573413429, 82.5299544953, 1.84682285118, 0.602045838356, 3.10586836508, 13.7835375012, 199.086647847, 0.00926566075275
0.124708253332, 0.870150557846, 2.85346461449, 0.764959548954, 98.7657735489, 1.75693635139, 0.420897394264, 3.39583037698, 14.7748854331, 147.854231406, 0.0116507967803
0.102137264054, 0.830841296161, 6.20110802274, 0.769000395804, 97.7316058198, 1.39414787785, 1.78742061246, 3.50976942375, 13.783742933, 341.463611351, 0.00870867014121
0.166411271938, 0.93124937552, 2.97613069511, 0.817050734134, 86.2218181279, 1.61126411103, 0.898137240606, 1.73869728139, 14.2023494259, 120.865749464, 0.0244903376259
0.107124042468, 1.03907051703, 2.18054281343, 0.703270952608, 80.2077849102, 1.16363916384, 0.0293412335537, 4.65856889631, 13.5767783622, 154.00605122, 0.0113922206823
0.11780946023, 0.845807161245, 2.01744623922, 0.786676745566, 96.6655865774, 4.90969550134, 0.439413982724, 1.44972595194, 17.35584494, 100.934608734, 0.046052003868
0.102137264054, 0.830841296161, 5.86775585261, 0.650656453474, 97.7316058198, 1.39414787785, 1.78742061246, 3.50976942375, 14.1475042362, 436.709590128, 0.00880825271111
0.170435846593, 1.00793641137, 3.29992030328, 0.855179994531, 88.6877179949, 1.45884439061, 1.54616016051, 3.70456698244, 15.0611473826, 226.842043068, 0.00934234531542
0.107124042468, 0.830396136027, 2.05827667584, 0.84273502525, 82.7620287333, 2.52807791623, 0.178093518474, 3.00346428909, 14.2330442945, 111.057530663, 0.03309073902
0.197728148553, 0.882235105488, 6.20110802274, 0.805272690691, 93.0064006789, 1.24001537495, 0.915423518564, 3.64150780552, 12.5965248292, 321.677401448, 0.0091517084528
0.171135470015, 1.03907051703, 2.29795269359, 0.704032418831, 80.2942686215, 1.61126411103, 0.0446125585981, 4.65856889631, 14.2023494259, 137.059877958, 0.0137081877204
0.118591558961, 1.1116122054, 7.19496020094, 0.85184254931, 83.9796917989, 1.61533682098, 0.177315410466, 2.13841161898, 16.0804239076, 514.90012558, 0.00885457778372
0.116062888632, 1.0345418546, 2.29795269359, 0.704032418831, 83.9496809524, 7.00601126002, 0.223373967753, 4.82653924721, 13.0295623465, 98.6606861297, 0.0611105606625
0.179257041922, 0.844496363863, 2.62973537297, 0.769000395804, 86.8818505036, 2.21934523524, 1.82667649976, 0.244494043044, 15.6081594052, 204.975161989, 0.00951928396246
0.118902391659, 1.1116122054, 7.19496020094, 0.85184254931, 88.5576753539, 1.61533682098, 0.168164160315, 0.391608439148, 16.0804239076, 419.548250472, 0.00908123209272
0.119614814035, 1.17617969113, 7.39270667185, 0.907168040084, 90.0818933927, 1.78270651037, 0.557408943854, 3.87405133164, 14.8644534017, 695.750342399, 0.00896534834233
0.146352754293, 1.01547213492, 2.05827667584, 0.930158561674, 90.3429849896, 3.51549535339, 0.759009663273, 1.23114662853, 19.3965201888, 118.473127291, 0.0313553366195
0.19373959501, 0.904172458981, 2.01744623922, 0.68885961357, 81.7304304047, 4.95223641512, 0.472470663511, 4.11458036604, 19.7363898768, 110.42622038, 0.0391407973082
0.124708253332, 0.870150557846, 3.26486909035, 0.764959548954, 87.7454580401, 1.04983459144, 0.420897394264, 3.05939322303, 14.7748854331, 166.825541688, 0.0114782329491
0.124708253332, 0.845807161245, 2.84984547379, 0.764959548954, 90.5993637941, 1.75693635139, 0.420897394264, 2.61309062135, 14.7748854331, 137.222102656, 0.0181360955094
0.157006305982, 0.823454776399, 2.045986001, 0.82681118406, 99.4724738685, 3.90017340799, 0.467983470588, 4.96215785338, 14.2330442945, 110.74353513, 0.0413039960143
