2.35395761651, 1.37534462937, 1.38491187478, 1.00000032198, 5.10217367923, 1.01171344704, 5.35420575004, 1.26000009243, 1.00000010582, 5.94667899533, 3.75146626127, 1.06994335738, 3.34345404026, 1.02930472044, 1.08407581351, 1.52945055472, 1.05476742174, 0.943063154689, 7.52497379307, 1.0000002463, 1.00000038256, 107.527543709, 1.03431349042, 5.01239994199, 1.04738098676, 4.28190598432, 0.870000381949, 3981.33357185, 45.5562861812
2.38138406756, 1.31672184571, 1.43628514809, 1.00000021201, 6.88399349078, 1.02462125956, 5.88346944735, 1.26000050698, 1.00000027609, 6.10396258469, 3.93615070921, 1.09360617338, 3.81053760454, 1.01317453614, 1.06491772063, 1.32348089341, 1.09520392062, 0.964318040213, 8.54060762833, 1.00000001589, 1.0000001415, 101.64752555, 1.04559519169, 3.07029429879, 1.03198831278, 3.37871972286, 0.870000323697, 2866.97113411, 42.4881260668
1.12644264994, 1.27910219361, 1.62923574858, 1.00000061859, 5.66450682253, 1.15307786555, 5.59893444249, 1.26000055421, 1.00000027033, 5.73873139917, 3.52496286028, 1.09956801439, 3.87594777598, 1.06311991021, 1.05119383521, 1.27078970349, 1.14760385146, 0.910987338025, 8.75270790915, 1.00000061683, 1.00000087568, 119.621785091, 1.01424700445, 4.29396055681, 1.00098829412, 4.22773649851, 0.870000397858, 1767.72664143, 29.188695916
1.03272295837, 1.22898988005, 1.5573318236, 1.00000078619, 6.16420008202, 1.11961451158, 5.80463571222, 1.26000009592, 1.00000030677, 5.89690963007, 5.41390875811, 1.06748586562, 3.35648332675, 1.09485189335, 1.07005014009, 1.36636168329, 1.12015747663, 0.914744776435, 8.30163242219, 1.00000030628, 1.00000085024, 118.197706188, 0.981000559166, 3.65395195481, 1.02244824738, 3.87688152356, 0.870000970133, 1161.91743242, 44.0262014334
1.4235048184, 1.31841139599, 1.5757705117, 1.00000007032, 6.45700391069, 1.02945416103, 5.566161119, 1.26000015807, 1.0000006029, 6.03820655757, 6.41801836172, 1.04774396265, 3.28123431668, 1.0225179877, 1.0503002046, 1.3077278038, 1.16163973309, 0.920461249266, 6.48455895369, 1.00000003242, 1.00000038968, 118.716864359, 1.06046625313, 5.73627450129, 1.05346225065, 3.7084758447, 0.870000783111, 1385.20057976, 28.3118792911
4.12279374759, 1.13253384316, 1.58617112625, 1.000000963, 4.36011068435, 1.04985336478, 4.18535685779, 1.26000047238, 1.00000032078, 5.95455834579, 5.27323252185, 1.03004633795, 3.05418247073, 1.0852383567, 1.03618953497, 1.26127603878, 1.15637859019, 0.929180888756, 8.12589837189, 1.0000000832, 1.0000004802, 115.144077674, 1.03220959771, 4.89068434144, 1.03486276404, 3.73066546203, 0.870000734206, 3555.13295585, 30.6517755007
2.57193791872, 1.23655991857, 1.56283788661, 1.00000004093, 4.25533173738, 1.12894202987, 5.81165557408, 1.2600006089, 1.00000057148, 6.19773248146, 3.95975251316, 1.00113122947, 3.20855335691, 1.03625218166, 1.08763842156, 1.09290074269, 1.01618217515, 0.923507616972, 6.86776417497, 1.00000017471, 1.00000037642, 100.303474446, 0.972426781581, 1.23291206415, 1.03647356086, 3.62656595508, 0.870000485445, 1201.50394412, 26.5765644566
3.50038798397, 1.18891650981, 1.50311524054, 1.00000012872, 4.9537412601, 1.14526829284, 5.7471757266, 1.26000063192, 1.00000068687, 5.80685989396, 3.46197146565, 1.00194958583, 1.92018722805, 1.04244005736, 1.08060723307, 1.35651920316, 1.0638160642, 0.945142582995, 9.43928821718, 1.0000005645, 1.00000053617, 117.304006231, 1.07022503085, 2.9126314175, 1.01930341798, 3.89092830324, 0.870000271099, 1265.95904432, 33.3970667805
1.56483604737, 1.28655676701, 1.41716537986, 1.00000093016, 5.23266782228, 1.04376609459, 5.20235929716, 1.2600001639, 1.0000001992, 5.36637058595, 7.7941933584, 1.06625588118, 3.19199616645, 1.00534821665, 1.03584820755, 1.10475855977, 1.03838010902, 0.914778111741, 4.20372511329, 1.00000022327, 1.00000035734, 105.973104031, 1.07886491702, 3.52334054722, 0.969312648605, 4.35627428681, 0.870000180445, 361.230012656, 29.8164197174
4.17218311945, 1.27087513934, 1.53991847532, 1.00000057722, 5.89319135246, 1.0417509745, 5.58667270124, 1.26000047289, 1.00000090154, 6.06132274251, 6.14117268591, 1.04988691806, 3.58089945121, 1.01785316736, 1.06492908836, 1.10583080524, 1.14451222966, 0.948504647712, 7.46608935372, 1.00000085204, 1.00000004486, 89.4415777659, 1.03530552192, 4.85143333122, 1.03330505492, 3.68595794469, 0.870000651059, 6123.91153259, 39.029519969
2.51738417461, 1.2356196418, 1.35828327488, 1.00000082646, 4.7257443419, 1.06759679472, 4.41538765915, 1.26000011485, 1.0000004411, 5.48193513201, 3.76446035526, 1.05516582038, 3.48235579396, 1.00102534034, 1.05371918885, 1.13149442237, 1.05179298687, 0.910946154794, 5.15239488782, 1.00000093693, 1.00000056174, 101.117709665, 0.98025746193, 2.08086841216, 0.95669330828, 3.70805710189, 0.870000613888, 1134.22935374, 26.2193185491
2.85242760428, 1.23002787546, 1.56324879243, 1.0000007707, 4.31884955956, 1.10405132721, 4.38818876394, 1.26000047545, 1.0000007928, 6.06136989951, 6.6707549721, 1.0657585937, 3.85516413194, 1.02471543351, 1.06200191635, 1.11971655561, 1.01214231398, 0.914175002392, 4.37436126377, 1.0000008801, 1.00000022735, 115.927235836, 1.0042902584, 5.1804275569, 0.978821571835, 3.66433129841, 0.870000509524, 2615.35234951, 28.5745741714
3.33271655063, 1.19119456295, 1.35345708741, 1.00000029796, 6.51640157747, 1.10850035455, 4.18750397512, 1.26000050791, 1.0000009855, 6.06234096649, 7.74347664978, 1.03998833376, 3.60789058022, 1.08424522871, 1.07417997249, 1.08817069654, 1.08657966292, 0.916686804679, 9.96729345232, 1.00000012075, 1.00000092929, 110.986870657, 1.08935568582, 1.70265219918, 0.989216701648, 4.00389789841, 0.870000967866, 403.761478433, 16.0154824792
3.55265612638, 1.29942740976, 1.37190359694, 1.00000023152, 6.47995717229, 1.10325238163, 4.02437018422, 1.26000023181, 1.00000089527, 6.09683909124, 4.84120040389, 1.07471028295, 2.68987620662, 1.04374308111, 1.02208600571, 1.48435295538, 1.13572671301, 0.930053331593, 9.7310572792, 1.00000025168, 1.00000057381, 111.964929168, 1.08599560644, 2.5594183229, 0.997251729327, 3.39826934376, 0.870000930654, 1817.82222509, 48.1022610769
3.33978992615, 1.01001921321, 1.62953621926, 1.00000033982, 5.61962947246, 1.00088144373, 4.92725068339, 1.2600007541, 1.00000074764, 5.56831812918, 4.47352189869, 1.09375910035, 3.52047081995, 1.00679377241, 1.01997013909, 1.21825744902, 1.14020161299, 0.955205038118, 9.73273966293, 1.00000044786, 1.0000006871, 94.1096865875, 0.951460641684, 5.37411810627, 1.06178475984, 3.96456484355, 0.870000238239, 970.539652065, 29.4114723705
2.39096955295, 1.40636733934, 1.39483966203, 1.00000085963, 5.21637030074, 1.06003447766, 2.82011898433, 1.26000020535, 1.00000005413, 5.83417994093, 7.46432109816, 1.09713239491, 3.06713542567, 1.01885319554, 1.03474845591, 1.12321595056, 1.15088533815, 0.962630237958, 8.46141937996, 1.00000098277, 1.00000076679, 111.284375482, 1.07356626877, 4.73189696651, 1.02204707754, 3.63982776515, 0.870000129712, 456.27194865, 19.8696539078
2.52431255485, 1.38573944905, 1.35592682335, 1.00000032342, 5.35261848564, 1.07828447597, 3.43216398202, 1.26000091185, 1.0000008192, 5.81263835007, 7.22630425986, 1.05375118472, 3.47698454725, 1.00608383495, 1.02348630492, 1.1055869645, 1.03652828167, 0.975177186294, 7.98610424167, 1.00000062971, 1.0000005955, 113.982265218, 1.03808282115, 3.69430049749, 1.00047528938, 4.22444896791, 0.870000418509, 3472.27472708, 31.6549504022
3.93226905751, 1.32325200335, 1.66007775519, 1.00000085286, 4.91824577005, 1.13940819736, 3.18781123941, 1.26000010629, 1.00000003302, 5.93687697569, 7.61415804138, 1.06457415357, 3.99805597443, 1.01876843441, 1.03083272202, 1.19695980762, 1.13105997658, 0.995170552903, 9.74298744896, 1.00000061589, 1.00000013354, 111.715899909, 0.999267148007, 4.53722545167, 1.03448442961, 4.05725627809, 0.87000035993, 3181.47860359, 43.9281408328
3.26136333187, 1.39032238196, 1.42802613596, 1.00000056633, 4.7267842054, 1.17313257629, 5.93748112917, 1.26000099508, 1.00000008836, 5.92604103424, 4.36251744961, 1.00664969237, 3.78141544704, 1.02635857465, 1.04490011802, 1.29573368403, 1.09360572506, 0.971208606757, 5.40231396406, 1.00000064218, 1.00000032677, 93.0160324151, 1.06094288276, 2.38882556353, 1.03093819451, 3.41503059993, 0.870000268133, 77.1495211175, 18.5740633509
1.72535243115, 1.13135950698, 1.50682275279, 1.00000089935, 5.22102916295, 1.05071359792, 3.50828357312, 1.26000041706, 1.00000064426, 5.66540429911, 4.22974936583, 1.09882088671, 2.8193440678, 1.01444370786, 1.03595674388, 1.24472920043, 1.09499995538, 0.954806004614, 9.02224322202, 1.00000066124, 1.00000077113, 103.321170015, 0.923762346753, 5.18850022672, 0.973396197405, 3.92715599297, 0.870000284512, 2306.24380369, 32.7072926366
1.9807024277, 1.25021244262, 1.44636559023, 1.00000024291, 5.08202440059, 1.13673965362, 4.2754017924, 1.26000063876, 1.00000074143, 5.59447259508, 6.46862338812, 1.03272716587, 3.97886263564, 1.00312500156, 1.06318502318, 1.12735587375, 1.01018466917, 0.971421427708, 5.0436961358, 1.00000001288, 1.00000008615, 124.833133859, 0.983184557193, 4.42790211183, 1.04827567098, 3.89951526084, 0.870000201997, 855.35693015, 24.6795586046
2.24007786846, 1.42633118612, 1.45227244056, 1.0000005074, 6.50356827407, 1.10265188782, 5.95643715901, 1.26000082391, 1.00000034866, 5.83851800083, 5.80393117886, 1.09642914056, 3.32100135564, 1.00545996151, 1.05020558945, 1.03363741347, 1.14841006854, 0.999082653267, 3.74380294706, 1.00000010086, 1.00000047153, 114.978480829, 1.04325690318, 3.69246749437, 0.957754363095, 4.03146149914, 0.870000295102, 1580.7478387, 24.1640770829
1.49678681589, 1.2804346457, 1.35047623, 1.00000002506, 6.86839631383, 1.0148099511, 4.57291634029, 1.26000018376, 1.00000055189, 5.6288994645, 6.64582565064, 1.09891382791, 2.4366114224, 1.0028489002, 1.04805989466, 1.07269908965, 1.00428291775, 0.933485816093, 9.21946616168, 1.00000080749, 1.00000050824, 114.900003954, 1.08287719543, 5.27277617749, 0.956657122078, 4.02083128501, 0.870000650243, 409.126795819, 23.2885912502
2.49275442388, 1.09998783443, 1.37245469962, 1.00000064692, 6.73782225904, 1.04554362916, 5.55617562975, 1.26000015751, 1.00000098852, 5.56306557639, 3.12699919924, 1.03001071537, 2.82798464149, 1.03133224963, 1.06685817666, 1.00553093196, 1.0700344823, 1.00280979351, 5.72953744395, 1.00000087764, 1.00000045598, 98.1293333237, 1.08378341991, 4.22890242622, 1.00587442907, 4.27970928632, 0.870000770637, 1163.170627, 25.6727409442
2.57182881134, 1.4067135507, 1.37789963251, 1.0000004151, 4.30105386651, 1.17574795477, 5.27629071515, 1.26000017114, 1.00000094093, 5.04814601642, 4.70261273527, 1.02219129492, 3.71185947503, 1.0001912759, 1.04982866911, 1.23101058238, 1.03206819776, 0.979639590048, 8.24462466391, 1.00000037195, 1.00000077591, 91.6493965941, 1.06289117631, 2.34968476802, 1.01103078367, 3.45226642743, 0.870000336729, 1185.90582835, 41.2726127593
1.04852696704, 1.22906506577, 1.3481827211, 1.00000094311, 6.64187487888, 1.09604241695, 5.72826248587, 1.26000016503, 1.00000072114, 5.82521627401, 6.99833700128, 1.01313354239, 3.41448733074, 1.0265598144, 1.05067214297, 1.15053583464, 1.06514673547, 0.925153857779, 8.17996834651, 1.00000044862, 1.00000070357, 97.6503283428, 1.07915931376, 4.76783473024, 0.962099002514, 4.37376156688, 0.87000046903, 2428.44980342, 50.1903660518
3.27304634152, 1.13994204605, 1.57743122789, 1.00000077337, 4.8032133547, 1.1057015962, 2.68388699436, 1.26000097727, 1.00000015216, 5.81532724074, 7.11123054847, 1.06400255341, 3.45556840142, 1.04521502624, 1.04782760482, 1.08527210849, 1.05433036419, 0.964826659908, 8.85088482957, 1.00000038795, 1.00000031973, 118.917051847, 0.968077013269, 4.29003830047, 1.06718011406, 3.92815359358, 0.870000899319, 2134.92202431, 32.1743388261
2.36601178448, 1.14221583308, 1.40615233419, 1.00000086894, 5.17838395036, 1.00398506238, 5.53076264377, 1.26000091829, 1.00000059107, 5.80872374061, 4.01627494621, 1.08141247864, 3.56318464441, 1.03142627539, 1.0170066934, 1.13940014619, 1.11809551435, 1.05795914141, 8.62696147296, 1.00000092149, 1.00000028066, 80.6739499549, 1.05236640641, 4.34597688714, 1.04121439176, 3.6007985793, 0.870000525283, 1685.08302902, 29.0173549108
3.98282874, 1.07873732746, 1.4781295518, 1.00000023782, 4.27285326154, 1.13708296003, 5.28287882822, 1.2600000806, 1.00000077501, 6.11646512884, 7.06536572324, 1.01958689141, 2.69077945793, 1.06323249656, 1.07190858904, 1.4649935535, 1.09659270922, 1.01711735337, 9.8444997998, 1.00000050601, 1.00000017372, 102.908712282, 1.06618442942, 3.40986620951, 0.987891735444, 3.52905178625, 0.870000037002, 1410.69964147, 27.6177282332
1.40810621375, 1.03932823658, 1.71683495224, 1.00000003381, 6.59973519115, 1.03726515405, 5.13676203004, 1.26000070287, 1.00000090003, 5.88270091384, 3.30043043348, 1.0389103285, 3.88311231883, 1.00882854429, 1.08374854913, 1.26509747628, 1.14664957667, 0.929637539951, 8.38926168554, 1.00000094062, 1.00000018339, 119.982807928, 1.03762164652, 3.85853563928, 0.950581497195, 3.43397582373, 0.870000612839, 1937.83256552, 29.8407218123
3.09946394711, 1.09772389958, 1.56858470626, 1.00000079434, 4.27436789298, 1.07408889271, 5.78987073883, 1.26000099886, 1.00000045536, 6.03293603723, 3.5937522168, 1.04922201292, 2.68251417162, 1.01182651509, 1.0511634382, 1.01547628192, 1.1106063951, 0.930414753495, 6.78703203926, 1.00000009988, 1.00000082105, 118.006196708, 0.971558464563, 3.88345376147, 1.02789274753, 3.47925919491, 0.870000106731, 5503.3374453, 52.3232077506
3.66959326639, 1.24694271923, 1.60513337998, 1.00000000648, 6.56218618086, 1.10315235192, 5.72691382512, 1.26000086668, 1.00000017944, 5.25673573654, 5.85582157949, 1.07852033804, 3.69573017653, 1.05479882191, 1.04068466728, 1.01589477196, 1.11113569238, 0.920547911798, 4.70744426085, 1.00000067593, 1.00000048436, 110.068797099, 1.02712112981, 4.7696366789, 1.03874425242, 4.03319452352, 0.87000086183, 1657.33907056, 29.2358727979
2.14559289945, 1.3648299746, 1.5377860158, 1.0000002052, 5.98851218526, 1.13355872403, 5.45099585292, 1.26000039216, 1.00000012776, 6.15548970269, 5.44356542261, 1.08004695585, 3.75953044894, 1.0242929049, 1.04115159744, 1.01773514585, 1.14118526789, 0.982593586295, 8.17352247949, 1.00000088135, 1.00000057041, 117.193396894, 0.948019405411, 3.01103908759, 1.06259984395, 3.75060947813, 0.870000917872, 688.840703448, 17.8845389697
3.78926903858, 1.19957941871, 1.3443104737, 1.00000051943, 5.21404964125, 1.07022115322, 5.85413987962, 1.26000035134, 1.00000012065, 6.02678702434, 7.29055594495, 1.03378447673, 2.24004952487, 1.03145726117, 1.02270351093, 1.34818423147, 1.10313875082, 0.987046884588, 8.57184190756, 1.00000056873, 1.00000076056, 117.671213907, 1.06405963453, 1.59277079109, 1.00231818194, 3.87156764118, 0.870000669882, 2387.04059442, 42.6776952634
1.65630949975, 1.2480995129, 1.55604530005, 1.00000070194, 4.89688574169, 1.17493080634, 2.55705133243, 1.26000066727, 1.00000061651, 5.92153813145, 5.91267542766, 1.07670399698, 3.11479924262, 1.02487835192, 1.04066085165, 1.2863385219, 1.1292718519, 0.943165799753, 8.06780053713, 1.0000005585, 1.00000002474, 121.820435525, 0.978462580076, 1.41530482868, 1.01354712131, 3.66227034746, 0.870000626481, 2334.69835535, 32.6911137662
5.29188142685, 1.08037753657, 1.34052438599, 1.00000058943, 5.65166933149, 1.18279330468, 3.9927538321, 1.26000037213, 1.00000052089, 6.05479660524, 7.37204421993, 1.03616412292, 2.91150828937, 1.08808685117, 1.08805670503, 1.27751586667, 1.0552039084, 0.960119986146, 9.62964449856, 1.00000087456, 1.00000027551, 119.418959141, 1.03384878741, 1.51912105134, 0.969716425532, 3.75496788144, 0.870000951951, 1944.57130232, 25.0071787616
1.25436789247, 1.31899020437, 1.50417381074, 1.00000077102, 6.43499145514, 1.08848029693, 5.93549174971, 1.26000040285, 1.00000075744, 5.7903588995, 3.70429004056, 1.07143788384, 3.65485015683, 1.01104369064, 1.02372453654, 1.03498574277, 1.01407402784, 1.01870732207, 7.26629590519, 1.00000066927, 1.0000006232, 113.941364486, 1.020040935, 5.62074727741, 0.953040495478, 4.13190287238, 0.870000378056, 4603.66172438, 50.6480078709
1.1804770926, 1.04876232847, 1.58420217544, 1.00000013736, 4.71781592653, 1.06593531896, 4.31838779086, 1.26000033562, 1.00000030943, 6.18849033389, 5.66027390567, 1.01464100234, 2.50791622199, 1.01921600383, 1.05791190028, 1.24436189661, 1.14753209395, 1.00093849997, 3.71589734217, 1.00000095733, 1.0000007202, 106.042021636, 1.0249586248, 5.00427497598, 1.03152241318, 4.01822588522, 0.870000276696, 1071.57697965, 21.1688050975
2.81931864545, 1.03443654717, 1.39095466238, 1.00000076709, 4.99983966989, 1.06687480343, 3.99140874089, 1.26000084798, 1.00000008906, 5.34923976118, 5.50650895913, 1.0384343065, 2.39537561224, 1.03283763772, 1.066682101, 1.0371748236, 1.13390174229, 0.936555590124, 8.16479784838, 1.00000012387, 1.00000079436, 108.899624788, 1.01637225493, 4.03618019681, 0.970229419535, 4.05094791158, 0.870000143506, 2903.80142077, 27.665245553
1.12176035877, 1.28428102519, 1.60513472321, 1.00000072193, 4.88560376178, 1.18151119121, 5.73683217743, 1.26000013029, 1.00000019818, 6.1727067626, 7.64071197221, 1.03710196921, 3.75140010092, 1.01861289709, 1.02205485164, 1.44283999658, 1.07175217586, 1.03634255959, 7.43938347986, 1.00000065366, 1.00000087569, 89.4277736388, 1.06913621057, 5.01050488566, 1.06519690959, 3.75240014092, 0.870000246726, 5804.9965569, 44.4254499337
2.92006542417, 1.25847056191, 1.43651508072, 1.000000502, 5.26765266884, 1.15154615659, 5.75588585722, 1.26000041064, 1.00000079168, 5.48908960605, 5.72276878642, 1.02470822217, 3.10236440592, 1.02706509151, 1.06510763159, 1.11845789468, 1.01452745911, 1.00103934211, 9.36893665519, 1.00000005991, 1.00000051398, 124.350775749, 1.05736308252, 4.5687730369, 1.04846938248, 3.50360835138, 0.870000786879, 1911.69160705, 29.2089931283
2.31226701846, 1.21321698527, 1.36268563091, 1.00000094346, 5.14414158125, 1.15912331132, 1.57060335356, 1.26000008889, 1.00000001366, 6.11776748298, 4.57316098022, 1.0912844038, 3.71935250956, 1.01657919345, 1.06581885301, 1.03358660341, 1.06170248801, 1.04769348486, 9.77298285807, 1.0000007843, 1.00000009165, 107.788231721, 0.980695749169, 2.97106890206, 1.05337282466, 3.3494394105, 0.870000286474, 1120.82785122, 26.9416522816
1.33637845558, 1.03852429962, 1.59344674252, 1.00000096618, 5.28117386386, 1.18934783752, 3.31573590802, 1.26000074946, 1.00000093466, 5.66016502152, 6.57117804314, 1.09619031278, 3.617631703, 1.07840391488, 1.06776535516, 1.13455184057, 1.12679698676, 0.948260853582, 8.34815834308, 1.00000003155, 1.00000025855, 124.842406445, 1.02523975161, 3.32180325377, 1.03121518753, 3.54610963252, 0.870000130725, 40.977360731, 15.8789548982
4.91356423051, 1.41081981528, 1.39577791102, 1.00000060046, 5.80065923427, 1.16842794605, 2.17880970763, 1.26000024416, 1.00000085201, 5.43172055442, 6.79599820009, 1.09987870229, 3.99472568746, 1.08053109974, 1.03176178938, 1.0280027405, 1.13081936541, 0.937818136228, 8.03212335235, 1.00000023397, 1.00000002044, 96.6610783863, 1.06069762149, 5.30596352652, 0.979285303281, 3.34690346073, 0.870000418272, 965.429262247, 42.1428434611
2.49912158368, 1.14067774436, 1.56151598436, 1.00000002655, 4.38846966709, 1.14244249404, 3.15183473907, 1.26000059363, 1.00000080066, 5.80454223068, 5.46783107123, 1.03099530385, 3.0393962779, 1.0135744315, 1.05112451543, 1.02682491919, 1.15819618356, 0.953768613447, 6.24543707312, 1.00000067267, 1.00000051385, 92.2123805512, 1.08077458605, 3.69526731559, 1.06069534022, 3.82974761207, 0.870000399965, 6789.17929061, 38.5858350084
1.77930572876, 1.05027129356, 1.38479608781, 1.0000002896, 5.38890124169, 1.02644741814, 3.57982644178, 1.26000090765, 1.00000021472, 5.94312490931, 6.87869817293, 1.03404184704, 2.13853304588, 1.02060706986, 1.06902717688, 1.10982147235, 1.09951286479, 1.04802780511, 8.1812249867, 1.00000017245, 1.00000037561, 109.582812811, 1.07696730316, 5.9914886514, 1.03148063152, 3.9445002595, 0.870000375075, 1962.74504039, 36.7160556772
3.6447854287, 1.1324114626, 1.50824236346, 1.00000099346, 4.85946507972, 1.18354443738, 4.90547660694, 1.26000020999, 1.00000091914, 5.94387288131, 4.52928488457, 1.04707272877, 2.85778263401, 1.01161290264, 1.02555070012, 1.38855457519, 1.13920165625, 0.948794274785, 5.88130652044, 1.000000982, 1.00000042883, 122.950886541, 1.02237858596, 1.30291436891, 1.04449893645, 3.45776028009, 0.870000842419, 647.886580693, 34.7699395666
4.2303282572, 1.111518544, 1.5001873188, 1.00000052576, 4.97937910695, 1.15097008015, 4.62042932184, 1.26000026277, 1.00000026412, 5.50761599821, 5.80292278499, 1.07693884536, 3.93020071051, 1.10353444058, 1.04222647663, 1.15394834032, 1.10558600644, 0.932804074185, 8.46391718292, 1.00000080381, 1.00000059923, 102.580970706, 1.02410150577, 4.68637043546, 0.999575441096, 3.2985696876, 0.870000605754, 2317.56753836, 30.783131015
4.43162915197, 1.19332412161, 1.54161588865, 1.00000006319, 4.76328562014, 1.09783937655, 3.13454886095, 1.2600009069, 1.00000097983, 6.08537931143, 3.9642725697, 1.0126839097, 3.16252876362, 1.02787045829, 1.0045036873, 1.07032598662, 1.08083777706, 0.910398475749, 5.1040696275, 1.00000047081, 1.00000012567, 110.682846328, 0.945837632154, 1.81752786766, 1.02247186467, 3.75781406608, 0.870000945537, 909.773637472, 24.1383500226
1.47363272635, 1.19584382999, 1.54095128871, 1.00000072616, 7.00002064705, 1.06940505758, 5.80041491219, 1.26000090782, 1.00000003701, 5.71973082298, 3.92764843211, 1.07497756684, 3.30126954698, 1.02052896035, 1.04174284407, 1.1687373959, 1.10684127016, 0.953897593086, 9.16383291129, 1.00000088964, 1.00000082366, 123.836527074, 1.08226829865, 2.84939624621, 0.975095367755, 3.29530342596, 0.870000091029, 620.19268104, 22.0677135529
1.00582149666, 1.02709529044, 1.41730690003, 1.00000039211, 4.30286809374, 1.11100989626, 4.74137493139, 1.26000045694, 1.00000047344, 5.56818625741, 7.35039956624, 1.02235654504, 3.57547355572, 1.04914838573, 1.03761927148, 1.05559717581, 1.00515882249, 0.922359376727, 5.78058828371, 1.00000002947, 1.00000028583, 124.254872741, 1.0386342549, 4.45214786448, 1.03872346484, 3.72607992863, 0.870000558172, 59.7556306031, 12.5274273291
2.25038855382, 1.02198901148, 1.42823935173, 1.00000064395, 4.67976296912, 1.17645519166, 5.95855979166, 1.26000037024, 1.0000008896, 6.15483333302, 7.27389492881, 1.01867889507, 3.08701546934, 1.04887767097, 1.07417704849, 1.3639014875, 1.16613217795, 1.01912440663, 9.80782217119, 1.00000086206, 1.00000008606, 112.271610674, 1.06461256385, 3.6733048947, 0.989012620665, 3.69879510028, 0.870000750434, 4352.47101457, 39.6888206137
4.17509403456, 1.34969857988, 1.36092985037, 1.00000035202, 6.48944817769, 1.13232399088, 5.40782493266, 1.26000091367, 1.00000083455, 5.56158639307, 4.71298730781, 1.07159293235, 3.74912563545, 1.05928495112, 1.01752788109, 1.0821752312, 1.05422614667, 0.980258035415, 6.32985050079, 1.00000071294, 1.00000047197, 103.799717141, 1.06287763981, 2.91124894888, 0.950227778363, 3.64063628994, 0.870000763328, 1534.76636392, 33.8340431953
3.33537872482, 1.05318359629, 1.44391067772, 1.00000032541, 5.64737048975, 1.03663354839, 5.34293625824, 1.26000085823, 1.00000038324, 5.35921134466, 4.7977705796, 1.09994032773, 3.30368077633, 1.0257387027, 1.01798616609, 1.02398216539, 1.14965806011, 1.074117529, 8.86762298113, 1.00000065605, 1.0000006352, 124.868543134, 1.03666563099, 3.33207782788, 1.06061950996, 3.79552462906, 0.870000172447, 5305.31662422, 36.2267744218
2.80785764129, 1.10899569128, 1.53860775476, 1.00000020583, 6.91217924614, 1.17016487905, 5.07516802071, 1.2600004343, 1.00000082441, 6.09341702357, 5.69561372849, 1.05372855602, 3.7704972825, 1.01957100644, 1.03381952285, 1.19089587844, 1.16689499806, 0.929109525219, 8.76961357225, 1.00000014454, 1.00000078224, 123.39513132, 1.02961421538, 2.29592500909, 1.03045191009, 3.75869787732, 0.870000127139, 2186.66083377, 25.955067294
1.41120446591, 1.02783406025, 1.43280082047, 1.00000036394, 4.64240939356, 1.09899370907, 5.21035348825, 1.26000054786, 1.00000063965, 5.67731702709, 6.68772609905, 1.03081896635, 1.87714502335, 1.03296949943, 1.07227263543, 1.19144822694, 1.1275483257, 0.947739826693, 7.92428623634, 1.00000090389, 1.00000004544, 119.199530344, 1.04986987844, 3.32709161302, 1.0657805228, 3.38640944831, 0.87000083998, 819.890522895, 38.6721894968
5.63952910158, 1.21880982211, 1.40870110047, 1.00000056165, 5.65772080373, 1.10909340233, 3.15086999432, 1.260000573, 1.00000003476, 5.4432618153, 5.07918722749, 1.05850014299, 3.55534478954, 1.02234538692, 1.0245362275, 1.04096196535, 1.07125728152, 0.995135547848, 8.52098376533, 1.00000017053, 1.00000023839, 95.6346462388, 1.0524284798, 4.33313204119, 1.00936570995, 3.4508793994, 0.870000307552, 1831.33659899, 49.5622212499
1.93707413729, 1.18340803199, 1.50762960758, 1.00000023581, 5.94889574926, 1.12933036474, 1.69972636971, 1.26000062643, 1.00000039288, 6.09530646482, 5.1100310233, 1.07239091253, 2.53560778777, 1.02701943419, 1.05791955155, 1.09740152839, 1.08092025646, 0.946426438545, 5.41832128819, 1.00000081277, 1.00000057971, 105.180093224, 1.02221112529, 5.93564307839, 1.00810446593, 3.55313967544, 0.870000810278, 2238.54458668, 27.7449712922
2.88974195696, 1.21052718395, 1.62936284512, 1.00000001888, 6.23287390261, 1.10381704359, 5.82509609899, 1.26000066088, 1.00000085737, 6.13125450742, 3.81716742067, 1.07627060563, 3.27647487687, 1.03286181385, 1.02843399437, 1.12399546649, 1.15338259337, 1.05338893193, 5.53370845968, 1.00000086797, 1.00000082806, 116.329147493, 0.984700020079, 3.36907349274, 1.0238765225, 3.58643397196, 0.870000407185, 1744.37940361, 28.2059504251
1.17930730804, 1.18055436294, 1.59806205964, 1.00000095745, 5.8804079126, 1.15774098095, 2.95555874236, 1.26000087889, 1.00000040674, 6.19044704881, 7.01907787101, 1.04402573281, 1.65118452338, 1.01617285524, 1.04608780864, 1.07374120141, 1.08604087765, 0.959795473191, 8.59933124825, 1.00000007112, 1.00000062632, 111.281188129, 1.06059836919, 3.67440978769, 1.0112047715, 4.25458196765, 0.87000054103, 1924.91859605, 24.9055081284
1.33332187092, 1.07171457573, 1.57204731441, 1.00000008011, 4.34477399082, 1.10728571639, 5.43257740917, 1.26000089703, 1.00000047524, 5.91811044044, 6.94077803455, 1.04680196652, 2.74266100421, 1.01145945332, 1.07073571685, 1.09417586503, 1.05844564796, 1.04469530879, 7.86436199308, 1.00000032886, 1.00000043561, 81.8788016354, 1.05707762206, 4.58375992255, 1.00013096778, 3.66802881036, 0.870000678382, 1974.34657693, 54.881491461
2.23205603324, 1.30275601398, 1.68734625979, 1.00000018326, 6.2843523035, 1.10432871093, 5.77294231372, 1.26000031575, 1.00000057104, 5.91868555928, 5.3580964237, 1.0510861702, 2.75518094399, 1.03490131592, 1.01814086283, 1.05181443016, 1.11947414077, 0.943999395427, 3.42827495828, 1.00000048222, 1.00000053227, 122.533070866, 1.04846732258, 4.54557825571, 1.01294978651, 3.57280879898, 0.870000031464, 433.422078659, 30.7399901737
1.45753382089, 1.02445976223, 1.50843006342, 1.00000037983, 5.74529660361, 1.15674400947, 4.62652110598, 1.26000034463, 1.00000057771, 6.19668947053, 6.80879362826, 1.0526880155, 2.55379079937, 1.00240303465, 1.0164748231, 1.4391286558, 1.03092925006, 1.01872560327, 8.59225534886, 1.00000054671, 1.00000005977, 120.777906586, 0.964884296043, 4.08433918575, 1.00285545915, 4.27851288635, 0.870000514408, 5199.66591938, 43.6663011227
3.65531311723, 1.24776713863, 1.66692203307, 1.00000006334, 4.91003905406, 1.15506182036, 4.20082528683, 1.26000001594, 1.0000001252, 6.03646754097, 5.92613613209, 1.05396999155, 3.73705910958, 1.05507047025, 1.02189897959, 1.14873876604, 1.12634539625, 1.02480192338, 9.46610894206, 1.00000017661, 1.00000036609, 87.6739261814, 1.0409798795, 4.19334757078, 0.974707601322, 3.42941752427, 0.870000904149, 5451.33991571, 52.4807270902
1.23568019355, 1.03655831174, 1.48196606817, 1.0000002423, 4.27558826801, 1.08932058347, 4.86371320917, 1.26000027494, 1.00000052512, 5.3151756727, 7.53976185208, 1.05212953751, 1.7238249676, 1.03424399331, 1.06156153759, 1.14841728604, 1.0529680088, 0.926202786403, 6.34521121726, 1.00000000044, 1.00000017703, 122.628112443, 1.02470372383, 5.13278164645, 0.987113417867, 3.45050441119, 0.870000947451, 7326.4754157, 50.0484021198
1.98589239823, 1.26656922097, 1.41543507398, 1.00000027495, 6.16929060059, 1.12037323652, 4.24564227884, 1.26000075585, 1.00000067068, 6.04922629491, 5.79449674033, 1.02192782344, 2.01285621787, 1.02429868217, 1.04884282923, 1.12304104169, 1.01794884896, 0.932755729067, 7.74259530709, 1.00000037559, 1.00000022619, 122.692630444, 1.05000742481, 4.62454238741, 0.96759010127, 3.48681807684, 0.87000070646, 2146.32284267, 54.5963305921
1.19030044839, 1.0671116006, 1.50849944057, 1.00000016352, 4.7597209028, 1.1838520764, 4.13210134707, 1.26000091006, 1.00000023137, 5.24572165604, 6.79921088654, 1.08250910205, 2.34549784251, 1.0007488259, 1.0826845727, 1.03123961716, 1.14280322951, 0.930077012438, 5.28310272455, 1.00000041139, 1.00000025203, 95.6392570792, 1.0360223807, 1.6719896622, 0.975960493186, 3.83036669775, 0.870000918478, 336.369588943, 21.6727333426
2.17502580636, 1.32821963098, 1.53310311282, 1.0000000349, 5.74767476987, 1.18152245012, 5.56222571191, 1.26000018835, 1.00000011367, 6.03778755414, 7.41796586026, 1.01270544069, 3.79677549887, 1.01857843687, 1.02653245172, 1.35108424086, 1.04083270654, 0.96387894442, 9.17995982736, 1.00000098697, 1.00000047456, 99.4770429341, 1.00457405484, 4.4585959469, 0.959677865086, 3.60274074717, 0.870000983668, 4891.39449548, 68.9705341615
4.95199686823, 1.1499681264, 1.50887133676, 1.00000026336, 4.36188980348, 1.14746941709, 4.6700545527, 1.2600009914, 1.00000031368, 5.88707264747, 5.12024125032, 1.01451202114, 2.39317986262, 1.0077707159, 1.0272538303, 1.11113317067, 1.06717077789, 1.01368216617, 7.75265717538, 1.00000081071, 1.00000024775, 101.159202675, 1.01954710543, 3.46777466729, 1.03540665666, 3.70532282444, 0.870000042844, 1246.96309498, 28.9152204042
2.58535933456, 1.20020639581, 1.72559081331, 1.0000008833, 5.72840615018, 1.16390170036, 2.57918139519, 1.26000051082, 1.00000095859, 5.73130904734, 4.63479848344, 1.04173587522, 3.71804432379, 1.00579231811, 1.04478914923, 1.08364869806, 1.09884317101, 0.949919373164, 7.96933319755, 1.00000061984, 1.00000013882, 117.237020334, 1.01084420262, 4.14616547836, 0.951358357975, 3.54396017601, 0.870000083565, 2877.00056819, 34.3236893614
1.92532221558, 1.14918323828, 1.38563578515, 1.00000085289, 6.49406505966, 1.1538052131, 5.93742463296, 1.26000068818, 1.00000015575, 5.3996519778, 6.60161107628, 1.02402579751, 2.92389596375, 1.02550707616, 1.01934291979, 1.51656668866, 1.05848239611, 1.03989495552, 8.42159347202, 1.00000088259, 1.00000002355, 107.319608714, 1.07443762742, 4.48203526981, 1.05399499427, 3.59750047349, 0.870000632117, 1716.01529423, 33.8852688663
2.33449775483, 1.03928298508, 1.67799472411, 1.00000088643, 4.66294736057, 1.10568264977, 5.55477488528, 1.26000044132, 1.00000006343, 5.02334165017, 6.47112349623, 1.05911931196, 4.0472133613, 1.01583740942, 1.05590769234, 1.00567322961, 1.06712813821, 0.913885604558, 5.37940135889, 1.00000099671, 1.00000009015, 93.8838324754, 0.927293849806, 3.08737159171, 0.968975888225, 3.34929355632, 0.870000902369, 2143.7800644, 39.2945885497
3.33201653338, 1.27293403401, 1.54682464842, 1.00000010307, 4.45794736774, 1.12810934564, 4.83035975755, 1.26000071548, 1.00000079698, 5.83058001088, 4.73080952169, 1.01029176769, 1.9274337853, 1.0187571712, 1.01836604848, 1.01062000067, 1.02576779237, 0.938560529218, 7.63182630697, 1.00000041928, 1.0000004773, 115.477746446, 0.944264403915, 3.09856181842, 1.03994722058, 3.29327731001, 0.870000894486, 364.508750219, 23.9959584138
2.18255013521, 1.13297445956, 1.60392494842, 1.00000000745, 5.87919948791, 1.13924486666, 4.25927795813, 1.26000025519, 1.00000060127, 5.96977537768, 3.90253331775, 1.0339151784, 1.14559293109, 1.02486693699, 1.04876086006, 1.12750605982, 1.00413746448, 1.04326038279, 8.33433955711, 1.00000061186, 1.00000058283, 119.475595498, 1.02530049177, 5.99917948905, 0.976135415717, 4.02028190202, 0.870000524804, 2237.49709588, 40.7390708909
3.20315066002, 1.05000656998, 1.46510630622, 1.00000004822, 4.8645947004, 1.12624637009, 4.75502439899, 1.26000067943, 1.00000013447, 5.89362796352, 4.14620057786, 1.01434199627, 3.97969763078, 1.03489360924, 1.02274311742, 1.03558748237, 1.07594981709, 1.05123778085, 6.03104806614, 1.00000060427, 1.00000028691, 84.324604895, 1.05949816138, 2.58381338438, 1.01265162083, 3.56726363565, 0.870000378821, 794.330770448, 19.4022109561
2.08159586231, 1.09893764689, 1.34858931056, 1.00000077152, 5.96429234864, 1.07278338348, 5.45072247578, 1.2600004622, 1.00000039848, 6.06099509624, 4.39355657362, 1.03770482341, 1.47576486806, 1.04808404723, 1.05011622752, 1.04047372991, 1.09282570573, 1.0437329962, 7.16274944118, 1.00000085076, 1.00000073596, 118.49739919, 1.0785594883, 5.56801551805, 0.976259961869, 3.61666171925, 0.870000652273, 1618.91752403, 51.3521009333
1.47673756362, 1.36856565632, 1.40520319161, 1.00000037467, 5.07108245655, 1.11719659398, 4.50101786757, 1.26000074626, 1.00000066663, 5.7766626011, 6.92543419254, 1.00817226231, 2.97256103001, 1.02400755734, 1.01336471587, 1.05507144159, 1.08563283885, 0.987106397643, 9.69791207529, 1.00000046535, 1.00000033644, 103.285053391, 1.05188913448, 4.09965270803, 0.999119291639, 3.39466094818, 0.870000213543, 1867.29581611, 35.9440316004
1.85344998432, 1.08010007675, 1.3783380466, 1.00000015115, 6.11976579536, 1.12941695762, 5.52417508315, 1.26000071482, 1.00000083675, 5.7317590615, 7.10353228882, 1.03686896568, 1.78758247651, 1.00622958097, 1.06048835622, 1.29544281114, 1.07315589783, 0.956820166063, 9.53588753994, 1.0000003585, 1.00000060985, 104.388479787, 1.0391235359, 2.99007894085, 0.971361673637, 3.43715063892, 0.870000758843, 2790.39505036, 33.8808358363
3.10152957394, 1.31009251216, 1.47209672451, 1.00000027017, 6.29301655356, 1.18402683819, 5.85774888432, 1.26000069548, 1.00000009592, 5.97530096955, 6.29869902713, 1.05324675921, 4.01125155207, 1.00010517292, 1.0051129294, 1.25659575903, 1.14900832022, 1.04633627438, 7.82980067541, 1.00000046574, 1.00000092821, 103.407374748, 1.06449107574, 3.87383642666, 1.01452857272, 3.38636802816, 0.870000319186, 1473.77705361, 23.528627676
1.3831202557, 1.17631732456, 1.37397546368, 1.00000072902, 6.26567801842, 1.04202001815, 2.64791480968, 1.26000061906, 1.00000019914, 5.63527296332, 6.78424936545, 1.09268219663, 3.24608193408, 1.00078532599, 1.00462582859, 1.01667280343, 1.14100721563, 0.977917837944, 3.39876694177, 1.00000044682, 1.00000082721, 117.995403782, 1.04476188391, 5.86599955134, 0.98702252902, 3.52554921245, 0.870000157242, 6095.35190164, 43.4672676649
1.39242040884, 1.09212357511, 1.35662409789, 1.00000078965, 6.17042962145, 1.13811035273, 3.72445641672, 1.26000010811, 1.00000080945, 6.03215704313, 7.23461684172, 1.05331211457, 3.89828345567, 1.00974572911, 1.02540398108, 1.3632731303, 1.14299702553, 1.06849426289, 5.88392914106, 1.00000098759, 1.00000012926, 107.981346562, 0.943325127559, 3.3669540371, 1.02309414136, 3.59717149864, 0.870000972973, 2532.3307013, 29.3875957074
1.61245484348, 1.00569511543, 1.59031469121, 1.00000029872, 5.42334724061, 1.10671042277, 5.48286316777, 1.26000051018, 1.00000027359, 5.99342474567, 6.07789255468, 1.01105021907, 2.70083817228, 1.07882723603, 1.03042261189, 1.20627445112, 1.09589733627, 0.988252391097, 6.52155640771, 1.00000029704, 1.00000096514, 121.546959806, 0.94649252041, 3.91104934266, 0.991724221009, 3.58409126754, 0.870000735778, 807.597476195, 20.7233074909
2.46389914918, 1.03264257271, 1.37711626965, 1.00000013737, 5.60231303532, 1.05109523907, 4.63268456306, 1.26000097603, 1.00000093838, 5.8289230783, 7.53529527793, 1.07888423266, 3.8669493746, 1.03434952063, 1.0166839498, 1.10933104804, 1.11667429145, 1.03265895671, 6.7223963977, 1.0000001348, 1.00000067925, 123.553604846, 0.960342080949, 3.84330435065, 0.969101569987, 3.40074923992, 0.870000737483, 3414.01860576, 59.2869565597
4.06648882245, 1.16846867992, 1.70735837858, 1.00000029584, 5.22312156177, 1.11855349274, 5.305565267, 1.26000040867, 1.00000095182, 5.95979123022, 7.14195970036, 1.02313517934, 3.24169159506, 1.0160292727, 1.03621640401, 1.01865102648, 1.11451884935, 1.04094100423, 8.86861086907, 1.00000095823, 1.00000074478, 94.0481228679, 0.996901954976, 5.63131626266, 0.97499371523, 3.77375290545, 0.870000983194, 1649.08777972, 24.575464607
5.77135497573, 1.01554705152, 1.57200050441, 1.00000007482, 5.4341785352, 1.18491505241, 5.02788646398, 1.26000054427, 1.00000034243, 5.70615621813, 4.837765848, 1.00773149174, 1.6234971585, 1.04156182753, 1.08652590158, 1.19946369676, 1.16883894601, 1.05804393846, 9.61233325581, 1.00000067237, 1.00000034752, 122.84650248, 1.02061794096, 3.78267531081, 1.01777139812, 3.34709629477, 0.870000575337, 5161.50428339, 41.5522336907
2.99378224459, 1.25311944824, 1.59607236234, 1.00000001026, 6.05420208804, 1.17314095832, 4.65846081233, 1.26000025835, 1.00000077884, 6.06781517147, 6.64233466502, 1.08835269709, 2.94131055943, 1.01400717983, 1.0233504344, 1.04970715876, 1.14227955297, 0.978493408861, 7.14486828985, 1.00000044316, 1.00000039266, 108.981999508, 0.936186576719, 3.70148429985, 0.988782450415, 3.43990869233, 0.870000405599, 9925.05908922, 55.1836938534
2.55630930512, 1.05380641445, 1.71197630752, 1.00000024189, 5.73956346028, 1.15979441746, 5.14544408325, 1.26000061285, 1.00000074761, 5.86387264442, 7.75149602421, 1.0845371739, 3.76564513239, 1.00257946839, 1.01006342144, 1.21920818701, 1.04567528967, 0.930858781582, 7.22511755319, 1.00000097274, 1.00000011386, 108.542818688, 0.929700868031, 4.13333597743, 1.00011268213, 3.4356628127, 0.870000022326, 1254.65713405, 44.4205541426
1.49818589408, 1.33104680541, 1.59195574923, 1.00000033294, 6.90234105242, 1.12581481784, 5.6609722058, 1.26000019054, 1.0000001917, 6.06440252214, 7.39102530857, 1.07456719313, 1.29089293531, 1.00304089844, 1.01174897717, 1.0464288325, 1.16232408129, 1.00689312737, 8.27058555409, 1.00000065818, 1.00000057332, 122.209599041, 0.990872830452, 5.34843376022, 0.990797295655, 3.73161662108, 0.870000906244, 2536.04739452, 40.0035583673
1.36721751482, 1.00808040712, 1.41404559055, 1.000000256, 6.85487504444, 1.11077818548, 5.61240920347, 1.26000064645, 1.00000033954, 5.09600754128, 4.8097732031, 1.03138814646, 1.56587640375, 1.00013643036, 1.0085586039, 1.04441993302, 1.08572835619, 0.987552261353, 4.9705397824, 1.00000094217, 1.00000072127, 116.22444233, 1.06566977564, 3.51153522031, 1.00601470678, 3.41668826048, 0.870000846584, 367.097087921, 22.4151669924
1.22154354613, 1.0187977567, 1.42033919397, 1.00000002794, 6.80012459583, 1.18881164311, 4.79176381588, 1.26000035189, 1.00000000942, 5.57818011218, 6.37003675239, 1.01672935993, 1.44484694567, 1.00214936439, 1.00511724951, 1.07690188762, 1.06914270136, 1.03851140321, 6.92742663948, 1.00000099489, 1.00000054692, 105.145775075, 0.991064296195, 5.45678008281, 0.9989001365, 3.30387561062, 0.870000521139, 4274.40706863, 39.9486778706
