0.316736707107, 1.09271806374, 92.509067701, 0.58750284119, 9.0312265397, 1.01961056974, 0.50311981091, 0.139043229585, 1.44289612599, 0.0028415336753, 0.0
0.110476335563, 1.25385668496, 91.0612971547, 0.48414204827, 5.29888914825, 1.01961056974, 0.987081811751, 0.782048422418, 1.05442893148, 0.00158589341063, 0.5
0.110476335563, 1.25385668496, 91.0612971547, 0.48414204827, 5.29888914825, 1.01961056974, 0.987081811751, 0.782048422418, 1.05442893148, 0.0031640235905, 0.0
0.105521177439, 1.09271806374, 80.6576151827, 0.58750284119, 68.5064222767, 1.01961056974, 0.50311981091, 0.108343157564, 1.44289612599, 0.00329815936699, 0.0
0.105521177439, 1.09271806374, 80.6576151827, 0.58750284119, 68.5064222767, 1.01961056974, 0.50311981091, 0.139043229585, 1.44289612599, 0.0033429162935, 0.0
0.105521177439, 1.09271806374, 85.1762151024, 0.58750284119, 9.0312265397, 1.01284156219, 0.50311981091, 0.139043229585, 1.44289612599, 0.00347584675488, 0.0
0.105521177439, 1.09271806374, 85.1762151024, 0.58750284119, 9.0312265397, 1.01284156219, 0.50311981091, 0.782048422418, 1.44289612599, 0.00355362128435, 0.0
0.110786448651, 1.00409057505, 91.0612971547, 0.48414204827, 61.9402734447, 1.01961056974, 1.51043058428, 1.84238566869, 9.26228583774, 0.00352414945565, 0.0217391304348
0.127559867714, 1.09271806374, 92.621950298, 0.525751464997, 5.29888914825, 1.34854772164, 0.987081811751, 1.38445408696, 9.0325160818, 0.00379145587933, 0.0
0.110476335563, 1.25385668496, 91.0612971547, 0.48414204827, 61.9402734447, 1.01961056974, 1.51043058428, 0.782048422418, 1.05442893148, 0.00374449203929, 0.433962264151
0.105521177439, 1.09271806374, 85.1762151024, 0.589061359884, 9.0312265397, 1.01284156219, 0.50311981091, 0.139043229585, 1.44289612599, 0.00393015544297, 0.0
0.105521177439, 1.09271806374, 83.1806135052, 0.53210994844, 9.0312265397, 1.01284156219, 0.50311981091, 0.782048422418, 1.44289612599, 0.00400921874672, 0.0
0.100347272862, 1.09271806374, 80.0360748525, 0.642749659751, 13.4946646092, 1.00108882861, 1.43729692647, 1.95533411378, 5.04120657365, 0.00407842021544, 0.0
0.110786448651, 1.25385668496, 91.0612971547, 0.48414204827, 61.9402734447, 1.01961056974, 1.51043058428, 0.139043229585, 6.04965089958, 0.00427582320868, 0.047619047619
0.105521177439, 1.25385668496, 85.1762151024, 0.48414204827, 93.8195195751, 1.01961056974, 1.76490874076, 0.139043229585, 9.26228583774, 0.00428470092815, 0.0
0.104941954385, 1.25385668496, 91.0612971547, 0.400577923747, 9.0312265397, 1.00408625413, 0.50311981091, 0.139043229585, 9.0325160818, 0.00434035298316, 0.0
0.110786448651, 1.25385668496, 91.0612971547, 0.48414204827, 61.9402734447, 1.01961056974, 1.51043058428, 0.782048422418, 2.32574059583, 0.00460298330457, 0.0416666666667
0.105521177439, 1.25385668496, 83.4143431345, 0.577722331791, 61.9402734447, 1.01961056974, 0.50311981091, 0.139043229585, 1.44289612599, 0.00437137352657, 0.125
0.110786448651, 1.00409057505, 91.0612971547, 0.48414204827, 41.1150973957, 1.01961056974, 1.51043058428, 1.73177602511, 9.26228583774, 0.00478406098521, 0.0
0.105521177439, 1.09271806374, 85.1762151024, 0.58750284119, 9.0312265397, 1.01284156219, 0.50311981091, 0.139043229585, 1.44289612599, 0.00458621602941, 0.125
0.104941954385, 1.2592590913, 91.0612971547, 0.400577923747, 9.0312265397, 1.01961056974, 0.50311981091, 0.139043229585, 9.0325160818, 0.00485019931436, 0.0
0.100845207569, 1.15284125691, 80.0360748525, 0.665555716836, 42.9198619468, 1.00137792252, 1.9855616411, 1.95533411378, 2.32574059583, 0.00465368369062, 0.340425531915
0.11673216576, 1.25385668496, 91.0612971547, 0.465012669242, 48.6786876367, 1.03943500226, 1.30761861403, 0.653424146208, 1.50636859724, 0.00471693931561, 0.243902439024
0.110786448651, 1.25385668496, 91.0612971547, 0.48414204827, 61.9402734447, 1.01961056974, 1.51043058428, 0.782048422418, 2.32574059583, 0.0051363425146, 0.0350877192982
0.100845207569, 0.985580330377, 85.3205097077, 0.631654375528, 61.9402734447, 1.2115106091, 1.85648619612, 1.95533411378, 1.34345582234, 0.00500976353582, 0.0869565217391
0.104626003757, 1.25385668496, 91.0612971547, 0.48414204827, 61.9402734447, 1.01961056974, 1.51043058428, 0.139043229585, 5.23099868681, 0.00531165177279, 0.0294117647059
0.100347272862, 1.09271806374, 80.0360748525, 0.642749659751, 13.4946646092, 1.00108882861, 1.43729692647, 1.95533411378, 5.04120657365, 0.0050850317146, 0.0769230769231
0.144039235465, 1.15284125691, 82.3332639927, 0.48414204827, 5.65966586564, 1.13426813036, 0.880520086129, 1.95533411378, 9.26228583774, 0.0054565191798, 0.0
0.104941954385, 1.25385668496, 92.509067701, 0.615133679262, 9.0312265397, 1.01961056974, 0.50311981091, 0.139043229585, 9.0325160818, 0.00493155355874, 0.45
0.105521177439, 1.09271806374, 85.1762151024, 0.58750284119, 9.0312265397, 1.01284156219, 0.50311981091, 0.139043229585, 1.44289612599, 0.00507415225066, 0.294117647059
0.106922554728, 1.25385668496, 87.9764432128, 0.48414204827, 9.0312265397, 1.01281348676, 1.89021567448, 0.782048422418, 9.0325160818, 0.00531615390781, 0.03125
0.105521177439, 1.19867896383, 85.1762151024, 0.58750284119, 9.0312265397, 1.01284156219, 0.50311981091, 0.139043229585, 1.44289612599, 0.00529125397785, 0.1
0.125067135291, 0.846185650345, 91.0612971547, 0.48414204827, 61.9402734447, 1.01961056974, 0.63974234306, 1.0327422635, 12.6759406024, 0.00527716848501, 0.111111111111
0.127559867714, 1.25385668496, 92.509067701, 0.525751464997, 10.8381393511, 1.01281348676, 1.2947777464, 0.782048422418, 9.0325160818, 0.00545976105713, 0.0
0.105521177439, 1.09271806374, 85.1762151024, 0.58750284119, 9.0312265397, 1.00696918979, 0.50311981091, 0.782048422418, 1.44289612599, 0.00506771891322, 0.461538461538
0.127559867714, 1.25385668496, 91.0612971547, 0.48414204827, 61.9402734447, 1.01961056974, 1.51043058428, 0.139043229585, 9.26228583774, 0.00541371360194, 0.0571428571429
0.110786448651, 1.25385668496, 91.0612971547, 0.48414204827, 61.9402734447, 1.00397713671, 0.880520086129, 3.87601100216, 9.26228583774, 0.00531142445095, 0.333333333333
0.104941954385, 1.25385668496, 91.0612971547, 0.400577923747, 9.0312265397, 1.01961056974, 0.50311981091, 0.139043229585, 9.0325160818, 0.00538350226668, 0.214285714286
0.105521177439, 0.92294888093, 85.1636343528, 0.525751464997, 16.1629110326, 1.2115106091, 1.51043058428, 0.0525745287592, 1.44289612599, 0.00552033279021, 0.03125
0.127559867714, 1.18045714623, 86.4391472711, 0.525751464997, 0.0573158216913, 1.01961056974, 1.73694370497, 0.782048422418, 7.37367551794, 0.00554732714091, 0.0196078431373
0.104941954385, 1.25385668496, 91.0612971547, 0.400577923747, 9.0312265397, 1.01961056974, 0.50311981091, 0.139043229585, 9.0325160818, 0.00557696003193, 0.0
0.127559867714, 1.18045714623, 86.4391472711, 0.525751464997, 0.0573158216913, 1.01961056974, 1.89830229116, 0.782048422418, 7.37367551794, 0.00559813097467, 0.0
0.105521177439, 0.92294888093, 82.3332639927, 0.525751464997, 16.1629110326, 1.2115106091, 1.51043058428, 0.0525745287592, 1.44289612599, 0.00564276755592, 0.0
0.127559867714, 0.846185650345, 85.1636343528, 0.525751464997, 0.0573158216913, 1.01961056974, 1.73694370497, 0.782048422418, 7.37367551794, 0.00564899084894, 0.0
0.105521177439, 1.09271806374, 85.1762151024, 0.589061359884, 9.0312265397, 1.01284156219, 0.50311981091, 0.139043229585, 1.44289612599, 0.00570399714885, 0.0
0.112233233048, 1.25385668496, 92.509067701, 0.525751464997, 16.1629110326, 1.01961056974, 1.2947777464, 0.782048422418, 9.0325160818, 0.00583868286541, 0.0
0.103113680889, 0.92294888093, 82.3332639927, 0.48414204827, 79.2784363632, 1.2115106091, 1.51043058428, 0.0525745287592, 1.44289612599, 0.00597863158809, 0.063829787234
0.127559867714, 1.25385668496, 91.0612971547, 0.48414204827, 61.9402734447, 1.01961056974, 1.84824095506, 0.947347904534, 5.55898384521, 0.00600769654832, 0.0
0.127559867714, 1.18045714623, 86.4391472711, 0.400577923747, 0.0573158216913, 1.01961056974, 1.73694370497, 0.934120875608, 7.37367551794, 0.00612362154421, 0.0392156862745
0.11673216576, 1.25385668496, 91.0612971547, 0.48414204827, 61.9402734447, 1.01961056974, 1.51043058428, 0.139043229585, 9.26228583774, 0.00606496697349, 0.0512820512821
0.110476335563, 1.25385668496, 91.0612971547, 0.525751464997, 61.9402734447, 1.01961056974, 1.51043058428, 0.782048422418, 1.05442893148, 0.00620083018377, 0.0
0.105521177439, 1.18279567627, 80.6576151827, 0.58750284119, 68.5064222767, 1.01961056974, 0.50311981091, 0.139043229585, 1.44289612599, 0.00613068825104, 0.384615384615
0.105521177439, 0.846185650345, 81.3079931702, 0.525751464997, 16.1629110326, 2.61733055122, 0.63974234306, 0.782048422418, 12.6759406024, 0.00622704013988, 0.0
0.127559867714, 1.07679864275, 91.806203542, 0.48414204827, 15.4536505205, 1.01961056974, 0.336502014571, 0.782048422418, 9.0325160818, 0.00641059241068, 0.0
0.127559867714, 1.1868803026, 91.0612971547, 0.48414204827, 61.9402734447, 1.01961056974, 1.51043058428, 0.139043229585, 13.6727596628, 0.0063021187288, 0.0344827586207
0.127559867714, 0.846185650345, 84.471945838, 0.525751464997, 0.0573158216913, 1.01961056974, 1.5284025899, 0.782048422418, 7.37367551794, 0.00643491944995, 0.0
0.105521177439, 1.25662714502, 83.4143431345, 0.48414204827, 61.9402734447, 1.01961056974, 1.51043058428, 0.139043229585, 1.44289612599, 0.00633503390624, 0.38
0.127559867714, 0.863462154477, 92.621950298, 0.642749659751, 3.19023002969, 1.07440367458, 0.326750980561, 2.18580739939, 10.0050307199, 0.00647473285522, 0.133333333333
0.110786448651, 1.25385668496, 91.0612971547, 0.400577923747, 61.9402734447, 1.01961056974, 1.51043058428, 0.139043229585, 5.23099868681, 0.00644685602596, 0.155172413793
0.104626003757, 1.06994353494, 91.0612971547, 0.48414204827, 61.9402734447, 1.01961056974, 1.51043058428, 0.139043229585, 5.23099868681, 0.00651737076837, 0.0
0.127559867714, 1.09271806374, 91.0612971547, 0.589061359884, 9.0312265397, 1.01284156219, 0.50311981091, 0.139043229585, 1.44289612599, 0.00636706051933, 0.555555555556
0.103113680889, 0.92294888093, 82.3332639927, 0.48414204827, 79.2784363632, 1.2115106091, 1.51043058428, 0.0525745287592, 1.03070382633, 0.00644990093415, 0.394366197183
0.112218888998, 0.99111679906, 91.0612971547, 0.48414204827, 95.3765154352, 1.01961056974, 1.51043058428, 1.43207884533, 7.86841916364, 0.00660737951307, 0.354166666667
0.127559867714, 1.09271806374, 92.621950298, 0.642749659751, 3.19023002969, 1.07440367458, 0.50311981091, 0.139043229585, 7.59039685207, 0.00663908886904, 0.0
0.11673216576, 1.25385668496, 91.0612971547, 0.48414204827, 82.4800954392, 1.03943500226, 1.30761861403, 0.653424146208, 1.50636859724, 0.00660244269458, 0.655913978495
0.411689996071, 1.09271806374, 92.621950298, 0.642749659751, 3.19023002969, 1.07440367458, 0.50311981091, 0.139043229585, 9.0325160818, 0.00697859734827, 0.0
0.127559867714, 1.07679864275, 91.0612971547, 0.436735282194, 61.9402734447, 1.01961056974, 1.51043058428, 0.139043229585, 13.6727596628, 0.00696163545739, 0.0344827586207
0.110786448651, 1.02089560737, 93.9770347694, 0.506733905956, 61.9402734447, 1.07440367458, 1.89021567448, 1.73106687262, 9.0325160818, 0.0067105796749, 0.0555555555556
0.127559867714, 0.897190241906, 80.0360748525, 0.634309826698, 9.30457620262, 1.01961056974, 1.2947777464, 0.0525745287592, 4.59664708192, 0.00669671976338, 0.214285714286
0.127559867714, 1.00459438808, 80.0360748525, 0.634309826698, 9.30457620262, 1.01961056974, 1.2947777464, 0.139043229585, 9.0325160818, 0.00704122816306, 0.0
0.110786448651, 1.25385668496, 94.9395453624, 0.48414204827, 92.2272332828, 1.00743125758, 1.93670627756, 0.795050111143, 9.26228583774, 0.00704012012331, 0.025
0.112233233048, 1.25385668496, 94.1369986706, 0.525751464997, 61.9402734447, 1.01961056974, 1.2947777464, 0.782048422418, 9.0325160818, 0.00692327366642, 0.166666666667
0.127559867714, 1.25385668496, 92.509067701, 0.400577923747, 9.0312265397, 1.01961056974, 0.50311981091, 0.139043229585, 9.0325160818, 0.00670328200143, 0.5
0.100845207569, 1.25385668496, 87.9764432128, 0.642749659751, 42.9198619468, 1.2115106091, 1.85648619612, 1.95533411378, 1.34345582234, 0.006739787031, 0.266666666667
0.127559867714, 1.25385668496, 92.509067701, 0.602681248711, 10.8381393511, 1.01281348676, 1.2947777464, 0.395457928275, 1.44289612599, 0.0072056883781, 0.0
0.110786448651, 1.25385668496, 91.0612971547, 0.48414204827, 61.9402734447, 1.01961056974, 1.51043058428, 0.139043229585, 5.23099868681, 0.00708455907696, 0.340909090909
0.103113680889, 0.92294888093, 82.3332639927, 0.48414204827, 79.2784363632, 1.2115106091, 1.51043058428, 0.0525745287592, 1.44289612599, 0.00691740364334, 0.392156862745
0.127559867714, 1.02089560737, 92.509067701, 0.525751464997, 6.64205731991, 1.01281348676, 1.2947777464, 0.782048422418, 9.0325160818, 0.00739295829601, 0.0
0.127559867714, 1.25385668496, 91.0612971547, 0.48414204827, 52.7058608598, 1.01961056974, 1.51043058428, 0.139043229585, 9.26228583774, 0.00730063166965, 0.0232558139535
0.11673216576, 1.25385668496, 91.0612971547, 0.465012669242, 48.6786876367, 1.03943500226, 1.30761861403, 0.653424146208, 1.50636859724, 0.00693043580249, 0.441860465116
0.11673216576, 1.25385668496, 91.0612971547, 0.400577923747, 48.6786876367, 1.03943500226, 1.30761861403, 0.653424146208, 1.50636859724, 0.00696687430675, 0.396226415094
0.103113680889, 1.25385668496, 82.3332639927, 0.525751464997, 16.1629110326, 1.01961056974, 1.2947777464, 0.782048422418, 9.0325160818, 0.00743647272614, 0.0
0.106922554728, 1.25385668496, 87.9764432128, 0.48414204827, 9.0312265397, 1.01281348676, 1.89021567448, 4.22687936203, 9.0325160818, 0.00731057779425, 0.078125
0.127559867714, 1.25385668496, 91.6595022604, 0.48414204827, 93.8195195751, 1.01961056974, 1.76490874076, 0.135373674035, 9.26228583774, 0.00745895826415, 0.025
0.127559867714, 1.25385668496, 91.806203542, 0.525751464997, 16.1629110326, 1.01961056974, 1.2947777464, 0.782048422418, 9.0325160818, 0.00753261923282, 0.0
0.105521177439, 1.09271806374, 83.1902965541, 0.58750284119, 9.0312265397, 1.01284156219, 0.50311981091, 0.139043229585, 9.0325160818, 0.00732044148367, 0.125
0.110786448651, 1.00409057505, 91.0612971547, 0.48414204827, 61.9402734447, 1.01961056974, 1.51043058428, 1.84238566869, 9.26228583774, 0.00731363745025, 0.212121212121
0.167900344992, 0.930985709391, 92.509067701, 0.48414204827, 9.0312265397, 1.01961056974, 0.282984288028, 0.139043229585, 9.0325160818, 0.00781293947753, 0.0
0.127559867714, 1.25385668496, 92.509067701, 0.602681248711, 10.8381393511, 1.01281348676, 1.2947777464, 0.782048422418, 1.44289612599, 0.00775238747013, 0.108695652174
0.102995889641, 0.92294888093, 93.005845748, 0.429319190937, 36.2829907057, 1.41493564348, 1.85648619612, 0.782048422418, 8.96540862306, 0.0077851437492, 0.0526315789474
0.127559867714, 1.25385668496, 87.9032620536, 0.48414204827, 48.6786876367, 1.03943500226, 1.30761861403, 0.653424146208, 2.17349363249, 0.00733212769078, 0.267857142857
0.110786448651, 1.25385668496, 91.0612971547, 0.400577923747, 61.9402734447, 1.01961056974, 1.51043058428, 0.139043229585, 5.23099868681, 0.00783036560085, 0.025
0.127559867714, 1.18045714623, 86.4391472711, 0.498802088443, 0.0573158216913, 1.01961056974, 1.73694370497, 0.782048422418, 7.37367551794, 0.00789163752395, 0.0
0.105521177439, 1.09271806374, 85.1762151024, 0.589061359884, 9.0312265397, 1.01284156219, 0.50311981091, 0.139043229585, 1.44289612599, 0.0074348508598, 0.652173913043
0.110786448651, 1.25385668496, 91.0612971547, 0.465012669242, 61.9402734447, 1.01961056974, 1.51043058428, 0.139043229585, 5.23099868681, 0.00756805546468, 0.355555555556
0.127559867714, 1.25385668496, 92.509067701, 0.525751464997, 10.8381393511, 1.01281348676, 1.2947777464, 0.782048422418, 9.0325160818, 0.00784927187855, 0.0769230769231
0.112233233048, 1.25385668496, 92.509067701, 0.525751464997, 16.1629110326, 1.01961056974, 1.2947777464, 0.782048422418, 9.0325160818, 0.00792752575594, 0.0
0.100845207569, 0.985580330377, 85.3205097077, 0.631654375528, 5.65966586564, 1.2115106091, 1.85648619612, 1.95533411378, 1.34345582234, 0.00760905953025, 0.443037974684
0.105521177439, 1.09271806374, 83.4143431345, 0.693210628589, 68.5064222767, 1.0011801229, 0.50311981091, 0.139043229585, 1.44289612599, 0.00767346556355, 0.384615384615
0.127559867714, 1.25385668496, 91.0612971547, 0.48414204827, 93.8195195751, 1.01961056974, 1.76490874076, 0.139043229585, 9.26228583774, 0.00814566135049, 0.0
