1.0, 0.0, -1.0, -1.0, 0.0, 0.0, -1.0, 0.0, 1.0, -1.0, 2.0, 0.0, 2.0, 1.0, -1.0, 0.0, 2.0, -1.0, -1.0, -1.0, 1.0, 2.0, 1.0, -1.0, 1.0, 3.0, 2.0, -1.0, 2.0, 2.0, 0.0, -1.0, 0.0, -1.0, 2.0, -1.0, 1.0, 2.0, 1.0, 2.0, 0.0, -1.0, -1.0, 0.0, -1.0, 2.0, 1.0, 1.0, 1.0, -1.0, 96606.0, 467.0
1.0, 0.0, -1.0, -1.0, 1.0, 0.0, -1.0, 2.0, 1.0, -1.0, 2.0, 0.0, 2.0, 1.0, -1.0, 3.0, 2.0, -1.0, -1.0, -1.0, 1.0, 2.0, 0.0, -1.0, 1.0, 0.0, 1.0, -1.0, 2.0, 2.0, 0.0, -1.0, 0.0, -1.0, -1.0, 0.0, 1.0, 2.0, 1.0, 2.0, 0.0, -1.0, -1.0, 0.0, -1.0, 2.0, 0.0, 1.0, 1.0, -1.0, 96547.0, 471.0
0.0, -1.0, 0.0, -1.0, 0.0, 1.0, 0.0, 2.0, 1.0, -1.0, -1.0, 1.0, 2.0, 2.0, 1.0, 0.0, -1.0, 0.0, -1.0, 3.0, 0.0, 2.0, -1.0, 0.0, 0.0, 1.0, -1.0, 1.0, 2.0, -1.0, 0.0, -1.0, 2.0, -1.0, 3.0, -1.0, 2.0, 0.0, 0.0, -1.0, 2.0, 0.0, 3.0, 2.0, -1.0, 1.0, 1.0, 2.0, 1.0, -1.0, 96289.0, 490.0
0.0, -1.0, 0.0, 2.0, 0.0, 1.0, 0.0, 0.0, 1.0, 3.0, -1.0, 1.0, 0.0, 2.0, 1.0, 0.0, -1.0, -1.0, -1.0, 3.0, 0.0, 2.0, -1.0, 0.0, 0.0, 1.0, -1.0, 1.0, 2.0, -1.0, 0.0, -1.0, 2.0, 1.0, 3.0, -1.0, 2.0, 0.0, 0.0, -1.0, 2.0, 0.0, 3.0, 2.0, -1.0, 1.0, 1.0, 2.0, 1.0, -1.0, 96124.0, 511.0
0.0, -1.0, 0.0, 2.0, 0.0, 1.0, 0.0, 0.0, 1.0, 3.0, -1.0, 1.0, 0.0, 2.0, 1.0, 0.0, -1.0, -1.0, -1.0, 3.0, 0.0, 2.0, -1.0, 0.0, 0.0, 1.0, -1.0, 1.0, 2.0, -1.0, 0.0, -1.0, 2.0, 1.0, 3.0, -1.0, 2.0, 0.0, 0.0, -1.0, 2.0, 0.0, 3.0, 2.0, -1.0, 1.0, 1.0, 2.0, 1.0, -1.0, 96124.0, 511.0
0.0, -1.0, 0.0, 2.0, 0.0, 1.0, 0.0, 0.0, 1.0, 3.0, -1.0, 1.0, 0.0, 2.0, 1.0, 0.0, -1.0, -1.0, -1.0, 3.0, 0.0, 2.0, -1.0, 0.0, 0.0, 1.0, -1.0, 1.0, 2.0, -1.0, 0.0, -1.0, 2.0, 1.0, 3.0, -1.0, 2.0, 0.0, 0.0, -1.0, 2.0, 0.0, 3.0, 2.0, -1.0, 1.0, 1.0, 2.0, 1.0, -1.0, 96124.0, 511.0
0.0, -1.0, 0.0, 2.0, 0.0, 1.0, 0.0, 0.0, 1.0, 3.0, -1.0, 1.0, 0.0, 2.0, 1.0, 0.0, -1.0, -1.0, -1.0, 3.0, 0.0, 2.0, -1.0, 0.0, 0.0, 1.0, -1.0, 1.0, 2.0, -1.0, 0.0, -1.0, 2.0, 1.0, 3.0, -1.0, 2.0, 0.0, 0.0, -1.0, 2.0, 0.0, 3.0, 2.0, -1.0, 1.0, 1.0, 2.0, 1.0, -1.0, 96124.0, 511.0
0.0, -1.0, 0.0, 2.0, 0.0, 1.0, 0.0, 0.0, 1.0, 3.0, -1.0, 1.0, 0.0, 2.0, 1.0, 0.0, -1.0, -1.0, -1.0, 3.0, 0.0, 2.0, -1.0, 0.0, 0.0, 1.0, -1.0, 1.0, 2.0, -1.0, 0.0, -1.0, 2.0, 1.0, 3.0, -1.0, 2.0, 0.0, 0.0, -1.0, 2.0, 0.0, 3.0, 2.0, -1.0, 1.0, 1.0, 2.0, 1.0, -1.0, 96124.0, 511.0
0.0, -1.0, 0.0, 2.0, 0.0, 1.0, 0.0, 0.0, 1.0, 3.0, -1.0, 1.0, 0.0, 2.0, 1.0, 0.0, -1.0, -1.0, -1.0, 3.0, 0.0, 2.0, -1.0, 0.0, 0.0, 1.0, -1.0, 1.0, 2.0, -1.0, 0.0, -1.0, 2.0, 1.0, 3.0, -1.0, 2.0, 0.0, 0.0, -1.0, 2.0, 0.0, 3.0, 2.0, -1.0, 1.0, 1.0, 2.0, 1.0, -1.0, 96124.0, 511.0
0.0, -1.0, 0.0, 2.0, 0.0, 1.0, 0.0, 0.0, 1.0, 3.0, -1.0, 1.0, 0.0, 2.0, 1.0, 0.0, -1.0, -1.0, -1.0, 3.0, 0.0, 2.0, -1.0, 0.0, 0.0, 1.0, -1.0, 1.0, 2.0, -1.0, 0.0, -1.0, 2.0, 1.0, 3.0, -1.0, 2.0, 0.0, 0.0, -1.0, 2.0, 0.0, 3.0, 2.0, -1.0, 1.0, 1.0, 2.0, 1.0, -1.0, 96124.0, 511.0
0.0, -1.0, 0.0, 2.0, 0.0, 1.0, 0.0, 0.0, 1.0, 3.0, -1.0, 1.0, 0.0, 2.0, 1.0, 0.0, -1.0, -1.0, -1.0, 3.0, 0.0, 2.0, -1.0, 0.0, 0.0, 1.0, -1.0, 1.0, 2.0, -1.0, 0.0, -1.0, 2.0, 1.0, 3.0, -1.0, 2.0, 0.0, 0.0, -1.0, 2.0, 0.0, 3.0, 2.0, -1.0, 1.0, 1.0, 2.0, 1.0, -1.0, 96124.0, 511.0
1.0, 0.0, -1.0, -1.0, 1.0, 0.0, -1.0, 2.0, 1.0, -1.0, 2.0, 0.0, 2.0, 1.0, -1.0, 3.0, 2.0, -1.0, -1.0, -1.0, 1.0, 2.0, -1.0, -1.0, 1.0, 0.0, 2.0, -1.0, 2.0, 2.0, 0.0, -1.0, 0.0, -1.0, -1.0, 0.0, 1.0, 2.0, 0.0, 2.0, 0.0, -1.0, -1.0, 0.0, -1.0, 1.0, 1.0, 1.0, 1.0, -1.0, 96679.0, 456.0
1.0, 0.0, -1.0, -1.0, 1.0, 0.0, -1.0, 2.0, 1.0, -1.0, 2.0, 0.0, 2.0, 1.0, -1.0, 3.0, 2.0, -1.0, -1.0, -1.0, 1.0, 2.0, -1.0, -1.0, 1.0, 0.0, 2.0, -1.0, 2.0, 2.0, 0.0, -1.0, 0.0, -1.0, -1.0, 0.0, 1.0, 2.0, 0.0, 2.0, 0.0, -1.0, -1.0, 0.0, -1.0, 1.0, 1.0, 1.0, 1.0, -1.0, 96679.0, 456.0
1.0, 0.0, -1.0, -1.0, 1.0, 0.0, -1.0, 2.0, 1.0, -1.0, 2.0, 0.0, 2.0, 1.0, -1.0, 3.0, 2.0, -1.0, -1.0, -1.0, 1.0, 2.0, -1.0, -1.0, 1.0, 0.0, 2.0, -1.0, 2.0, 2.0, 0.0, -1.0, 0.0, -1.0, -1.0, 0.0, 1.0, 2.0, 0.0, 2.0, 0.0, -1.0, -1.0, 0.0, -1.0, 1.0, 1.0, 1.0, 1.0, -1.0, 96679.0, 456.0
1.0, 0.0, -1.0, -1.0, 1.0, 0.0, -1.0, 2.0, 1.0, -1.0, 2.0, 0.0, 2.0, 1.0, -1.0, 3.0, 2.0, 1.0, -1.0, -1.0, 1.0, 2.0, 1.0, 0.0, 1.0, 0.0, 2.0, -1.0, 2.0, 1.0, 0.0, -1.0, 0.0, -1.0, -1.0, 0.0, 1.0, 2.0, 1.0, 2.0, 0.0, -1.0, -1.0, 0.0, -1.0, 0.0, 0.0, 1.0, 1.0, -1.0, 96208.0, 501.0
1.0, 0.0, -1.0, -1.0, 1.0, 0.0, -1.0, 2.0, 1.0, -1.0, 2.0, 0.0, 2.0, 1.0, -1.0, 3.0, 2.0, 1.0, -1.0, -1.0, 1.0, 2.0, 1.0, 0.0, 1.0, 0.0, 2.0, -1.0, 2.0, 1.0, 0.0, -1.0, 0.0, -1.0, -1.0, 0.0, 1.0, 2.0, 1.0, 2.0, 0.0, -1.0, -1.0, 0.0, -1.0, 0.0, 0.0, 1.0, 1.0, -1.0, 96208.0, 501.0
1.0, -1.0, -1.0, -1.0, 0.0, 0.0, -1.0, 0.0, 1.0, -1.0, 2.0, 0.0, 2.0, 1.0, -1.0, 3.0, 2.0, -1.0, -1.0, -1.0, 1.0, 2.0, 1.0, -1.0, 1.0, 3.0, 2.0, -1.0, 2.0, 2.0, 0.0, -1.0, 0.0, -1.0, 2.0, -1.0, 1.0, 2.0, 1.0, 2.0, 0.0, -1.0, -1.0, 0.0, -1.0, 2.0, 1.0, 1.0, 1.0, -1.0, 96719.0, 456.0
