0.0, 0.0, 2.0, 0.0, 3.0, 1.0, 1.0, -1.0, 3.0, 1.0, 0.0, 0.0, 2.0, 2.0, -1.0, 0.0, -1.0, -1.0, -1.0, 0.0, 2.0, -1.0, 0.0, 0.0, 1.0, 1.0, -1.0, 1.0, 1.0, 2.0, 1.0, -1.0, -1.0, -1.0, 2.0, -1.0, -1.0, 2.0, 1.0, 0.0, -1.0, -1.0, -1.0, 2.0, 1.0, 1.0, -1.0, 0.0, 0.0, 3.0, 97126.0, 477.0
0.0, 0.0, 2.0, 0.0, 3.0, 1.0, 1.0, -1.0, 3.0, 1.0, 0.0, 0.0, 2.0, 2.0, -1.0, 0.0, -1.0, -1.0, -1.0, 0.0, 2.0, -1.0, 0.0, 0.0, 1.0, 1.0, -1.0, 1.0, 1.0, 2.0, 1.0, -1.0, -1.0, -1.0, 2.0, -1.0, -1.0, 2.0, 1.0, 0.0, -1.0, -1.0, -1.0, 2.0, 1.0, 1.0, -1.0, 0.0, 0.0, 3.0, 97126.0, 477.0
0.0, 0.0, 2.0, 0.0, 3.0, 1.0, 1.0, -1.0, 3.0, 1.0, 0.0, 0.0, 2.0, 2.0, -1.0, 0.0, -1.0, -1.0, -1.0, 0.0, 2.0, -1.0, 0.0, 0.0, 1.0, 1.0, -1.0, 1.0, 1.0, 2.0, 1.0, -1.0, -1.0, -1.0, 2.0, -1.0, -1.0, 2.0, 1.0, 0.0, -1.0, -1.0, -1.0, 2.0, 1.0, 1.0, -1.0, 0.0, 0.0, 3.0, 97126.0, 477.0
0.0, 0.0, 2.0, 0.0, 3.0, 1.0, 1.0, -1.0, 3.0, 1.0, 0.0, 0.0, 2.0, 2.0, -1.0, 0.0, -1.0, -1.0, -1.0, 0.0, 2.0, -1.0, 0.0, 0.0, 1.0, 1.0, -1.0, 1.0, 1.0, 2.0, 1.0, -1.0, -1.0, -1.0, 2.0, -1.0, -1.0, 2.0, 1.0, 0.0, -1.0, -1.0, -1.0, 2.0, 1.0, 1.0, -1.0, 0.0, 0.0, 3.0, 97126.0, 477.0
0.0, 0.0, 2.0, 0.0, 3.0, 1.0, 1.0, -1.0, 3.0, 1.0, 0.0, 0.0, 2.0, 2.0, -1.0, 0.0, -1.0, -1.0, -1.0, 0.0, 2.0, -1.0, 0.0, 0.0, 1.0, 1.0, -1.0, 1.0, 1.0, 2.0, 1.0, -1.0, -1.0, -1.0, 2.0, -1.0, -1.0, 2.0, 1.0, 0.0, -1.0, -1.0, -1.0, 2.0, 1.0, 1.0, -1.0, 0.0, 0.0, 3.0, 97126.0, 477.0
0.0, 0.0, 2.0, 0.0, 3.0, 1.0, 1.0, -1.0, 3.0, 1.0, 0.0, 0.0, 2.0, 2.0, -1.0, 0.0, -1.0, -1.0, -1.0, 0.0, 2.0, -1.0, 0.0, 0.0, 1.0, 1.0, -1.0, 1.0, 1.0, 2.0, 1.0, -1.0, -1.0, -1.0, 2.0, -1.0, -1.0, 2.0, 1.0, 0.0, -1.0, -1.0, -1.0, 2.0, 1.0, 1.0, -1.0, 0.0, 0.0, 3.0, 97126.0, 477.0
0.0, 0.0, 2.0, 0.0, 3.0, 1.0, 1.0, -1.0, 3.0, 1.0, 0.0, 0.0, 2.0, 2.0, -1.0, 0.0, -1.0, -1.0, -1.0, 0.0, 2.0, -1.0, 0.0, 0.0, 1.0, 1.0, -1.0, 1.0, 1.0, 2.0, 1.0, -1.0, -1.0, -1.0, 2.0, -1.0, -1.0, 2.0, 1.0, 0.0, -1.0, -1.0, -1.0, 2.0, 1.0, 1.0, -1.0, 0.0, 0.0, 3.0, 97126.0, 477.0
0.0, 0.0, 2.0, 0.0, 3.0, 1.0, 1.0, -1.0, 3.0, 1.0, 0.0, 0.0, 2.0, 2.0, -1.0, 0.0, -1.0, -1.0, -1.0, 0.0, 2.0, -1.0, 0.0, 0.0, 1.0, 1.0, -1.0, 1.0, 1.0, 2.0, 1.0, -1.0, -1.0, -1.0, 2.0, -1.0, -1.0, 2.0, 1.0, 0.0, -1.0, -1.0, -1.0, 2.0, 1.0, 1.0, -1.0, 0.0, 0.0, 3.0, 97126.0, 477.0
0.0, 0.0, 2.0, 0.0, 3.0, 1.0, 1.0, -1.0, 3.0, 1.0, 0.0, 0.0, 2.0, 2.0, -1.0, 0.0, -1.0, -1.0, -1.0, 0.0, 2.0, -1.0, 0.0, 0.0, 1.0, 1.0, -1.0, 1.0, 1.0, 2.0, 1.0, -1.0, -1.0, -1.0, 2.0, -1.0, -1.0, 2.0, 1.0, 0.0, -1.0, -1.0, -1.0, 2.0, 1.0, 1.0, -1.0, 0.0, 0.0, 3.0, 97126.0, 477.0
0.0, 0.0, 2.0, 0.0, 3.0, 1.0, 1.0, -1.0, 3.0, 1.0, 0.0, 0.0, 2.0, 2.0, -1.0, 0.0, -1.0, -1.0, -1.0, 0.0, 2.0, -1.0, 0.0, 0.0, 1.0, 1.0, -1.0, 1.0, 1.0, 2.0, 1.0, -1.0, -1.0, -1.0, 2.0, -1.0, -1.0, 2.0, 1.0, 0.0, -1.0, -1.0, -1.0, 2.0, 1.0, 1.0, -1.0, 0.0, 0.0, 3.0, 97126.0, 477.0
0.0, 0.0, 2.0, 0.0, 3.0, 1.0, 1.0, -1.0, 3.0, 1.0, 0.0, 0.0, 2.0, 2.0, -1.0, 0.0, -1.0, -1.0, -1.0, 0.0, 2.0, -1.0, 0.0, 0.0, 1.0, 1.0, -1.0, 1.0, 1.0, 2.0, 1.0, -1.0, -1.0, -1.0, 2.0, -1.0, -1.0, 2.0, 1.0, 0.0, -1.0, -1.0, -1.0, 2.0, 1.0, 1.0, -1.0, 0.0, 0.0, 3.0, 97126.0, 477.0
0.0, 0.0, 2.0, 0.0, 3.0, 1.0, 1.0, -1.0, 3.0, 1.0, 0.0, 0.0, 2.0, 2.0, -1.0, 0.0, -1.0, -1.0, -1.0, 0.0, 2.0, -1.0, 0.0, 0.0, 1.0, 1.0, -1.0, 1.0, 1.0, 2.0, 1.0, -1.0, -1.0, -1.0, 2.0, -1.0, -1.0, 2.0, 1.0, 0.0, -1.0, -1.0, -1.0, 2.0, 1.0, 1.0, -1.0, 0.0, 0.0, 3.0, 97126.0, 477.0
0.0, 0.0, 2.0, 0.0, 3.0, 1.0, 1.0, -1.0, 3.0, 1.0, 0.0, 0.0, 2.0, 2.0, -1.0, 0.0, -1.0, -1.0, -1.0, 0.0, 2.0, -1.0, 0.0, 0.0, 1.0, 1.0, -1.0, 1.0, 1.0, 2.0, 1.0, -1.0, -1.0, -1.0, 2.0, -1.0, -1.0, 2.0, 1.0, 0.0, -1.0, -1.0, -1.0, 2.0, 1.0, 1.0, -1.0, 0.0, 0.0, 3.0, 97126.0, 477.0
0.0, 0.0, 2.0, 0.0, 3.0, 1.0, 1.0, -1.0, 3.0, 1.0, 0.0, 0.0, 2.0, 2.0, -1.0, 0.0, -1.0, -1.0, -1.0, 0.0, 2.0, -1.0, 0.0, 0.0, 1.0, 1.0, -1.0, 1.0, 1.0, 2.0, 1.0, -1.0, -1.0, -1.0, 2.0, -1.0, -1.0, 2.0, 1.0, 0.0, -1.0, -1.0, -1.0, 2.0, 1.0, 1.0, -1.0, 0.0, 0.0, 3.0, 97126.0, 477.0
0.0, 0.0, 2.0, 0.0, 3.0, 1.0, 1.0, -1.0, 3.0, 1.0, 0.0, 0.0, 2.0, 2.0, -1.0, 0.0, -1.0, -1.0, -1.0, 0.0, 2.0, -1.0, 0.0, 0.0, 1.0, 1.0, -1.0, 1.0, 1.0, 2.0, 1.0, -1.0, -1.0, -1.0, 2.0, -1.0, -1.0, 2.0, 1.0, 0.0, -1.0, -1.0, -1.0, 2.0, 1.0, 1.0, -1.0, 0.0, 0.0, 3.0, 97126.0, 477.0
0.0, 0.0, 2.0, 0.0, 3.0, 1.0, 1.0, -1.0, 3.0, 1.0, 0.0, 0.0, 2.0, 2.0, -1.0, 0.0, -1.0, -1.0, -1.0, 0.0, 2.0, -1.0, 0.0, 0.0, 1.0, 1.0, -1.0, 1.0, 1.0, 2.0, 1.0, -1.0, -1.0, -1.0, 2.0, -1.0, -1.0, 2.0, 1.0, 0.0, -1.0, -1.0, -1.0, 2.0, 1.0, 1.0, -1.0, 0.0, 0.0, 3.0, 97126.0, 477.0
0.0, 0.0, 2.0, 0.0, 3.0, 1.0, 1.0, -1.0, 3.0, 1.0, 0.0, 0.0, 2.0, 2.0, -1.0, 0.0, -1.0, -1.0, -1.0, 0.0, 2.0, -1.0, 0.0, 0.0, 1.0, 1.0, -1.0, 1.0, 1.0, 2.0, 1.0, -1.0, -1.0, -1.0, 2.0, -1.0, -1.0, 2.0, 1.0, 0.0, -1.0, -1.0, -1.0, 2.0, 1.0, 1.0, -1.0, 0.0, 0.0, 3.0, 97126.0, 477.0
0.0, 0.0, 2.0, 0.0, 3.0, 1.0, 1.0, -1.0, 3.0, 1.0, 0.0, 0.0, 2.0, 2.0, -1.0, 0.0, -1.0, -1.0, -1.0, 0.0, 2.0, -1.0, 0.0, 0.0, 1.0, 1.0, -1.0, 1.0, 1.0, 2.0, 1.0, -1.0, -1.0, -1.0, 2.0, -1.0, -1.0, 2.0, 1.0, 0.0, -1.0, -1.0, -1.0, 2.0, 1.0, 1.0, -1.0, 0.0, 0.0, 3.0, 97126.0, 477.0
0.0, 0.0, 2.0, 0.0, 3.0, 1.0, 1.0, -1.0, 3.0, 1.0, 0.0, 0.0, 2.0, 2.0, -1.0, 0.0, -1.0, -1.0, -1.0, 0.0, 2.0, -1.0, 0.0, 0.0, 1.0, 1.0, -1.0, 1.0, 1.0, 2.0, 1.0, -1.0, -1.0, -1.0, 2.0, -1.0, -1.0, 2.0, 1.0, 0.0, -1.0, -1.0, -1.0, 2.0, 1.0, 1.0, -1.0, 0.0, 0.0, 3.0, 97126.0, 477.0
0.0, 0.0, 2.0, 0.0, 3.0, 1.0, 1.0, -1.0, 3.0, 1.0, 0.0, 0.0, 2.0, 2.0, -1.0, 0.0, -1.0, -1.0, -1.0, 0.0, 2.0, -1.0, 0.0, 0.0, 1.0, 1.0, -1.0, 1.0, 1.0, 2.0, 1.0, -1.0, -1.0, -1.0, 2.0, -1.0, -1.0, 2.0, 1.0, 0.0, -1.0, -1.0, -1.0, 2.0, 1.0, 1.0, -1.0, 0.0, 0.0, 3.0, 97126.0, 477.0
0.0, 0.0, 2.0, 0.0, 3.0, 1.0, 1.0, -1.0, 3.0, 1.0, 0.0, 0.0, 2.0, 2.0, -1.0, 0.0, -1.0, -1.0, -1.0, 0.0, 2.0, -1.0, 0.0, 0.0, 1.0, 1.0, -1.0, 1.0, 1.0, 2.0, 1.0, -1.0, -1.0, -1.0, 2.0, -1.0, -1.0, 2.0, 1.0, 0.0, -1.0, -1.0, -1.0, 2.0, 1.0, 1.0, -1.0, 0.0, 0.0, 3.0, 97126.0, 477.0
0.0, 0.0, 2.0, 0.0, 3.0, 1.0, 1.0, -1.0, 3.0, 1.0, 0.0, 0.0, 2.0, 2.0, -1.0, 0.0, -1.0, -1.0, -1.0, 0.0, 2.0, -1.0, 0.0, 0.0, 1.0, 1.0, -1.0, 1.0, 1.0, 2.0, 1.0, -1.0, -1.0, -1.0, 2.0, -1.0, -1.0, 2.0, 1.0, 0.0, -1.0, -1.0, -1.0, 2.0, 1.0, 1.0, -1.0, 0.0, 0.0, 3.0, 97126.0, 477.0
0.0, 0.0, 2.0, 0.0, 3.0, 1.0, 1.0, -1.0, 3.0, 1.0, 0.0, 0.0, 2.0, 2.0, -1.0, 0.0, -1.0, -1.0, -1.0, 0.0, 2.0, -1.0, 0.0, 0.0, 1.0, 1.0, -1.0, 1.0, 1.0, 2.0, 1.0, -1.0, -1.0, -1.0, 2.0, -1.0, -1.0, 2.0, 1.0, 0.0, -1.0, -1.0, -1.0, 2.0, 1.0, 1.0, -1.0, 0.0, 0.0, 3.0, 97126.0, 477.0
0.0, 0.0, 2.0, 0.0, 3.0, 1.0, 1.0, -1.0, 3.0, 1.0, 0.0, 0.0, 2.0, 2.0, -1.0, 0.0, -1.0, -1.0, -1.0, 0.0, 2.0, -1.0, 0.0, 0.0, 1.0, 1.0, -1.0, 1.0, 1.0, 2.0, 1.0, -1.0, -1.0, -1.0, 2.0, -1.0, -1.0, 2.0, 1.0, 0.0, -1.0, -1.0, -1.0, 2.0, 1.0, 1.0, -1.0, 0.0, 0.0, 3.0, 97126.0, 477.0
0.0, 0.0, 2.0, 0.0, 3.0, 1.0, 1.0, -1.0, 3.0, 1.0, 0.0, 0.0, 2.0, 2.0, -1.0, 0.0, -1.0, -1.0, -1.0, 0.0, 2.0, -1.0, 0.0, 0.0, 1.0, 1.0, -1.0, 1.0, 1.0, 2.0, 1.0, -1.0, -1.0, -1.0, 2.0, -1.0, -1.0, 2.0, 1.0, 0.0, -1.0, -1.0, -1.0, 2.0, 1.0, 1.0, -1.0, 0.0, 0.0, 3.0, 97126.0, 477.0
0.0, 0.0, 2.0, 0.0, 3.0, 1.0, 1.0, -1.0, 3.0, 1.0, 0.0, 0.0, 2.0, 2.0, -1.0, 0.0, -1.0, -1.0, -1.0, 0.0, 2.0, -1.0, 0.0, 0.0, 1.0, 1.0, -1.0, 1.0, 1.0, 2.0, 1.0, -1.0, -1.0, -1.0, 2.0, -1.0, -1.0, 2.0, 1.0, 0.0, -1.0, -1.0, -1.0, 2.0, 1.0, 1.0, -1.0, 0.0, 0.0, 3.0, 97126.0, 477.0
0.0, 0.0, 2.0, 0.0, 3.0, 1.0, 1.0, -1.0, 3.0, 1.0, 0.0, 0.0, 2.0, 2.0, -1.0, 0.0, -1.0, -1.0, -1.0, 0.0, 2.0, -1.0, 0.0, 0.0, 1.0, 1.0, -1.0, 1.0, 1.0, 2.0, 1.0, -1.0, -1.0, -1.0, 2.0, -1.0, -1.0, 2.0, 1.0, 0.0, -1.0, -1.0, -1.0, 2.0, 1.0, 1.0, -1.0, 0.0, 0.0, 3.0, 97126.0, 477.0
0.0, 0.0, 2.0, 0.0, 3.0, 1.0, 1.0, -1.0, 3.0, 1.0, 0.0, 0.0, 2.0, 2.0, -1.0, 0.0, -1.0, -1.0, -1.0, 0.0, 2.0, -1.0, 0.0, 0.0, 1.0, 1.0, -1.0, 1.0, 1.0, 2.0, 1.0, -1.0, -1.0, -1.0, 2.0, -1.0, -1.0, 2.0, 1.0, 0.0, -1.0, -1.0, -1.0, 2.0, 1.0, 1.0, -1.0, 0.0, 0.0, 3.0, 97126.0, 477.0
0.0, 0.0, 2.0, 0.0, 3.0, 1.0, 1.0, -1.0, 3.0, 1.0, 0.0, 0.0, 2.0, 2.0, -1.0, 0.0, -1.0, -1.0, -1.0, 0.0, 2.0, -1.0, 0.0, 0.0, 1.0, 1.0, -1.0, 1.0, 1.0, 2.0, 1.0, -1.0, -1.0, -1.0, 2.0, -1.0, -1.0, 2.0, 1.0, 0.0, -1.0, -1.0, -1.0, 2.0, 1.0, 1.0, -1.0, 0.0, 0.0, 3.0, 97126.0, 477.0
0.0, 0.0, 2.0, 0.0, 3.0, 1.0, 1.0, -1.0, 3.0, 1.0, 0.0, 0.0, 2.0, 2.0, -1.0, 0.0, -1.0, -1.0, -1.0, 0.0, 2.0, -1.0, 0.0, 0.0, 1.0, 1.0, -1.0, 1.0, 1.0, 2.0, 1.0, -1.0, -1.0, -1.0, 2.0, -1.0, -1.0, 2.0, 1.0, 0.0, -1.0, -1.0, -1.0, 2.0, 1.0, 1.0, -1.0, 0.0, 0.0, 3.0, 97126.0, 477.0
2.0, 0.0, 2.0, 1.0, 2.0, 2.0, 0.0, 0.0, 2.0, 1.0, 2.0, -1.0, 1.0, -1.0, 2.0, 3.0, 1.0, 2.0, 1.0, 0.0, 1.0, -1.0, 0.0, 0.0, 0.0, 2.0, 0.0, 0.0, 3.0, 0.0, -1.0, 2.0, 0.0, 3.0, -1.0, 1.0, -1.0, 0.0, 3.0, 3.0, 2.0, 1.0, 0.0, 1.0, -1.0, 2.0, 0.0, -1.0, 1.0, 1.0, 96117.0, 576.0
2.0, 0.0, 2.0, 1.0, 2.0, 2.0, 0.0, 0.0, 2.0, 1.0, 2.0, -1.0, 1.0, -1.0, 2.0, 3.0, 1.0, 2.0, 1.0, 0.0, 1.0, -1.0, 0.0, 0.0, 0.0, 2.0, 0.0, 0.0, 3.0, 0.0, -1.0, 2.0, 0.0, 3.0, -1.0, 1.0, -1.0, 0.0, 3.0, 3.0, 2.0, 1.0, 0.0, 1.0, -1.0, 2.0, 0.0, -1.0, 1.0, 1.0, 96117.0, 576.0
1.0, 1.0, 1.0, 2.0, 0.0, 2.0, 2.0, -1.0, 0.0, 0.0, 1.0, 3.0, 2.0, 0.0, 1.0, 2.0, 2.0, 1.0, 0.0, -1.0, 2.0, -1.0, 0.0, 1.0, 3.0, 3.0, -1.0, 2.0, 3.0, 0.0, 0.0, 1.0, 0.0, 0.0, -1.0, 3.0, -1.0, 2.0, -1.0, 1.0, 1.0, 2.0, 0.0, 2.0, 2.0, 0.0, 1.0, 0.0, 2.0, 0.0, 96049.0, 592.0
1.0, 1.0, 1.0, 2.0, 0.0, 2.0, 2.0, -1.0, 0.0, 0.0, 1.0, 3.0, 2.0, 0.0, 1.0, 2.0, 2.0, 1.0, 0.0, -1.0, 2.0, -1.0, 0.0, 1.0, 3.0, 3.0, -1.0, 2.0, 3.0, 0.0, 0.0, 1.0, 0.0, 0.0, -1.0, 3.0, -1.0, 2.0, -1.0, 1.0, 1.0, 2.0, 0.0, 2.0, 2.0, 0.0, 1.0, 0.0, 2.0, 0.0, 96049.0, 592.0
2.0, 3.0, 0.0, 1.0, 0.0, 0.0, 0.0, 0.0, -1.0, 2.0, -1.0, 2.0, 0.0, 2.0, 1.0, 1.0, 0.0, 3.0, 0.0, -1.0, 0.0, 3.0, 2.0, -1.0, 2.0, 2.0, 2.0, 3.0, 1.0, 1.0, 0.0, -1.0, 0.0, 1.0, 0.0, 0.0, 1.0, 3.0, 1.0, 1.0, 1.0, 1.0, 2.0, 2.0, 3.0, -1.0, 0.0, 1.0, 1.0, 0.0, 95934.0, 615.0
2.0, 3.0, 0.0, 1.0, 0.0, 0.0, 0.0, 0.0, -1.0, 2.0, -1.0, 2.0, 0.0, 2.0, 1.0, 1.0, 0.0, 3.0, 0.0, -1.0, 0.0, 3.0, 2.0, -1.0, 2.0, 2.0, 2.0, 3.0, 1.0, 1.0, 0.0, -1.0, 0.0, 1.0, 0.0, 0.0, 1.0, 3.0, 1.0, 1.0, 1.0, 1.0, 2.0, 2.0, 3.0, -1.0, 0.0, 1.0, 1.0, 0.0, 95934.0, 615.0
2.0, -1.0, -1.0, -1.0, 1.0, 2.0, -1.0, -1.0, 0.0, 3.0, 0.0, 1.0, 2.0, 0.0, 2.0, 2.0, 2.0, 1.0, 1.0, 3.0, -1.0, -1.0, -1.0, -1.0, -1.0, 0.0, 1.0, 2.0, 1.0, 1.0, 2.0, 3.0, -1.0, 0.0, -1.0, 1.0, -1.0, 0.0, 2.0, -1.0, 0.0, -1.0, 3.0, 2.0, 0.0, 0.0, 1.0, 3.0, 0.0, 2.0, 96904.0, 478.0
2.0, -1.0, -1.0, -1.0, 1.0, 2.0, -1.0, -1.0, 0.0, 3.0, 0.0, 1.0, 2.0, 0.0, 2.0, 2.0, 2.0, 1.0, 1.0, 3.0, -1.0, -1.0, -1.0, -1.0, -1.0, 0.0, 1.0, 2.0, 1.0, 1.0, 2.0, 3.0, -1.0, 0.0, -1.0, 1.0, -1.0, 0.0, 2.0, -1.0, 0.0, -1.0, 3.0, 2.0, 0.0, 0.0, 1.0, 3.0, 0.0, 2.0, 96904.0, 478.0
2.0, -1.0, -1.0, -1.0, 1.0, 2.0, -1.0, -1.0, 0.0, 3.0, 0.0, 1.0, 2.0, 0.0, 2.0, 2.0, 2.0, 1.0, 1.0, 3.0, -1.0, -1.0, -1.0, -1.0, -1.0, 0.0, 1.0, 2.0, 1.0, 1.0, 2.0, 3.0, -1.0, 0.0, -1.0, 1.0, -1.0, 0.0, 2.0, -1.0, 0.0, -1.0, 3.0, 2.0, 0.0, 0.0, 1.0, 3.0, 0.0, 2.0, 96904.0, 478.0
2.0, -1.0, -1.0, -1.0, 1.0, 2.0, -1.0, -1.0, 0.0, 3.0, 0.0, 1.0, 2.0, 0.0, 2.0, 2.0, 2.0, 1.0, 1.0, 3.0, -1.0, -1.0, -1.0, -1.0, -1.0, 0.0, 1.0, 2.0, 1.0, 1.0, 2.0, 3.0, -1.0, 0.0, -1.0, 1.0, -1.0, 0.0, 2.0, -1.0, 0.0, -1.0, 3.0, 2.0, 0.0, 0.0, 1.0, 3.0, 0.0, 2.0, 96904.0, 478.0
2.0, -1.0, -1.0, -1.0, 1.0, 2.0, -1.0, -1.0, 0.0, 3.0, 0.0, 1.0, 2.0, 0.0, 2.0, 2.0, 2.0, 1.0, 1.0, 3.0, -1.0, -1.0, -1.0, -1.0, -1.0, 0.0, 1.0, 2.0, 1.0, 1.0, 2.0, 3.0, -1.0, 0.0, -1.0, 1.0, -1.0, 0.0, 2.0, -1.0, 0.0, -1.0, 3.0, 2.0, 0.0, 0.0, 1.0, 3.0, 0.0, 2.0, 96904.0, 478.0
2.0, -1.0, -1.0, -1.0, 1.0, 2.0, -1.0, -1.0, 0.0, 3.0, 0.0, 1.0, 2.0, 0.0, 2.0, 2.0, 2.0, 1.0, 1.0, 3.0, -1.0, -1.0, -1.0, -1.0, -1.0, 0.0, 1.0, 2.0, 1.0, 1.0, 2.0, 3.0, -1.0, 0.0, -1.0, 1.0, -1.0, 0.0, 2.0, -1.0, 0.0, -1.0, 3.0, 2.0, 0.0, 0.0, 1.0, 3.0, 0.0, 2.0, 96904.0, 478.0
2.0, -1.0, -1.0, -1.0, 1.0, 2.0, -1.0, -1.0, 0.0, 3.0, 0.0, 1.0, 2.0, 0.0, 2.0, 2.0, 2.0, 1.0, 1.0, 3.0, -1.0, -1.0, -1.0, -1.0, -1.0, 0.0, 1.0, 2.0, 1.0, 1.0, 2.0, 3.0, -1.0, 0.0, -1.0, 1.0, -1.0, 0.0, 2.0, -1.0, 0.0, -1.0, 3.0, 2.0, 0.0, 0.0, 1.0, 3.0, 0.0, 2.0, 96904.0, 478.0
2.0, -1.0, -1.0, -1.0, 1.0, 2.0, -1.0, -1.0, 0.0, 3.0, 0.0, 1.0, 2.0, 0.0, 2.0, 2.0, 2.0, 1.0, 1.0, 3.0, -1.0, -1.0, -1.0, -1.0, -1.0, 0.0, 1.0, 2.0, 1.0, 1.0, 2.0, 3.0, -1.0, 0.0, -1.0, 1.0, -1.0, 0.0, 2.0, -1.0, 0.0, -1.0, 3.0, 2.0, 0.0, 0.0, 1.0, 3.0, 0.0, 2.0, 96904.0, 478.0
2.0, 1.0, -1.0, -1.0, 1.0, 2.0, -1.0, 0.0, 0.0, 3.0, 0.0, 1.0, 2.0, 0.0, 2.0, 2.0, 2.0, 1.0, 1.0, 3.0, -1.0, -1.0, -1.0, -1.0, -1.0, 0.0, 1.0, 2.0, 1.0, 1.0, 2.0, 3.0, -1.0, 0.0, -1.0, 1.0, 0.0, 1.0, 2.0, -1.0, 0.0, -1.0, 3.0, 2.0, 0.0, 1.0, 1.0, 3.0, 0.0, 2.0, 96563.0, 524.0
2.0, 1.0, -1.0, -1.0, 1.0, 2.0, -1.0, 0.0, 0.0, 3.0, 0.0, 1.0, 2.0, 0.0, 2.0, 2.0, 2.0, 1.0, 1.0, 3.0, -1.0, -1.0, -1.0, -1.0, -1.0, 0.0, 1.0, 2.0, 1.0, 1.0, 2.0, 3.0, -1.0, 0.0, -1.0, 1.0, 0.0, 1.0, 2.0, -1.0, 0.0, -1.0, 3.0, 2.0, 0.0, 1.0, 1.0, 3.0, 0.0, 2.0, 96563.0, 524.0
0.0, 0.0, 2.0, 0.0, 3.0, 1.0, 1.0, -1.0, 3.0, 1.0, 0.0, -1.0, 2.0, 2.0, -1.0, 0.0, -1.0, -1.0, -1.0, 0.0, 2.0, -1.0, 0.0, 0.0, 1.0, 1.0, -1.0, 1.0, 1.0, 2.0, 1.0, -1.0, -1.0, -1.0, 2.0, -1.0, -1.0, 2.0, 1.0, 0.0, -1.0, -1.0, -1.0, 2.0, 1.0, 1.0, -1.0, 0.0, 0.0, 3.0, 97222.0, 460.0
2.0, -1.0, -1.0, -1.0, 1.0, 2.0, -1.0, 0.0, 0.0, 3.0, 0.0, 1.0, 2.0, 0.0, 2.0, 2.0, 2.0, 1.0, 1.0, 3.0, -1.0, -1.0, -1.0, -1.0, -1.0, 0.0, 1.0, 2.0, 1.0, 1.0, 2.0, 3.0, -1.0, 0.0, -1.0, 1.0, 0.0, 1.0, 2.0, -1.0, 0.0, -1.0, 3.0, 2.0, 0.0, 1.0, 1.0, 3.0, 0.0, 2.0, 96723.0, 506.0
2.0, -1.0, -1.0, -1.0, 1.0, 2.0, -1.0, 0.0, 0.0, 3.0, 0.0, 1.0, 2.0, 0.0, 2.0, 2.0, 2.0, 1.0, 1.0, 3.0, -1.0, -1.0, -1.0, -1.0, -1.0, 0.0, 1.0, 2.0, 1.0, 1.0, 2.0, 3.0, -1.0, 0.0, -1.0, 1.0, 0.0, 1.0, 2.0, -1.0, 0.0, -1.0, 3.0, 2.0, 0.0, 1.0, 1.0, 3.0, 0.0, 2.0, 96723.0, 506.0
2.0, -1.0, -1.0, -1.0, 1.0, 2.0, -1.0, 0.0, 0.0, 3.0, 0.0, 1.0, 2.0, 0.0, 2.0, 2.0, 2.0, 1.0, 1.0, 3.0, -1.0, -1.0, -1.0, -1.0, -1.0, 0.0, 1.0, 2.0, 1.0, 1.0, 2.0, 3.0, -1.0, 0.0, -1.0, 1.0, 0.0, 1.0, 2.0, -1.0, 0.0, -1.0, 3.0, 2.0, 0.0, 1.0, 1.0, 3.0, 0.0, 2.0, 96723.0, 506.0
2.0, -1.0, -1.0, -1.0, 1.0, 2.0, -1.0, 0.0, 0.0, 3.0, 0.0, 1.0, 2.0, 0.0, 2.0, 2.0, 2.0, 1.0, 1.0, 3.0, -1.0, -1.0, -1.0, -1.0, -1.0, 0.0, 1.0, 2.0, 1.0, 1.0, 2.0, 3.0, -1.0, 0.0, -1.0, 1.0, 0.0, 1.0, 2.0, -1.0, 0.0, -1.0, 3.0, 2.0, 0.0, 1.0, 1.0, 3.0, 0.0, 2.0, 96723.0, 506.0
0.0, -1.0, 2.0, -1.0, 1.0, 2.0, 1.0, 1.0, 1.0, 1.0, -1.0, 1.0, 3.0, -1.0, -1.0, 0.0, 1.0, -1.0, 2.0, -1.0, 2.0, -1.0, 0.0, 1.0, 1.0, 2.0, 2.0, 3.0, 0.0, 2.0, 3.0, 3.0, 3.0, -1.0, 2.0, 0.0, 1.0, 0.0, 1.0, 2.0, 1.0, 2.0, 3.0, 0.0, -1.0, 0.0, 2.0, -1.0, 0.0, 1.0, 96676.0, 518.0
0.0, -1.0, 2.0, -1.0, 1.0, 2.0, 1.0, 1.0, 1.0, 1.0, -1.0, 1.0, 3.0, -1.0, -1.0, 0.0, 1.0, -1.0, 2.0, -1.0, 2.0, -1.0, 0.0, 1.0, 1.0, 2.0, 2.0, 3.0, 0.0, 2.0, 3.0, 3.0, 3.0, -1.0, 2.0, 0.0, 1.0, 0.0, 1.0, 2.0, 1.0, 2.0, 3.0, 0.0, -1.0, 0.0, 2.0, -1.0, 0.0, 1.0, 96676.0, 518.0
0.0, -1.0, 2.0, -1.0, 1.0, 2.0, 1.0, 1.0, 1.0, 1.0, -1.0, 1.0, 3.0, -1.0, -1.0, 0.0, 1.0, -1.0, 2.0, -1.0, 2.0, -1.0, 0.0, 1.0, 1.0, 2.0, 2.0, 3.0, 0.0, 2.0, 3.0, 3.0, 3.0, -1.0, 2.0, 0.0, 1.0, 0.0, 1.0, 2.0, 1.0, 2.0, 3.0, 0.0, -1.0, 0.0, 2.0, -1.0, 0.0, 1.0, 96676.0, 518.0
0.0, -1.0, 2.0, -1.0, 1.0, 2.0, 1.0, 1.0, 1.0, 1.0, -1.0, 1.0, 3.0, -1.0, -1.0, 0.0, 1.0, -1.0, 2.0, -1.0, 2.0, -1.0, 0.0, 1.0, 1.0, 2.0, 2.0, 3.0, 0.0, 2.0, 3.0, 3.0, 3.0, -1.0, 2.0, 0.0, 1.0, 0.0, 1.0, 2.0, 1.0, 2.0, 3.0, 0.0, -1.0, 0.0, 2.0, -1.0, 0.0, 1.0, 96676.0, 518.0
-1.0, -1.0, 0.0, -1.0, 0.0, 1.0, 2.0, 3.0, -1.0, 1.0, -1.0, -1.0, 1.0, 0.0, 1.0, 3.0, 2.0, 3.0, -1.0, 2.0, 1.0, 3.0, -1.0, 1.0, 2.0, -1.0, 3.0, 0.0, 1.0, 0.0, 0.0, 2.0, 3.0, 2.0, 1.0, 3.0, 1.0, -1.0, 1.0, 2.0, -1.0, -1.0, -1.0, -1.0, 1.0, -1.0, 2.0, 1.0, 2.0, 2.0, 97312.0, 475.0
-1.0, -1.0, 0.0, -1.0, 0.0, 1.0, 2.0, 3.0, -1.0, 1.0, -1.0, -1.0, 1.0, 0.0, 1.0, 3.0, 2.0, 3.0, -1.0, 2.0, 1.0, 3.0, -1.0, 1.0, 2.0, -1.0, 3.0, 0.0, 1.0, 0.0, 0.0, 2.0, 3.0, 2.0, 1.0, 3.0, 1.0, -1.0, 1.0, 2.0, -1.0, -1.0, -1.0, -1.0, 1.0, -1.0, 2.0, 1.0, 2.0, 2.0, 97312.0, 475.0
2.0, -1.0, -1.0, -1.0, 1.0, 2.0, -1.0, -1.0, 0.0, 3.0, 0.0, 1.0, 2.0, 0.0, 2.0, 2.0, 2.0, 1.0, 1.0, 3.0, -1.0, -1.0, -1.0, -1.0, -1.0, 0.0, 1.0, 2.0, 1.0, 1.0, 2.0, 3.0, -1.0, 0.0, -1.0, 1.0, -1.0, 0.0, 2.0, -1.0, 0.0, -1.0, 1.0, 2.0, 0.0, 1.0, 1.0, 3.0, 0.0, 2.0, 96914.0, 478.0
2.0, -1.0, -1.0, 1.0, 1.0, 2.0, -1.0, -1.0, 0.0, 3.0, 0.0, 1.0, 2.0, 0.0, 3.0, 2.0, 2.0, 1.0, 1.0, 1.0, -1.0, -1.0, -1.0, -1.0, 1.0, 0.0, 1.0, 2.0, 1.0, 1.0, 2.0, 3.0, -1.0, 0.0, -1.0, 1.0, -1.0, 0.0, 2.0, 0.0, 0.0, -1.0, 3.0, 2.0, 0.0, 1.0, 1.0, 3.0, 0.0, 2.0, 96729.0, 520.0
2.0, -1.0, -1.0, 1.0, 1.0, 2.0, -1.0, -1.0, 0.0, 3.0, 0.0, 1.0, 2.0, 0.0, 2.0, 2.0, 2.0, 1.0, 1.0, 3.0, -1.0, -1.0, -1.0, -1.0, -1.0, 0.0, 1.0, 2.0, 1.0, 1.0, 2.0, 3.0, -1.0, 0.0, -1.0, 1.0, -1.0, 0.0, 2.0, 0.0, 0.0, -1.0, 3.0, 2.0, 0.0, 1.0, 1.0, 3.0, 0.0, 2.0, 96790.0, 507.0
2.0, 0.0, 2.0, 1.0, 2.0, 2.0, 0.0, 0.0, 2.0, 1.0, 2.0, -1.0, 1.0, -1.0, 2.0, 3.0, 1.0, 2.0, 1.0, 1.0, 1.0, -1.0, 0.0, 0.0, 0.0, 2.0, 0.0, 0.0, 3.0, 0.0, -1.0, 2.0, 0.0, 3.0, -1.0, 1.0, -1.0, 0.0, 3.0, 3.0, 2.0, 1.0, 0.0, 1.0, -1.0, 2.0, 0.0, -1.0, 1.0, 1.0, 96126.0, 576.0
2.0, 0.0, 2.0, 1.0, 2.0, 2.0, 0.0, 0.0, 2.0, 1.0, 2.0, -1.0, 1.0, -1.0, 2.0, 3.0, 1.0, 2.0, 1.0, 1.0, 1.0, -1.0, 0.0, 0.0, 0.0, 2.0, 0.0, 0.0, 3.0, 0.0, -1.0, 2.0, 0.0, 3.0, -1.0, 1.0, -1.0, 0.0, 3.0, 3.0, 2.0, 1.0, 0.0, 1.0, -1.0, 2.0, 0.0, -1.0, 1.0, 1.0, 96126.0, 576.0
2.0, -1.0, -1.0, 1.0, 1.0, 2.0, -1.0, 0.0, 0.0, 3.0, 0.0, 1.0, 2.0, 0.0, 2.0, 2.0, 2.0, 1.0, 1.0, 3.0, -1.0, -1.0, -1.0, -1.0, -1.0, 0.0, 1.0, 2.0, 1.0, 1.0, 2.0, 3.0, -1.0, 0.0, -1.0, 1.0, -1.0, 0.0, 2.0, 0.0, 0.0, -1.0, 3.0, 2.0, 0.0, 1.0, 1.0, 3.0, 0.0, 2.0, 96577.0, 524.0
2.0, -1.0, -1.0, 1.0, 1.0, 2.0, -1.0, -1.0, 0.0, 3.0, 0.0, 1.0, 2.0, 0.0, 2.0, 2.0, 2.0, 1.0, 1.0, 3.0, -1.0, -1.0, -1.0, -1.0, -1.0, 0.0, 1.0, 2.0, 1.0, 1.0, 2.0, 3.0, -1.0, 0.0, -1.0, 1.0, -1.0, 0.0, 2.0, 0.0, 0.0, -1.0, 3.0, 2.0, 0.0, 1.0, 1.0, 3.0, 0.0, 2.0, 96790.0, 507.0
