2.0, 3.0, 0.0, 0.0, -1.0, 2.0, 0.0, 2.0, 3.0, -1.0, 1.0, 2.0, 1.0, 1.0, 0.0, 0.0, 0.0, 0.0, 1.0, 1.0, 2.0, 3.0, 3.0, -1.0, -1.0, 1.0, -1.0, 0.0, 1.0, 0.0, 2.0, 2.0, 3.0, 3.0, 3.0, 2.0, -1.0, 0.0, -1.0, 0.0, -1.0, 3.0, -1.0, -1.0, 1.0, 2.0, 1.0, 2.0, 1.0, -1.0, 560.0, 99510.0
-1.0, 0.0, 2.0, 1.0, -1.0, -1.0, 1.0, 2.0, 1.0, -1.0, 1.0, -1.0, 2.0, 1.0, 0.0, 2.0, -1.0, 1.0, 3.0, 2.0, -1.0, 1.0, 3.0, -1.0, 2.0, 0.0, -1.0, 3.0, 3.0, 3.0, 2.0, 0.0, 1.0, 0.0, 3.0, 3.0, 0.0, 1.0, 0.0, -1.0, -1.0, 1.0, 2.0, 2.0, 0.0, 1.0, -1.0, -1.0, -1.0, -1.0, 500.0, 99565.0
3.0, 2.0, 3.0, 1.0, 1.0, -1.0, 0.0, 3.0, -1.0, -1.0, -1.0, 1.0, 2.0, 0.0, -1.0, -1.0, 0.0, -1.0, 0.0, 2.0, 1.0, 1.0, 0.0, -1.0, 2.0, 3.0, -1.0, 3.0, -1.0, 0.0, 1.0, -1.0, -1.0, 0.0, 0.0, 0.0, 2.0, 1.0, -1.0, 2.0, 1.0, 2.0, 0.0, -1.0, -1.0, -1.0, 1.0, 2.0, 2.0, -1.0, 472.0, 99579.0
2.0, 3.0, 0.0, 0.0, -1.0, 2.0, 0.0, 2.0, 3.0, -1.0, 1.0, 2.0, 1.0, 1.0, 0.0, 0.0, 0.0, 0.0, 1.0, 1.0, 2.0, 3.0, 3.0, -1.0, -1.0, 1.0, -1.0, 0.0, 1.0, 0.0, 2.0, 2.0, 3.0, 3.0, 3.0, 2.0, -1.0, 0.0, -1.0, 0.0, -1.0, 3.0, -1.0, -1.0, 1.0, 2.0, 1.0, 2.0, 1.0, -1.0, 560.0, 99510.0
-1.0, 0.0, 2.0, 1.0, -1.0, -1.0, 1.0, 2.0, 1.0, -1.0, 1.0, -1.0, 2.0, 1.0, 0.0, 2.0, -1.0, 0.0, 3.0, 2.0, -1.0, 3.0, 3.0, -1.0, 2.0, 0.0, -1.0, 3.0, 3.0, 3.0, 2.0, 0.0, 1.0, 0.0, 3.0, 3.0, 0.0, 0.0, 0.0, -1.0, -1.0, 1.0, 2.0, 2.0, 0.0, 1.0, -1.0, -1.0, -1.0, -1.0, 500.0, 99565.0
2.0, 3.0, 0.0, 0.0, -1.0, 2.0, 0.0, 2.0, 3.0, -1.0, 1.0, 2.0, 1.0, 1.0, 0.0, 0.0, 0.0, 0.0, 1.0, 1.0, 2.0, 3.0, 3.0, -1.0, -1.0, 1.0, -1.0, 0.0, 1.0, 0.0, 2.0, 2.0, 3.0, 3.0, 3.0, 2.0, -1.0, 0.0, -1.0, 0.0, -1.0, 3.0, -1.0, -1.0, 1.0, 2.0, 1.0, 2.0, 1.0, -1.0, 560.0, 99510.0
3.0, 0.0, 2.0, 0.0, 0.0, 3.0, 2.0, 0.0, 3.0, -1.0, 2.0, 3.0, 1.0, 2.0, 3.0, 3.0, 1.0, -1.0, 0.0, 0.0, -1.0, 3.0, 1.0, 2.0, 0.0, 1.0, 2.0, 2.0, 1.0, 3.0, 1.0, 3.0, 1.0, 1.0, 2.0, 2.0, 1.0, 0.0, -1.0, 0.0, 1.0, 0.0, -1.0, 3.0, 0.0, -1.0, 1.0, 2.0, 1.0, -1.0, 618.0, 99474.0
2.0, 3.0, 0.0, 1.0, -1.0, 0.0, 1.0, 2.0, 3.0, -1.0, 1.0, 2.0, 0.0, 1.0, 1.0, 0.0, 0.0, 0.0, 1.0, 1.0, 2.0, 3.0, 3.0, -1.0, 2.0, 1.0, 0.0, 0.0, 1.0, 3.0, 2.0, 2.0, 3.0, 3.0, 3.0, 2.0, -1.0, 0.0, -1.0, 0.0, -1.0, 3.0, -1.0, -1.0, -1.0, 2.0, 1.0, 2.0, -1.0, -1.0, 552.0, 99514.0
2.0, 3.0, 0.0, 0.0, -1.0, 2.0, 0.0, 2.0, 3.0, -1.0, 1.0, 2.0, 1.0, 1.0, 0.0, 0.0, 0.0, 0.0, 1.0, 1.0, 2.0, 3.0, 3.0, -1.0, -1.0, 1.0, -1.0, 0.0, 1.0, 0.0, 2.0, 2.0, 3.0, 3.0, 3.0, 2.0, -1.0, 0.0, -1.0, 0.0, -1.0, 3.0, -1.0, -1.0, 1.0, 2.0, 1.0, 2.0, 1.0, -1.0, 560.0, 99510.0
2.0, 3.0, 0.0, 1.0, -1.0, 0.0, 1.0, 0.0, 3.0, -1.0, 1.0, 2.0, 2.0, 1.0, 1.0, 0.0, 0.0, 0.0, 1.0, 1.0, 2.0, 3.0, 3.0, -1.0, 0.0, 1.0, -1.0, 0.0, 1.0, 0.0, 0.0, 2.0, 3.0, 3.0, 3.0, 2.0, -1.0, 0.0, -1.0, 0.0, -1.0, 3.0, -1.0, -1.0, 1.0, 2.0, 1.0, 2.0, -1.0, -1.0, 557.0, 99512.0
3.0, 2.0, 3.0, 1.0, 1.0, -1.0, 1.0, 3.0, -1.0, -1.0, -1.0, 1.0, 2.0, 0.0, -1.0, -1.0, 0.0, -1.0, 0.0, 1.0, 1.0, 1.0, 0.0, -1.0, 2.0, 3.0, 0.0, 3.0, -1.0, 0.0, 1.0, -1.0, -1.0, 0.0, 0.0, 0.0, 2.0, 1.0, 3.0, 2.0, 1.0, 2.0, 0.0, -1.0, -1.0, -1.0, 1.0, 2.0, 2.0, -1.0, 503.0, 99560.0
2.0, 3.0, 0.0, 1.0, -1.0, 0.0, 1.0, 0.0, 3.0, -1.0, 1.0, 2.0, 2.0, 1.0, 1.0, 0.0, 0.0, 0.0, 1.0, 1.0, 2.0, 3.0, 3.0, -1.0, 2.0, 1.0, -1.0, 0.0, 1.0, 0.0, 0.0, 2.0, 3.0, 3.0, 3.0, 2.0, -1.0, 0.0, -1.0, 0.0, -1.0, 3.0, -1.0, -1.0, 1.0, 2.0, 1.0, 2.0, 0.0, -1.0, 570.0, 99498.0
-1.0, 0.0, 2.0, 1.0, -1.0, -1.0, 1.0, 2.0, 1.0, -1.0, 1.0, -1.0, 2.0, 1.0, 0.0, 2.0, -1.0, 1.0, 3.0, 2.0, -1.0, 1.0, 3.0, -1.0, 0.0, 0.0, -1.0, 3.0, 3.0, 3.0, 2.0, 0.0, 1.0, 0.0, 3.0, 3.0, 0.0, 1.0, 0.0, -1.0, -1.0, 1.0, 2.0, 2.0, 0.0, 1.0, -1.0, -1.0, -1.0, -1.0, 500.0, 99565.0
3.0, 2.0, 3.0, 1.0, 1.0, -1.0, 1.0, 3.0, -1.0, -1.0, -1.0, 1.0, 2.0, 0.0, -1.0, -1.0, 0.0, -1.0, 0.0, 1.0, 1.0, 1.0, 0.0, -1.0, 2.0, 3.0, -1.0, 3.0, -1.0, 0.0, 1.0, -1.0, -1.0, 0.0, 0.0, 0.0, 2.0, 1.0, 3.0, 2.0, 1.0, 2.0, 0.0, -1.0, -1.0, -1.0, 1.0, 2.0, 2.0, -1.0, 490.0, 99570.0
3.0, 2.0, 3.0, 1.0, 1.0, -1.0, 0.0, 3.0, -1.0, -1.0, -1.0, 1.0, 2.0, 0.0, -1.0, -1.0, 0.0, -1.0, 0.0, 2.0, 1.0, 1.0, 0.0, -1.0, 2.0, 3.0, -1.0, 2.0, -1.0, 0.0, 1.0, -1.0, -1.0, 0.0, 0.0, 0.0, 2.0, 1.0, -1.0, 2.0, 1.0, 2.0, 0.0, -1.0, -1.0, -1.0, 1.0, 2.0, 2.0, -1.0, 472.0, 99579.0
2.0, 3.0, 0.0, 1.0, -1.0, 0.0, 1.0, 2.0, 3.0, -1.0, 1.0, 2.0, 1.0, 1.0, 1.0, 0.0, 0.0, 0.0, 1.0, 3.0, 2.0, 3.0, 3.0, -1.0, 2.0, 1.0, 0.0, 0.0, 1.0, 0.0, 2.0, 2.0, 3.0, 3.0, 3.0, 2.0, -1.0, 0.0, -1.0, 0.0, -1.0, 3.0, -1.0, -1.0, -1.0, 2.0, 1.0, 2.0, -1.0, -1.0, 552.0, 99514.0
-1.0, 0.0, 2.0, 1.0, -1.0, -1.0, 1.0, 2.0, 1.0, -1.0, 1.0, -1.0, 2.0, 1.0, 0.0, 2.0, -1.0, 1.0, 3.0, 2.0, -1.0, 1.0, 3.0, -1.0, 2.0, 0.0, -1.0, 3.0, 3.0, 3.0, 2.0, 0.0, 1.0, 0.0, 3.0, 3.0, 0.0, 1.0, 0.0, -1.0, -1.0, 1.0, 2.0, 2.0, 0.0, 1.0, -1.0, -1.0, 0.0, -1.0, 513.0, 99551.0
-1.0, 1.0, 0.0, 1.0, 1.0, 1.0, 1.0, 0.0, 2.0, -1.0, 2.0, 3.0, 0.0, 1.0, 0.0, 3.0, 3.0, -1.0, 0.0, 1.0, 2.0, 2.0, 2.0, 2.0, 0.0, 3.0, -1.0, 1.0, 3.0, 3.0, 3.0, 0.0, -1.0, 1.0, 0.0, 0.0, 1.0, 2.0, 2.0, 3.0, -1.0, 0.0, 0.0, 1.0, -1.0, 3.0, 3.0, 2.0, -1.0, -1.0, 590.0, 99493.0
3.0, 2.0, 3.0, 1.0, 1.0, -1.0, 1.0, 3.0, -1.0, -1.0, -1.0, 1.0, 2.0, 0.0, -1.0, -1.0, 0.0, -1.0, 0.0, 1.0, 1.0, 1.0, 0.0, -1.0, 2.0, 3.0, -1.0, 3.0, -1.0, 0.0, 1.0, -1.0, -1.0, 0.0, 0.0, 0.0, 2.0, 1.0, 3.0, 2.0, 1.0, 2.0, 0.0, -1.0, -1.0, -1.0, 1.0, 2.0, 2.0, -1.0, 490.0, 99570.0
3.0, 0.0, 2.0, 0.0, 0.0, 3.0, 2.0, 0.0, 3.0, -1.0, 2.0, 3.0, 1.0, 2.0, 3.0, 3.0, 1.0, -1.0, 0.0, 0.0, -1.0, 3.0, 1.0, 2.0, 0.0, 1.0, 2.0, 2.0, 1.0, 3.0, 1.0, 3.0, 1.0, 1.0, 2.0, 2.0, 1.0, 0.0, -1.0, 0.0, 1.0, 0.0, -1.0, 3.0, 0.0, -1.0, 1.0, 2.0, 1.0, -1.0, 618.0, 99474.0
-1.0, 0.0, 2.0, 1.0, -1.0, -1.0, 1.0, 2.0, 1.0, -1.0, 1.0, -1.0, 2.0, 1.0, 0.0, 2.0, -1.0, 1.0, 3.0, 2.0, -1.0, 1.0, 3.0, -1.0, 2.0, 0.0, -1.0, 3.0, 3.0, 3.0, 2.0, 0.0, 1.0, 0.0, 3.0, 3.0, 0.0, 0.0, 0.0, -1.0, -1.0, 3.0, 2.0, 2.0, 0.0, 1.0, -1.0, -1.0, 0.0, -1.0, 513.0, 99551.0
3.0, 2.0, 3.0, 1.0, 1.0, -1.0, 1.0, 3.0, -1.0, -1.0, -1.0, 1.0, 2.0, 0.0, -1.0, -1.0, 0.0, -1.0, 0.0, 1.0, 2.0, 1.0, 0.0, -1.0, 2.0, 3.0, -1.0, 3.0, -1.0, 0.0, 1.0, -1.0, -1.0, 0.0, 0.0, 0.0, 2.0, 1.0, 3.0, 2.0, 1.0, 2.0, 0.0, -1.0, -1.0, -1.0, 1.0, 2.0, 2.0, -1.0, 490.0, 99570.0
-1.0, 0.0, 2.0, 1.0, -1.0, -1.0, 1.0, 0.0, 1.0, -1.0, 1.0, -1.0, 2.0, 1.0, 0.0, 2.0, -1.0, 1.0, 3.0, 2.0, -1.0, 1.0, 3.0, -1.0, 2.0, 0.0, -1.0, 3.0, 3.0, 3.0, 2.0, 0.0, 1.0, 3.0, 3.0, 3.0, 0.0, 1.0, 0.0, -1.0, -1.0, 1.0, 2.0, 2.0, 0.0, 1.0, -1.0, -1.0, 0.0, -1.0, 513.0, 99551.0
3.0, 2.0, 3.0, 1.0, 1.0, -1.0, 1.0, 3.0, -1.0, -1.0, -1.0, 1.0, 2.0, 0.0, -1.0, -1.0, 0.0, -1.0, 0.0, 1.0, 1.0, 1.0, 0.0, -1.0, 2.0, 3.0, -1.0, 3.0, -1.0, 0.0, 1.0, -1.0, -1.0, 0.0, 0.0, 0.0, 2.0, 1.0, 3.0, 2.0, 1.0, 2.0, 0.0, -1.0, -1.0, -1.0, 1.0, 2.0, 2.0, -1.0, 490.0, 99570.0
2.0, 3.0, 0.0, 0.0, -1.0, 2.0, 0.0, 2.0, 3.0, -1.0, 1.0, 2.0, 1.0, 1.0, 0.0, 0.0, 0.0, 0.0, 1.0, 1.0, 2.0, 3.0, 3.0, -1.0, -1.0, 1.0, -1.0, 0.0, 1.0, 0.0, 2.0, 2.0, 3.0, 3.0, 3.0, 2.0, -1.0, 0.0, -1.0, 0.0, -1.0, 3.0, -1.0, -1.0, 1.0, 2.0, 1.0, 2.0, 1.0, -1.0, 560.0, 99510.0
3.0, 2.0, 3.0, 1.0, 1.0, 1.0, 0.0, 3.0, -1.0, -1.0, -1.0, 1.0, 2.0, 0.0, -1.0, -1.0, 0.0, -1.0, 0.0, 2.0, 1.0, 2.0, 0.0, -1.0, 2.0, 3.0, -1.0, 3.0, -1.0, 0.0, 1.0, -1.0, -1.0, 0.0, 0.0, 0.0, 2.0, 1.0, 3.0, 2.0, 1.0, 2.0, 0.0, -1.0, -1.0, -1.0, 1.0, 2.0, 2.0, -1.0, 504.0, 99559.0
-1.0, 0.0, 2.0, 1.0, -1.0, -1.0, 1.0, 2.0, 1.0, -1.0, 1.0, -1.0, 2.0, 1.0, 0.0, 2.0, -1.0, 1.0, 3.0, 2.0, -1.0, 1.0, 3.0, -1.0, 2.0, 0.0, -1.0, 3.0, 3.0, 3.0, 0.0, 0.0, 1.0, 0.0, 3.0, 3.0, 2.0, 1.0, 0.0, -1.0, -1.0, 1.0, 2.0, 2.0, 0.0, 1.0, -1.0, -1.0, 0.0, -1.0, 513.0, 99551.0
-1.0, 0.0, 2.0, 1.0, -1.0, -1.0, 1.0, 2.0, 1.0, -1.0, 1.0, -1.0, 2.0, 1.0, 0.0, 2.0, -1.0, 0.0, 3.0, 2.0, -1.0, 3.0, 3.0, -1.0, 2.0, 0.0, -1.0, 3.0, 3.0, 3.0, 2.0, 0.0, 1.0, 0.0, 3.0, 3.0, 0.0, 0.0, 0.0, -1.0, -1.0, 1.0, 2.0, 2.0, 0.0, 1.0, -1.0, -1.0, -1.0, -1.0, 500.0, 99565.0
3.0, 2.0, 3.0, 1.0, 1.0, -1.0, 1.0, 3.0, -1.0, -1.0, -1.0, 1.0, 2.0, 0.0, -1.0, -1.0, 0.0, -1.0, 0.0, 1.0, 2.0, 1.0, 0.0, -1.0, 0.0, 3.0, -1.0, 3.0, -1.0, 3.0, 1.0, -1.0, -1.0, 3.0, 0.0, 0.0, 2.0, 1.0, 3.0, 2.0, 1.0, 2.0, 0.0, -1.0, -1.0, -1.0, 1.0, 2.0, 2.0, -1.0, 490.0, 99570.0
