0.261503136777, 0.862316760164, 87.23068988, 0.628153585312, 40.8640439101, 12.5189818295, 0.765839423353, 4.01156946568, 6.38187684801, 1824.96586399, 0.0167585338391
0.748812761523, 0.868728935727, 80.5182899213, 0.471379103831, 10.0737983304, 4.49370137505, 0.555483866454, 2.32930727809, 6.63782730639, 1737.2106672, 0.132423500513
0.206304100633, 0.904100458396, 85.133293966, 0.684756029204, 52.5823745807, 1.25170532937, 0.30187538399, 0.625879240781, 4.70768856222, 2985.02914949, 0.0128734229693
0.48207393567, 0.837781170723, 91.2956659958, 0.555144652219, 51.4510436755, 1.54571047003, 0.30187538399, 2.1247033422, 14.0202833242, 1568.48357296, 0.134002092448
0.205210488389, 0.843546995551, 80.2801296969, 0.602408553121, 87.2292636024, 46.3989645864, 0.905387909008, 1.6362763603, 7.45878677299, 1693.0194554, 0.384894713687
0.285126491395, 0.858579432969, 83.0462911344, 0.472535505296, 59.7182509017, 4.38761777619, 0.36614851764, 1.65338682236, 14.023833949, 2269.57217534, 0.116032582288
0.198386333676, 0.851163520842, 86.0264063987, 0.46641312185, 45.4167427693, 11.5181161022, 0.728828953518, 3.39388986565, 13.1177777178, 2200.6993065, 0.127261306853
0.189035133116, 0.837781170723, 80.3246266459, 0.60956508701, 44.6322914819, 45.4180819037, 0.30187538399, 0.478402830485, 16.8376226228, 1742.80047619, 0.251159858741
0.285126491395, 0.858579432969, 80.6663656811, 0.66621623887, 59.7182509017, 5.13251041553, 1.30388617493, 1.65338682236, 14.023833949, 3109.8596593, 0.0665753093273
0.206304100633, 0.904100458396, 85.133293966, 0.684756029204, 52.5823745807, 1.25170532937, 1.64517738259, 0.625879240781, 4.70768856222, 3683.09418273, 0.0298357340652
0.206304100633, 1.09470299394, 88.2554675994, 0.629371064847, 80.7292011298, 1.25170532937, 1.0195991128, 0.734654078593, 8.55627175196, 11337.2911342, 0.0222275974015
0.169073582673, 0.895369127939, 81.6608248337, 0.412152909392, 26.6935887875, 5.00167378559, 0.479146962558, 1.13684163007, 8.42289639631, 3454.40482026, 0.0539568517655
0.499814795817, 0.940848885362, 83.8496597183, 0.619120690818, 28.4839835754, 15.4274776095, 0.894952325822, 0.451069259199, 2.50027257341, 1749.18807303, 0.281833839007
0.457342706921, 1.12253503022, 80.5976565384, 0.501457496608, 90.471614583, 3.16777475515, 0.180957979852, 1.80845880386, 16.3056116118, 4908.18483846, 0.0351212687571
0.587495647618, 0.988867818509, 91.6890993156, 0.667108748442, 29.2310802495, 2.97583435059, 0.595703967886, 4.9526729994, 17.9254520649, 4224.10781872, 0.0416436315782
0.748812761523, 0.868728935727, 80.5182899213, 0.626229239796, 10.0737983304, 4.49370137505, 0.555483866454, 2.69620549094, 6.63782730639, 3139.34137425, 0.0937618006578
0.206304100633, 1.09470299394, 88.2554675994, 0.629371064847, 80.7292011298, 1.25170532937, 1.0195991128, 0.734654078593, 8.55627175196, 13026.2453835, 0.0300040826498
0.476762819295, 0.84778623602, 89.8906084646, 0.412152909392, 94.3635881285, 26.5605855142, 0.479146962558, 3.89790274512, 3.50496496775, 1872.09930993, 0.220299749537
0.285126491395, 0.858579432969, 80.6663656811, 0.472535505296, 59.7182509017, 4.38761777619, 0.36614851764, 1.65338682236, 14.023833949, 2199.83722382, 0.161261153631
0.124662327724, 0.841482703381, 93.6963964187, 0.663330421494, 74.5383427719, 36.8896961665, 0.241089458422, 1.50884189246, 11.0892706607, 1985.87797134, 0.195159683812
0.522660490637, 0.961392499741, 93.7791114192, 0.425182001606, 51.9463675475, 2.88897337018, 0.181426444342, 1.95319543669, 9.19735769228, 3844.62700946, 0.0583100583343
0.198386333676, 0.851163520842, 86.0264063987, 0.46641312185, 45.4167427693, 16.2966788946, 0.906105149976, 3.39388986565, 13.1177777178, 1934.56822758, 0.241087723819
0.264952058499, 0.858579432969, 83.0462911344, 0.66621623887, 59.7182509017, 5.13251041553, 1.30388617493, 1.65338682236, 13.5716922934, 3654.57049584, 0.0816627166049
0.169073582673, 0.895369127939, 81.6608248337, 0.642750984394, 50.0414818641, 5.00167378559, 1.32260811622, 1.13684163007, 8.42289639631, 5659.63044457, 0.0459461206792
0.214539770805, 0.874467189828, 89.3508671174, 0.686709651242, 60.6140358697, 11.5181161022, 0.728828953518, 1.05684963849, 14.0002131565, 2546.46289904, 0.143826909945
0.670855790228, 0.843546995551, 83.7540239156, 0.602408553121, 84.6609836883, 46.3989645864, 0.905387909008, 1.6362763603, 7.45878677299, 1933.65451945, 0.563251917858
0.251140354454, 1.22529934411, 94.3014261688, 0.638262510282, 46.03282074, 8.42344627982, 0.201828141321, 2.22821736719, 8.99620116623, 13611.2227637, 0.0552637709043
0.218175332166, 0.859295253487, 93.6963964187, 0.663330421494, 74.5383427719, 40.324425745, 0.241089458422, 2.94478046871, 2.56714079157, 1946.67869942, 0.395759924428
0.214539770805, 0.874467189828, 90.6614407959, 0.686709651242, 60.6140358697, 11.5181161022, 0.728828953518, 1.05684963849, 14.0002131565, 2371.89502573, 0.179906964817
0.189035133116, 0.837781170723, 80.3246266459, 0.60956508701, 44.6322914819, 45.4180819037, 0.30187538399, 0.852890469136, 16.8376226228, 1949.18474311, 0.477385272976
0.478048436637, 0.858727277572, 88.0287592475, 0.586024865861, 47.6059072669, 11.8646716526, 0.378284712422, 2.23892701478, 10.6962943905, 2134.085272, 0.298848646721
0.871530823842, 0.82652655774, 84.0964896496, 0.690155820796, 66.8883419059, 16.7210151561, 0.548139149499, 3.93233193904, 2.50027257341, 2059.06055836, 0.398622937665
0.863445615772, 0.822270617055, 81.4861781403, 0.664286516992, 21.0185247165, 45.0330295277, 0.842335119688, 2.40190148759, 4.34535872701, 2062.31550134, 0.485094936226
0.281919247235, 1.17786694715, 93.5428494208, 0.537038940662, 95.7836853293, 5.78065686489, 0.816009243688, 3.38387355206, 15.7903477657, 13902.3590153, 0.0723903267637
0.499814795817, 0.940848885362, 83.8496597183, 0.619120690818, 28.4839835754, 15.4274776095, 0.894952325822, 0.451069259199, 2.50027257341, 2258.44536012, 0.276532762411
0.236578675748, 0.895369127939, 91.9134648969, 0.642750984394, 50.0414818641, 5.00167378559, 1.32260811622, 0.196030294274, 8.42289639631, 4348.77148588, 0.0974096382573
0.862316671436, 0.822385534326, 87.3755504864, 0.625094782643, 58.5464951273, 24.8476450699, 0.534118888601, 3.97979263114, 8.15007553508, 2137.84565277, 0.61947461852
0.197804155162, 1.22529934411, 94.5152078933, 0.638262510282, 46.03282074, 8.42344627982, 0.616033325087, 2.22821736719, 8.99620116623, 13472.1861526, 0.088152791757
0.236578675748, 0.895369127939, 80.7969494881, 0.642750984394, 50.0414818641, 5.00167378559, 1.32260811622, 0.196030294274, 8.42289639631, 4571.56711292, 0.116020223758
0.48207393567, 1.24615275853, 91.2956659958, 0.555144652219, 51.4510436755, 1.89205972272, 0.0481474164514, 2.1247033422, 14.0202833242, 17031.9602704, 0.0889782698591
0.15544994441, 0.920245590452, 92.6404632138, 0.438900898404, 96.5335932579, 21.4160642937, 0.719618292579, 3.28238010341, 19.2985823067, 2988.19894252, 0.199111429124
0.476762819295, 0.84098803264, 89.8906084646, 0.642750984394, 94.3635881285, 26.5605855142, 1.32260811622, 3.89790274512, 3.50496496775, 3552.07594374, 0.145683115744
0.198386333676, 0.851163520842, 86.7443391799, 0.46641312185, 45.4167427693, 16.2966788946, 1.01365296818, 3.39388986565, 13.1177777178, 3412.94952708, 0.166356695964
0.48207393567, 1.22203961677, 91.2956659958, 0.617133130517, 51.4510436755, 1.89205972272, 1.01085407437, 2.1247033422, 8.30852586356, 18028.5572476, 0.102959003443
0.193916574476, 1.22487792577, 93.6776254615, 0.487260256736, 45.4474403918, 5.091707296, 1.34684113603, 4.45997419916, 5.83146467653, 26549.7116679, 0.101482951791
0.528306047198, 1.25087789517, 90.7214395839, 0.615261926756, 76.8441131158, 6.52830987979, 1.03690781565, 4.56060953892, 8.24987603289, 17760.269654, 0.106071356784
0.116119328808, 1.25021484873, 82.2611412418, 0.418428124039, 20.5922249772, 10.3973338336, 1.1603014371, 2.48412745575, 18.5579424206, 20437.6629793, 0.104550088379
0.197804155162, 1.22529934411, 94.3014261688, 0.638262510282, 46.03282074, 8.42344627982, 1.1119476525, 2.22821736719, 8.99620116623, 25075.342506, 0.112768835268
0.478048436637, 0.858727277572, 88.1405383666, 0.586024865861, 47.6059072669, 11.8646716526, 0.378284712422, 2.23892701478, 10.6962943905, 3353.84141821, 0.185274298764
0.251140354454, 0.94016384764, 80.2347769858, 0.680477532834, 27.1013542109, 14.0624417003, 0.201828141321, 1.85893660903, 19.6640279642, 3101.39910682, 0.233323338521
0.476762819295, 0.84778623602, 89.8906084646, 0.412152909392, 94.3635881285, 26.5605855142, 0.479146962558, 3.89790274512, 3.50496496775, 2411.2753526, 0.384188568928
0.198386333676, 0.851163520842, 86.7443391799, 0.46641312185, 45.4167427693, 16.2966788946, 0.906105149976, 3.39388986565, 13.1177777178, 2474.0338947, 0.32278441903
0.212349416977, 0.918547729273, 91.094905622, 0.630493629824, 91.1489806412, 8.81812862012, 1.55662789702, 2.23263471748, 5.91059142361, 5826.33880558, 0.118096668987
0.867767775057, 0.900814023427, 89.2058297881, 0.444307580292, 98.7914285784, 24.5571886086, 0.467031688731, 1.05772676307, 8.71751979233, 2322.29624556, 0.425334083564
0.212349416977, 0.918547729273, 91.094905622, 0.630493629824, 91.1489806412, 8.81812862012, 1.55662789702, 2.23263471748, 5.91059142361, 6215.9185602, 0.123942394818
0.862316671436, 0.822385534326, 87.3755504864, 0.625094782643, 58.5464951273, 24.8476450699, 0.534118888601, 3.97979263114, 8.15007553508, 2360.95415548, 0.448282361769
0.172856572891, 1.02733173019, 93.6776254615, 0.67028087119, 37.2353636033, 16.2618945974, 0.475095609657, 0.17883086542, 5.28535136806, 5637.32159613, 0.130875411411
0.122826872851, 1.02175849009, 81.3283357661, 0.633725298035, 58.0655092493, 26.4541390477, 0.816431057319, 3.75333180855, 7.25212396677, 5731.38661439, 0.127702943669
0.871530823842, 0.858727277572, 84.0964896496, 0.690155820796, 66.8883419059, 16.7210151561, 0.548139149499, 3.93233193904, 2.50027257341, 2539.653382, 0.387748071276
0.261503136777, 0.868728935727, 91.4111435336, 0.628153585312, 40.8640439101, 12.5189818295, 0.765839423353, 4.01156946568, 6.38187684801, 3710.11293123, 0.161193700629
0.281919247235, 1.17489929499, 93.3952253322, 0.537038940662, 95.7836853293, 5.06102893256, 1.45736567918, 4.84931003345, 15.7903477657, 22112.1108326, 0.120761857107
0.457342706921, 1.12253503022, 80.5976565384, 0.501457496608, 90.471614583, 3.16777475515, 0.180957979852, 1.80845880386, 16.3056116118, 5943.29085886, 0.130469361166
0.871530823842, 0.821995268161, 84.066192802, 0.566066767956, 66.8883419059, 16.7210151561, 0.548139149499, 3.93233193904, 17.6357764703, 2448.56846884, 0.470601415492
0.871530823842, 0.82652655774, 84.066192802, 0.566066767956, 66.8883419059, 16.7210151561, 0.548139149499, 3.93233193904, 17.6357764703, 2418.58102425, 0.508763008889
0.251140354454, 0.94016384764, 80.2347769858, 0.680477532834, 27.1013542109, 14.0624417003, 0.201828141321, 1.85893660903, 19.6640279642, 4176.05670174, 0.160556571251
0.214539770805, 0.874467189828, 90.6614407959, 0.686709651242, 60.6140358697, 16.2966788946, 0.906105149976, 1.05684963849, 14.0002131565, 3064.3793206, 0.290749615957
0.735683560792, 0.84778623602, 89.8906084646, 0.412152909392, 58.0526490912, 26.5605855142, 0.479146962558, 3.89790274512, 6.06740774806, 2661.30304542, 0.390714278156
0.773765741388, 0.961299874257, 87.55636241, 0.628153585312, 78.5295915013, 21.415559048, 0.765839423353, 1.25900372788, 6.38187684801, 2477.1230557, 0.541258285983
0.261503136777, 0.862316760164, 87.23068988, 0.472724855321, 40.8640439101, 12.5189818295, 1.55925310704, 4.01156946568, 15.4216439282, 4459.93932544, 0.144306462898
0.218175332166, 0.859295253487, 93.6963964187, 0.663330421494, 74.5383427719, 36.8896961665, 0.241089458422, 1.50884189246, 11.0892706607, 2863.40779282, 0.443062014503
0.478048436637, 0.858727277572, 92.4736769911, 0.472724855321, 47.6059072669, 11.8646716526, 0.378284712422, 2.23892701478, 10.6962943905, 3066.94682561, 0.375772043953
0.708348478968, 1.15168628073, 92.4777642992, 0.401036305456, 78.6835713461, 4.02068231266, 1.84835130844, 3.83169171636, 1.84134806719, 15542.4999973, 0.131166294703
0.287641046093, 0.951001982813, 94.4992449337, 0.690534769076, 55.5029153087, 26.8501496623, 0.0817706543488, 2.05988016722, 15.8860230667, 5700.47390245, 0.141156010832
0.610005762312, 0.854493972728, 82.0152881322, 0.422779002989, 10.2127535984, 47.947848911, 1.6415965232, 3.01161631677, 4.21093390267, 2602.73112101, 0.505987427978
0.218175332166, 0.841482703381, 93.6963964187, 0.663330421494, 74.5383427719, 36.8896961665, 0.241089458422, 1.50884189246, 2.56714079157, 3207.83599964, 0.253912203165
0.487420509419, 0.822270617055, 81.4861781403, 0.664286516992, 21.0185247165, 45.0330295277, 0.842335119688, 1.5332370721, 4.34535872701, 2625.32763321, 0.511776721264
0.346191078346, 0.984267201741, 85.9803874832, 0.47879076379, 31.2203136733, 24.5571886086, 0.382035662515, 2.3447909136, 2.31921886204, 3586.03581092, 0.211883347972
0.748812761523, 0.868728935727, 80.5182899213, 0.626229239796, 10.0737983304, 4.49370137505, 1.65942370508, 2.69620549094, 19.0475195411, 3273.51294888, 0.272662838223
0.172856572891, 1.02733173019, 92.4483786902, 0.67028087119, 37.2353636033, 16.2618945974, 0.475095609657, 0.960740142567, 5.28535136806, 6588.88915722, 0.136319117089
0.214539770805, 0.967501591434, 89.3508671174, 0.686709651242, 60.6140358697, 11.5181161022, 0.629794373219, 1.05684963849, 14.0002131565, 4972.80156161, 0.152200967489
0.197804155162, 0.94016384764, 80.2347769858, 0.680477532834, 27.1013542109, 14.0624417003, 1.1119476525, 1.85893660903, 19.6640279642, 5402.31656794, 0.159694497362
0.261742186154, 0.884180361312, 81.0592665649, 0.402366112447, 45.4598230245, 12.2895940067, 1.56029882156, 4.84931003345, 18.1957487851, 4256.55728971, 0.174095841439
0.287641046093, 0.951001982813, 94.4992449337, 0.690534769076, 55.5029153087, 26.8501496623, 0.158441416366, 2.05988016722, 15.8860230667, 3257.41365854, 0.33982891856
0.122826872851, 1.02175849009, 81.3283357661, 0.633725298035, 58.0655092493, 26.4541390477, 0.816431057319, 3.75333180855, 1.66038373886, 4125.32269983, 0.197378144826
0.212349416977, 0.894804987315, 91.094905622, 0.630493629824, 47.9500197407, 8.81812862012, 1.55662789702, 2.23263471748, 5.91059142361, 4358.11294435, 0.175003376573
0.62563917478, 0.880370703004, 84.955688498, 0.462374424788, 80.9703248674, 6.37115656433, 1.88871908489, 0.677182070074, 16.4669507243, 3540.57163156, 0.276282718501
0.432363756265, 1.18345518287, 84.0751845876, 0.639731022941, 26.152135557, 10.9762315725, 0.56714677805, 0.023758882611, 4.09140301516, 9957.14771673, 0.151504500593
0.413455937074, 0.822385534326, 94.8226776641, 0.613442578328, 2.87764289216, 11.5019321405, 1.15738575856, 3.52617765026, 10.2317208205, 3391.25536965, 0.324574568486
0.587495647618, 0.894714608087, 89.7051932273, 0.682856682303, 87.2060051425, 26.7447213553, 0.301580154259, 3.51291342776, 14.5642273285, 3956.74254335, 0.215574396426
0.613972679314, 1.07505672966, 80.2805902749, 0.613437835271, 40.0762328055, 2.68592916695, 1.01085407437, 3.8906538809, 10.1671114283, 11018.9336268, 0.153011590453
0.212349416977, 0.918547729273, 91.094905622, 0.630493629824, 47.9500197407, 8.81812862012, 1.55662789702, 2.23263471748, 5.91059142361, 5318.2954802, 0.167661815234
0.48207393567, 1.22203961677, 91.2956659958, 0.617133130517, 51.4510436755, 1.89205972272, 0.0481474164514, 2.1247033422, 8.30852586356, 11633.4903739, 0.154509951096
0.802535352899, 1.05428745977, 91.9504882697, 0.451448930219, 61.7498770914, 9.75932449398, 0.338974656417, 2.54709146678, 1.05529242864, 3654.73929763, 0.275054231971
0.261742186154, 0.884180361312, 81.7810368382, 0.451448930219, 45.4598230245, 12.2895940067, 1.56029882156, 4.84931003345, 7.99212498659, 3986.60350937, 0.22457865014
0.251140354454, 0.94016384764, 82.8794336098, 0.680477532834, 27.1013542109, 14.0624417003, 0.201828141321, 1.85893660903, 19.6640279642, 3898.80903936, 0.238326878758
0.261742186154, 0.884180361312, 81.7810368382, 0.451448930219, 45.4598230245, 12.2895940067, 1.56029882156, 3.38387355206, 7.99212498659, 4054.4823116, 0.227477992293
0.788649448107, 0.833858860055, 80.6956132395, 0.616556062767, 0.154188483297, 42.4341935358, 1.98593914941, 3.78206867934, 17.1985379828, 3199.85770434, 0.546317166754
0.610005762312, 0.854493972728, 82.0152881322, 0.407994527335, 59.9070656767, 47.947848911, 1.6415965232, 3.01161631677, 4.21093390267, 3140.93714708, 0.580680007005
0.587495647618, 0.894714608087, 89.7051932273, 0.682856682303, 87.2060051425, 26.7447213553, 0.301580154259, 3.51291342776, 14.5642273285, 3289.40591035, 0.432869645807
0.802535352899, 1.05428745977, 91.9504882697, 0.402366112447, 61.7498770914, 9.75932449398, 0.338974656417, 2.54709146678, 1.33984765729, 4820.18880375, 0.190108605738
