1.26992634271, 1.00000092118, 1.4878010847, 1.10553664162, 3.74311381875, 0.99764635681, 2.91146504114, 1.24763534532, 0.948195808401, 5.62450942444, 4.76812161766, 0.902190700497, 2.5699657078, 1.00232799554, 1.09000064169, 1.09206915557, 1.04434838528, 1.09046798768, 3.21770282674, 1.05528508283, 0.87160072626, 508.881832078, 1.19192439166, 1.08793431332, 0.993756111715, 3.25382629993, 0.949032404383, 56.6374538377, 43435.2256036
2.21297236038, 1.00000019717, 1.7207249108, 1.11128508471, 6.27964919699, 0.913450099731, 5.78941389729, 1.25217316449, 0.998729418064, 2.72580773742, 4.74291760453, 0.951109406904, 1.08338285658, 0.895649509433, 1.09000062302, 1.05424798051, 1.00407669338, 1.22098023179, 6.23618257829, 1.12509044457, 0.974700255491, 669.867950442, 1.14453196267, 2.14164824285, 1.03514794996, 3.35737169582, 1.01378057889, 35.3083616214, 63533.2957431
3.9421903403, 1.00000042934, 1.37829509842, 0.888161552375, 6.20536212378, 0.923928368524, 1.39955553514, 1.2449975766, 0.980493254301, 5.55388342376, 4.83349169368, 1.01368018941, 3.77830139716, 0.870489635279, 1.09000012515, 1.08107584763, 1.0402303871, 1.17722185675, 9.4000861474, 1.0568818751, 0.963931760668, 722.870233035, 1.13496720171, 1.73734411854, 1.01638301666, 3.23044013193, 0.888265467483, 29.0967659105, 4914.68218015
5.49252450978, 1.00000080797, 1.37758867743, 1.07700991946, 2.43096485693, 0.921980281563, 2.51651837803, 1.25810027881, 0.919378754443, 4.59043882489, 5.2509815188, 0.891524623671, 1.43025481549, 1.09129474728, 1.09000000288, 1.09588935482, 1.01655177876, 0.864145606909, 6.87450158449, 1.04827304563, 0.904532134528, 990.16889371, 1.13108234923, 2.53619246686, 1.15132262464, 1.7325277741, 0.910049114289, 22.3046294049, 6038.06258908
1.26449682326, 1.00000038746, 1.50778598381, 0.948469750703, 6.15424175193, 0.762435110481, 3.04373933948, 1.19224272082, 0.924324726675, 5.20828953958, 4.6976917702, 0.998549920635, 1.23689385599, 1.10339559071, 1.09000085767, 1.05172384183, 1.0271363911, 1.1925875287, 4.24467209298, 1.06574073969, 0.958389518628, 592.174956846, 1.17422475465, 3.84598872464, 1.22066258056, 1.89728935527, 1.14200924534, 19.2988847016, 369.113687553
3.18667687359, 1.00000088727, 1.59740969645, 0.899901282904, 3.67841641005, 0.825756370326, 2.65577465865, 1.21843085334, 0.935816026423, 2.60885718645, 4.91980947605, 0.811297576802, 2.73564162802, 0.953332832196, 1.09000083181, 1.09927552321, 1.03263162385, 1.15578090303, 8.9354262917, 0.937292632293, 0.849027690381, 475.633703437, 1.12449446454, 1.17633986582, 1.10808665549, 3.03384286875, 1.00964341186, 21.2283156883, 722.623642465
2.69225016154, 1.00000012383, 1.49882077149, 1.04577563079, 2.30200221608, 0.710477064361, 2.62277040371, 1.25706326326, 0.921536368735, 3.56953469883, 4.91704329317, 0.904737055553, 4.65125889657, 1.04197500029, 1.09000094742, 1.10609202394, 1.02177023332, 0.988753864161, 7.85340358477, 1.1533230134, 0.845012585525, 435.951250322, 1.0280652239, 3.34283102257, 1.17887095418, 3.04251507739, 0.870282137744, 26.0317186581, 5889.74221494
1.38962768244, 1.00000029542, 1.70119994124, 0.839425628838, 2.4706082916, 0.907804103894, 3.04225185842, 1.16568798592, 0.927415487362, 6.11927584905, 5.32979108765, 0.950712491777, 1.33329538357, 0.87197597672, 1.0900003146, 1.02837435671, 1.01851111519, 1.03066868666, 9.36572525155, 1.08309759423, 0.962652936075, 740.741230738, 1.0929213063, 1.93761655711, 1.08647952147, 1.74072026912, 0.992016800266, 43.7023645986, 134784.759464
2.61969797293, 1.00000097089, 1.54841207893, 0.847427123021, 3.20151045781, 0.861242419927, 1.54995110982, 1.22633391896, 0.946886214681, 5.06367445451, 4.7025743695, 1.16443544847, 1.48491319918, 0.955214503098, 1.09000060967, 1.04638106678, 1.02286155634, 1.07818234742, 6.4802072547, 0.935563968184, 0.994816822712, 567.727749182, 1.03002477671, 1.62161606501, 1.02990052621, 1.83335118801, 1.19310579417, 59.7985018821, 65811.0837577
1.02164850276, 1.00000047344, 1.68102209199, 0.88855715682, 4.71702542245, 0.855948837213, 1.68429045059, 1.18035271742, 0.996633103242, 4.45017137468, 4.93820037409, 0.824285662925, 3.17907831713, 0.963552760071, 1.0900002879, 1.04205983266, 1.01300018299, 0.94449560891, 3.86839262208, 0.984137603173, 0.764778839016, 554.033293683, 1.16260453361, 3.76624048449, 1.12344963578, 3.46620483253, 1.2933887898, 19.7895710824, 1205.82818268
2.43131016352, 1.00000081616, 1.4928255004, 1.08472041481, 6.84502683178, 0.895299169034, 3.36367971963, 1.18656717313, 0.929288406225, 5.91391973267, 5.60907253497, 0.83794087967, 1.91047044947, 0.999133465245, 1.09000072581, 1.05302940425, 1.00720455325, 1.11087983454, 9.9829076483, 0.924904150111, 0.999717376951, 264.844172495, 1.04162433866, 1.6683392654, 0.95301060397, 4.1344990944, 0.907130109414, 58.3842355158, 27111.365285
1.78772883804, 1.00000034735, 1.42998868521, 0.934320753525, 5.53667409162, 0.78576641718, 1.80651569378, 1.25187443364, 0.935141569542, 4.08302766968, 4.81170919387, 0.954679607537, 2.64360941362, 0.865222863053, 1.09000034651, 1.06176729296, 1.04007160201, 0.986114121921, 8.45216631829, 0.952556597806, 0.900705476726, 460.099883233, 1.18432698574, 3.72665701907, 1.16027077753, 1.62693003582, 1.07147736062, 28.2696575793, 20577.6790242
1.44739428229, 1.00000061086, 1.38109245235, 0.861564372888, 4.88368244987, 0.92051161793, 4.40068618116, 1.18420492047, 0.910104405667, 2.98165250169, 5.39599671109, 0.837100973235, 3.83154175327, 1.07495549906, 1.09000067168, 1.04970483141, 1.0299094403, 0.819924212121, 8.72625504869, 0.924527514044, 0.946117347261, 438.159728496, 1.06445731962, 3.70798985529, 1.04083099617, 2.71783649356, 1.23269246234, 19.7635024666, 870.539194662
1.97111060667, 1.00000092364, 1.51507207236, 0.939794479144, 5.12931687401, 0.779178140431, 3.69879846544, 1.15442646529, 0.910821310409, 5.29140544724, 5.25958242323, 0.875401154893, 3.88881558797, 0.852424548812, 1.09000082402, 1.07368732592, 1.04795172822, 0.892334403849, 9.18937564752, 0.972404773173, 0.953619242713, 594.754326143, 1.07673218204, 2.71105877627, 1.01444893505, 1.82004918411, 0.974868877056, 20.173463454, 1779.55690172
3.47869295865, 1.00000067526, 1.57824026529, 0.984112969542, 4.33054250919, 0.943480405537, 1.49001370482, 1.204011004, 0.925729345671, 1.55903486342, 4.93961403778, 0.838795510957, 4.16336745354, 0.891915054806, 1.09000014042, 1.02918088195, 1.03988363694, 0.845615904383, 5.90733771929, 0.982712722265, 0.936229040403, 263.545689618, 1.01683743087, 2.14105828809, 1.20222033683, 1.30201356654, 1.06731909631, 45.4721423883, 31374.2851499
2.31870009255, 1.0000007558, 1.19580584007, 0.811420431305, 2.569200139, 0.792904864476, 1.88216824666, 1.18538116508, 0.999915037614, 3.63059438758, 4.94849042358, 0.902798981701, 1.09554068412, 1.16131327426, 1.09000095952, 1.0657244313, 1.02059837198, 0.875585191231, 5.38231211935, 0.927048952342, 0.968366827996, 949.152065637, 1.17413918283, 3.69256740732, 1.15897870454, 1.03474549844, 1.10308774645, 35.6263683525, 132693.792339
2.39001714781, 1.00000029364, 1.30090098611, 0.851699438905, 3.28280415802, 0.787728585316, 1.62868416077, 1.19702898513, 0.926401140784, 2.22013482967, 5.09202549889, 0.818267011487, 2.27767637882, 1.03565367999, 1.09000073428, 1.10948323092, 1.02852273579, 1.16430969772, 6.00275422441, 0.963883724955, 0.840714808252, 405.707590269, 1.0651571502, 4.2091768159, 1.18719697274, 1.72050574451, 0.974486622565, 38.2551245683, 41495.9929453
1.59802656875, 1.00000020329, 1.41219187798, 0.881019918006, 3.94387634839, 0.778125713878, 4.1657340207, 1.24497900801, 0.915104120816, 4.22627741896, 4.81585291435, 1.10649897065, 3.38502235175, 1.02977667481, 1.09000061209, 1.08532173303, 1.02195352276, 0.891143374275, 9.98660092988, 1.01221637911, 0.876740838731, 169.392267691, 1.09418672201, 4.76044049617, 1.2011250191, 1.43122744251, 1.25057651373, 47.4359528222, 12678.5253706
5.40232317619, 1.00000077905, 1.33804767426, 0.909691901058, 2.93931535025, 0.85191497098, 2.78226589665, 1.21676664542, 0.921268956629, 2.97142323203, 5.0244973841, 0.838557456772, 4.72738374755, 0.851837712094, 1.0900007702, 1.01410976771, 1.01585451686, 0.946600818785, 7.56390092915, 0.969591691909, 0.844233264729, 874.231726608, 1.11912650553, 2.52173233247, 1.16653048848, 2.94728922779, 1.2594504144, 35.3782226822, 45789.5732901
1.5866299781, 1.00000089505, 1.48578491227, 0.934264144003, 4.55164568959, 0.713051920671, 1.61918103529, 1.18051329641, 0.953832563995, 3.79774753258, 4.78627040959, 1.1429465011, 4.52113703651, 1.04764006805, 1.09000088488, 1.04784687461, 1.04486735567, 0.828945925425, 4.3695724973, 0.975407901307, 0.919284499125, 388.462110441, 1.06028760695, 3.97910920403, 1.08432874619, 1.4806622576, 0.903790174928, 31.2719316407, 10236.3971886
2.03286572195, 1.00000063616, 1.50666142983, 0.865616926724, 5.39775642213, 0.834845071671, 4.298839926, 1.25011276618, 0.959486268452, 6.04333799581, 5.57836915398, 0.945542577849, 4.36619179951, 0.897468652572, 1.09000072863, 1.0027600891, 1.00933222288, 1.13224105374, 9.45277929453, 1.07826144451, 0.95457482057, 229.132893732, 1.11517343226, 3.64859617896, 1.21932896616, 1.48582027649, 0.934132119822, 30.5994061656, 50553.2236013
3.5008546782, 1.00000025375, 1.26153137442, 0.840446028936, 6.27433545099, 0.910595188318, 2.43660111143, 1.20911725859, 0.951080381172, 2.00685658096, 5.00268168422, 0.95805091896, 1.84547192843, 1.16503703922, 1.09000008427, 1.02173892782, 1.02181556499, 1.09514487583, 4.48407482673, 0.978313589748, 0.959356823553, 443.437964137, 1.12654126584, 4.7360762952, 1.11429198795, 1.57244028784, 1.24442658673, 47.2947964087, 23229.7936498
2.95521513799, 1.00000043306, 1.33821272895, 0.826017257726, 5.19004137732, 0.731850550813, 2.47420487193, 1.24205155264, 0.925917276851, 4.33232694575, 4.79098853242, 1.0906118291, 4.95689003771, 0.842429297172, 1.09000042272, 1.05634104892, 1.02843145395, 0.839526284787, 3.45232502397, 1.04472331236, 0.795345276592, 852.390338368, 1.19733867615, 4.83100639041, 1.16509582684, 2.91214770302, 1.17098222365, 27.386601855, 3533.27119224
5.04944797034, 1.00000045354, 1.4312165451, 1.05473387514, 6.80394542395, 0.973151521944, 2.99764028386, 1.23755129696, 0.985342772919, 2.01280585733, 5.6496944996, 0.813253595466, 2.52584879925, 0.865166401496, 1.09000028993, 1.00590717992, 1.02622815137, 1.16001645188, 5.20545871448, 1.00206490078, 0.823953930995, 705.925569771, 1.13885552698, 3.68156687175, 1.1725158657, 3.03042453921, 1.06913777977, 20.4972132726, 5926.04716877
2.69482294849, 1.00000050786, 1.60828604898, 1.07250826441, 5.54899120208, 0.716599096, 2.15420301359, 1.11433239847, 0.946013142752, 4.81957909736, 5.00496152198, 0.897582493247, 3.15670612816, 0.845846094656, 1.09000067214, 1.10423550856, 1.01704009357, 1.14812415169, 4.60537058839, 0.965724064148, 0.903663709729, 387.96282285, 1.17694029243, 3.63634038324, 1.02305425984, 1.58342116057, 0.935387797166, 28.9522761154, 14451.5180377
5.42596805927, 1.00000047876, 1.56629133825, 1.08450919766, 5.16447478255, 0.953925349197, 1.49163231, 1.12254395456, 0.960281825888, 3.59700642346, 5.09877876273, 0.84612367977, 2.96418844761, 1.08164519725, 1.09000070124, 1.10784942171, 1.0074636702, 0.898589700225, 3.36775162598, 0.971181765016, 0.949689091197, 665.732834396, 1.11617776808, 3.88253904865, 1.06068757837, 1.2836399401, 1.07829257599, 30.3526049351, 11023.8492965
3.23318300263, 1.00000049946, 1.35839761709, 0.802965897265, 6.6523648462, 0.944897734265, 5.13553852739, 1.19412390116, 0.956266303325, 3.85527189184, 5.23155994666, 0.861650336449, 5.01615527955, 0.999391173863, 1.09000011255, 1.09485892828, 1.0138733344, 0.859826134914, 5.67504953891, 0.972671118646, 0.883816638981, 646.874389354, 1.04449193198, 3.40723358454, 1.23180415343, 1.24354081231, 1.03198076749, 38.876282411, 70468.8150658
2.70021198733, 1.00000041834, 1.54340161747, 0.975768897666, 5.98414434777, 0.901161560679, 1.29212393536, 1.23220119819, 0.958287707254, 2.41793743178, 5.51192659477, 0.861893260305, 2.52637764464, 1.08808088873, 1.09000098054, 1.02336185877, 1.00930476178, 1.05483630873, 4.78377994943, 1.05421951158, 0.887225987364, 898.069536521, 1.05780896332, 5.15036077026, 1.1223160068, 4.59496658787, 1.02189616307, 80.5716103395, 7104.28572913
4.73012740843, 1.00000026502, 1.16860560448, 0.813844902321, 5.09023568202, 0.716994615018, 1.75885857672, 1.13229854294, 0.933303613457, 2.54320044403, 4.70651424501, 0.911516945758, 4.95594690346, 1.00540425071, 1.09000032139, 1.10918042112, 1.03385489763, 1.13122799528, 6.90779823687, 1.01397036526, 0.874836002622, 218.888027126, 1.15359248002, 2.93546421437, 1.12834402919, 1.9052375356, 1.09296105837, 22.5156696643, 3713.37514627
5.07381983488, 1.00000099614, 1.25926824879, 0.944873880768, 6.62415182275, 0.843229018476, 3.70423311198, 1.22355869577, 0.966175958541, 4.95776612875, 5.29544809377, 0.829953567135, 4.77822565991, 0.940705992301, 1.09000040002, 1.0865119943, 1.01684701733, 1.02155852474, 9.38038669979, 0.995571226691, 0.908605704732, 821.71072816, 1.12494801332, 2.97502507382, 1.18519602401, 1.78244536422, 0.902641188045, 42.8937151343, 23357.6167425
3.68479035925, 1.00000052207, 1.54182361439, 0.871145554895, 4.76007928241, 0.719019140087, 1.71541524666, 1.24457155241, 0.96307827576, 3.70698826434, 5.34136741526, 0.892420478414, 1.80598932433, 1.07059470555, 1.09000047051, 1.06778706859, 1.01031259874, 1.06689048968, 5.04042201638, 1.15168204536, 0.929226747354, 606.341364563, 1.14127579136, 3.9113898916, 1.14195630928, 1.4216230013, 0.961070427483, 26.2764226195, 6200.60231738
2.93377931518, 1.00000006988, 1.6852350758, 1.17133560832, 5.4891941547, 0.839438519747, 2.23634310602, 1.19524821438, 0.900780027212, 4.88858689444, 4.96005842796, 1.15137109791, 2.01814198083, 0.891140433282, 1.09000094404, 1.09637067379, 1.00875229471, 1.0494749097, 5.15888980466, 0.937975404979, 0.985125080708, 532.102026623, 1.05380922668, 5.7263954419, 1.03649620081, 4.15886335181, 1.02313304828, 36.034375844, 8056.52949512
4.83646986458, 1.00000031398, 1.28580647977, 1.05457503432, 3.31360095496, 0.760280579779, 2.36634294166, 1.13034293018, 0.992284714238, 4.0722942935, 5.12809461942, 0.817578606565, 1.02992601171, 1.15135833449, 1.09000071904, 1.0825377176, 1.00116098346, 0.991054741874, 4.88401721827, 0.936106777809, 0.98571145887, 922.988555573, 1.14077282803, 5.06186679507, 0.952528144721, 2.46916596652, 1.16522809232, 36.5594094405, 1211.88869399
4.65274554304, 1.00000091393, 1.47488449482, 1.01157324008, 4.14406237436, 0.775311149466, 1.79070112898, 1.23341946381, 0.943552203247, 1.77439204015, 5.06157257652, 0.981489008682, 2.34221602658, 0.844547233377, 1.09000040239, 1.04385319015, 1.04975335451, 0.878577428323, 5.01211218416, 0.947358222899, 0.784760255169, 661.440975881, 1.07542762013, 3.62106333534, 1.10477817958, 1.04191052444, 0.908473649008, 41.8734980327, 25300.1220819
2.94140291103, 1.00000052223, 1.47229261556, 0.84233554911, 4.69270394792, 0.882353706331, 2.1245094964, 1.11915339378, 0.994569403121, 4.88545641239, 5.87414994307, 0.979892865791, 3.69505943492, 1.0146840409, 1.09000002372, 1.09176165644, 1.00254741547, 0.980676401995, 4.07266220967, 1.06623189369, 0.956426211717, 499.348481406, 1.1232773902, 3.56958906883, 1.05980136713, 3.04521007807, 0.937015442293, 55.8162739541, 16572.1642371
1.97143619507, 1.00000064728, 1.64933397951, 0.929527645512, 5.99530723831, 0.764461833996, 4.59277031988, 1.25407899877, 0.968474461185, 3.60020499854, 5.39231420629, 0.979963483367, 1.97973520174, 0.825285631053, 1.09000013244, 1.08559402586, 1.01468443128, 0.893757299593, 6.07634247438, 1.05247762215, 0.975782138146, 298.97901795, 1.16065271697, 4.17390434565, 1.06999767271, 3.21117806049, 0.912521484267, 30.0463850612, 9600.33943047
3.69754701012, 1.00000040207, 1.12800864062, 0.823897707166, 6.87423709978, 0.747433594928, 3.39513269176, 1.24946136897, 0.954083014001, 3.27999139235, 5.07884222534, 0.927441467274, 2.91683105647, 0.9339686608, 1.0900007727, 1.10485434836, 1.00044503312, 1.15771492798, 4.60130339927, 0.97786266025, 0.858805546943, 287.112496043, 1.07557260802, 3.03256766733, 1.16952904601, 2.49215710246, 1.13881113473, 41.5106461678, 245777.092191
3.79618681066, 1.00000007102, 1.69732155899, 0.837852538459, 7.02510859702, 0.889285414797, 4.33611269952, 1.23577827921, 0.936070598744, 3.38685756236, 5.23228247312, 0.903441656564, 4.05333492923, 1.14437910703, 1.0900006938, 1.0560695351, 1.00642262071, 0.97322087538, 9.400294013, 1.02930886181, 0.990073195592, 771.776995481, 1.19138304358, 5.73583562256, 1.03916653522, 2.57404599245, 1.10661191506, 25.2806204952, 5156.7781361
4.05371800164, 1.00000055855, 1.53476478011, 0.928792188114, 3.72183236067, 0.754670708493, 2.84766088503, 1.23105775396, 0.961697928216, 2.59505694736, 5.11546129118, 0.830049458738, 2.56908803475, 0.812757743809, 1.09000038255, 1.03097806423, 1.01302980564, 0.94398756606, 4.29116744759, 0.913944572227, 0.911855886146, 890.171745465, 1.1952482872, 3.97469871923, 1.03858053061, 3.7271761205, 0.884308080641, 37.0386424719, 8841.38633254
5.95825026413, 1.00000062593, 1.37809398755, 0.978888193027, 2.9035615431, 0.754093154106, 1.62795221664, 1.19376751101, 0.968811430007, 3.03833355201, 5.59315793093, 0.875626027223, 2.88985916929, 0.977468936356, 1.09000018896, 1.10647707735, 1.01239693377, 0.991756112086, 6.12154899177, 0.942737795314, 0.785447527572, 539.13744155, 1.08668548774, 1.89368215315, 0.998566020056, 1.41070418134, 0.932386502467, 20.2227430742, 13873.4314071
2.99686326005, 1.00000018362, 1.67226787169, 1.03329960073, 6.34859970591, 0.939444325774, 4.98010395269, 1.16760542397, 0.943094237483, 4.00077199402, 5.43202612839, 0.964689239817, 4.43683265262, 0.976574139597, 1.09000053384, 1.08664931074, 1.02470413517, 0.899024753223, 9.68427006396, 0.925813876144, 0.893788936055, 635.791838812, 1.05438034568, 5.60124391185, 1.09181739304, 3.22533201311, 0.956518937883, 23.4291806737, 15362.3586512
5.54353804641, 1.0000001794, 1.49141649803, 0.841966947916, 4.74848243141, 0.973969641632, 5.66465439574, 1.05339441957, 0.947303740456, 5.85383565329, 5.06263278664, 0.902123173883, 1.67166149778, 0.876208661678, 1.09000026799, 1.09793009982, 1.013478503, 0.96465235857, 3.6187308103, 0.914557241437, 0.865590158921, 605.291788093, 1.12021747195, 4.88325205843, 1.14225294139, 3.11396941135, 0.883618870966, 34.3584547413, 3530.3184032
4.91527959178, 1.00000034616, 1.21256710341, 1.01851817911, 4.46783279734, 0.748156231876, 1.11155930806, 1.17398854139, 0.939527260308, 3.08157991658, 5.86305603572, 0.817411750651, 4.08511474209, 0.880301522218, 1.09000089427, 1.10869111912, 1.02685732373, 0.89037231981, 4.91719009248, 0.985972668417, 0.923774192975, 756.428977668, 1.1328926446, 3.22710143039, 1.00383522879, 3.58268967855, 0.902633747819, 50.8141637725, 9829.84148866
2.09175734393, 1.00000079089, 1.54004782429, 1.17323720901, 6.94614600191, 0.793439079181, 1.15065694507, 1.16588595691, 0.934651407166, 3.16645076496, 5.61391465182, 0.834662188851, 2.11420154949, 0.873790253457, 1.09000069339, 1.04036263644, 1.00334532316, 0.959909477945, 4.42421778274, 0.967011649426, 0.884502619588, 852.172541958, 1.09857013987, 3.93852740073, 1.10823040533, 2.61235663812, 0.878357342907, 41.3192583866, 5283.07983526
3.86567911129, 1.00000049468, 1.42695229814, 0.809859664512, 6.99784196843, 0.930243536191, 1.46795746211, 1.11492863656, 0.907834671463, 4.64109787611, 5.6610772913, 0.913671929482, 3.12585303701, 0.842049205936, 1.09000013373, 1.03814373096, 1.02941271242, 1.05654087254, 7.97401439742, 0.984944604756, 0.953151177367, 25.1269489118, 1.11397235503, 3.26080500988, 1.06539608345, 3.76267680886, 0.904851871032, 38.0481759439, 2218.44063842
3.36318729853, 1.00000041707, 1.66157833817, 1.20820002808, 6.51250026174, 0.771542501536, 2.86205631498, 1.20973732253, 0.922455286442, 3.4623911752, 5.48449020358, 0.854987756051, 3.7461080665, 1.0199466569, 1.09000076814, 1.06467291005, 1.00703300928, 1.1832016573, 9.35081269681, 0.910429317477, 0.967773013376, 352.7691429, 0.939845367045, 4.59912584045, 1.11932818422, 4.54824600669, 1.17434551377, 34.3214508098, 21042.15168
5.95888757625, 1.00000071627, 1.1493228042, 1.07492979642, 5.84144661925, 0.875283106703, 4.03860059281, 1.23931506137, 0.906033342955, 2.14203409034, 5.60664492883, 1.06597807694, 1.99160690842, 0.894158168638, 1.09000049374, 1.08715001035, 1.01606285525, 0.837841581339, 8.85088076876, 1.05592070128, 0.850812965953, 986.086129647, 1.11577740967, 3.85550896016, 1.221846151, 2.16022221253, 0.925554408341, 35.4235826045, 7398.49263783
1.32363141197, 1.00000021051, 1.32729144951, 0.879015469981, 5.13192784092, 0.733747516324, 2.03601486386, 1.15769183292, 0.933994674148, 3.03324706209, 5.69628020297, 0.99762700189, 3.33293807668, 1.07976845704, 1.09000007948, 1.08219876298, 1.00451965728, 1.05174679319, 3.92997215274, 0.958099480751, 0.982839978559, 991.351710214, 0.974583341267, 5.16121347121, 1.10831134451, 1.46398074576, 1.16827230215, 44.2277376549, 56890.4203285
4.69122171023, 1.00000077611, 1.58310339694, 0.866976865533, 6.94808941146, 0.90537810045, 1.06628421563, 1.22182390139, 0.913841184059, 1.28379132271, 5.33694684269, 0.897196247624, 4.36761766547, 0.823135837295, 1.09000065398, 1.06224169778, 1.00294882187, 1.15859833768, 5.23717677325, 0.938328228189, 0.918207366215, 729.627449011, 0.919669356483, 2.02872004196, 1.11390418103, 2.20719832332, 1.04032358823, 21.8299573906, 4158.42054301
4.47040163393, 1.00000028196, 1.45530293318, 0.813495160946, 5.88428202926, 0.818710777284, 2.39930017139, 1.21391111607, 0.916201507179, 3.03873765251, 5.48802915215, 1.21086845098, 5.0532210944, 1.13259572446, 1.09000080424, 1.09244754073, 1.01557437833, 0.824774145109, 4.45742484367, 0.953166793128, 0.918951797085, 489.818211059, 1.09955356498, 4.8821505759, 1.18593860788, 2.83344298411, 1.28045628847, 31.2814028069, 18028.4009038
3.94176328364, 1.00000033344, 1.59244962831, 0.906326990057, 4.49283828531, 0.72980420208, 2.79962165359, 1.16606558127, 0.902077319201, 1.41542289339, 5.19119518691, 0.850896961208, 2.53205298312, 0.945724870831, 1.09000093774, 1.01888820598, 1.04719087826, 1.01775264421, 6.67427028011, 0.922459543042, 0.911433110389, 64.5922481582, 1.01111271687, 5.39312464845, 1.17982760454, 2.1300120552, 0.94615786391, 40.9380470088, 7442.99340443
2.57683311801, 1.00000056543, 1.50522290515, 0.817077547679, 6.82646461587, 0.7819242261, 2.51161068683, 1.1024737621, 0.994497221007, 3.07046277609, 5.85915153112, 0.928807914301, 4.8870691862, 1.02769804919, 1.09000092425, 1.02299111506, 1.03366292637, 0.938679000536, 6.64885889624, 0.927859954119, 0.953791456259, 175.794530575, 1.19691853234, 4.52723870448, 1.05802980046, 2.02709084968, 1.27243043899, 19.3042505412, 3856.08732006
4.39435229454, 1.00000066414, 1.26030760817, 1.06223580706, 6.20578311696, 0.743036526668, 1.33730645049, 1.1961028616, 0.951512201865, 1.31679551735, 5.53342840743, 0.853052136912, 3.19552696974, 0.922620466372, 1.09000066204, 1.01673630519, 1.01815414913, 0.873612579865, 4.36743387291, 0.920044909539, 0.948483506176, 778.644988001, 1.19601195915, 3.69444185088, 1.23890205954, 1.1158572617, 1.05687490059, 62.3788625877, 26838.2351153
5.18356670372, 1.00000098984, 1.63125671398, 1.01754621712, 4.634764278, 0.928691903632, 2.36059247486, 1.2043109234, 0.941806507229, 1.63731222982, 5.64626388206, 0.971849290739, 1.41776291224, 0.906824200302, 1.09000051717, 1.10151981896, 1.00022121942, 1.06455372079, 7.85238282694, 0.946064491359, 0.798488134749, 455.965522748, 0.916196453823, 4.10426453074, 1.18858013405, 3.3930883594, 1.24553714658, 18.7617161949, 5894.91791704
5.28503951377, 1.00000032817, 1.62026050367, 0.80477679081, 5.5408543674, 0.789926876217, 1.99515092421, 1.19119443263, 0.915474220405, 5.52256837796, 5.23861540545, 1.03344055854, 1.47524839192, 0.850321712416, 1.09000021248, 1.02474706062, 1.00679748989, 1.09446825938, 6.90948391804, 0.93793624357, 0.956614893757, 213.383526655, 0.949392997755, 2.84487930518, 1.22215761113, 1.44356660198, 1.20642875673, 25.6284167795, 6389.6523646
5.97103794916, 1.0000004901, 1.39402542722, 0.806825970266, 5.654592432, 0.766651146028, 1.06836824799, 1.16596479491, 0.92358888345, 3.33285422866, 5.36452622303, 1.09764199682, 1.2278976474, 0.942000835612, 1.09000022162, 1.08211673654, 1.00980029707, 1.02379955094, 4.50229934468, 1.06686260728, 0.864647805797, 862.899456223, 1.17575445214, 5.9591645132, 1.18898000687, 1.59221674716, 0.952332166244, 28.156250039, 17272.0677787
5.83411605429, 1.00000083943, 1.62380075998, 0.850597621148, 6.84971503889, 0.721305852072, 1.4547010435, 1.09831234081, 0.964711284159, 2.43459946803, 5.55677246707, 1.08299175627, 1.98251918301, 0.823925106049, 1.09000048209, 1.07458184658, 1.00739275358, 0.911041654239, 5.79967266132, 0.944191590722, 0.911101955834, 435.303195768, 1.04590247834, 5.41380687122, 1.07249404998, 2.94880160458, 0.906464236484, 36.3054404499, 10828.7533244
