3.44600582574, 1.02379909777, 1.72853724486, 1.00000095681, 5.00158459857, 1.04918781129, 4.73456900966, 1.26000084535, 1.0000005561, 5.79027416226, 3.89273718631, 1.08250759414, 3.8017790703, 1.0987733635, 1.01133231347, 1.06959837613, 1.0538817565, 1.07282511648, 5.93183909112, 1.00000066455, 1.00000021477, 79.7814691377, 1.0311658771, 3.69889896285, 1.03074064375, 3.82738939919, 0.870000881863, 8.74633826952, 2.9490616622
1.81787225288, 1.42554124003, 1.42518188124, 1.0000005202, 5.97875598358, 1.18301301881, 1.35153487782, 1.26000005018, 1.00000027328, 5.58708200115, 3.77423123389, 1.00860910419, 1.95214657856, 1.05690275116, 1.01189796614, 1.30333003105, 1.08158407898, 1.08898803338, 3.07813123731, 1.00000070824, 1.00000038684, 87.8533297293, 0.99355754082, 2.06678474234, 1.02612387213, 3.65593017066, 0.870000151241, 19.4057850921, 0.0
3.8953639549, 1.00408857707, 1.55271074289, 1.00000081628, 6.87404682488, 1.16177573598, 2.06962596148, 1.26000068405, 1.00000029856, 5.04674423108, 6.41270291553, 1.07842737856, 1.54772298135, 1.0175772011, 1.06222127679, 1.52399689986, 1.01566965661, 1.03441447553, 9.85292853229, 1.00000047088, 1.00000045925, 115.371362409, 0.955578945596, 1.16034832718, 1.04465612964, 4.05428721174, 0.870000628803, 39.1501065863, 2.68096514745
1.59933381107, 1.24633552965, 1.65394236585, 1.00000014542, 6.82576787858, 1.05919206693, 5.14433647138, 1.26000041894, 1.00000029856, 5.73730201195, 6.03066804457, 1.05408219232, 1.95984522375, 1.02617827248, 1.05757211448, 1.08703821697, 1.01566965661, 1.06637965174, 9.68001062282, 1.00000022796, 1.00000095574, 91.1783321294, 1.02088762645, 4.50974338911, 0.995903065968, 3.78224402191, 0.870000616576, 64.9385437185, 0.0
3.8953639549, 1.00408857707, 1.55271074289, 1.00000081628, 6.87404682488, 1.16177573598, 1.54577742154, 1.26000068405, 1.00000090076, 5.04674423108, 6.41270291553, 1.07842737856, 1.54772298135, 1.0175772011, 1.06222127679, 1.52399689986, 1.14723755253, 1.03441447553, 9.85292853229, 1.00000047088, 1.00000045925, 108.249680813, 0.965739274352, 1.16034832718, 1.04465612964, 4.05428721174, 0.870000628803, 55.9296530479, 0.268096514745
2.01975813319, 1.03193487368, 1.63781269771, 1.00000031201, 6.67720509715, 1.02931219709, 2.99533508394, 1.26000021687, 1.00000008797, 6.09953247734, 3.18194836836, 1.09697420779, 3.78474578722, 1.03140252485, 1.01528622664, 1.5383385498, 1.13631232298, 0.967029076016, 6.65269841934, 1.00000009107, 1.00000067895, 101.516590469, 0.96846499624, 5.39076992393, 0.958928044504, 4.22346863722, 0.870000390352, 45.6929737864, 5.36193029491
2.87554646497, 1.27785168982, 1.62995518446, 1.00000057812, 4.93125448182, 1.08606073627, 3.88375390947, 1.26000005234, 1.00000033164, 5.52425724663, 4.56546163098, 1.05239110368, 3.85167021882, 1.00748683977, 1.07405380201, 1.48594863284, 1.0610718467, 0.925414202778, 9.08835379773, 1.00000073592, 1.00000075602, 88.6116307796, 0.939048930601, 1.62382549391, 1.01070959609, 4.32545558243, 0.870000662807, 72.4884288543, 0.0
3.44600582574, 1.02379909777, 1.7349768578, 1.00000071757, 5.52528419632, 1.0607403552, 4.73456900966, 1.26000022766, 1.00000020887, 5.79027416226, 3.89273718631, 1.09345645506, 3.8017790703, 1.10995920779, 1.01133231347, 1.16795882686, 1.0538817565, 1.05275205382, 8.7109903568, 1.00000066455, 1.00000020444, 79.7814691377, 1.0311658771, 5.56747177583, 0.999957499057, 3.82738939919, 0.870000881863, 57.2031626431, 0.268096514745
5.25567587723, 1.33901117945, 1.35088400488, 1.00000004967, 5.09509212322, 1.18525508528, 2.18307684682, 1.26000048447, 1.00000030067, 5.53219641837, 4.02664277036, 1.01147134328, 1.95214657856, 1.11607408107, 1.00961517452, 1.43907959058, 1.11613096522, 1.03133938848, 7.59641927574, 1.00000065256, 1.00000014543, 81.5544797007, 1.01354789506, 4.29278373924, 1.06472885383, 4.24694280115, 0.870000541541, 161.081704682, 0.0
2.87764118851, 1.28445019, 1.43738783854, 1.00000048688, 5.80860279755, 1.14636646326, 3.82164934577, 1.26000057909, 1.00000018278, 6.03721798698, 4.92043788325, 1.0487377464, 1.29633126684, 1.01544723021, 1.05613780863, 1.17796509495, 1.14551563755, 0.97585856835, 4.52059788215, 1.00000037175, 1.00000068928, 111.556936228, 0.984335725823, 3.11392862416, 0.95088992222, 3.57077494136, 0.870000480063, 62.8147156822, 1.34048257373
3.68754221442, 1.15319180717, 1.73934911286, 1.0000004576, 6.15640383427, 1.09673904882, 5.3651808141, 1.26000023212, 1.00000098524, 5.87647677536, 3.32821044721, 1.05415379865, 3.49186617899, 1.0110195717, 1.05305121096, 1.01968831774, 1.15231617842, 0.93368016861, 8.7109903568, 1.00000015363, 1.00000079369, 87.5995797783, 0.935525058542, 3.6728089918, 1.05163961709, 3.41641313399, 0.870000864206, 60.2051484793, 1.60857908847
4.48700567959, 1.29951427998, 1.39172021763, 1.00000069942, 5.10865770869, 1.09185209003, 2.03221459978, 1.26000049843, 1.00000074348, 5.18884362292, 5.18515795802, 1.08786927433, 2.41634451552, 1.11040979632, 1.01879465444, 1.57610684091, 1.07102189144, 1.10205306177, 9.21909196066, 1.00000026882, 1.00000020773, 114.359935363, 1.08018246421, 4.30362507949, 1.02879971223, 3.46143613349, 0.870000392274, 159.341308038, 0.268096514745
3.37985535677, 1.1594969001, 1.47196586567, 1.00000049412, 5.7362722842, 1.05859786749, 2.76335555825, 1.26000064879, 1.00000067329, 5.18434583791, 5.41730307166, 1.0611214189, 1.23923695719, 1.00272756175, 1.06604104983, 1.13043078448, 1.16462143952, 0.976134985863, 9.47707473284, 1.00000095536, 1.00000019706, 75.3682602675, 1.05846431381, 1.89765834417, 1.05101116676, 3.41834809228, 0.870000210549, 75.0446114804, 0.804289544236
1.81787225288, 1.4205705856, 1.42518188124, 1.0000005202, 4.71040924452, 1.18301301881, 1.35153487782, 1.26000005018, 1.00000027328, 5.58708200115, 3.77423123389, 1.00860910419, 1.95214657856, 1.05690275116, 1.01189796614, 1.30333003105, 1.08158407898, 1.08898803338, 5.9144815693, 1.00000070824, 1.00000038684, 87.8533297293, 0.99355754082, 2.06678474234, 1.02612387213, 3.65593017066, 0.870000151241, 218.150008247, 0.0
3.51288584825, 1.4205705856, 1.42518188124, 1.00000018658, 4.71693383576, 1.18301301881, 1.39511743689, 1.26000005018, 1.00000016529, 5.58708200115, 3.2331081405, 1.00326539744, 1.21783762626, 1.05690275116, 1.01189796614, 1.068147847, 1.08158407898, 1.08898803338, 5.9144815693, 1.00000051654, 1.00000023424, 123.635445068, 0.99355754082, 4.99125751232, 1.01927517708, 3.46463288675, 0.870000896736, 64.4390919501, 2.68096514745
5.97832685947, 1.39101497811, 1.59140011884, 1.00000036584, 6.79200421061, 1.07220037506, 5.4364171555, 1.26000056557, 1.00000036516, 5.25073267511, 4.56484427168, 1.04745469174, 3.4479155563, 1.04125026855, 1.02105742088, 1.13996797452, 1.07328669809, 0.9245842925, 4.45700117392, 1.00000015365, 1.00000038684, 91.1901693522, 0.928580702626, 1.31943186799, 0.993524102159, 4.06801923797, 0.870000853652, 64.6526830703, 2.14477211796
5.97832685947, 1.39101497811, 1.59140011884, 1.00000036584, 6.79200421061, 1.05885870986, 5.4364171555, 1.26000056557, 1.00000036516, 5.25073267511, 4.56484427168, 1.04745469174, 3.4479155563, 1.04125026855, 1.02105742088, 1.13996797452, 1.07328669809, 0.9245842925, 4.45700117392, 1.00000015365, 1.00000038684, 91.1901693522, 0.928580702626, 1.31943186799, 0.993524102159, 4.06801923797, 0.870000853652, 169.317854359, 0.268096514745
3.12784096618, 1.28445019, 1.43738783854, 1.00000048688, 5.80860279755, 1.14636646326, 3.82164934577, 1.26000057909, 1.00000016163, 6.03721798698, 4.92043788325, 1.0487377464, 1.29633126684, 1.01544723021, 1.05613780863, 1.24319536527, 1.14551563755, 0.956676968601, 4.52059788215, 1.00000025961, 1.00000068928, 111.556936228, 0.977247980008, 3.11392862416, 0.954917626681, 3.57077494136, 0.870000480063, 83.4359399978, 1.07238605898
2.26103212924, 1.23649338768, 1.389317763, 1.00000098074, 6.67134972044, 1.08817774542, 2.4905520979, 1.26000050419, 1.00000018278, 4.99275609047, 7.21024121056, 1.04616920196, 2.57304010644, 1.10661298188, 1.05228923255, 1.03893847348, 1.14853045472, 0.974002290849, 6.24969432811, 1.00000024131, 1.00000065327, 109.744303762, 1.07107357495, 1.97957063077, 0.955360962569, 3.6877461717, 0.870000484927, 257.430638681, 0.0
5.70335806443, 1.06402452563, 1.5330920527, 1.00000098431, 4.26751858916, 1.08384745395, 5.02877080089, 1.26000004506, 1.00000054865, 5.86211586971, 7.12320942042, 1.04207431959, 3.04243929256, 1.03132646319, 1.02078824461, 1.34519506753, 1.04380992858, 0.929976133952, 6.81379014824, 1.00000065124, 1.00000061336, 92.2891531961, 1.0288452494, 5.13823834736, 0.979247038834, 3.3849950938, 0.870000522833, 69.7843360345, 6.43431635389
3.98756912238, 1.11952314496, 1.54616513208, 1.00000053341, 4.6428404709, 1.16681595114, 3.35077050285, 1.26000094014, 1.0000004607, 5.40551605924, 5.03433657504, 1.067827074, 1.12284182665, 1.08307827463, 1.03894385806, 1.50594818816, 1.14701125993, 1.07996071792, 8.62826091588, 1.000000526, 1.00000068756, 85.4937285192, 0.988074559097, 1.94316427586, 0.962009010751, 3.76889373936, 0.870000430659, 181.055947682, 0.536193029491
2.33155817996, 1.27785168982, 1.62995518446, 1.00000057812, 4.93125448182, 1.08606073627, 3.88375390947, 1.26000005234, 1.00000033164, 5.52425724663, 4.56546163098, 1.05239110368, 3.85167021882, 1.00748683977, 1.07405380201, 1.09380692522, 1.0610718467, 0.925414202778, 9.08835379773, 1.00000073592, 1.00000075602, 88.6116307796, 0.939048930601, 1.3511453556, 1.01423627774, 4.32545558243, 0.870000662807, 83.5715253789, 1.87667560322
2.28362943343, 1.30085685414, 1.39550325252, 1.0000005586, 6.36849205882, 1.02534967715, 3.30293290418, 1.26000044685, 1.00000060412, 6.14177008898, 7.20739823903, 1.07914052382, 1.03338378602, 1.10685313813, 1.05253784444, 1.54198969627, 1.07229958028, 0.936934615693, 6.7685058939, 1.00000063084, 1.00000078095, 80.3673854712, 1.07909718617, 5.56747177583, 0.968626594684, 3.61924301068, 0.87000063063, 128.307455093, 1.60857908847
1.81787225288, 1.4205705856, 1.42518188124, 1.00000018658, 5.33878807758, 1.18301301881, 1.39511743689, 1.26000005018, 1.00000016529, 5.58708200115, 3.77423123389, 1.00860910419, 3.25337944345, 1.05690275116, 1.01189796614, 1.30333003105, 1.08158407898, 1.08898803338, 5.9144815693, 1.00000051654, 1.00000023424, 123.635445068, 0.99355754082, 2.06678474234, 1.01927517708, 3.65593017066, 0.870000211772, 267.899523143, 0.0
3.44600582574, 1.39715037891, 1.6516245492, 1.00000001311, 6.05483070452, 1.04217714834, 4.50221291867, 1.26000042484, 1.00000066316, 5.22450418895, 3.89273718631, 1.08665984863, 3.78233621871, 1.03543952634, 1.00605088301, 1.14156397152, 1.09804397955, 1.06444780721, 8.83814277401, 1.00000085617, 1.00000040697, 82.2092247826, 1.0062532956, 2.5964267515, 0.968407323536, 4.11080848551, 0.870000497842, 224.579527689, 0.804289544236
3.44600582574, 1.02379909777, 1.72853724486, 1.00000095681, 5.00158459857, 1.0607403552, 4.73456900966, 1.26000084535, 1.0000005561, 5.79027416226, 3.89273718631, 1.08250759414, 3.8017790703, 1.0987733635, 1.01133231347, 1.06959837613, 1.0538817565, 1.07282511648, 5.93183909112, 1.00000066455, 1.00000021477, 79.7814691377, 1.0311658771, 3.69889896285, 0.996022270817, 3.82738939919, 0.870000881863, 101.429006572, 4.55764075067
3.39422965024, 1.23909343523, 1.68889545316, 1.00000022476, 4.36693465659, 1.07935984722, 1.83897827179, 1.2600005831, 1.00000025102, 4.98266655827, 7.0826897715, 1.0142549369, 2.19720808049, 1.11768697506, 1.04910945179, 1.01255390434, 1.06015905549, 0.987284744772, 3.91722552436, 1.00000035362, 1.00000023696, 104.926942485, 0.952119275052, 4.89354168691, 1.05182733565, 4.15718976694, 0.870000616576, 103.881613667, 1.87667560322
5.70335806443, 1.06402452563, 1.5083244501, 1.00000097353, 4.26751858916, 1.08384745395, 5.21866268285, 1.26000004506, 1.00000059424, 5.17287916272, 7.07418140838, 1.04311739582, 3.04243929256, 1.06574591649, 1.02078824461, 1.34519506753, 1.02362797443, 0.929976133952, 6.81379014824, 1.00000065124, 1.00000061336, 92.2891531961, 1.00494117735, 3.54920443545, 0.954014692911, 3.44496419673, 0.870000225913, 156.214305249, 1.60857908847
1.57239741839, 1.39946484344, 1.73934637201, 1.00000071757, 6.15640383427, 1.05726640211, 4.43352120005, 1.26000001089, 1.00000099171, 6.01054189062, 3.32821044721, 1.07859381735, 3.58247422662, 1.03668258677, 1.05305121096, 1.01968831774, 1.08785322989, 0.94378928288, 8.7109903568, 1.00000015363, 1.00000073852, 81.0287749736, 0.935525058542, 1.56668300788, 1.01213941715, 3.65665435978, 0.870000549242, 297.65547801, 0.536193029491
3.44600582574, 1.02379909777, 1.72853724486, 1.00000059323, 5.52528419632, 1.0607403552, 4.73456900966, 1.26000022766, 1.00000020887, 5.79027416226, 3.89273718631, 1.09345645506, 3.8017790703, 1.10995920779, 1.01133231347, 1.16795882686, 1.0538817565, 1.07282511648, 5.4991939408, 1.00000066455, 1.00000020444, 79.7814691377, 1.0311658771, 5.56747177583, 0.953048754337, 3.82738939919, 0.870000881863, 351.486727345, 0.0
1.99316352092, 1.31713953548, 1.62685443474, 1.0000004155, 7.01390055182, 1.15894728804, 5.77166858646, 1.26000003167, 1.00000085811, 5.79369514082, 3.28833228884, 1.0142549369, 1.88617204085, 1.0543685868, 1.00079894785, 1.41880959317, 1.12505498031, 1.07306101227, 8.18361365732, 1.00000046916, 1.0000006933, 87.8533297293, 1.01685221087, 5.46971824297, 1.02150373473, 4.09634900858, 0.870000215893, 159.288266138, 2.9490616622
3.5505649072, 1.4205705856, 1.40697646917, 1.00000069942, 5.10865770869, 1.09185209003, 5.62923784861, 1.26000049843, 1.00000074348, 5.18884362292, 5.27193262964, 1.08786927433, 2.41634451552, 1.11040979632, 1.01879465444, 1.37530852181, 1.07102189144, 1.10853114011, 7.91849589538, 1.00000026882, 1.00000020773, 114.359935363, 1.08018246421, 4.30362507949, 1.02879971223, 3.71137628334, 0.870000392274, 265.063002575, 1.60857908847
3.44600582574, 1.02379909777, 1.72853724486, 1.00000095681, 5.00158459857, 1.0607403552, 4.73456900966, 1.26000084535, 1.00000010688, 5.79027416226, 3.89273718631, 1.08250759414, 4.01471933447, 1.0987733635, 1.01133231347, 1.06959837613, 1.0538817565, 1.08818683821, 5.93183909112, 1.00000066455, 1.00000021477, 79.7814691377, 1.0311658771, 4.02491092983, 0.996022270817, 3.82738939919, 0.870000881863, 209.114744793, 2.14477211796
1.55271278004, 1.23390382754, 1.53034583728, 1.00000066778, 6.53018431618, 1.00094088264, 4.5620995263, 1.26000086642, 1.00000016416, 5.57324674971, 6.00346797098, 1.04719943974, 1.46214400036, 1.03120465961, 1.03455527192, 1.00427871272, 1.16189300773, 1.08048004095, 9.31850452893, 1.00000043401, 1.00000015818, 88.9011105998, 0.972681126109, 3.6148452836, 0.988912429177, 3.33133466473, 0.870000557193, 186.586481943, 2.68096514745
3.03486070507, 1.10967944209, 1.62078209918, 1.00000077563, 5.32930494828, 1.18258820195, 1.95703648805, 1.26000005752, 1.00000068548, 5.81100690937, 4.82578837854, 1.03608357613, 3.46544111952, 1.07708585143, 1.00568433389, 1.59671499497, 1.00706315239, 0.913511922848, 3.27122067041, 1.00000048973, 1.00000072724, 97.3359270746, 1.06987184142, 3.1817441654, 0.969370050287, 3.51772592942, 0.870000123825, 389.324176026, 0.804289544236
1.304770405, 1.39946484344, 1.73934637201, 1.00000071757, 6.15640383427, 1.02718549649, 4.43352120005, 1.26000001089, 1.00000099171, 5.85575885889, 3.32821044721, 1.07859381735, 3.58247422662, 1.03668258677, 1.07731124735, 1.01968831774, 1.08785322989, 0.998353109737, 8.7109903568, 1.00000015363, 1.00000073852, 81.0287749736, 0.935525058542, 1.56668300788, 1.01213941715, 3.65665435978, 0.870000549242, 397.138510403, 0.0
5.31388483807, 1.41184311576, 1.56991150331, 1.0000005202, 6.38689009452, 1.06716114368, 3.16528528196, 1.26000010193, 1.00000024443, 5.43942565277, 6.5061155016, 1.01016843514, 1.95214657856, 1.07379427174, 1.02272724457, 1.24550261322, 1.11277648632, 1.02991178628, 7.43092668911, 1.00000088136, 1.00000004302, 80.3673854712, 1.03657788703, 1.42744081726, 0.959138490318, 3.35701994602, 0.870000549242, 179.530070836, 3.48525469169
5.31388483807, 1.41184311576, 1.56991150331, 1.00000066778, 6.38689009452, 1.06254667818, 3.16528528196, 1.26000012479, 1.00000024443, 5.63199685512, 6.5061155016, 1.01016843514, 1.95214657856, 1.07379427174, 1.02272724457, 1.24550261322, 1.11277648632, 1.08048004095, 7.43092668911, 1.00000088136, 1.00000013383, 80.3673854712, 1.03657788703, 1.42744081726, 0.959138490318, 3.37256524691, 0.870000549242, 287.199813857, 1.60857908847
2.33155817996, 1.27785168982, 1.62995518446, 1.00000057812, 4.93125448182, 1.08606073627, 3.88375390947, 1.26000093341, 1.00000033164, 5.52425724663, 3.14453429742, 1.05239110368, 3.52482546373, 1.00748683977, 1.08776267514, 1.62650672945, 1.0610718467, 1.02227497737, 8.91974945151, 1.00000076767, 1.00000075602, 88.6116307796, 0.939048930601, 1.13973131624, 1.01423627774, 4.32929696492, 0.870000662807, 277.242300743, 2.14477211796
3.69994056183, 1.15071666922, 1.4726271068, 1.00000098431, 5.70129169948, 1.02752034886, 2.93710437344, 1.26000080918, 1.00000007741, 5.05570356669, 4.04259163543, 1.03698447015, 1.9963220191, 1.03551547896, 1.07831396862, 1.62321337969, 1.14532694078, 0.920797208984, 8.18361365732, 1.00000078409, 1.00000017686, 82.4744793076, 0.9210158385, 5.46643195509, 0.958213364867, 4.2752031198, 0.870000403763, 218.155980502, 2.41286863271
4.30301805522, 1.15319180717, 1.73934637201, 1.00000044222, 6.15640383427, 1.0072713863, 5.3651808141, 1.26000023212, 1.00000098524, 5.87647677536, 3.32821044721, 1.05415379865, 3.58247422662, 1.0110195717, 1.05305121096, 1.01427365083, 1.08785322989, 0.94378928288, 8.7109903568, 1.00000015363, 1.00000073852, 87.5995797783, 0.935525058542, 1.56668300788, 1.01213941715, 4.08740334195, 0.870000864206, 187.344934661, 2.9490616622
3.98756912238, 1.11952314496, 1.54616513208, 1.00000053341, 4.6428404709, 1.16681595114, 3.90094585537, 1.26000094014, 1.0000004607, 5.40551605924, 5.03433657504, 1.067827074, 1.12284182665, 1.03644031055, 1.03894385806, 1.54999031587, 1.14701125993, 1.07971151768, 8.62826091588, 1.000000526, 1.00000068756, 85.4937285192, 0.964686263833, 1.94316427586, 0.962009010751, 3.76889373936, 0.870000430659, 424.260648061, 1.34048257373
4.30301805522, 1.15319180717, 1.73934637201, 1.00000044222, 6.15640383427, 1.05726640211, 3.16528528196, 1.26000023212, 1.00000098524, 5.87647677536, 3.32821044721, 1.05415379865, 3.58247422662, 1.03668258677, 1.05305121096, 1.01968831774, 1.08785322989, 0.94378928288, 8.7109903568, 1.00000015363, 1.00000073852, 87.5995797783, 0.935525058542, 1.56668300788, 1.01213941715, 3.65665435978, 0.870000549242, 448.73152995, 0.536193029491
2.26103212924, 1.23649338768, 1.65891951949, 1.0000009924, 6.67134972044, 1.16781075262, 2.4905520979, 1.26000050419, 1.00000018278, 4.99275609047, 7.21024121056, 1.04616920196, 2.57304010644, 1.10661298188, 1.00325452088, 1.03893847348, 1.13005045415, 0.925414202778, 6.24969432811, 1.00000024131, 1.00000065327, 109.744303762, 1.07107357495, 1.97957063077, 0.955360962569, 3.79478316267, 0.870000484927, 477.510147048, 0.268096514745
2.01975813319, 1.41184311576, 1.73731222798, 1.00000031201, 5.91414129553, 1.05480560575, 2.88824190753, 1.26000021687, 1.00000008797, 5.91354420361, 3.18194836836, 1.09697420779, 3.78474578722, 1.03140252485, 1.04712900814, 1.5383385498, 1.13631232298, 0.933299899422, 6.65269841934, 1.00000011567, 1.00000083997, 123.635445068, 0.96846499624, 3.22666531672, 0.958928044504, 4.22346863722, 0.870000515644, 663.045181848, 0.0
1.81787225288, 1.4205705856, 1.42518188124, 1.00000018658, 5.33878807758, 1.18301301881, 1.39511743689, 1.26000005018, 1.00000016529, 5.58708200115, 3.77423123389, 1.00860910419, 3.25337944345, 1.05690275116, 1.01189796614, 1.30333003105, 1.08158407898, 1.08898803338, 5.9144815693, 1.00000051654, 1.00000023424, 123.635445068, 0.99355754082, 2.06678474234, 1.01927517708, 3.45151963184, 0.870000211772, 375.498760338, 1.87667560322
3.44600582574, 1.02379909777, 1.72853724486, 1.00000095681, 5.52528419632, 1.0607403552, 3.35077050285, 1.26000083474, 1.00000048296, 5.79027416226, 3.89273718631, 1.07891218306, 3.8017790703, 1.05423628205, 1.01133231347, 1.16795882686, 1.0538817565, 1.07282511648, 5.4991939408, 1.00000066455, 1.00000021477, 79.7814691377, 1.0311658771, 3.98618014977, 0.996022270817, 3.82738939919, 0.870000881863, 423.707862548, 1.60857908847
3.12784096618, 1.32279769671, 1.43738783854, 1.00000048688, 6.67134972044, 1.14636646326, 3.82164934577, 1.26000050419, 1.00000016163, 6.03721798698, 4.92043788325, 1.0487377464, 1.29633126684, 1.01544723021, 1.05613780863, 1.24319536527, 1.14551563755, 0.956676968601, 4.52059788215, 1.00000025961, 1.00000068928, 111.556936228, 0.977247980008, 3.11392862416, 0.954917626681, 3.57077494136, 0.870000480063, 356.921918668, 2.41286863271
2.03788908489, 1.3239416014, 1.62685443474, 1.00000097475, 4.48738656349, 1.07465542772, 3.32964568134, 1.26000035055, 1.00000071288, 5.47274034473, 5.70840635176, 1.08786927433, 2.725827678, 1.06550623007, 1.00485687782, 1.0404753792, 1.07397476683, 0.96509881367, 8.26284895024, 1.00000021073, 1.00000004603, 100.598130902, 1.06620538406, 1.45429548628, 1.02879971223, 4.22281099493, 0.870000385376, 290.286595151, 3.21715817694
5.25518457709, 1.36682426013, 1.55307664726, 1.00000012939, 4.90922204675, 1.07935984722, 4.83998573556, 1.26000057731, 1.00000058625, 5.90606411319, 5.59841691596, 1.0142549369, 2.74318167208, 1.06898784142, 1.00385254209, 1.30187036692, 1.00516183499, 1.09668438749, 7.04402273926, 1.00000010096, 1.00000019597, 78.8843832179, 1.01049560411, 5.81208244554, 0.997864884687, 3.92420767212, 0.870000561451, 312.840820545, 2.9490616622
3.39422965024, 1.23909343523, 1.68889545316, 1.00000022476, 5.04736902659, 1.13222890891, 1.83897827179, 1.2600005831, 1.00000025102, 4.98266655827, 7.0826897715, 1.01058872895, 2.19720808049, 1.11768697506, 1.04910945179, 1.01255390434, 1.06015905549, 0.987284744772, 3.91722552436, 1.00000035362, 1.00000023696, 104.926942485, 0.952119275052, 4.89354168691, 1.05182733565, 4.15718976694, 0.870000616576, 427.801649149, 1.34048257373
1.81787225288, 1.4205705856, 1.42518188124, 1.00000018658, 4.71693383576, 1.18301301881, 1.39511743689, 1.26000005018, 1.00000016529, 5.58708200115, 3.2331081405, 1.00860910419, 1.21783762626, 1.05690275116, 1.01189796614, 1.068147847, 1.08158407898, 1.08898803338, 5.9144815693, 1.00000051654, 1.00000023424, 123.635445068, 0.99355754082, 3.22666531672, 1.01927517708, 3.71137628334, 0.870000822784, 457.561291245, 0.804289544236
2.98415644628, 1.37319884144, 1.71778904852, 1.00000059774, 5.14082397638, 1.17307813198, 3.36122953419, 1.26000078863, 1.00000060412, 5.3083838196, 6.91256469548, 1.03042956498, 1.77289555439, 1.04271790595, 1.04284486645, 1.33157613799, 1.01391713558, 0.952402810963, 3.03551815185, 1.00000073438, 1.00000017989, 116.052966355, 0.973484171032, 1.28587640542, 0.953239027908, 4.18665947724, 0.870000142271, 512.71744603, 0.268096514745
3.5505649072, 1.07495803589, 1.43448335143, 1.00000070247, 5.33878807758, 1.03433764714, 2.03221459978, 1.26000006266, 1.00000074348, 5.13795281708, 5.27193262964, 1.08786927433, 3.53142098524, 1.11040979632, 1.01879465444, 1.37530852181, 1.07102189144, 1.10205306177, 7.91849589538, 1.00000019816, 1.00000020773, 100.799785732, 1.08018246421, 4.30362507949, 1.05563765653, 3.9135215756, 0.870000392274, 679.748093395, 0.0
5.0488441314, 1.07892425818, 1.64904271304, 1.00000052848, 4.60890939798, 1.15090305331, 4.0552621643, 1.26000016862, 1.00000042038, 5.18385840057, 3.82654396428, 1.04642130138, 3.81082539438, 1.06645316546, 1.03554904162, 1.1017113515, 1.08288151212, 0.960062584327, 4.5800837732, 1.00000091248, 1.00000007554, 101.488668907, 1.04800089689, 2.59868877609, 1.05163961709, 4.15368395199, 0.87000049252, 385.08811098, 2.68096514745
1.55271278004, 1.23390382754, 1.53034583728, 1.00000066778, 6.53018431618, 1.00094088264, 4.5620995263, 1.26000086642, 1.00000016416, 5.57324674971, 6.00346797098, 1.04719943974, 1.1848700512, 1.03120465961, 1.01189796614, 1.00427871272, 1.16189300773, 1.08048004095, 9.31850452893, 1.00000043401, 1.00000015818, 88.9011105998, 0.972681126109, 3.6148452836, 0.988912429177, 3.33133466473, 0.870000557193, 335.742108304, 4.28954423592
2.26103212924, 1.13805606319, 1.66039032257, 1.00000098151, 7.02839375498, 1.08817774542, 2.4905520979, 1.26000050419, 1.00000018278, 4.99275609047, 7.21024121056, 1.04616920196, 2.16631921303, 1.08014638615, 1.05228923255, 1.03893847348, 1.1488245409, 0.972942697729, 6.24969432811, 1.00000010247, 1.00000065327, 109.744303762, 1.07107357495, 1.97957063077, 0.955360962569, 3.6877461717, 0.870000419499, 457.478104342, 1.60857908847
4.05969380128, 1.23649338768, 1.35043209624, 1.0000009924, 6.67134972044, 1.16781075262, 2.4905520979, 1.26000050419, 1.00000018278, 4.99275609047, 7.21024121056, 1.04616920196, 2.57304010644, 1.10661298188, 1.05228923255, 1.03893847348, 1.14853045472, 0.974002290849, 6.24969432811, 1.00000024131, 1.00000065327, 109.744303762, 1.07107357495, 4.50169377983, 0.955360962569, 3.79478316267, 0.870000484927, 486.683181651, 1.34048257373
5.31388483807, 1.41184311576, 1.4883992338, 1.00000046119, 6.38689009452, 1.06716114368, 3.16528528196, 1.26000012479, 1.00000015959, 5.63199685512, 7.39097938646, 1.08873754044, 1.95214657856, 1.07379427174, 1.02272724457, 1.24550261322, 1.11277648632, 1.02991178628, 7.43092668911, 1.00000088136, 1.00000013383, 80.3673854712, 1.01354789506, 1.03251689454, 0.959138490318, 4.05113070962, 0.870000549242, 495.868814561, 1.07238605898
2.01975813319, 1.03193487368, 1.63781269771, 1.00000031201, 6.67720509715, 1.02931219709, 2.99533508394, 1.26000021687, 1.00000008797, 6.09953247734, 6.65605841057, 1.09697420779, 3.78474578722, 1.03140252485, 1.04720995512, 1.5383385498, 1.13631232298, 0.964993886585, 6.65269841934, 1.0000003455, 1.00000083997, 109.289242487, 0.96846499624, 5.39076992393, 0.958928044504, 4.22346863722, 0.870000515644, 560.145019261, 0.536193029491
1.81787225288, 1.4205705856, 1.42518188124, 1.0000005202, 4.71040924452, 1.18301301881, 1.35153487782, 1.26000005018, 1.00000027328, 5.58708200115, 3.77423123389, 1.00860910419, 1.95214657856, 1.05690275116, 1.01189796614, 1.30333003105, 1.08158407898, 1.08898803338, 5.9144815693, 1.00000070824, 1.00000038684, 87.8533297293, 0.99355754082, 2.06678474234, 1.02612387213, 3.65593017066, 0.870000151241, 715.15275884, 0.0
1.81787225288, 1.4205705856, 1.42518188124, 1.00000018658, 5.33878807758, 1.18301301881, 1.39511743689, 1.26000005018, 1.00000016529, 5.58708200115, 3.77423123389, 1.00860910419, 3.25337944345, 1.05690275116, 1.01189796614, 1.30333003105, 1.08158407898, 1.08898803338, 5.9144815693, 1.00000051654, 1.00000023424, 87.8533297293, 0.99355754082, 2.06678474234, 1.02612387213, 3.65593017066, 0.870000211772, 410.800829008, 2.68096514745
3.44600582574, 1.02379909777, 1.7349768578, 1.00000071757, 5.52528419632, 1.0607403552, 4.73456900966, 1.26000022766, 1.00000020887, 5.79027416226, 3.89273718631, 1.09345645506, 3.8017790703, 1.10995920779, 1.01133231347, 1.16795882686, 1.0538817565, 1.07282511648, 8.7109903568, 1.00000066455, 1.00000020444, 79.7814691377, 1.0311658771, 5.56747177583, 0.953048754337, 3.82738939919, 0.870000881863, 388.355049693, 3.75335120643
5.31388483807, 1.41184311576, 1.56991150331, 1.0000005202, 6.38689009452, 1.06716114368, 3.16528528196, 1.26000012479, 1.00000024443, 5.63199685512, 6.5061155016, 1.01016843514, 1.95214657856, 1.07379427174, 1.02272724457, 1.24550261322, 1.11277648632, 1.02991178628, 7.43092668911, 1.00000088136, 1.00000013383, 80.3673854712, 1.03657788703, 1.42744081726, 0.959138490318, 3.37256524691, 0.870000549242, 347.755271231, 6.97050938338
2.90930930452, 1.09547997452, 1.38942931391, 1.00000084714, 6.95302831758, 1.15601795226, 2.99616943839, 1.26000023345, 1.00000065691, 6.02730295112, 7.48750720073, 1.00705648773, 3.78703623048, 1.05946882883, 1.04276347775, 1.14025371134, 1.01525699381, 1.05822713379, 5.28159792942, 1.00000068995, 1.00000027783, 115.49522531, 0.917237230363, 1.3798032533, 0.993524102159, 3.90264071442, 0.870000853652, 498.066439022, 1.07238605898
5.70335806443, 1.1003620472, 1.73934911286, 1.00000097353, 5.29937602944, 1.08384745395, 5.21866268285, 1.26000004506, 1.00000043071, 5.17287916272, 7.07418140838, 1.03407172028, 3.04243929256, 1.02494518483, 1.02078824461, 1.34519506753, 1.07229958028, 0.929976133952, 8.38212124362, 1.00000065124, 1.00000067938, 92.2891531961, 1.01829294056, 4.87762827493, 0.969044426827, 3.44496419673, 0.870000414616, 580.18814832, 0.536193029491
5.31388483807, 1.41184311576, 1.56991150331, 1.00000066778, 6.38689009452, 1.06254667818, 3.16528528196, 1.26000012479, 1.00000024443, 5.63199685512, 6.5061155016, 1.01016843514, 1.95214657856, 1.07379427174, 1.02088360165, 1.24550261322, 1.11277648632, 1.08048004095, 6.41801740721, 1.00000088136, 1.00000013383, 80.3673854712, 1.03657788703, 1.42744081726, 0.959138490318, 3.37256524691, 0.870000549242, 803.228809379, 0.0
5.70854772507, 1.1003620472, 1.73934911286, 1.00000097353, 5.29937602944, 1.08384745395, 5.21866268285, 1.26000004506, 1.00000023273, 5.17287916272, 7.07418140838, 1.03407172028, 3.04243929256, 1.06164144705, 1.02078824461, 1.34519506753, 1.07229958028, 0.929976133952, 6.81379014824, 1.00000065124, 1.00000067938, 92.2891531961, 1.01829294056, 4.87762827493, 0.969044426827, 3.44496419673, 0.870000414616, 723.242028745, 0.268096514745
3.72821293455, 1.23909343523, 1.68889545316, 1.00000022476, 5.04736902659, 1.15599049146, 1.83897827179, 1.2600005831, 1.00000025102, 4.98266655827, 7.0826897715, 1.01058872895, 2.19720808049, 1.11768697506, 1.04910945179, 1.01255390434, 1.09737309738, 1.0023681763, 3.91722552436, 1.00000035362, 1.00000007823, 104.926942485, 0.952119275052, 4.89354168691, 1.05182733565, 4.15718976694, 0.870000561451, 478.280394056, 2.9490616622
5.70335806443, 1.06402452563, 1.5083244501, 1.00000097353, 4.26751858916, 1.08384745395, 5.21866268285, 1.26000004506, 1.00000059424, 5.17287916272, 4.56546163098, 1.04311739582, 3.04243929256, 1.05777050185, 1.02078824461, 1.34519506753, 1.02362797443, 0.929976133952, 6.81379014824, 1.00000039921, 1.00000061336, 92.2891531961, 1.00494117735, 3.54920443545, 0.954014692911, 3.44496419673, 0.870000662807, 488.664605012, 2.68096514745
1.47424433258, 1.4205705856, 1.42518188124, 1.00000018658, 5.33878807758, 1.18591651039, 4.95352265246, 1.26000005018, 1.0000000078, 5.58708200115, 3.53045222062, 1.01058872895, 3.90030751498, 1.05690275116, 1.00794710192, 1.22437378031, 1.13547450167, 1.08898803338, 5.51315333936, 1.00000051654, 1.00000023424, 93.7638455451, 0.979668762973, 1.71516609372, 1.05182733565, 3.65593017066, 0.870000471278, 511.145395747, 2.41286863271
5.70335806443, 1.06402452563, 1.5330920527, 1.00000098431, 4.26751858916, 1.08384745395, 5.21866268285, 1.26000004506, 1.00000054865, 5.86211586971, 7.12320942042, 1.04207431959, 3.04243929256, 1.03132646319, 1.02078824461, 1.34519506753, 1.04380992858, 0.929976133952, 6.81379014824, 1.00000065124, 1.00000061336, 92.2891531961, 1.0288452494, 5.13823834736, 0.954014692911, 3.3849950938, 0.870000522833, 518.394552159, 2.14477211796
3.69994056183, 1.02812366979, 1.4726271068, 1.00000044345, 5.70129169948, 1.02752034886, 3.17983905829, 1.26000080918, 1.00000007741, 5.05570356669, 4.04259163543, 1.03698447015, 1.9963220191, 1.03551547896, 1.07831396862, 1.62321337969, 1.14532694078, 0.920797208984, 8.18361365732, 1.00000078409, 1.00000017686, 82.4744793076, 0.942868524588, 5.46643195509, 0.958213364867, 4.2752031198, 0.870000403763, 532.882560196, 1.87667560322
5.25567587723, 1.33901117945, 1.35088400488, 1.00000004967, 5.09509212322, 1.18525508528, 2.18307684682, 1.26000048447, 1.00000030067, 5.53219641837, 4.02664277036, 1.01147134328, 1.09215497307, 1.10340403951, 1.00961517452, 1.43907959058, 1.11613096522, 1.03133938848, 7.65002841751, 1.00000065256, 1.00000014543, 81.5544797007, 0.931754665901, 4.29278373924, 1.06472885383, 4.18327062765, 0.870000541541, 658.698698453, 0.536193029491
2.98415644628, 1.37319884144, 1.71778904852, 1.00000059774, 5.14082397638, 1.17307813198, 1.06171404663, 1.26000078863, 1.00000060412, 5.3083838196, 6.91256469548, 1.03042956498, 1.77289555439, 1.04271790595, 1.04284486645, 1.33157613799, 1.01391713558, 0.952402810963, 3.03551815185, 1.00000073438, 1.00000017989, 116.052966355, 0.973484171032, 1.28587640542, 0.953239027908, 4.18665947724, 0.870000535104, 594.921404953, 1.07238605898
2.98415644628, 1.37319884144, 1.71778904852, 1.00000059774, 5.14082397638, 1.17307813198, 3.36122953419, 1.26000078863, 1.00000060412, 6.07472479757, 6.91256469548, 1.03042956498, 1.77289555439, 1.04271790595, 1.08852204874, 1.33157613799, 1.01391713558, 0.965342675872, 3.89523124612, 1.00000073438, 1.00000017989, 80.9188916578, 0.973484171032, 1.28587640542, 0.99031809391, 4.34328751136, 0.870000142271, 811.523556325, 0.0
1.47424433258, 1.4205705856, 1.42518188124, 1.00000018658, 5.33878807758, 1.18591651039, 4.95352265246, 1.26000005018, 1.0000000078, 5.58708200115, 3.53045222062, 1.01058872895, 3.90030751498, 1.05690275116, 1.00794710192, 1.1853360178, 1.13547450167, 1.08898803338, 5.51315333936, 1.00000028816, 1.00000023424, 104.459770538, 0.979668762973, 1.71516609372, 1.05182733565, 3.65593017066, 0.870000471278, 737.097694367, 0.268096514745
2.26103212924, 1.23649338768, 1.389317763, 1.00000098074, 6.67134972044, 1.08817774542, 2.4905520979, 1.26000050419, 1.00000066226, 4.99275609047, 7.21024121056, 1.04616920196, 2.57304010644, 1.10661298188, 1.05228923255, 1.03893847348, 1.14853045472, 0.974002290849, 6.24969432811, 1.00000024131, 1.00000065327, 109.744303762, 1.07107357495, 1.97957063077, 0.955360962569, 4.05428721174, 0.870000721598, 503.983330848, 3.21715817694
3.69994056183, 1.02812366979, 1.4726271068, 1.00000044345, 5.70129169948, 1.02752034886, 3.17983905829, 1.26000080918, 1.00000007741, 5.05570356669, 4.04259163543, 1.03698447015, 1.9963220191, 1.03551547896, 1.07831396862, 1.62321337969, 1.1348890203, 0.920797208984, 8.92184608793, 1.00000078409, 1.00000017686, 82.4744793076, 0.942868524588, 5.46643195509, 0.958213364867, 4.2752031198, 0.870000403763, 582.582248967, 2.68096514745
2.28362943343, 1.30085685414, 1.46707987743, 1.00000053603, 6.36849205882, 1.02534967715, 1.46881187314, 1.26000062776, 1.000000744, 6.14177008898, 5.67610746419, 1.00161299878, 1.03338378602, 1.10685313813, 1.05253784444, 1.54198969627, 1.07229958028, 0.987284744772, 6.72231895514, 1.00000038664, 1.00000078095, 110.360714408, 1.08950356364, 5.56747177583, 1.05182733565, 3.42204261289, 0.87000063063, 577.008973761, 2.9490616622
3.37985535677, 1.1594969001, 1.65500272924, 1.00000030726, 5.7362722842, 1.05859786749, 2.76335555825, 1.26000064879, 1.00000067329, 5.18434583791, 5.41730307166, 1.0611214189, 1.23923695719, 1.00272756175, 1.06604104983, 1.13043078448, 1.16462143952, 0.976134985863, 9.47707473284, 1.00000095536, 1.00000019706, 75.3682602675, 1.05846431381, 1.89765834417, 1.05101116676, 3.53961716033, 0.870000210549, 615.418939461, 1.60857908847
4.36877634792, 1.23394610192, 1.64762000939, 1.00000046119, 6.05165927508, 1.04217714834, 3.03165552555, 1.26000005018, 1.00000055353, 5.33704564433, 7.39097938646, 1.08665984863, 3.78233621871, 1.03543952634, 1.00605088301, 1.14156397152, 1.09804397955, 1.06444780721, 4.49445030889, 1.00000085617, 1.00000040697, 94.2170207261, 0.999663942046, 2.5964267515, 0.968407323536, 4.05113070962, 0.870000497842, 650.413916902, 1.07238605898
5.77909735829, 1.35627927102, 1.68507065793, 1.00000088857, 4.54716557104, 1.01909799331, 1.83897827179, 1.26000085142, 1.00000083225, 5.0195173671, 6.48095704485, 1.07891218306, 1.85237421045, 1.04941400193, 1.01105768535, 1.07944702484, 1.06965102075, 1.0421014236, 5.93183909112, 1.00000036611, 1.00000095535, 124.745926017, 1.07123257732, 3.17125225893, 1.05163961709, 4.16869970379, 0.870000468077, 1061.544971, 0.0
2.26103212924, 1.23649338768, 1.389317763, 1.0000009924, 6.67134972044, 1.16781075262, 2.4905520979, 1.26000050419, 1.00000018278, 4.99275609047, 7.21024121056, 1.04616920196, 2.57304010644, 1.10661298188, 1.05228923255, 1.03893847348, 1.14853045472, 0.974002290849, 6.24969432811, 1.00000024131, 1.00000065327, 109.744303762, 1.07107357495, 1.97957063077, 0.955360962569, 3.79478316267, 0.870000484927, 764.657613984, 0.804289544236
2.87554646497, 1.27785168982, 1.66215542609, 1.00000057812, 6.79200421061, 1.08606073627, 3.88375390947, 1.26000005234, 1.00000033164, 5.52425724663, 4.56546163098, 1.05239110368, 3.85167021882, 1.00748683977, 1.07405380201, 1.48594863284, 1.07328669809, 0.925414202778, 9.08835379773, 1.00000086294, 1.00000075602, 88.5675379592, 0.939048930601, 1.62382549391, 1.01070959609, 4.32545558243, 0.870000662807, 851.938332904, 0.536193029491
1.81787225288, 1.4205705856, 1.42518188124, 1.00000026643, 4.71040924452, 1.18301301881, 1.08308951604, 1.26000005018, 1.00000027328, 5.58708200115, 3.77423123389, 1.00860910419, 3.41210925384, 1.04986388941, 1.01189796614, 1.30333003105, 1.08158407898, 1.08898803338, 5.9144815693, 1.00000070824, 1.0000007042, 87.8533297293, 0.99355754082, 2.06678474234, 1.02612387213, 3.65593017066, 0.870000151241, 508.320331131, 4.02144772118
5.25518457709, 1.36682426013, 1.55307664726, 1.00000012939, 4.90922204675, 1.07935984722, 4.83998573556, 1.26000057731, 1.00000058625, 5.90606411319, 5.59841691596, 1.0142549369, 2.74318167208, 1.06898784142, 1.00330282185, 1.30187036692, 1.00516183499, 1.0833859694, 7.04402273926, 1.00000010096, 1.00000019597, 78.8843832179, 1.01049560411, 3.74559144337, 0.997864884687, 3.92420767212, 0.870000561451, 577.345084045, 2.9490616622
2.28362943343, 1.30085685414, 1.46707987743, 1.00000053603, 6.36849205882, 1.02534967715, 5.54724865347, 1.26000062776, 1.000000744, 6.14177008898, 5.67610746419, 1.07914052382, 1.03338378602, 1.10685313813, 1.05253784444, 1.54198969627, 1.07229958028, 0.99514354301, 6.72231895514, 1.00000038664, 1.00000078095, 110.360714408, 1.01829294056, 5.56747177583, 0.968626594684, 3.42204261289, 0.87000063063, 673.715980305, 1.07238605898
4.84206005277, 1.32718802608, 1.50821111706, 1.0000001835, 6.96603626637, 1.1715923337, 4.43352120005, 1.2600003652, 1.00000015647, 6.14578498679, 7.76379803375, 1.01854538454, 3.28404879706, 1.10864881399, 1.03831743158, 1.11185328192, 1.10520948547, 1.09113223024, 5.64457393125, 1.00000036456, 1.00000082488, 86.783708974, 0.976119495373, 1.4681035239, 0.990152443226, 4.26957344947, 0.870000176838, 1163.4702822, 0.0
3.39422965024, 1.19308686764, 1.68889545316, 1.000000747, 5.04736902659, 1.13222890891, 5.1509537985, 1.26000030412, 1.00000030194, 4.99374537006, 7.0826897715, 1.00161299878, 1.47641639605, 1.11768697506, 1.04910945179, 1.10304449563, 1.12810885963, 0.987284744772, 6.49759203034, 1.00000035362, 1.0000001002, 104.926942485, 1.08950356364, 3.94499376482, 1.05182733565, 4.17542316393, 0.870000235391, 942.362168236, 0.536193029491
1.99316352092, 1.14323855905, 1.62685443474, 1.0000004155, 7.01390055182, 1.0325783664, 5.77166858646, 1.26000028871, 1.00000085811, 5.79369514082, 3.51855009226, 1.0582654022, 2.36886768224, 1.06550623007, 1.00079894785, 1.41880959317, 1.12505498031, 1.08903068269, 8.18361365732, 1.00000065256, 1.0000006933, 87.8533297293, 1.01685221087, 2.36783653845, 1.02150373473, 3.75492072296, 0.870000215893, 669.290169531, 3.75335120643
5.70335806443, 1.1003620472, 1.73934911286, 1.00000097353, 5.29937602944, 1.08384745395, 5.21866268285, 1.26000004506, 1.00000023273, 5.17287916272, 7.07418140838, 1.03407172028, 3.04243929256, 1.06164144705, 1.02078824461, 1.34519506753, 1.07229958028, 0.929976133952, 6.81379014824, 1.00000065124, 1.00000067938, 92.2891531961, 1.01829294056, 4.87762827493, 0.969044426827, 3.44496419673, 0.870000414616, 684.858681916, 1.60857908847
4.36877634792, 1.23394610192, 1.64762000939, 1.00000046119, 6.05165927508, 1.04217714834, 4.39636898612, 1.26000042484, 1.00000055353, 5.33704564433, 7.39097938646, 1.08665984863, 3.78233621871, 1.03543952634, 1.00605088301, 1.14156397152, 1.09804397955, 1.06444780721, 4.49445030889, 1.00000085617, 1.00000040697, 94.2170207261, 0.999663942046, 2.5964267515, 0.968407323536, 4.05113070962, 0.870000497842, 1178.04997969, 0.268096514745
1.73516735158, 1.16525214763, 1.66207621987, 1.00000033532, 4.84330907417, 1.07733970388, 1.94713410442, 1.26000018155, 1.00000037009, 5.51054832544, 7.40911178069, 1.09654651403, 3.25836341563, 1.08363107176, 1.04201839705, 1.12607511048, 1.11430637557, 0.975807866933, 7.11085888849, 1.00000067346, 1.0000009281, 104.518692508, 0.913822174017, 1.84198480762, 1.01455092775, 3.49366368852, 0.870000172546, 1190.2924627, 0.0
3.5505649072, 1.07495803589, 1.43448335143, 1.00000070247, 5.10865770869, 1.09185209003, 2.03221459978, 1.26000006266, 1.00000074348, 5.18884362292, 5.27193262964, 1.08786927433, 3.53142098524, 1.11040979632, 1.01879465444, 1.37530852181, 1.07102189144, 1.10205306177, 7.91849589538, 1.00000034254, 1.00000020773, 110.360714408, 1.08018246421, 4.30362507949, 1.05563765653, 3.9135215756, 0.870000392274, 1003.97772769, 1.07238605898
1.39009975265, 1.4205705856, 1.34550014413, 1.00000018658, 5.33878807758, 1.18301301881, 1.39511743689, 1.26000005018, 1.00000016529, 5.58708200115, 3.77423123389, 1.00860910419, 2.42210217992, 1.05690275116, 1.02105742088, 1.30333003105, 1.08158407898, 1.08898803338, 5.9144815693, 1.00000051654, 1.00000038684, 123.635445068, 0.99355754082, 2.06678474234, 1.01927517708, 3.65593017066, 0.870000211772, 964.286345254, 1.34048257373
4.65316661762, 1.14323855905, 1.62685443474, 1.0000004155, 7.01390055182, 1.06146831866, 5.77166858646, 1.26000028871, 1.00000085811, 5.79369514082, 3.51855009226, 1.0582654022, 2.1537501581, 1.06550623007, 1.02077439373, 1.41880959317, 1.16293272467, 1.07306101227, 8.18361365732, 1.00000026614, 1.0000006933, 87.8533297293, 1.01685221087, 5.46971824297, 1.02150373473, 3.75492072296, 0.870000215893, 702.22690912, 1.87667560322
3.44600582574, 1.02379909777, 1.65006375086, 1.00000095681, 5.00158459857, 1.0607403552, 4.73456900966, 1.26000084535, 1.0000005561, 5.79027416226, 3.89273718631, 1.08250759414, 3.41573210691, 1.0987733635, 1.01133231347, 1.06959837613, 1.0538817565, 1.07282511648, 7.87556250918, 1.00000066455, 1.00000021477, 79.7814691377, 1.0311658771, 3.69889896285, 0.996022270817, 3.82738939919, 0.870000881863, 1336.73598068, 0.0
1.52409947724, 1.37319884144, 1.71778904852, 1.00000059774, 4.98712204004, 1.17307813198, 3.36122953419, 1.26000078863, 1.00000060412, 5.3083838196, 6.91256469548, 1.07900000715, 1.77289555439, 1.04271790595, 1.04284486645, 1.33157613799, 1.01391713558, 0.952402810963, 3.03551815185, 1.00000073438, 1.00000017989, 116.052966355, 0.973484171032, 1.28587640542, 0.953239027908, 4.18665947724, 0.870000142271, 1215.820113, 0.536193029491
4.36877634792, 1.39715037891, 1.64762000939, 1.00000006099, 6.05483070452, 1.04217714834, 4.50221291867, 1.26000042484, 1.00000055353, 5.33704564433, 4.39286287586, 1.08665984863, 3.78233621871, 1.03543952634, 1.00605088301, 1.14156397152, 1.09804397955, 1.06444780721, 8.83814277401, 1.00000085617, 1.00000040697, 82.2092247826, 1.0062532956, 2.5964267515, 0.968407323536, 4.05113070962, 0.870000497842, 1048.17797317, 1.07238605898
