0.0, 3.0, -1.0, -1.0, -1.0, 2.0, 2.0, 3.0, 1.0, -1.0, -1.0, -1.0, 1.0, 0.0, 0.0, 2.0, -1.0, -1.0, 1.0, -1.0, -1.0, 0.0, 0.0, -1.0, -1.0, 1.0, -1.0, 0.0, 1.0, -1.0, 0.0, 3.0, 1.0, 1.0, 0.0, 2.0, 1.0, 1.0, 2.0, 0.0, 0.0, 0.0, -1.0, 2.0, -1.0, 1.0, 0.0, 0.0, 1.0, 3.0, 96369.0, 469.0
0.0, 3.0, -1.0, -1.0, -1.0, 2.0, 2.0, 3.0, 1.0, -1.0, -1.0, -1.0, 1.0, 0.0, 0.0, 2.0, -1.0, -1.0, 1.0, -1.0, -1.0, 2.0, 0.0, -1.0, 0.0, 1.0, -1.0, 0.0, 1.0, -1.0, 0.0, 3.0, 1.0, 1.0, 0.0, 2.0, 1.0, 1.0, 2.0, 0.0, 0.0, 0.0, -1.0, 2.0, -1.0, 1.0, 0.0, 0.0, 2.0, 3.0, 96304.0, 482.0
0.0, 3.0, -1.0, -1.0, -1.0, 2.0, 2.0, 3.0, 1.0, -1.0, -1.0, -1.0, 1.0, 0.0, 0.0, 2.0, -1.0, -1.0, 1.0, -1.0, -1.0, 0.0, 0.0, -1.0, -1.0, 1.0, -1.0, 0.0, 1.0, -1.0, 0.0, 3.0, 1.0, 1.0, 0.0, 2.0, 1.0, 1.0, 2.0, 0.0, 0.0, 0.0, -1.0, 2.0, -1.0, 1.0, 0.0, 0.0, 1.0, 3.0, 96369.0, 469.0
0.0, 3.0, -1.0, -1.0, -1.0, 2.0, 2.0, 3.0, 1.0, -1.0, -1.0, -1.0, 0.0, 0.0, 0.0, 2.0, -1.0, -1.0, 1.0, -1.0, -1.0, 2.0, 0.0, -1.0, -1.0, 1.0, -1.0, 0.0, 1.0, -1.0, 0.0, 3.0, 1.0, 1.0, 0.0, 2.0, 1.0, 1.0, 2.0, 0.0, 0.0, 0.0, -1.0, 2.0, -1.0, 0.0, 0.0, 0.0, -1.0, 3.0, 96490.0, 459.0
0.0, 3.0, -1.0, -1.0, -1.0, 2.0, 0.0, 3.0, 1.0, -1.0, -1.0, -1.0, -1.0, 0.0, 0.0, 2.0, -1.0, -1.0, 1.0, -1.0, -1.0, 2.0, 0.0, -1.0, -1.0, 1.0, -1.0, 0.0, 1.0, -1.0, 0.0, 3.0, 1.0, 0.0, 0.0, 2.0, 1.0, 1.0, 2.0, 0.0, 0.0, 0.0, -1.0, 2.0, -1.0, 1.0, 0.0, 0.0, -1.0, 3.0, 96564.0, 448.0
1.0, 0.0, -1.0, 0.0, 1.0, -1.0, 1.0, 2.0, 0.0, -1.0, -1.0, 2.0, 0.0, 0.0, 1.0, 2.0, 2.0, -1.0, 0.0, 1.0, 0.0, 0.0, 2.0, 1.0, 3.0, -1.0, 2.0, 0.0, 2.0, -1.0, 1.0, 1.0, 0.0, -1.0, 2.0, 1.0, 1.0, 2.0, 1.0, 0.0, 0.0, 2.0, -1.0, 0.0, -1.0, 0.0, 2.0, 2.0, 2.0, -1.0, 95831.0, 539.0
0.0, 3.0, -1.0, -1.0, -1.0, 2.0, 2.0, 3.0, 1.0, -1.0, -1.0, -1.0, 1.0, 0.0, 0.0, 2.0, -1.0, -1.0, 1.0, -1.0, -1.0, 2.0, 0.0, -1.0, 0.0, 1.0, -1.0, 0.0, 1.0, -1.0, 0.0, 3.0, 1.0, 1.0, 0.0, 2.0, 1.0, 1.0, 2.0, 0.0, 0.0, 0.0, -1.0, 2.0, -1.0, 1.0, 0.0, 0.0, 2.0, 3.0, 96304.0, 482.0
0.0, 3.0, -1.0, -1.0, -1.0, 2.0, 2.0, 3.0, 1.0, -1.0, -1.0, -1.0, 1.0, 0.0, 0.0, 2.0, -1.0, -1.0, 1.0, -1.0, -1.0, 0.0, 0.0, -1.0, -1.0, 1.0, -1.0, 0.0, 2.0, -1.0, 0.0, 3.0, 1.0, 1.0, 0.0, 2.0, 1.0, 1.0, 2.0, 0.0, 0.0, 0.0, -1.0, 2.0, -1.0, 1.0, 0.0, 0.0, 1.0, 3.0, 96391.0, 469.0
0.0, 3.0, -1.0, -1.0, -1.0, 2.0, 2.0, 3.0, 1.0, -1.0, -1.0, -1.0, 1.0, 0.0, 0.0, 2.0, -1.0, -1.0, 1.0, -1.0, -1.0, 0.0, 0.0, -1.0, -1.0, 1.0, -1.0, 0.0, 2.0, -1.0, 0.0, 3.0, 1.0, 1.0, 0.0, 2.0, 1.0, 1.0, 2.0, 0.0, 0.0, 0.0, -1.0, 2.0, -1.0, 1.0, 0.0, 0.0, 1.0, 3.0, 96391.0, 469.0
0.0, 3.0, -1.0, -1.0, -1.0, 2.0, 2.0, 3.0, 1.0, -1.0, -1.0, -1.0, 1.0, 0.0, 0.0, 2.0, -1.0, -1.0, 1.0, -1.0, -1.0, 0.0, 0.0, -1.0, -1.0, 1.0, -1.0, 0.0, 2.0, -1.0, 0.0, 3.0, 1.0, 1.0, 0.0, 2.0, 1.0, 1.0, 2.0, 0.0, 0.0, 0.0, -1.0, 2.0, -1.0, 1.0, 0.0, 0.0, 1.0, 3.0, 96391.0, 469.0
0.0, 3.0, -1.0, -1.0, -1.0, 2.0, 2.0, 3.0, 1.0, -1.0, -1.0, -1.0, -1.0, 0.0, 0.0, 2.0, -1.0, -1.0, 1.0, -1.0, -1.0, 2.0, 0.0, -1.0, -1.0, 1.0, -1.0, 0.0, 1.0, -1.0, 0.0, 3.0, 1.0, 0.0, 0.0, 2.0, 1.0, 1.0, 2.0, 0.0, 0.0, 0.0, -1.0, 2.0, -1.0, 1.0, 0.0, 0.0, -1.0, 3.0, 96610.0, 448.0
0.0, 3.0, -1.0, -1.0, -1.0, 2.0, 2.0, 3.0, 1.0, -1.0, -1.0, -1.0, 0.0, 0.0, 0.0, 2.0, -1.0, -1.0, 1.0, -1.0, -1.0, 2.0, 0.0, -1.0, -1.0, 1.0, -1.0, 0.0, 1.0, -1.0, 0.0, 3.0, 1.0, 1.0, 0.0, 2.0, 1.0, 1.0, 2.0, 0.0, 0.0, 0.0, -1.0, 2.0, -1.0, 1.0, 0.0, 0.0, -1.0, 3.0, 96528.0, 459.0
0.0, 3.0, -1.0, -1.0, -1.0, 2.0, 2.0, 3.0, 1.0, -1.0, -1.0, -1.0, -1.0, 0.0, 0.0, 2.0, -1.0, -1.0, 1.0, -1.0, -1.0, 2.0, 0.0, -1.0, -1.0, 1.0, -1.0, 0.0, 1.0, -1.0, 0.0, 3.0, 1.0, 0.0, 0.0, 2.0, 1.0, 1.0, 2.0, 0.0, 0.0, 0.0, -1.0, 2.0, -1.0, 1.0, 0.0, 0.0, -1.0, 3.0, 96610.0, 448.0
0.0, 3.0, -1.0, -1.0, -1.0, 2.0, 2.0, 3.0, 1.0, -1.0, -1.0, -1.0, 0.0, 0.0, 0.0, 2.0, -1.0, -1.0, 1.0, -1.0, -1.0, 2.0, 0.0, -1.0, -1.0, 1.0, -1.0, 0.0, 1.0, -1.0, 0.0, 3.0, 1.0, 1.0, 0.0, 2.0, 1.0, 1.0, 2.0, 0.0, 0.0, 0.0, -1.0, 2.0, -1.0, 1.0, 0.0, 0.0, -1.0, 3.0, 96528.0, 459.0
0.0, 3.0, -1.0, -1.0, -1.0, 2.0, 2.0, 3.0, 1.0, -1.0, -1.0, -1.0, -1.0, 0.0, 0.0, 2.0, -1.0, -1.0, 1.0, -1.0, -1.0, 2.0, 0.0, -1.0, -1.0, 1.0, -1.0, 0.0, 1.0, -1.0, 0.0, 3.0, 1.0, 0.0, 0.0, 2.0, 1.0, 1.0, 2.0, 0.0, 0.0, 0.0, -1.0, 2.0, -1.0, 1.0, 0.0, 0.0, -1.0, 3.0, 96610.0, 448.0
0.0, 3.0, -1.0, -1.0, -1.0, 2.0, 2.0, 3.0, 1.0, -1.0, -1.0, -1.0, 0.0, 0.0, 0.0, 2.0, -1.0, -1.0, 1.0, -1.0, -1.0, 2.0, 0.0, -1.0, -1.0, 1.0, -1.0, 0.0, 1.0, -1.0, 0.0, 3.0, 1.0, 1.0, 0.0, 2.0, 1.0, 1.0, 2.0, 0.0, 0.0, 0.0, -1.0, 2.0, -1.0, 1.0, 0.0, 0.0, -1.0, 3.0, 96528.0, 459.0
0.0, 3.0, -1.0, -1.0, -1.0, 2.0, 2.0, 3.0, 1.0, -1.0, -1.0, -1.0, -1.0, 0.0, 0.0, 2.0, -1.0, -1.0, 1.0, -1.0, -1.0, 2.0, 0.0, -1.0, -1.0, 1.0, -1.0, 0.0, 1.0, -1.0, 0.0, 3.0, 1.0, 0.0, 0.0, 2.0, 1.0, 1.0, 2.0, 0.0, 0.0, 0.0, -1.0, 2.0, -1.0, 1.0, 0.0, 0.0, -1.0, 3.0, 96610.0, 448.0
0.0, 3.0, -1.0, -1.0, -1.0, 2.0, 2.0, 3.0, 1.0, -1.0, -1.0, -1.0, -1.0, 0.0, 0.0, 2.0, -1.0, -1.0, 1.0, -1.0, -1.0, 2.0, 0.0, -1.0, -1.0, 1.0, -1.0, 0.0, 1.0, -1.0, 0.0, 3.0, 1.0, 0.0, 0.0, 2.0, 1.0, 1.0, 2.0, 0.0, 0.0, 0.0, -1.0, 2.0, -1.0, 1.0, 0.0, 0.0, -1.0, 3.0, 96610.0, 448.0
0.0, 3.0, -1.0, -1.0, -1.0, 2.0, 2.0, 3.0, 1.0, -1.0, -1.0, -1.0, -1.0, 0.0, 0.0, 2.0, -1.0, -1.0, 1.0, -1.0, -1.0, 2.0, 0.0, -1.0, -1.0, 1.0, -1.0, 0.0, 1.0, -1.0, 0.0, 3.0, 1.0, 0.0, 0.0, 2.0, 1.0, 1.0, 2.0, 0.0, 0.0, 0.0, -1.0, 2.0, -1.0, 1.0, 0.0, 0.0, -1.0, 3.0, 96610.0, 448.0
0.0, 3.0, -1.0, -1.0, -1.0, 2.0, 2.0, 3.0, 1.0, -1.0, -1.0, -1.0, 0.0, 0.0, 0.0, 2.0, -1.0, -1.0, 1.0, -1.0, -1.0, 2.0, 0.0, -1.0, -1.0, 1.0, -1.0, 0.0, 1.0, -1.0, 0.0, 3.0, 1.0, 1.0, 0.0, 2.0, 1.0, 1.0, 2.0, 0.0, 0.0, 0.0, -1.0, 2.0, -1.0, 1.0, 0.0, 0.0, -1.0, 3.0, 96528.0, 459.0
0.0, 3.0, -1.0, -1.0, -1.0, 2.0, 2.0, 3.0, 1.0, -1.0, -1.0, -1.0, -1.0, 0.0, 0.0, 2.0, -1.0, -1.0, 1.0, -1.0, -1.0, 2.0, 0.0, -1.0, -1.0, 1.0, -1.0, 0.0, 1.0, -1.0, 0.0, 3.0, 1.0, 0.0, 0.0, 2.0, 1.0, 1.0, 2.0, 0.0, 0.0, 0.0, -1.0, 2.0, -1.0, 1.0, 0.0, 0.0, -1.0, 3.0, 96610.0, 448.0
0.0, 3.0, -1.0, -1.0, -1.0, 2.0, 2.0, 3.0, 1.0, -1.0, -1.0, -1.0, 0.0, 0.0, 0.0, 2.0, -1.0, -1.0, 1.0, -1.0, -1.0, 2.0, 0.0, -1.0, -1.0, 1.0, -1.0, 0.0, 1.0, -1.0, 0.0, 3.0, 1.0, 1.0, 0.0, 2.0, 1.0, 1.0, 2.0, 0.0, 0.0, 0.0, -1.0, 2.0, -1.0, 1.0, 0.0, 0.0, -1.0, 3.0, 96528.0, 459.0
0.0, 3.0, -1.0, -1.0, -1.0, 2.0, 2.0, 3.0, 1.0, -1.0, -1.0, -1.0, -1.0, 0.0, 0.0, 2.0, -1.0, -1.0, 1.0, -1.0, -1.0, 2.0, 0.0, -1.0, -1.0, 1.0, -1.0, 0.0, 1.0, -1.0, 0.0, 3.0, 1.0, 0.0, 0.0, 2.0, 1.0, 1.0, 2.0, 0.0, 0.0, 0.0, -1.0, 2.0, -1.0, 1.0, 0.0, 0.0, -1.0, 3.0, 96610.0, 448.0
0.0, 3.0, -1.0, -1.0, -1.0, 2.0, 2.0, 3.0, 1.0, -1.0, -1.0, -1.0, -1.0, 0.0, 0.0, 2.0, -1.0, -1.0, 1.0, -1.0, -1.0, 2.0, 0.0, -1.0, -1.0, 1.0, -1.0, 0.0, 1.0, -1.0, 0.0, 3.0, 1.0, 0.0, 0.0, 2.0, 1.0, 1.0, 2.0, 0.0, 0.0, 0.0, -1.0, 2.0, -1.0, 1.0, 0.0, 0.0, -1.0, 3.0, 96610.0, 448.0
0.0, 3.0, -1.0, -1.0, -1.0, 2.0, 2.0, 3.0, 1.0, -1.0, -1.0, -1.0, 1.0, 0.0, 0.0, 2.0, -1.0, -1.0, 1.0, -1.0, -1.0, 0.0, 0.0, -1.0, -1.0, 1.0, -1.0, 0.0, 2.0, -1.0, 0.0, 3.0, 1.0, 1.0, 0.0, 2.0, 1.0, 1.0, 2.0, 0.0, 1.0, 0.0, -1.0, 2.0, -1.0, 1.0, 0.0, 0.0, 1.0, 3.0, 96416.0, 469.0
1.0, -1.0, 0.0, -1.0, 1.0, -1.0, 1.0, 2.0, 0.0, -1.0, -1.0, 2.0, 0.0, 0.0, 1.0, 3.0, 2.0, 2.0, 0.0, 1.0, 1.0, 0.0, 2.0, 1.0, 0.0, -1.0, 2.0, 3.0, 2.0, -1.0, 0.0, 1.0, 2.0, -1.0, 2.0, 0.0, 1.0, 2.0, 1.0, 0.0, -1.0, 2.0, 2.0, 0.0, -1.0, 0.0, 2.0, 0.0, 0.0, -1.0, 95860.0, 545.0
