1.0, 1.0, 1.0, -1.0, 3.0, 3.0, 0.0, 3.0, 0.0, 1.0, -1.0, 3.0, 1.0, 0.0, 3.0, -1.0, -1.0, -1.0, 0.0, 1.0, 0.0, 0.0, 0.0, 2.0, 1.0, 2.0, 3.0, 1.0, 3.0, 2.0, 2.0, -1.0, -1.0, 2.0, -1.0, 3.0, 1.0, -1.0, -1.0, -1.0, 2.0, -1.0, 2.0, 2.0, 1.0, 0.0, 0.0, 2.0, 2.0, -1.0, 505.0, 99532.0
-1.0, 1.0, -1.0, -1.0, 2.0, 0.0, -1.0, -1.0, 2.0, 0.0, -1.0, 1.0, 3.0, 2.0, 0.0, 1.0, 3.0, 3.0, 0.0, 1.0, 1.0, 2.0, -1.0, 1.0, -1.0, 0.0, -1.0, -1.0, 2.0, 0.0, 3.0, 0.0, -1.0, 2.0, -1.0, 3.0, 1.0, 3.0, 2.0, 0.0, 1.0, -1.0, 2.0, 0.0, 1.0, 2.0, 0.0, -1.0, -1.0, 2.0, 477.0, 99555.0
-1.0, 1.0, -1.0, -1.0, 2.0, 0.0, -1.0, -1.0, 2.0, 0.0, -1.0, 1.0, 3.0, 2.0, 0.0, 1.0, 3.0, 3.0, 0.0, 1.0, 1.0, 2.0, -1.0, 1.0, -1.0, 0.0, -1.0, -1.0, 2.0, 0.0, 3.0, 0.0, -1.0, 2.0, -1.0, 3.0, 1.0, 3.0, 2.0, 0.0, 1.0, -1.0, 2.0, 0.0, 1.0, 2.0, 0.0, -1.0, -1.0, 2.0, 477.0, 99555.0
-1.0, 1.0, -1.0, -1.0, 2.0, 0.0, -1.0, -1.0, 2.0, 0.0, -1.0, 1.0, 3.0, 2.0, 0.0, 1.0, 3.0, 3.0, 0.0, 1.0, 1.0, 2.0, -1.0, 1.0, -1.0, 0.0, -1.0, -1.0, 2.0, 0.0, 3.0, 0.0, -1.0, 2.0, -1.0, 3.0, 1.0, 3.0, 2.0, 0.0, 1.0, -1.0, 2.0, 0.0, 1.0, 2.0, 0.0, -1.0, -1.0, 2.0, 477.0, 99555.0
-1.0, 1.0, -1.0, -1.0, 2.0, 0.0, -1.0, -1.0, 2.0, 0.0, -1.0, 1.0, 3.0, 2.0, 0.0, 1.0, 3.0, 3.0, 0.0, 1.0, 1.0, 2.0, -1.0, 1.0, -1.0, 0.0, -1.0, -1.0, 2.0, 0.0, 3.0, 0.0, -1.0, 2.0, -1.0, 3.0, 1.0, 3.0, 2.0, 0.0, 1.0, -1.0, 2.0, 0.0, 1.0, 2.0, 0.0, -1.0, -1.0, 2.0, 477.0, 99555.0
-1.0, 1.0, -1.0, -1.0, 2.0, 0.0, -1.0, -1.0, 2.0, 0.0, -1.0, 1.0, 3.0, 2.0, 0.0, 1.0, 3.0, 3.0, 0.0, 1.0, 1.0, 2.0, -1.0, 1.0, -1.0, 0.0, -1.0, -1.0, 2.0, 0.0, 3.0, 0.0, -1.0, 2.0, -1.0, 3.0, 1.0, 3.0, 2.0, 0.0, 1.0, -1.0, 2.0, 0.0, 1.0, 2.0, 0.0, -1.0, -1.0, 2.0, 477.0, 99555.0
-1.0, 1.0, -1.0, -1.0, 2.0, 0.0, -1.0, -1.0, 2.0, 0.0, -1.0, 1.0, 3.0, 2.0, 0.0, 1.0, 3.0, 3.0, 0.0, 1.0, 1.0, 2.0, -1.0, 1.0, -1.0, 0.0, -1.0, -1.0, 2.0, 0.0, 3.0, 0.0, -1.0, 2.0, -1.0, 3.0, 1.0, 3.0, 2.0, 0.0, 1.0, -1.0, 2.0, 0.0, 1.0, 2.0, 0.0, -1.0, -1.0, 2.0, 477.0, 99555.0
-1.0, 1.0, -1.0, -1.0, 2.0, 0.0, -1.0, -1.0, 2.0, 0.0, -1.0, 1.0, 3.0, 2.0, 0.0, 1.0, 3.0, 3.0, 0.0, 1.0, 1.0, 2.0, -1.0, 1.0, -1.0, 0.0, -1.0, -1.0, 2.0, 0.0, 3.0, 0.0, -1.0, 2.0, -1.0, 3.0, 1.0, 3.0, 2.0, 0.0, 1.0, -1.0, 2.0, 0.0, 1.0, 2.0, 0.0, -1.0, -1.0, 2.0, 477.0, 99555.0
-1.0, 1.0, -1.0, -1.0, 2.0, 0.0, -1.0, -1.0, 2.0, 0.0, -1.0, 1.0, 3.0, 2.0, 0.0, 1.0, 3.0, 3.0, 0.0, 1.0, 1.0, 2.0, -1.0, 1.0, -1.0, 0.0, -1.0, -1.0, 2.0, 0.0, 3.0, 0.0, -1.0, 2.0, -1.0, -1.0, 1.0, 3.0, 2.0, 0.0, 1.0, -1.0, 2.0, 0.0, 1.0, 2.0, 1.0, -1.0, -1.0, 2.0, 459.0, 99575.0
3.0, 3.0, 1.0, 0.0, 1.0, 0.0, 1.0, -1.0, 2.0, 3.0, -1.0, 2.0, 2.0, -1.0, 3.0, 0.0, -1.0, 3.0, 1.0, -1.0, 1.0, -1.0, 2.0, 3.0, 3.0, 0.0, 0.0, 1.0, 2.0, 2.0, -1.0, -1.0, 2.0, 1.0, 0.0, 0.0, 2.0, 2.0, 2.0, 0.0, 3.0, 1.0, -1.0, -1.0, 0.0, 0.0, 3.0, 2.0, 1.0, 1.0, 545.0, 99484.0
3.0, 3.0, 1.0, 0.0, 1.0, 0.0, 1.0, -1.0, 2.0, 3.0, -1.0, 2.0, 2.0, -1.0, 3.0, 0.0, -1.0, 3.0, 1.0, -1.0, 1.0, -1.0, 2.0, 3.0, 3.0, 0.0, 0.0, 1.0, 2.0, 2.0, -1.0, -1.0, 2.0, 1.0, 0.0, 0.0, 2.0, 2.0, 2.0, 0.0, 3.0, 1.0, -1.0, -1.0, 0.0, 0.0, 3.0, 2.0, 1.0, 1.0, 545.0, 99484.0
1.0, 1.0, -1.0, 1.0, 1.0, 2.0, 0.0, 0.0, 2.0, -1.0, 2.0, 0.0, 2.0, 0.0, 3.0, -1.0, -1.0, 0.0, 3.0, 3.0, 3.0, 0.0, 3.0, 3.0, 2.0, 3.0, 0.0, 2.0, 2.0, 3.0, -1.0, 0.0, -1.0, 3.0, -1.0, 1.0, 2.0, 0.0, 0.0, 2.0, 1.0, 2.0, -1.0, 3.0, 1.0, 1.0, 1.0, 1.0, 3.0, 0.0, 567.0, 99463.0
1.0, 1.0, -1.0, 1.0, 1.0, 2.0, 0.0, 0.0, 2.0, -1.0, 2.0, 0.0, 2.0, 0.0, 3.0, -1.0, -1.0, 0.0, 3.0, 3.0, 3.0, 0.0, 3.0, 3.0, 2.0, 3.0, 0.0, 2.0, 2.0, 3.0, -1.0, 0.0, -1.0, 3.0, -1.0, 1.0, 2.0, 0.0, 0.0, 2.0, 1.0, 2.0, -1.0, 3.0, 1.0, 1.0, 1.0, 1.0, 3.0, 0.0, 567.0, 99463.0
1.0, 1.0, -1.0, 1.0, 1.0, 2.0, 0.0, 0.0, 2.0, -1.0, 2.0, 0.0, 2.0, 0.0, 3.0, -1.0, -1.0, 0.0, 3.0, 3.0, 3.0, 0.0, 3.0, 3.0, 2.0, 3.0, 0.0, 2.0, 2.0, 3.0, -1.0, 0.0, -1.0, 3.0, -1.0, 1.0, 2.0, 0.0, 0.0, 2.0, 1.0, 2.0, -1.0, 3.0, 1.0, 1.0, 1.0, 1.0, 3.0, 0.0, 567.0, 99463.0
1.0, 1.0, -1.0, 1.0, 1.0, 2.0, 0.0, 0.0, 2.0, -1.0, 2.0, 0.0, 2.0, 0.0, 3.0, -1.0, -1.0, 0.0, 3.0, 3.0, 3.0, 0.0, 3.0, 3.0, 2.0, 3.0, 0.0, 2.0, 2.0, 3.0, -1.0, 0.0, -1.0, 3.0, -1.0, 1.0, 2.0, 0.0, 0.0, 2.0, 1.0, 2.0, -1.0, 3.0, 1.0, 1.0, 1.0, 1.0, 3.0, 0.0, 567.0, 99463.0
1.0, 1.0, -1.0, 1.0, 1.0, 2.0, 0.0, 0.0, 2.0, -1.0, 2.0, 0.0, 2.0, 0.0, 3.0, -1.0, -1.0, 0.0, 3.0, 3.0, 3.0, 0.0, 3.0, 3.0, 2.0, 3.0, 0.0, 2.0, 2.0, 3.0, -1.0, 0.0, -1.0, 3.0, -1.0, 1.0, 2.0, 0.0, 0.0, 2.0, 1.0, 2.0, -1.0, 3.0, 1.0, 1.0, 1.0, 1.0, 3.0, 0.0, 567.0, 99463.0
1.0, 1.0, -1.0, 1.0, 1.0, 2.0, 0.0, 0.0, 2.0, -1.0, 2.0, 0.0, 2.0, 0.0, 3.0, -1.0, -1.0, 0.0, 3.0, 3.0, 3.0, 0.0, 3.0, 3.0, 2.0, 3.0, 0.0, 2.0, 2.0, 3.0, -1.0, 0.0, -1.0, 3.0, -1.0, 1.0, 2.0, 0.0, 0.0, 2.0, 1.0, 2.0, -1.0, 3.0, 1.0, 1.0, 1.0, 1.0, 3.0, 0.0, 567.0, 99463.0
-1.0, 3.0, 3.0, 0.0, 1.0, 1.0, 3.0, 2.0, 3.0, -1.0, -1.0, 2.0, -1.0, 0.0, -1.0, 1.0, 3.0, 2.0, 1.0, 2.0, 0.0, -1.0, 0.0, 1.0, 2.0, 1.0, 0.0, 2.0, 1.0, 3.0, 0.0, -1.0, 0.0, 1.0, 2.0, 1.0, 3.0, 1.0, 1.0, 3.0, 0.0, -1.0, -1.0, 3.0, 0.0, -1.0, 2.0, 0.0, -1.0, 2.0, 541.0, 99488.0
-1.0, 3.0, 3.0, 0.0, 1.0, 1.0, 3.0, 2.0, 3.0, -1.0, -1.0, 2.0, -1.0, 0.0, -1.0, 1.0, 3.0, 2.0, 1.0, 2.0, 0.0, -1.0, 0.0, 1.0, 2.0, 1.0, 0.0, 2.0, 1.0, 3.0, 0.0, -1.0, 0.0, 1.0, 2.0, 1.0, 3.0, 1.0, 1.0, 3.0, 0.0, -1.0, -1.0, 3.0, 0.0, -1.0, 2.0, 0.0, -1.0, 2.0, 541.0, 99488.0
-1.0, 3.0, 3.0, 0.0, 1.0, 1.0, 3.0, 2.0, 3.0, -1.0, -1.0, 2.0, -1.0, 0.0, -1.0, 1.0, 3.0, 2.0, 1.0, 2.0, 0.0, -1.0, 0.0, 1.0, 2.0, 1.0, 0.0, 2.0, 1.0, 3.0, 0.0, -1.0, 0.0, 1.0, 2.0, 1.0, 3.0, 1.0, 1.0, 3.0, 0.0, -1.0, -1.0, 3.0, 0.0, -1.0, 2.0, 0.0, -1.0, 2.0, 541.0, 99488.0
-1.0, 3.0, 3.0, 0.0, 1.0, 1.0, 3.0, 2.0, 3.0, -1.0, -1.0, 2.0, -1.0, 0.0, -1.0, 1.0, 3.0, 2.0, 1.0, 2.0, 0.0, -1.0, 0.0, 1.0, 2.0, 1.0, 0.0, 2.0, 1.0, 3.0, 0.0, -1.0, 0.0, 1.0, 2.0, 1.0, 3.0, 1.0, 1.0, 3.0, 0.0, -1.0, -1.0, 3.0, 0.0, -1.0, 2.0, 0.0, -1.0, 2.0, 541.0, 99488.0
2.0, 1.0, 0.0, -1.0, 3.0, 0.0, 1.0, 3.0, 1.0, 3.0, -1.0, 0.0, 0.0, 0.0, 3.0, 3.0, 2.0, -1.0, -1.0, 1.0, 3.0, -1.0, 0.0, 2.0, 1.0, 1.0, 2.0, -1.0, -1.0, 2.0, -1.0, -1.0, 1.0, 0.0, 0.0, -1.0, -1.0, 2.0, -1.0, 1.0, 1.0, -1.0, 2.0, 2.0, 0.0, 0.0, -1.0, 2.0, 0.0, 1.0, 492.0, 99543.0
2.0, 1.0, 0.0, -1.0, 3.0, 0.0, 1.0, 3.0, 1.0, 3.0, -1.0, 0.0, 0.0, 0.0, 3.0, 3.0, 2.0, -1.0, -1.0, 1.0, 3.0, -1.0, 0.0, 2.0, 1.0, 1.0, 2.0, -1.0, -1.0, 2.0, -1.0, -1.0, 1.0, 0.0, 0.0, -1.0, -1.0, 2.0, -1.0, 1.0, 1.0, -1.0, 2.0, 2.0, 0.0, 0.0, -1.0, 2.0, 0.0, 3.0, 492.0, 99543.0
2.0, 1.0, 0.0, -1.0, 3.0, 0.0, 1.0, 3.0, 1.0, 3.0, -1.0, 0.0, 0.0, 0.0, 3.0, 3.0, 2.0, -1.0, -1.0, 1.0, 3.0, -1.0, 0.0, 2.0, 1.0, 1.0, 2.0, -1.0, -1.0, 2.0, -1.0, -1.0, 1.0, 0.0, 2.0, -1.0, -1.0, 2.0, -1.0, 1.0, 1.0, -1.0, 2.0, 2.0, 0.0, 0.0, -1.0, 2.0, 0.0, 1.0, 492.0, 99543.0
2.0, 1.0, 0.0, -1.0, 3.0, 0.0, 1.0, 3.0, 1.0, 3.0, -1.0, 0.0, 0.0, 0.0, 3.0, 3.0, 2.0, -1.0, -1.0, 1.0, 3.0, -1.0, 0.0, 2.0, 1.0, 1.0, 2.0, -1.0, -1.0, 2.0, -1.0, -1.0, 1.0, 0.0, 0.0, -1.0, -1.0, 2.0, -1.0, 1.0, 1.0, -1.0, 2.0, 2.0, 0.0, 0.0, -1.0, 1.0, 0.0, 3.0, 492.0, 99543.0
2.0, 1.0, 0.0, -1.0, 3.0, 0.0, 1.0, 3.0, 1.0, 3.0, -1.0, 0.0, 0.0, 0.0, 3.0, 3.0, 2.0, -1.0, -1.0, 1.0, 3.0, -1.0, 0.0, 2.0, 1.0, 1.0, 2.0, -1.0, -1.0, 2.0, -1.0, -1.0, 1.0, 0.0, 0.0, -1.0, -1.0, 2.0, -1.0, 1.0, 1.0, -1.0, 2.0, 2.0, 0.0, 0.0, -1.0, 2.0, 0.0, 1.0, 492.0, 99543.0
0.0, 1.0, -1.0, 1.0, -1.0, 2.0, 2.0, -1.0, 2.0, 2.0, -1.0, 2.0, 1.0, -1.0, -1.0, 1.0, 2.0, 1.0, 1.0, -1.0, 3.0, 1.0, 3.0, 1.0, -1.0, 0.0, 0.0, 3.0, 0.0, 2.0, 3.0, -1.0, -1.0, 0.0, -1.0, 0.0, 3.0, -1.0, 3.0, 3.0, 1.0, -1.0, 3.0, 0.0, 2.0, 2.0, 0.0, 3.0, -1.0, 0.0, 491.0, 99548.0
0.0, 1.0, -1.0, 1.0, -1.0, 2.0, 2.0, -1.0, 2.0, 2.0, -1.0, 2.0, 1.0, -1.0, -1.0, 1.0, 2.0, 1.0, 1.0, -1.0, 3.0, 1.0, 3.0, 1.0, -1.0, 0.0, 0.0, 3.0, 0.0, 2.0, 3.0, -1.0, -1.0, 0.0, -1.0, 0.0, 3.0, -1.0, 3.0, 3.0, 1.0, -1.0, 3.0, 0.0, 2.0, 2.0, 0.0, 3.0, -1.0, 0.0, 491.0, 99548.0
0.0, 1.0, -1.0, 1.0, -1.0, 2.0, 2.0, -1.0, 2.0, 2.0, -1.0, 2.0, 1.0, -1.0, -1.0, 1.0, 2.0, 1.0, 1.0, -1.0, 3.0, 1.0, 3.0, 1.0, -1.0, 0.0, 0.0, 3.0, 0.0, 2.0, 3.0, -1.0, -1.0, 0.0, -1.0, 0.0, 3.0, -1.0, 3.0, 3.0, 1.0, -1.0, 3.0, 0.0, 2.0, 2.0, 0.0, 3.0, -1.0, 0.0, 491.0, 99548.0
0.0, 1.0, -1.0, 1.0, -1.0, 2.0, 2.0, -1.0, 2.0, 2.0, -1.0, 2.0, 1.0, -1.0, -1.0, 1.0, 2.0, 1.0, 1.0, -1.0, 3.0, 1.0, 3.0, 1.0, -1.0, 0.0, 0.0, 3.0, 0.0, 2.0, 3.0, -1.0, -1.0, 0.0, -1.0, 0.0, 3.0, -1.0, 3.0, 3.0, 1.0, -1.0, 3.0, 0.0, 2.0, 2.0, 0.0, 3.0, -1.0, 0.0, 491.0, 99548.0
0.0, 1.0, -1.0, 1.0, -1.0, 2.0, 2.0, -1.0, 2.0, 2.0, -1.0, 2.0, 1.0, -1.0, -1.0, 1.0, 2.0, 1.0, 1.0, -1.0, 3.0, 1.0, 3.0, 1.0, -1.0, 0.0, 0.0, 3.0, 0.0, 2.0, 3.0, -1.0, -1.0, 0.0, -1.0, 0.0, 3.0, -1.0, 3.0, 3.0, 1.0, -1.0, 3.0, 0.0, 2.0, 2.0, 0.0, 3.0, -1.0, 0.0, 491.0, 99548.0
0.0, 1.0, -1.0, 1.0, -1.0, 2.0, 2.0, -1.0, 2.0, 2.0, -1.0, 2.0, 1.0, -1.0, -1.0, 1.0, 2.0, 1.0, 1.0, -1.0, 3.0, 1.0, 3.0, 1.0, -1.0, 0.0, 0.0, 3.0, 0.0, 2.0, 3.0, -1.0, -1.0, 0.0, -1.0, 0.0, 3.0, -1.0, 3.0, 3.0, 1.0, -1.0, 3.0, 0.0, 2.0, 2.0, 0.0, 3.0, -1.0, 0.0, 491.0, 99548.0
0.0, 1.0, -1.0, 1.0, -1.0, 2.0, 2.0, -1.0, 2.0, 2.0, -1.0, 2.0, 1.0, -1.0, -1.0, 1.0, 2.0, 1.0, 1.0, -1.0, 3.0, 1.0, 3.0, 1.0, -1.0, 0.0, 0.0, 3.0, 0.0, 2.0, 3.0, -1.0, -1.0, 0.0, -1.0, 0.0, 3.0, -1.0, 3.0, 3.0, 1.0, -1.0, 3.0, 0.0, 2.0, 2.0, 0.0, 3.0, -1.0, 0.0, 491.0, 99548.0
3.0, 0.0, 0.0, 2.0, 2.0, -1.0, -1.0, 2.0, 1.0, 1.0, 1.0, 3.0, 2.0, 3.0, -1.0, 0.0, -1.0, 0.0, -1.0, -1.0, 3.0, -1.0, 0.0, 2.0, 0.0, -1.0, 2.0, 3.0, 1.0, -1.0, 2.0, 0.0, 3.0, 0.0, 0.0, -1.0, 1.0, -1.0, -1.0, 1.0, 1.0, 2.0, -1.0, 1.0, -1.0, -1.0, 2.0, 1.0, 3.0, -1.0, 475.0, 99576.0
3.0, 0.0, 0.0, 2.0, 2.0, -1.0, -1.0, 2.0, 1.0, 1.0, 1.0, 3.0, 2.0, 3.0, -1.0, 0.0, -1.0, 0.0, -1.0, -1.0, 3.0, -1.0, 0.0, 2.0, 0.0, -1.0, 2.0, 3.0, 1.0, -1.0, 2.0, 1.0, 3.0, 0.0, 0.0, -1.0, 1.0, -1.0, -1.0, 1.0, 1.0, 2.0, -1.0, 1.0, -1.0, -1.0, 2.0, 1.0, 3.0, -1.0, 475.0, 99576.0
1.0, -1.0, 2.0, 2.0, 0.0, -1.0, 0.0, 0.0, 2.0, 0.0, -1.0, -1.0, -1.0, 0.0, 2.0, -1.0, -1.0, 1.0, -1.0, 3.0, 0.0, 2.0, -1.0, 3.0, 2.0, -1.0, 0.0, -1.0, 1.0, 3.0, 1.0, 2.0, -1.0, 3.0, 3.0, 0.0, 1.0, 3.0, -1.0, 2.0, 3.0, 2.0, -1.0, 1.0, 1.0, -1.0, 3.0, 3.0, 1.0, 1.0, 493.0, 99553.0
0.0, 1.0, 1.0, 1.0, -1.0, 2.0, 2.0, -1.0, 2.0, 2.0, -1.0, 2.0, 1.0, -1.0, -1.0, 1.0, 2.0, 1.0, 1.0, -1.0, 3.0, 1.0, 3.0, 1.0, -1.0, 0.0, 0.0, 3.0, 0.0, 2.0, 3.0, -1.0, -1.0, 0.0, -1.0, 0.0, 3.0, -1.0, 3.0, 3.0, 0.0, -1.0, 3.0, 0.0, 2.0, 2.0, 0.0, 3.0, -1.0, 0.0, 506.0, 99537.0
-1.0, 0.0, 2.0, -1.0, -1.0, 0.0, 2.0, 2.0, -1.0, 3.0, 3.0, 3.0, -1.0, 1.0, 1.0, -1.0, 1.0, 1.0, -1.0, 1.0, -1.0, 1.0, 3.0, -1.0, 1.0, 3.0, 2.0, 0.0, 2.0, -1.0, 2.0, 0.0, 1.0, 2.0, 1.0, 0.0, 2.0, 0.0, 2.0, 1.0, 1.0, -1.0, -1.0, 0.0, -1.0, 0.0, 0.0, -1.0, -1.0, 3.0, 484.0, 99567.0
-1.0, 0.0, -1.0, 3.0, 3.0, 3.0, 1.0, 2.0, 2.0, 0.0, 3.0, -1.0, 3.0, -1.0, -1.0, 2.0, -1.0, 2.0, 0.0, 3.0, 0.0, -1.0, 0.0, 1.0, 3.0, 1.0, 0.0, 2.0, -1.0, 0.0, -1.0, 2.0, 1.0, 0.0, 0.0, 3.0, 2.0, 1.0, 0.0, 2.0, 0.0, 1.0, 2.0, 3.0, 1.0, 3.0, 2.0, -1.0, 1.0, 1.0, 549.0, 99481.0
-1.0, 0.0, 3.0, 0.0, 3.0, 1.0, 1.0, 1.0, -1.0, -1.0, 1.0, 2.0, 2.0, -1.0, 0.0, 0.0, -1.0, 0.0, -1.0, 3.0, 0.0, 3.0, 2.0, 2.0, 1.0, 3.0, 3.0, 0.0, 3.0, 1.0, -1.0, -1.0, 2.0, 1.0, 3.0, 2.0, 0.0, 2.0, 2.0, 1.0, 3.0, -1.0, 0.0, 1.0, 2.0, 0.0, -1.0, -1.0, 2.0, 0.0, 534.0, 99501.0
-1.0, -1.0, -1.0, 0.0, 0.0, 2.0, 2.0, 2.0, -1.0, 0.0, -1.0, 1.0, 2.0, 3.0, 2.0, 3.0, 2.0, -1.0, -1.0, 0.0, 1.0, 2.0, 2.0, 1.0, 1.0, -1.0, -1.0, 2.0, 3.0, -1.0, -1.0, 0.0, 1.0, 2.0, 0.0, 3.0, 0.0, -1.0, 1.0, -1.0, 0.0, 1.0, 2.0, 3.0, -1.0, 0.0, 1.0, 0.0, 3.0, 1.0, 502.0, 99545.0
3.0, 0.0, 0.0, 2.0, 2.0, -1.0, -1.0, 2.0, 1.0, 1.0, 1.0, 3.0, 2.0, 3.0, -1.0, 0.0, -1.0, 1.0, 2.0, -1.0, 3.0, -1.0, 0.0, 2.0, 0.0, -1.0, 2.0, 3.0, 1.0, -1.0, 2.0, 0.0, 3.0, 0.0, 0.0, -1.0, 1.0, -1.0, -1.0, 1.0, 1.0, 2.0, -1.0, 1.0, -1.0, -1.0, 2.0, 1.0, 3.0, -1.0, 486.0, 99562.0
-1.0, 0.0, 0.0, 2.0, 2.0, 3.0, 0.0, 1.0, 1.0, 2.0, -1.0, 2.0, 1.0, 2.0, 3.0, 2.0, 3.0, -1.0, 3.0, -1.0, 3.0, 0.0, 0.0, 3.0, 1.0, 0.0, 1.0, -1.0, 0.0, -1.0, -1.0, 2.0, 2.0, 3.0, 2.0, 0.0, -1.0, 1.0, -1.0, -1.0, 3.0, 0.0, 1.0, -1.0, 1.0, 1.0, 0.0, 3.0, 2.0, 1.0, 541.0, 99495.0
-1.0, 0.0, 2.0, -1.0, -1.0, 0.0, 2.0, 2.0, -1.0, 3.0, 3.0, 3.0, -1.0, 1.0, 1.0, -1.0, 1.0, 0.0, -1.0, 1.0, -1.0, 1.0, 3.0, -1.0, 1.0, 3.0, 2.0, 0.0, 2.0, -1.0, 2.0, 0.0, 1.0, 2.0, 1.0, 0.0, 2.0, 0.0, 2.0, 1.0, 1.0, -1.0, -1.0, 0.0, -1.0, 0.0, 0.0, -1.0, -1.0, 3.0, 484.0, 99567.0
3.0, 0.0, 0.0, 2.0, 2.0, -1.0, -1.0, 2.0, 1.0, 1.0, 1.0, 3.0, 2.0, 3.0, -1.0, 0.0, -1.0, 0.0, 2.0, -1.0, 3.0, -1.0, 0.0, 2.0, 0.0, -1.0, 2.0, 3.0, 1.0, -1.0, 2.0, 0.0, 3.0, 0.0, 0.0, -1.0, 1.0, -1.0, -1.0, 1.0, 1.0, 2.0, -1.0, 1.0, -1.0, -1.0, 2.0, 1.0, 3.0, -1.0, 486.0, 99562.0
-1.0, 0.0, -1.0, 3.0, 3.0, 3.0, 1.0, 2.0, 2.0, 0.0, 3.0, -1.0, 3.0, -1.0, -1.0, 2.0, -1.0, 2.0, 0.0, 3.0, 0.0, -1.0, 0.0, 1.0, 3.0, 1.0, 0.0, 2.0, -1.0, 0.0, -1.0, 2.0, 1.0, 0.0, 0.0, 3.0, 2.0, 1.0, 0.0, 2.0, 0.0, 1.0, 2.0, 3.0, 1.0, 3.0, 2.0, -1.0, 1.0, 1.0, 549.0, 99481.0
-1.0, 0.0, 0.0, 2.0, 2.0, 3.0, 0.0, 1.0, 1.0, 2.0, -1.0, 2.0, 1.0, 2.0, 3.0, 2.0, 3.0, -1.0, 3.0, -1.0, 3.0, 0.0, 0.0, 3.0, 1.0, 0.0, 1.0, -1.0, 0.0, -1.0, -1.0, 2.0, 2.0, 3.0, 2.0, 0.0, -1.0, 1.0, -1.0, -1.0, 3.0, 0.0, 1.0, -1.0, 1.0, 1.0, 0.0, 3.0, 2.0, 1.0, 541.0, 99495.0
1.0, 3.0, -1.0, -1.0, 3.0, 0.0, 1.0, -1.0, 2.0, -1.0, -1.0, 0.0, 0.0, 3.0, -1.0, 1.0, 3.0, 1.0, 1.0, 0.0, 1.0, 2.0, 2.0, 1.0, 2.0, 3.0, 2.0, 2.0, -1.0, 0.0, 3.0, 3.0, 1.0, 0.0, 0.0, -1.0, 3.0, 1.0, -1.0, 2.0, 1.0, 0.0, 2.0, 3.0, 2.0, 1.0, -1.0, 0.0, 2.0, 0.0, 547.0, 99492.0
-1.0, 0.0, 3.0, 0.0, 3.0, 1.0, 1.0, 1.0, -1.0, -1.0, 1.0, 2.0, 2.0, -1.0, 0.0, 0.0, -1.0, 0.0, -1.0, 3.0, 0.0, 3.0, 2.0, 2.0, 1.0, 3.0, 3.0, 0.0, 3.0, 1.0, -1.0, -1.0, 2.0, 1.0, 3.0, 2.0, 0.0, 2.0, 2.0, 1.0, 3.0, -1.0, 0.0, 1.0, 2.0, 0.0, -1.0, -1.0, 2.0, 0.0, 534.0, 99501.0
0.0, 2.0, -1.0, -1.0, 0.0, 1.0, 2.0, 2.0, 1.0, 1.0, 1.0, 1.0, 0.0, 0.0, 0.0, -1.0, 1.0, 0.0, 3.0, -1.0, 2.0, -1.0, 3.0, -1.0, 0.0, 0.0, -1.0, 1.0, 1.0, -1.0, -1.0, 0.0, 2.0, 1.0, 3.0, 0.0, -1.0, 3.0, 3.0, 2.0, 0.0, 2.0, 2.0, 1.0, 2.0, 3.0, -1.0, 2.0, 3.0, -1.0, 524.0, 99513.0
0.0, 2.0, -1.0, -1.0, 0.0, 1.0, 2.0, 2.0, 1.0, 1.0, 1.0, 1.0, 0.0, 0.0, 0.0, -1.0, 1.0, 0.0, 3.0, -1.0, 2.0, -1.0, 3.0, -1.0, 0.0, 0.0, -1.0, 1.0, 1.0, -1.0, -1.0, 0.0, 2.0, 1.0, 3.0, 0.0, -1.0, 3.0, 3.0, 2.0, 0.0, 2.0, 2.0, 1.0, 2.0, 3.0, -1.0, 2.0, 3.0, -1.0, 524.0, 99513.0
2.0, -1.0, -1.0, 3.0, -1.0, -1.0, 2.0, 2.0, 0.0, 0.0, -1.0, 0.0, 0.0, -1.0, 1.0, 1.0, 1.0, 1.0, 1.0, 2.0, 1.0, 0.0, 1.0, 1.0, 2.0, -1.0, 3.0, 2.0, -1.0, 2.0, 2.0, -1.0, 3.0, 2.0, 0.0, 1.0, 3.0, 1.0, 1.0, 3.0, 0.0, -1.0, 3.0, 0.0, 2.0, 3.0, -1.0, -1.0, 0.0, 1.0, 516.0, 99521.0
